n=1852 n_new=0
t 1709 1710 1708
t 1710 1707 1708
t 1710 1706 1707
t 1710 1705 1706
t 1710 1704 1705
t 1710 1703 1704
t 1710 1702 1703
t 1710 1701 1702
t 1710 1700 1701
t 1710 1699 1700
t 1710 1698 1699
t 1710 1697 1698
t 1710 1696 1697
t 1710 1695 1696
t 1710 1694 1695
t 1710 1693 1694
t 1710 1692 1693
t 1710 1691 1692
t 1710 1690 1691
t 1710 1689 1690
t 1710 1688 1689
t 1710 1687 1688
t 1710 1686 1687
t 1710 1685 1686
t 1710 1684 1685
t 1710 1683 1684
t 1710 1682 1683
t 1710 1681 1682
t 1710 1680 1681
t 1710 1679 1680
t 1710 1678 1679
t 1710 1677 1678
t 1710 1676 1677
t 1710 1675 1676
t 1710 1674 1675
t 1710 1673 1674
t 1710 1672 1673
t 1710 1671 1672
t 1710 1670 1671
t 1710 1669 1670
t 1710 1668 1669
t 1710 1667 1668
t 1710 1666 1667
t 1710 1665 1666
t 1710 1664 1665
t 1710 1663 1664
t 1710 1662 1663
t 1710 1661 1662
t 1710 1660 1661
t 1710 1659 1660
t 1710 1658 1659
t 1710 1657 1658
t 1710 1656 1657
t 1710 1655 1656
t 1710 1654 1655
t 1710 1653 1654
t 1710 1711 1653
t 1711 1512 1653
t 1711 1511 1512
t 1711 1510 1511
t 1711 1509 1510
t 1711 1508 1509
t 1711 1507 1508
t 1711 1506 1507
t 1711 1505 1506
t 1711 1712 1505
t 1712 1504 1505
t 1712 1503 1504
t 1712 1502 1503
t 1712 1501 1502
t 1712 1500 1501
t 1712 1499 1500
t 1712 1498 1499
t 1712 1497 1498
t 1712 1496 1497
t 1712 1495 1496
t 1712 1494 1495
t 1712 1493 1494
t 1712 1492 1493
t 1712 1491 1492
t 1712 1490 1491
t 1712 1489 1490
t 1712 1488 1489
t 1712 1487 1488
t 1712 1486 1487
t 1712 1485 1486
t 1712 1484 1485
t 1712 1483 1484
t 1712 1482 1483
t 1712 1481 1482
t 1712 1480 1481
t 1712 1479 1480
t 1712 1478 1479
t 1712 1477 1478
t 1712 1476 1477
t 1712 1475 1476
t 1712 1474 1475
t 1712 1473 1474
t 1712 1472 1473
t 1712 1471 1472
t 1712 1470 1471
t 1712 1469 1470
t 1712 1468 1469
t 1712 1467 1468
t 1712 1466 1467
t 1712 1465 1466
t 1712 1464 1465
t 1712 1463 1464
t 1712 1462 1463
t 1712 1461 1462
t 1712 1460 1461
t 1712 1459 1460
t 1712 1713 1459
t 1713 1458 1459
t 1713 1457 1458
t 1713 1714 1457
t 1714 1715 1457
t 1715 1316 1457
t 1715 1315 1316
t 1715 1314 1315
t 1715 1313 1314
t 1715 1312 1313
t 1715 1311 1312
t 1715 1310 1311
t 1715 1309 1310
t 1715 1308 1309
t 1715 1307 1308
t 1715 1306 1307
t 1715 1305 1306
t 1715 1304 1305
t 1715 1303 1304
t 1715 1302 1303
t 1715 1301 1302
t 1715 1300 1301
t 1715 1299 1300
t 1715 1298 1299
t 1715 1297 1298
t 1715 1296 1297
t 1715 1295 1296
t 1715 1294 1295
t 1715 1293 1294
t 1715 1292 1293
t 1715 1291 1292
t 1715 1290 1291
t 1715 1289 1290
t 1715 1288 1289
t 1715 1287 1288
t 1715 1286 1287
t 1715 1285 1286
t 1715 1284 1285
t 1715 1716 1284
t 1716 1283 1284
t 1716 1282 1283
t 1716 1281 1282
t 1716 1280 1281
t 1716 1279 1280
t 1716 1278 1279
t 1716 1277 1278
t 1716 1276 1277
t 1716 1275 1276
t 1716 1274 1275
t 1716 1273 1274
t 1716 1272 1273
t 1716 1271 1272
t 1716 1270 1271
t 1716 1269 1270
t 1716 1268 1269
t 1716 1267 1268
t 1716 1266 1267
t 1716 1265 1266
t 1716 1264 1265
t 1716 1263 1264
t 1716 1262 1263
t 1716 1261 1262
t 1716 1717 1261
t 1717 1718 1261
t 1718 1120 1261
t 1718 1119 1120
t 1718 1118 1119
t 1718 1117 1118
t 1718 1116 1117
t 1718 1115 1116
t 1718 1114 1115
t 1718 1113 1114
t 1718 1112 1113
t 1718 1111 1112
t 1718 1110 1111
t 1718 1109 1110
t 1718 1108 1109
t 1718 1719 1108
t 1719 1107 1108
t 1719 1106 1107
t 1719 1105 1106
t 1719 1104 1105
t 1719 1103 1104
t 1719 1102 1103
t 1719 1101 1102
t 1719 1100 1101
t 1719 1099 1100
t 1719 1098 1099
t 1719 1097 1098
t 1719 1096 1097
t 1719 1095 1096
t 1719 1094 1095
t 1719 1093 1094
t 1719 1092 1093
t 1719 1091 1092
t 1719 1090 1091
t 1719 1089 1090
t 1719 1088 1089
t 1719 1087 1088
t 1719 1086 1087
t 1719 1085 1086
t 1719 1084 1085
t 1719 1083 1084
t 1719 1082 1083
t 1719 1081 1082
t 1719 1080 1081
t 1719 1079 1080
t 1719 1078 1079
t 1719 1077 1078
t 1719 1076 1077
t 1719 1075 1076
t 1719 1074 1075
t 1719 1073 1074
t 1719 1072 1073
t 1719 1071 1072
t 1719 1070 1071
t 1719 1069 1070
t 1719 1068 1069
t 1719 1067 1068
t 1719 1066 1067
t 1719 1065 1066
t 1719 1720 1065
t 1720 1721 1065
t 1721 1722 1065
t 1722 924 1065
t 1722 923 924
t 1722 922 923
t 1722 921 922
t 1722 920 921
t 1722 919 920
t 1722 918 919
t 1722 917 918
t 1722 916 917
t 1722 915 916
t 1722 914 915
t 1722 913 914
t 1722 912 913
t 1722 911 912
t 1722 910 911
t 1722 909 910
t 1722 908 909
t 1722 907 908
t 1722 906 907
t 1722 905 906
t 1722 904 905
t 1722 903 904
t 1722 902 903
t 1722 901 902
t 1722 900 901
t 1722 899 900
t 1722 898 899
t 1722 897 898
t 1722 896 897
t 1722 895 896
t 1722 894 895
t 1722 893 894
t 1722 892 893
t 1722 891 892
t 1722 890 891
t 1722 889 890
t 1722 888 889
t 1722 887 888
t 1722 1723 887
t 1723 886 887
t 1723 885 886
t 1723 884 885
t 1723 883 884
t 1723 882 883
t 1723 881 882
t 1723 880 881
t 1723 879 880
t 1723 878 879
t 1723 877 878
t 1723 876 877
t 1723 875 876
t 1723 874 875
t 1723 873 874
t 1723 872 873
t 1723 871 872
t 1723 870 871
t 1723 869 870
t 1723 1724 869
t 1724 1725 869
t 1725 728 869
t 1725 727 728
t 1725 726 727
t 1725 725 726
t 1725 724 725
t 1725 723 724
t 1725 722 723
t 1725 721 722
t 1725 720 721
t 1725 719 720
t 1725 718 719
t 1725 717 718
t 1725 716 717
t 1725 715 716
t 1725 714 715
t 1725 713 714
t 1725 712 713
t 1725 711 712
t 1725 1726 711
t 1726 710 711
t 1726 709 710
t 1726 708 709
t 1726 707 708
t 1726 706 707
t 1726 705 706
t 1726 704 705
t 1726 703 704
t 1726 702 703
t 1726 701 702
t 1726 700 701
t 1726 699 700
t 1726 698 699
t 1726 697 698
t 1726 696 697
t 1726 695 696
t 1726 694 695
t 1726 693 694
t 1726 692 693
t 1726 691 692
t 1726 690 691
t 1726 689 690
t 1726 688 689
t 1726 687 688
t 1726 686 687
t 1726 685 686
t 1726 684 685
t 1726 683 684
t 1726 682 683
t 1726 681 682
t 1726 680 681
t 1726 679 680
t 1726 678 679
t 1726 677 678
t 1726 676 677
t 1726 675 676
t 1726 674 675
t 1726 673 674
t 1726 1727 673
t 1727 1728 673
t 1728 1729 673
t 1729 532 673
t 1729 531 532
t 1729 530 531
t 1729 529 530
t 1729 528 529
t 1729 527 528
t 1729 526 527
t 1729 525 526
t 1729 524 525
t 1729 523 524
t 1729 522 523
t 1729 521 522
t 1729 520 521
t 1729 519 520
t 1729 518 519
t 1729 517 518
t 1729 516 517
t 1729 515 516
t 1729 514 515
t 1729 513 514
t 1729 512 513
t 1729 511 512
t 1729 510 511
t 1729 509 510
t 1729 508 509
t 1729 507 508
t 1729 506 507
t 1729 505 506
t 1729 504 505
t 1729 503 504
t 1729 502 503
t 1729 501 502
t 1729 500 501
t 1729 499 500
t 1729 498 499
t 1729 497 498
t 1729 496 497
t 1729 495 496
t 1729 494 495
t 1729 493 494
t 1729 492 493
t 1729 491 492
t 1729 490 491
t 1729 1730 490
t 1730 489 490
t 1730 488 489
t 1730 487 488
t 1730 486 487
t 1730 485 486
t 1730 484 485
t 1730 483 484
t 1730 482 483
t 1730 481 482
t 1730 480 481
t 1730 479 480
t 1730 478 479
t 1730 477 478
t 1730 1731 477
t 1731 1732 477
t 1732 336 477
t 1732 335 336
t 1732 334 335
t 1732 333 334
t 1732 332 333
t 1732 331 332
t 1732 330 331
t 1732 329 330
t 1732 328 329
t 1732 327 328
t 1732 326 327
t 1732 325 326
t 1732 324 325
t 1732 323 324
t 1732 322 323
t 1732 321 322
t 1732 320 321
t 1732 319 320
t 1732 318 319
t 1732 317 318
t 1732 316 317
t 1732 315 316
t 1732 314 315
t 1732 1733 314
t 1733 313 314
t 1733 312 313
t 1733 311 312
t 1733 310 311
t 1733 309 310
t 1733 308 309
t 1733 307 308
t 1733 306 307
t 1733 305 306
t 1733 304 305
t 1733 303 304
t 1733 302 303
t 1733 301 302
t 1733 300 301
t 1733 299 300
t 1733 298 299
t 1733 297 298
t 1733 296 297
t 1733 295 296
t 1733 294 295
t 1733 293 294
t 1733 292 293
t 1733 291 292
t 1733 290 291
t 1733 289 290
t 1733 288 289
t 1733 287 288
t 1733 286 287
t 1733 285 286
t 1733 284 285
t 1733 283 284
t 1733 282 283
t 1733 281 282
t 1733 1734 281
t 1734 1735 281
t 1735 140 281
t 1735 139 140
t 1735 1736 139
t 1736 138 139
t 1736 137 138
t 1736 136 137
t 1736 135 136
t 1736 134 135
t 1736 133 134
t 1736 132 133
t 1736 131 132
t 1736 130 131
t 1736 129 130
t 1736 128 129
t 1736 127 128
t 1736 126 127
t 1736 125 126
t 1736 124 125
t 1736 123 124
t 1736 122 123
t 1736 121 122
t 1736 120 121
t 1736 119 120
t 1736 118 119
t 1736 117 118
t 1736 116 117
t 1736 115 116
t 1736 114 115
t 1736 113 114
t 1736 112 113
t 1736 111 112
t 1736 110 111
t 1736 109 110
t 1736 108 109
t 1736 107 108
t 1736 106 107
t 1736 105 106
t 1736 104 105
t 1736 103 104
t 1736 102 103
t 1736 101 102
t 1736 100 101
t 1736 99 100
t 1736 98 99
t 1736 97 98
t 1736 96 97
t 1736 95 96
t 1736 94 95
t 1736 93 94
t 1736 1737 93
t 1737 92 93
t 1737 91 92
t 1737 90 91
t 1737 89 90
t 1737 88 89
t 1737 87 88
t 1737 86 87
t 1737 85 86
t 1737 1738 85
t 1738 1739 85
t 1739 1796 85
t 1739 1795 1796
t 1739 1794 1795
t 1739 1793 1794
t 1739 1792 1793
t 1739 1791 1792
t 1739 1790 1791
t 1739 1789 1790
t 1739 1788 1789
t 1739 1787 1788
t 1739 1786 1787
t 1739 1785 1786
t 1739 1784 1785
t 1739 1783 1784
t 1739 1782 1783
t 1739 1781 1782
t 1739 1780 1781
t 1739 1779 1780
t 1739 1778 1779
t 1739 1777 1778
t 1739 1776 1777
t 1739 1775 1776
t 1739 1774 1775
t 1739 1773 1774
t 1739 1772 1773
t 1739 1771 1772
t 1739 1770 1771
t 1739 1769 1770
t 1739 1768 1769
t 1739 1767 1768
t 1739 1766 1767
t 1739 1765 1766
t 1739 1764 1765
t 1739 1763 1764
t 1739 1762 1763
t 1739 1761 1762
t 1739 1760 1761
t 1739 1759 1760
t 1739 1758 1759
t 1739 1757 1758
t 1739 1756 1757
t 1739 1755 1756
t 1739 1754 1755
t 1739 1753 1754
t 1739 1752 1753
t 1739 1751 1752
t 1739 1750 1751
t 1739 1749 1750
t 1739 1748 1749
t 1739 1747 1748
t 1739 1746 1747
t 1739 1745 1746
t 1739 1744 1745
t 1739 1743 1744
t 1739 1742 1743
t 1739 1741 1742
t 1739 1740 1741
t 31 29 30
t 31 32 29
t 32 33 29
t 33 34 29
t 34 35 29
t 35 36 29
t 36 37 29
t 37 38 29
t 38 39 29
t 39 40 29
t 40 41 29
t 41 42 29
t 42 43 29
t 43 44 29
t 44 45 29
t 45 46 29
t 46 47 29
t 47 48 29
t 48 49 29
t 49 50 29
t 50 51 29
t 51 52 29
t 52 53 29
t 53 54 29
t 54 55 29
t 55 56 29
t 56 57 29
t 57 58 29
t 58 59 29
t 59 60 29
t 60 61 29
t 61 62 29
t 62 63 29
t 63 64 29
t 64 65 29
t 65 66 29
t 66 67 29
t 67 68 29
t 68 69 29
t 69 70 29
t 70 71 29
t 71 72 29
t 72 73 29
t 73 74 29
t 74 75 29
t 75 76 29
t 76 77 29
t 77 78 29
t 78 79 29
t 79 80 29
t 80 81 29
t 81 82 29
t 82 83 29
t 83 84 29
t 84 85 29
t 85 28 29
t 85 27 28
t 85 26 27
t 85 25 26
t 85 24 25
t 85 23 24
t 85 22 23
t 85 21 22
t 85 20 21
t 85 19 20
t 85 18 19
t 85 17 18
t 85 16 17
t 85 15 16
t 85 14 15
t 85 13 14
t 85 12 13
t 85 11 12
t 85 10 11
t 85 9 10
t 85 8 9
t 85 7 8
t 85 6 7
t 85 5 6
t 85 4 5
t 85 3 4
t 85 2 3
t 85 1 2
t 85 0 1
t 85 1796 0
t 1796 1797 0
t 1797 1798 0
t 1798 1799 0
t 1799 1800 0
t 1800 1801 0
t 1801 1802 0
t 1802 1803 0
t 1803 1804 0
t 1804 1805 0
t 1805 1806 0
t 1806 1807 0
t 1807 1808 0
t 1808 1809 0
t 1809 1810 0
t 1810 1811 0
t 1811 1812 0
t 1812 1813 0
t 1813 1814 0
t 1814 1815 0
t 1815 1816 0
t 1816 1817 0
t 1817 1818 0
t 1818 1819 0
t 1819 1820 0
t 1820 1821 0
t 1821 1822 0
t 1822 1823 0
t 1823 1824 0
t 1824 1825 0
t 1825 1826 0
t 1826 1827 0
t 1827 1828 0
t 1828 1829 0
t 1829 1830 0
t 1830 1831 0
t 1831 1832 0
t 1832 1833 0
t 1833 1834 0
t 1834 1835 0
t 1835 1836 0
t 1836 1837 0
t 1837 1838 0
t 1838 1839 0
t 1839 1840 0
t 1840 1841 0
t 1841 1842 0
t 1842 1843 0
t 1843 1844 0
t 1844 1845 0
t 1845 1846 0
t 1846 1847 0
t 1847 1848 0
t 1848 1849 0
t 1849 1850 0
t 1850 1851 0
t 227 225 226
t 227 228 225
t 228 229 225
t 229 230 225
t 230 231 225
t 231 232 225
t 232 233 225
t 233 234 225
t 234 235 225
t 235 236 225
t 236 237 225
t 237 238 225
t 238 239 225
t 239 240 225
t 240 241 225
t 241 242 225
t 242 243 225
t 243 244 225
t 244 245 225
t 245 246 225
t 246 247 225
t 247 248 225
t 248 249 225
t 249 250 225
t 250 251 225
t 251 252 225
t 252 253 225
t 253 254 225
t 254 255 225
t 255 256 225
t 256 257 225
t 257 258 225
t 258 259 225
t 259 260 225
t 260 261 225
t 261 262 225
t 262 263 225
t 263 264 225
t 264 265 225
t 265 266 225
t 266 267 225
t 267 268 225
t 268 269 225
t 269 270 225
t 270 271 225
t 271 272 225
t 272 273 225
t 273 274 225
t 274 275 225
t 275 276 225
t 276 277 225
t 277 278 225
t 278 279 225
t 279 280 225
t 280 281 225
t 281 224 225
t 281 223 224
t 281 222 223
t 281 221 222
t 281 220 221
t 281 219 220
t 281 218 219
t 281 217 218
t 281 216 217
t 281 215 216
t 281 214 215
t 281 213 214
t 281 212 213
t 281 211 212
t 281 210 211
t 281 209 210
t 281 208 209
t 281 207 208
t 281 206 207
t 281 205 206
t 281 204 205
t 281 203 204
t 281 202 203
t 281 201 202
t 281 200 201
t 281 199 200
t 281 198 199
t 281 197 198
t 281 196 197
t 281 140 196
t 140 141 196
t 141 142 196
t 142 143 196
t 143 144 196
t 144 145 196
t 145 146 196
t 146 147 196
t 147 148 196
t 148 149 196
t 149 150 196
t 150 151 196
t 151 152 196
t 152 153 196
t 153 154 196
t 154 155 196
t 155 156 196
t 156 157 196
t 157 158 196
t 158 159 196
t 159 160 196
t 160 161 196
t 161 162 196
t 162 163 196
t 163 164 196
t 164 165 196
t 165 166 196
t 166 167 196
t 167 168 196
t 168 169 196
t 169 170 196
t 170 171 196
t 171 172 196
t 172 173 196
t 173 174 196
t 174 175 196
t 175 176 196
t 176 177 196
t 177 178 196
t 178 179 196
t 179 180 196
t 180 181 196
t 181 182 196
t 182 183 196
t 183 184 196
t 184 185 196
t 185 186 196
t 186 187 196
t 187 188 196
t 188 189 196
t 189 190 196
t 190 191 196
t 191 192 196
t 192 193 196
t 193 194 196
t 194 195 196
t 423 421 422
t 423 424 421
t 424 425 421
t 425 426 421
t 426 427 421
t 427 428 421
t 428 429 421
t 429 430 421
t 430 431 421
t 431 432 421
t 432 433 421
t 433 434 421
t 434 435 421
t 435 436 421
t 436 437 421
t 437 438 421
t 438 439 421
t 439 440 421
t 440 441 421
t 441 442 421
t 442 443 421
t 443 444 421
t 444 445 421
t 445 446 421
t 446 447 421
t 447 448 421
t 448 449 421
t 449 450 421
t 450 451 421
t 451 452 421
t 452 453 421
t 453 454 421
t 454 455 421
t 455 456 421
t 456 457 421
t 457 458 421
t 458 459 421
t 459 460 421
t 460 461 421
t 461 462 421
t 462 463 421
t 463 464 421
t 464 465 421
t 465 466 421
t 466 467 421
t 467 468 421
t 468 469 421
t 469 470 421
t 470 471 421
t 471 472 421
t 472 473 421
t 473 474 421
t 474 475 421
t 475 476 421
t 476 477 421
t 477 420 421
t 477 419 420
t 477 418 419
t 477 417 418
t 477 416 417
t 477 415 416
t 477 414 415
t 477 413 414
t 477 412 413
t 477 411 412
t 477 410 411
t 477 409 410
t 477 408 409
t 477 407 408
t 477 406 407
t 477 405 406
t 477 404 405
t 477 403 404
t 477 402 403
t 477 401 402
t 477 400 401
t 477 399 400
t 477 398 399
t 477 397 398
t 477 396 397
t 477 395 396
t 477 394 395
t 477 393 394
t 477 392 393
t 477 336 392
t 336 337 392
t 337 338 392
t 338 339 392
t 339 340 392
t 340 341 392
t 341 342 392
t 342 343 392
t 343 344 392
t 344 345 392
t 345 346 392
t 346 347 392
t 347 348 392
t 348 349 392
t 349 350 392
t 350 351 392
t 351 352 392
t 352 353 392
t 353 354 392
t 354 355 392
t 355 356 392
t 356 357 392
t 357 358 392
t 358 359 392
t 359 360 392
t 360 361 392
t 361 362 392
t 362 363 392
t 363 364 392
t 364 365 392
t 365 366 392
t 366 367 392
t 367 368 392
t 368 369 392
t 369 370 392
t 370 371 392
t 371 372 392
t 372 373 392
t 373 374 392
t 374 375 392
t 375 376 392
t 376 377 392
t 377 378 392
t 378 379 392
t 379 380 392
t 380 381 392
t 381 382 392
t 382 383 392
t 383 384 392
t 384 385 392
t 385 386 392
t 386 387 392
t 387 388 392
t 388 389 392
t 389 390 392
t 390 391 392
t 619 617 618
t 619 620 617
t 620 621 617
t 621 622 617
t 622 623 617
t 623 624 617
t 624 625 617
t 625 626 617
t 626 627 617
t 627 628 617
t 628 629 617
t 629 630 617
t 630 631 617
t 631 632 617
t 632 633 617
t 633 634 617
t 634 635 617
t 635 636 617
t 636 637 617
t 637 638 617
t 638 639 617
t 639 640 617
t 640 641 617
t 641 642 617
t 642 643 617
t 643 644 617
t 644 645 617
t 645 646 617
t 646 647 617
t 647 648 617
t 648 649 617
t 649 650 617
t 650 651 617
t 651 652 617
t 652 653 617
t 653 654 617
t 654 655 617
t 655 656 617
t 656 657 617
t 657 658 617
t 658 659 617
t 659 660 617
t 660 661 617
t 661 662 617
t 662 663 617
t 663 664 617
t 664 665 617
t 665 666 617
t 666 667 617
t 667 668 617
t 668 669 617
t 669 670 617
t 670 671 617
t 671 672 617
t 672 673 617
t 673 616 617
t 673 615 616
t 673 614 615
t 673 613 614
t 673 612 613
t 673 611 612
t 673 610 611
t 673 609 610
t 673 608 609
t 673 607 608
t 673 606 607
t 673 605 606
t 673 604 605
t 673 603 604
t 673 602 603
t 673 601 602
t 673 600 601
t 673 599 600
t 673 598 599
t 673 597 598
t 673 596 597
t 673 595 596
t 673 594 595
t 673 593 594
t 673 592 593
t 673 591 592
t 673 590 591
t 673 589 590
t 673 588 589
t 673 532 588
t 532 533 588
t 533 534 588
t 534 535 588
t 535 536 588
t 536 537 588
t 537 538 588
t 538 539 588
t 539 540 588
t 540 541 588
t 541 542 588
t 542 543 588
t 543 544 588
t 544 545 588
t 545 546 588
t 546 547 588
t 547 548 588
t 548 549 588
t 549 550 588
t 550 551 588
t 551 552 588
t 552 553 588
t 553 554 588
t 554 555 588
t 555 556 588
t 556 557 588
t 557 558 588
t 558 559 588
t 559 560 588
t 560 561 588
t 561 562 588
t 562 563 588
t 563 564 588
t 564 565 588
t 565 566 588
t 566 567 588
t 567 568 588
t 568 569 588
t 569 570 588
t 570 571 588
t 571 572 588
t 572 573 588
t 573 574 588
t 574 575 588
t 575 576 588
t 576 577 588
t 577 578 588
t 578 579 588
t 579 580 588
t 580 581 588
t 581 582 588
t 582 583 588
t 583 584 588
t 584 585 588
t 585 586 588
t 586 587 588
t 815 813 814
t 815 816 813
t 816 817 813
t 817 818 813
t 818 819 813
t 819 820 813
t 820 821 813
t 821 822 813
t 822 823 813
t 823 824 813
t 824 825 813
t 825 826 813
t 826 827 813
t 827 828 813
t 828 829 813
t 829 830 813
t 830 831 813
t 831 832 813
t 832 833 813
t 833 834 813
t 834 835 813
t 835 836 813
t 836 837 813
t 837 838 813
t 838 839 813
t 839 840 813
t 840 841 813
t 841 842 813
t 842 843 813
t 843 844 813
t 844 845 813
t 845 846 813
t 846 847 813
t 847 848 813
t 848 849 813
t 849 850 813
t 850 851 813
t 851 852 813
t 852 853 813
t 853 854 813
t 854 855 813
t 855 856 813
t 856 857 813
t 857 858 813
t 858 859 813
t 859 860 813
t 860 861 813
t 861 862 813
t 862 863 813
t 863 864 813
t 864 865 813
t 865 866 813
t 866 867 813
t 867 868 813
t 868 869 813
t 869 812 813
t 869 811 812
t 869 810 811
t 869 809 810
t 869 808 809
t 869 807 808
t 869 806 807
t 869 805 806
t 869 804 805
t 869 803 804
t 869 802 803
t 869 801 802
t 869 800 801
t 869 799 800
t 869 798 799
t 869 797 798
t 869 796 797
t 869 795 796
t 869 794 795
t 869 793 794
t 869 792 793
t 869 791 792
t 869 790 791
t 869 789 790
t 869 788 789
t 869 787 788
t 869 786 787
t 869 785 786
t 869 784 785
t 869 728 784
t 728 729 784
t 729 730 784
t 730 731 784
t 731 732 784
t 732 733 784
t 733 734 784
t 734 735 784
t 735 736 784
t 736 737 784
t 737 738 784
t 738 739 784
t 739 740 784
t 740 741 784
t 741 742 784
t 742 743 784
t 743 744 784
t 744 745 784
t 745 746 784
t 746 747 784
t 747 748 784
t 748 749 784
t 749 750 784
t 750 751 784
t 751 752 784
t 752 753 784
t 753 754 784
t 754 755 784
t 755 756 784
t 756 757 784
t 757 758 784
t 758 759 784
t 759 760 784
t 760 761 784
t 761 762 784
t 762 763 784
t 763 764 784
t 764 765 784
t 765 766 784
t 766 767 784
t 767 768 784
t 768 769 784
t 769 770 784
t 770 771 784
t 771 772 784
t 772 773 784
t 773 774 784
t 774 775 784
t 775 776 784
t 776 777 784
t 777 778 784
t 778 779 784
t 779 780 784
t 780 781 784
t 781 782 784
t 782 783 784
t 1011 1009 1010
t 1011 1012 1009
t 1012 1013 1009
t 1013 1014 1009
t 1014 1015 1009
t 1015 1016 1009
t 1016 1017 1009
t 1017 1018 1009
t 1018 1019 1009
t 1019 1020 1009
t 1020 1021 1009
t 1021 1022 1009
t 1022 1023 1009
t 1023 1024 1009
t 1024 1025 1009
t 1025 1026 1009
t 1026 1027 1009
t 1027 1028 1009
t 1028 1029 1009
t 1029 1030 1009
t 1030 1031 1009
t 1031 1032 1009
t 1032 1033 1009
t 1033 1034 1009
t 1034 1035 1009
t 1035 1036 1009
t 1036 1037 1009
t 1037 1038 1009
t 1038 1039 1009
t 1039 1040 1009
t 1040 1041 1009
t 1041 1042 1009
t 1042 1043 1009
t 1043 1044 1009
t 1044 1045 1009
t 1045 1046 1009
t 1046 1047 1009
t 1047 1048 1009
t 1048 1049 1009
t 1049 1050 1009
t 1050 1051 1009
t 1051 1052 1009
t 1052 1053 1009
t 1053 1054 1009
t 1054 1055 1009
t 1055 1056 1009
t 1056 1057 1009
t 1057 1058 1009
t 1058 1059 1009
t 1059 1060 1009
t 1060 1061 1009
t 1061 1062 1009
t 1062 1063 1009
t 1063 1064 1009
t 1064 1065 1009
t 1065 1008 1009
t 1065 1007 1008
t 1065 1006 1007
t 1065 1005 1006
t 1065 1004 1005
t 1065 1003 1004
t 1065 1002 1003
t 1065 1001 1002
t 1065 1000 1001
t 1065 999 1000
t 1065 998 999
t 1065 997 998
t 1065 996 997
t 1065 995 996
t 1065 994 995
t 1065 993 994
t 1065 992 993
t 1065 991 992
t 1065 990 991
t 1065 989 990
t 1065 988 989
t 1065 987 988
t 1065 986 987
t 1065 985 986
t 1065 984 985
t 1065 983 984
t 1065 982 983
t 1065 981 982
t 1065 980 981
t 1065 924 980
t 924 925 980
t 925 926 980
t 926 927 980
t 927 928 980
t 928 929 980
t 929 930 980
t 930 931 980
t 931 932 980
t 932 933 980
t 933 934 980
t 934 935 980
t 935 936 980
t 936 937 980
t 937 938 980
t 938 939 980
t 939 940 980
t 940 941 980
t 941 942 980
t 942 943 980
t 943 944 980
t 944 945 980
t 945 946 980
t 946 947 980
t 947 948 980
t 948 949 980
t 949 950 980
t 950 951 980
t 951 952 980
t 952 953 980
t 953 954 980
t 954 955 980
t 955 956 980
t 956 957 980
t 957 958 980
t 958 959 980
t 959 960 980
t 960 961 980
t 961 962 980
t 962 963 980
t 963 964 980
t 964 965 980
t 965 966 980
t 966 967 980
t 967 968 980
t 968 969 980
t 969 970 980
t 970 971 980
t 971 972 980
t 972 973 980
t 973 974 980
t 974 975 980
t 975 976 980
t 976 977 980
t 977 978 980
t 978 979 980
t 1207 1205 1206
t 1207 1208 1205
t 1208 1209 1205
t 1209 1210 1205
t 1210 1211 1205
t 1211 1212 1205
t 1212 1213 1205
t 1213 1214 1205
t 1214 1215 1205
t 1215 1216 1205
t 1216 1217 1205
t 1217 1218 1205
t 1218 1219 1205
t 1219 1220 1205
t 1220 1221 1205
t 1221 1222 1205
t 1222 1223 1205
t 1223 1224 1205
t 1224 1225 1205
t 1225 1226 1205
t 1226 1227 1205
t 1227 1228 1205
t 1228 1229 1205
t 1229 1230 1205
t 1230 1231 1205
t 1231 1232 1205
t 1232 1233 1205
t 1233 1234 1205
t 1234 1235 1205
t 1235 1236 1205
t 1236 1237 1205
t 1237 1238 1205
t 1238 1239 1205
t 1239 1240 1205
t 1240 1241 1205
t 1241 1242 1205
t 1242 1243 1205
t 1243 1244 1205
t 1244 1245 1205
t 1245 1246 1205
t 1246 1247 1205
t 1247 1248 1205
t 1248 1249 1205
t 1249 1250 1205
t 1250 1251 1205
t 1251 1252 1205
t 1252 1253 1205
t 1253 1254 1205
t 1254 1255 1205
t 1255 1256 1205
t 1256 1257 1205
t 1257 1258 1205
t 1258 1259 1205
t 1259 1260 1205
t 1260 1261 1205
t 1261 1204 1205
t 1261 1203 1204
t 1261 1202 1203
t 1261 1201 1202
t 1261 1200 1201
t 1261 1199 1200
t 1261 1198 1199
t 1261 1197 1198
t 1261 1196 1197
t 1261 1195 1196
t 1261 1194 1195
t 1261 1193 1194
t 1261 1192 1193
t 1261 1191 1192
t 1261 1190 1191
t 1261 1189 1190
t 1261 1188 1189
t 1261 1187 1188
t 1261 1186 1187
t 1261 1185 1186
t 1261 1184 1185
t 1261 1183 1184
t 1261 1182 1183
t 1261 1181 1182
t 1261 1180 1181
t 1261 1179 1180
t 1261 1178 1179
t 1261 1177 1178
t 1261 1176 1177
t 1261 1120 1176
t 1120 1121 1176
t 1121 1122 1176
t 1122 1123 1176
t 1123 1124 1176
t 1124 1125 1176
t 1125 1126 1176
t 1126 1127 1176
t 1127 1128 1176
t 1128 1129 1176
t 1129 1130 1176
t 1130 1131 1176
t 1131 1132 1176
t 1132 1133 1176
t 1133 1134 1176
t 1134 1135 1176
t 1135 1136 1176
t 1136 1137 1176
t 1137 1138 1176
t 1138 1139 1176
t 1139 1140 1176
t 1140 1141 1176
t 1141 1142 1176
t 1142 1143 1176
t 1143 1144 1176
t 1144 1145 1176
t 1145 1146 1176
t 1146 1147 1176
t 1147 1148 1176
t 1148 1149 1176
t 1149 1150 1176
t 1150 1151 1176
t 1151 1152 1176
t 1152 1153 1176
t 1153 1154 1176
t 1154 1155 1176
t 1155 1156 1176
t 1156 1157 1176
t 1157 1158 1176
t 1158 1159 1176
t 1159 1160 1176
t 1160 1161 1176
t 1161 1162 1176
t 1162 1163 1176
t 1163 1164 1176
t 1164 1165 1176
t 1165 1166 1176
t 1166 1167 1176
t 1167 1168 1176
t 1168 1169 1176
t 1169 1170 1176
t 1170 1171 1176
t 1171 1172 1176
t 1172 1173 1176
t 1173 1174 1176
t 1174 1175 1176
t 1403 1401 1402
t 1403 1404 1401
t 1404 1405 1401
t 1405 1406 1401
t 1406 1407 1401
t 1407 1408 1401
t 1408 1409 1401
t 1409 1410 1401
t 1410 1411 1401
t 1411 1412 1401
t 1412 1413 1401
t 1413 1414 1401
t 1414 1415 1401
t 1415 1416 1401
t 1416 1417 1401
t 1417 1418 1401
t 1418 1419 1401
t 1419 1420 1401
t 1420 1421 1401
t 1421 1422 1401
t 1422 1423 1401
t 1423 1424 1401
t 1424 1425 1401
t 1425 1426 1401
t 1426 1427 1401
t 1427 1428 1401
t 1428 1429 1401
t 1429 1430 1401
t 1430 1431 1401
t 1431 1432 1401
t 1432 1433 1401
t 1433 1434 1401
t 1434 1435 1401
t 1435 1436 1401
t 1436 1437 1401
t 1437 1438 1401
t 1438 1439 1401
t 1439 1440 1401
t 1440 1441 1401
t 1441 1442 1401
t 1442 1443 1401
t 1443 1444 1401
t 1444 1445 1401
t 1445 1446 1401
t 1446 1447 1401
t 1447 1448 1401
t 1448 1449 1401
t 1449 1450 1401
t 1450 1451 1401
t 1451 1452 1401
t 1452 1453 1401
t 1453 1454 1401
t 1454 1455 1401
t 1455 1456 1401
t 1456 1457 1401
t 1457 1400 1401
t 1457 1399 1400
t 1457 1398 1399
t 1457 1397 1398
t 1457 1396 1397
t 1457 1395 1396
t 1457 1394 1395
t 1457 1393 1394
t 1457 1392 1393
t 1457 1391 1392
t 1457 1390 1391
t 1457 1389 1390
t 1457 1388 1389
t 1457 1387 1388
t 1457 1386 1387
t 1457 1385 1386
t 1457 1384 1385
t 1457 1383 1384
t 1457 1382 1383
t 1457 1381 1382
t 1457 1380 1381
t 1457 1379 1380
t 1457 1378 1379
t 1457 1377 1378
t 1457 1376 1377
t 1457 1375 1376
t 1457 1374 1375
t 1457 1373 1374
t 1457 1372 1373
t 1457 1316 1372
t 1316 1317 1372
t 1317 1318 1372
t 1318 1319 1372
t 1319 1320 1372
t 1320 1321 1372
t 1321 1322 1372
t 1322 1323 1372
t 1323 1324 1372
t 1324 1325 1372
t 1325 1326 1372
t 1326 1327 1372
t 1327 1328 1372
t 1328 1329 1372
t 1329 1330 1372
t 1330 1331 1372
t 1331 1332 1372
t 1332 1333 1372
t 1333 1334 1372
t 1334 1335 1372
t 1335 1336 1372
t 1336 1337 1372
t 1337 1338 1372
t 1338 1339 1372
t 1339 1340 1372
t 1340 1341 1372
t 1341 1342 1372
t 1342 1343 1372
t 1343 1344 1372
t 1344 1345 1372
t 1345 1346 1372
t 1346 1347 1372
t 1347 1348 1372
t 1348 1349 1372
t 1349 1350 1372
t 1350 1351 1372
t 1351 1352 1372
t 1352 1353 1372
t 1353 1354 1372
t 1354 1355 1372
t 1355 1356 1372
t 1356 1357 1372
t 1357 1358 1372
t 1358 1359 1372
t 1359 1360 1372
t 1360 1361 1372
t 1361 1362 1372
t 1362 1363 1372
t 1363 1364 1372
t 1364 1365 1372
t 1365 1366 1372
t 1366 1367 1372
t 1367 1368 1372
t 1368 1369 1372
t 1369 1370 1372
t 1370 1371 1372
t 1599 1597 1598
t 1599 1600 1597
t 1600 1601 1597
t 1601 1602 1597
t 1602 1603 1597
t 1603 1604 1597
t 1604 1605 1597
t 1605 1606 1597
t 1606 1607 1597
t 1607 1608 1597
t 1608 1609 1597
t 1609 1610 1597
t 1610 1611 1597
t 1611 1612 1597
t 1612 1613 1597
t 1613 1614 1597
t 1614 1615 1597
t 1615 1616 1597
t 1616 1617 1597
t 1617 1618 1597
t 1618 1619 1597
t 1619 1620 1597
t 1620 1621 1597
t 1621 1622 1597
t 1622 1623 1597
t 1623 1624 1597
t 1624 1625 1597
t 1625 1626 1597
t 1626 1627 1597
t 1627 1628 1597
t 1628 1629 1597
t 1629 1630 1597
t 1630 1631 1597
t 1631 1632 1597
t 1632 1633 1597
t 1633 1634 1597
t 1634 1635 1597
t 1635 1636 1597
t 1636 1637 1597
t 1637 1638 1597
t 1638 1639 1597
t 1639 1640 1597
t 1640 1641 1597
t 1641 1642 1597
t 1642 1643 1597
t 1643 1644 1597
t 1644 1645 1597
t 1645 1646 1597
t 1646 1647 1597
t 1647 1648 1597
t 1648 1649 1597
t 1649 1650 1597
t 1650 1651 1597
t 1651 1652 1597
t 1652 1653 1597
t 1653 1596 1597
t 1653 1595 1596
t 1653 1594 1595
t 1653 1593 1594
t 1653 1592 1593
t 1653 1591 1592
t 1653 1590 1591
t 1653 1589 1590
t 1653 1588 1589
t 1653 1587 1588
t 1653 1586 1587
t 1653 1585 1586
t 1653 1584 1585
t 1653 1583 1584
t 1653 1582 1583
t 1653 1581 1582
t 1653 1580 1581
t 1653 1579 1580
t 1653 1578 1579
t 1653 1577 1578
t 1653 1576 1577
t 1653 1575 1576
t 1653 1574 1575
t 1653 1573 1574
t 1653 1572 1573
t 1653 1571 1572
t 1653 1570 1571
t 1653 1569 1570
t 1653 1568 1569
t 1653 1512 1568
t 1512 1513 1568
t 1513 1514 1568
t 1514 1515 1568
t 1515 1516 1568
t 1516 1517 1568
t 1517 1518 1568
t 1518 1519 1568
t 1519 1520 1568
t 1520 1521 1568
t 1521 1522 1568
t 1522 1523 1568
t 1523 1524 1568
t 1524 1525 1568
t 1525 1526 1568
t 1526 1527 1568
t 1527 1528 1568
t 1528 1529 1568
t 1529 1530 1568
t 1530 1531 1568
t 1531 1532 1568
t 1532 1533 1568
t 1533 1534 1568
t 1534 1535 1568
t 1535 1536 1568
t 1536 1537 1568
t 1537 1538 1568
t 1538 1539 1568
t 1539 1540 1568
t 1540 1541 1568
t 1541 1542 1568
t 1542 1543 1568
t 1543 1544 1568
t 1544 1545 1568
t 1545 1546 1568
t 1546 1547 1568
t 1547 1548 1568
t 1548 1549 1568
t 1549 1550 1568
t 1550 1551 1568
t 1551 1552 1568
t 1552 1553 1568
t 1553 1554 1568
t 1554 1555 1568
t 1555 1556 1568
t 1556 1557 1568
t 1557 1558 1568
t 1558 1559 1568
t 1559 1560 1568
t 1560 1561 1568
t 1561 1562 1568
t 1562 1563 1568
t 1563 1564 1568
t 1564 1565 1568
t 1565 1566 1568
t 1566 1567 1568
