n=1852 n_new=0
t 0 1 1851
t 1 1850 1851
t 1 1849 1850
t 1 1848 1849
t 1 1847 1848
t 1 1846 1847
t 1 1845 1846
t 1 1844 1845
t 1 1843 1844
t 1 1842 1843
t 1 1841 1842
t 1 1840 1841
t 1 1839 1840
t 1 1838 1839
t 1 1837 1838
t 1 1836 1837
t 1 1835 1836
t 1 1834 1835
t 1 1833 1834
t 1 1832 1833
t 1 1831 1832
t 1 1830 1831
t 1 1829 1830
t 1 1828 1829
t 1 1827 1828
t 1 1826 1827
t 1 1825 1826
t 1 1824 1825
t 1 1823 1824
t 1 1822 1823
t 1 1821 1822
t 1 1820 1821
t 1 1819 1820
t 1 1818 1819
t 1 1817 1818
t 1 1816 1817
t 1 1815 1816
t 1 1814 1815
t 1 1813 1814
t 1 1812 1813
t 1 1811 1812
t 1 1810 1811
t 1 1809 1810
t 1 1808 1809
t 1 1807 1808
t 1 1806 1807
t 1 1805 1806
t 1 1804 1805
t 1 1803 1804
t 1 1802 1803
t 1 1801 1802
t 1 1800 1801
t 1 1799 1800
t 1 1798 1799
t 1 1797 1798
t 1 1796 1797
t 1 2 1796
t 2 1655 1796
t 2 1654 1655
t 2 1653 1654
t 2 1652 1653
t 2 1651 1652
t 2 1650 1651
t 2 1649 1650
t 2 1648 1649
t 2 3 1648
t 3 1647 1648
t 3 1646 1647
t 3 1645 1646
t 3 1644 1645
t 3 1643 1644
t 3 1642 1643
t 3 1641 1642
t 3 1640 1641
t 3 1639 1640
t 3 1638 1639
t 3 1637 1638
t 3 1636 1637
t 3 1635 1636
t 3 1634 1635
t 3 1633 1634
t 3 1632 1633
t 3 1631 1632
t 3 1630 1631
t 3 1629 1630
t 3 1628 1629
t 3 1627 1628
t 3 1626 1627
t 3 1625 1626
t 3 1624 1625
t 3 1623 1624
t 3 1622 1623
t 3 1621 1622
t 3 1620 1621
t 3 1619 1620
t 3 1618 1619
t 3 1617 1618
t 3 1616 1617
t 3 1615 1616
t 3 1614 1615
t 3 1613 1614
t 3 1612 1613
t 3 1611 1612
t 3 1610 1611
t 3 1609 1610
t 3 1608 1609
t 3 1607 1608
t 3 1606 1607
t 3 1605 1606
t 3 1604 1605
t 3 1603 1604
t 3 1602 1603
t 3 4 1602
t 4 1601 1602
t 4 1600 1601
t 4 5 1600
t 5 6 1600
t 6 1459 1600
t 6 1458 1459
t 6 1457 1458
t 6 1456 1457
t 6 1455 1456
t 6 1454 1455
t 6 1453 1454
t 6 1452 1453
t 6 1451 1452
t 6 1450 1451
t 6 1449 1450
t 6 1448 1449
t 6 1447 1448
t 6 1446 1447
t 6 1445 1446
t 6 1444 1445
t 6 1443 1444
t 6 1442 1443
t 6 1441 1442
t 6 1440 1441
t 6 1439 1440
t 6 1438 1439
t 6 1437 1438
t 6 1436 1437
t 6 1435 1436
t 6 1434 1435
t 6 1433 1434
t 6 1432 1433
t 6 1431 1432
t 6 1430 1431
t 6 1429 1430
t 6 1428 1429
t 6 1427 1428
t 6 7 1427
t 7 1426 1427
t 7 1425 1426
t 7 1424 1425
t 7 1423 1424
t 7 1422 1423
t 7 1421 1422
t 7 1420 1421
t 7 1419 1420
t 7 1418 1419
t 7 1417 1418
t 7 1416 1417
t 7 1415 1416
t 7 1414 1415
t 7 1413 1414
t 7 1412 1413
t 7 1411 1412
t 7 1410 1411
t 7 1409 1410
t 7 1408 1409
t 7 1407 1408
t 7 1406 1407
t 7 1405 1406
t 7 1404 1405
t 7 8 1404
t 8 9 1404
t 9 1263 1404
t 9 1262 1263
t 9 1261 1262
t 9 1260 1261
t 9 1259 1260
t 9 1258 1259
t 9 1257 1258
t 9 1256 1257
t 9 1255 1256
t 9 1254 1255
t 9 1253 1254
t 9 1252 1253
t 9 1251 1252
t 9 10 1251
t 10 1250 1251
t 10 1249 1250
t 10 1248 1249
t 10 1247 1248
t 10 1246 1247
t 10 1245 1246
t 10 1244 1245
t 10 1243 1244
t 10 1242 1243
t 10 1241 1242
t 10 1240 1241
t 10 1239 1240
t 10 1238 1239
t 10 1237 1238
t 10 1236 1237
t 10 1235 1236
t 10 1234 1235
t 10 1233 1234
t 10 1232 1233
t 10 1231 1232
t 10 1230 1231
t 10 1229 1230
t 10 1228 1229
t 10 1227 1228
t 10 1226 1227
t 10 1225 1226
t 10 1224 1225
t 10 1223 1224
t 10 1222 1223
t 10 1221 1222
t 10 1220 1221
t 10 1219 1220
t 10 1218 1219
t 10 1217 1218
t 10 1216 1217
t 10 1215 1216
t 10 1214 1215
t 10 1213 1214
t 10 1212 1213
t 10 1211 1212
t 10 1210 1211
t 10 1209 1210
t 10 1208 1209
t 10 11 1208
t 11 12 1208
t 12 13 1208
t 13 1067 1208
t 13 1066 1067
t 13 1065 1066
t 13 1064 1065
t 13 1063 1064
t 13 1062 1063
t 13 1061 1062
t 13 1060 1061
t 13 1059 1060
t 13 1058 1059
t 13 1057 1058
t 13 1056 1057
t 13 1055 1056
t 13 1054 1055
t 13 1053 1054
t 13 1052 1053
t 13 1051 1052
t 13 1050 1051
t 13 1049 1050
t 13 1048 1049
t 13 1047 1048
t 13 1046 1047
t 13 1045 1046
t 13 1044 1045
t 13 1043 1044
t 13 1042 1043
t 13 1041 1042
t 13 1040 1041
t 13 1039 1040
t 13 1038 1039
t 13 1037 1038
t 13 1036 1037
t 13 1035 1036
t 13 1034 1035
t 13 1033 1034
t 13 1032 1033
t 13 1031 1032
t 13 1030 1031
t 13 14 1030
t 14 1029 1030
t 14 1028 1029
t 14 1027 1028
t 14 1026 1027
t 14 1025 1026
t 14 1024 1025
t 14 1023 1024
t 14 1022 1023
t 14 1021 1022
t 14 1020 1021
t 14 1019 1020
t 14 1018 1019
t 14 1017 1018
t 14 1016 1017
t 14 1015 1016
t 14 1014 1015
t 14 1013 1014
t 14 1012 1013
t 14 15 1012
t 15 16 1012
t 16 871 1012
t 16 870 871
t 16 869 870
t 16 868 869
t 16 867 868
t 16 866 867
t 16 865 866
t 16 864 865
t 16 863 864
t 16 862 863
t 16 861 862
t 16 860 861
t 16 859 860
t 16 858 859
t 16 857 858
t 16 856 857
t 16 855 856
t 16 854 855
t 16 17 854
t 17 853 854
t 17 852 853
t 17 851 852
t 17 850 851
t 17 849 850
t 17 848 849
t 17 847 848
t 17 846 847
t 17 845 846
t 17 844 845
t 17 843 844
t 17 842 843
t 17 841 842
t 17 840 841
t 17 839 840
t 17 838 839
t 17 837 838
t 17 836 837
t 17 835 836
t 17 834 835
t 17 833 834
t 17 832 833
t 17 831 832
t 17 830 831
t 17 829 830
t 17 828 829
t 17 827 828
t 17 826 827
t 17 825 826
t 17 824 825
t 17 823 824
t 17 822 823
t 17 821 822
t 17 820 821
t 17 819 820
t 17 818 819
t 17 817 818
t 17 816 817
t 17 18 816
t 18 19 816
t 19 20 816
t 20 675 816
t 20 674 675
t 20 673 674
t 20 672 673
t 20 671 672
t 20 670 671
t 20 669 670
t 20 668 669
t 20 667 668
t 20 666 667
t 20 665 666
t 20 664 665
t 20 663 664
t 20 662 663
t 20 661 662
t 20 660 661
t 20 659 660
t 20 658 659
t 20 657 658
t 20 656 657
t 20 655 656
t 20 654 655
t 20 653 654
t 20 652 653
t 20 651 652
t 20 650 651
t 20 649 650
t 20 648 649
t 20 647 648
t 20 646 647
t 20 645 646
t 20 644 645
t 20 643 644
t 20 642 643
t 20 641 642
t 20 640 641
t 20 639 640
t 20 638 639
t 20 637 638
t 20 636 637
t 20 635 636
t 20 634 635
t 20 633 634
t 20 21 633
t 21 632 633
t 21 631 632
t 21 630 631
t 21 629 630
t 21 628 629
t 21 627 628
t 21 626 627
t 21 625 626
t 21 624 625
t 21 623 624
t 21 622 623
t 21 621 622
t 21 620 621
t 21 22 620
t 22 23 620
t 23 479 620
t 23 478 479
t 23 477 478
t 23 476 477
t 23 475 476
t 23 474 475
t 23 473 474
t 23 472 473
t 23 471 472
t 23 470 471
t 23 469 470
t 23 468 469
t 23 467 468
t 23 466 467
t 23 465 466
t 23 464 465
t 23 463 464
t 23 462 463
t 23 461 462
t 23 460 461
t 23 459 460
t 23 458 459
t 23 457 458
t 23 24 457
t 24 456 457
t 24 455 456
t 24 454 455
t 24 453 454
t 24 452 453
t 24 451 452
t 24 450 451
t 24 449 450
t 24 448 449
t 24 447 448
t 24 446 447
t 24 445 446
t 24 444 445
t 24 443 444
t 24 442 443
t 24 441 442
t 24 440 441
t 24 439 440
t 24 438 439
t 24 437 438
t 24 436 437
t 24 435 436
t 24 434 435
t 24 433 434
t 24 432 433
t 24 431 432
t 24 430 431
t 24 429 430
t 24 428 429
t 24 427 428
t 24 426 427
t 24 425 426
t 24 424 425
t 24 25 424
t 25 26 424
t 26 283 424
t 26 282 283
t 26 27 282
t 27 281 282
t 27 280 281
t 27 279 280
t 27 278 279
t 27 277 278
t 27 276 277
t 27 275 276
t 27 274 275
t 27 273 274
t 27 272 273
t 27 271 272
t 27 270 271
t 27 269 270
t 27 268 269
t 27 267 268
t 27 266 267
t 27 265 266
t 27 264 265
t 27 263 264
t 27 262 263
t 27 261 262
t 27 260 261
t 27 259 260
t 27 258 259
t 27 257 258
t 27 256 257
t 27 255 256
t 27 254 255
t 27 253 254
t 27 252 253
t 27 251 252
t 27 250 251
t 27 249 250
t 27 248 249
t 27 247 248
t 27 246 247
t 27 245 246
t 27 244 245
t 27 243 244
t 27 242 243
t 27 241 242
t 27 240 241
t 27 239 240
t 27 238 239
t 27 237 238
t 27 236 237
t 27 28 236
t 28 235 236
t 28 234 235
t 28 233 234
t 28 232 233
t 28 231 232
t 28 230 231
t 28 229 230
t 28 228 229
t 28 29 228
t 29 30 228
t 30 87 228
t 30 86 87
t 30 85 86
t 30 84 85
t 30 83 84
t 30 82 83
t 30 81 82
t 30 80 81
t 30 79 80
t 30 78 79
t 30 77 78
t 30 76 77
t 30 75 76
t 30 74 75
t 30 73 74
t 30 72 73
t 30 71 72
t 30 70 71
t 30 69 70
t 30 68 69
t 30 67 68
t 30 66 67
t 30 65 66
t 30 64 65
t 30 63 64
t 30 62 63
t 30 61 62
t 30 60 61
t 30 59 60
t 30 58 59
t 30 57 58
t 30 56 57
t 30 55 56
t 30 54 55
t 30 53 54
t 30 52 53
t 30 51 52
t 30 50 51
t 30 49 50
t 30 48 49
t 30 47 48
t 30 46 47
t 30 45 46
t 30 44 45
t 30 43 44
t 30 42 43
t 30 41 42
t 30 40 41
t 30 39 40
t 30 38 39
t 30 37 38
t 30 36 37
t 30 35 36
t 30 34 35
t 30 33 34
t 30 32 33
t 30 31 32
t 174 172 173
t 174 175 172
t 175 176 172
t 176 177 172
t 177 178 172
t 178 179 172
t 179 180 172
t 180 181 172
t 181 182 172
t 182 183 172
t 183 184 172
t 184 185 172
t 185 186 172
t 186 187 172
t 187 188 172
t 188 189 172
t 189 190 172
t 190 191 172
t 191 192 172
t 192 193 172
t 193 194 172
t 194 195 172
t 195 196 172
t 196 197 172
t 197 198 172
t 198 199 172
t 199 200 172
t 200 201 172
t 201 202 172
t 202 203 172
t 203 204 172
t 204 205 172
t 205 206 172
t 206 207 172
t 207 208 172
t 208 209 172
t 209 210 172
t 210 211 172
t 211 212 172
t 212 213 172
t 213 214 172
t 214 215 172
t 215 216 172
t 216 217 172
t 217 218 172
t 218 219 172
t 219 220 172
t 220 221 172
t 221 222 172
t 222 223 172
t 223 224 172
t 224 225 172
t 225 226 172
t 226 227 172
t 227 228 172
t 228 171 172
t 228 170 171
t 228 169 170
t 228 168 169
t 228 167 168
t 228 166 167
t 228 165 166
t 228 164 165
t 228 163 164
t 228 162 163
t 228 161 162
t 228 160 161
t 228 159 160
t 228 158 159
t 228 157 158
t 228 156 157
t 228 155 156
t 228 154 155
t 228 153 154
t 228 152 153
t 228 151 152
t 228 150 151
t 228 149 150
t 228 148 149
t 228 147 148
t 228 146 147
t 228 145 146
t 228 144 145
t 228 143 144
t 228 87 143
t 87 88 143
t 88 89 143
t 89 90 143
t 90 91 143
t 91 92 143
t 92 93 143
t 93 94 143
t 94 95 143
t 95 96 143
t 96 97 143
t 97 98 143
t 98 99 143
t 99 100 143
t 100 101 143
t 101 102 143
t 102 103 143
t 103 104 143
t 104 105 143
t 105 106 143
t 106 107 143
t 107 108 143
t 108 109 143
t 109 110 143
t 110 111 143
t 111 112 143
t 112 113 143
t 113 114 143
t 114 115 143
t 115 116 143
t 116 117 143
t 117 118 143
t 118 119 143
t 119 120 143
t 120 121 143
t 121 122 143
t 122 123 143
t 123 124 143
t 124 125 143
t 125 126 143
t 126 127 143
t 127 128 143
t 128 129 143
t 129 130 143
t 130 131 143
t 131 132 143
t 132 133 143
t 133 134 143
t 134 135 143
t 135 136 143
t 136 137 143
t 137 138 143
t 138 139 143
t 139 140 143
t 140 141 143
t 141 142 143
t 370 368 369
t 370 371 368
t 371 372 368
t 372 373 368
t 373 374 368
t 374 375 368
t 375 376 368
t 376 377 368
t 377 378 368
t 378 379 368
t 379 380 368
t 380 381 368
t 381 382 368
t 382 383 368
t 383 384 368
t 384 385 368
t 385 386 368
t 386 387 368
t 387 388 368
t 388 389 368
t 389 390 368
t 390 391 368
t 391 392 368
t 392 393 368
t 393 394 368
t 394 395 368
t 395 396 368
t 396 397 368
t 397 398 368
t 398 399 368
t 399 400 368
t 400 401 368
t 401 402 368
t 402 403 368
t 403 404 368
t 404 405 368
t 405 406 368
t 406 407 368
t 407 408 368
t 408 409 368
t 409 410 368
t 410 411 368
t 411 412 368
t 412 413 368
t 413 414 368
t 414 415 368
t 415 416 368
t 416 417 368
t 417 418 368
t 418 419 368
t 419 420 368
t 420 421 368
t 421 422 368
t 422 423 368
t 423 424 368
t 424 367 368
t 424 366 367
t 424 365 366
t 424 364 365
t 424 363 364
t 424 362 363
t 424 361 362
t 424 360 361
t 424 359 360
t 424 358 359
t 424 357 358
t 424 356 357
t 424 355 356
t 424 354 355
t 424 353 354
t 424 352 353
t 424 351 352
t 424 350 351
t 424 349 350
t 424 348 349
t 424 347 348
t 424 346 347
t 424 345 346
t 424 344 345
t 424 343 344
t 424 342 343
t 424 341 342
t 424 340 341
t 424 339 340
t 424 283 339
t 283 284 339
t 284 285 339
t 285 286 339
t 286 287 339
t 287 288 339
t 288 289 339
t 289 290 339
t 290 291 339
t 291 292 339
t 292 293 339
t 293 294 339
t 294 295 339
t 295 296 339
t 296 297 339
t 297 298 339
t 298 299 339
t 299 300 339
t 300 301 339
t 301 302 339
t 302 303 339
t 303 304 339
t 304 305 339
t 305 306 339
t 306 307 339
t 307 308 339
t 308 309 339
t 309 310 339
t 310 311 339
t 311 312 339
t 312 313 339
t 313 314 339
t 314 315 339
t 315 316 339
t 316 317 339
t 317 318 339
t 318 319 339
t 319 320 339
t 320 321 339
t 321 322 339
t 322 323 339
t 323 324 339
t 324 325 339
t 325 326 339
t 326 327 339
t 327 328 339
t 328 329 339
t 329 330 339
t 330 331 339
t 331 332 339
t 332 333 339
t 333 334 339
t 334 335 339
t 335 336 339
t 336 337 339
t 337 338 339
t 566 564 565
t 566 567 564
t 567 568 564
t 568 569 564
t 569 570 564
t 570 571 564
t 571 572 564
t 572 573 564
t 573 574 564
t 574 575 564
t 575 576 564
t 576 577 564
t 577 578 564
t 578 579 564
t 579 580 564
t 580 581 564
t 581 582 564
t 582 583 564
t 583 584 564
t 584 585 564
t 585 586 564
t 586 587 564
t 587 588 564
t 588 589 564
t 589 590 564
t 590 591 564
t 591 592 564
t 592 593 564
t 593 594 564
t 594 595 564
t 595 596 564
t 596 597 564
t 597 598 564
t 598 599 564
t 599 600 564
t 600 601 564
t 601 602 564
t 602 603 564
t 603 604 564
t 604 605 564
t 605 606 564
t 606 607 564
t 607 608 564
t 608 609 564
t 609 610 564
t 610 611 564
t 611 612 564
t 612 613 564
t 613 614 564
t 614 615 564
t 615 616 564
t 616 617 564
t 617 618 564
t 618 619 564
t 619 620 564
t 620 563 564
t 620 562 563
t 620 561 562
t 620 560 561
t 620 559 560
t 620 558 559
t 620 557 558
t 620 556 557
t 620 555 556
t 620 554 555
t 620 553 554
t 620 552 553
t 620 551 552
t 620 550 551
t 620 549 550
t 620 548 549
t 620 547 548
t 620 546 547
t 620 545 546
t 620 544 545
t 620 543 544
t 620 542 543
t 620 541 542
t 620 540 541
t 620 539 540
t 620 538 539
t 620 537 538
t 620 536 537
t 620 535 536
t 620 479 535
t 479 480 535
t 480 481 535
t 481 482 535
t 482 483 535
t 483 484 535
t 484 485 535
t 485 486 535
t 486 487 535
t 487 488 535
t 488 489 535
t 489 490 535
t 490 491 535
t 491 492 535
t 492 493 535
t 493 494 535
t 494 495 535
t 495 496 535
t 496 497 535
t 497 498 535
t 498 499 535
t 499 500 535
t 500 501 535
t 501 502 535
t 502 503 535
t 503 504 535
t 504 505 535
t 505 506 535
t 506 507 535
t 507 508 535
t 508 509 535
t 509 510 535
t 510 511 535
t 511 512 535
t 512 513 535
t 513 514 535
t 514 515 535
t 515 516 535
t 516 517 535
t 517 518 535
t 518 519 535
t 519 520 535
t 520 521 535
t 521 522 535
t 522 523 535
t 523 524 535
t 524 525 535
t 525 526 535
t 526 527 535
t 527 528 535
t 528 529 535
t 529 530 535
t 530 531 535
t 531 532 535
t 532 533 535
t 533 534 535
t 762 760 761
t 762 763 760
t 763 764 760
t 764 765 760
t 765 766 760
t 766 767 760
t 767 768 760
t 768 769 760
t 769 770 760
t 770 771 760
t 771 772 760
t 772 773 760
t 773 774 760
t 774 775 760
t 775 776 760
t 776 777 760
t 777 778 760
t 778 779 760
t 779 780 760
t 780 781 760
t 781 782 760
t 782 783 760
t 783 784 760
t 784 785 760
t 785 786 760
t 786 787 760
t 787 788 760
t 788 789 760
t 789 790 760
t 790 791 760
t 791 792 760
t 792 793 760
t 793 794 760
t 794 795 760
t 795 796 760
t 796 797 760
t 797 798 760
t 798 799 760
t 799 800 760
t 800 801 760
t 801 802 760
t 802 803 760
t 803 804 760
t 804 805 760
t 805 806 760
t 806 807 760
t 807 808 760
t 808 809 760
t 809 810 760
t 810 811 760
t 811 812 760
t 812 813 760
t 813 814 760
t 814 815 760
t 815 816 760
t 816 759 760
t 816 758 759
t 816 757 758
t 816 756 757
t 816 755 756
t 816 754 755
t 816 753 754
t 816 752 753
t 816 751 752
t 816 750 751
t 816 749 750
t 816 748 749
t 816 747 748
t 816 746 747
t 816 745 746
t 816 744 745
t 816 743 744
t 816 742 743
t 816 741 742
t 816 740 741
t 816 739 740
t 816 738 739
t 816 737 738
t 816 736 737
t 816 735 736
t 816 734 735
t 816 733 734
t 816 732 733
t 816 731 732
t 816 675 731
t 675 676 731
t 676 677 731
t 677 678 731
t 678 679 731
t 679 680 731
t 680 681 731
t 681 682 731
t 682 683 731
t 683 684 731
t 684 685 731
t 685 686 731
t 686 687 731
t 687 688 731
t 688 689 731
t 689 690 731
t 690 691 731
t 691 692 731
t 692 693 731
t 693 694 731
t 694 695 731
t 695 696 731
t 696 697 731
t 697 698 731
t 698 699 731
t 699 700 731
t 700 701 731
t 701 702 731
t 702 703 731
t 703 704 731
t 704 705 731
t 705 706 731
t 706 707 731
t 707 708 731
t 708 709 731
t 709 710 731
t 710 711 731
t 711 712 731
t 712 713 731
t 713 714 731
t 714 715 731
t 715 716 731
t 716 717 731
t 717 718 731
t 718 719 731
t 719 720 731
t 720 721 731
t 721 722 731
t 722 723 731
t 723 724 731
t 724 725 731
t 725 726 731
t 726 727 731
t 727 728 731
t 728 729 731
t 729 730 731
t 958 956 957
t 958 959 956
t 959 960 956
t 960 961 956
t 961 962 956
t 962 963 956
t 963 964 956
t 964 965 956
t 965 966 956
t 966 967 956
t 967 968 956
t 968 969 956
t 969 970 956
t 970 971 956
t 971 972 956
t 972 973 956
t 973 974 956
t 974 975 956
t 975 976 956
t 976 977 956
t 977 978 956
t 978 979 956
t 979 980 956
t 980 981 956
t 981 982 956
t 982 983 956
t 983 984 956
t 984 985 956
t 985 986 956
t 986 987 956
t 987 988 956
t 988 989 956
t 989 990 956
t 990 991 956
t 991 992 956
t 992 993 956
t 993 994 956
t 994 995 956
t 995 996 956
t 996 997 956
t 997 998 956
t 998 999 956
t 999 1000 956
t 1000 1001 956
t 1001 1002 956
t 1002 1003 956
t 1003 1004 956
t 1004 1005 956
t 1005 1006 956
t 1006 1007 956
t 1007 1008 956
t 1008 1009 956
t 1009 1010 956
t 1010 1011 956
t 1011 1012 956
t 1012 955 956
t 1012 954 955
t 1012 953 954
t 1012 952 953
t 1012 951 952
t 1012 950 951
t 1012 949 950
t 1012 948 949
t 1012 947 948
t 1012 946 947
t 1012 945 946
t 1012 944 945
t 1012 943 944
t 1012 942 943
t 1012 941 942
t 1012 940 941
t 1012 939 940
t 1012 938 939
t 1012 937 938
t 1012 936 937
t 1012 935 936
t 1012 934 935
t 1012 933 934
t 1012 932 933
t 1012 931 932
t 1012 930 931
t 1012 929 930
t 1012 928 929
t 1012 927 928
t 1012 871 927
t 871 872 927
t 872 873 927
t 873 874 927
t 874 875 927
t 875 876 927
t 876 877 927
t 877 878 927
t 878 879 927
t 879 880 927
t 880 881 927
t 881 882 927
t 882 883 927
t 883 884 927
t 884 885 927
t 885 886 927
t 886 887 927
t 887 888 927
t 888 889 927
t 889 890 927
t 890 891 927
t 891 892 927
t 892 893 927
t 893 894 927
t 894 895 927
t 895 896 927
t 896 897 927
t 897 898 927
t 898 899 927
t 899 900 927
t 900 901 927
t 901 902 927
t 902 903 927
t 903 904 927
t 904 905 927
t 905 906 927
t 906 907 927
t 907 908 927
t 908 909 927
t 909 910 927
t 910 911 927
t 911 912 927
t 912 913 927
t 913 914 927
t 914 915 927
t 915 916 927
t 916 917 927
t 917 918 927
t 918 919 927
t 919 920 927
t 920 921 927
t 921 922 927
t 922 923 927
t 923 924 927
t 924 925 927
t 925 926 927
t 1154 1152 1153
t 1154 1155 1152
t 1155 1156 1152
t 1156 1157 1152
t 1157 1158 1152
t 1158 1159 1152
t 1159 1160 1152
t 1160 1161 1152
t 1161 1162 1152
t 1162 1163 1152
t 1163 1164 1152
t 1164 1165 1152
t 1165 1166 1152
t 1166 1167 1152
t 1167 1168 1152
t 1168 1169 1152
t 1169 1170 1152
t 1170 1171 1152
t 1171 1172 1152
t 1172 1173 1152
t 1173 1174 1152
t 1174 1175 1152
t 1175 1176 1152
t 1176 1177 1152
t 1177 1178 1152
t 1178 1179 1152
t 1179 1180 1152
t 1180 1181 1152
t 1181 1182 1152
t 1182 1183 1152
t 1183 1184 1152
t 1184 1185 1152
t 1185 1186 1152
t 1186 1187 1152
t 1187 1188 1152
t 1188 1189 1152
t 1189 1190 1152
t 1190 1191 1152
t 1191 1192 1152
t 1192 1193 1152
t 1193 1194 1152
t 1194 1195 1152
t 1195 1196 1152
t 1196 1197 1152
t 1197 1198 1152
t 1198 1199 1152
t 1199 1200 1152
t 1200 1201 1152
t 1201 1202 1152
t 1202 1203 1152
t 1203 1204 1152
t 1204 1205 1152
t 1205 1206 1152
t 1206 1207 1152
t 1207 1208 1152
t 1208 1151 1152
t 1208 1150 1151
t 1208 1149 1150
t 1208 1148 1149
t 1208 1147 1148
t 1208 1146 1147
t 1208 1145 1146
t 1208 1144 1145
t 1208 1143 1144
t 1208 1142 1143
t 1208 1141 1142
t 1208 1140 1141
t 1208 1139 1140
t 1208 1138 1139
t 1208 1137 1138
t 1208 1136 1137
t 1208 1135 1136
t 1208 1134 1135
t 1208 1133 1134
t 1208 1132 1133
t 1208 1131 1132
t 1208 1130 1131
t 1208 1129 1130
t 1208 1128 1129
t 1208 1127 1128
t 1208 1126 1127
t 1208 1125 1126
t 1208 1124 1125
t 1208 1123 1124
t 1208 1067 1123
t 1067 1068 1123
t 1068 1069 1123
t 1069 1070 1123
t 1070 1071 1123
t 1071 1072 1123
t 1072 1073 1123
t 1073 1074 1123
t 1074 1075 1123
t 1075 1076 1123
t 1076 1077 1123
t 1077 1078 1123
t 1078 1079 1123
t 1079 1080 1123
t 1080 1081 1123
t 1081 1082 1123
t 1082 1083 1123
t 1083 1084 1123
t 1084 1085 1123
t 1085 1086 1123
t 1086 1087 1123
t 1087 1088 1123
t 1088 1089 1123
t 1089 1090 1123
t 1090 1091 1123
t 1091 1092 1123
t 1092 1093 1123
t 1093 1094 1123
t 1094 1095 1123
t 1095 1096 1123
t 1096 1097 1123
t 1097 1098 1123
t 1098 1099 1123
t 1099 1100 1123
t 1100 1101 1123
t 1101 1102 1123
t 1102 1103 1123
t 1103 1104 1123
t 1104 1105 1123
t 1105 1106 1123
t 1106 1107 1123
t 1107 1108 1123
t 1108 1109 1123
t 1109 1110 1123
t 1110 1111 1123
t 1111 1112 1123
t 1112 1113 1123
t 1113 1114 1123
t 1114 1115 1123
t 1115 1116 1123
t 1116 1117 1123
t 1117 1118 1123
t 1118 1119 1123
t 1119 1120 1123
t 1120 1121 1123
t 1121 1122 1123
t 1350 1348 1349
t 1350 1351 1348
t 1351 1352 1348
t 1352 1353 1348
t 1353 1354 1348
t 1354 1355 1348
t 1355 1356 1348
t 1356 1357 1348
t 1357 1358 1348
t 1358 1359 1348
t 1359 1360 1348
t 1360 1361 1348
t 1361 1362 1348
t 1362 1363 1348
t 1363 1364 1348
t 1364 1365 1348
t 1365 1366 1348
t 1366 1367 1348
t 1367 1368 1348
t 1368 1369 1348
t 1369 1370 1348
t 1370 1371 1348
t 1371 1372 1348
t 1372 1373 1348
t 1373 1374 1348
t 1374 1375 1348
t 1375 1376 1348
t 1376 1377 1348
t 1377 1378 1348
t 1378 1379 1348
t 1379 1380 1348
t 1380 1381 1348
t 1381 1382 1348
t 1382 1383 1348
t 1383 1384 1348
t 1384 1385 1348
t 1385 1386 1348
t 1386 1387 1348
t 1387 1388 1348
t 1388 1389 1348
t 1389 1390 1348
t 1390 1391 1348
t 1391 1392 1348
t 1392 1393 1348
t 1393 1394 1348
t 1394 1395 1348
t 1395 1396 1348
t 1396 1397 1348
t 1397 1398 1348
t 1398 1399 1348
t 1399 1400 1348
t 1400 1401 1348
t 1401 1402 1348
t 1402 1403 1348
t 1403 1404 1348
t 1404 1347 1348
t 1404 1346 1347
t 1404 1345 1346
t 1404 1344 1345
t 1404 1343 1344
t 1404 1342 1343
t 1404 1341 1342
t 1404 1340 1341
t 1404 1339 1340
t 1404 1338 1339
t 1404 1337 1338
t 1404 1336 1337
t 1404 1335 1336
t 1404 1334 1335
t 1404 1333 1334
t 1404 1332 1333
t 1404 1331 1332
t 1404 1330 1331
t 1404 1329 1330
t 1404 1328 1329
t 1404 1327 1328
t 1404 1326 1327
t 1404 1325 1326
t 1404 1324 1325
t 1404 1323 1324
t 1404 1322 1323
t 1404 1321 1322
t 1404 1320 1321
t 1404 1319 1320
t 1404 1263 1319
t 1263 1264 1319
t 1264 1265 1319
t 1265 1266 1319
t 1266 1267 1319
t 1267 1268 1319
t 1268 1269 1319
t 1269 1270 1319
t 1270 1271 1319
t 1271 1272 1319
t 1272 1273 1319
t 1273 1274 1319
t 1274 1275 1319
t 1275 1276 1319
t 1276 1277 1319
t 1277 1278 1319
t 1278 1279 1319
t 1279 1280 1319
t 1280 1281 1319
t 1281 1282 1319
t 1282 1283 1319
t 1283 1284 1319
t 1284 1285 1319
t 1285 1286 1319
t 1286 1287 1319
t 1287 1288 1319
t 1288 1289 1319
t 1289 1290 1319
t 1290 1291 1319
t 1291 1292 1319
t 1292 1293 1319
t 1293 1294 1319
t 1294 1295 1319
t 1295 1296 1319
t 1296 1297 1319
t 1297 1298 1319
t 1298 1299 1319
t 1299 1300 1319
t 1300 1301 1319
t 1301 1302 1319
t 1302 1303 1319
t 1303 1304 1319
t 1304 1305 1319
t 1305 1306 1319
t 1306 1307 1319
t 1307 1308 1319
t 1308 1309 1319
t 1309 1310 1319
t 1310 1311 1319
t 1311 1312 1319
t 1312 1313 1319
t 1313 1314 1319
t 1314 1315 1319
t 1315 1316 1319
t 1316 1317 1319
t 1317 1318 1319
t 1546 1544 1545
t 1546 1547 1544
t 1547 1548 1544
t 1548 1549 1544
t 1549 1550 1544
t 1550 1551 1544
t 1551 1552 1544
t 1552 1553 1544
t 1553 1554 1544
t 1554 1555 1544
t 1555 1556 1544
t 1556 1557 1544
t 1557 1558 1544
t 1558 1559 1544
t 1559 1560 1544
t 1560 1561 1544
t 1561 1562 1544
t 1562 1563 1544
t 1563 1564 1544
t 1564 1565 1544
t 1565 1566 1544
t 1566 1567 1544
t 1567 1568 1544
t 1568 1569 1544
t 1569 1570 1544
t 1570 1571 1544
t 1571 1572 1544
t 1572 1573 1544
t 1573 1574 1544
t 1574 1575 1544
t 1575 1576 1544
t 1576 1577 1544
t 1577 1578 1544
t 1578 1579 1544
t 1579 1580 1544
t 1580 1581 1544
t 1581 1582 1544
t 1582 1583 1544
t 1583 1584 1544
t 1584 1585 1544
t 1585 1586 1544
t 1586 1587 1544
t 1587 1588 1544
t 1588 1589 1544
t 1589 1590 1544
t 1590 1591 1544
t 1591 1592 1544
t 1592 1593 1544
t 1593 1594 1544
t 1594 1595 1544
t 1595 1596 1544
t 1596 1597 1544
t 1597 1598 1544
t 1598 1599 1544
t 1599 1600 1544
t 1600 1543 1544
t 1600 1542 1543
t 1600 1541 1542
t 1600 1540 1541
t 1600 1539 1540
t 1600 1538 1539
t 1600 1537 1538
t 1600 1536 1537
t 1600 1535 1536
t 1600 1534 1535
t 1600 1533 1534
t 1600 1532 1533
t 1600 1531 1532
t 1600 1530 1531
t 1600 1529 1530
t 1600 1528 1529
t 1600 1527 1528
t 1600 1526 1527
t 1600 1525 1526
t 1600 1524 1525
t 1600 1523 1524
t 1600 1522 1523
t 1600 1521 1522
t 1600 1520 1521
t 1600 1519 1520
t 1600 1518 1519
t 1600 1517 1518
t 1600 1516 1517
t 1600 1515 1516
t 1600 1459 1515
t 1459 1460 1515
t 1460 1461 1515
t 1461 1462 1515
t 1462 1463 1515
t 1463 1464 1515
t 1464 1465 1515
t 1465 1466 1515
t 1466 1467 1515
t 1467 1468 1515
t 1468 1469 1515
t 1469 1470 1515
t 1470 1471 1515
t 1471 1472 1515
t 1472 1473 1515
t 1473 1474 1515
t 1474 1475 1515
t 1475 1476 1515
t 1476 1477 1515
t 1477 1478 1515
t 1478 1479 1515
t 1479 1480 1515
t 1480 1481 1515
t 1481 1482 1515
t 1482 1483 1515
t 1483 1484 1515
t 1484 1485 1515
t 1485 1486 1515
t 1486 1487 1515
t 1487 1488 1515
t 1488 1489 1515
t 1489 1490 1515
t 1490 1491 1515
t 1491 1492 1515
t 1492 1493 1515
t 1493 1494 1515
t 1494 1495 1515
t 1495 1496 1515
t 1496 1497 1515
t 1497 1498 1515
t 1498 1499 1515
t 1499 1500 1515
t 1500 1501 1515
t 1501 1502 1515
t 1502 1503 1515
t 1503 1504 1515
t 1504 1505 1515
t 1505 1506 1515
t 1506 1507 1515
t 1507 1508 1515
t 1508 1509 1515
t 1509 1510 1515
t 1510 1511 1515
t 1511 1512 1515
t 1512 1513 1515
t 1513 1514 1515
t 1742 1740 1741
t 1742 1743 1740
t 1743 1744 1740
t 1744 1745 1740
t 1745 1746 1740
t 1746 1747 1740
t 1747 1748 1740
t 1748 1749 1740
t 1749 1750 1740
t 1750 1751 1740
t 1751 1752 1740
t 1752 1753 1740
t 1753 1754 1740
t 1754 1755 1740
t 1755 1756 1740
t 1756 1757 1740
t 1757 1758 1740
t 1758 1759 1740
t 1759 1760 1740
t 1760 1761 1740
t 1761 1762 1740
t 1762 1763 1740
t 1763 1764 1740
t 1764 1765 1740
t 1765 1766 1740
t 1766 1767 1740
t 1767 1768 1740
t 1768 1769 1740
t 1769 1770 1740
t 1770 1771 1740
t 1771 1772 1740
t 1772 1773 1740
t 1773 1774 1740
t 1774 1775 1740
t 1775 1776 1740
t 1776 1777 1740
t 1777 1778 1740
t 1778 1779 1740
t 1779 1780 1740
t 1780 1781 1740
t 1781 1782 1740
t 1782 1783 1740
t 1783 1784 1740
t 1784 1785 1740
t 1785 1786 1740
t 1786 1787 1740
t 1787 1788 1740
t 1788 1789 1740
t 1789 1790 1740
t 1790 1791 1740
t 1791 1792 1740
t 1792 1793 1740
t 1793 1794 1740
t 1794 1795 1740
t 1795 1796 1740
t 1796 1739 1740
t 1796 1738 1739
t 1796 1737 1738
t 1796 1736 1737
t 1796 1735 1736
t 1796 1734 1735
t 1796 1733 1734
t 1796 1732 1733
t 1796 1731 1732
t 1796 1730 1731
t 1796 1729 1730
t 1796 1728 1729
t 1796 1727 1728
t 1796 1726 1727
t 1796 1725 1726
t 1796 1724 1725
t 1796 1723 1724
t 1796 1722 1723
t 1796 1721 1722
t 1796 1720 1721
t 1796 1719 1720
t 1796 1718 1719
t 1796 1717 1718
t 1796 1716 1717
t 1796 1715 1716
t 1796 1714 1715
t 1796 1713 1714
t 1796 1712 1713
t 1796 1711 1712
t 1796 1655 1711
t 1655 1656 1711
t 1656 1657 1711
t 1657 1658 1711
t 1658 1659 1711
t 1659 1660 1711
t 1660 1661 1711
t 1661 1662 1711
t 1662 1663 1711
t 1663 1664 1711
t 1664 1665 1711
t 1665 1666 1711
t 1666 1667 1711
t 1667 1668 1711
t 1668 1669 1711
t 1669 1670 1711
t 1670 1671 1711
t 1671 1672 1711
t 1672 1673 1711
t 1673 1674 1711
t 1674 1675 1711
t 1675 1676 1711
t 1676 1677 1711
t 1677 1678 1711
t 1678 1679 1711
t 1679 1680 1711
t 1680 1681 1711
t 1681 1682 1711
t 1682 1683 1711
t 1683 1684 1711
t 1684 1685 1711
t 1685 1686 1711
t 1686 1687 1711
t 1687 1688 1711
t 1688 1689 1711
t 1689 1690 1711
t 1690 1691 1711
t 1691 1692 1711
t 1692 1693 1711
t 1693 1694 1711
t 1694 1695 1711
t 1695 1696 1711
t 1696 1697 1711
t 1697 1698 1711
t 1698 1699 1711
t 1699 1700 1711
t 1700 1701 1711
t 1701 1702 1711
t 1702 1703 1711
t 1703 1704 1711
t 1704 1705 1711
t 1705 1706 1711
t 1706 1707 1711
t 1707 1708 1711
t 1708 1709 1711
t 1709 1710 1711
