m=842
p 0.554849423 1.258080726
p 0.587691599 1.243078269
p 0.620128531 1.227218646
p 0.652137853 1.210512792
p 0.683697492 1.192972229
p 0.714785688 1.174609050
p 0.745381002 1.155435919
p 0.775462338 1.135466055
p 0.805008953 1.114713230
p 0.834000473 1.093191754
p 0.862416908 1.070916466
p 0.890238662 1.047902726
p 0.917446552 1.024166405
p 0.944021815 0.999723868
p 0.969946127 0.974591971
p 0.995201612 0.948788043
p 1.019770855 0.922329878
p 1.043636914 0.895235719
p 1.066783332 0.867524249
p 1.089194148 0.839214578
p 1.110853910 0.810326225
p 1.131747682 0.780879111
p 1.151861055 0.750893541
p 1.171180162 0.720390191
p 1.189691681 0.689390096
p 1.207382846 0.657914631
p 1.224241460 0.625985501
p 1.240255897 0.593624722
p 1.255415114 0.560854608
p 1.269708658 0.527697757
p 1.283126674 0.494177031
p 1.295659909 0.460315545
p 1.307299720 0.426136648
p 1.318038081 0.391663908
p 1.327867588 0.356921095
p 1.336781463 0.321932168
p 1.344773559 0.286721252
p 1.351838365 0.251312627
p 1.357971009 0.215730709
p 1.363167011 0.180000000
p 1.515000000 0.180000000
p 1.515000000 0.000000000
p 1.324912965 0.000000000
p 1.324618532 0.027830722
p 1.323736517 0.055648937
p 1.322268847 0.083442494
p 1.320217450 0.111199241
p 1.317584252 0.138907028
p 1.314371179 0.166553703
p 1.310580160 0.194127115
p 1.306213121 0.221615113
p 1.301271988 0.249005547
p 1.295758689 0.276286264
p 1.289675150 0.303445114
p 1.283023300 0.330469945
p 1.275805063 0.357348608
p 1.268022368 0.384068949
p 1.259677142 0.410618820
p 1.250772065 0.436986304
p 1.241312240 0.463160244
p 1.231303251 0.489129637
p 1.220750685 0.514883476
p 1.209660126 0.540410757
p 1.198037161 0.565700474
p 1.185887374 0.590741622
p 1.173216352 0.615523197
p 1.160029679 0.640034192
p 1.146332942 0.664263603
p 1.132131725 0.688200425
p 1.117431614 0.711833652
p 1.102238195 0.735152279
p 1.086557053 0.758145302
p 1.070393775 0.780801716
p 1.053754733 0.803111089
p 1.036648324 0.825064464
p 1.019083270 0.846653121
p 1.001068292 0.867868339
p 0.982612113 0.888701398
p 0.963723452 0.909143578
p 0.944411033 0.929186158
p 0.924683576 0.948820418
p 0.904549803 0.968037637
p 0.884018435 0.986829094
p 0.863098193 1.005186070
p 0.841797800 1.023099843
p 0.820125977 1.040561694
p 0.798091445 1.057562902
p 0.775702930 1.074094751
p 0.752969812 1.090149436
p 0.729902847 1.105721057
p 0.706512964 1.120803955
p 0.682811090 1.135392470
p 0.658808156 1.149480945
p 0.634515090 1.163063718
p 0.609942820 1.176135132
p 0.585102276 1.188689527
p 0.560004386 1.200721244
p 0.534660079 1.212224625
p 0.532701758 1.213113420
p 0.530774197 1.214037645
p 0.528876958 1.214997259
p 0.527009604 1.215992219
p 0.525171697 1.217022486
p 0.523362800 1.218088019
p 0.521582476 1.219188776
p 0.519830288 1.220324717
p 0.518105797 1.221495800
p 0.516408568 1.222701986
p 0.514738162 1.223943232
p 0.513094142 1.225219499
p 0.511476070 1.226530744
p 0.509883514 1.227876926
p 0.508316472 1.229257790
p 0.506775786 1.230672665
p 0.505262395 1.232120838
p 0.503777235 1.233601592
p 0.502321246 1.235114210
p 0.500895366 1.236657978
p 0.499500533 1.238232178
p 0.498137684 1.239836096
p 0.496807759 1.241469016
p 0.495511694 1.243130220
p 0.494250429 1.244818995
p 0.493024902 1.246534623
p 0.491836050 1.248276389
p 0.490684798 1.250043567
p 0.489571768 1.251835228
p 0.488497278 1.253650237
p 0.487461632 1.255487447
p 0.486465135 1.257345714
p 0.485508090 1.259223894
p 0.484590803 1.261120841
p 0.483713578 1.263035412
p 0.482876719 1.264966460
p 0.482080532 1.266912842
p 0.481325320 1.268873413
p 0.480611388 1.270847028
p 0.479939040 1.272832542
p 0.479308581 1.274828810
p 0.478720308 1.276834795
p 0.478174443 1.278850395
p 0.477671175 1.280875987
p 0.477210690 1.282911954
p 0.476793175 1.284958680
p 0.476418816 1.287016545
p 0.476087800 1.289085934
p 0.475800314 1.291167227
p 0.475556544 1.293260809
p 0.475356678 1.295367061
p 0.475200901 1.297486365
p 0.475089400 1.299619105
p 0.475022363 1.301765662
p 0.474999976 1.303926419
p 0.475000000 1.325000000
p 0.474743301 1.335129834
p 0.473973865 1.345233664
p 0.472693665 1.355285556
p 0.470905988 1.365259704
p 0.468615424 1.375130506
p 0.465827851 1.384872625
p 0.462550426 1.394461051
p 0.458791562 1.403871171
p 0.454560908 1.413078830
p 0.449869323 1.422060393
p 0.444728851 1.430792802
p 0.439152688 1.439253643
p 0.433155147 1.447421197
p 0.426751625 1.455274497
p 0.419958557 1.462793384
p 0.412793384 1.469958557
p 0.405274497 1.476751625
p 0.397421197 1.483155147
p 0.389253643 1.489152688
p 0.380792802 1.494728851
p 0.372060393 1.499869323
p 0.363078830 1.504560908
p 0.353871171 1.508791562
p 0.344461051 1.512550426
p 0.334872625 1.515827851
p 0.325130506 1.518615424
p 0.315259704 1.520905988
p 0.305285556 1.522693665
p 0.295233664 1.523973865
p 0.285129834 1.524743301
p 0.275000000 1.525000000
p -0.625000000 1.525000000
p -0.632937827 1.524842415
p -0.640863144 1.524369909
p -0.648763464 1.523583226
p -0.656626336 1.522483607
p -0.664439370 1.521072783
p -0.672190254 1.519352978
p -0.679866772 1.517326902
p -0.687456829 1.514997749
p -0.694948464 1.512369187
p -0.702329870 1.509445361
p -0.709589417 1.506230876
p -0.716715663 1.502730800
p -0.723697379 1.498950646
p -0.730523563 1.494896373
p -0.737183459 1.490574369
p -0.743666570 1.485991445
p -0.749962680 1.481154822
p -0.756061869 1.476072124
p -0.761954523 1.470751359
p -0.767631359 1.465200911
p -0.773083428 1.459429529
p -0.778302141 1.453446306
p -0.783279273 1.447260671
p -0.788006981 1.440882372
p -0.792477815 1.434321459
p -0.796684729 1.427588273
p -0.800621094 1.420693424
p -0.804280707 1.413647776
p -0.807657801 1.406462432
p -0.810747054 1.399148716
p -0.813543597 1.391718153
p -0.814336580 1.389553220
p -0.815171594 1.387421089
p -0.816048588 1.385321251
p -0.816967507 1.383253194
p -0.817928298 1.381216409
p -0.818930909 1.379210385
p -0.819975286 1.377234610
p -0.821061376 1.375288576
p -0.822189125 1.373371770
p -0.823358482 1.371483683
p -0.824569391 1.369623804
p -0.825821801 1.367791623
p -0.827115658 1.365986628
p -0.828450906 1.364208314
p -0.829827247 1.362456707
p -0.831243903 1.360732865
p -0.832700044 1.359037966
p -0.834194841 1.357373186
p -0.835727463 1.355739703
p -0.837297079 1.354138695
p -0.838902860 1.352571339
p -0.840543973 1.351038812
p -0.842219590 1.349542291
p -0.843928880 1.348082954
p -0.845671013 1.346661978
p -0.847445157 1.345280541
p -0.849250484 1.343939819
p -0.851086149 1.342640975
p -0.852951036 1.341384792
p -0.854843749 1.340171683
p -0.856762883 1.339002041
p -0.858707031 1.337876260
p -0.860674786 1.336794735
p -0.862664743 1.335757859
p -0.864675495 1.334766026
p -0.866705636 1.333819632
p -0.868753759 1.332919070
p -0.870818459 1.332064733
p -0.872898328 1.331257017
p -0.874991961 1.330496316
p -0.877097951 1.329783023
p -0.879215025 1.329117519
p -0.881343054 1.328500065
p -0.883482506 1.327930861
p -0.885633849 1.327410108
p -0.887797553 1.326938003
p -0.889974089 1.326514747
p -0.892163927 1.326140538
p -0.894367535 1.325815578
p -0.896585384 1.325540064
p -0.898817944 1.325314196
p -0.901065686 1.325138174
p -0.903329077 1.325012197
p -0.905608590 1.324936464
p -0.907904693 1.324911176
p -1.428259529 1.324912965
p -1.430504197 1.324912985
p -1.432747797 1.324913047
p -1.434990325 1.324913150
p -1.437231771 1.324913296
p -1.439472132 1.324913485
p -1.441711398 1.324913718
p -1.443949565 1.324913994
p -1.446186624 1.324914314
p -1.448422571 1.324914680
p -1.450657397 1.324915091
p -1.452891096 1.324915548
p -1.455123663 1.324916052
p -1.457355089 1.324916602
p -1.459585368 1.324917200
p -1.461814494 1.324917847
p -1.464042461 1.324918542
p -1.466269260 1.324919286
p -1.468494887 1.324920079
p -1.470719335 1.324920923
p -1.472942614 1.324921816
p -1.475164745 1.324922758
p -1.477385746 1.324923747
p -1.479605639 1.324924782
p -1.481824443 1.324925861
p -1.484042177 1.324926984
p -1.486258862 1.324928150
p -1.488474518 1.324929356
p -1.490689165 1.324930603
p -1.492902822 1.324931888
p -1.495115509 1.324933212
p -1.497327247 1.324934571
p -1.499538056 1.324935966
p -1.501747954 1.324937394
p -1.503956963 1.324938856
p -1.506165102 1.324940349
p -1.508372391 1.324941872
p -1.510578850 1.324943425
p -1.512784489 1.324945005
p -1.514989302 1.324946609
p -1.517193283 1.324948235
p -1.519396425 1.324949879
p -1.521598722 1.324951539
p -1.523800166 1.324953211
p -1.526000752 1.324954892
p -1.528200472 1.324956580
p -1.530399320 1.324958271
p -1.532597290 1.324959963
p -1.534794374 1.324961652
p -1.536990566 1.324963335
p -1.539185860 1.324965010
p -1.541380248 1.324966673
p -1.543573725 1.324968322
p -1.545766283 1.324969953
p -1.547957915 1.324971563
p -1.550148616 1.324973150
p -1.560628509 1.324857534
p -1.571031230 1.324502172
p -1.581358615 1.323908913
p -1.591612498 1.323079605
p -1.601794712 1.322016096
p -1.611907092 1.320720235
p -1.621951471 1.319193869
p -1.631929685 1.317438846
p -1.641843568 1.315457015
p -1.651694246 1.313250248
p -1.661478156 1.310820572
p -1.671189814 1.308170079
p -1.680823735 1.305300862
p -1.690374432 1.302215012
p -1.699836419 1.298914622
p -1.709204208 1.295401784
p -1.718472313 1.291678591
p -1.727635247 1.287747133
p -1.736687668 1.283609517
p -1.745625893 1.279267998
p -1.754447313 1.274724928
p -1.763149339 1.269982662
p -1.771729380 1.265043555
p -1.780184845 1.259909959
p -1.788513142 1.254584231
p -1.796711682 1.249068723
p -1.804777874 1.243365790
p -1.812709117 1.237477777
p -1.820502580 1.231406791
p -1.828155201 1.225154704
p -1.835663909 1.218723378
p -1.843025633 1.212114674
p -1.850237300 1.205330455
p -1.857295840 1.198372582
p -1.864198181 1.191242918
p -1.870941251 1.183943322
p -1.877521976 1.176475675
p -1.883937109 1.168842868
p -1.890183135 1.161049361
p -1.896256515 1.153099750
p -1.902153711 1.144998632
p -1.907871186 1.136750602
p -1.913405400 1.128360256
p -1.918752815 1.119832190
p -1.923909894 1.111171001
p -1.928873100 1.102381278
p -1.933639491 1.093465815
p -1.938207580 1.084422997
p -1.942576102 1.075250547
p -1.946743790 1.065946187
p -1.950709378 1.056507641
p -1.954471598 1.046932631
p -1.958029185 1.037218880
p -1.961380871 1.027364110
p -1.964525391 1.017366044
p -1.965259817 1.014928543
p -1.965992992 1.012488692
p -1.966724922 1.010046466
p -1.967455615 1.007601838
p -1.968185077 1.005154779
p -1.968913313 1.002705263
p -1.969640331 1.000253263
p -1.970366136 0.997798751
p -1.971090735 0.995341700
p -1.971814134 0.992882083
p -1.972536341 0.990419873
p -1.973257360 0.987955043
p -1.973977198 0.985487566
p -1.974695863 0.983017413
p -1.975413360 0.980544559
p -1.976129695 0.978068976
p -1.976844875 0.975590637
p -1.977558906 0.973109514
p -1.978271793 0.970625586
p -1.978983523 0.968138893
p -1.979694072 0.965649513
p -1.980403416 0.963157526
p -1.981111528 0.960663012
p -1.981818386 0.958166052
p -1.982523965 0.955666725
p -1.983228239 0.953165111
p -1.983931184 0.950661289
p -1.984632776 0.948155340
p -1.985332991 0.945647344
p -1.986031803 0.943137380
p -1.986729188 0.940625528
p -1.987425121 0.938111869
p -1.988119578 0.935596482
p -1.988812534 0.933079447
p -1.989503966 0.930560843
p -1.990193847 0.928040751
p -1.990882154 0.925519251
p -1.991568873 0.922996380
p -1.992254007 0.920472118
p -1.992937561 0.917946436
p -1.993619539 0.915419307
p -1.994299946 0.912890703
p -1.994978786 0.910360597
p -1.995656064 0.907828962
p -1.996331784 0.905295768
p -1.997005950 0.902760990
p -1.997678568 0.900224600
p -1.998349641 0.897686569
p -1.999019175 0.895146870
p -1.999687173 0.892605476
p -2.000353641 0.890062360
p -2.001018582 0.887517492
p -2.001682001 0.884970847
p -2.002343903 0.882422396
p -2.003004293 0.879872112
p -2.007015755 0.864207995
p -2.010954765 0.848525537
p -2.014821281 0.832825076
p -2.018615258 0.817106951
p -2.022336655 0.801371502
p -2.025985427 0.785619067
p -2.029561532 0.769849985
p -2.033064927 0.754064595
p -2.036495568 0.738263235
p -2.039853413 0.722446246
p -2.043138417 0.706613965
p -2.046350539 0.690766732
p -2.049489735 0.674904886
p -2.052555962 0.659028765
p -2.055549177 0.643138708
p -2.058469337 0.627235055
p -2.061316398 0.611318143
p -2.064090318 0.595388313
p -2.066791053 0.579445904
p -2.069418561 0.563491253
p -2.071972798 0.547524699
p -2.074453721 0.531546583
p -2.076861287 0.515557243
p -2.079195453 0.499557017
p -2.081456175 0.483546244
p -2.083643412 0.467525264
p -2.085757119 0.451494416
p -2.087797253 0.435454038
p -2.089763772 0.419404469
p -2.091656632 0.403346048
p -2.093475791 0.387279114
p -2.095221204 0.371204006
p -2.096892829 0.355121063
p -2.098490623 0.339030624
p -2.100014543 0.322933027
p -2.101464546 0.306828613
p -2.102840588 0.290717718
p -2.104142626 0.274600684
p -2.105370618 0.258477847
p -2.106524520 0.242349548
p -2.107604289 0.226216125
p -2.108609883 0.210077917
p -2.109541257 0.193935264
p -2.110398368 0.177788503
p -2.111181175 0.161637974
p -2.111889633 0.145484016
p -2.112523700 0.129326967
p -2.113083332 0.113167168
p -2.113568486 0.097004955
p -2.113979119 0.080840670
p -2.114315189 0.064674649
p -2.114576651 0.048507233
p -2.114763463 0.032338760
p -2.114875582 0.016169570
p -2.114912965 0.000000000
p -2.165000000 0.000000000
p -2.164967220 0.015287816
p -2.164868882 0.030575351
p -2.164704987 0.045862323
p -2.164475539 0.061148452
p -2.164180541 0.076433457
p -2.163819998 0.091717056
p -2.163393919 0.106998968
p -2.162902310 0.122278913
p -2.162345180 0.137556609
p -2.161722540 0.152831775
p -2.161034400 0.168104131
p -2.160280775 0.183373396
p -2.159461677 0.198639288
p -2.158577122 0.213901527
p -2.157627126 0.229159833
p -2.156611707 0.244413925
p -2.155530882 0.259663522
p -2.154384673 0.274908343
p -2.153173099 0.290148110
p -2.151896184 0.305382540
p -2.150553951 0.320611355
p -2.149146424 0.335834274
p -2.147673630 0.351051017
p -2.146135595 0.366261304
p -2.144532348 0.381464856
p -2.142863918 0.396661393
p -2.141130336 0.411850635
p -2.139331633 0.427032304
p -2.137467844 0.442206119
p -2.135539002 0.457371803
p -2.133545142 0.472529075
p -2.131486302 0.487677658
p -2.129362519 0.502817273
p -2.127173832 0.517947641
p -2.124920282 0.533068484
p -2.122601909 0.548179525
p -2.120218757 0.563280484
p -2.117770869 0.578371085
p -2.115258291 0.593451050
p -2.112681068 0.608520101
p -2.110039248 0.623577962
p -2.107332880 0.638624356
p -2.104562013 0.653659005
p -2.101726699 0.668681634
p -2.098826988 0.683691966
p -2.095862936 0.698689725
p -2.092834596 0.713674636
p -2.089742024 0.728646422
p -2.086585276 0.743604809
p -2.083364412 0.758549521
p -2.080079489 0.773480284
p -2.076730569 0.788396823
p -2.073317713 0.803298863
p -2.069840984 0.818186131
p -2.066300446 0.833058352
p -2.062696164 0.847915254
p -2.059028203 0.862756563
p -2.055296633 0.877582007
p -2.051501521 0.892391312
p -2.050886286 0.894767479
p -2.050269415 0.897143223
p -2.049650909 0.899518541
p -2.049030768 0.901893433
p -2.048408991 0.904267897
p -2.047785580 0.906641933
p -2.047160535 0.909015538
p -2.046533855 0.911388713
p -2.045905542 0.913761456
p -2.045275595 0.916133766
p -2.044644015 0.918505641
p -2.044010802 0.920877081
p -2.043375956 0.923248085
p -2.042739478 0.925618650
p -2.042101368 0.927988777
p -2.041461627 0.930358465
p -2.040820254 0.932727711
p -2.040177250 0.935096515
p -2.039532615 0.937464875
p -2.038886349 0.939832791
p -2.038238454 0.942200262
p -2.037588929 0.944567286
p -2.036937774 0.946933863
p -2.036284990 0.949299990
p -2.035630576 0.951665668
p -2.034974535 0.954030894
p -2.034316865 0.956395668
p -2.033657567 0.958759989
p -2.032996641 0.961123855
p -2.032334088 0.963487266
p -2.031669908 0.965850219
p -2.031004101 0.968212715
p -2.030336667 0.970574752
p -2.029667608 0.972936329
p -2.028996922 0.975297445
p -2.028324612 0.977658099
p -2.027650676 0.980018289
p -2.026975115 0.982378014
p -2.026297930 0.984737274
p -2.025619120 0.987096067
p -2.024938687 0.989454392
p -2.024256630 0.991812247
p -2.023572950 0.994169633
p -2.022887646 0.996526548
p -2.022200721 0.998882990
p -2.021512173 1.001238958
p -2.020822003 1.003594452
p -2.020130211 1.005949471
p -2.019436799 1.008304012
p -2.018741765 1.010658075
p -2.018045111 1.013011660
p -2.017346836 1.015364764
p -2.016646941 1.017717387
p -2.015945427 1.020069527
p -2.015242294 1.022421184
p -2.014537541 1.024772356
p -2.013831170 1.027123042
p -2.013123181 1.029473241
p -2.012413584 1.031822956
p -2.008938386 1.042857862
p -2.005230199 1.053750603
p -2.001289947 1.064503628
p -1.997118552 1.075119385
p -1.992716936 1.085600322
p -1.988086023 1.095948888
p -1.983226735 1.106167527
p -1.978140606 1.116256844
p -1.972830847 1.126212356
p -1.967300960 1.136028706
p -1.961554445 1.145700539
p -1.955594803 1.155222502
p -1.949425535 1.164589237
p -1.943050143 1.173795397
p -1.936472105 1.182836312
p -1.929694862 1.191708640
p -1.922721850 1.200409189
p -1.915556504 1.208934769
p -1.908202260 1.217282187
p -1.900662553 1.225448252
p -1.892940822 1.233429774
p -1.885040615 1.241223588
p -1.876965632 1.248826565
p -1.868719586 1.256235578
p -1.860306189 1.263447502
p -1.851729154 1.270459211
p -1.842992192 1.277267577
p -1.834099022 1.283869485
p -1.825053530 1.290262053
p -1.815859763 1.296442631
p -1.806521779 1.302408581
p -1.797043632 1.308157264
p -1.787429380 1.313686040
p -1.777683078 1.318992272
p -1.767808781 1.324073331
p -1.757810537 1.328926742
p -1.747692384 1.333550141
p -1.737458361 1.337941165
p -1.727112508 1.342097451
p -1.716658865 1.346016637
p -1.706101470 1.349696359
p -1.695444509 1.353134296
p -1.684693442 1.356328466
p -1.673854382 1.359277067
p -1.662933449 1.361978298
p -1.651936765 1.364430356
p -1.640870448 1.366631441
p -1.629740619 1.368579750
p -1.618552484 1.370273505
p -1.607305906 1.371711062
p -1.595998820 1.372890823
p -1.584629153 1.373811194
p -1.573194835 1.374470578
p -1.561693797 1.374867378
p -1.550123967 1.375000000
p -1.428259529 1.375000000
p -0.907864832 1.374999443
p -0.906714947 1.375012148
p -0.905573463 1.375050140
p -0.904440153 1.375113305
p -0.903314791 1.375201534
p -0.902197150 1.375314713
p -0.901087005 1.375452730
p -0.899984129 1.375615474
p -0.898888295 1.375802832
p -0.897799278 1.376014693
p -0.896716851 1.376250944
p -0.895640788 1.376511474
p -0.894570862 1.376796171
p -0.893506848 1.377104923
p -0.892448521 1.377437616
p -0.891395941 1.377794117
p -0.890349720 1.378174240
p -0.889310531 1.378577799
p -0.888279050 1.379004606
p -0.887255952 1.379454471
p -0.886241910 1.379927207
p -0.885237598 1.380422626
p -0.884243693 1.380940539
p -0.883260868 1.381480758
p -0.882289797 1.382043096
p -0.881331156 1.382627364
p -0.880385618 1.383233373
p -0.879453859 1.383860936
p -0.878536547 1.384509856
p -0.877634246 1.385179738
p -0.876747406 1.385869986
p -0.875876477 1.386579999
p -0.875021906 1.387309173
p -0.874184142 1.388056906
p -0.873363633 1.388822595
p -0.872560826 1.389605637
p -0.871776170 1.390405429
p -0.871010114 1.391221369
p -0.870263104 1.392052853
p -0.869535590 1.392899279
p -0.868828019 1.393760043
p -0.868140840 1.394634544
p -0.867474471 1.395522230
p -0.866829077 1.396422997
p -0.866204693 1.397336973
p -0.865601350 1.398264288
p -0.865019081 1.399205070
p -0.864457920 1.400159449
p -0.863917899 1.401127555
p -0.863399051 1.402109517
p -0.862901408 1.403105463
p -0.862425003 1.404115524
p -0.861969870 1.405139830
p -0.861536040 1.406178508
p -0.861123548 1.407231689
p -0.860732424 1.408299502
p -0.857223339 1.417586829
p -0.853364227 1.426733869
p -0.849144989 1.435720476
p -0.844572281 1.444532479
p -0.839653311 1.453155983
p -0.834395839 1.461577387
p -0.828808154 1.469783412
p -0.822899068 1.477761117
p -0.816677900 1.485497921
p -0.810154460 1.492981623
p -0.803339036 1.500200423
p -0.796242376 1.507142935
p -0.788875670 1.513798212
p -0.781250535 1.520155759
p -0.773378998 1.526205549
p -0.765273470 1.531938043
p -0.756946734 1.537344200
p -0.748411921 1.542415496
p -0.739682490 1.547143932
p -0.730772208 1.551522052
p -0.721695125 1.555542952
p -0.712465556 1.559200291
p -0.703098056 1.562488302
p -0.693607397 1.565401799
p -0.684008546 1.567936188
p -0.674316640 1.570087472
p -0.664546962 1.571852259
p -0.654714920 1.573227765
p -0.644836018 1.574211822
p -0.634925836 1.574802878
p -0.625000000 1.575000000
p 0.275000000 1.575000000
p 0.287662292 1.574679127
p 0.300292080 1.573717331
p 0.312856944 1.572117081
p 0.325324630 1.569882485
p 0.337663133 1.567019280
p 0.349840781 1.563534814
p 0.361826313 1.559438033
p 0.373588964 1.554739453
p 0.385098538 1.549451135
p 0.396325491 1.543586654
p 0.407241003 1.537161064
p 0.417817054 1.530190860
p 0.428026496 1.522693934
p 0.437843121 1.514689531
p 0.447241730 1.506198197
p 0.456198197 1.497241730
p 0.464689531 1.487843121
p 0.472693934 1.478026496
p 0.480190860 1.467817054
p 0.487161064 1.457241003
p 0.493586654 1.446325491
p 0.499451135 1.435098538
p 0.504739453 1.423588964
p 0.509438033 1.411826313
p 0.513534814 1.399840781
p 0.517019280 1.387663133
p 0.519882485 1.375324630
p 0.522117081 1.362856944
p 0.523717331 1.350292080
p 0.524679127 1.337662292
p 0.525000000 1.325000000
p 0.525000000 1.303926383
p 0.525011030 1.302827571
p 0.525044097 1.301738127
p 0.525099161 1.300657838
p 0.525176187 1.299586487
p 0.525275136 1.298523860
p 0.525395972 1.297469744
p 0.525538656 1.296423921
p 0.525703151 1.295386179
p 0.525889421 1.294356302
p 0.526097427 1.293334075
p 0.526327132 1.292319285
p 0.526578499 1.291311715
p 0.526851490 1.290311151
p 0.527146068 1.289317378
p 0.527462195 1.288330183
p 0.527799834 1.287349349
p 0.528158948 1.286374662
p 0.528539500 1.285405908
p 0.528941432 1.284442913
p 0.529364469 1.283485997
p 0.529808192 1.282535795
p 0.530272182 1.281592948
p 0.530756018 1.280658095
p 0.531259280 1.279731878
p 0.531781546 1.278814938
p 0.532322398 1.277907916
p 0.532881415 1.277011451
p 0.533458175 1.276126184
p 0.534052259 1.275252757
p 0.534663247 1.274391810
p 0.535290718 1.273543983
p 0.535934252 1.272709918
p 0.536593428 1.271890255
p 0.537267826 1.271085634
p 0.537957026 1.270296697
p 0.538660607 1.269524084
p 0.539378153 1.268768431
p 0.540109481 1.268030116
p 0.540854770 1.267309116
p 0.541614229 1.266605373
p 0.542388069 1.265918828
p 0.543176500 1.265249426
p 0.543979732 1.264597106
p 0.544797974 1.263961812
p 0.545631438 1.263343486
p 0.546480332 1.262742069
p 0.547344867 1.262157505
p 0.548225254 1.261589735
p 0.549121701 1.261038701
p 0.550034419 1.260504346
p 0.550963618 1.259986612
p 0.551909507 1.259485440
p 0.552872298 1.259000774
p 0.553852200 1.258532555
t 1 0 841
t 787 786 785
t 785 784 783
t 783 782 781
t 781 780 779
t 779 778 777
t 777 776 775
t 775 774 773
t 773 772 771
t 771 770 769
t 769 768 767
t 767 766 765
t 765 764 763
t 763 762 761
t 761 760 759
t 759 758 757
t 757 756 755
t 755 754 753
t 753 752 751
t 751 750 749
t 749 748 747
t 747 746 745
t 745 744 743
t 743 742 741
t 741 740 739
t 739 738 737
t 737 736 735
t 735 734 733
t 733 732 731
t 731 730 729
t 729 728 727
t 727 726 725
t 725 724 723
t 666 665 664
t 664 663 662
t 662 661 660
t 660 659 658
t 658 657 656
t 656 655 654
t 654 653 652
t 652 651 650
t 650 649 648
t 648 647 646
t 646 645 644
t 644 643 642
t 642 641 640
t 640 639 638
t 638 637 636
t 636 635 634
t 634 633 632
t 632 631 630
t 630 629 628
t 628 627 626
t 626 625 624
t 624 623 622
t 622 621 620
t 620 619 618
t 618 617 616
t 616 615 614
t 614 613 612
t 612 611 610
t 610 609 608
t 608 607 606
t 606 605 604
t 604 603 602
t 602 601 600
t 600 599 598
t 598 597 596
t 596 595 594
t 594 593 592
t 592 591 590
t 590 589 588
t 588 587 586
t 586 585 584
t 584 583 582
t 582 581 580
t 580 579 578
t 578 577 576
t 576 575 574
t 574 573 572
t 572 571 570
t 570 569 568
t 568 567 566
t 566 565 564
t 564 563 562
t 562 561 560
t 560 559 558
t 558 557 556
t 556 555 554
t 554 553 552
t 552 551 550
t 550 549 548
t 548 547 546
t 546 545 544
t 544 543 542
t 542 541 540
t 540 539 538
t 538 537 536
t 536 535 534
t 534 533 532
t 532 531 530
t 530 529 528
t 528 527 526
t 526 525 524
t 524 523 522
t 522 521 520
t 520 519 518
t 518 517 516
t 516 515 514
t 514 513 512
t 512 511 510
t 510 509 508
t 508 507 506
t 506 505 504
t 504 503 502
t 502 501 500
t 500 499 498
t 498 497 496
t 496 495 494
t 494 493 492
t 319 318 317
t 317 316 315
t 315 314 313
t 313 312 311
t 311 310 309
t 309 308 307
t 307 306 305
t 305 304 303
t 303 302 301
t 301 300 299
t 299 298 297
t 297 296 295
t 295 294 293
t 293 292 291
t 291 290 289
t 289 288 287
t 287 286 285
t 285 284 283
t 283 282 281
t 281 280 279
t 279 278 277
t 277 276 275
t 271 274 273
t 273 272 271
t 271 270 269
t 269 268 267
t 267 266 265
t 265 264 263
t 263 262 261
t 261 260 259
t 259 258 257
t 257 256 255
t 255 254 253
t 253 252 251
t 251 250 249
t 249 248 247
t 247 246 245
t 245 244 243
t 243 242 241
t 241 240 239
t 239 238 237
t 237 236 235
t 235 234 233
t 233 232 231
t 231 230 229
t 229 228 227
t 227 226 225
t 225 224 223
t 223 222 221
t 221 220 219
t 219 218 217
t 153 152 151
t 151 150 149
t 149 148 147
t 147 146 145
t 145 144 143
t 143 142 141
t 141 140 139
t 139 138 137
t 137 136 135
t 135 134 133
t 133 132 131
t 131 130 129
t 129 128 127
t 127 126 125
t 125 124 123
t 123 122 121
t 121 120 119
t 119 118 117
t 117 116 115
t 115 114 113
t 113 112 111
t 111 110 109
t 109 108 107
t 107 106 105
t 105 104 103
t 103 102 101
t 101 100 99
t 99 98 97
t 43 42 41
t 41 40 39
t 39 38 37
t 37 36 35
t 35 34 33
t 33 32 31
t 31 30 29
t 29 28 27
t 27 26 25
t 25 24 23
t 23 22 21
t 21 20 19
t 19 18 17
t 17 16 15
t 15 14 13
t 13 12 11
t 11 10 9
t 9 8 7
t 7 6 5
t 5 4 3
t 3 2 1
t 787 785 783
t 783 781 779
t 779 777 775
t 775 773 771
t 771 769 767
t 767 765 763
t 763 761 759
t 759 757 755
t 755 753 751
t 751 749 747
t 747 745 743
t 743 741 739
t 739 737 735
t 735 733 731
t 731 729 727
t 727 725 723
t 668 667 664
t 667 666 664
t 664 662 660
t 660 658 656
t 656 654 652
t 652 650 648
t 648 646 644
t 644 642 640
t 640 638 636
t 636 634 632
t 632 630 628
t 628 626 624
t 624 622 620
t 620 618 616
t 616 614 612
t 612 610 608
t 608 606 604
t 604 602 600
t 600 598 596
t 596 594 592
t 592 590 588
t 588 586 584
t 584 582 580
t 580 578 576
t 576 574 572
t 572 570 568
t 568 566 564
t 564 562 560
t 560 558 556
t 556 554 552
t 552 550 548
t 548 546 544
t 544 542 540
t 540 538 536
t 536 534 532
t 532 530 528
t 528 526 524
t 524 522 520
t 520 518 516
t 516 514 512
t 512 510 508
t 508 506 504
t 504 502 500
t 500 498 496
t 496 494 492
t 319 317 315
t 315 313 311
t 311 309 307
t 307 305 303
t 303 301 299
t 299 297 295
t 295 293 291
t 291 289 287
t 287 285 283
t 283 281 279
t 279 277 275
t 271 275 274
t 271 269 267
t 267 265 263
t 263 261 259
t 259 257 255
t 255 253 251
t 251 249 247
t 247 245 243
t 243 241 239
t 239 237 235
t 235 233 231
t 231 229 227
t 227 225 223
t 223 221 219
t 219 217 216
t 153 151 149
t 149 147 145
t 145 143 141
t 141 139 137
t 137 135 133
t 133 131 129
t 129 127 125
t 125 123 121
t 121 119 117
t 117 115 113
t 113 111 109
t 109 107 105
t 105 103 101
t 101 99 97
t 44 43 41
t 39 37 35
t 35 33 31
t 31 29 27
t 27 25 23
t 23 21 19
t 19 17 15
t 15 13 11
t 11 9 7
t 7 5 3
t 3 1 841
t 788 787 783
t 783 779 775
t 775 771 767
t 767 763 759
t 759 755 751
t 751 747 743
t 743 739 735
t 735 731 727
t 727 723 722
t 668 664 660
t 660 656 652
t 652 648 644
t 644 640 636
t 636 632 628
t 628 624 620
t 620 616 612
t 612 608 604
t 604 600 596
t 596 592 588
t 588 584 580
t 580 576 572
t 572 568 564
t 564 560 556
t 556 552 548
t 548 544 540
t 540 536 532
t 532 528 524
t 524 520 516
t 516 512 508
t 508 504 500
t 500 496 492
t 320 319 315
t 315 311 307
t 307 303 299
t 299 295 291
t 291 287 283
t 283 279 275
t 275 271 267
t 267 263 259
t 259 255 251
t 251 247 243
t 243 239 235
t 235 231 227
t 227 223 219
t 219 216 215
t 153 149 145
t 145 141 137
t 137 133 129
t 129 125 121
t 121 117 113
t 113 109 105
t 105 101 97
t 45 44 41
t 39 35 31
t 31 27 23
t 23 19 15
t 15 11 7
t 7 3 841
t 789 788 783
t 783 775 767
t 767 759 751
t 751 743 735
t 735 727 722
t 668 660 652
t 652 644 636
t 636 628 620
t 620 612 604
t 604 596 588
t 588 580 572
t 572 564 556
t 556 548 540
t 540 532 524
t 524 516 508
t 508 500 492
t 320 315 307
t 307 299 291
t 291 283 275
t 275 267 259
t 259 251 243
t 243 235 227
t 227 219 215
t 154 153 145
t 145 137 129
t 129 121 113
t 113 105 97
t 46 45 41
t 39 31 23
t 23 15 7
t 7 841 840
t 789 783 767
t 751 735 722
t 669 668 652
t 652 636 620
t 620 604 588
t 588 572 556
t 556 540 524
t 524 508 492
t 321 320 307
t 307 291 275
t 275 259 243
t 243 227 215
t 154 145 129
t 129 113 97
t 47 46 41
t 7 840 839
t 790 789 767
t 751 722 721
t 620 588 556
t 524 492 491
t 322 321 307
t 307 275 243
t 243 215 214
t 155 154 129
t 129 97 96
t 48 47 41
t 7 839 838
t 791 790 767
t 751 721 720
t 620 556 524
t 524 491 490
t 323 322 307
t 243 214 213
t 156 155 129
t 129 96 95
t 49 48 41
t 792 791 767
t 751 720 719
t 524 490 489
t 243 323 307
t 243 213 212
t 156 129 95
t 50 49 41
t 793 792 767
t 751 719 718
t 524 489 488
t 243 324 323
t 243 212 211
t 157 156 95
t 51 50 41
t 794 793 767
t 751 718 717
t 524 488 487
t 325 324 243
t 243 211 210
t 158 157 95
t 51 41 39
t 795 794 767
t 751 717 716
t 524 487 486
t 326 325 243
t 159 158 95
t 52 51 39
t 796 795 767
t 751 716 715
t 524 486 485
t 327 326 243
t 160 159 95
t 53 52 39
t 797 796 767
t 751 715 714
t 524 485 484
t 328 327 243
t 54 53 39
t 798 797 767
t 751 714 713
t 524 484 483
t 55 54 39
t 799 798 767
t 751 713 712
t 524 483 482
t 56 55 39
t 800 799 767
t 751 712 711
t 524 482 481
t 57 56 39
t 801 800 767
t 751 711 710
t 524 481 480
t 58 57 39
t 802 801 767
t 751 710 709
t 524 480 479
t 59 58 39
t 803 802 767
t 751 709 708
t 524 479 478
t 60 59 39
t 804 803 767
t 751 708 707
t 524 478 477
t 61 60 39
t 805 804 767
t 751 707 706
t 524 477 476
t 61 39 23
t 806 805 767
t 751 706 705
t 524 476 475
t 62 61 23
t 807 806 767
t 751 705 704
t 524 475 474
t 63 62 23
t 751 704 703
t 524 474 473
t 64 63 23
t 751 703 702
t 524 473 472
t 65 64 23
t 751 702 701
t 524 472 471
t 66 65 23
t 751 701 700
t 524 471 470
t 67 66 23
t 751 700 699
t 524 470 469
t 68 67 23
t 524 469 468
t 69 68 23
t 524 468 467
t 70 69 23
t 524 467 466
t 71 70 23
t 524 466 465
t 72 71 23
t 524 465 464
t 73 72 23
t 524 464 463
t 74 73 23
t 524 463 462
t 75 74 23
t 524 462 461
t 76 75 23
t 524 461 460
t 77 76 23
t 524 460 459
t 78 77 23
t 524 459 458
t 79 78 23
t 524 458 457
t 80 79 23
t 524 457 456
t 81 80 23
t 524 456 455
t 81 23 7
t 620 524 455
t 82 81 7
t 620 455 454
t 83 82 7
t 620 454 453
t 84 83 7
t 620 453 452
t 85 84 7
t 620 452 451
t 86 85 7
t 620 451 450
t 87 86 7
t 620 450 449
t 88 87 7
t 620 449 448
t 89 88 7
t 620 448 447
t 90 89 7
t 620 447 446
t 91 90 7
t 620 446 445
t 92 91 7
t 620 445 444
t 93 92 7
t 620 444 443
t 94 93 7
t 620 443 442
t 95 94 7
t 620 442 441
t 95 7 838
t 620 441 440
t 95 838 837
t 620 440 439
t 95 837 836
t 620 439 438
t 95 836 835
t 620 438 437
t 95 835 834
t 620 437 436
t 95 834 833
t 620 436 435
t 95 833 832
t 620 435 434
t 95 832 831
t 620 434 433
t 95 831 830
t 620 433 432
t 95 830 829
t 620 432 431
t 95 829 828
t 620 431 430
t 95 828 827
t 620 430 429
t 95 827 826
t 620 429 428
t 95 826 825
t 620 428 427
t 95 825 824
t 620 427 426
t 95 824 823
t 620 426 425
t 95 823 822
t 620 425 424
t 95 822 821
t 620 424 423
t 95 821 820
t 620 423 422
t 95 820 819
t 620 422 421
t 95 819 818
t 620 421 420
t 95 818 817
t 620 420 419
t 95 817 816
t 620 419 418
t 95 816 815
t 620 418 417
t 95 815 814
t 620 417 416
t 95 814 813
t 620 416 415
t 160 95 813
t 620 415 414
t 160 813 812
t 620 414 413
t 161 160 812
t 620 413 412
t 162 161 812
t 620 412 411
t 163 162 812
t 620 411 410
t 163 812 811
t 620 410 409
t 163 811 810
t 620 409 408
t 163 810 809
t 620 408 407
t 163 809 808
t 620 407 406
t 163 808 807
t 620 406 405
t 163 807 767
t 620 405 404
t 164 163 767
t 620 404 403
t 165 164 767
t 620 403 402
t 166 165 767
t 620 402 401
t 167 166 767
t 620 401 400
t 168 167 767
t 620 400 399
t 169 168 767
t 620 399 398
t 170 169 767
t 620 398 397
t 171 170 767
t 620 397 396
t 172 171 767
t 620 396 395
t 173 172 767
t 620 395 394
t 174 173 767
t 620 394 393
t 175 174 767
t 620 393 392
t 176 175 767
t 620 392 391
t 177 176 767
t 620 391 390
t 178 177 767
t 620 390 389
t 179 178 767
t 620 389 388
t 180 179 767
t 620 388 387
t 181 180 767
t 620 387 386
t 182 181 767
t 620 386 385
t 183 182 767
t 620 385 384
t 184 183 767
t 620 384 383
t 185 184 767
t 620 383 382
t 185 767 751
t 620 382 381
t 186 185 751
t 620 381 380
t 187 186 751
t 620 380 379
t 188 187 751
t 620 379 378
t 189 188 751
t 620 378 377
t 190 189 751
t 620 377 376
t 191 190 751
t 620 376 375
t 192 191 751
t 620 375 374
t 193 192 751
t 620 374 373
t 194 193 751
t 620 373 372
t 195 194 751
t 620 372 371
t 196 195 751
t 620 371 370
t 197 196 751
t 620 370 369
t 198 197 751
t 620 369 368
t 199 198 751
t 620 368 367
t 200 199 751
t 620 367 366
t 201 200 751
t 620 366 365
t 202 201 751
t 620 365 364
t 203 202 751
t 620 364 363
t 204 203 751
t 620 363 362
t 204 751 699
t 620 362 361
t 205 204 699
t 652 620 361
t 206 205 699
t 652 361 360
t 207 206 699
t 652 360 359
t 208 207 699
t 652 359 358
t 209 208 699
t 652 358 357
t 210 209 699
t 652 357 356
t 243 210 699
t 652 356 355
t 243 699 698
t 652 355 354
t 243 698 697
t 652 354 353
t 243 697 696
t 652 353 352
t 243 696 695
t 652 352 351
t 243 695 694
t 652 351 350
t 243 694 693
t 652 350 349
t 243 693 692
t 652 349 348
t 243 692 691
t 652 348 347
t 243 691 690
t 652 347 346
t 243 690 689
t 652 346 345
t 243 689 688
t 652 345 344
t 243 688 687
t 652 344 343
t 243 687 686
t 652 343 342
t 243 686 685
t 652 342 341
t 243 685 684
t 652 341 340
t 243 684 683
t 652 340 339
t 243 683 682
t 652 339 338
t 243 682 681
t 652 338 337
t 243 681 680
t 652 337 336
t 243 680 679
t 652 336 335
t 243 679 678
t 652 335 334
t 243 678 677
t 652 334 333
t 243 677 676
t 652 333 332
t 243 676 675
t 652 332 331
t 243 675 674
t 652 331 330
t 243 674 673
t 669 652 330
t 243 673 672
t 670 669 330
t 243 672 671
t 671 670 330
t 328 243 671
t 671 330 329
t 329 328 671
