type=Torus forward=true n_boundary=117 n_holes=0 n_interior=437 n_tris=359 label=brep62542_f199_Torus
boundary
b 3.141592654 5.445045706
b 3.174256966 5.446373504
b 3.205876789 5.451253927
b 3.236450471 5.459429658
b 3.265986864 5.470659129
b 3.294499651 5.484721966
b 3.321976044 5.501458832
b 3.348394552 5.520743229
b 3.373741240 5.542458548
b 3.398007651 5.566497143
b 3.421165019 5.592726620
b 3.443167643 5.620988335
b 3.463976084 5.651127655
b 3.483557431 5.682998404
b 3.501898931 5.716510935
b 3.519015749 5.751669344
b 3.534926939 5.788506730
b 3.549652329 5.827076737
b 3.563190785 5.867360413
b 3.575475360 5.909060478
b 3.586428656 5.951828283
b 3.595975022 5.995327751
b 3.604052499 6.039262845
b 3.610682942 6.083484473
b 3.615916630 6.127900876
b 3.619798040 6.172423001
b 3.622365075 6.216966018
b 3.623637644 6.261495756
b 3.623621192 6.306017851
b 3.622315825 6.350540144
b 3.619716324 6.395068191
b 3.615803233 6.439567517
b 3.610539427 6.483952656
b 3.603881261 6.528133747
b 3.595779330 6.572018106
b 3.586212509 6.615456604
b 3.575243039 6.658155614
b 3.562946820 6.699781881
b 3.549401539 6.739989587
b 3.534674254 6.778484097
b 3.518765122 6.815248393
b 3.501652945 6.850337909
b 3.483317227 6.883787547
b 3.463741426 6.915602927
b 3.442938372 6.945693673
b 3.420941985 6.973911663
b 3.397792770 7.000100499
b 3.373537517 7.024100072
b 3.348205517 7.045777729
b 3.321805087 7.065026715
b 3.294349953 7.081731371
b 3.265861357 7.095766141
b 3.236351938 7.106972542
b 3.205808110 7.115130927
b 3.174221116 7.120000526
b 3.141592654 7.121324909
b 3.141592654 7.094288147
b 3.141592654 7.067251386
b 3.141592654 7.040214625
b 3.141592654 7.013177863
b 3.141592654 6.986141102
b 3.141592654 6.959104341
b 3.141592654 6.932067579
b 3.141592654 6.905030818
b 3.141592654 6.877994057
b 3.141592654 6.850957295
b 3.141592654 6.823920534
b 3.141592654 6.796883773
b 3.141592654 6.769847011
b 3.141592654 6.742810250
b 3.141592654 6.715773489
b 3.141592654 6.688736727
b 3.141592654 6.661699966
b 3.141592654 6.634663205
b 3.141592654 6.607626443
b 3.141592654 6.580589682
b 3.141592654 6.553552921
b 3.141592654 6.526516159
b 3.141592654 6.499479398
b 3.141592654 6.472442637
b 3.141592654 6.445405875
b 3.141592654 6.418369114
b 3.141592654 6.391332353
b 3.141592654 6.364295591
b 3.141592654 6.337258830
b 3.141592654 6.310222069
b 3.141592654 6.283185307
b 3.141592654 6.256148546
b 3.141592654 6.229111785
b 3.141592654 6.202075023
b 3.141592654 6.175038262
b 3.141592654 6.148001501
b 3.141592654 6.120964739
b 3.141592654 6.093927978
b 3.141592654 6.066891216
b 3.141592654 6.039854455
b 3.141592654 6.012817694
b 3.141592654 5.985780932
b 3.141592654 5.958744171
b 3.141592654 5.931707410
b 3.141592654 5.904670648
b 3.141592654 5.877633887
b 3.141592654 5.850597126
b 3.141592654 5.823560364
b 3.141592654 5.796523603
b 3.141592654 5.769486842
b 3.141592654 5.742450080
b 3.141592654 5.715413319
b 3.141592654 5.688376558
b 3.141592654 5.661339796
b 3.141592654 5.634303035
b 3.141592654 5.607266274
b 3.141592654 5.580229512
b 3.141592654 5.553192751
b 3.141592654 5.526155990
b 3.141592654 5.499119228
b 3.141592654 5.472082467
interior
i 3.161677862 5.514890673
i 3.181763069 5.514890673
i 3.201848277 5.514890673
i 3.221933485 5.514890673
i 3.242018693 5.514890673
i 3.262103901 5.514890673
i 3.282189109 5.514890673
i 3.302274317 5.514890673
i 3.322359525 5.514890673
i 3.161677862 5.584735639
i 3.181763069 5.584735639
i 3.201848277 5.584735639
i 3.221933485 5.584735639
i 3.242018693 5.584735639
i 3.262103901 5.584735639
i 3.282189109 5.584735639
i 3.302274317 5.584735639
i 3.322359525 5.584735639
i 3.342444733 5.584735639
i 3.362529941 5.584735639
i 3.382615149 5.584735639
i 3.402700357 5.584735639
i 3.161677862 5.654580606
i 3.181763069 5.654580606
i 3.201848277 5.654580606
i 3.221933485 5.654580606
i 3.242018693 5.654580606
i 3.262103901 5.654580606
i 3.282189109 5.654580606
i 3.302274317 5.654580606
i 3.322359525 5.654580606
i 3.342444733 5.654580606
i 3.362529941 5.654580606
i 3.382615149 5.654580606
i 3.402700357 5.654580606
i 3.422785565 5.654580606
i 3.442870773 5.654580606
i 3.462955981 5.654580606
i 3.161677862 5.724425573
i 3.181763069 5.724425573
i 3.201848277 5.724425573
i 3.221933485 5.724425573
i 3.242018693 5.724425573
i 3.262103901 5.724425573
i 3.282189109 5.724425573
i 3.302274317 5.724425573
i 3.322359525 5.724425573
i 3.342444733 5.724425573
i 3.362529941 5.724425573
i 3.382615149 5.724425573
i 3.402700357 5.724425573
i 3.422785565 5.724425573
i 3.442870773 5.724425573
i 3.462955981 5.724425573
i 3.483041188 5.724425573
i 3.503126396 5.724425573
i 3.161677862 5.794270540
i 3.181763069 5.794270540
i 3.201848277 5.794270540
i 3.221933485 5.794270540
i 3.242018693 5.794270540
i 3.262103901 5.794270540
i 3.282189109 5.794270540
i 3.302274317 5.794270540
i 3.322359525 5.794270540
i 3.342444733 5.794270540
i 3.362529941 5.794270540
i 3.382615149 5.794270540
i 3.402700357 5.794270540
i 3.422785565 5.794270540
i 3.442870773 5.794270540
i 3.462955981 5.794270540
i 3.483041188 5.794270540
i 3.503126396 5.794270540
i 3.523211604 5.794270540
i 3.161677862 5.864115506
i 3.181763069 5.864115506
i 3.201848277 5.864115506
i 3.221933485 5.864115506
i 3.242018693 5.864115506
i 3.262103901 5.864115506
i 3.282189109 5.864115506
i 3.302274317 5.864115506
i 3.322359525 5.864115506
i 3.342444733 5.864115506
i 3.362529941 5.864115506
i 3.382615149 5.864115506
i 3.402700357 5.864115506
i 3.422785565 5.864115506
i 3.442870773 5.864115506
i 3.462955981 5.864115506
i 3.483041188 5.864115506
i 3.503126396 5.864115506
i 3.523211604 5.864115506
i 3.543296812 5.864115506
i 3.161677862 5.933960473
i 3.181763069 5.933960473
i 3.201848277 5.933960473
i 3.221933485 5.933960473
i 3.242018693 5.933960473
i 3.262103901 5.933960473
i 3.282189109 5.933960473
i 3.302274317 5.933960473
i 3.322359525 5.933960473
i 3.342444733 5.933960473
i 3.362529941 5.933960473
i 3.382615149 5.933960473
i 3.402700357 5.933960473
i 3.422785565 5.933960473
i 3.442870773 5.933960473
i 3.462955981 5.933960473
i 3.483041188 5.933960473
i 3.503126396 5.933960473
i 3.523211604 5.933960473
i 3.543296812 5.933960473
i 3.563382020 5.933960473
i 3.161677862 6.003805440
i 3.181763069 6.003805440
i 3.201848277 6.003805440
i 3.221933485 6.003805440
i 3.242018693 6.003805440
i 3.262103901 6.003805440
i 3.282189109 6.003805440
i 3.302274317 6.003805440
i 3.322359525 6.003805440
i 3.342444733 6.003805440
i 3.362529941 6.003805440
i 3.382615149 6.003805440
i 3.402700357 6.003805440
i 3.422785565 6.003805440
i 3.442870773 6.003805440
i 3.462955981 6.003805440
i 3.483041188 6.003805440
i 3.503126396 6.003805440
i 3.523211604 6.003805440
i 3.543296812 6.003805440
i 3.563382020 6.003805440
i 3.583467228 6.003805440
i 3.161677862 6.073650407
i 3.181763069 6.073650407
i 3.201848277 6.073650407
i 3.221933485 6.073650407
i 3.242018693 6.073650407
i 3.262103901 6.073650407
i 3.282189109 6.073650407
i 3.302274317 6.073650407
i 3.322359525 6.073650407
i 3.342444733 6.073650407
i 3.362529941 6.073650407
i 3.382615149 6.073650407
i 3.402700357 6.073650407
i 3.422785565 6.073650407
i 3.442870773 6.073650407
i 3.462955981 6.073650407
i 3.483041188 6.073650407
i 3.503126396 6.073650407
i 3.523211604 6.073650407
i 3.543296812 6.073650407
i 3.563382020 6.073650407
i 3.583467228 6.073650407
i 3.603552436 6.073650407
i 3.161677862 6.143495374
i 3.181763069 6.143495374
i 3.201848277 6.143495374
i 3.221933485 6.143495374
i 3.242018693 6.143495374
i 3.262103901 6.143495374
i 3.282189109 6.143495374
i 3.302274317 6.143495374
i 3.322359525 6.143495374
i 3.342444733 6.143495374
i 3.362529941 6.143495374
i 3.382615149 6.143495374
i 3.402700357 6.143495374
i 3.422785565 6.143495374
i 3.442870773 6.143495374
i 3.462955981 6.143495374
i 3.483041188 6.143495374
i 3.503126396 6.143495374
i 3.523211604 6.143495374
i 3.543296812 6.143495374
i 3.563382020 6.143495374
i 3.583467228 6.143495374
i 3.603552436 6.143495374
i 3.161677862 6.213340340
i 3.181763069 6.213340340
i 3.201848277 6.213340340
i 3.221933485 6.213340340
i 3.242018693 6.213340340
i 3.262103901 6.213340340
i 3.282189109 6.213340340
i 3.302274317 6.213340340
i 3.322359525 6.213340340
i 3.342444733 6.213340340
i 3.362529941 6.213340340
i 3.382615149 6.213340340
i 3.402700357 6.213340340
i 3.422785565 6.213340340
i 3.442870773 6.213340340
i 3.462955981 6.213340340
i 3.483041188 6.213340340
i 3.503126396 6.213340340
i 3.523211604 6.213340340
i 3.543296812 6.213340340
i 3.563382020 6.213340340
i 3.583467228 6.213340340
i 3.603552436 6.213340340
i 3.161677862 6.283185307
i 3.181763069 6.283185307
i 3.201848277 6.283185307
i 3.221933485 6.283185307
i 3.242018693 6.283185307
i 3.262103901 6.283185307
i 3.282189109 6.283185307
i 3.302274317 6.283185307
i 3.322359525 6.283185307
i 3.342444733 6.283185307
i 3.362529941 6.283185307
i 3.382615149 6.283185307
i 3.402700357 6.283185307
i 3.422785565 6.283185307
i 3.442870773 6.283185307
i 3.462955981 6.283185307
i 3.483041188 6.283185307
i 3.503126396 6.283185307
i 3.523211604 6.283185307
i 3.543296812 6.283185307
i 3.563382020 6.283185307
i 3.583467228 6.283185307
i 3.603552436 6.283185307
i 3.161677862 6.353030274
i 3.181763069 6.353030274
i 3.201848277 6.353030274
i 3.221933485 6.353030274
i 3.242018693 6.353030274
i 3.262103901 6.353030274
i 3.282189109 6.353030274
i 3.302274317 6.353030274
i 3.322359525 6.353030274
i 3.342444733 6.353030274
i 3.362529941 6.353030274
i 3.382615149 6.353030274
i 3.402700357 6.353030274
i 3.422785565 6.353030274
i 3.442870773 6.353030274
i 3.462955981 6.353030274
i 3.483041188 6.353030274
i 3.503126396 6.353030274
i 3.523211604 6.353030274
i 3.543296812 6.353030274
i 3.563382020 6.353030274
i 3.583467228 6.353030274
i 3.603552436 6.353030274
i 3.161677862 6.422875241
i 3.181763069 6.422875241
i 3.201848277 6.422875241
i 3.221933485 6.422875241
i 3.242018693 6.422875241
i 3.262103901 6.422875241
i 3.282189109 6.422875241
i 3.302274317 6.422875241
i 3.322359525 6.422875241
i 3.342444733 6.422875241
i 3.362529941 6.422875241
i 3.382615149 6.422875241
i 3.402700357 6.422875241
i 3.422785565 6.422875241
i 3.442870773 6.422875241
i 3.462955981 6.422875241
i 3.483041188 6.422875241
i 3.503126396 6.422875241
i 3.523211604 6.422875241
i 3.543296812 6.422875241
i 3.563382020 6.422875241
i 3.583467228 6.422875241
i 3.603552436 6.422875241
i 3.161677862 6.492720208
i 3.181763069 6.492720208
i 3.201848277 6.492720208
i 3.221933485 6.492720208
i 3.242018693 6.492720208
i 3.262103901 6.492720208
i 3.282189109 6.492720208
i 3.302274317 6.492720208
i 3.322359525 6.492720208
i 3.342444733 6.492720208
i 3.362529941 6.492720208
i 3.382615149 6.492720208
i 3.402700357 6.492720208
i 3.422785565 6.492720208
i 3.442870773 6.492720208
i 3.462955981 6.492720208
i 3.483041188 6.492720208
i 3.503126396 6.492720208
i 3.523211604 6.492720208
i 3.543296812 6.492720208
i 3.563382020 6.492720208
i 3.583467228 6.492720208
i 3.603552436 6.492720208
i 3.161677862 6.562565174
i 3.181763069 6.562565174
i 3.201848277 6.562565174
i 3.221933485 6.562565174
i 3.242018693 6.562565174
i 3.262103901 6.562565174
i 3.282189109 6.562565174
i 3.302274317 6.562565174
i 3.322359525 6.562565174
i 3.342444733 6.562565174
i 3.362529941 6.562565174
i 3.382615149 6.562565174
i 3.402700357 6.562565174
i 3.422785565 6.562565174
i 3.442870773 6.562565174
i 3.462955981 6.562565174
i 3.483041188 6.562565174
i 3.503126396 6.562565174
i 3.523211604 6.562565174
i 3.543296812 6.562565174
i 3.563382020 6.562565174
i 3.583467228 6.562565174
i 3.161677862 6.632410141
i 3.181763069 6.632410141
i 3.201848277 6.632410141
i 3.221933485 6.632410141
i 3.242018693 6.632410141
i 3.262103901 6.632410141
i 3.282189109 6.632410141
i 3.302274317 6.632410141
i 3.322359525 6.632410141
i 3.342444733 6.632410141
i 3.362529941 6.632410141
i 3.382615149 6.632410141
i 3.402700357 6.632410141
i 3.422785565 6.632410141
i 3.442870773 6.632410141
i 3.462955981 6.632410141
i 3.483041188 6.632410141
i 3.503126396 6.632410141
i 3.523211604 6.632410141
i 3.543296812 6.632410141
i 3.563382020 6.632410141
i 3.161677862 6.702255108
i 3.181763069 6.702255108
i 3.201848277 6.702255108
i 3.221933485 6.702255108
i 3.242018693 6.702255108
i 3.262103901 6.702255108
i 3.282189109 6.702255108
i 3.302274317 6.702255108
i 3.322359525 6.702255108
i 3.342444733 6.702255108
i 3.362529941 6.702255108
i 3.382615149 6.702255108
i 3.402700357 6.702255108
i 3.422785565 6.702255108
i 3.442870773 6.702255108
i 3.462955981 6.702255108
i 3.483041188 6.702255108
i 3.503126396 6.702255108
i 3.523211604 6.702255108
i 3.543296812 6.702255108
i 3.161677862 6.772100075
i 3.181763069 6.772100075
i 3.201848277 6.772100075
i 3.221933485 6.772100075
i 3.242018693 6.772100075
i 3.262103901 6.772100075
i 3.282189109 6.772100075
i 3.302274317 6.772100075
i 3.322359525 6.772100075
i 3.342444733 6.772100075
i 3.362529941 6.772100075
i 3.382615149 6.772100075
i 3.402700357 6.772100075
i 3.422785565 6.772100075
i 3.442870773 6.772100075
i 3.462955981 6.772100075
i 3.483041188 6.772100075
i 3.503126396 6.772100075
i 3.523211604 6.772100075
i 3.161677862 6.841945041
i 3.181763069 6.841945041
i 3.201848277 6.841945041
i 3.221933485 6.841945041
i 3.242018693 6.841945041
i 3.262103901 6.841945041
i 3.282189109 6.841945041
i 3.302274317 6.841945041
i 3.322359525 6.841945041
i 3.342444733 6.841945041
i 3.362529941 6.841945041
i 3.382615149 6.841945041
i 3.402700357 6.841945041
i 3.422785565 6.841945041
i 3.442870773 6.841945041
i 3.462955981 6.841945041
i 3.483041188 6.841945041
i 3.503126396 6.841945041
i 3.161677862 6.911790008
i 3.181763069 6.911790008
i 3.201848277 6.911790008
i 3.221933485 6.911790008
i 3.242018693 6.911790008
i 3.262103901 6.911790008
i 3.282189109 6.911790008
i 3.302274317 6.911790008
i 3.322359525 6.911790008
i 3.342444733 6.911790008
i 3.362529941 6.911790008
i 3.382615149 6.911790008
i 3.402700357 6.911790008
i 3.422785565 6.911790008
i 3.442870773 6.911790008
i 3.462955981 6.911790008
i 3.161677862 6.981634975
i 3.181763069 6.981634975
i 3.201848277 6.981634975
i 3.221933485 6.981634975
i 3.242018693 6.981634975
i 3.262103901 6.981634975
i 3.282189109 6.981634975
i 3.302274317 6.981634975
i 3.322359525 6.981634975
i 3.342444733 6.981634975
i 3.362529941 6.981634975
i 3.382615149 6.981634975
i 3.402700357 6.981634975
i 3.161677862 7.051479942
i 3.181763069 7.051479942
i 3.201848277 7.051479942
i 3.221933485 7.051479942
i 3.242018693 7.051479942
i 3.262103901 7.051479942
i 3.282189109 7.051479942
i 3.302274317 7.051479942
i 3.322359525 7.051479942
tris
t 0 115 116
t 0 114 115
t 0 113 114
t 0 112 113
t 0 111 112
t 0 110 111
t 0 109 110
t 0 108 109
t 0 107 108
t 0 1 2
t 0 2 3
t 0 3 4
t 0 4 5
t 0 5 6
t 0 6 7
t 0 7 8
t 0 8 9
t 0 9 10
t 0 554 107
t 0 555 554
t 0 556 555
t 0 557 556
t 0 558 557
t 0 559 558
t 0 560 559
t 0 561 560
t 0 562 561
t 0 563 562
t 0 564 563
t 0 565 564
t 0 566 565
t 0 567 566
t 0 568 567
t 0 569 568
t 0 570 569
t 0 571 570
t 0 572 571
t 0 10 572
t 107 105 106
t 107 104 105
t 107 103 104
t 107 102 103
t 107 101 102
t 107 100 101
t 107 99 100
t 107 98 99
t 107 97 98
t 10 11 12
t 10 12 13
t 10 13 14
t 10 14 15
t 10 15 16
t 10 16 17
t 10 17 18
t 10 18 19
t 10 19 20
t 10 20 21
t 107 554 97
t 554 573 97
t 554 555 573
t 555 574 573
t 555 556 574
t 556 575 574
t 556 557 575
t 557 576 575
t 557 558 576
t 558 577 576
t 558 559 577
t 559 578 577
t 559 560 578
t 560 579 578
t 560 561 579
t 561 580 579
t 561 562 580
t 562 581 580
t 562 563 581
t 563 582 581
t 563 564 582
t 564 583 582
t 564 565 583
t 565 584 583
t 565 566 584
t 566 585 584
t 566 567 585
t 567 586 585
t 567 568 586
t 568 587 586
t 568 569 587
t 569 588 587
t 569 570 588
t 570 589 588
t 570 571 589
t 571 590 589
t 571 572 590
t 572 591 590
t 572 10 591
t 10 592 591
t 10 593 592
t 10 594 593
t 10 595 594
t 10 596 595
t 10 597 596
t 10 598 597
t 10 599 598
t 10 600 599
t 10 601 600
t 10 602 601
t 10 603 602
t 10 604 603
t 10 605 604
t 10 606 605
t 10 607 606
t 10 608 607
t 10 609 608
t 10 610 609
t 10 611 610
t 10 612 611
t 10 613 612
t 10 21 613
t 97 95 96
t 97 94 95
t 97 93 94
t 97 92 93
t 97 91 92
t 97 90 91
t 97 89 90
t 97 88 89
t 97 87 88
t 97 86 87
t 97 85 86
t 97 84 85
t 97 83 84
t 97 82 83
t 97 81 82
t 97 80 81
t 97 79 80
t 97 78 79
t 97 77 78
t 97 76 77
t 21 22 23
t 21 23 24
t 21 24 25
t 21 25 26
t 21 26 27
t 21 27 28
t 21 28 29
t 21 29 30
t 21 30 31
t 21 31 32
t 21 32 33
t 97 573 76
t 573 614 76
t 573 574 614
t 574 615 614
t 574 575 615
t 575 616 615
t 575 576 616
t 576 617 616
t 576 577 617
t 577 618 617
t 577 578 618
t 578 619 618
t 578 579 619
t 579 620 619
t 579 580 620
t 580 621 620
t 580 581 621
t 581 622 621
t 581 582 622
t 582 623 622
t 582 583 623
t 583 624 623
t 583 584 624
t 584 625 624
t 584 585 625
t 585 626 625
t 585 586 626
t 586 627 626
t 586 587 627
t 587 628 627
t 587 588 628
t 588 629 628
t 588 589 629
t 589 630 629
t 589 590 630
t 590 631 630
t 590 591 631
t 591 632 631
t 591 592 632
t 592 633 632
t 592 593 633
t 593 634 633
t 593 594 634
t 594 635 634
t 594 595 635
t 595 636 635
t 595 596 636
t 596 637 636
t 596 597 637
t 597 638 637
t 597 598 638
t 598 639 638
t 598 599 639
t 599 640 639
t 599 600 640
t 600 641 640
t 600 601 641
t 601 642 641
t 601 602 642
t 602 643 642
t 602 603 643
t 603 644 643
t 603 604 644
t 604 645 644
t 604 605 645
t 605 646 645
t 605 606 646
t 606 647 646
t 606 607 647
t 607 648 647
t 607 608 648
t 608 649 648
t 608 609 649
t 609 650 649
t 609 610 650
t 610 651 650
t 610 611 651
t 611 652 651
t 611 612 652
t 612 653 652
t 612 613 653
t 613 654 653
t 613 21 654
t 21 655 654
t 21 33 655
t 76 74 75
t 76 73 74
t 76 72 73
t 76 71 72
t 76 70 71
t 76 69 70
t 76 68 69
t 76 67 68
t 76 66 67
t 33 34 35
t 33 35 36
t 33 36 37
t 33 37 38
t 33 38 39
t 33 39 40
t 33 40 41
t 33 41 42
t 33 42 43
t 33 43 44
t 76 614 66
t 614 656 66
t 614 615 656
t 615 657 656
t 615 616 657
t 616 658 657
t 616 617 658
t 617 659 658
t 617 618 659
t 618 660 659
t 618 619 660
t 619 661 660
t 619 620 661
t 620 662 661
t 620 621 662
t 621 663 662
t 621 622 663
t 622 664 663
t 622 623 664
t 623 665 664
t 623 624 665
t 624 666 665
t 624 625 666
t 625 667 666
t 625 626 667
t 626 668 667
t 626 627 668
t 627 669 668
t 627 628 669
t 628 670 669
t 628 629 670
t 629 671 670
t 629 630 671
t 630 672 671
t 630 631 672
t 631 673 672
t 631 632 673
t 632 674 673
t 632 633 674
t 633 675 674
t 633 634 675
t 634 44 675
t 634 635 44
t 635 636 44
t 636 637 44
t 637 638 44
t 638 639 44
t 639 640 44
t 640 641 44
t 641 642 44
t 642 643 44
t 643 644 44
t 644 645 44
t 645 646 44
t 646 647 44
t 647 648 44
t 648 649 44
t 649 650 44
t 650 651 44
t 651 652 44
t 652 653 44
t 653 654 44
t 654 655 44
t 655 33 44
t 66 64 65
t 66 63 64
t 66 62 63
t 66 61 62
t 66 60 61
t 66 59 60
t 66 58 59
t 66 57 58
t 66 56 57
t 66 55 56
t 44 45 46
t 44 46 47
t 44 47 48
t 44 48 49
t 44 49 50
t 44 50 51
t 44 51 52
t 44 52 53
t 44 53 54
t 44 54 55
t 66 656 55
t 656 657 55
t 657 658 55
t 658 659 55
t 659 660 55
t 660 661 55
t 661 662 55
t 662 663 55
t 663 664 55
t 664 665 55
t 665 666 55
t 666 667 55
t 667 668 55
t 668 669 55
t 669 670 55
t 670 671 55
t 671 672 55
t 672 673 55
t 673 674 55
t 674 675 55
t 675 44 55
