type=Nurbs forward=false n_boundary=196 n_holes=0 n_interior=96 n_tris=882 label=brep62542_f219_Nurbs(deg=3/3, cps=4x14)
boundary
b 0.457807502 0.999992053
b 0.450348272 0.999985244
b 0.442885784 0.999979529
b 0.435419507 0.999974859
b 0.427948911 0.999971183
b 0.420473466 0.999968449
b 0.412992644 0.999966602
b 0.405505918 0.999965583
b 0.398012756 0.999965330
b 0.390512630 0.999965781
b 0.383005004 0.999966866
b 0.375489344 0.999968514
b 0.367965107 0.999970651
b 0.360431750 0.999973197
b 0.352888720 0.999976068
b 0.345335461 0.999979175
b 0.337771408 0.999982426
b 0.330195988 0.999985722
b 0.322608621 0.999988964
b 0.315008732 0.999992106
b 0.307395750 0.999995139
b 0.299769109 0.999998053
b 0.292128240 1.000000839
b 0.284472572 1.000003485
b 0.276801535 1.000005981
b 0.269114554 1.000008315
b 0.261411054 1.000010475
b 0.253690453 1.000012447
b 0.245952165 1.000014217
b 0.238195600 1.000015770
b 0.230420159 1.000017091
b 0.222625237 1.000018162
b 0.214810223 1.000018967
b 0.206974493 1.000019486
b 0.199117418 1.000019699
b 0.191238354 1.000019586
b 0.183336649 1.000019124
b 0.175411641 1.000018311
b 0.167462670 1.000017182
b 0.159489073 1.000015774
b 0.151490185 1.000014132
b 0.143465336 1.000012299
b 0.135413854 1.000010326
b 0.127335061 1.000008266
b 0.119228273 1.000006175
b 0.111092799 1.000004116
b 0.102927942 1.000002155
b 0.094732996 1.000000365
b 0.086507246 0.999998823
b 0.078249968 0.999997614
b 0.069960427 0.999996828
b 0.061637878 0.999996563
b 0.053281561 0.999996926
b 0.044890706 0.999998030
b 0.036464527 1.000000000
b 0.036479111 0.986706069
b 0.036505043 0.973317731
b 0.036518493 0.959786141
b 0.036506331 0.946057336
b 0.036468033 0.932073896
b 0.036421046 0.917793203
b 0.036397574 0.903239606
b 0.036402942 0.888457044
b 0.036426962 0.873486795
b 0.036449513 0.858364902
b 0.036451934 0.843117880
b 0.036447821 0.827756603
b 0.036451495 0.812292591
b 0.036462250 0.796742314
b 0.036473954 0.781121095
b 0.036479465 0.765439108
b 0.036478424 0.749693211
b 0.036472353 0.733877007
b 0.036463245 0.717985581
b 0.036455330 0.702021592
b 0.036451582 0.685987165
b 0.036451305 0.669873784
b 0.036453305 0.653669927
b 0.036456540 0.637363629
b 0.036459875 0.620942466
b 0.036462901 0.604394185
b 0.036466197 0.587706510
b 0.036469952 0.570866440
b 0.036473989 0.553860528
b 0.036477530 0.536674870
b 0.036479077 0.519294352
b 0.036476864 0.501700122
b 0.036469539 0.483871721
b 0.036460274 0.465789932
b 0.036453219 0.447435639
b 0.036450919 0.428789867
b 0.036453474 0.409836074
b 0.036459167 0.390557255
b 0.036464258 0.370935129
b 0.036462755 0.350950169
b 0.036452129 0.330575686
b 0.036440811 0.309762175
b 0.036438100 0.288450590
b 0.036449859 0.266577130
b 0.036476329 0.244073616
b 0.036508108 0.220906704
b 0.036528624 0.197190701
b 0.036528561 0.173071722
b 0.036506702 0.148693813
b 0.036473298 0.124198350
b 0.036445940 0.099687461
b 0.036430947 0.075111587
b 0.036434400 0.050373231
b 0.036451848 0.025370724
b 0.036464527 -0.000000000
b 0.068708554 -0.000000000
b 0.100459867 -0.000000000
b 0.131761462 -0.000000000
b 0.162654215 -0.000000000
b 0.193177115 -0.000000000
b 0.223367473 -0.000000000
b 0.253261117 -0.000000000
b 0.282892573 -0.000000000
b 0.312295231 -0.000000000
b 0.341501502 -0.000000000
b 0.370542964 -0.000000000
b 0.399450505 -0.000000000
b 0.428254457 -0.000000000
b 0.456984720 -0.000000000
b 0.485670895 -0.000000000
b 0.514342397 -0.000000000
b 0.543028585 -0.000000000
b 0.571758876 -0.000000000
b 0.600562869 -0.000000000
b 0.629470466 -0.000000000
b 0.658511997 -0.000000000
b 0.687718351 -0.000000000
b 0.717121107 -0.000000000
b 0.746752677 -0.000000000
b 0.776646451 -0.000000000
b 0.806836955 -0.000000000
b 0.837360017 -0.000000000
b 0.868252950 -0.000000000
b 0.899554744 -0.000000000
b 0.931306276 -0.000000000
b 0.963550541 -0.000000000
b 0.958914252 0.015043725
b 0.953830602 0.030310693
b 0.948300070 0.045797090
b 0.942322382 0.061498967
b 0.935896462 0.077412257
b 0.929020386 0.093532813
b 0.921691252 0.109858218
b 0.913906036 0.126396281
b 0.905666094 0.143159856
b 0.896975278 0.160161743
b 0.887838936 0.177413967
b 0.878263930 0.194927668
b 0.868258506 0.212711927
b 0.857830997 0.230766250
b 0.846989348 0.249086947
b 0.835742042 0.267676725
b 0.824098334 0.286540296
b 0.812068213 0.305682616
b 0.799663265 0.325107795
b 0.786905046 0.344806649
b 0.773819552 0.364761418
b 0.760432767 0.384954185
b 0.746777613 0.405365834
b 0.732886218 0.425977453
b 0.718788242 0.446770476
b 0.704526448 0.467714911
b 0.690151652 0.488770492
b 0.675707856 0.509897394
b 0.661252929 0.531054083
b 0.646856533 0.552196597
b 0.632577331 0.573281618
b 0.618475930 0.594265390
b 0.604616404 0.615102520
b 0.591051975 0.635748599
b 0.577860114 0.656168106
b 0.565129052 0.676327403
b 0.552927599 0.696187734
b 0.541314016 0.715712209
b 0.530343758 0.734868657
b 0.520064052 0.753634942
b 0.510534759 0.772019969
b 0.501811104 0.790021835
b 0.493934800 0.807622491
b 0.486922529 0.824812541
b 0.480764245 0.841620662
b 0.475426414 0.858114228
b 0.470883381 0.874375876
b 0.467140486 0.890473928
b 0.464230408 0.906463641
b 0.462211786 0.922371445
b 0.461123827 0.938173431
b 0.460928038 0.953851868
b 0.461579516 0.969391769
b 0.463037330 0.984778888
b 0.465264010 1.000000000
interior
i 0.152291695 0.125002462
i 0.268185816 0.125002462
i 0.384079937 0.125002462
i 0.499974058 0.125002462
i 0.615868178 0.125002462
i 0.731762299 0.125002462
i 0.847656420 0.125002462
i 0.152291695 0.250004925
i 0.268185816 0.250004925
i 0.384079937 0.250004925
i 0.499974058 0.250004925
i 0.615868178 0.250004925
i 0.731762299 0.250004925
i 0.152291695 0.375007387
i 0.268185816 0.375007387
i 0.384079937 0.375007387
i 0.499974058 0.375007387
i 0.615868178 0.375007387
i 0.731762299 0.375007387
i 0.152291695 0.500009850
i 0.268185816 0.500009850
i 0.384079937 0.500009850
i 0.499974058 0.500009850
i 0.615868178 0.500009850
i 0.152291695 0.625012312
i 0.268185816 0.625012312
i 0.384079937 0.625012312
i 0.499974058 0.625012312
i 0.152291695 0.750014775
i 0.268185816 0.750014775
i 0.384079937 0.750014775
i 0.499974058 0.750014775
i 0.152291695 0.875017237
i 0.268185816 0.875017237
i 0.384079937 0.875017237
i 0.094344635 0.062501231
i 0.065371104 0.031250616
i 0.123318165 0.031250616
i 0.065371104 0.093751847
i 0.123318165 0.093751847
i 0.094344635 0.187503694
i 0.094344635 0.312506156
i 0.094344635 0.437508618
i 0.094344635 0.562511081
i 0.094344635 0.687513543
i 0.094344635 0.812516006
i 0.094344635 0.937518468
i 0.210238755 0.062501231
i 0.181265225 0.031250616
i 0.239212286 0.031250616
i 0.181265225 0.093751847
i 0.239212286 0.093751847
i 0.210238755 0.187503694
i 0.210238755 0.312506156
i 0.210238755 0.437508618
i 0.210238755 0.562511081
i 0.210238755 0.687513543
i 0.210238755 0.812516006
i 0.210238755 0.937518468
i 0.326132876 0.062501231
i 0.297159346 0.031250616
i 0.355106406 0.031250616
i 0.297159346 0.093751847
i 0.355106406 0.093751847
i 0.326132876 0.187503694
i 0.326132876 0.312506156
i 0.326132876 0.437508618
i 0.326132876 0.562511081
i 0.326132876 0.687513543
i 0.326132876 0.812516006
i 0.326132876 0.937518468
i 0.442026997 0.062501231
i 0.413053467 0.031250616
i 0.471000527 0.031250616
i 0.413053467 0.093751847
i 0.471000527 0.093751847
i 0.442026997 0.187503694
i 0.442026997 0.312506156
i 0.442026997 0.437508618
i 0.442026997 0.562511081
i 0.442026997 0.687513543
i 0.442026997 0.812516006
i 0.442026997 0.937518468
i 0.557921118 0.062501231
i 0.557921118 0.187503694
i 0.557921118 0.312506156
i 0.557921118 0.437508618
i 0.557921118 0.562511081
i 0.673815239 0.062501231
i 0.673815239 0.187503694
i 0.673815239 0.312506156
i 0.673815239 0.437508618
i 0.789709360 0.062501231
i 0.789709360 0.187503694
i 0.789709360 0.312506156
i 0.905603480 0.062501231
tris
t 109 110 292
t 110 111 292
t 111 112 292
t 112 113 292
t 113 114 292
t 114 115 292
t 115 116 292
t 116 117 292
t 117 304 292
t 117 305 304
t 117 306 305
t 117 307 306
t 117 308 307
t 117 118 308
t 118 309 308
t 118 310 309
t 118 311 310
t 118 312 311
t 118 313 312
t 118 119 313
t 119 314 313
t 119 315 314
t 119 316 315
t 119 317 316
t 119 318 317
t 119 120 318
t 120 319 318
t 120 320 319
t 120 321 320
t 120 322 321
t 120 323 322
t 120 121 323
t 121 324 323
t 121 325 324
t 121 326 325
t 121 327 326
t 121 328 327
t 121 122 328
t 122 329 328
t 122 330 329
t 122 331 330
t 122 332 331
t 122 123 332
t 123 333 332
t 123 334 333
t 123 335 334
t 123 336 335
t 123 337 336
t 123 338 337
t 123 339 338
t 123 340 339
t 123 341 340
t 123 342 341
t 123 343 342
t 123 344 343
t 123 345 344
t 123 124 345
t 124 346 345
t 124 347 346
t 124 348 347
t 124 349 348
t 124 350 349
t 124 125 350
t 125 351 350
t 125 352 351
t 125 353 352
t 125 354 353
t 125 126 354
t 126 355 354
t 126 356 355
t 126 357 356
t 126 127 357
t 127 358 357
t 127 359 358
t 127 360 359
t 127 128 360
t 128 361 360
t 128 362 361
t 128 363 362
t 128 129 363
t 129 364 363
t 129 365 364
t 129 366 365
t 129 130 366
t 130 367 366
t 130 368 367
t 130 369 368
t 130 131 369
t 131 370 369
t 131 371 370
t 131 372 371
t 131 132 372
t 132 373 372
t 132 374 373
t 132 293 374
t 132 133 293
t 133 134 293
t 134 135 293
t 135 136 293
t 136 137 293
t 137 138 293
t 138 139 293
t 139 140 293
t 109 292 108
t 108 292 107
t 107 292 106
t 106 292 105
t 105 292 104
t 104 292 103
t 103 292 102
t 102 292 101
t 101 292 100
t 100 292 99
t 99 292 294
t 140 141 293
t 141 142 293
t 142 143 293
t 143 144 293
t 144 145 293
t 145 146 293
t 146 147 293
t 147 148 293
t 148 149 293
t 149 150 293
t 150 151 293
t 151 152 293
t 152 153 293
t 153 154 293
t 154 155 293
t 155 295 293
t 292 375 294
t 292 304 375
t 304 376 375
t 304 305 376
t 305 377 376
t 305 306 377
t 306 378 377
t 306 307 378
t 307 379 378
t 307 308 379
t 308 380 379
t 308 309 380
t 309 381 380
t 309 310 381
t 310 382 381
t 310 311 382
t 311 383 382
t 311 312 383
t 312 384 383
t 312 313 384
t 313 385 384
t 313 314 385
t 314 386 385
t 314 315 386
t 315 387 386
t 315 316 387
t 316 388 387
t 316 317 388
t 317 389 388
t 317 318 389
t 318 390 389
t 318 319 390
t 319 391 390
t 319 320 391
t 320 392 391
t 320 321 392
t 321 393 392
t 321 322 393
t 322 394 393
t 322 323 394
t 323 395 394
t 323 324 395
t 324 396 395
t 324 325 396
t 325 397 396
t 325 326 397
t 326 398 397
t 326 327 398
t 327 399 398
t 327 328 399
t 328 400 399
t 328 329 400
t 329 401 400
t 329 330 401
t 330 402 401
t 330 331 402
t 331 403 402
t 331 332 403
t 332 404 403
t 332 333 404
t 333 405 404
t 333 334 405
t 334 406 405
t 334 335 406
t 335 407 406
t 335 336 407
t 336 408 407
t 336 337 408
t 337 409 408
t 337 338 409
t 338 410 409
t 338 339 410
t 339 411 410
t 339 340 411
t 340 412 411
t 340 341 412
t 341 413 412
t 341 342 413
t 342 414 413
t 342 343 414
t 343 415 414
t 343 344 415
t 344 416 415
t 344 345 416
t 345 417 416
t 345 346 417
t 346 418 417
t 346 347 418
t 347 419 418
t 347 348 419
t 348 420 419
t 348 349 420
t 349 421 420
t 349 350 421
t 350 422 421
t 350 351 422
t 351 423 422
t 351 352 423
t 352 424 423
t 352 353 424
t 353 425 424
t 353 354 425
t 354 426 425
t 354 355 426
t 355 427 426
t 355 356 427
t 356 428 427
t 356 357 428
t 357 429 428
t 357 358 429
t 358 430 429
t 358 359 430
t 359 431 430
t 359 360 431
t 360 432 431
t 360 361 432
t 361 433 432
t 361 362 433
t 362 434 433
t 362 295 434
t 362 363 295
t 363 364 295
t 364 365 295
t 365 366 295
t 366 367 295
t 367 368 295
t 368 369 295
t 369 370 295
t 370 371 295
t 371 372 295
t 372 373 295
t 373 374 295
t 374 293 295
t 99 294 98
t 98 294 97
t 97 294 96
t 96 294 95
t 95 294 94
t 94 294 93
t 93 294 92
t 92 294 91
t 91 294 90
t 90 294 89
t 89 294 88
t 88 294 87
t 87 294 296
t 155 156 295
t 156 157 295
t 157 158 295
t 158 159 295
t 159 160 295
t 160 161 295
t 161 162 295
t 162 163 295
t 163 164 295
t 164 165 295
t 165 166 295
t 166 167 295
t 167 297 295
t 294 435 296
t 294 436 435
t 294 437 436
t 294 438 437
t 294 439 438
t 294 440 439
t 294 441 440
t 294 442 441
t 294 443 442
t 294 444 443
t 294 445 444
t 294 446 445
t 294 447 446
t 294 448 447
t 294 449 448
t 294 450 449
t 294 375 450
t 375 451 450
t 375 376 451
t 376 452 451
t 376 377 452
t 377 453 452
t 377 378 453
t 378 454 453
t 378 379 454
t 379 455 454
t 379 380 455
t 380 456 455
t 380 381 456
t 381 457 456
t 381 382 457
t 382 458 457
t 382 383 458
t 383 459 458
t 383 384 459
t 384 460 459
t 384 385 460
t 385 461 460
t 385 386 461
t 386 462 461
t 386 387 462
t 387 463 462
t 387 388 463
t 388 464 463
t 388 389 464
t 389 465 464
t 389 390 465
t 390 466 465
t 390 391 466
t 391 467 466
t 391 392 467
t 392 468 467
t 392 393 468
t 393 469 468
t 393 394 469
t 394 470 469
t 394 395 470
t 395 471 470
t 395 396 471
t 396 472 471
t 396 397 472
t 397 473 472
t 397 398 473
t 398 474 473
t 398 399 474
t 399 475 474
t 399 400 475
t 400 476 475
t 400 401 476
t 401 477 476
t 401 402 477
t 402 478 477
t 402 403 478
t 403 479 478
t 403 404 479
t 404 480 479
t 404 405 480
t 405 481 480
t 405 406 481
t 406 482 481
t 406 407 482
t 407 483 482
t 407 408 483
t 408 484 483
t 408 409 484
t 409 485 484
t 409 410 485
t 410 486 485
t 410 411 486
t 411 487 486
t 411 412 487
t 412 488 487
t 412 413 488
t 413 489 488
t 413 414 489
t 414 490 489
t 414 415 490
t 415 491 490
t 415 416 491
t 416 492 491
t 416 417 492
t 417 493 492
t 417 418 493
t 418 494 493
t 418 419 494
t 419 495 494
t 419 420 495
t 420 496 495
t 420 421 496
t 421 497 496
t 421 422 497
t 422 498 497
t 422 423 498
t 423 499 498
t 423 424 499
t 424 500 499
t 424 425 500
t 425 501 500
t 425 426 501
t 426 502 501
t 426 427 502
t 427 503 502
t 427 428 503
t 428 504 503
t 428 297 504
t 428 429 297
t 429 430 297
t 430 431 297
t 431 432 297
t 432 433 297
t 433 434 297
t 434 295 297
t 87 296 86
t 86 296 85
t 85 296 84
t 84 296 83
t 83 296 82
t 82 296 81
t 81 296 80
t 80 296 79
t 79 296 298
t 167 168 297
t 168 169 297
t 169 170 297
t 170 171 297
t 171 172 297
t 172 173 297
t 173 299 297
t 296 505 298
t 296 435 505
t 435 506 505
t 435 436 506
t 436 507 506
t 436 437 507
t 437 508 507
t 437 438 508
t 438 509 508
t 438 439 509
t 439 510 509
t 439 440 510
t 440 511 510
t 440 441 511
t 441 512 511
t 441 442 512
t 442 513 512
t 442 443 513
t 443 514 513
t 443 444 514
t 444 515 514
t 444 445 515
t 445 516 515
t 445 446 516
t 446 517 516
t 446 447 517
t 447 518 517
t 447 448 518
t 448 519 518
t 448 449 519
t 449 520 519
t 449 450 520
t 450 521 520
t 450 451 521
t 451 522 521
t 451 452 522
t 452 523 522
t 452 453 523
t 453 524 523
t 453 454 524
t 454 525 524
t 454 455 525
t 455 526 525
t 455 456 526
t 456 527 526
t 456 457 527
t 457 528 527
t 457 458 528
t 458 529 528
t 458 459 529
t 459 530 529
t 459 460 530
t 460 531 530
t 460 461 531
t 461 532 531
t 461 462 532
t 462 533 532
t 462 463 533
t 463 534 533
t 463 464 534
t 464 535 534
t 464 465 535
t 465 536 535
t 465 466 536
t 466 537 536
t 466 467 537
t 467 538 537
t 467 468 538
t 468 539 538
t 468 469 539
t 469 540 539
t 469 470 540
t 470 541 540
t 470 471 541
t 471 542 541
t 471 472 542
t 472 543 542
t 472 473 543
t 473 544 543
t 473 474 544
t 474 545 544
t 474 475 545
t 475 546 545
t 475 476 546
t 476 547 546
t 476 477 547
t 477 548 547
t 477 478 548
t 478 549 548
t 478 479 549
t 479 550 549
t 479 480 550
t 480 551 550
t 480 481 551
t 481 552 551
t 481 482 552
t 482 553 552
t 482 483 553
t 483 554 553
t 483 484 554
t 484 555 554
t 484 485 555
t 485 556 555
t 485 486 556
t 486 557 556
t 486 487 557
t 487 558 557
t 487 488 558
t 488 559 558
t 488 489 559
t 489 560 559
t 489 490 560
t 490 561 560
t 490 491 561
t 491 562 561
t 491 492 562
t 492 563 562
t 492 299 563
t 492 493 299
t 493 494 299
t 494 495 299
t 495 496 299
t 496 497 299
t 497 498 299
t 498 499 299
t 499 500 299
t 500 501 299
t 501 502 299
t 502 503 299
t 503 504 299
t 504 297 299
t 79 298 78
t 78 298 77
t 77 298 76
t 76 298 75
t 75 298 74
t 74 298 73
t 73 298 72
t 72 298 71
t 71 298 300
t 173 174 299
t 174 175 299
t 175 176 299
t 176 177 299
t 177 178 299
t 178 179 299
t 179 301 299
t 298 564 300
t 298 505 564
t 505 565 564
t 505 506 565
t 506 566 565
t 506 507 566
t 507 567 566
t 507 508 567
t 508 568 567
t 508 509 568
t 509 569 568
t 509 510 569
t 510 570 569
t 510 511 570
t 511 571 570
t 511 512 571
t 512 572 571
t 512 513 572
t 513 573 572
t 513 514 573
t 514 574 573
t 514 515 574
t 515 575 574
t 515 516 575
t 516 576 575
t 516 517 576
t 517 577 576
t 517 518 577
t 518 578 577
t 518 519 578
t 519 579 578
t 519 520 579
t 520 580 579
t 520 521 580
t 521 581 580
t 521 522 581
t 522 582 581
t 522 523 582
t 523 583 582
t 523 524 583
t 524 584 583
t 524 525 584
t 525 585 584
t 525 526 585
t 526 586 585
t 526 527 586
t 527 587 586
t 527 528 587
t 528 588 587
t 528 529 588
t 529 589 588
t 529 530 589
t 530 590 589
t 530 531 590
t 531 591 590
t 531 532 591
t 532 592 591
t 532 533 592
t 533 593 592
t 533 534 593
t 534 594 593
t 534 535 594
t 535 595 594
t 535 536 595
t 536 596 595
t 536 537 596
t 537 597 596
t 537 538 597
t 538 598 597
t 538 539 598
t 539 599 598
t 539 540 599
t 540 600 599
t 540 541 600
t 541 601 600
t 541 542 601
t 542 602 601
t 542 543 602
t 543 603 602
t 543 544 603
t 544 604 603
t 544 301 604
t 544 545 301
t 545 546 301
t 546 547 301
t 547 548 301
t 548 549 301
t 549 550 301
t 550 551 301
t 551 552 301
t 552 553 301
t 553 554 301
t 554 555 301
t 555 556 301
t 556 557 301
t 557 558 301
t 558 559 301
t 559 560 301
t 560 561 301
t 561 562 301
t 562 563 301
t 563 299 301
t 71 300 70
t 70 300 69
t 69 300 68
t 68 300 67
t 67 300 66
t 66 300 65
t 65 300 64
t 64 300 63
t 63 300 302
t 179 180 301
t 180 181 301
t 181 182 301
t 182 183 301
t 183 184 301
t 184 185 301
t 185 186 301
t 186 187 301
t 187 303 301
t 300 564 302
t 564 605 302
t 564 565 605
t 565 606 605
t 565 566 606
t 566 607 606
t 566 567 607
t 567 608 607
t 567 568 608
t 568 609 608
t 568 569 609
t 569 610 609
t 569 570 610
t 570 611 610
t 570 571 611
t 571 612 611
t 571 572 612
t 572 613 612
t 572 573 613
t 573 614 613
t 573 574 614
t 574 615 614
t 574 575 615
t 575 616 615
t 575 576 616
t 576 617 616
t 576 577 617
t 577 618 617
t 577 578 618
t 578 619 618
t 578 579 619
t 579 620 619
t 579 580 620
t 580 621 620
t 580 581 621
t 581 622 621
t 581 582 622
t 582 623 622
t 582 583 623
t 583 624 623
t 583 584 624
t 584 625 624
t 584 585 625
t 585 626 625
t 585 586 626
t 586 627 626
t 586 587 627
t 587 628 627
t 587 588 628
t 588 629 628
t 588 589 629
t 589 630 629
t 589 590 630
t 590 631 630
t 590 591 631
t 591 632 631
t 591 592 632
t 592 633 632
t 592 593 633
t 593 634 633
t 593 594 634
t 594 635 634
t 594 303 635
t 594 595 303
t 595 596 303
t 596 597 303
t 597 598 303
t 598 599 303
t 599 600 303
t 600 601 303
t 601 602 303
t 602 603 303
t 603 604 303
t 604 301 303
t 63 302 62
t 62 302 61
t 61 302 60
t 60 302 59
t 59 302 58
t 58 302 57
t 57 302 56
t 56 302 55
t 55 302 54
t 187 188 303
t 188 189 303
t 189 190 303
t 190 191 303
t 191 192 303
t 192 193 303
t 193 194 303
t 194 195 303
t 302 53 54
t 302 52 53
t 302 51 52
t 302 50 51
t 302 49 50
t 302 48 49
t 302 47 48
t 302 46 47
t 302 45 46
t 302 44 45
t 302 43 44
t 302 42 43
t 302 41 42
t 302 40 41
t 302 39 40
t 302 605 39
t 605 606 39
t 606 38 39
t 606 607 38
t 607 37 38
t 607 608 37
t 608 36 37
t 608 609 36
t 609 35 36
t 609 610 35
t 610 611 35
t 611 34 35
t 611 612 34
t 612 33 34
t 612 613 33
t 613 32 33
t 613 614 32
t 614 31 32
t 614 615 31
t 615 616 31
t 616 30 31
t 616 617 30
t 617 29 30
t 617 618 29
t 618 28 29
t 618 619 28
t 619 620 28
t 620 27 28
t 620 621 27
t 621 26 27
t 621 622 26
t 622 25 26
t 622 623 25
t 623 24 25
t 623 624 24
t 624 625 24
t 625 23 24
t 625 626 23
t 626 22 23
t 626 627 22
t 627 21 22
t 627 628 21
t 628 20 21
t 628 629 20
t 629 630 20
t 630 19 20
t 630 631 19
t 631 18 19
t 631 632 18
t 632 17 18
t 632 633 17
t 633 16 17
t 633 634 16
t 634 635 16
t 635 15 16
t 635 303 15
t 303 14 15
t 303 13 14
t 303 12 13
t 303 11 12
t 303 10 11
t 303 9 10
t 303 8 9
t 303 7 8
t 303 6 7
t 303 5 6
t 303 4 5
t 303 3 4
t 303 2 3
t 303 1 2
t 303 0 1
t 303 195 0
