type=Nurbs forward=true n_boundary=196 n_holes=0 n_interior=369 n_tris=1226 label=brep62542_f242_Nurbs(deg=3/3, cps=4x9)
boundary
b 0.843401403 0.461733760
b 0.818040016 0.461733772
b 0.792903425 0.461733786
b 0.767972099 0.461733801
b 0.743227099 0.461733818
b 0.718650013 0.461733837
b 0.694222901 0.461733857
b 0.669928240 0.461733878
b 0.645748874 0.461733901
b 0.621667961 0.461733926
b 0.597668927 0.461733951
b 0.573735421 0.461733979
b 0.549851267 0.461734007
b 0.526000422 0.461734038
b 0.502166931 0.461734069
b 0.478334886 0.461734101
b 0.454488385 0.461734135
b 0.430611484 0.461734170
b 0.406688160 0.461734206
b 0.382702264 0.461734243
b 0.358637479 0.461734281
b 0.334477277 0.461734320
b 0.310204868 0.461734359
b 0.285803156 0.461734400
b 0.261254689 0.461734441
b 0.236541607 0.461734482
b 0.211645589 0.461734524
b 0.186547796 0.461734566
b 0.161228809 0.461734609
b 0.135668569 0.461734651
b 0.109846006 0.461740428
b 0.109848911 0.455934055
b 0.109856091 0.450181335
b 0.109865714 0.444482046
b 0.109876175 0.438836072
b 0.109886089 0.433243402
b 0.109894299 0.427704133
b 0.109899873 0.422218463
b 0.109902107 0.416786697
b 0.109900530 0.411409240
b 0.109894908 0.406086598
b 0.109885322 0.400819373
b 0.109872990 0.395608266
b 0.109859909 0.390454056
b 0.109848239 0.385357588
b 0.109839450 0.380318957
b 0.109833430 0.375336710
b 0.109829860 0.370409267
b 0.109828395 0.365535099
b 0.109828665 0.360712740
b 0.109830272 0.355940783
b 0.109832790 0.351217887
b 0.109835773 0.346542779
b 0.109838842 0.341914252
b 0.109841893 0.337331160
b 0.109844841 0.332792423
b 0.109847561 0.328297025
b 0.109849894 0.323844021
b 0.109851660 0.319432529
b 0.109852835 0.315061637
b 0.109853540 0.310730378
b 0.109853864 0.306437802
b 0.109853851 0.302182990
b 0.109853510 0.297965049
b 0.109852819 0.293783115
b 0.109851895 0.289636357
b 0.109850957 0.285523970
b 0.109850178 0.281445180
b 0.109849692 0.277399240
b 0.109849588 0.273385437
b 0.109849918 0.269403091
b 0.109850703 0.265451552
b 0.109851911 0.261530253
b 0.109853337 0.257639062
b 0.109854709 0.253778083
b 0.109855779 0.249947444
b 0.109856394 0.246147304
b 0.109856555 0.242377842
b 0.109856298 0.238639260
b 0.109855678 0.234931782
b 0.109854773 0.231255655
b 0.109853682 0.227611145
b 0.109852530 0.223998544
b 0.109851467 0.220418161
b 0.109850670 0.216870329
b 0.109850346 0.213355398
b 0.125121155 0.213260120
b 0.140204523 0.213165367
b 0.155115506 0.213071151
b 0.169868815 0.212977486
b 0.184478816 0.212884383
b 0.198959534 0.212791854
b 0.213324656 0.212699911
b 0.227587534 0.212608563
b 0.241761192 0.212517821
b 0.255858324 0.212427694
b 0.269891301 0.212338191
b 0.283872173 0.212249320
b 0.297812668 0.212161089
b 0.311724167 0.212073505
b 0.325614627 0.211986596
b 0.339485794 0.211900431
b 0.353338710 0.211815084
b 0.367174434 0.211730624
b 0.380994056 0.211647125
b 0.394798715 0.211564656
b 0.408589619 0.211483286
b 0.422368052 0.211403084
b 0.436135402 0.211324115
b 0.449893166 0.211246447
b 0.463642975 0.211170142
b 0.477386604 0.211095266
b 0.491125991 0.211021879
b 0.504863255 0.210950042
b 0.518600658 0.210879803
b 0.532340379 0.210811196
b 0.546084402 0.210744256
b 0.559834539 0.210679013
b 0.573592438 0.210615498
b 0.587359603 0.210553739
b 0.601137412 0.210493762
b 0.614927128 0.210435593
b 0.628729918 0.210379256
b 0.642546869 0.210324773
b 0.656379003 0.210272166
b 0.670227295 0.210221453
b 0.684092689 0.210172652
b 0.697976813 0.210125780
b 0.711887453 0.210080840
b 0.725835811 0.210037829
b 0.739833444 0.209996744
b 0.753892236 0.209957580
b 0.768024408 0.209920333
b 0.782242510 0.209884997
b 0.796559433 0.209851567
b 0.810988407 0.209820037
b 0.825543007 0.209790400
b 0.840237158 0.209762648
b 0.855085138 0.209736773
b 0.870101580 0.209712767
b 0.885301480 0.209690620
b 0.885729557 0.213185613
b 0.886139430 0.216716816
b 0.886530950 0.220283822
b 0.886903925 0.223886247
b 0.887258129 0.227523733
b 0.887593307 0.231195946
b 0.887909187 0.234902577
b 0.888205484 0.238643343
b 0.888481914 0.242417987
b 0.888738203 0.246226278
b 0.888974094 0.250068011
b 0.889189328 0.253943009
b 0.889383408 0.257851124
b 0.889555744 0.261792239
b 0.889705150 0.265766486
b 0.889829403 0.269774445
b 0.889926500 0.273816783
b 0.889994833 0.277894207
b 0.890033219 0.282007455
b 0.890040919 0.286157303
b 0.890017669 0.290344561
b 0.889963706 0.294570069
b 0.889879766 0.298834700
b 0.889766758 0.303139363
b 0.889625893 0.307485001
b 0.889458958 0.311872587
b 0.889268354 0.316303126
b 0.889056920 0.320777640
b 0.888823329 0.325297070
b 0.888562072 0.329862306
b 0.888268093 0.334474308
b 0.887937056 0.339134115
b 0.887565398 0.343842839
b 0.887150377 0.348601665
b 0.886689755 0.353411847
b 0.886181665 0.358274706
b 0.885625148 0.363191635
b 0.885020254 0.368164094
b 0.884368115 0.373193612
b 0.883671005 0.378281777
b 0.882932412 0.383430234
b 0.882156757 0.388640487
b 0.881346395 0.393912408
b 0.880502194 0.399245067
b 0.879624901 0.404637604
b 0.878714955 0.410089242
b 0.877771994 0.415599317
b 0.876795502 0.421167266
b 0.875785023 0.426792622
b 0.874740226 0.432475014
b 0.873660975 0.438214172
b 0.872547400 0.444009922
b 0.871399972 0.449862189
b 0.870219583 0.455770998
b 0.869007626 0.461736468
interior
i 0.207354961 0.241196846
i 0.304881526 0.241196846
i 0.402408092 0.241196846
i 0.499934657 0.241196846
i 0.597461222 0.241196846
i 0.694987788 0.241196846
i 0.792514353 0.241196846
i 0.207354961 0.272703072
i 0.304881526 0.272703072
i 0.402408092 0.272703072
i 0.499934657 0.272703072
i 0.597461222 0.272703072
i 0.694987788 0.272703072
i 0.792514353 0.272703072
i 0.207354961 0.304209298
i 0.304881526 0.304209298
i 0.402408092 0.304209298
i 0.499934657 0.304209298
i 0.597461222 0.304209298
i 0.694987788 0.304209298
i 0.792514353 0.304209298
i 0.207354961 0.335715524
i 0.304881526 0.335715524
i 0.402408092 0.335715524
i 0.499934657 0.335715524
i 0.597461222 0.335715524
i 0.694987788 0.335715524
i 0.792514353 0.335715524
i 0.207354961 0.367221750
i 0.304881526 0.367221750
i 0.402408092 0.367221750
i 0.499934657 0.367221750
i 0.597461222 0.367221750
i 0.694987788 0.367221750
i 0.792514353 0.367221750
i 0.207354961 0.398727976
i 0.304881526 0.398727976
i 0.402408092 0.398727976
i 0.499934657 0.398727976
i 0.597461222 0.398727976
i 0.694987788 0.398727976
i 0.792514353 0.398727976
i 0.207354961 0.430234202
i 0.304881526 0.430234202
i 0.402408092 0.430234202
i 0.499934657 0.430234202
i 0.597461222 0.430234202
i 0.694987788 0.430234202
i 0.792514353 0.430234202
i 0.158591678 0.225443733
i 0.134210037 0.217567176
i 0.182973319 0.217567176
i 0.134210037 0.233320289
i 0.182973319 0.233320289
i 0.158591678 0.256949959
i 0.134210037 0.249073402
i 0.182973319 0.249073402
i 0.134210037 0.264826515
i 0.182973319 0.264826515
i 0.158591678 0.288456185
i 0.134210037 0.280579628
i 0.182973319 0.280579628
i 0.134210037 0.296332741
i 0.182973319 0.296332741
i 0.158591678 0.319962411
i 0.134210037 0.312085854
i 0.182973319 0.312085854
i 0.134210037 0.327838967
i 0.182973319 0.327838967
i 0.158591678 0.351468637
i 0.134210037 0.343592080
i 0.182973319 0.343592080
i 0.134210037 0.359345193
i 0.182973319 0.359345193
i 0.158591678 0.382974863
i 0.134210037 0.375098306
i 0.182973319 0.375098306
i 0.134210037 0.390851419
i 0.182973319 0.390851419
i 0.158591678 0.414481089
i 0.134210037 0.406604532
i 0.182973319 0.406604532
i 0.134210037 0.422357645
i 0.182973319 0.422357645
i 0.158591678 0.445987315
i 0.134210037 0.438110758
i 0.182973319 0.438110758
i 0.134210037 0.453863871
i 0.182973319 0.453863871
i 0.256118243 0.225443733
i 0.231736602 0.217567176
i 0.280499885 0.217567176
i 0.231736602 0.233320289
i 0.280499885 0.233320289
i 0.256118243 0.256949959
i 0.231736602 0.249073402
i 0.280499885 0.249073402
i 0.231736602 0.264826515
i 0.280499885 0.264826515
i 0.256118243 0.288456185
i 0.231736602 0.280579628
i 0.280499885 0.280579628
i 0.231736602 0.296332741
i 0.280499885 0.296332741
i 0.256118243 0.319962411
i 0.231736602 0.312085854
i 0.280499885 0.312085854
i 0.231736602 0.327838967
i 0.280499885 0.327838967
i 0.256118243 0.351468637
i 0.231736602 0.343592080
i 0.280499885 0.343592080
i 0.231736602 0.359345193
i 0.280499885 0.359345193
i 0.256118243 0.382974863
i 0.231736602 0.375098306
i 0.280499885 0.375098306
i 0.231736602 0.390851419
i 0.280499885 0.390851419
i 0.256118243 0.414481089
i 0.231736602 0.406604532
i 0.280499885 0.406604532
i 0.231736602 0.422357645
i 0.280499885 0.422357645
i 0.256118243 0.445987315
i 0.231736602 0.438110758
i 0.280499885 0.438110758
i 0.231736602 0.453863871
i 0.280499885 0.453863871
i 0.353644809 0.225443733
i 0.329263168 0.217567176
i 0.378026450 0.217567176
i 0.329263168 0.233320289
i 0.378026450 0.233320289
i 0.353644809 0.256949959
i 0.329263168 0.249073402
i 0.378026450 0.249073402
i 0.329263168 0.264826515
i 0.378026450 0.264826515
i 0.353644809 0.288456185
i 0.329263168 0.280579628
i 0.378026450 0.280579628
i 0.329263168 0.296332741
i 0.378026450 0.296332741
i 0.353644809 0.319962411
i 0.329263168 0.312085854
i 0.378026450 0.312085854
i 0.329263168 0.327838967
i 0.378026450 0.327838967
i 0.353644809 0.351468637
i 0.329263168 0.343592080
i 0.378026450 0.343592080
i 0.329263168 0.359345193
i 0.378026450 0.359345193
i 0.353644809 0.382974863
i 0.329263168 0.375098306
i 0.378026450 0.375098306
i 0.329263168 0.390851419
i 0.378026450 0.390851419
i 0.353644809 0.414481089
i 0.329263168 0.406604532
i 0.378026450 0.406604532
i 0.329263168 0.422357645
i 0.378026450 0.422357645
i 0.353644809 0.445987315
i 0.329263168 0.438110758
i 0.378026450 0.438110758
i 0.329263168 0.453863871
i 0.378026450 0.453863871
i 0.451171374 0.225443733
i 0.426789733 0.217567176
i 0.475553016 0.217567176
i 0.426789733 0.233320289
i 0.475553016 0.233320289
i 0.451171374 0.256949959
i 0.426789733 0.249073402
i 0.475553016 0.249073402
i 0.426789733 0.264826515
i 0.475553016 0.264826515
i 0.451171374 0.288456185
i 0.426789733 0.280579628
i 0.475553016 0.280579628
i 0.426789733 0.296332741
i 0.475553016 0.296332741
i 0.451171374 0.319962411
i 0.426789733 0.312085854
i 0.475553016 0.312085854
i 0.426789733 0.327838967
i 0.475553016 0.327838967
i 0.451171374 0.351468637
i 0.426789733 0.343592080
i 0.475553016 0.343592080
i 0.426789733 0.359345193
i 0.475553016 0.359345193
i 0.451171374 0.382974863
i 0.426789733 0.375098306
i 0.475553016 0.375098306
i 0.426789733 0.390851419
i 0.475553016 0.390851419
i 0.451171374 0.414481089
i 0.426789733 0.406604532
i 0.475553016 0.406604532
i 0.426789733 0.422357645
i 0.475553016 0.422357645
i 0.451171374 0.445987315
i 0.426789733 0.438110758
i 0.475553016 0.438110758
i 0.426789733 0.453863871
i 0.475553016 0.453863871
i 0.548697940 0.225443733
i 0.524316298 0.217567176
i 0.573079581 0.217567176
i 0.524316298 0.233320289
i 0.573079581 0.233320289
i 0.548697940 0.256949959
i 0.524316298 0.249073402
i 0.573079581 0.249073402
i 0.524316298 0.264826515
i 0.573079581 0.264826515
i 0.548697940 0.288456185
i 0.524316298 0.280579628
i 0.573079581 0.280579628
i 0.524316298 0.296332741
i 0.573079581 0.296332741
i 0.548697940 0.319962411
i 0.524316298 0.312085854
i 0.573079581 0.312085854
i 0.524316298 0.327838967
i 0.573079581 0.327838967
i 0.548697940 0.351468637
i 0.524316298 0.343592080
i 0.573079581 0.343592080
i 0.524316298 0.359345193
i 0.573079581 0.359345193
i 0.548697940 0.382974863
i 0.524316298 0.375098306
i 0.573079581 0.375098306
i 0.524316298 0.390851419
i 0.573079581 0.390851419
i 0.548697940 0.414481089
i 0.524316298 0.406604532
i 0.573079581 0.406604532
i 0.524316298 0.422357645
i 0.573079581 0.422357645
i 0.548697940 0.445987315
i 0.524316298 0.438110758
i 0.573079581 0.438110758
i 0.524316298 0.453863871
i 0.573079581 0.453863871
i 0.646224505 0.225443733
i 0.621842864 0.217567176
i 0.670606147 0.217567176
i 0.621842864 0.233320289
i 0.670606147 0.233320289
i 0.646224505 0.256949959
i 0.621842864 0.249073402
i 0.670606147 0.249073402
i 0.621842864 0.264826515
i 0.670606147 0.264826515
i 0.646224505 0.288456185
i 0.621842864 0.280579628
i 0.670606147 0.280579628
i 0.621842864 0.296332741
i 0.670606147 0.296332741
i 0.646224505 0.319962411
i 0.621842864 0.312085854
i 0.670606147 0.312085854
i 0.621842864 0.327838967
i 0.670606147 0.327838967
i 0.646224505 0.351468637
i 0.621842864 0.343592080
i 0.670606147 0.343592080
i 0.621842864 0.359345193
i 0.670606147 0.359345193
i 0.646224505 0.382974863
i 0.621842864 0.375098306
i 0.670606147 0.375098306
i 0.621842864 0.390851419
i 0.670606147 0.390851419
i 0.646224505 0.414481089
i 0.621842864 0.406604532
i 0.670606147 0.406604532
i 0.621842864 0.422357645
i 0.670606147 0.422357645
i 0.646224505 0.445987315
i 0.621842864 0.438110758
i 0.670606147 0.438110758
i 0.621842864 0.453863871
i 0.670606147 0.453863871
i 0.743751071 0.225443733
i 0.719369429 0.217567176
i 0.768132712 0.217567176
i 0.719369429 0.233320289
i 0.768132712 0.233320289
i 0.743751071 0.256949959
i 0.719369429 0.249073402
i 0.768132712 0.249073402
i 0.719369429 0.264826515
i 0.768132712 0.264826515
i 0.743751071 0.288456185
i 0.719369429 0.280579628
i 0.768132712 0.280579628
i 0.719369429 0.296332741
i 0.768132712 0.296332741
i 0.743751071 0.319962411
i 0.719369429 0.312085854
i 0.768132712 0.312085854
i 0.719369429 0.327838967
i 0.768132712 0.327838967
i 0.743751071 0.351468637
i 0.719369429 0.343592080
i 0.768132712 0.343592080
i 0.719369429 0.359345193
i 0.768132712 0.359345193
i 0.743751071 0.382974863
i 0.719369429 0.375098306
i 0.768132712 0.375098306
i 0.719369429 0.390851419
i 0.768132712 0.390851419
i 0.743751071 0.414481089
i 0.719369429 0.406604532
i 0.768132712 0.406604532
i 0.719369429 0.422357645
i 0.768132712 0.422357645
i 0.743751071 0.445987315
i 0.719369429 0.438110758
i 0.768132712 0.438110758
i 0.719369429 0.453863871
i 0.768132712 0.453863871
i 0.841277636 0.225443733
i 0.816895995 0.217567176
i 0.865659277 0.217567176
i 0.816895995 0.233320289
i 0.865659277 0.233320289
i 0.841277636 0.256949959
i 0.816895995 0.249073402
i 0.865659277 0.249073402
i 0.816895995 0.264826515
i 0.865659277 0.264826515
i 0.841277636 0.288456185
i 0.816895995 0.280579628
i 0.865659277 0.280579628
i 0.816895995 0.296332741
i 0.865659277 0.296332741
i 0.841277636 0.319962411
i 0.816895995 0.312085854
i 0.865659277 0.312085854
i 0.816895995 0.327838967
i 0.865659277 0.327838967
i 0.841277636 0.351468637
i 0.816895995 0.343592080
i 0.865659277 0.343592080
i 0.816895995 0.359345193
i 0.865659277 0.359345193
i 0.841277636 0.382974863
i 0.816895995 0.375098306
i 0.865659277 0.375098306
i 0.816895995 0.390851419
i 0.865659277 0.390851419
i 0.841277636 0.414481089
i 0.816895995 0.406604532
i 0.865659277 0.406604532
i 0.816895995 0.422357645
i 0.865659277 0.422357645
i 0.841277636 0.445987315
i 0.816895995 0.438110758
i 0.865659277 0.438110758
i 0.816895995 0.453863871
i 0.865659277 0.453863871
tris
t 140 138 139
t 140 137 138
t 140 136 137
t 140 135 136
t 140 134 135
t 140 133 134
t 140 132 133
t 140 131 132
t 140 130 131
t 140 129 130
t 140 128 129
t 140 127 128
t 140 126 127
t 140 125 126
t 140 124 125
t 140 123 124
t 140 122 123
t 140 141 142
t 140 142 143
t 140 143 144
t 140 144 145
t 140 565 122
t 140 566 565
t 140 567 566
t 140 568 567
t 140 569 568
t 140 570 569
t 140 571 570
t 140 572 571
t 140 573 572
t 140 574 573
t 140 575 574
t 140 576 575
t 140 577 576
t 140 578 577
t 140 579 578
t 140 580 579
t 140 581 580
t 140 582 581
t 140 583 582
t 140 584 583
t 140 585 584
t 140 586 585
t 140 587 586
t 140 588 587
t 140 589 588
t 140 590 589
t 140 591 590
t 140 592 591
t 140 593 592
t 140 594 593
t 140 595 594
t 140 596 595
t 140 597 596
t 140 598 597
t 140 599 598
t 140 600 599
t 140 601 600
t 140 602 601
t 140 603 602
t 140 604 603
t 140 605 604
t 140 606 605
t 140 607 606
t 140 608 607
t 140 609 608
t 140 610 609
t 140 611 610
t 140 612 611
t 140 613 612
t 140 614 613
t 140 615 614
t 140 616 615
t 140 617 616
t 140 145 617
t 122 120 121
t 122 119 120
t 122 118 119
t 122 117 118
t 122 116 117
t 122 115 116
t 122 114 115
t 122 113 114
t 122 112 113
t 122 111 112
t 122 110 111
t 122 109 110
t 122 108 109
t 122 107 108
t 122 106 107
t 122 105 106
t 122 104 105
t 122 103 104
t 145 146 147
t 145 147 148
t 145 148 149
t 145 149 150
t 122 618 103
t 122 619 618
t 122 620 619
t 122 621 620
t 122 622 621
t 122 623 622
t 122 624 623
t 122 625 624
t 122 626 625
t 122 627 626
t 122 628 627
t 122 629 628
t 122 630 629
t 122 631 630
t 122 632 631
t 122 633 632
t 122 634 633
t 122 635 634
t 122 636 635
t 122 637 636
t 122 638 637
t 122 639 638
t 122 640 639
t 122 641 640
t 122 642 641
t 122 643 642
t 122 644 643
t 122 645 644
t 122 646 645
t 122 647 646
t 122 565 647
t 565 648 647
t 565 566 648
t 566 649 648
t 566 567 649
t 567 650 649
t 567 568 650
t 568 651 650
t 568 569 651
t 569 652 651
t 569 570 652
t 570 653 652
t 570 571 653
t 571 654 653
t 571 572 654
t 572 655 654
t 572 573 655
t 573 656 655
t 573 574 656
t 574 657 656
t 574 575 657
t 575 658 657
t 575 576 658
t 576 659 658
t 576 577 659
t 577 660 659
t 577 578 660
t 578 661 660
t 578 579 661
t 579 662 661
t 579 580 662
t 580 663 662
t 580 581 663
t 581 664 663
t 581 582 664
t 582 665 664
t 582 583 665
t 583 666 665
t 583 584 666
t 584 667 666
t 584 585 667
t 585 668 667
t 585 586 668
t 586 669 668
t 586 587 669
t 587 670 669
t 587 588 670
t 588 671 670
t 588 589 671
t 589 672 671
t 589 590 672
t 590 673 672
t 590 591 673
t 591 674 673
t 591 592 674
t 592 675 674
t 592 593 675
t 593 676 675
t 593 594 676
t 594 677 676
t 594 595 677
t 595 678 677
t 595 596 678
t 596 679 678
t 596 597 679
t 597 680 679
t 597 598 680
t 598 681 680
t 598 599 681
t 599 682 681
t 599 600 682
t 600 683 682
t 600 601 683
t 601 684 683
t 601 602 684
t 602 685 684
t 602 603 685
t 603 686 685
t 603 604 686
t 604 687 686
t 604 605 687
t 605 688 687
t 605 606 688
t 606 689 688
t 606 607 689
t 607 690 689
t 607 608 690
t 608 691 690
t 608 609 691
t 609 692 691
t 609 610 692
t 610 693 692
t 610 611 693
t 611 694 693
t 611 612 694
t 612 695 694
t 612 613 695
t 613 696 695
t 613 614 696
t 614 697 696
t 614 615 697
t 615 698 697
t 615 616 698
t 616 699 698
t 616 617 699
t 617 700 699
t 617 145 700
t 145 701 700
t 145 702 701
t 145 703 702
t 145 704 703
t 145 705 704
t 145 706 705
t 145 707 706
t 145 708 707
t 145 709 708
t 145 150 709
t 103 101 102
t 103 100 101
t 103 99 100
t 103 98 99
t 103 97 98
t 103 96 97
t 103 95 96
t 103 94 95
t 103 93 94
t 103 92 93
t 103 91 92
t 103 90 91
t 103 89 90
t 103 88 89
t 103 87 88
t 103 86 87
t 103 85 86
t 103 84 85
t 103 83 84
t 103 82 83
t 103 81 82
t 103 80 81
t 103 79 80
t 103 78 79
t 103 77 78
t 103 76 77
t 103 75 76
t 103 74 75
t 103 73 74
t 103 72 73
t 103 71 72
t 103 70 71
t 103 69 70
t 103 68 69
t 103 67 68
t 103 66 67
t 103 65 66
t 150 151 152
t 150 152 153
t 150 153 154
t 150 154 155
t 150 155 156
t 150 156 157
t 150 157 158
t 150 158 159
t 150 159 160
t 150 160 161
t 103 710 65
t 103 711 710
t 103 712 711
t 103 713 712
t 103 714 713
t 103 715 714
t 103 716 715
t 103 717 716
t 103 718 717
t 103 719 718
t 103 720 719
t 103 721 720
t 103 722 721
t 103 723 722
t 103 724 723
t 103 725 724
t 103 726 725
t 103 727 726
t 103 728 727
t 103 729 728
t 103 730 729
t 103 731 730
t 103 732 731
t 103 733 732
t 103 734 733
t 103 735 734
t 103 736 735
t 103 737 736
t 103 738 737
t 103 739 738
t 103 740 739
t 103 741 740
t 103 742 741
t 103 743 742
t 103 744 743
t 103 745 744
t 103 746 745
t 103 747 746
t 103 748 747
t 103 749 748
t 103 618 749
t 618 750 749
t 618 619 750
t 619 751 750
t 619 620 751
t 620 752 751
t 620 621 752
t 621 753 752
t 621 622 753
t 622 754 753
t 622 623 754
t 623 755 754
t 623 624 755
t 624 756 755
t 624 625 756
t 625 757 756
t 625 626 757
t 626 758 757
t 626 627 758
t 627 759 758
t 627 628 759
t 628 760 759
t 628 629 760
t 629 761 760
t 629 630 761
t 630 762 761
t 630 631 762
t 631 763 762
t 631 632 763
t 632 764 763
t 632 633 764
t 633 765 764
t 633 634 765
t 634 766 765
t 634 635 766
t 635 767 766
t 635 636 767
t 636 768 767
t 636 637 768
t 637 769 768
t 637 638 769
t 638 770 769
t 638 639 770
t 639 771 770
t 639 640 771
t 640 772 771
t 640 641 772
t 641 773 772
t 641 642 773
t 642 774 773
t 642 643 774
t 643 775 774
t 643 644 775
t 644 776 775
t 644 645 776
t 645 777 776
t 645 646 777
t 646 778 777
t 646 647 778
t 647 779 778
t 647 648 779
t 648 780 779
t 648 649 780
t 649 781 780
t 649 650 781
t 650 782 781
t 650 651 782
t 651 783 782
t 651 652 783
t 652 784 783
t 652 653 784
t 653 785 784
t 653 654 785
t 654 786 785
t 654 655 786
t 655 787 786
t 655 656 787
t 656 788 787
t 656 657 788
t 657 789 788
t 657 658 789
t 658 790 789
t 658 659 790
t 659 791 790
t 659 660 791
t 660 792 791
t 660 661 792
t 661 793 792
t 661 662 793
t 662 794 793
t 662 663 794
t 663 795 794
t 663 664 795
t 664 796 795
t 664 665 796
t 665 797 796
t 665 666 797
t 666 798 797
t 666 667 798
t 667 799 798
t 667 668 799
t 668 800 799
t 668 669 800
t 669 801 800
t 669 670 801
t 670 802 801
t 670 671 802
t 671 803 802
t 671 672 803
t 672 804 803
t 672 673 804
t 673 805 804
t 673 674 805
t 674 806 805
t 674 675 806
t 675 807 806
t 675 676 807
t 676 808 807
t 676 677 808
t 677 809 808
t 677 678 809
t 678 810 809
t 678 679 810
t 679 811 810
t 679 680 811
t 680 812 811
t 680 681 812
t 681 813 812
t 681 682 813
t 682 814 813
t 682 683 814
t 683 815 814
t 683 684 815
t 684 816 815
t 684 685 816
t 685 817 816
t 685 686 817
t 686 818 817
t 686 687 818
t 687 819 818
t 687 688 819
t 688 820 819
t 688 689 820
t 689 821 820
t 689 690 821
t 690 822 821
t 690 691 822
t 691 823 822
t 691 692 823
t 692 824 823
t 692 693 824
t 693 825 824
t 693 694 825
t 694 826 825
t 694 695 826
t 695 827 826
t 695 696 827
t 696 828 827
t 696 697 828
t 697 829 828
t 697 698 829
t 698 830 829
t 698 699 830
t 699 831 830
t 699 700 831
t 700 832 831
t 700 701 832
t 701 833 832
t 701 702 833
t 702 834 833
t 702 703 834
t 703 835 834
t 703 704 835
t 704 836 835
t 704 705 836
t 705 837 836
t 705 706 837
t 706 838 837
t 706 707 838
t 707 839 838
t 707 708 839
t 708 840 839
t 708 709 840
t 709 841 840
t 709 150 841
t 150 842 841
t 150 843 842
t 150 844 843
t 150 845 844
t 150 846 845
t 150 847 846
t 150 848 847
t 150 849 848
t 150 850 849
t 150 851 850
t 150 852 851
t 150 853 852
t 150 854 853
t 150 855 854
t 150 856 855
t 150 857 856
t 150 858 857
t 150 161 858
t 65 63 64
t 65 62 63
t 65 61 62
t 65 60 61
t 65 59 60
t 65 58 59
t 65 57 58
t 65 56 57
t 65 55 56
t 65 54 55
t 65 53 54
t 65 52 53
t 65 51 52
t 65 50 51
t 65 49 50
t 65 48 49
t 65 47 48
t 65 46 47
t 161 162 163
t 161 163 164
t 161 164 165
t 161 165 166
t 161 166 167
t 161 167 168
t 161 168 169
t 161 169 170
t 161 170 171
t 161 171 172
t 161 172 173
t 161 173 174
t 161 174 175
t 161 175 176
t 161 176 177
t 161 177 178
t 161 178 179
t 65 859 46
t 65 860 859
t 65 861 860
t 65 862 861
t 65 863 862
t 65 864 863
t 65 865 864
t 65 866 865
t 65 867 866
t 65 868 867
t 65 869 868
t 65 710 869
t 710 870 869
t 710 711 870
t 711 871 870
t 711 712 871
t 712 872 871
t 712 713 872
t 713 873 872
t 713 714 873
t 714 874 873
t 714 715 874
t 715 875 874
t 715 716 875
t 716 876 875
t 716 717 876
t 717 877 876
t 717 718 877
t 718 878 877
t 718 719 878
t 719 879 878
t 719 720 879
t 720 880 879
t 720 721 880
t 721 881 880
t 721 722 881
t 722 882 881
t 722 723 882
t 723 883 882
t 723 724 883
t 724 884 883
t 724 725 884
t 725 885 884
t 725 726 885
t 726 886 885
t 726 727 886
t 727 887 886
t 727 728 887
t 728 888 887
t 728 729 888
t 729 889 888
t 729 730 889
t 730 890 889
t 730 731 890
t 731 891 890
t 731 732 891
t 732 892 891
t 732 733 892
t 733 893 892
t 733 734 893
t 734 894 893
t 734 735 894
t 735 895 894
t 735 736 895
t 736 896 895
t 736 737 896
t 737 897 896
t 737 738 897
t 738 898 897
t 738 739 898
t 739 899 898
t 739 740 899
t 740 900 899
t 740 741 900
t 741 901 900
t 741 742 901
t 742 902 901
t 742 743 902
t 743 903 902
t 743 744 903
t 744 904 903
t 744 745 904
t 745 905 904
t 745 746 905
t 746 906 905
t 746 747 906
t 747 907 906
t 747 748 907
t 748 908 907
t 748 749 908
t 749 909 908
t 749 750 909
t 750 910 909
t 750 751 910
t 751 911 910
t 751 752 911
t 752 912 911
t 752 753 912
t 753 913 912
t 753 754 913
t 754 914 913
t 754 755 914
t 755 915 914
t 755 756 915
t 756 916 915
t 756 757 916
t 757 917 916
t 757 758 917
t 758 918 917
t 758 759 918
t 759 919 918
t 759 760 919
t 760 920 919
t 760 761 920
t 761 921 920
t 761 762 921
t 762 922 921
t 762 763 922
t 763 923 922
t 763 764 923
t 764 924 923
t 764 765 924
t 765 925 924
t 765 766 925
t 766 926 925
t 766 767 926
t 767 927 926
t 767 768 927
t 768 928 927
t 768 769 928
t 769 929 928
t 769 770 929
t 770 930 929
t 770 771 930
t 771 931 930
t 771 772 931
t 772 932 931
t 772 773 932
t 773 933 932
t 773 774 933
t 774 934 933
t 774 775 934
t 775 935 934
t 775 776 935
t 776 936 935
t 776 777 936
t 777 937 936
t 777 778 937
t 778 938 937
t 778 779 938
t 779 939 938
t 779 780 939
t 780 940 939
t 780 781 940
t 781 941 940
t 781 782 941
t 782 942 941
t 782 783 942
t 783 943 942
t 783 784 943
t 784 944 943
t 784 785 944
t 785 945 944
t 785 786 945
t 786 946 945
t 786 787 946
t 787 947 946
t 787 788 947
t 788 948 947
t 788 789 948
t 789 949 948
t 789 790 949
t 790 950 949
t 790 791 950
t 791 951 950
t 791 792 951
t 792 952 951
t 792 793 952
t 793 953 952
t 793 794 953
t 794 954 953
t 794 795 954
t 795 955 954
t 795 796 955
t 796 956 955
t 796 797 956
t 797 957 956
t 797 798 957
t 798 958 957
t 798 799 958
t 799 959 958
t 799 800 959
t 800 960 959
t 800 801 960
t 801 961 960
t 801 802 961
t 802 962 961
t 802 803 962
t 803 963 962
t 803 804 963
t 804 964 963
t 804 805 964
t 805 965 964
t 805 806 965
t 806 966 965
t 806 807 966
t 807 967 966
t 807 808 967
t 808 968 967
t 808 809 968
t 809 969 968
t 809 810 969
t 810 970 969
t 810 811 970
t 811 971 970
t 811 812 971
t 812 972 971
t 812 813 972
t 813 973 972
t 813 814 973
t 814 974 973
t 814 815 974
t 815 975 974
t 815 816 975
t 816 976 975
t 816 817 976
t 817 977 976
t 817 818 977
t 818 978 977
t 818 819 978
t 819 979 978
t 819 820 979
t 820 980 979
t 820 821 980
t 821 981 980
t 821 822 981
t 822 179 981
t 822 823 179
t 823 824 179
t 824 825 179
t 825 826 179
t 826 827 179
t 827 828 179
t 828 829 179
t 829 830 179
t 830 831 179
t 831 832 179
t 832 833 179
t 833 834 179
t 834 835 179
t 835 836 179
t 836 837 179
t 837 838 179
t 838 839 179
t 839 840 179
t 840 841 179
t 841 842 179
t 842 843 179
t 843 844 179
t 844 845 179
t 845 846 179
t 846 847 179
t 847 848 179
t 848 849 179
t 849 850 179
t 850 851 179
t 851 852 179
t 852 853 179
t 853 854 179
t 854 855 179
t 855 856 179
t 856 857 179
t 857 858 179
t 858 161 179
t 46 44 45
t 46 43 44
t 46 42 43
t 46 41 42
t 46 40 41
t 46 39 40
t 46 38 39
t 179 180 181
t 179 181 182
t 179 182 183
t 179 183 184
t 179 184 185
t 179 185 186
t 179 186 187
t 179 187 188
t 179 188 189
t 179 189 190
t 179 190 191
t 179 191 192
t 179 192 193
t 179 193 194
t 179 194 195
t 179 195 0
t 179 0 1
t 179 1 2
t 179 2 3
t 179 3 4
t 179 4 5
t 179 5 6
t 46 859 38
t 859 860 38
t 860 861 38
t 861 862 38
t 862 863 38
t 863 864 38
t 864 865 38
t 865 866 38
t 866 867 38
t 867 868 38
t 868 869 38
t 869 870 38
t 870 871 38
t 871 872 38
t 872 873 38
t 873 874 38
t 874 875 38
t 875 876 38
t 876 877 38
t 877 878 38
t 878 879 38
t 879 880 38
t 880 881 38
t 881 882 38
t 882 982 38
t 882 883 982
t 883 983 982
t 883 884 983
t 884 984 983
t 884 885 984
t 885 985 984
t 885 886 985
t 886 986 985
t 886 887 986
t 887 987 986
t 887 888 987
t 888 988 987
t 888 889 988
t 889 989 988
t 889 890 989
t 890 990 989
t 890 891 990
t 891 991 990
t 891 892 991
t 892 992 991
t 892 893 992
t 893 993 992
t 893 894 993
t 894 994 993
t 894 895 994
t 895 995 994
t 895 896 995
t 896 996 995
t 896 897 996
t 897 997 996
t 897 898 997
t 898 998 997
t 898 899 998
t 899 999 998
t 899 900 999
t 900 1000 999
t 900 901 1000
t 901 1001 1000
t 901 902 1001
t 902 1002 1001
t 902 903 1002
t 903 1003 1002
t 903 904 1003
t 904 1004 1003
t 904 905 1004
t 905 1005 1004
t 905 906 1005
t 906 1006 1005
t 906 907 1006
t 907 1007 1006
t 907 908 1007
t 908 1008 1007
t 908 909 1008
t 909 1009 1008
t 909 910 1009
t 910 1010 1009
t 910 911 1010
t 911 1011 1010
t 911 912 1011
t 912 1012 1011
t 912 913 1012
t 913 1013 1012
t 913 914 1013
t 914 1014 1013
t 914 915 1014
t 915 1015 1014
t 915 916 1015
t 916 1016 1015
t 916 917 1016
t 917 1017 1016
t 917 918 1017
t 918 1018 1017
t 918 919 1018
t 919 1019 1018
t 919 920 1019
t 920 1020 1019
t 920 921 1020
t 921 1021 1020
t 921 922 1021
t 922 1022 1021
t 922 923 1022
t 923 1023 1022
t 923 924 1023
t 924 1024 1023
t 924 925 1024
t 925 1025 1024
t 925 926 1025
t 926 1026 1025
t 926 927 1026
t 927 1027 1026
t 927 928 1027
t 928 1028 1027
t 928 929 1028
t 929 1029 1028
t 929 930 1029
t 930 1030 1029
t 930 931 1030
t 931 1031 1030
t 931 932 1031
t 932 1032 1031
t 932 933 1032
t 933 1033 1032
t 933 934 1033
t 934 1034 1033
t 934 935 1034
t 935 1035 1034
t 935 936 1035
t 936 1036 1035
t 936 937 1036
t 937 1037 1036
t 937 938 1037
t 938 1038 1037
t 938 939 1038
t 939 1039 1038
t 939 940 1039
t 940 1040 1039
t 940 941 1040
t 941 1041 1040
t 941 942 1041
t 942 1042 1041
t 942 943 1042
t 943 1043 1042
t 943 944 1043
t 944 1044 1043
t 944 945 1044
t 945 1045 1044
t 945 946 1045
t 946 6 1045
t 946 947 6
t 947 948 6
t 948 949 6
t 949 950 6
t 950 951 6
t 951 952 6
t 952 953 6
t 953 954 6
t 954 955 6
t 955 956 6
t 956 957 6
t 957 958 6
t 958 959 6
t 959 960 6
t 960 961 6
t 961 962 6
t 962 963 6
t 963 964 6
t 964 965 6
t 965 966 6
t 966 967 6
t 967 968 6
t 968 969 6
t 969 970 6
t 970 971 6
t 971 972 6
t 972 973 6
t 973 974 6
t 974 975 6
t 975 976 6
t 976 977 6
t 977 978 6
t 978 979 6
t 979 980 6
t 980 981 6
t 981 179 6
t 38 36 37
t 38 35 36
t 38 34 35
t 6 7 8
t 6 8 9
t 6 9 10
t 6 10 11
t 6 11 12
t 6 12 13
t 6 13 14
t 6 14 15
t 6 15 16
t 6 16 17
t 6 17 18
t 38 1046 34
t 38 1047 1046
t 38 1048 1047
t 38 1049 1048
t 38 982 1049
t 982 1050 1049
t 982 983 1050
t 983 1051 1050
t 983 984 1051
t 984 1052 1051
t 984 985 1052
t 985 1053 1052
t 985 986 1053
t 986 1054 1053
t 986 987 1054
t 987 1055 1054
t 987 988 1055
t 988 1056 1055
t 988 989 1056
t 989 1057 1056
t 989 990 1057
t 990 1058 1057
t 990 991 1058
t 991 1059 1058
t 991 992 1059
t 992 1060 1059
t 992 993 1060
t 993 1061 1060
t 993 994 1061
t 994 1062 1061
t 994 995 1062
t 995 1063 1062
t 995 996 1063
t 996 1064 1063
t 996 997 1064
t 997 1065 1064
t 997 998 1065
t 998 1066 1065
t 998 999 1066
t 999 1067 1066
t 999 1000 1067
t 1000 1068 1067
t 1000 1001 1068
t 1001 1069 1068
t 1001 1002 1069
t 1002 1070 1069
t 1002 1003 1070
t 1003 1071 1070
t 1003 1004 1071
t 1004 1072 1071
t 1004 1005 1072
t 1005 1073 1072
t 1005 1006 1073
t 1006 1074 1073
t 1006 1007 1074
t 1007 1075 1074
t 1007 1008 1075
t 1008 1076 1075
t 1008 1009 1076
t 1009 1077 1076
t 1009 1010 1077
t 1010 1078 1077
t 1010 1011 1078
t 1011 1079 1078
t 1011 1012 1079
t 1012 1080 1079
t 1012 1013 1080
t 1013 18 1080
t 1013 1014 18
t 1014 1015 18
t 1015 1016 18
t 1016 1017 18
t 1017 1018 18
t 1018 1019 18
t 1019 1020 18
t 1020 1021 18
t 1021 1022 18
t 1022 1023 18
t 1023 1024 18
t 1024 1025 18
t 1025 1026 18
t 1026 1027 18
t 1027 1028 18
t 1028 1029 18
t 1029 1030 18
t 1030 1031 18
t 1031 1032 18
t 1032 1033 18
t 1033 1034 18
t 1034 1035 18
t 1035 1036 18
t 1036 1037 18
t 1037 1038 18
t 1038 1039 18
t 1039 1040 18
t 1040 1041 18
t 1041 1042 18
t 1042 1043 18
t 1043 1044 18
t 1044 1045 18
t 1045 6 18
t 34 32 33
t 34 31 32
t 34 30 31
t 18 19 20
t 18 20 21
t 18 21 22
t 18 22 23
t 18 23 24
t 18 24 25
t 18 25 26
t 18 26 27
t 18 27 28
t 18 28 29
t 18 29 30
t 34 1046 30
t 1046 1047 30
t 1047 1048 30
t 1048 1049 30
t 1049 1050 30
t 1050 1051 30
t 1051 1052 30
t 1052 1053 30
t 1053 1054 30
t 1054 1055 30
t 1055 1056 30
t 1056 1057 30
t 1057 1058 30
t 1058 1059 30
t 1059 1060 30
t 1060 1061 30
t 1061 1062 30
t 1062 1063 30
t 1063 1064 30
t 1064 1065 30
t 1065 1066 30
t 1066 1067 30
t 1067 1068 30
t 1068 1069 30
t 1069 1070 30
t 1070 1071 30
t 1071 1072 30
t 1072 1073 30
t 1073 1074 30
t 1074 1075 30
t 1075 1076 30
t 1076 1077 30
t 1077 1078 30
t 1078 1079 30
t 1079 1080 30
t 1080 18 30
