type=Nurbs forward=true n_boundary=196 n_holes=0 n_interior=348 n_tris=754 label=brep62542_f22_Nurbs(deg=3/3, cps=4x7)
boundary
b 0.794478023 0.273900156
b 0.793419774 0.277801358
b 0.792359268 0.281722073
b 0.791296821 0.285662328
b 0.790232731 0.289622153
b 0.789167259 0.293601584
b 0.788100626 0.297600657
b 0.787033006 0.301619411
b 0.785964531 0.305657885
b 0.784895287 0.309716122
b 0.783825315 0.313794166
b 0.782754608 0.317892061
b 0.781683113 0.322009854
b 0.780610726 0.326147595
b 0.779537297 0.330305333
b 0.778462622 0.334483120
b 0.777386448 0.338681010
b 0.776308471 0.342899057
b 0.775228330 0.347137318
b 0.774145675 0.351395855
b 0.773060815 0.355674791
b 0.771974447 0.359974286
b 0.770887192 0.364294506
b 0.769799583 0.368635618
b 0.768712070 0.372997793
b 0.767625033 0.377381205
b 0.766538834 0.381786043
b 0.765453752 0.386212500
b 0.764369969 0.390660770
b 0.763287572 0.395131052
b 0.762206545 0.399623548
b 0.761126773 0.404138459
b 0.760048035 0.408675994
b 0.758970003 0.413236360
b 0.757892241 0.417819769
b 0.756814202 0.422426434
b 0.755735227 0.427056570
b 0.754654547 0.431710396
b 0.753571890 0.436388050
b 0.752487835 0.441089553
b 0.751402979 0.445814921
b 0.750317853 0.450564172
b 0.749232921 0.455337326
b 0.748148579 0.460134411
b 0.747065151 0.464955454
b 0.745982892 0.469800489
b 0.744901979 0.474669551
b 0.743822567 0.479562685
b 0.742744892 0.484479956
b 0.741669136 0.489421434
b 0.740595402 0.494387196
b 0.739523704 0.499377321
b 0.738453969 0.504391893
b 0.737386034 0.509431000
b 0.736319643 0.514494733
b 0.735254443 0.519583190
b 0.717862910 0.519583195
b 0.700554981 0.519583194
b 0.683323656 0.519583193
b 0.666162057 0.519583192
b 0.649063415 0.519583191
b 0.632021053 0.519583190
b 0.615028384 0.519583189
b 0.598078894 0.519583187
b 0.581166135 0.519583186
b 0.564283713 0.519583185
b 0.547425281 0.519583184
b 0.530584527 0.519583183
b 0.513755165 0.519583181
b 0.496930927 0.519583180
b 0.480105552 0.519583179
b 0.463272777 0.519583178
b 0.446426329 0.519583177
b 0.429559914 0.519583176
b 0.412667208 0.519583174
b 0.395741847 0.519583173
b 0.378777420 0.519583172
b 0.361767456 0.519583171
b 0.344705415 0.519583170
b 0.327584679 0.519583168
b 0.310398539 0.519583167
b 0.293140186 0.519583166
b 0.275802702 0.519583165
b 0.258379044 0.519583164
b 0.240862034 0.519583162
b 0.223244349 0.519583161
b 0.205518503 0.519583164
b 0.205518885 0.514516384
b 0.205519964 0.509472498
b 0.205521634 0.504451508
b 0.205523773 0.499453420
b 0.205526236 0.494478242
b 0.205528866 0.489525989
b 0.205531491 0.484596676
b 0.205533924 0.479690325
b 0.205535968 0.474806960
b 0.205537442 0.469946614
b 0.205538310 0.465109340
b 0.205538579 0.460295199
b 0.205538249 0.455504255
b 0.205537308 0.450736578
b 0.205535740 0.445992239
b 0.205533523 0.441271312
b 0.205530628 0.436573876
b 0.205527024 0.431900011
b 0.205522700 0.427249786
b 0.205517925 0.422623069
b 0.205513097 0.418019601
b 0.205508550 0.413439123
b 0.205504554 0.408881378
b 0.205501315 0.404346110
b 0.205498979 0.399833067
b 0.205497634 0.395341998
b 0.205497313 0.390872656
b 0.205497996 0.386424795
b 0.205499611 0.381998173
b 0.205502037 0.377592548
b 0.205505109 0.373207684
b 0.205508626 0.368843349
b 0.205512431 0.364499321
b 0.205516356 0.360175388
b 0.205520192 0.355871338
b 0.205523692 0.351586964
b 0.205526577 0.347322060
b 0.205528702 0.343076512
b 0.205530167 0.338850341
b 0.205531086 0.334643584
b 0.205531556 0.330456276
b 0.205531669 0.326288456
b 0.205531503 0.322140162
b 0.205531129 0.318011436
b 0.205530609 0.313902319
b 0.205529995 0.309812857
b 0.205529333 0.305743094
b 0.205528662 0.301693077
b 0.205528013 0.297662855
b 0.205527411 0.293652478
b 0.205526876 0.289661999
b 0.205526424 0.285691470
b 0.205526063 0.281740946
b 0.205525806 0.277810486
b 0.205525707 0.273900156
b 0.216613859 0.273900714
b 0.227658661 0.273901244
b 0.238662029 0.273901751
b 0.249625821 0.273902236
b 0.260551851 0.273902703
b 0.271441888 0.273903154
b 0.282297665 0.273903592
b 0.293120882 0.273904019
b 0.303913212 0.273904440
b 0.314676305 0.273904856
b 0.325411794 0.273905270
b 0.336121298 0.273905685
b 0.346806428 0.273906104
b 0.357468791 0.273906530
b 0.368109994 0.273906966
b 0.378731650 0.273907414
b 0.389335381 0.273907878
b 0.399922822 0.273908360
b 0.410495625 0.273908862
b 0.421055442 0.273909381
b 0.431603893 0.273909907
b 0.442142562 0.273910433
b 0.452673007 0.273910951
b 0.463196758 0.273911450
b 0.473715327 0.273911924
b 0.484230210 0.273912364
b 0.494742891 0.273912760
b 0.505254850 0.273913105
b 0.515767561 0.273913389
b 0.526282502 0.273913605
b 0.536801159 0.273913744
b 0.547325028 0.273913797
b 0.557855620 0.273913754
b 0.568394467 0.273913609
b 0.578943126 0.273913352
b 0.589503181 0.273912973
b 0.600076252 0.273912466
b 0.610663990 0.273911831
b 0.621268042 0.273911086
b 0.631890038 0.273910251
b 0.642531595 0.273909345
b 0.653194321 0.273908387
b 0.663879817 0.273907397
b 0.674589686 0.273906395
b 0.685325532 0.273905399
b 0.696088970 0.273904430
b 0.706881626 0.273903507
b 0.717705145 0.273902650
b 0.728561194 0.273901878
b 0.739451467 0.273901212
b 0.750377689 0.273900671
b 0.761341626 0.273900275
b 0.772345083 0.273900044
b 0.783389913 0.273899997
interior
i 0.279119902 0.304610397
i 0.352742491 0.304610397
i 0.426365079 0.304610397
i 0.499987668 0.304610397
i 0.573610257 0.304610397
i 0.647232845 0.304610397
i 0.720855434 0.304610397
i 0.279119902 0.335320797
i 0.352742491 0.335320797
i 0.426365079 0.335320797
i 0.499987668 0.335320797
i 0.573610257 0.335320797
i 0.647232845 0.335320797
i 0.720855434 0.335320797
i 0.279119902 0.366031197
i 0.352742491 0.366031197
i 0.426365079 0.366031197
i 0.499987668 0.366031197
i 0.573610257 0.366031197
i 0.647232845 0.366031197
i 0.720855434 0.366031197
i 0.279119902 0.396741596
i 0.352742491 0.396741596
i 0.426365079 0.396741596
i 0.499987668 0.396741596
i 0.573610257 0.396741596
i 0.647232845 0.396741596
i 0.720855434 0.396741596
i 0.279119902 0.427451996
i 0.352742491 0.427451996
i 0.426365079 0.427451996
i 0.499987668 0.427451996
i 0.573610257 0.427451996
i 0.647232845 0.427451996
i 0.720855434 0.427451996
i 0.279119902 0.458162396
i 0.352742491 0.458162396
i 0.426365079 0.458162396
i 0.499987668 0.458162396
i 0.573610257 0.458162396
i 0.647232845 0.458162396
i 0.720855434 0.458162396
i 0.279119902 0.488872795
i 0.352742491 0.488872795
i 0.426365079 0.488872795
i 0.499987668 0.488872795
i 0.573610257 0.488872795
i 0.647232845 0.488872795
i 0.720855434 0.488872795
i 0.242308608 0.289255197
i 0.223902961 0.281577597
i 0.260714255 0.281577597
i 0.223902961 0.296932797
i 0.260714255 0.296932797
i 0.242308608 0.319965597
i 0.223902961 0.312287997
i 0.260714255 0.312287997
i 0.223902961 0.327643197
i 0.260714255 0.327643197
i 0.242308608 0.350675997
i 0.223902961 0.342998397
i 0.260714255 0.342998397
i 0.223902961 0.358353597
i 0.260714255 0.358353597
i 0.242308608 0.381386396
i 0.223902961 0.373708796
i 0.260714255 0.373708796
i 0.223902961 0.389063996
i 0.260714255 0.389063996
i 0.242308608 0.412096796
i 0.223902961 0.404419196
i 0.260714255 0.404419196
i 0.223902961 0.419774396
i 0.260714255 0.419774396
i 0.242308608 0.442807196
i 0.223902961 0.435129596
i 0.260714255 0.435129596
i 0.223902961 0.450484796
i 0.260714255 0.450484796
i 0.242308608 0.473517596
i 0.223902961 0.465839996
i 0.260714255 0.465839996
i 0.223902961 0.481195196
i 0.260714255 0.481195196
i 0.242308608 0.504227995
i 0.223902961 0.496550395
i 0.260714255 0.496550395
i 0.223902961 0.511905595
i 0.260714255 0.511905595
i 0.315931196 0.289255197
i 0.297525549 0.281577597
i 0.334336844 0.281577597
i 0.297525549 0.296932797
i 0.334336844 0.296932797
i 0.315931196 0.319965597
i 0.297525549 0.312287997
i 0.334336844 0.312287997
i 0.297525549 0.327643197
i 0.334336844 0.327643197
i 0.315931196 0.350675997
i 0.297525549 0.342998397
i 0.334336844 0.342998397
i 0.297525549 0.358353597
i 0.334336844 0.358353597
i 0.315931196 0.381386396
i 0.297525549 0.373708796
i 0.334336844 0.373708796
i 0.297525549 0.389063996
i 0.334336844 0.389063996
i 0.315931196 0.412096796
i 0.297525549 0.404419196
i 0.334336844 0.404419196
i 0.297525549 0.419774396
i 0.334336844 0.419774396
i 0.315931196 0.442807196
i 0.297525549 0.435129596
i 0.334336844 0.435129596
i 0.297525549 0.450484796
i 0.334336844 0.450484796
i 0.315931196 0.473517596
i 0.297525549 0.465839996
i 0.334336844 0.465839996
i 0.297525549 0.481195196
i 0.334336844 0.481195196
i 0.315931196 0.504227995
i 0.297525549 0.496550395
i 0.334336844 0.496550395
i 0.297525549 0.511905595
i 0.334336844 0.511905595
i 0.389553785 0.289255197
i 0.371148138 0.281577597
i 0.407959432 0.281577597
i 0.371148138 0.296932797
i 0.407959432 0.296932797
i 0.389553785 0.319965597
i 0.371148138 0.312287997
i 0.407959432 0.312287997
i 0.371148138 0.327643197
i 0.407959432 0.327643197
i 0.389553785 0.350675997
i 0.371148138 0.342998397
i 0.407959432 0.342998397
i 0.371148138 0.358353597
i 0.407959432 0.358353597
i 0.389553785 0.381386396
i 0.371148138 0.373708796
i 0.407959432 0.373708796
i 0.371148138 0.389063996
i 0.407959432 0.389063996
i 0.389553785 0.412096796
i 0.371148138 0.404419196
i 0.407959432 0.404419196
i 0.371148138 0.419774396
i 0.407959432 0.419774396
i 0.389553785 0.442807196
i 0.371148138 0.435129596
i 0.407959432 0.435129596
i 0.371148138 0.450484796
i 0.407959432 0.450484796
i 0.389553785 0.473517596
i 0.371148138 0.465839996
i 0.407959432 0.465839996
i 0.371148138 0.481195196
i 0.407959432 0.481195196
i 0.389553785 0.504227995
i 0.371148138 0.496550395
i 0.407959432 0.496550395
i 0.371148138 0.511905595
i 0.407959432 0.511905595
i 0.463176374 0.289255197
i 0.444770726 0.281577597
i 0.481582021 0.281577597
i 0.444770726 0.296932797
i 0.481582021 0.296932797
i 0.463176374 0.319965597
i 0.444770726 0.312287997
i 0.481582021 0.312287997
i 0.444770726 0.327643197
i 0.481582021 0.327643197
i 0.463176374 0.350675997
i 0.444770726 0.342998397
i 0.481582021 0.342998397
i 0.444770726 0.358353597
i 0.481582021 0.358353597
i 0.463176374 0.381386396
i 0.444770726 0.373708796
i 0.481582021 0.373708796
i 0.444770726 0.389063996
i 0.481582021 0.389063996
i 0.463176374 0.412096796
i 0.444770726 0.404419196
i 0.481582021 0.404419196
i 0.444770726 0.419774396
i 0.481582021 0.419774396
i 0.463176374 0.442807196
i 0.444770726 0.435129596
i 0.481582021 0.435129596
i 0.444770726 0.450484796
i 0.481582021 0.450484796
i 0.463176374 0.473517596
i 0.444770726 0.465839996
i 0.481582021 0.465839996
i 0.444770726 0.481195196
i 0.481582021 0.481195196
i 0.463176374 0.504227995
i 0.444770726 0.496550395
i 0.481582021 0.496550395
i 0.444770726 0.511905595
i 0.481582021 0.511905595
i 0.536798962 0.289255197
i 0.518393315 0.281577597
i 0.555204609 0.281577597
i 0.518393315 0.296932797
i 0.555204609 0.296932797
i 0.536798962 0.319965597
i 0.518393315 0.312287997
i 0.555204609 0.312287997
i 0.518393315 0.327643197
i 0.555204609 0.327643197
i 0.536798962 0.350675997
i 0.518393315 0.342998397
i 0.555204609 0.342998397
i 0.518393315 0.358353597
i 0.555204609 0.358353597
i 0.536798962 0.381386396
i 0.518393315 0.373708796
i 0.555204609 0.373708796
i 0.518393315 0.389063996
i 0.555204609 0.389063996
i 0.536798962 0.412096796
i 0.518393315 0.404419196
i 0.555204609 0.404419196
i 0.518393315 0.419774396
i 0.555204609 0.419774396
i 0.536798962 0.442807196
i 0.518393315 0.435129596
i 0.555204609 0.435129596
i 0.518393315 0.450484796
i 0.555204609 0.450484796
i 0.536798962 0.473517596
i 0.518393315 0.465839996
i 0.555204609 0.465839996
i 0.518393315 0.481195196
i 0.555204609 0.481195196
i 0.536798962 0.504227995
i 0.518393315 0.496550395
i 0.555204609 0.496550395
i 0.518393315 0.511905595
i 0.555204609 0.511905595
i 0.610421551 0.289255197
i 0.592015904 0.281577597
i 0.628827198 0.281577597
i 0.592015904 0.296932797
i 0.628827198 0.296932797
i 0.610421551 0.319965597
i 0.592015904 0.312287997
i 0.628827198 0.312287997
i 0.592015904 0.327643197
i 0.628827198 0.327643197
i 0.610421551 0.350675997
i 0.592015904 0.342998397
i 0.628827198 0.342998397
i 0.592015904 0.358353597
i 0.628827198 0.358353597
i 0.610421551 0.381386396
i 0.592015904 0.373708796
i 0.628827198 0.373708796
i 0.592015904 0.389063996
i 0.628827198 0.389063996
i 0.610421551 0.412096796
i 0.592015904 0.404419196
i 0.628827198 0.404419196
i 0.592015904 0.419774396
i 0.628827198 0.419774396
i 0.610421551 0.442807196
i 0.592015904 0.435129596
i 0.628827198 0.435129596
i 0.592015904 0.450484796
i 0.628827198 0.450484796
i 0.610421551 0.473517596
i 0.592015904 0.465839996
i 0.628827198 0.465839996
i 0.592015904 0.481195196
i 0.628827198 0.481195196
i 0.610421551 0.504227995
i 0.592015904 0.496550395
i 0.628827198 0.496550395
i 0.592015904 0.511905595
i 0.628827198 0.511905595
i 0.684044140 0.289255197
i 0.665638492 0.281577597
i 0.702449787 0.281577597
i 0.665638492 0.296932797
i 0.702449787 0.296932797
i 0.684044140 0.319965597
i 0.665638492 0.312287997
i 0.702449787 0.312287997
i 0.665638492 0.327643197
i 0.702449787 0.327643197
i 0.684044140 0.350675997
i 0.665638492 0.342998397
i 0.702449787 0.342998397
i 0.665638492 0.358353597
i 0.702449787 0.358353597
i 0.684044140 0.381386396
i 0.665638492 0.373708796
i 0.702449787 0.373708796
i 0.665638492 0.389063996
i 0.702449787 0.389063996
i 0.684044140 0.412096796
i 0.665638492 0.404419196
i 0.702449787 0.404419196
i 0.665638492 0.419774396
i 0.702449787 0.419774396
i 0.684044140 0.442807196
i 0.665638492 0.435129596
i 0.702449787 0.435129596
i 0.665638492 0.450484796
i 0.702449787 0.450484796
i 0.684044140 0.473517596
i 0.665638492 0.465839996
i 0.702449787 0.465839996
i 0.665638492 0.481195196
i 0.702449787 0.481195196
i 0.684044140 0.504227995
i 0.665638492 0.496550395
i 0.702449787 0.496550395
i 0.665638492 0.511905595
i 0.702449787 0.511905595
i 0.757666728 0.289255197
i 0.739261081 0.281577597
i 0.776072375 0.281577597
i 0.739261081 0.296932797
i 0.776072375 0.296932797
i 0.757666728 0.319965597
i 0.739261081 0.312287997
i 0.776072375 0.312287997
i 0.739261081 0.327643197
i 0.776072375 0.327643197
i 0.757666728 0.350675997
i 0.739261081 0.342998397
i 0.739261081 0.358353597
i 0.757666728 0.381386396
i 0.739261081 0.373708796
i 0.739261081 0.389063996
i 0.757666728 0.412096796
i 0.739261081 0.404419196
i 0.739261081 0.419774396
tris
t 141 142 544
t 142 143 544
t 143 144 544
t 144 145 544
t 145 146 544
t 146 147 544
t 147 552 544
t 147 553 552
t 147 148 553
t 148 554 553
t 148 149 554
t 149 555 554
t 149 556 555
t 149 150 556
t 150 557 556
t 150 558 557
t 150 151 558
t 151 559 558
t 151 152 559
t 152 560 559
t 152 561 560
t 152 153 561
t 153 562 561
t 153 563 562
t 153 154 563
t 154 564 563
t 154 155 564
t 155 565 564
t 155 566 565
t 155 156 566
t 156 567 566
t 156 157 567
t 157 568 567
t 157 569 568
t 157 158 569
t 158 570 569
t 158 571 570
t 158 159 571
t 159 572 571
t 159 160 572
t 160 573 572
t 160 574 573
t 160 161 574
t 161 575 574
t 161 576 575
t 161 162 576
t 162 577 576
t 162 163 577
t 163 578 577
t 163 579 578
t 163 164 579
t 164 580 579
t 164 165 580
t 165 581 580
t 165 582 581
t 165 166 582
t 166 583 582
t 166 584 583
t 166 167 584
t 167 585 584
t 167 168 585
t 168 586 585
t 168 587 586
t 168 169 587
t 169 588 587
t 169 589 588
t 169 170 589
t 170 590 589
t 170 171 590
t 171 591 590
t 171 592 591
t 171 172 592
t 172 593 592
t 172 173 593
t 173 594 593
t 173 595 594
t 173 174 595
t 174 596 595
t 174 597 596
t 174 175 597
t 175 598 597
t 175 176 598
t 176 599 598
t 176 600 599
t 176 177 600
t 177 601 600
t 177 602 601
t 177 178 602
t 178 603 602
t 178 179 603
t 179 604 603
t 179 605 604
t 179 180 605
t 180 606 605
t 180 181 606
t 181 607 606
t 181 608 607
t 181 182 608
t 182 609 608
t 182 610 609
t 182 183 610
t 183 611 610
t 183 184 611
t 184 612 611
t 184 613 612
t 184 185 613
t 185 614 613
t 185 615 614
t 185 186 615
t 186 616 615
t 186 187 616
t 187 617 616
t 187 618 617
t 187 188 618
t 188 619 618
t 188 189 619
t 189 620 619
t 189 621 620
t 189 190 621
t 190 622 621
t 190 545 622
t 190 191 545
t 191 192 545
t 192 193 545
t 193 194 545
t 194 195 545
t 195 0 545
t 141 544 140
t 140 544 139
t 139 544 138
t 138 544 137
t 137 544 136
t 136 544 135
t 135 544 134
t 134 544 133
t 133 544 132
t 132 544 131
t 131 544 130
t 130 544 129
t 129 544 128
t 128 544 127
t 127 544 126
t 126 544 546
t 0 1 545
t 1 2 545
t 2 3 545
t 3 4 545
t 4 5 545
t 5 6 545
t 6 7 545
t 7 8 545
t 8 9 545
t 9 10 545
t 10 11 545
t 11 12 545
t 12 13 545
t 13 14 545
t 14 15 545
t 15 547 545
t 544 552 546
t 552 623 546
t 552 553 623
t 553 624 623
t 553 554 624
t 554 625 624
t 554 555 625
t 555 626 625
t 555 556 626
t 556 627 626
t 556 557 627
t 557 628 627
t 557 558 628
t 558 629 628
t 558 559 629
t 559 630 629
t 559 560 630
t 560 631 630
t 560 561 631
t 561 632 631
t 561 562 632
t 562 633 632
t 562 563 633
t 563 634 633
t 563 564 634
t 564 635 634
t 564 565 635
t 565 636 635
t 565 566 636
t 566 637 636
t 566 567 637
t 567 638 637
t 567 568 638
t 568 639 638
t 568 569 639
t 569 640 639
t 569 570 640
t 570 641 640
t 570 571 641
t 571 642 641
t 571 572 642
t 572 643 642
t 572 573 643
t 573 644 643
t 573 574 644
t 574 645 644
t 574 575 645
t 575 646 645
t 575 576 646
t 576 647 646
t 576 577 647
t 577 648 647
t 577 578 648
t 578 649 648
t 578 579 649
t 579 650 649
t 579 580 650
t 580 651 650
t 580 581 651
t 581 652 651
t 581 582 652
t 582 653 652
t 582 583 653
t 583 654 653
t 583 584 654
t 584 655 654
t 584 585 655
t 585 656 655
t 585 586 656
t 586 657 656
t 586 587 657
t 587 658 657
t 587 588 658
t 588 659 658
t 588 589 659
t 589 660 659
t 589 590 660
t 590 661 660
t 590 591 661
t 591 662 661
t 591 592 662
t 592 663 662
t 592 593 663
t 593 664 663
t 593 594 664
t 594 665 664
t 594 595 665
t 595 666 665
t 595 596 666
t 596 667 666
t 596 597 667
t 597 668 667
t 597 598 668
t 598 669 668
t 598 599 669
t 599 670 669
t 599 600 670
t 600 671 670
t 600 601 671
t 601 672 671
t 601 602 672
t 602 673 672
t 602 603 673
t 603 674 673
t 603 604 674
t 604 675 674
t 604 605 675
t 605 676 675
t 605 606 676
t 606 677 676
t 606 607 677
t 607 678 677
t 607 608 678
t 608 679 678
t 608 609 679
t 609 680 679
t 609 610 680
t 610 681 680
t 610 611 681
t 611 682 681
t 611 612 682
t 612 683 682
t 612 613 683
t 613 684 683
t 613 614 684
t 614 685 684
t 614 615 685
t 615 686 685
t 615 616 686
t 616 687 686
t 616 617 687
t 617 688 687
t 617 618 688
t 618 689 688
t 618 619 689
t 619 690 689
t 619 620 690
t 620 691 690
t 620 547 691
t 620 621 547
t 621 622 547
t 622 545 547
t 126 546 125
t 125 546 124
t 124 546 123
t 123 546 122
t 122 546 121
t 121 546 120
t 120 546 119
t 119 546 118
t 118 546 117
t 117 546 116
t 116 546 115
t 115 546 114
t 114 546 113
t 113 546 112
t 112 546 548
t 15 16 547
t 16 17 547
t 17 18 547
t 18 19 547
t 19 20 547
t 20 21 547
t 21 22 547
t 22 23 547
t 23 24 547
t 24 25 547
t 25 26 547
t 26 27 547
t 27 28 547
t 28 29 547
t 29 549 547
t 546 623 548
t 623 692 548
t 623 624 692
t 624 693 692
t 624 625 693
t 625 694 693
t 625 626 694
t 626 695 694
t 626 627 695
t 627 696 695
t 627 628 696
t 628 697 696
t 628 629 697
t 629 698 697
t 629 630 698
t 630 699 698
t 630 631 699
t 631 700 699
t 631 632 700
t 632 701 700
t 632 633 701
t 633 702 701
t 633 634 702
t 634 703 702
t 634 635 703
t 635 704 703
t 635 636 704
t 636 705 704
t 636 637 705
t 637 706 705
t 637 638 706
t 638 707 706
t 638 639 707
t 639 708 707
t 639 640 708
t 640 709 708
t 640 641 709
t 641 710 709
t 641 642 710
t 642 711 710
t 642 643 711
t 643 712 711
t 643 644 712
t 644 713 712
t 644 645 713
t 645 714 713
t 645 646 714
t 646 715 714
t 646 647 715
t 647 716 715
t 647 648 716
t 648 717 716
t 648 649 717
t 649 718 717
t 649 650 718
t 650 719 718
t 650 651 719
t 651 720 719
t 651 652 720
t 652 721 720
t 652 653 721
t 653 722 721
t 653 654 722
t 654 723 722
t 654 655 723
t 655 724 723
t 655 656 724
t 656 725 724
t 656 657 725
t 657 726 725
t 657 658 726
t 658 727 726
t 658 659 727
t 659 728 727
t 659 660 728
t 660 729 728
t 660 661 729
t 661 730 729
t 661 662 730
t 662 731 730
t 662 663 731
t 663 732 731
t 663 664 732
t 664 733 732
t 664 665 733
t 665 734 733
t 665 666 734
t 666 735 734
t 666 667 735
t 667 736 735
t 667 668 736
t 668 737 736
t 668 669 737
t 669 738 737
t 669 670 738
t 670 739 738
t 670 671 739
t 671 740 739
t 671 672 740
t 672 741 740
t 672 673 741
t 673 742 741
t 673 674 742
t 674 743 742
t 674 675 743
t 675 744 743
t 675 676 744
t 676 745 744
t 676 677 745
t 677 746 745
t 677 678 746
t 678 747 746
t 678 679 747
t 679 748 747
t 679 680 748
t 680 749 748
t 680 681 749
t 681 750 749
t 681 682 750
t 682 751 750
t 682 683 751
t 683 752 751
t 683 684 752
t 684 753 752
t 684 685 753
t 685 754 753
t 685 686 754
t 686 755 754
t 686 687 755
t 687 756 755
t 687 688 756
t 688 757 756
t 688 689 757
t 689 758 757
t 689 549 758
t 689 690 549
t 690 691 549
t 691 547 549
t 112 548 111
t 111 548 110
t 110 548 109
t 109 548 108
t 108 548 107
t 107 548 106
t 106 548 105
t 105 548 104
t 104 548 103
t 103 548 102
t 102 548 101
t 101 548 100
t 100 548 99
t 99 548 550
t 29 30 549
t 30 31 549
t 31 32 549
t 32 33 549
t 33 34 549
t 34 35 549
t 35 36 549
t 36 37 549
t 37 38 549
t 38 39 549
t 39 40 549
t 40 41 549
t 41 42 549
t 42 551 549
t 548 692 550
t 692 759 550
t 692 693 759
t 693 760 759
t 693 694 760
t 694 761 760
t 694 695 761
t 695 762 761
t 695 696 762
t 696 763 762
t 696 697 763
t 697 764 763
t 697 698 764
t 698 765 764
t 698 699 765
t 699 766 765
t 699 700 766
t 700 767 766
t 700 701 767
t 701 768 767
t 701 702 768
t 702 769 768
t 702 703 769
t 703 770 769
t 703 704 770
t 704 771 770
t 704 705 771
t 705 772 771
t 705 706 772
t 706 773 772
t 706 707 773
t 707 774 773
t 707 708 774
t 708 775 774
t 708 709 775
t 709 776 775
t 709 710 776
t 710 777 776
t 710 711 777
t 711 778 777
t 711 712 778
t 712 779 778
t 712 713 779
t 713 780 779
t 713 714 780
t 714 781 780
t 714 715 781
t 715 782 781
t 715 716 782
t 716 783 782
t 716 717 783
t 717 784 783
t 717 718 784
t 718 785 784
t 718 719 785
t 719 786 785
t 719 720 786
t 720 787 786
t 720 721 787
t 721 788 787
t 721 722 788
t 722 789 788
t 722 723 789
t 723 790 789
t 723 724 790
t 724 791 790
t 724 725 791
t 725 792 791
t 725 726 792
t 726 793 792
t 726 727 793
t 727 794 793
t 727 728 794
t 728 795 794
t 728 729 795
t 729 796 795
t 729 730 796
t 730 797 796
t 730 731 797
t 731 798 797
t 731 732 798
t 732 799 798
t 732 733 799
t 733 800 799
t 733 734 800
t 734 801 800
t 734 735 801
t 735 802 801
t 735 736 802
t 736 803 802
t 736 737 803
t 737 804 803
t 737 738 804
t 738 805 804
t 738 739 805
t 739 806 805
t 739 740 806
t 740 807 806
t 740 741 807
t 741 808 807
t 741 742 808
t 742 809 808
t 742 743 809
t 743 810 809
t 743 744 810
t 744 811 810
t 744 745 811
t 745 812 811
t 745 746 812
t 746 813 812
t 746 747 813
t 747 814 813
t 747 748 814
t 748 815 814
t 748 749 815
t 749 816 815
t 749 750 816
t 750 817 816
t 750 751 817
t 751 818 817
t 751 752 818
t 752 819 818
t 752 753 819
t 753 820 819
t 753 754 820
t 754 821 820
t 754 755 821
t 755 822 821
t 755 756 822
t 756 823 822
t 756 551 823
t 756 757 551
t 757 758 551
t 758 549 551
t 99 550 98
t 98 550 97
t 97 550 96
t 96 550 95
t 95 550 94
t 94 550 93
t 93 550 92
t 92 550 91
t 91 550 90
t 90 550 89
t 89 550 88
t 88 550 87
t 87 550 86
t 42 43 551
t 43 44 551
t 44 45 551
t 45 46 551
t 46 47 551
t 47 48 551
t 48 49 551
t 49 50 551
t 50 51 551
t 51 52 551
t 52 53 551
t 53 54 551
t 54 55 551
t 550 85 86
t 550 84 85
t 550 83 84
t 550 759 83
t 759 760 83
t 760 82 83
t 760 761 82
t 761 762 82
t 762 763 82
t 763 81 82
t 763 764 81
t 764 765 81
t 765 80 81
t 765 766 80
t 766 767 80
t 767 768 80
t 768 79 80
t 768 769 79
t 769 770 79
t 770 78 79
t 770 771 78
t 771 772 78
t 772 773 78
t 773 77 78
t 773 774 77
t 774 775 77
t 775 776 77
t 776 76 77
t 776 777 76
t 777 778 76
t 778 75 76
t 778 779 75
t 779 780 75
t 780 781 75
t 781 74 75
t 781 782 74
t 782 783 74
t 783 73 74
t 783 784 73
t 784 785 73
t 785 786 73
t 786 72 73
t 786 787 72
t 787 788 72
t 788 789 72
t 789 71 72
t 789 790 71
t 790 791 71
t 791 70 71
t 791 792 70
t 792 793 70
t 793 794 70
t 794 69 70
t 794 795 69
t 795 796 69
t 796 68 69
t 796 797 68
t 797 798 68
t 798 799 68
t 799 67 68
t 799 800 67
t 800 801 67
t 801 802 67
t 802 66 67
t 802 803 66
t 803 804 66
t 804 65 66
t 804 805 65
t 805 806 65
t 806 807 65
t 807 64 65
t 807 808 64
t 808 809 64
t 809 63 64
t 809 810 63
t 810 811 63
t 811 812 63
t 812 62 63
t 812 813 62
t 813 814 62
t 814 815 62
t 815 61 62
t 815 816 61
t 816 817 61
t 817 60 61
t 817 818 60
t 818 819 60
t 819 820 60
t 820 59 60
t 820 821 59
t 821 822 59
t 822 58 59
t 822 823 58
t 823 551 58
t 551 57 58
t 551 56 57
t 551 55 56
