type=Sphere forward=true n_boundary=93 n_holes=0 n_interior=42 n_tris=133 label=brep47598_f62_Sphere
boundary
b 3.191494986 1.562001078
b 3.241405027 1.553227728
b 3.291330414 1.544498138
b 3.341278639 1.535834083
b 3.391256981 1.527257217
b 3.441272436 1.518789025
b 3.491331649 1.510450784
b 3.541440849 1.502263517
b 3.591605788 1.494247949
b 3.641831681 1.486424459
b 3.692123155 1.478813035
b 3.742484193 1.471433221
b 3.792918098 1.464304071
b 3.843427447 1.457444099
b 3.894014062 1.450871222
b 3.944678984 1.444602711
b 3.995422456 1.438655138
b 4.046243913 1.433044319
b 4.097141977 1.427785268
b 4.148114470 1.422892137
b 4.199158424 1.418378170
b 4.250270112 1.414255650
b 4.301445076 1.410535852
b 4.352678174 1.407228999
b 4.403963630 1.404344219
b 4.455295094 1.401889506
b 4.506665706 1.399871685
b 4.558068174 1.398296384
b 4.609494851 1.397168006
b 4.660937820 1.396489711
b 4.712388980 1.396263402
b 4.712388980 1.452564345
b 4.712388980 1.508865289
b 4.712388980 1.565166232
b 4.712388980 1.621467176
b 4.712388980 1.677768120
b 4.712388980 1.734069063
b 4.712388980 1.790370007
b 4.712388980 1.846670951
b 4.712388980 1.902971894
b 4.712388980 1.959272838
b 4.712388980 2.015573781
b 4.712388980 2.071874725
b 4.712388980 2.128175669
b 4.712388980 2.184476612
b 4.712388980 2.240777556
b 4.712388980 2.297078499
b 4.712388980 2.353379443
b 4.712388980 2.409680387
b 4.712388980 2.465981330
b 4.712388980 2.522282274
b 4.712388980 2.578583217
b 4.712388980 2.634884161
b 4.712388980 2.691185105
b 4.712388980 2.747486048
b 4.712388980 2.803786992
b 4.712388980 2.860087936
b 4.712388980 2.916388879
b 4.712388980 2.972689823
b 4.712388980 3.028990766
b 4.712388980 3.085291710
b 5.991728513 3.141592654
b 3.141592654 3.090921804
b 3.141592654 3.040250955
b 3.141592654 2.989580106
b 3.141592654 2.938909257
b 3.141592654 2.888238407
b 3.141592654 2.837567558
b 3.141592654 2.786896709
b 3.141592654 2.736225860
b 3.141592654 2.685555010
b 3.141592654 2.634884161
b 3.141592654 2.584213312
b 3.141592654 2.533542463
b 3.141592654 2.482871613
b 3.141592654 2.432200764
b 3.141592654 2.381529915
b 3.141592654 2.330859066
b 3.141592654 2.280188216
b 3.141592654 2.229517367
b 3.141592654 2.178846518
b 3.141592654 2.128175669
b 3.141592654 2.077504819
b 3.141592654 2.026833970
b 3.141592654 1.976163121
b 3.141592654 1.925492272
b 3.141592654 1.874821422
b 3.141592654 1.824150573
b 3.141592654 1.773479724
b 3.141592654 1.722808875
b 3.141592654 1.672138025
b 3.141592654 1.621467176
b 3.141592654 1.570796327
interior
i 3.379103975 1.614429558
i 3.616615297 1.614429558
i 3.379103975 1.832595715
i 3.379103975 2.050761871
i 3.379103975 2.268928028
i 3.379103975 2.487094184
i 3.379103975 2.705260341
i 3.379103975 2.923426497
i 3.616615297 2.923426497
i 3.616615297 2.705260341
i 3.854126618 2.923426497
i 4.091637940 2.923426497
i 4.329149262 2.923426497
i 4.566660583 2.923426497
i 4.566660583 2.705260341
i 4.329149262 2.705260341
i 4.566660583 2.487094184
i 4.566660583 2.268928028
i 4.566660583 2.050761871
i 4.566660583 1.832595715
i 4.566660583 1.614429558
i 4.329149262 1.614429558
i 4.091637940 1.614429558
i 3.854126618 1.614429558
i 4.091637940 1.832595715
i 4.329149262 1.832595715
i 4.329149262 2.050761871
i 4.329149262 2.268928028
i 4.329149262 2.487094184
i 4.091637940 2.705260341
i 3.854126618 2.705260341
i 3.616615297 2.487094184
i 3.854126618 2.487094184
i 4.091637940 2.487094184
i 4.091637940 2.268928028
i 4.091637940 2.050761871
i 3.854126618 1.832595715
i 3.854126618 2.050761871
i 3.854126618 2.268928028
i 3.616615297 2.268928028
i 3.616615297 2.050761871
i 3.616615297 1.832595715
tris
t 134 0 1
t 1 2 3
t 3 4 5
t 5 6 7
t 7 8 9
t 9 10 11
t 11 12 13
t 13 14 15
t 15 16 17
t 17 18 19
t 19 20 21
t 21 22 23
t 23 24 25
t 25 26 27
t 27 28 29
t 29 30 31
t 60 61 62
t 91 92 93
t 93 94 95
t 101 102 103
t 107 108 109
t 117 118 119
t 120 121 122
t 122 123 124
t 130 131 132
t 134 1 3
t 3 5 7
t 7 9 11
t 11 13 15
t 15 17 19
t 19 21 23
t 23 25 27
t 27 29 31
t 59 60 62
t 90 91 93
t 119 120 122
t 122 124 125
t 129 130 132
t 134 3 7
t 7 11 15
t 15 19 23
t 23 27 31
t 58 59 62
t 89 90 93
t 122 125 126
t 129 132 133
t 134 7 15
t 15 23 31
t 57 58 62
t 85 86 93
t 86 87 93
t 87 88 93
t 88 89 93
t 119 122 126
t 129 133 134
t 15 31 32
t 85 93 95
t 119 126 127
t 15 32 33
t 62 63 95
t 63 64 95
t 64 65 95
t 65 66 95
t 66 67 95
t 67 68 95
t 68 69 95
t 69 70 95
t 70 71 95
t 71 72 95
t 72 73 95
t 73 74 95
t 74 75 95
t 75 76 95
t 76 77 95
t 77 78 95
t 78 79 95
t 79 80 95
t 80 81 95
t 81 82 95
t 82 83 95
t 83 84 95
t 84 85 95
t 119 127 128
t 15 33 34
t 62 95 96
t 116 117 128
t 117 119 128
t 62 96 97
t 116 128 129
t 62 97 98
t 116 129 134
t 62 98 99
t 116 134 15
t 62 99 100
t 115 116 15
t 62 100 101
t 114 115 15
t 62 101 103
t 113 114 15
t 62 103 104
t 113 15 34
t 62 104 105
t 112 113 34
t 62 105 106
t 111 112 34
t 57 62 106
t 110 111 34
t 56 57 106
t 109 110 34
t 55 56 106
t 107 109 34
t 54 55 106
t 106 107 34
t 53 54 106
t 106 34 35
t 51 52 106
t 52 53 106
t 106 35 36
t 50 51 106
t 36 37 106
t 37 38 106
t 38 39 106
t 48 49 106
t 49 50 106
t 39 40 106
t 40 41 106
t 41 42 106
t 47 48 106
t 42 43 106
t 43 44 106
t 46 47 106
t 44 45 106
t 45 46 106
