type=Nurbs forward=true n_boundary=172 n_holes=0 n_interior=359 n_tris=560 label=brep47598_f254_Nurbs(deg=3/3, cps=4x13)
boundary
b 0.138061336 0.001502605
b 0.164101966 0.001502605
b 0.189904298 0.001502605
b 0.215488575 0.001502605
b 0.240874408 0.001502605
b 0.266080843 0.001502605
b 0.291126422 0.001502605
b 0.316029234 0.001502605
b 0.340806974 0.001502605
b 0.365476996 0.001502605
b 0.390056357 0.001502605
b 0.414561870 0.001502605
b 0.439010148 0.001502605
b 0.463417650 0.001502605
b 0.487800728 0.001502605
b 0.512175667 0.001502606
b 0.536558729 0.001502606
b 0.560966200 0.001502606
b 0.585414430 0.001502606
b 0.609919879 0.001502606
b 0.634499160 0.001502606
b 0.659169084 0.001502606
b 0.683946712 0.001502606
b 0.708849393 0.001502607
b 0.733894823 0.001502607
b 0.759101093 0.001502607
b 0.784486742 0.001502607
b 0.810070816 0.001502607
b 0.835872925 0.001502607
b 0.861913312 0.001502608
b 0.888213223 0.001523401
b 0.888215451 0.027311813
b 0.888220028 0.052756460
b 0.888224586 0.077858227
b 0.888227547 0.102616876
b 0.888228077 0.127031054
b 0.888226061 0.151098302
b 0.888222072 0.174815070
b 0.888217347 0.198176487
b 0.888213752 0.221175467
b 0.888213276 0.243806042
b 0.888215052 0.266076609
b 0.888217396 0.288001245
b 0.888219169 0.309593596
b 0.888219711 0.330866800
b 0.888218826 0.351833489
b 0.888216917 0.372505972
b 0.888214768 0.392896031
b 0.888213421 0.413014802
b 0.888213985 0.432872377
b 0.888216050 0.452473976
b 0.888218346 0.471821661
b 0.888219906 0.490917092
b 0.888220361 0.509761526
b 0.888219706 0.528355878
b 0.888218142 0.546700739
b 0.888216072 0.564796376
b 0.888214100 0.582642729
b 0.888212984 0.600239547
b 0.888212788 0.617589399
b 0.888213118 0.634697732
b 0.888213721 0.651569888
b 0.888214374 0.668210956
b 0.888214885 0.684625762
b 0.888215083 0.700818855
b 0.888214822 0.716794506
b 0.888214057 0.732556701
b 0.888213086 0.748109173
b 0.888212213 0.763456689
b 0.888211575 0.778605856
b 0.888211228 0.793563339
b 0.888211152 0.808335675
b 0.888211253 0.822929261
b 0.888211465 0.837350333
b 0.888211902 0.851604932
b 0.888212620 0.865698940
b 0.888213580 0.879638071
b 0.888214626 0.893426021
b 0.888215490 0.907061802
b 0.888215928 0.920543633
b 0.888215880 0.933869726
b 0.888215473 0.947038293
b 0.888214852 0.960047435
b 0.888214180 0.972895143
b 0.888213632 0.985579298
b 0.888213402 0.998097670
b 0.863196762 0.998097670
b 0.838415486 0.998097670
b 0.813851523 0.998097670
b 0.789487395 0.998097670
b 0.765306146 0.998097670
b 0.741291296 0.998097670
b 0.717426786 0.998097670
b 0.693696943 0.998097670
b 0.670086428 0.998097670
b 0.646580200 0.998097670
b 0.623163478 0.998097670
b 0.599821699 0.998097670
b 0.576540484 0.998097670
b 0.553305601 0.998097670
b 0.530102931 0.998097670
b 0.506918433 0.998097670
b 0.483738109 0.998097670
b 0.460547972 0.998097670
b 0.437334011 0.998097670
b 0.414082158 0.998097670
b 0.390778251 0.998097670
b 0.367408005 0.998097670
b 0.343956970 0.998097670
b 0.320410501 0.998097670
b 0.296753714 0.998097670
b 0.272971456 0.998097670
b 0.249048256 0.998097670
b 0.224968292 0.998097670
b 0.200715340 0.998097670
b 0.176272734 0.998097670
b 0.151623315 0.998097670
b 0.151750034 0.986013969
b 0.151858750 0.973749790
b 0.151947745 0.961307610
b 0.152015355 0.948689791
b 0.152059958 0.935898579
b 0.152079967 0.922936098
b 0.152073819 0.909804352
b 0.152040232 0.896505307
b 0.151978375 0.883040936
b 0.151887841 0.869412361
b 0.151770206 0.855615651
b 0.151627086 0.841644698
b 0.151459065 0.827493208
b 0.151265654 0.813154720
b 0.151045647 0.798622600
b 0.150797081 0.783890041
b 0.150516807 0.768950076
b 0.150200416 0.753795594
b 0.149842687 0.738419533
b 0.149443200 0.722816896
b 0.149004511 0.706983843
b 0.148529007 0.690916307
b 0.148018620 0.674609948
b 0.147474306 0.658060109
b 0.146895955 0.641261818
b 0.146282307 0.624209795
b 0.145630861 0.606898458
b 0.144937981 0.589322088
b 0.144201833 0.571477960
b 0.143422587 0.553366227
b 0.142600192 0.534986792
b 0.141734202 0.516339167
b 0.140823701 0.497422469
b 0.139867204 0.478235419
b 0.138862778 0.458776359
b 0.137809208 0.439043366
b 0.136705258 0.419034108
b 0.135554009 0.398743308
b 0.134364902 0.378161162
b 0.133145819 0.357276743
b 0.131902157 0.336078344
b 0.130636856 0.314553597
b 0.129351459 0.292689968
b 0.128045156 0.270474444
b 0.126714074 0.247893368
b 0.125351027 0.224932507
b 0.123948665 0.201583475
b 0.122506363 0.177852907
b 0.121026264 0.153748733
b 0.119514335 0.129276882
b 0.117978254 0.104441786
b 0.116426321 0.079246611
b 0.114867176 0.053693218
b 0.113309486 0.027782121
b 0.111761617 0.001512464
interior
i 0.208819924 0.126076988
i 0.305878232 0.126076988
i 0.402936539 0.126076988
i 0.499994847 0.126076988
i 0.597053154 0.126076988
i 0.694111462 0.126076988
i 0.791169769 0.126076988
i 0.208819924 0.250651371
i 0.305878232 0.250651371
i 0.402936539 0.250651371
i 0.499994847 0.250651371
i 0.597053154 0.250651371
i 0.694111462 0.250651371
i 0.791169769 0.250651371
i 0.208819924 0.375225754
i 0.305878232 0.375225754
i 0.402936539 0.375225754
i 0.499994847 0.375225754
i 0.597053154 0.375225754
i 0.694111462 0.375225754
i 0.791169769 0.375225754
i 0.208819924 0.499800137
i 0.305878232 0.499800137
i 0.402936539 0.499800137
i 0.499994847 0.499800137
i 0.597053154 0.499800137
i 0.694111462 0.499800137
i 0.791169769 0.499800137
i 0.208819924 0.624374521
i 0.305878232 0.624374521
i 0.402936539 0.624374521
i 0.499994847 0.624374521
i 0.597053154 0.624374521
i 0.694111462 0.624374521
i 0.791169769 0.624374521
i 0.208819924 0.748948904
i 0.305878232 0.748948904
i 0.402936539 0.748948904
i 0.499994847 0.748948904
i 0.597053154 0.748948904
i 0.694111462 0.748948904
i 0.791169769 0.748948904
i 0.208819924 0.873523287
i 0.305878232 0.873523287
i 0.402936539 0.873523287
i 0.499994847 0.873523287
i 0.597053154 0.873523287
i 0.694111462 0.873523287
i 0.791169769 0.873523287
i 0.160290771 0.063789796
i 0.136026194 0.032646200
i 0.184555348 0.032646200
i 0.136026194 0.094933392
i 0.184555348 0.094933392
i 0.160290771 0.188364179
i 0.136026194 0.157220584
i 0.184555348 0.157220584
i 0.136026194 0.219507775
i 0.184555348 0.219507775
i 0.160290771 0.312938563
i 0.136026194 0.281794967
i 0.184555348 0.281794967
i 0.136026194 0.344082158
i 0.184555348 0.344082158
i 0.160290771 0.437512946
i 0.184555348 0.406369350
i 0.184555348 0.468656542
i 0.160290771 0.562087329
i 0.184555348 0.530943733
i 0.184555348 0.593230925
i 0.160290771 0.686661712
i 0.184555348 0.655518116
i 0.184555348 0.717805308
i 0.160290771 0.811236095
i 0.184555348 0.780092500
i 0.184555348 0.842379691
i 0.160290771 0.935810479
i 0.184555348 0.904666883
i 0.184555348 0.966954074
i 0.257349078 0.063789796
i 0.233084501 0.032646200
i 0.281613655 0.032646200
i 0.233084501 0.094933392
i 0.281613655 0.094933392
i 0.257349078 0.188364179
i 0.233084501 0.157220584
i 0.281613655 0.157220584
i 0.233084501 0.219507775
i 0.281613655 0.219507775
i 0.257349078 0.312938563
i 0.233084501 0.281794967
i 0.281613655 0.281794967
i 0.233084501 0.344082158
i 0.281613655 0.344082158
i 0.257349078 0.437512946
i 0.233084501 0.406369350
i 0.281613655 0.406369350
i 0.233084501 0.468656542
i 0.281613655 0.468656542
i 0.257349078 0.562087329
i 0.233084501 0.530943733
i 0.281613655 0.530943733
i 0.233084501 0.593230925
i 0.281613655 0.593230925
i 0.257349078 0.686661712
i 0.233084501 0.655518116
i 0.281613655 0.655518116
i 0.233084501 0.717805308
i 0.281613655 0.717805308
i 0.257349078 0.811236095
i 0.233084501 0.780092500
i 0.281613655 0.780092500
i 0.233084501 0.842379691
i 0.281613655 0.842379691
i 0.257349078 0.935810479
i 0.233084501 0.904666883
i 0.281613655 0.904666883
i 0.233084501 0.966954074
i 0.281613655 0.966954074
i 0.354407386 0.063789796
i 0.330142809 0.032646200
i 0.378671963 0.032646200
i 0.330142809 0.094933392
i 0.378671963 0.094933392
i 0.354407386 0.188364179
i 0.330142809 0.157220584
i 0.378671963 0.157220584
i 0.330142809 0.219507775
i 0.378671963 0.219507775
i 0.354407386 0.312938563
i 0.330142809 0.281794967
i 0.378671963 0.281794967
i 0.330142809 0.344082158
i 0.378671963 0.344082158
i 0.354407386 0.437512946
i 0.330142809 0.406369350
i 0.378671963 0.406369350
i 0.330142809 0.468656542
i 0.378671963 0.468656542
i 0.354407386 0.562087329
i 0.330142809 0.530943733
i 0.378671963 0.530943733
i 0.330142809 0.593230925
i 0.378671963 0.593230925
i 0.354407386 0.686661712
i 0.330142809 0.655518116
i 0.378671963 0.655518116
i 0.330142809 0.717805308
i 0.378671963 0.717805308
i 0.354407386 0.811236095
i 0.330142809 0.780092500
i 0.378671963 0.780092500
i 0.330142809 0.842379691
i 0.378671963 0.842379691
i 0.354407386 0.935810479
i 0.330142809 0.904666883
i 0.378671963 0.904666883
i 0.330142809 0.966954074
i 0.378671963 0.966954074
i 0.451465693 0.063789796
i 0.427201116 0.032646200
i 0.475730270 0.032646200
i 0.427201116 0.094933392
i 0.475730270 0.094933392
i 0.451465693 0.188364179
i 0.427201116 0.157220584
i 0.475730270 0.157220584
i 0.427201116 0.219507775
i 0.475730270 0.219507775
i 0.451465693 0.312938563
i 0.427201116 0.281794967
i 0.475730270 0.281794967
i 0.427201116 0.344082158
i 0.475730270 0.344082158
i 0.451465693 0.437512946
i 0.427201116 0.406369350
i 0.475730270 0.406369350
i 0.427201116 0.468656542
i 0.475730270 0.468656542
i 0.451465693 0.562087329
i 0.427201116 0.530943733
i 0.475730270 0.530943733
i 0.427201116 0.593230925
i 0.475730270 0.593230925
i 0.451465693 0.686661712
i 0.427201116 0.655518116
i 0.475730270 0.655518116
i 0.427201116 0.717805308
i 0.475730270 0.717805308
i 0.451465693 0.811236095
i 0.427201116 0.780092500
i 0.475730270 0.780092500
i 0.427201116 0.842379691
i 0.475730270 0.842379691
i 0.451465693 0.935810479
i 0.427201116 0.904666883
i 0.475730270 0.904666883
i 0.427201116 0.966954074
i 0.475730270 0.966954074
i 0.548524001 0.063789796
i 0.524259424 0.032646200
i 0.572788577 0.032646200
i 0.524259424 0.094933392
i 0.572788577 0.094933392
i 0.548524001 0.188364179
i 0.524259424 0.157220584
i 0.572788577 0.157220584
i 0.524259424 0.219507775
i 0.572788577 0.219507775
i 0.548524001 0.312938563
i 0.524259424 0.281794967
i 0.572788577 0.281794967
i 0.524259424 0.344082158
i 0.572788577 0.344082158
i 0.548524001 0.437512946
i 0.524259424 0.406369350
i 0.572788577 0.406369350
i 0.524259424 0.468656542
i 0.572788577 0.468656542
i 0.548524001 0.562087329
i 0.524259424 0.530943733
i 0.572788577 0.530943733
i 0.524259424 0.593230925
i 0.572788577 0.593230925
i 0.548524001 0.686661712
i 0.524259424 0.655518116
i 0.572788577 0.655518116
i 0.524259424 0.717805308
i 0.572788577 0.717805308
i 0.548524001 0.811236095
i 0.524259424 0.780092500
i 0.572788577 0.780092500
i 0.524259424 0.842379691
i 0.572788577 0.842379691
i 0.548524001 0.935810479
i 0.524259424 0.904666883
i 0.572788577 0.904666883
i 0.524259424 0.966954074
i 0.572788577 0.966954074
i 0.645582308 0.063789796
i 0.621317731 0.032646200
i 0.669846885 0.032646200
i 0.621317731 0.094933392
i 0.669846885 0.094933392
i 0.645582308 0.188364179
i 0.621317731 0.157220584
i 0.669846885 0.157220584
i 0.621317731 0.219507775
i 0.669846885 0.219507775
i 0.645582308 0.312938563
i 0.621317731 0.281794967
i 0.669846885 0.281794967
i 0.621317731 0.344082158
i 0.669846885 0.344082158
i 0.645582308 0.437512946
i 0.621317731 0.406369350
i 0.669846885 0.406369350
i 0.621317731 0.468656542
i 0.669846885 0.468656542
i 0.645582308 0.562087329
i 0.621317731 0.530943733
i 0.669846885 0.530943733
i 0.621317731 0.593230925
i 0.669846885 0.593230925
i 0.645582308 0.686661712
i 0.621317731 0.655518116
i 0.669846885 0.655518116
i 0.621317731 0.717805308
i 0.669846885 0.717805308
i 0.645582308 0.811236095
i 0.621317731 0.780092500
i 0.669846885 0.780092500
i 0.621317731 0.842379691
i 0.669846885 0.842379691
i 0.645582308 0.935810479
i 0.621317731 0.904666883
i 0.669846885 0.904666883
i 0.621317731 0.966954074
i 0.669846885 0.966954074
i 0.742640616 0.063789796
i 0.718376039 0.032646200
i 0.766905192 0.032646200
i 0.718376039 0.094933392
i 0.766905192 0.094933392
i 0.742640616 0.188364179
i 0.718376039 0.157220584
i 0.766905192 0.157220584
i 0.718376039 0.219507775
i 0.766905192 0.219507775
i 0.742640616 0.312938563
i 0.718376039 0.281794967
i 0.766905192 0.281794967
i 0.718376039 0.344082158
i 0.766905192 0.344082158
i 0.742640616 0.437512946
i 0.718376039 0.406369350
i 0.766905192 0.406369350
i 0.718376039 0.468656542
i 0.766905192 0.468656542
i 0.742640616 0.562087329
i 0.718376039 0.530943733
i 0.766905192 0.530943733
i 0.718376039 0.593230925
i 0.766905192 0.593230925
i 0.742640616 0.686661712
i 0.718376039 0.655518116
i 0.766905192 0.655518116
i 0.718376039 0.717805308
i 0.766905192 0.717805308
i 0.742640616 0.811236095
i 0.718376039 0.780092500
i 0.766905192 0.780092500
i 0.718376039 0.842379691
i 0.766905192 0.842379691
i 0.742640616 0.935810479
i 0.718376039 0.904666883
i 0.766905192 0.904666883
i 0.718376039 0.966954074
i 0.766905192 0.966954074
i 0.839698923 0.063789796
i 0.815434346 0.032646200
i 0.863963500 0.032646200
i 0.815434346 0.094933392
i 0.863963500 0.094933392
i 0.839698923 0.188364179
i 0.815434346 0.157220584
i 0.863963500 0.157220584
i 0.815434346 0.219507775
i 0.863963500 0.219507775
i 0.839698923 0.312938563
i 0.815434346 0.281794967
i 0.863963500 0.281794967
i 0.815434346 0.344082158
i 0.863963500 0.344082158
i 0.839698923 0.437512946
i 0.815434346 0.406369350
i 0.863963500 0.406369350
i 0.815434346 0.468656542
i 0.863963500 0.468656542
i 0.839698923 0.562087329
i 0.815434346 0.530943733
i 0.863963500 0.530943733
i 0.815434346 0.593230925
i 0.863963500 0.593230925
i 0.839698923 0.686661712
i 0.815434346 0.655518116
i 0.863963500 0.655518116
i 0.815434346 0.717805308
i 0.863963500 0.717805308
i 0.839698923 0.811236095
i 0.815434346 0.780092500
i 0.863963500 0.780092500
i 0.815434346 0.842379691
i 0.863963500 0.842379691
i 0.839698923 0.935810479
i 0.815434346 0.904666883
i 0.863963500 0.904666883
i 0.815434346 0.966954074
i 0.863963500 0.966954074
tris
t 0 170 171
t 0 169 170
t 0 168 169
t 0 167 168
t 0 166 167
t 0 165 166
t 0 164 165
t 0 163 164
t 0 162 163
t 0 161 162
t 0 160 161
t 0 159 160
t 0 158 159
t 29 30 31
t 29 31 32
t 29 32 33
t 29 33 34
t 29 34 35
t 29 35 36
t 29 36 37
t 29 37 38
t 29 38 39
t 29 39 40
t 29 40 41
t 29 41 42
t 29 42 43
t 29 43 44
t 0 531 158
t 0 532 531
t 0 533 532
t 0 534 533
t 0 535 534
t 0 536 535
t 0 537 536
t 0 538 537
t 0 539 538
t 0 540 539
t 0 541 540
t 0 542 541
t 0 543 542
t 0 544 543
t 0 545 544
t 0 546 545
t 0 547 546
t 0 548 547
t 0 549 548
t 0 550 549
t 0 551 550
t 0 552 551
t 0 553 552
t 0 554 553
t 0 555 554
t 0 556 555
t 0 557 556
t 0 558 557
t 0 559 558
t 0 560 559
t 0 561 560
t 0 562 561
t 0 563 562
t 0 564 563
t 0 565 564
t 0 566 565
t 0 567 566
t 0 568 567
t 0 569 568
t 0 570 569
t 0 571 570
t 0 572 571
t 0 573 572
t 0 1 573
t 1 574 573
t 1 575 574
t 1 2 575
t 2 576 575
t 2 577 576
t 2 3 577
t 3 578 577
t 3 579 578
t 3 4 579
t 4 580 579
t 4 581 580
t 4 5 581
t 5 582 581
t 5 583 582
t 5 6 583
t 6 584 583
t 6 585 584
t 6 7 585
t 7 586 585
t 7 587 586
t 7 8 587
t 8 588 587
t 8 589 588
t 8 9 589
t 9 590 589
t 9 591 590
t 9 10 591
t 10 592 591
t 10 593 592
t 10 594 593
t 10 11 594
t 11 595 594
t 11 596 595
t 11 12 596
t 12 597 596
t 12 598 597
t 12 13 598
t 13 599 598
t 13 600 599
t 13 14 600
t 14 601 600
t 14 602 601
t 14 15 602
t 15 603 602
t 15 604 603
t 15 16 604
t 16 605 604
t 16 606 605
t 16 17 606
t 17 607 606
t 17 608 607
t 17 18 608
t 18 609 608
t 18 610 609
t 18 19 610
t 19 611 610
t 19 612 611
t 19 20 612
t 20 613 612
t 20 614 613
t 20 21 614
t 21 615 614
t 21 616 615
t 21 22 616
t 22 617 616
t 22 618 617
t 22 23 618
t 23 619 618
t 23 620 619
t 23 24 620
t 24 621 620
t 24 622 621
t 24 25 622
t 25 623 622
t 25 624 623
t 25 26 624
t 26 625 624
t 26 626 625
t 26 27 626
t 27 627 626
t 27 628 627
t 27 28 628
t 28 629 628
t 28 630 629
t 28 29 630
t 29 631 630
t 29 632 631
t 29 633 632
t 29 634 633
t 29 635 634
t 29 636 635
t 29 637 636
t 29 638 637
t 29 639 638
t 29 640 639
t 29 44 640
t 158 156 157
t 158 155 156
t 158 154 155
t 158 153 154
t 158 152 153
t 158 151 152
t 158 150 151
t 158 149 150
t 158 148 149
t 158 147 148
t 158 146 147
t 158 145 146
t 158 144 145
t 158 143 144
t 158 142 143
t 158 141 142
t 158 140 141
t 44 45 46
t 44 46 47
t 44 47 48
t 44 48 49
t 44 49 50
t 44 50 51
t 44 51 52
t 44 52 53
t 44 53 54
t 44 54 55
t 44 55 56
t 44 56 57
t 44 57 58
t 44 58 59
t 44 59 60
t 44 60 61
t 158 531 140
t 531 532 140
t 532 533 140
t 533 534 140
t 534 535 140
t 535 536 140
t 536 537 140
t 537 538 140
t 538 539 140
t 539 540 140
t 540 541 140
t 541 542 140
t 542 543 140
t 543 544 140
t 544 545 140
t 545 546 140
t 546 547 140
t 547 548 140
t 548 549 140
t 549 550 140
t 550 641 140
t 550 551 641
t 551 642 641
t 551 552 642
t 552 643 642
t 552 553 643
t 553 644 643
t 553 554 644
t 554 645 644
t 554 555 645
t 555 646 645
t 555 556 646
t 556 647 646
t 556 557 647
t 557 648 647
t 557 558 648
t 558 649 648
t 558 559 649
t 559 650 649
t 559 560 650
t 560 651 650
t 560 561 651
t 561 652 651
t 561 562 652
t 562 653 652
t 562 563 653
t 563 654 653
t 563 564 654
t 564 655 654
t 564 565 655
t 565 656 655
t 565 566 656
t 566 657 656
t 566 567 657
t 567 658 657
t 567 568 658
t 568 659 658
t 568 569 659
t 569 660 659
t 569 570 660
t 570 661 660
t 570 571 661
t 571 662 661
t 571 572 662
t 572 663 662
t 572 573 663
t 573 664 663
t 573 574 664
t 574 665 664
t 574 575 665
t 575 666 665
t 575 576 666
t 576 667 666
t 576 577 667
t 577 668 667
t 577 578 668
t 578 669 668
t 578 579 669
t 579 670 669
t 579 580 670
t 580 671 670
t 580 581 671
t 581 672 671
t 581 582 672
t 582 673 672
t 582 583 673
t 583 674 673
t 583 584 674
t 584 675 674
t 584 585 675
t 585 676 675
t 585 586 676
t 586 677 676
t 586 587 677
t 587 678 677
t 587 588 678
t 588 679 678
t 588 589 679
t 589 680 679
t 589 590 680
t 590 681 680
t 590 591 681
t 591 682 681
t 591 592 682
t 592 683 682
t 592 593 683
t 593 684 683
t 593 594 684
t 594 685 684
t 594 595 685
t 595 686 685
t 595 596 686
t 596 687 686
t 596 597 687
t 597 688 687
t 597 598 688
t 598 689 688
t 598 599 689
t 599 690 689
t 599 600 690
t 600 691 690
t 600 601 691
t 601 692 691
t 601 602 692
t 602 693 692
t 602 603 693
t 603 694 693
t 603 604 694
t 604 695 694
t 604 605 695
t 605 696 695
t 605 606 696
t 606 697 696
t 606 607 697
t 607 698 697
t 607 608 698
t 608 699 698
t 608 609 699
t 609 700 699
t 609 610 700
t 610 701 700
t 610 611 701
t 611 702 701
t 611 612 702
t 612 703 702
t 612 613 703
t 613 704 703
t 613 614 704
t 614 705 704
t 614 615 705
t 615 706 705
t 615 616 706
t 616 707 706
t 616 617 707
t 617 708 707
t 617 618 708
t 618 709 708
t 618 619 709
t 619 710 709
t 619 620 710
t 620 711 710
t 620 621 711
t 621 712 711
t 621 622 712
t 622 713 712
t 622 623 713
t 623 714 713
t 623 624 714
t 624 715 714
t 624 625 715
t 625 716 715
t 625 626 716
t 626 717 716
t 626 627 717
t 627 718 717
t 627 628 718
t 628 719 718
t 628 629 719
t 629 720 719
t 629 630 720
t 630 721 720
t 630 631 721
t 631 722 721
t 631 632 722
t 632 723 722
t 632 633 723
t 633 724 723
t 633 634 724
t 634 725 724
t 634 635 725
t 635 61 725
t 635 636 61
t 636 637 61
t 637 638 61
t 638 639 61
t 639 640 61
t 640 44 61
t 140 138 139
t 140 137 138
t 140 136 137
t 140 135 136
t 140 134 135
t 140 133 134
t 140 132 133
t 140 131 132
t 140 130 131
t 140 129 130
t 140 128 129
t 140 127 128
t 140 126 127
t 140 125 126
t 140 124 125
t 140 123 124
t 140 122 123
t 140 121 122
t 140 120 121
t 140 119 120
t 140 118 119
t 140 117 118
t 140 116 117
t 61 62 63
t 61 63 64
t 61 64 65
t 61 65 66
t 61 66 67
t 61 67 68
t 61 68 69
t 61 69 70
t 61 70 71
t 61 71 72
t 61 72 73
t 61 73 74
t 61 74 75
t 61 75 76
t 61 76 77
t 61 77 78
t 61 78 79
t 61 79 80
t 61 80 81
t 61 81 82
t 61 82 83
t 61 83 84
t 61 84 85
t 140 641 116
t 641 642 116
t 642 643 116
t 643 644 116
t 644 645 116
t 645 646 116
t 646 647 116
t 647 648 116
t 648 649 116
t 649 650 116
t 650 651 116
t 651 652 116
t 652 653 116
t 653 654 116
t 654 655 116
t 655 656 116
t 656 657 116
t 657 658 116
t 658 659 116
t 659 660 116
t 660 661 116
t 661 662 116
t 662 663 116
t 663 664 116
t 664 665 116
t 665 666 116
t 666 115 116
t 666 667 115
t 667 668 115
t 668 114 115
t 668 669 114
t 669 670 114
t 670 113 114
t 670 671 113
t 671 672 113
t 672 112 113
t 672 673 112
t 673 674 112
t 674 111 112
t 674 675 111
t 675 676 111
t 676 110 111
t 676 677 110
t 677 678 110
t 678 109 110
t 678 679 109
t 679 680 109
t 680 108 109
t 680 681 108
t 681 682 108
t 682 107 108
t 682 683 107
t 683 684 107
t 684 106 107
t 684 685 106
t 685 105 106
t 685 686 105
t 686 687 105
t 687 104 105
t 687 688 104
t 688 689 104
t 689 103 104
t 689 690 103
t 690 691 103
t 691 102 103
t 691 692 102
t 692 693 102
t 693 101 102
t 693 694 101
t 694 695 101
t 695 100 101
t 695 696 100
t 696 697 100
t 697 99 100
t 697 698 99
t 698 699 99
t 699 98 99
t 699 700 98
t 700 701 98
t 701 97 98
t 701 702 97
t 702 703 97
t 703 96 97
t 703 704 96
t 704 705 96
t 705 95 96
t 705 706 95
t 706 707 95
t 707 94 95
t 707 708 94
t 708 709 94
t 709 93 94
t 709 710 93
t 710 711 93
t 711 92 93
t 711 712 92
t 712 713 92
t 713 91 92
t 713 714 91
t 714 715 91
t 715 90 91
t 715 716 90
t 716 717 90
t 717 89 90
t 717 718 89
t 718 719 89
t 719 88 89
t 719 720 88
t 720 721 88
t 721 87 88
t 721 722 87
t 722 723 87
t 723 86 87
t 723 724 86
t 724 725 86
t 725 85 86
t 725 61 85
