type=Nurbs forward=true n_boundary=165 n_holes=0 n_interior=203 n_tris=1277 label=brep47598_f84_Nurbs(deg=3/3, cps=4x20)
boundary
b 0.130500980 -0.001109615
b 0.145008533 -0.001083599
b 0.159446171 -0.001057541
b 0.173817117 -0.001031463
b 0.188124511 -0.001005390
b 0.202371424 -0.000979345
b 0.216560863 -0.000953351
b 0.230695788 -0.000927431
b 0.244779121 -0.000901609
b 0.258813754 -0.000875907
b 0.272802564 -0.000850348
b 0.286748419 -0.000824953
b 0.300654191 -0.000799745
b 0.314522762 -0.000774747
b 0.328357022 -0.000749973
b 0.342159804 -0.000725431
b 0.355933882 -0.000701125
b 0.369681971 -0.000677060
b 0.383406745 -0.000653240
b 0.397110843 -0.000629670
b 0.410796881 -0.000606354
b 0.424467462 -0.000583296
b 0.438125185 -0.000560502
b 0.451772653 -0.000537975
b 0.465412488 -0.000515720
b 0.479047336 -0.000493741
b 0.492679878 -0.000472041
b 0.506312836 -0.000450626
b 0.519948864 -0.000429499
b 0.533590492 -0.000408665
b 0.547240209 -0.000388130
b 0.560900475 -0.000367899
b 0.574573734 -0.000347976
b 0.588262420 -0.000328365
b 0.601968973 -0.000309073
b 0.615695844 -0.000290103
b 0.629445509 -0.000271461
b 0.643220474 -0.000253150
b 0.657023295 -0.000235177
b 0.670856577 -0.000217545
b 0.684722997 -0.000200259
b 0.698625306 -0.000183325
b 0.712566350 -0.000166751
b 0.726548985 -0.000150550
b 0.740576052 -0.000134733
b 0.754650391 -0.000119312
b 0.768774847 -0.000104298
b 0.782952282 -0.000089702
b 0.797185587 -0.000075538
b 0.811477689 -0.000061815
b 0.825831568 -0.000048546
b 0.840250263 -0.000035743
b 0.854736885 -0.000023416
b 0.869294631 -0.000011577
b 0.883926796 -0.000000239
b 0.867481896 0.026667683
b 0.849381253 0.052503964
b 0.830540194 0.077529383
b 0.811745774 0.101733596
b 0.793488953 0.125074219
b 0.775860115 0.147565804
b 0.758808494 0.169254039
b 0.742378310 0.190207173
b 0.726737209 0.210513532
b 0.711798972 0.230328928
b 0.697360277 0.249876316
b 0.683223906 0.269384145
b 0.669150273 0.289091927
b 0.655052790 0.309182609
b 0.640803696 0.329746047
b 0.626310301 0.350862406
b 0.611425113 0.372592964
b 0.596215449 0.394936873
b 0.581268124 0.417681996
b 0.566970107 0.440560178
b 0.553355271 0.463287087
b 0.540145621 0.485604863
b 0.527252238 0.507432763
b 0.514754923 0.528751069
b 0.502765354 0.549531493
b 0.491400988 0.569742859
b 0.480553067 0.589394767
b 0.469902759 0.608529330
b 0.459191426 0.627188840
b 0.448253854 0.645413715
b 0.437050029 0.663229896
b 0.425647020 0.680641662
b 0.414159203 0.697651173
b 0.402748126 0.714260341
b 0.391595765 0.730476180
b 0.380777871 0.746321130
b 0.370374985 0.761820368
b 0.360490392 0.776999494
b 0.351173360 0.791878402
b 0.342224658 0.806442377
b 0.333372738 0.820665970
b 0.324323382 0.834524629
b 0.314769626 0.847998383
b 0.304424068 0.861111350
b 0.293026858 0.873912742
b 0.280351159 0.886448961
b 0.266188779 0.898767891
b 0.250503229 0.910948240
b 0.233479000 0.923101869
b 0.215332618 0.935342418
b 0.196267216 0.947783840
b 0.176502569 0.960495901
b 0.156322405 0.973457579
b 0.136025895 0.986636541
b 0.115920191 1.000000000
b 0.116118249 0.973988960
b 0.116534472 0.948343131
b 0.116882688 0.923064330
b 0.116850244 0.898155210
b 0.116306256 0.873609751
b 0.115504269 0.849404648
b 0.114771633 0.825529457
b 0.114458060 0.801991039
b 0.114663923 0.778801186
b 0.115240766 0.755974463
b 0.115920191 0.733522417
b 0.116361783 0.711450525
b 0.116489459 0.689762887
b 0.116399264 0.668459020
b 0.116219776 0.647537369
b 0.116025955 0.626998282
b 0.115801323 0.606841463
b 0.115582074 0.587065115
b 0.115489314 0.567668148
b 0.115570686 0.548648978
b 0.115746776 0.530000987
b 0.115920191 0.511717586
b 0.116013643 0.493793191
b 0.116035397 0.476223381
b 0.116013193 0.459002083
b 0.115972457 0.442124669
b 0.115933965 0.425588796
b 0.115910857 0.409393850
b 0.115896622 0.393531117
b 0.115879955 0.377981348
b 0.115864614 0.362726309
b 0.115868207 0.347749709
b 0.115920191 0.333037159
b 0.116036830 0.318571230
b 0.116144463 0.304315539
b 0.116174963 0.290228378
b 0.116110372 0.276268157
b 0.115983238 0.262393873
b 0.115874502 0.248565135
b 0.115863347 0.234732669
b 0.115913262 0.220839006
b 0.115942712 0.206826521
b 0.115931807 0.192636636
b 0.115920191 0.178210365
b 0.115965108 0.163497842
b 0.116014446 0.148485205
b 0.116036335 0.133167786
b 0.116024271 0.117540429
b 0.115968374 0.101596504
b 0.115859639 0.085327636
b 0.115760892 0.068721885
b 0.115739173 0.051772784
b 0.115788559 0.034480381
b 0.115871783 0.016844541
b 0.115920191 -0.001135563
interior
i 0.210641652 0.124006382
i 0.306825244 0.124006382
i 0.403008836 0.124006382
i 0.499192428 0.124006382
i 0.595376020 0.124006382
i 0.691559612 0.124006382
i 0.787743204 0.124006382
i 0.210641652 0.249148328
i 0.306825244 0.249148328
i 0.403008836 0.249148328
i 0.499192428 0.249148328
i 0.595376020 0.249148328
i 0.691559612 0.249148328
i 0.210641652 0.374290273
i 0.306825244 0.374290273
i 0.403008836 0.374290273
i 0.499192428 0.374290273
i 0.595376020 0.374290273
i 0.210641652 0.499432218
i 0.306825244 0.499432218
i 0.403008836 0.499432218
i 0.499192428 0.499432218
i 0.210641652 0.624574164
i 0.306825244 0.624574164
i 0.403008836 0.624574164
i 0.210641652 0.749716109
i 0.306825244 0.749716109
i 0.210641652 0.874858055
i 0.162549856 0.061435410
i 0.138503958 0.030149923
i 0.186595754 0.030149923
i 0.138503958 0.092720896
i 0.186595754 0.092720896
i 0.162549856 0.186577355
i 0.138503958 0.155291869
i 0.186595754 0.155291869
i 0.138503958 0.217862841
i 0.186595754 0.217862841
i 0.162549856 0.311719300
i 0.138503958 0.280433814
i 0.186595754 0.280433814
i 0.138503958 0.343004787
i 0.186595754 0.343004787
i 0.162549856 0.436861246
i 0.138503958 0.405575759
i 0.186595754 0.405575759
i 0.138503958 0.468146732
i 0.186595754 0.468146732
i 0.162549856 0.562003191
i 0.138503958 0.530717705
i 0.186595754 0.530717705
i 0.138503958 0.593288677
i 0.186595754 0.593288677
i 0.162549856 0.687145137
i 0.138503958 0.655859650
i 0.186595754 0.655859650
i 0.138503958 0.718430623
i 0.186595754 0.718430623
i 0.162549856 0.812287082
i 0.138503958 0.781001596
i 0.186595754 0.781001596
i 0.138503958 0.843572568
i 0.186595754 0.843572568
i 0.162549856 0.937429027
i 0.138503958 0.906143541
i 0.186595754 0.906143541
i 0.138503958 0.968714514
i 0.258733448 0.061435410
i 0.234687550 0.030149923
i 0.282779346 0.030149923
i 0.234687550 0.092720896
i 0.282779346 0.092720896
i 0.258733448 0.186577355
i 0.234687550 0.155291869
i 0.282779346 0.155291869
i 0.234687550 0.217862841
i 0.282779346 0.217862841
i 0.258733448 0.311719300
i 0.234687550 0.280433814
i 0.282779346 0.280433814
i 0.234687550 0.343004787
i 0.282779346 0.343004787
i 0.258733448 0.436861246
i 0.234687550 0.405575759
i 0.282779346 0.405575759
i 0.234687550 0.468146732
i 0.282779346 0.468146732
i 0.258733448 0.562003191
i 0.234687550 0.530717705
i 0.282779346 0.530717705
i 0.234687550 0.593288677
i 0.282779346 0.593288677
i 0.258733448 0.687145137
i 0.234687550 0.655859650
i 0.282779346 0.655859650
i 0.234687550 0.718430623
i 0.282779346 0.718430623
i 0.258733448 0.812287082
i 0.234687550 0.781001596
i 0.282779346 0.781001596
i 0.234687550 0.843572568
i 0.282779346 0.843572568
i 0.354917040 0.061435410
i 0.330871142 0.030149923
i 0.378962938 0.030149923
i 0.330871142 0.092720896
i 0.378962938 0.092720896
i 0.354917040 0.186577355
i 0.330871142 0.155291869
i 0.378962938 0.155291869
i 0.330871142 0.217862841
i 0.378962938 0.217862841
i 0.354917040 0.311719300
i 0.330871142 0.280433814
i 0.378962938 0.280433814
i 0.330871142 0.343004787
i 0.378962938 0.343004787
i 0.354917040 0.436861246
i 0.330871142 0.405575759
i 0.378962938 0.405575759
i 0.330871142 0.468146732
i 0.378962938 0.468146732
i 0.354917040 0.562003191
i 0.330871142 0.530717705
i 0.378962938 0.530717705
i 0.330871142 0.593288677
i 0.378962938 0.593288677
i 0.354917040 0.687145137
i 0.330871142 0.655859650
i 0.378962938 0.655859650
i 0.330871142 0.718430623
i 0.378962938 0.718430623
i 0.451100632 0.061435410
i 0.427054734 0.030149923
i 0.475146530 0.030149923
i 0.427054734 0.092720896
i 0.475146530 0.092720896
i 0.451100632 0.186577355
i 0.427054734 0.155291869
i 0.475146530 0.155291869
i 0.427054734 0.217862841
i 0.475146530 0.217862841
i 0.451100632 0.311719300
i 0.427054734 0.280433814
i 0.475146530 0.280433814
i 0.427054734 0.343004787
i 0.475146530 0.343004787
i 0.451100632 0.436861246
i 0.427054734 0.405575759
i 0.475146530 0.405575759
i 0.427054734 0.468146732
i 0.475146530 0.468146732
i 0.451100632 0.562003191
i 0.427054734 0.530717705
i 0.475146530 0.530717705
i 0.427054734 0.593288677
i 0.475146530 0.593288677
i 0.547284224 0.061435410
i 0.523238326 0.030149923
i 0.571330122 0.030149923
i 0.523238326 0.092720896
i 0.571330122 0.092720896
i 0.547284224 0.186577355
i 0.523238326 0.155291869
i 0.571330122 0.155291869
i 0.523238326 0.217862841
i 0.571330122 0.217862841
i 0.547284224 0.311719300
i 0.523238326 0.280433814
i 0.571330122 0.280433814
i 0.523238326 0.343004787
i 0.571330122 0.343004787
i 0.547284224 0.436861246
i 0.523238326 0.405575759
i 0.571330122 0.405575759
i 0.523238326 0.468146732
i 0.643467816 0.061435410
i 0.619421918 0.030149923
i 0.667513714 0.030149923
i 0.619421918 0.092720896
i 0.667513714 0.092720896
i 0.643467816 0.186577355
i 0.619421918 0.155291869
i 0.667513714 0.155291869
i 0.619421918 0.217862841
i 0.667513714 0.217862841
i 0.643467816 0.311719300
i 0.619421918 0.280433814
i 0.667513714 0.280433814
i 0.619421918 0.343004787
i 0.739651408 0.061435410
i 0.715605510 0.030149923
i 0.763697306 0.030149923
i 0.715605510 0.092720896
i 0.763697306 0.092720896
i 0.739651408 0.186577355
i 0.715605510 0.155291869
i 0.763697306 0.155291869
i 0.715605510 0.217862841
i 0.835835000 0.061435410
i 0.811789102 0.030149923
i 0.859880898 0.030149923
i 0.811789102 0.092720896
tris
t 164 0 368
t 0 1 368
t 1 2 368
t 2 3 368
t 3 4 368
t 4 5 368
t 5 6 368
t 6 7 368
t 7 8 368
t 8 388 368
t 8 9 388
t 9 389 388
t 9 390 389
t 9 10 390
t 10 391 390
t 10 392 391
t 10 11 392
t 11 393 392
t 11 394 393
t 11 12 394
t 12 395 394
t 12 396 395
t 12 13 396
t 13 397 396
t 13 398 397
t 13 399 398
t 13 14 399
t 14 400 399
t 14 401 400
t 14 15 401
t 15 402 401
t 15 403 402
t 15 404 403
t 15 16 404
t 16 405 404
t 16 406 405
t 16 17 406
t 17 407 406
t 17 408 407
t 17 409 408
t 17 18 409
t 18 410 409
t 18 411 410
t 18 19 411
t 19 412 411
t 19 413 412
t 19 20 413
t 20 414 413
t 20 415 414
t 20 21 415
t 21 416 415
t 21 417 416
t 21 418 417
t 21 22 418
t 22 419 418
t 22 420 419
t 22 23 420
t 23 421 420
t 23 422 421
t 23 24 422
t 24 423 422
t 24 424 423
t 24 25 424
t 25 425 424
t 25 426 425
t 25 427 426
t 25 26 427
t 26 428 427
t 26 429 428
t 26 27 429
t 27 430 429
t 27 431 430
t 27 28 431
t 28 432 431
t 28 433 432
t 28 29 433
t 29 434 433
t 29 435 434
t 29 30 435
t 30 436 435
t 30 437 436
t 30 31 437
t 31 438 437
t 31 439 438
t 31 32 439
t 32 440 439
t 32 441 440
t 32 33 441
t 33 442 441
t 33 443 442
t 33 34 443
t 34 444 443
t 34 445 444
t 34 35 445
t 35 446 445
t 35 447 446
t 35 36 447
t 36 448 447
t 36 449 448
t 36 37 449
t 37 450 449
t 37 451 450
t 37 38 451
t 38 452 451
t 38 453 452
t 38 39 453
t 39 454 453
t 39 455 454
t 39 40 455
t 40 456 455
t 40 457 456
t 40 41 457
t 41 458 457
t 41 459 458
t 41 42 459
t 42 460 459
t 42 43 460
t 43 461 460
t 43 462 461
t 43 44 462
t 44 463 462
t 44 464 463
t 44 369 464
t 44 45 369
t 45 46 369
t 46 47 369
t 47 48 369
t 48 49 369
t 49 50 369
t 50 51 369
t 51 52 369
t 52 53 369
t 53 54 369
t 164 368 163
t 163 368 162
t 162 368 161
t 161 368 160
t 160 368 159
t 159 368 158
t 158 368 157
t 157 368 156
t 156 368 370
t 54 55 369
t 55 56 369
t 56 57 369
t 57 58 369
t 58 59 369
t 59 371 369
t 368 465 370
t 368 466 465
t 368 388 466
t 388 467 466
t 388 389 467
t 389 468 467
t 389 390 468
t 390 469 468
t 390 391 469
t 391 470 469
t 391 392 470
t 392 471 470
t 392 393 471
t 393 472 471
t 393 394 472
t 394 473 472
t 394 395 473
t 395 474 473
t 395 396 474
t 396 475 474
t 396 397 475
t 397 476 475
t 397 398 476
t 398 477 476
t 398 399 477
t 399 478 477
t 399 400 478
t 400 479 478
t 400 401 479
t 401 480 479
t 401 402 480
t 402 481 480
t 402 403 481
t 403 482 481
t 403 404 482
t 404 483 482
t 404 405 483
t 405 484 483
t 405 406 484
t 406 485 484
t 406 407 485
t 407 486 485
t 407 408 486
t 408 487 486
t 408 409 487
t 409 488 487
t 409 410 488
t 410 489 488
t 410 411 489
t 411 490 489
t 411 412 490
t 412 491 490
t 412 413 491
t 413 492 491
t 413 414 492
t 414 493 492
t 414 415 493
t 415 494 493
t 415 416 494
t 416 495 494
t 416 417 495
t 417 496 495
t 417 418 496
t 418 497 496
t 418 419 497
t 419 498 497
t 419 420 498
t 420 499 498
t 420 421 499
t 421 500 499
t 421 422 500
t 422 501 500
t 422 423 501
t 423 502 501
t 423 424 502
t 424 503 502
t 424 425 503
t 425 504 503
t 425 426 504
t 426 505 504
t 426 427 505
t 427 506 505
t 427 428 506
t 428 507 506
t 428 429 507
t 429 508 507
t 429 430 508
t 430 509 508
t 430 431 509
t 431 510 509
t 431 432 510
t 432 511 510
t 432 433 511
t 433 512 511
t 433 434 512
t 434 513 512
t 434 435 513
t 435 514 513
t 435 436 514
t 436 515 514
t 436 437 515
t 437 516 515
t 437 438 516
t 438 517 516
t 438 439 517
t 439 518 517
t 439 440 518
t 440 519 518
t 440 441 519
t 441 520 519
t 441 442 520
t 442 521 520
t 442 443 521
t 443 522 521
t 443 444 522
t 444 523 522
t 444 445 523
t 445 524 523
t 445 446 524
t 446 525 524
t 446 447 525
t 447 526 525
t 447 448 526
t 448 527 526
t 448 449 527
t 449 528 527
t 449 450 528
t 450 529 528
t 450 451 529
t 451 530 529
t 451 452 530
t 452 531 530
t 452 453 531
t 453 532 531
t 453 454 532
t 454 533 532
t 454 371 533
t 454 455 371
t 455 456 371
t 456 457 371
t 457 458 371
t 458 459 371
t 459 460 371
t 460 461 371
t 461 462 371
t 462 463 371
t 463 464 371
t 464 369 371
t 156 370 155
t 155 370 154
t 154 370 153
t 153 370 152
t 152 370 151
t 151 370 150
t 150 370 149
t 149 370 148
t 148 370 372
t 59 60 371
t 60 61 371
t 61 62 371
t 62 63 371
t 63 64 371
t 64 373 371
t 370 534 372
t 370 535 534
t 370 536 535
t 370 537 536
t 370 538 537
t 370 539 538
t 370 540 539
t 370 541 540
t 370 465 541
t 465 542 541
t 465 466 542
t 466 543 542
t 466 467 543
t 467 544 543
t 467 468 544
t 468 545 544
t 468 469 545
t 469 546 545
t 469 470 546
t 470 547 546
t 470 471 547
t 471 548 547
t 471 472 548
t 472 549 548
t 472 473 549
t 473 550 549
t 473 474 550
t 474 551 550
t 474 475 551
t 475 552 551
t 475 476 552
t 476 553 552
t 476 477 553
t 477 554 553
t 477 478 554
t 478 555 554
t 478 479 555
t 479 556 555
t 479 480 556
t 480 557 556
t 480 481 557
t 481 558 557
t 481 482 558
t 482 559 558
t 482 483 559
t 483 560 559
t 483 484 560
t 484 561 560
t 484 485 561
t 485 562 561
t 485 486 562
t 486 563 562
t 486 487 563
t 487 564 563
t 487 488 564
t 488 565 564
t 488 489 565
t 489 566 565
t 489 490 566
t 490 567 566
t 490 491 567
t 491 568 567
t 491 492 568
t 492 569 568
t 492 493 569
t 493 570 569
t 493 494 570
t 494 571 570
t 494 495 571
t 495 572 571
t 495 496 572
t 496 573 572
t 496 497 573
t 497 574 573
t 497 498 574
t 498 575 574
t 498 499 575
t 499 576 575
t 499 500 576
t 500 577 576
t 500 501 577
t 501 578 577
t 501 502 578
t 502 579 578
t 502 503 579
t 503 580 579
t 503 504 580
t 504 581 580
t 504 505 581
t 505 582 581
t 505 506 582
t 506 583 582
t 506 507 583
t 507 584 583
t 507 508 584
t 508 585 584
t 508 509 585
t 509 586 585
t 509 510 586
t 510 587 586
t 510 511 587
t 511 588 587
t 511 512 588
t 512 589 588
t 512 513 589
t 513 590 589
t 513 514 590
t 514 591 590
t 514 515 591
t 515 592 591
t 515 516 592
t 516 593 592
t 516 517 593
t 517 594 593
t 517 518 594
t 518 595 594
t 518 519 595
t 519 596 595
t 519 520 596
t 520 597 596
t 520 521 597
t 521 598 597
t 521 522 598
t 522 599 598
t 522 523 599
t 523 600 599
t 523 524 600
t 524 601 600
t 524 525 601
t 525 602 601
t 525 526 602
t 526 603 602
t 526 527 603
t 527 604 603
t 527 528 604
t 528 605 604
t 528 529 605
t 529 606 605
t 529 530 606
t 530 607 606
t 530 373 607
t 530 531 373
t 531 532 373
t 532 533 373
t 533 371 373
t 148 372 147
t 147 372 146
t 146 372 145
t 145 372 144
t 144 372 374
t 64 65 373
t 65 66 373
t 66 67 373
t 67 375 373
t 372 534 374
t 534 608 374
t 534 535 608
t 535 609 608
t 535 536 609
t 536 610 609
t 536 537 610
t 537 611 610
t 537 538 611
t 538 612 611
t 538 539 612
t 539 613 612
t 539 540 613
t 540 614 613
t 540 541 614
t 541 615 614
t 541 542 615
t 542 616 615
t 542 543 616
t 543 617 616
t 543 544 617
t 544 618 617
t 544 545 618
t 545 619 618
t 545 546 619
t 546 620 619
t 546 547 620
t 547 621 620
t 547 548 621
t 548 622 621
t 548 549 622
t 549 623 622
t 549 550 623
t 550 624 623
t 550 551 624
t 551 625 624
t 551 552 625
t 552 626 625
t 552 553 626
t 553 627 626
t 553 554 627
t 554 628 627
t 554 555 628
t 555 629 628
t 555 556 629
t 556 630 629
t 556 557 630
t 557 631 630
t 557 558 631
t 558 632 631
t 558 559 632
t 559 633 632
t 559 560 633
t 560 634 633
t 560 561 634
t 561 635 634
t 561 562 635
t 562 636 635
t 562 563 636
t 563 637 636
t 563 564 637
t 564 638 637
t 564 565 638
t 565 639 638
t 565 566 639
t 566 640 639
t 566 567 640
t 567 641 640
t 567 568 641
t 568 642 641
t 568 569 642
t 569 643 642
t 569 570 643
t 570 644 643
t 570 571 644
t 571 645 644
t 571 572 645
t 572 646 645
t 572 573 646
t 573 647 646
t 573 574 647
t 574 648 647
t 574 575 648
t 575 649 648
t 575 576 649
t 576 650 649
t 576 577 650
t 577 651 650
t 577 578 651
t 578 652 651
t 578 579 652
t 579 653 652
t 579 580 653
t 580 654 653
t 580 581 654
t 581 655 654
t 581 582 655
t 582 656 655
t 582 583 656
t 583 657 656
t 583 584 657
t 584 658 657
t 584 585 658
t 585 659 658
t 585 586 659
t 586 660 659
t 586 587 660
t 587 661 660
t 587 588 661
t 588 662 661
t 588 589 662
t 589 663 662
t 589 590 663
t 590 664 663
t 590 591 664
t 591 665 664
t 591 592 665
t 592 666 665
t 592 593 666
t 593 667 666
t 593 594 667
t 594 668 667
t 594 595 668
t 595 669 668
t 595 596 669
t 596 670 669
t 596 597 670
t 597 671 670
t 597 598 671
t 598 672 671
t 598 599 672
t 599 673 672
t 599 600 673
t 600 674 673
t 600 601 674
t 601 675 674
t 601 375 675
t 601 602 375
t 602 603 375
t 603 604 375
t 604 605 375
t 605 606 375
t 606 607 375
t 607 373 375
t 144 374 143
t 143 374 142
t 142 374 141
t 141 374 140
t 140 374 376
t 67 68 375
t 68 69 375
t 69 70 375
t 70 377 375
t 374 608 376
t 608 609 376
t 609 676 376
t 609 610 676
t 610 677 676
t 610 611 677
t 611 678 677
t 611 612 678
t 612 679 678
t 612 613 679
t 613 680 679
t 613 614 680
t 614 681 680
t 614 615 681
t 615 682 681
t 615 616 682
t 616 683 682
t 616 617 683
t 617 684 683
t 617 618 684
t 618 685 684
t 618 619 685
t 619 686 685
t 619 620 686
t 620 687 686
t 620 621 687
t 621 688 687
t 621 622 688
t 622 689 688
t 622 623 689
t 623 690 689
t 623 624 690
t 624 691 690
t 624 625 691
t 625 692 691
t 625 626 692
t 626 693 692
t 626 627 693
t 627 694 693
t 627 628 694
t 628 695 694
t 628 629 695
t 629 696 695
t 629 630 696
t 630 697 696
t 630 631 697
t 631 698 697
t 631 632 698
t 632 699 698
t 632 633 699
t 633 700 699
t 633 634 700
t 634 701 700
t 634 635 701
t 635 702 701
t 635 636 702
t 636 703 702
t 636 637 703
t 637 704 703
t 637 638 704
t 638 705 704
t 638 639 705
t 639 706 705
t 639 640 706
t 640 707 706
t 640 641 707
t 641 708 707
t 641 642 708
t 642 709 708
t 642 643 709
t 643 710 709
t 643 644 710
t 644 711 710
t 644 645 711
t 645 712 711
t 645 646 712
t 646 713 712
t 646 647 713
t 647 714 713
t 647 648 714
t 648 715 714
t 648 649 715
t 649 716 715
t 649 650 716
t 650 717 716
t 650 651 717
t 651 718 717
t 651 652 718
t 652 719 718
t 652 653 719
t 653 720 719
t 653 654 720
t 654 721 720
t 654 655 721
t 655 722 721
t 655 656 722
t 656 723 722
t 656 657 723
t 657 724 723
t 657 658 724
t 658 725 724
t 658 659 725
t 659 726 725
t 659 660 726
t 660 727 726
t 660 661 727
t 661 728 727
t 661 662 728
t 662 729 728
t 662 663 729
t 663 730 729
t 663 664 730
t 664 731 730
t 664 665 731
t 665 732 731
t 665 666 732
t 666 733 732
t 666 667 733
t 667 734 733
t 667 668 734
t 668 735 734
t 668 669 735
t 669 736 735
t 669 377 736
t 669 670 377
t 670 671 377
t 671 672 377
t 672 673 377
t 673 674 377
t 674 675 377
t 675 375 377
t 140 376 139
t 139 376 138
t 138 376 137
t 137 376 136
t 136 376 378
t 70 71 377
t 71 72 377
t 72 73 377
t 73 379 377
t 376 676 378
t 676 677 378
t 677 737 378
t 677 678 737
t 678 738 737
t 678 679 738
t 679 739 738
t 679 680 739
t 680 740 739
t 680 681 740
t 681 741 740
t 681 682 741
t 682 742 741
t 682 683 742
t 683 743 742
t 683 684 743
t 684 744 743
t 684 685 744
t 685 745 744
t 685 686 745
t 686 746 745
t 686 687 746
t 687 747 746
t 687 688 747
t 688 748 747
t 688 689 748
t 689 749 748
t 689 690 749
t 690 750 749
t 690 691 750
t 691 751 750
t 691 692 751
t 692 752 751
t 692 693 752
t 693 753 752
t 693 694 753
t 694 754 753
t 694 695 754
t 695 755 754
t 695 696 755
t 696 756 755
t 696 697 756
t 697 757 756
t 697 698 757
t 698 758 757
t 698 699 758
t 699 759 758
t 699 700 759
t 700 760 759
t 700 701 760
t 701 761 760
t 701 702 761
t 702 762 761
t 702 703 762
t 703 763 762
t 703 704 763
t 704 764 763
t 704 705 764
t 705 765 764
t 705 706 765
t 706 766 765
t 706 707 766
t 707 767 766
t 707 708 767
t 708 768 767
t 708 709 768
t 709 769 768
t 709 710 769
t 710 770 769
t 710 711 770
t 711 771 770
t 711 712 771
t 712 772 771
t 712 713 772
t 713 773 772
t 713 714 773
t 714 774 773
t 714 715 774
t 715 775 774
t 715 716 775
t 716 776 775
t 716 717 776
t 717 777 776
t 717 718 777
t 718 778 777
t 718 719 778
t 719 779 778
t 719 720 779
t 720 780 779
t 720 721 780
t 721 781 780
t 721 722 781
t 722 782 781
t 722 723 782
t 723 783 782
t 723 724 783
t 724 784 783
t 724 725 784
t 725 785 784
t 725 726 785
t 726 786 785
t 726 727 786
t 727 787 786
t 727 728 787
t 728 788 787
t 728 379 788
t 728 729 379
t 729 730 379
t 730 731 379
t 731 732 379
t 732 733 379
t 733 734 379
t 734 735 379
t 735 736 379
t 736 377 379
t 136 378 135
t 135 378 134
t 134 378 133
t 133 378 132
t 132 378 380
t 73 74 379
t 74 75 379
t 75 76 379
t 76 381 379
t 378 789 380
t 378 790 789
t 378 737 790
t 737 791 790
t 737 738 791
t 738 792 791
t 738 739 792
t 739 793 792
t 739 740 793
t 740 794 793
t 740 741 794
t 741 795 794
t 741 742 795
t 742 796 795
t 742 743 796
t 743 797 796
t 743 744 797
t 744 798 797
t 744 745 798
t 745 799 798
t 745 746 799
t 746 800 799
t 746 747 800
t 747 801 800
t 747 748 801
t 748 802 801
t 748 749 802
t 749 803 802
t 749 750 803
t 750 804 803
t 750 751 804
t 751 805 804
t 751 752 805
t 752 806 805
t 752 753 806
t 753 807 806
t 753 754 807
t 754 808 807
t 754 755 808
t 755 809 808
t 755 756 809
t 756 810 809
t 756 757 810
t 757 811 810
t 757 758 811
t 758 812 811
t 758 759 812
t 759 813 812
t 759 760 813
t 760 814 813
t 760 761 814
t 761 815 814
t 761 762 815
t 762 816 815
t 762 763 816
t 763 817 816
t 763 764 817
t 764 818 817
t 764 765 818
t 765 819 818
t 765 766 819
t 766 820 819
t 766 767 820
t 767 821 820
t 767 768 821
t 768 822 821
t 768 769 822
t 769 823 822
t 769 770 823
t 770 824 823
t 770 771 824
t 771 825 824
t 771 772 825
t 772 826 825
t 772 773 826
t 773 827 826
t 773 774 827
t 774 828 827
t 774 775 828
t 775 829 828
t 775 776 829
t 776 830 829
t 776 777 830
t 777 831 830
t 777 778 831
t 778 832 831
t 778 779 832
t 779 833 832
t 779 780 833
t 780 834 833
t 780 781 834
t 781 835 834
t 781 782 835
t 782 836 835
t 782 783 836
t 783 837 836
t 783 381 837
t 783 784 381
t 784 785 381
t 785 786 381
t 786 787 381
t 787 788 381
t 788 379 381
t 132 380 131
t 131 380 130
t 130 380 129
t 129 380 382
t 76 77 381
t 77 78 381
t 78 79 381
t 79 383 381
t 380 789 382
t 789 838 382
t 789 790 838
t 790 839 838
t 790 791 839
t 791 840 839
t 791 792 840
t 792 841 840
t 792 793 841
t 793 842 841
t 793 794 842
t 794 843 842
t 794 795 843
t 795 844 843
t 795 796 844
t 796 845 844
t 796 797 845
t 797 846 845
t 797 798 846
t 798 847 846
t 798 799 847
t 799 848 847
t 799 800 848
t 800 849 848
t 800 801 849
t 801 850 849
t 801 802 850
t 802 851 850
t 802 803 851
t 803 852 851
t 803 804 852
t 804 853 852
t 804 805 853
t 805 854 853
t 805 806 854
t 806 855 854
t 806 807 855
t 807 856 855
t 807 808 856
t 808 857 856
t 808 809 857
t 809 858 857
t 809 810 858
t 810 859 858
t 810 811 859
t 811 860 859
t 811 812 860
t 812 861 860
t 812 813 861
t 813 862 861
t 813 814 862
t 814 863 862
t 814 815 863
t 815 864 863
t 815 816 864
t 816 865 864
t 816 817 865
t 817 866 865
t 817 818 866
t 818 867 866
t 818 819 867
t 819 868 867
t 819 820 868
t 820 869 868
t 820 821 869
t 821 870 869
t 821 822 870
t 822 871 870
t 822 823 871
t 823 872 871
t 823 824 872
t 824 873 872
t 824 825 873
t 825 874 873
t 825 826 874
t 826 875 874
t 826 827 875
t 827 876 875
t 827 828 876
t 828 877 876
t 828 829 877
t 829 878 877
t 829 830 878
t 830 879 878
t 830 383 879
t 830 831 383
t 831 832 383
t 832 833 383
t 833 834 383
t 834 835 383
t 835 836 383
t 836 837 383
t 837 381 383
t 129 382 128
t 128 382 127
t 127 382 126
t 126 382 384
t 79 80 383
t 80 81 383
t 81 82 383
t 82 83 383
t 83 385 383
t 382 838 384
t 838 839 384
t 839 880 384
t 839 840 880
t 840 881 880
t 840 841 881
t 841 882 881
t 841 842 882
t 842 883 882
t 842 843 883
t 843 884 883
t 843 844 884
t 844 885 884
t 844 845 885
t 845 886 885
t 845 846 886
t 846 887 886
t 846 847 887
t 847 888 887
t 847 848 888
t 848 889 888
t 848 849 889
t 849 890 889
t 849 850 890
t 850 891 890
t 850 851 891
t 851 892 891
t 851 852 892
t 852 893 892
t 852 853 893
t 853 894 893
t 853 854 894
t 854 895 894
t 854 855 895
t 855 896 895
t 855 856 896
t 856 897 896
t 856 857 897
t 857 898 897
t 857 858 898
t 858 899 898
t 858 859 899
t 859 900 899
t 859 860 900
t 860 901 900
t 860 861 901
t 861 902 901
t 861 862 902
t 862 903 902
t 862 863 903
t 863 904 903
t 863 864 904
t 864 905 904
t 864 865 905
t 865 906 905
t 865 866 906
t 866 907 906
t 866 867 907
t 867 908 907
t 867 868 908
t 868 909 908
t 868 869 909
t 869 910 909
t 869 870 910
t 870 911 910
t 870 871 911
t 871 912 911
t 871 872 912
t 872 913 912
t 872 385 913
t 872 873 385
t 873 874 385
t 874 875 385
t 875 876 385
t 876 877 385
t 877 878 385
t 878 879 385
t 879 383 385
t 126 384 125
t 125 384 124
t 124 384 123
t 123 384 122
t 122 384 121
t 121 384 120
t 120 384 386
t 83 84 385
t 84 85 385
t 85 86 385
t 86 87 385
t 87 88 385
t 88 89 385
t 89 90 385
t 90 387 385
t 384 880 386
t 880 881 386
t 881 882 386
t 882 883 386
t 883 884 386
t 884 914 386
t 884 885 914
t 885 915 914
t 885 886 915
t 886 916 915
t 886 887 916
t 887 917 916
t 887 888 917
t 888 918 917
t 888 889 918
t 889 919 918
t 889 890 919
t 890 920 919
t 890 891 920
t 891 921 920
t 891 892 921
t 892 922 921
t 892 893 922
t 893 923 922
t 893 894 923
t 894 924 923
t 894 387 924
t 894 895 387
t 895 896 387
t 896 897 387
t 897 898 387
t 898 899 387
t 899 900 387
t 900 901 387
t 901 902 387
t 902 903 387
t 903 904 387
t 904 905 387
t 905 906 387
t 906 907 387
t 907 908 387
t 908 909 387
t 909 910 387
t 910 911 387
t 911 912 387
t 912 913 387
t 913 385 387
t 120 386 119
t 119 386 118
t 118 386 117
t 117 386 116
t 116 386 115
t 115 386 114
t 114 386 113
t 113 386 112
t 112 386 111
t 111 386 110
t 110 386 109
t 90 91 387
t 91 92 387
t 92 93 387
t 93 94 387
t 94 95 387
t 95 96 387
t 96 97 387
t 97 98 387
t 98 99 387
t 99 100 387
t 100 101 387
t 101 102 387
t 102 103 387
t 103 104 387
t 104 105 387
t 105 106 387
t 106 107 387
t 107 108 387
t 108 109 387
t 386 914 109
t 914 915 109
t 915 916 109
t 916 917 109
t 917 918 109
t 918 919 109
t 919 920 109
t 920 921 109
t 921 922 109
t 922 923 109
t 923 924 109
t 924 387 109
