type=Nurbs forward=true n_boundary=196 n_holes=0 n_interior=113 n_tris=200 label=brep62542_f104_Nurbs(deg=3/3, cps=4x8)
boundary
b 0.055815799 1.000000000
b 0.055816309 0.982200870
b 0.055817642 0.964387850
b 0.055819525 0.946558317
b 0.055821713 0.928709647
b 0.055823991 0.910839213
b 0.055826173 0.892944383
b 0.055828101 0.875022520
b 0.055829647 0.857070982
b 0.055830714 0.839087120
b 0.055831231 0.821068277
b 0.055831158 0.803011788
b 0.055830484 0.784914979
b 0.055829224 0.766775166
b 0.055827426 0.748589653
b 0.055825164 0.730355732
b 0.055822540 0.712070684
b 0.055819685 0.693731774
b 0.055816759 0.675336251
b 0.055814011 0.656881823
b 0.055811946 0.638371801
b 0.055810849 0.619813214
b 0.055810842 0.601213185
b 0.055811912 0.582578857
b 0.055813942 0.563917393
b 0.055816727 0.545235973
b 0.055820000 0.526541787
b 0.055823453 0.507842034
b 0.055826760 0.489143915
b 0.055829597 0.470454633
b 0.055831666 0.451781388
b 0.055832713 0.433131370
b 0.055832550 0.414511761
b 0.055831073 0.395929725
b 0.055828282 0.377392408
b 0.055824299 0.358906936
b 0.055819389 0.340480406
b 0.055813965 0.322119824
b 0.055808442 0.303828369
b 0.055803062 0.285603324
b 0.055798019 0.267441482
b 0.055793474 0.249339653
b 0.055789553 0.231294664
b 0.055786352 0.213303356
b 0.055783932 0.195362585
b 0.055782326 0.177469222
b 0.055781532 0.159620146
b 0.055781521 0.141812250
b 0.055782232 0.124042435
b 0.055783574 0.106307613
b 0.055785426 0.088604700
b 0.055787638 0.070930624
b 0.055790030 0.053282314
b 0.055792391 0.035656706
b 0.055794482 0.018050741
b 0.055796032 0.000461361
b 0.072212858 0.000447336
b 0.088579443 0.000442867
b 0.104897925 0.000446770
b 0.121170402 0.000457860
b 0.137398932 0.000474955
b 0.153585544 0.000496870
b 0.169732237 0.000522422
b 0.185840985 0.000550428
b 0.201913745 0.000579704
b 0.217952456 0.000609066
b 0.233959047 0.000637329
b 0.249935439 0.000663311
b 0.265883549 0.000685827
b 0.281805295 0.000703696
b 0.297702578 0.000716239
b 0.313577246 0.000723750
b 0.329431116 0.000726633
b 0.345265984 0.000725293
b 0.361083626 0.000720137
b 0.376885801 0.000711567
b 0.392674260 0.000699990
b 0.408450744 0.000685810
b 0.424216993 0.000669432
b 0.439974746 0.000651259
b 0.455725750 0.000631696
b 0.471471756 0.000611148
b 0.487214532 0.000590017
b 0.502955861 0.000568700
b 0.518697539 0.000547404
b 0.534441355 0.000526144
b 0.550189084 0.000504932
b 0.565942485 0.000483774
b 0.581703311 0.000462682
b 0.597473312 0.000441662
b 0.613254236 0.000420724
b 0.629047833 0.000399876
b 0.644855865 0.000379126
b 0.660680100 0.000358482
b 0.676522327 0.000337952
b 0.692384350 0.000317545
b 0.708268000 0.000297267
b 0.724175134 0.000277128
b 0.740107630 0.000257135
b 0.756067362 0.000237298
b 0.772056204 0.000217626
b 0.788076028 0.000198125
b 0.804128710 0.000178806
b 0.820216135 0.000159675
b 0.836340201 0.000140741
b 0.852502820 0.000122012
b 0.868705927 0.000103496
b 0.884951481 0.000085200
b 0.901241470 0.000067133
b 0.917577916 0.000049303
b 0.933962879 0.000031717
b 0.934013613 0.017639700
b 0.934075244 0.035268802
b 0.934147534 0.052921262
b 0.934230272 0.070599320
b 0.934323276 0.088305223
b 0.934426388 0.106041223
b 0.934539479 0.123809576
b 0.934662448 0.141612548
b 0.934795218 0.159452409
b 0.934937742 0.177331440
b 0.935089998 0.195251928
b 0.935251995 0.213216172
b 0.935423767 0.231226482
b 0.935605379 0.249285176
b 0.935796921 0.267394587
b 0.935998517 0.285557061
b 0.936210319 0.303774956
b 0.936432510 0.322050647
b 0.936665269 0.340386109
b 0.936908362 0.358778528
b 0.937161169 0.377221973
b 0.937422915 0.395710436
b 0.937692688 0.414237888
b 0.937969453 0.432798277
b 0.938252063 0.451385541
b 0.938539276 0.469993600
b 0.938829768 0.488616365
b 0.939122148 0.507247743
b 0.939414976 0.525881634
b 0.939706782 0.544511941
b 0.939996079 0.563132566
b 0.940281387 0.581737422
b 0.940561248 0.600320428
b 0.940834250 0.618875517
b 0.941099045 0.637396637
b 0.941354369 0.655877756
b 0.941599069 0.674312913
b 0.941832521 0.692699263
b 0.942054842 0.711038768
b 0.942266204 0.729333795
b 0.942466761 0.747586699
b 0.942656649 0.765799822
b 0.942835989 0.783975497
b 0.943004882 0.802116044
b 0.943163412 0.820223776
b 0.943311646 0.838300998
b 0.943449631 0.856350006
b 0.943577396 0.874373089
b 0.943694954 0.892372531
b 0.943802296 0.910350610
b 0.943899396 0.928309599
b 0.943986210 0.946251768
b 0.944062673 0.964179382
b 0.944128704 0.982094706
b 0.944184201 1.000000000
b 0.914765831 1.000000000
b 0.885502526 1.000000000
b 0.856382612 1.000000000
b 0.827394633 1.000000000
b 0.798527330 1.000000000
b 0.769769625 1.000000000
b 0.741110602 1.000000000
b 0.712539491 1.000000000
b 0.684045652 1.000000000
b 0.655618555 1.000000000
b 0.627247770 1.000000000
b 0.598922949 1.000000000
b 0.570633807 1.000000000
b 0.542370115 1.000000000
b 0.514121677 1.000000000
b 0.485878323 1.000000000
b 0.457629885 1.000000000
b 0.429366193 1.000000000
b 0.401077051 1.000000000
b 0.372752230 1.000000000
b 0.344381445 1.000000000
b 0.315954348 1.000000000
b 0.287460509 1.000000000
b 0.258889398 1.000000000
b 0.230230375 1.000000000
b 0.201472670 1.000000000
b 0.172605367 1.000000000
b 0.143617388 1.000000000
b 0.114497474 1.000000000
b 0.085234169 1.000000000
interior
i 0.166831856 0.125027753
i 0.277882191 0.125027753
i 0.388932526 0.125027753
i 0.499982861 0.125027753
i 0.611033196 0.125027753
i 0.722083531 0.125027753
i 0.833133866 0.125027753
i 0.166831856 0.250023788
i 0.277882191 0.250023788
i 0.388932526 0.250023788
i 0.499982861 0.250023788
i 0.611033196 0.250023788
i 0.722083531 0.250023788
i 0.833133866 0.250023788
i 0.166831856 0.375019823
i 0.277882191 0.375019823
i 0.388932526 0.375019823
i 0.499982861 0.375019823
i 0.611033196 0.375019823
i 0.722083531 0.375019823
i 0.833133866 0.375019823
i 0.166831856 0.500015859
i 0.277882191 0.500015859
i 0.388932526 0.500015859
i 0.499982861 0.500015859
i 0.611033196 0.500015859
i 0.722083531 0.500015859
i 0.833133866 0.500015859
i 0.166831856 0.625011894
i 0.277882191 0.625011894
i 0.388932526 0.625011894
i 0.499982861 0.625011894
i 0.611033196 0.625011894
i 0.722083531 0.625011894
i 0.833133866 0.625011894
i 0.166831856 0.750007929
i 0.277882191 0.750007929
i 0.388932526 0.750007929
i 0.499982861 0.750007929
i 0.611033196 0.750007929
i 0.722083531 0.750007929
i 0.833133866 0.750007929
i 0.166831856 0.875003965
i 0.277882191 0.875003965
i 0.388932526 0.875003965
i 0.499982861 0.875003965
i 0.611033196 0.875003965
i 0.722083531 0.875003965
i 0.833133866 0.875003965
i 0.111306689 0.062529735
i 0.111306689 0.187525770
i 0.111306689 0.312521806
i 0.111306689 0.437517841
i 0.111306689 0.562513876
i 0.111306689 0.687509912
i 0.111306689 0.812505947
i 0.111306689 0.937501982
i 0.222357024 0.062529735
i 0.222357024 0.187525770
i 0.222357024 0.312521806
i 0.222357024 0.437517841
i 0.222357024 0.562513876
i 0.222357024 0.687509912
i 0.222357024 0.812505947
i 0.222357024 0.937501982
i 0.333407359 0.062529735
i 0.333407359 0.187525770
i 0.333407359 0.312521806
i 0.333407359 0.437517841
i 0.333407359 0.562513876
i 0.333407359 0.687509912
i 0.333407359 0.812505947
i 0.333407359 0.937501982
i 0.444457694 0.062529735
i 0.444457694 0.187525770
i 0.444457694 0.312521806
i 0.444457694 0.437517841
i 0.444457694 0.562513876
i 0.444457694 0.687509912
i 0.444457694 0.812505947
i 0.444457694 0.937501982
i 0.555508029 0.062529735
i 0.555508029 0.187525770
i 0.555508029 0.312521806
i 0.555508029 0.437517841
i 0.555508029 0.562513876
i 0.555508029 0.687509912
i 0.555508029 0.812505947
i 0.555508029 0.937501982
i 0.666558364 0.062529735
i 0.666558364 0.187525770
i 0.666558364 0.312521806
i 0.666558364 0.437517841
i 0.666558364 0.562513876
i 0.666558364 0.687509912
i 0.666558364 0.812505947
i 0.666558364 0.937501982
i 0.777608699 0.062529735
i 0.777608699 0.187525770
i 0.777608699 0.312521806
i 0.777608699 0.437517841
i 0.777608699 0.562513876
i 0.777608699 0.687509912
i 0.777608699 0.812505947
i 0.777608699 0.937501982
i 0.888659034 0.062529735
i 0.888659034 0.187525770
i 0.888659034 0.312521806
i 0.888659034 0.437517841
i 0.888659034 0.562513876
i 0.888659034 0.687509912
i 0.888659034 0.812505947
i 0.888659034 0.937501982
tris
t 55 56 54
t 56 53 54
t 56 52 53
t 56 51 52
t 56 50 51
t 56 49 50
t 56 48 49
t 56 47 48
t 56 46 47
t 56 45 46
t 56 44 45
t 56 43 44
t 56 42 43
t 56 41 42
t 56 40 41
t 56 39 40
t 56 38 39
t 56 37 38
t 56 36 37
t 56 35 36
t 56 34 35
t 56 33 34
t 56 32 33
t 56 31 32
t 56 30 31
t 56 29 30
t 56 28 29
t 56 27 28
t 56 26 27
t 56 25 26
t 56 24 25
t 56 23 24
t 56 22 23
t 56 21 22
t 56 20 21
t 56 19 20
t 56 18 19
t 56 17 18
t 56 16 17
t 56 15 16
t 56 14 15
t 56 13 14
t 56 12 13
t 56 11 12
t 56 10 11
t 56 9 10
t 56 8 9
t 56 7 8
t 56 6 7
t 56 5 6
t 56 4 5
t 56 3 4
t 56 2 3
t 56 1 2
t 56 57 1
t 57 58 1
t 58 59 1
t 59 60 1
t 60 61 1
t 61 62 1
t 62 63 1
t 63 64 1
t 64 65 1
t 65 66 1
t 66 67 1
t 67 68 1
t 68 309 1
t 68 69 309
t 69 70 309
t 70 71 309
t 71 72 309
t 72 73 309
t 73 74 309
t 74 75 309
t 75 76 309
t 76 77 309
t 77 78 309
t 78 79 309
t 79 80 309
t 80 81 309
t 81 82 309
t 82 310 309
t 82 83 310
t 83 84 310
t 84 85 310
t 85 86 310
t 86 87 310
t 87 88 310
t 88 89 310
t 89 90 310
t 90 91 310
t 91 92 310
t 92 93 310
t 93 94 310
t 94 95 310
t 95 96 310
t 96 311 310
t 96 97 311
t 97 98 311
t 98 99 311
t 99 100 311
t 100 101 311
t 101 102 311
t 102 103 311
t 103 104 311
t 104 105 311
t 105 106 311
t 106 107 311
t 107 108 311
t 108 109 311
t 109 164 311
t 109 163 164
t 109 162 163
t 109 161 162
t 109 160 161
t 109 159 160
t 109 158 159
t 109 157 158
t 109 156 157
t 109 155 156
t 109 154 155
t 109 153 154
t 109 152 153
t 109 151 152
t 109 150 151
t 109 149 150
t 109 148 149
t 109 147 148
t 109 146 147
t 109 145 146
t 109 144 145
t 109 143 144
t 109 142 143
t 109 141 142
t 109 140 141
t 109 139 140
t 109 138 139
t 109 137 138
t 109 136 137
t 109 135 136
t 109 134 135
t 109 133 134
t 109 132 133
t 109 131 132
t 109 130 131
t 109 129 130
t 109 128 129
t 109 127 128
t 109 126 127
t 109 125 126
t 109 124 125
t 109 123 124
t 109 122 123
t 109 121 122
t 109 120 121
t 109 119 120
t 109 118 119
t 109 117 118
t 109 116 117
t 109 115 116
t 109 114 115
t 109 113 114
t 109 112 113
t 109 111 112
t 109 110 111
t 1 309 0
t 309 195 0
t 309 194 195
t 309 193 194
t 309 192 193
t 309 191 192
t 309 190 191
t 309 189 190
t 309 188 189
t 309 187 188
t 309 186 187
t 309 185 186
t 309 184 185
t 309 183 184
t 309 182 183
t 309 181 182
t 309 310 181
t 310 180 181
t 310 179 180
t 310 178 179
t 310 177 178
t 310 176 177
t 310 175 176
t 310 174 175
t 310 173 174
t 310 311 173
t 311 172 173
t 311 171 172
t 311 170 171
t 311 169 170
t 311 168 169
t 311 167 168
t 311 166 167
t 311 165 166
t 311 164 165
