type=Nurbs forward=true n_boundary=223 n_holes=0 n_interior=25 n_tris=246 label=brep62542_f123_Nurbs(deg=3/3, cps=7x6)
boundary
b 0.135848987 0.737442676
b 0.135849286 1.000000000
b 0.133379154 1.000000000
b 0.130909176 1.000000000
b 0.128439201 1.000000000
b 0.125969231 1.000000000
b 0.123499264 1.000000000
b 0.121029301 1.000000000
b 0.118559341 1.000000000
b 0.116089385 1.000000000
b 0.113619431 1.000000000
b 0.111149481 1.000000000
b 0.108679533 1.000000000
b 0.106209588 1.000000000
b 0.103739645 1.000000000
b 0.101269705 1.000000000
b 0.098799767 1.000000000
b 0.096329830 1.000000000
b 0.093859896 1.000000000
b 0.091389963 1.000000000
b 0.088920032 1.000000000
b 0.086450102 1.000000000
b 0.083980174 1.000000000
b 0.081510246 1.000000000
b 0.079040320 1.000000000
b 0.076570394 1.000000000
b 0.074100469 1.000000000
b 0.071630544 1.000000000
b 0.069160619 1.000000000
b 0.066690695 1.000000000
b 0.064220770 1.000000000
b 0.061750846 1.000000000
b 0.059280921 1.000000000
b 0.056810995 1.000000000
b 0.054341069 1.000000000
b 0.051871142 1.000000000
b 0.049401214 1.000000000
b 0.046931285 1.000000000
b 0.044461354 1.000000000
b 0.041991422 1.000000000
b 0.039521489 1.000000000
b 0.037051553 1.000000000
b 0.034581616 1.000000000
b 0.032111676 1.000000000
b 0.029641735 1.000000000
b 0.027171790 1.000000000
b 0.024701844 1.000000000
b 0.022231894 1.000000000
b 0.019761942 1.000000000
b 0.017291986 1.000000000
b 0.014822027 1.000000000
b 0.012352065 1.000000000
b 0.009882099 1.000000000
b 0.007412130 1.000000000
b 0.004942156 1.000000000
b 0.002472179 1.000000000
b 0.000002197 1.000000000
b -0.000000001 0.000000000
b 0.018181818 0.000000000
b 0.036363636 0.000000000
b 0.054545454 0.000000000
b 0.072727272 0.000000000
b 0.090909090 0.000000000
b 0.109090909 0.000000000
b 0.127272727 0.000000000
b 0.145454545 0.000000000
b 0.163636363 0.000000000
b 0.181818181 0.000000000
b 0.200000000 0.000000000
b 0.218181818 0.000000000
b 0.236363636 0.000000000
b 0.254545454 0.000000000
b 0.272727272 0.000000000
b 0.290909091 0.000000000
b 0.309090909 0.000000000
b 0.327272727 0.000000000
b 0.345454545 0.000000000
b 0.363636363 0.000000000
b 0.381818182 0.000000000
b 0.400000000 0.000000000
b 0.418181818 0.000000000
b 0.436363636 0.000000000
b 0.454545455 0.000000000
b 0.472727273 0.000000000
b 0.490909091 0.000000000
b 0.509090909 -0.000000000
b 0.527272727 -0.000000000
b 0.545454545 -0.000000000
b 0.563636364 -0.000000000
b 0.581818182 -0.000000000
b 0.600000000 -0.000000000
b 0.618181818 -0.000000000
b 0.636363636 -0.000000000
b 0.654545455 -0.000000000
b 0.672727273 -0.000000000
b 0.690909091 -0.000000000
b 0.709090909 -0.000000000
b 0.727272727 -0.000000000
b 0.745454545 -0.000000000
b 0.763636364 -0.000000000
b 0.781818182 -0.000000000
b 0.800000000 -0.000000000
b 0.818181818 -0.000000000
b 0.836363636 -0.000000000
b 0.854545455 -0.000000000
b 0.872727273 -0.000000000
b 0.890909091 -0.000000000
b 0.909090909 -0.000000000
b 0.927272727 -0.000000000
b 0.945454545 -0.000000000
b 0.963636364 -0.000000000
b 0.981818182 -0.000000000
b 1.000000000 -0.000000000
b 0.999999995 0.364355838
b 0.982148044 0.364554545
b 0.964309569 0.364904066
b 0.946489485 0.365404398
b 0.928692734 0.366055539
b 0.910924281 0.366857484
b 0.893189112 0.367810233
b 0.875492220 0.368913780
b 0.857838603 0.370168124
b 0.840233260 0.371573261
b 0.822681602 0.373129113
b 0.805191856 0.374835086
b 0.787773487 0.376690380
b 0.770436076 0.378694194
b 0.753189296 0.380845727
b 0.736042905 0.383144177
b 0.719006733 0.385588744
b 0.702090671 0.388178627
b 0.685304659 0.390913023
b 0.668658333 0.393791176
b 0.652157391 0.396812851
b 0.635805057 0.399978144
b 0.619604629 0.403287162
b 0.603559510 0.406740007
b 0.587673209 0.410336784
b 0.571949336 0.414077597
b 0.556391597 0.417962551
b 0.541003789 0.421991750
b 0.525789907 0.426165256
b 0.510756510 0.430482198
b 0.495912765 0.434940764
b 0.481268086 0.439539103
b 0.466832014 0.444275365
b 0.452614195 0.449147699
b 0.438624380 0.454154253
b 0.424872414 0.459293177
b 0.411368229 0.464562619
b 0.398121821 0.469960716
b 0.385142089 0.475484852
b 0.372436220 0.481131240
b 0.360011368 0.486895996
b 0.347874808 0.492775233
b 0.336033932 0.498765066
b 0.324496241 0.504861611
b 0.313269344 0.511060980
b 0.302360954 0.517359288
b 0.291778876 0.523752652
b 0.281529456 0.530237316
b 0.271615315 0.536809851
b 0.262038572 0.543466875
b 0.252801416 0.550205008
b 0.243906107 0.557020867
b 0.235354973 0.563911071
b 0.227150411 0.570872239
b 0.219294884 0.577900989
b 0.211790924 0.584993939
b 0.208999718 0.587736833
b 0.206261460 0.590484564
b 0.203576167 0.593236833
b 0.200943854 0.595993342
b 0.198364540 0.598753795
b 0.195838242 0.601517892
b 0.193364980 0.604285336
b 0.190944773 0.607055829
b 0.188577641 0.609829073
b 0.186263605 0.612604770
b 0.184002688 0.615382622
b 0.181794911 0.618162331
b 0.179640298 0.620943599
b 0.177538873 0.623726127
b 0.175490661 0.626509620
b 0.173495686 0.629293777
b 0.171553975 0.632078301
b 0.169665555 0.634862895
b 0.167830442 0.637647275
b 0.166048533 0.640431335
b 0.164319642 0.643215081
b 0.162643588 0.645998521
b 0.161020185 0.648781664
b 0.159449249 0.651564519
b 0.157930597 0.654347094
b 0.156464045 0.657129397
b 0.155049411 0.659911437
b 0.153686511 0.662693222
b 0.152375163 0.665474760
b 0.151115184 0.668256061
b 0.149906392 0.671037133
b 0.148748605 0.673817984
b 0.147641642 0.676598622
b 0.146585321 0.679379056
b 0.145579461 0.682159295
b 0.144623880 0.684939346
b 0.143718399 0.687719218
b 0.142862862 0.690498809
b 0.142057151 0.693277858
b 0.141301153 0.696056088
b 0.140594752 0.698833220
b 0.139937834 0.701608978
b 0.139330286 0.704383085
b 0.138771994 0.707155264
b 0.138262842 0.709925237
b 0.137802717 0.712692727
b 0.137391505 0.715457457
b 0.137029092 0.718219150
b 0.136715364 0.720977528
b 0.136450206 0.723732315
b 0.136233504 0.726483234
b 0.136065146 0.729230006
b 0.135945016 0.731972355
b 0.135873001 0.734710004
interior
i 0.124999999 0.125000000
i 0.250000000 0.125000000
i 0.375000000 0.125000000
i 0.500000000 0.125000000
i 0.625000000 0.125000000
i 0.750000000 0.125000000
i 0.875000000 0.125000000
i 0.124999999 0.250000000
i 0.250000000 0.250000000
i 0.375000000 0.250000000
i 0.500000000 0.250000000
i 0.625000000 0.250000000
i 0.750000000 0.250000000
i 0.875000000 0.250000000
i 0.124999999 0.375000000
i 0.250000000 0.375000000
i 0.375000000 0.375000000
i 0.500000000 0.375000000
i 0.625000000 0.375000000
i 0.750000000 0.375000000
i 0.124999999 0.500000000
i 0.250000000 0.500000000
i 0.124999999 0.625000000
i 0.124999999 0.750000000
i 0.124999999 0.875000000
tris
t 247 0 1
t 55 56 57
t 111 112 113
t 221 222 223
t 228 229 230
t 235 236 237
t 241 242 243
t 243 244 245
t 1 2 247
t 2 3 247
t 54 55 57
t 110 111 113
t 220 221 223
t 227 228 230
t 234 235 237
t 240 241 243
t 247 3 4
t 53 54 57
t 109 110 113
t 219 220 223
t 226 227 230
t 233 234 237
t 239 240 243
t 247 4 5
t 52 53 57
t 108 109 113
t 218 219 223
t 225 226 230
t 232 233 237
t 238 239 243
t 247 5 6
t 51 52 57
t 107 108 113
t 217 218 223
t 224 225 230
t 231 232 237
t 237 238 243
t 246 247 6
t 50 51 57
t 106 107 113
t 216 217 223
t 223 224 230
t 230 231 237
t 245 246 6
t 49 50 57
t 106 113 114
t 215 216 223
t 243 245 6
t 48 49 57
t 85 86 114
t 86 87 114
t 87 88 114
t 88 89 114
t 89 90 114
t 90 91 114
t 91 92 114
t 92 93 114
t 93 94 114
t 94 95 114
t 95 96 114
t 96 97 114
t 97 98 114
t 98 99 114
t 99 100 114
t 100 101 114
t 101 102 114
t 102 103 114
t 103 104 114
t 104 105 114
t 105 106 114
t 214 215 223
t 237 243 6
t 47 48 57
t 68 69 114
t 69 70 114
t 70 71 114
t 71 72 114
t 72 73 114
t 73 74 114
t 74 75 114
t 75 76 114
t 76 77 114
t 77 78 114
t 78 79 114
t 79 80 114
t 80 81 114
t 81 82 114
t 82 83 114
t 83 84 114
t 84 85 114
t 213 214 223
t 230 237 6
t 46 47 57
t 67 68 114
t 212 213 223
t 223 230 6
t 45 46 57
t 66 67 114
t 211 212 223
t 223 6 7
t 44 45 57
t 65 66 114
t 210 211 223
t 223 7 8
t 43 44 57
t 64 65 114
t 209 210 223
t 223 8 9
t 42 43 57
t 63 64 114
t 208 209 223
t 223 9 10
t 41 42 57
t 62 63 114
t 207 208 223
t 223 10 11
t 40 41 57
t 61 62 114
t 206 207 223
t 223 11 12
t 39 40 57
t 60 61 114
t 205 206 223
t 12 13 223
t 13 14 223
t 14 15 223
t 15 16 223
t 16 17 223
t 17 18 223
t 18 19 223
t 19 20 223
t 20 21 223
t 21 22 223
t 22 23 223
t 23 24 223
t 24 25 223
t 25 26 223
t 26 27 223
t 27 28 223
t 28 29 223
t 38 39 57
t 59 60 114
t 204 205 223
t 223 29 30
t 37 38 57
t 58 59 114
t 203 204 223
t 223 30 31
t 36 37 57
t 57 58 114
t 202 203 223
t 223 31 32
t 35 36 57
t 57 114 115
t 201 202 223
t 223 32 33
t 34 35 57
t 57 115 116
t 200 201 223
t 223 33 34
t 57 116 117
t 199 200 223
t 223 34 57
t 57 117 118
t 198 199 223
t 223 57 118
t 197 198 223
t 223 118 119
t 196 197 223
t 223 119 120
t 195 196 223
t 223 120 121
t 194 195 223
t 223 121 122
t 193 194 223
t 223 122 123
t 192 193 223
t 223 123 124
t 191 192 223
t 223 124 125
t 190 191 223
t 223 125 126
t 189 190 223
t 223 126 127
t 188 189 223
t 223 127 128
t 187 188 223
t 223 128 129
t 186 187 223
t 223 129 130
t 185 186 223
t 223 130 131
t 184 185 223
t 223 131 132
t 183 184 223
t 223 132 133
t 182 183 223
t 223 133 134
t 181 182 223
t 223 134 135
t 180 181 223
t 223 135 136
t 179 180 223
t 223 136 137
t 178 179 223
t 223 137 138
t 177 178 223
t 223 138 139
t 176 177 223
t 223 139 140
t 175 176 223
t 223 140 141
t 174 175 223
t 223 141 142
t 173 174 223
t 223 142 143
t 172 173 223
t 223 143 144
t 171 172 223
t 223 144 145
t 170 171 223
t 223 145 146
t 169 170 223
t 223 146 147
t 168 169 223
t 223 147 148
t 167 168 223
t 223 148 149
t 166 167 223
t 223 149 150
t 165 166 223
t 223 150 151
t 164 165 223
t 223 151 152
t 163 164 223
t 223 152 153
t 162 163 223
t 223 153 154
t 161 162 223
t 223 154 155
t 160 161 223
t 223 155 156
t 159 160 223
t 223 156 157
t 158 159 223
t 223 157 158
