type=Cylinder forward=true n_boundary=174 n_holes=0 n_interior=58 n_tris=172 label=brep47598_f45_Cylinder
boundary
b 0.228558823 0.000000001
b 0.228000472 0.004188628
b 0.227435702 0.008390450
b 0.226864447 0.012605296
b 0.226286640 0.016832996
b 0.225702214 0.021073380
b 0.225111102 0.025326278
b 0.224513236 0.029591520
b 0.223908550 0.033868936
b 0.223296978 0.038158356
b 0.222678451 0.042459610
b 0.222052903 0.046772528
b 0.221420266 0.051096940
b 0.220780475 0.055432676
b 0.220133461 0.059779567
b 0.219479157 0.064137441
b 0.218817497 0.068506129
b 0.218148413 0.072885462
b 0.217471839 0.077275268
b 0.216787704 0.081675381
b 0.216095919 0.086085663
b 0.215396379 0.090505996
b 0.214688979 0.094936263
b 0.213973614 0.099376345
b 0.213250179 0.103826126
b 0.212518571 0.108285487
b 0.211778682 0.112754310
b 0.211030409 0.117232478
b 0.210273647 0.121719874
b 0.209508290 0.126216378
b 0.208734234 0.130721875
b 0.207951373 0.135236246
b 0.207159602 0.139759372
b 0.206358817 0.144291138
b 0.205548911 0.148831424
b 0.204729780 0.153380114
b 0.203901319 0.157937089
b 0.203063421 0.162502230
b 0.202215988 0.167075314
b 0.201358926 0.171655957
b 0.200492143 0.176243761
b 0.199615547 0.180838328
b 0.198729044 0.185439262
b 0.197832544 0.190046164
b 0.196925953 0.194658636
b 0.196009178 0.199276281
b 0.195082128 0.203898700
b 0.194144709 0.208525498
b 0.193196830 0.213156274
b 0.192238396 0.217790633
b 0.191269316 0.222428176
b 0.190289496 0.227068505
b 0.189298843 0.231711223
b 0.188297265 0.236355932
b 0.187284669 0.241002234
b 0.186260961 0.245649732
b 0.184529001 0.253384282
b 0.182754746 0.261132900
b 0.180937445 0.268892503
b 0.179076350 0.276660005
b 0.177170708 0.284432321
b 0.175219766 0.292206366
b 0.173222770 0.299979056
b 0.171178968 0.307747306
b 0.169087602 0.315508030
b 0.166947863 0.323258158
b 0.164758584 0.330994706
b 0.162518450 0.338714728
b 0.160226145 0.346415278
b 0.157880350 0.354093411
b 0.155479743 0.361746180
b 0.153023004 0.369370638
b 0.150508807 0.376963841
b 0.147935826 0.384522841
b 0.145302730 0.392044569
b 0.142608127 0.399524529
b 0.139850584 0.406957299
b 0.137028667 0.414337445
b 0.134140934 0.421659532
b 0.131185944 0.428918124
b 0.128162250 0.436107786
b 0.125068402 0.443223084
b 0.121902947 0.450258582
b 0.118664427 0.457208763
b 0.115351285 0.464066246
b 0.111961864 0.470821783
b 0.108494497 0.477466047
b 0.104947509 0.483989708
b 0.101319219 0.490383438
b 0.097607938 0.496637908
b 0.093811972 0.502743790
b 0.089929620 0.508691756
b 0.085959191 0.514472443
b 0.081899969 0.520074439
b 0.077752750 0.525483156
b 0.073518449 0.530683733
b 0.069197973 0.535661308
b 0.064792221 0.540401021
b 0.060302079 0.544888010
b 0.055728425 0.549107414
b 0.051072125 0.553044371
b 0.046334037 0.556684020
b 0.041514706 0.560011030
b 0.036613939 0.563008922
b 0.031631416 0.565661046
b 0.026566808 0.567950751
b 0.021419770 0.569861388
b 0.016189946 0.571376306
b 0.010876967 0.572478854
b 0.005480450 0.573152381
b 0.000000000 0.573380237
b 0.000000000 0.000000000
b 0.003627918 0.000000000
b 0.007255836 0.000000000
b 0.010883753 0.000000000
b 0.014511671 0.000000000
b 0.018139589 0.000000000
b 0.021767507 0.000000000
b 0.025395425 0.000000000
b 0.029023343 0.000000000
b 0.032651260 0.000000000
b 0.036279178 0.000000000
b 0.039907096 0.000000000
b 0.043535014 0.000000000
b 0.047162932 0.000000000
b 0.050790850 0.000000000
b 0.054418767 0.000000000
b 0.058046685 0.000000000
b 0.061674603 0.000000000
b 0.065302521 0.000000000
b 0.068930439 0.000000000
b 0.072558357 0.000000000
b 0.076186274 0.000000000
b 0.079814192 0.000000000
b 0.083442110 0.000000000
b 0.087070028 0.000000000
b 0.090697946 0.000000000
b 0.094325863 0.000000000
b 0.097953781 0.000000000
b 0.101581699 0.000000000
b 0.105209617 0.000000000
b 0.108837535 0.000000000
b 0.112465453 0.000000000
b 0.116093370 0.000000000
b 0.119721288 0.000000000
b 0.123349206 0.000000000
b 0.126977124 0.000000000
b 0.130605042 0.000000000
b 0.134232960 0.000000000
b 0.137860877 0.000000000
b 0.141488795 0.000000000
b 0.145116713 0.000000000
b 0.148744631 0.000000000
b 0.152372549 0.000000000
b 0.156000467 0.000000000
b 0.159628384 0.000000000
b 0.163256302 0.000000000
b 0.166884220 0.000000000
b 0.170512138 0.000000000
b 0.174140056 0.000000000
b 0.177767973 0.000000000
b 0.181395891 0.000000000
b 0.185023809 0.000000000
b 0.188651727 0.000000000
b 0.192279645 0.000000000
b 0.195907563 0.000000000
b 0.199535480 0.000000000
b 0.203163398 0.000000000
b 0.206791316 0.000000000
b 0.210419234 0.000000000
b 0.214047152 0.000000000
b 0.217675070 0.000000000
b 0.221302987 0.000000000
b 0.224930905 0.000000000
interior
i 0.019046569 0.071672530
i 0.038093137 0.071672530
i 0.057139706 0.071672530
i 0.076186274 0.071672530
i 0.095232843 0.071672530
i 0.114279412 0.071672530
i 0.133325980 0.071672530
i 0.152372549 0.071672530
i 0.171419117 0.071672530
i 0.190465686 0.071672530
i 0.209512254 0.071672530
i 0.019046569 0.143345059
i 0.038093137 0.143345059
i 0.057139706 0.143345059
i 0.076186274 0.143345059
i 0.095232843 0.143345059
i 0.114279412 0.143345059
i 0.133325980 0.143345059
i 0.152372549 0.143345059
i 0.171419117 0.143345059
i 0.190465686 0.143345059
i 0.019046569 0.215017589
i 0.038093137 0.215017589
i 0.057139706 0.215017589
i 0.076186274 0.215017589
i 0.095232843 0.215017589
i 0.114279412 0.215017589
i 0.133325980 0.215017589
i 0.152372549 0.215017589
i 0.171419117 0.215017589
i 0.190465686 0.215017589
i 0.019046569 0.286690119
i 0.038093137 0.286690119
i 0.057139706 0.286690119
i 0.076186274 0.286690119
i 0.095232843 0.286690119
i 0.114279412 0.286690119
i 0.133325980 0.286690119
i 0.152372549 0.286690119
i 0.171419117 0.286690119
i 0.019046569 0.358362648
i 0.038093137 0.358362648
i 0.057139706 0.358362648
i 0.076186274 0.358362648
i 0.095232843 0.358362648
i 0.114279412 0.358362648
i 0.133325980 0.358362648
i 0.152372549 0.358362648
i 0.019046569 0.430035178
i 0.038093137 0.430035178
i 0.057139706 0.430035178
i 0.076186274 0.430035178
i 0.095232843 0.430035178
i 0.114279412 0.430035178
i 0.019046569 0.501707708
i 0.038093137 0.501707708
i 0.057139706 0.501707708
i 0.076186274 0.501707708
tris
t 111 112 110
t 112 109 110
t 112 113 109
t 113 108 109
t 113 114 108
t 114 115 108
t 115 107 108
t 115 116 107
t 116 106 107
t 116 117 106
t 117 118 106
t 118 105 106
t 118 119 105
t 119 104 105
t 119 120 104
t 120 121 104
t 121 103 104
t 121 122 103
t 122 102 103
t 122 123 102
t 123 101 102
t 123 124 101
t 124 125 101
t 125 100 101
t 125 126 100
t 126 99 100
t 126 127 99
t 127 98 99
t 127 128 98
t 128 97 98
t 128 129 97
t 129 130 97
t 130 96 97
t 130 131 96
t 131 95 96
t 131 132 95
t 132 94 95
t 132 133 94
t 133 93 94
t 133 134 93
t 134 92 93
t 134 135 92
t 135 91 92
t 135 136 91
t 136 90 91
t 136 137 90
t 137 89 90
t 137 138 89
t 138 88 89
t 138 139 88
t 139 87 88
t 139 140 87
t 140 86 87
t 140 141 86
t 141 85 86
t 141 142 85
t 142 84 85
t 142 143 84
t 143 83 84
t 143 144 83
t 144 82 83
t 144 145 82
t 145 81 82
t 145 146 81
t 146 80 81
t 146 147 80
t 147 79 80
t 147 78 79
t 147 148 78
t 148 77 78
t 148 149 77
t 149 76 77
t 149 150 76
t 150 75 76
t 150 151 75
t 151 74 75
t 151 73 74
t 151 152 73
t 152 72 73
t 152 153 72
t 153 71 72
t 153 70 71
t 153 154 70
t 154 69 70
t 154 155 69
t 155 68 69
t 155 67 68
t 155 156 67
t 156 66 67
t 156 157 66
t 157 65 66
t 157 64 65
t 157 158 64
t 158 63 64
t 158 62 63
t 158 159 62
t 159 61 62
t 159 60 61
t 159 160 60
t 160 59 60
t 160 58 59
t 160 161 58
t 161 57 58
t 161 56 57
t 161 162 56
t 162 55 56
t 162 54 55
t 162 53 54
t 162 163 53
t 163 52 53
t 163 51 52
t 163 50 51
t 163 49 50
t 163 164 49
t 164 48 49
t 164 47 48
t 164 46 47
t 164 165 46
t 165 45 46
t 165 44 45
t 165 43 44
t 165 42 43
t 165 166 42
t 166 41 42
t 166 40 41
t 166 39 40
t 166 38 39
t 166 37 38
t 166 167 37
t 167 36 37
t 167 35 36
t 167 34 35
t 167 33 34
t 167 168 33
t 168 32 33
t 168 31 32
t 168 30 31
t 168 29 30
t 168 28 29
t 168 169 28
t 169 27 28
t 169 26 27
t 169 25 26
t 169 24 25
t 169 23 24
t 169 170 23
t 170 22 23
t 170 21 22
t 170 20 21
t 170 19 20
t 170 18 19
t 170 171 18
t 171 17 18
t 171 16 17
t 171 15 16
t 171 14 15
t 171 13 14
t 171 172 13
t 172 12 13
t 172 11 12
t 172 10 11
t 172 9 10
t 172 8 9
t 172 7 8
t 172 173 7
t 173 6 7
t 173 5 6
t 173 4 5
t 173 3 4
t 173 2 3
t 173 1 2
t 173 0 1
