type=Nurbs forward=true n_boundary=141 n_holes=0 n_interior=39 n_tris=175 label=brep62542_f74_Nurbs(deg=3/3, cps=4x10)
boundary
b 0.729016749 0.983759945
b 0.728572061 0.967472166
b 0.727827963 0.951136111
b 0.726784294 0.934751223
b 0.725440885 0.918316950
b 0.723797567 0.901832740
b 0.721854159 0.885298042
b 0.719610476 0.868712309
b 0.717066320 0.852074998
b 0.714221483 0.835385568
b 0.711075743 0.818643485
b 0.707628857 0.801848218
b 0.703880568 0.784999244
b 0.699830592 0.768096042
b 0.695478601 0.751137806
b 0.690824268 0.734123216
b 0.685867373 0.717050898
b 0.680607814 0.699919475
b 0.675045454 0.682727481
b 0.669178470 0.665472444
b 0.663004164 0.648151235
b 0.656520195 0.630760701
b 0.649724594 0.613297680
b 0.642615780 0.595759005
b 0.635192558 0.578141502
b 0.627454124 0.560441999
b 0.619400033 0.542657324
b 0.611029708 0.524784322
b 0.602342583 0.506819839
b 0.593338481 0.488760724
b 0.584017629 0.470603827
b 0.574380664 0.452346003
b 0.564428636 0.433984114
b 0.554163021 0.415515032
b 0.543585722 0.396935644
b 0.532699078 0.378242853
b 0.521505876 0.359433596
b 0.510009517 0.340505810
b 0.498213366 0.321458871
b 0.486120097 0.302292161
b 0.473732361 0.283005059
b 0.461052838 0.263596952
b 0.448084247 0.244067230
b 0.434829349 0.224415296
b 0.421290950 0.204640559
b 0.407471908 0.184742440
b 0.393375138 0.164720369
b 0.379003465 0.144573776
b 0.364358670 0.124301976
b 0.349442105 0.103904231
b 0.334255168 0.083379795
b 0.318799313 0.062727915
b 0.303076058 0.041947832
b 0.287087001 0.021038783
b 0.270833821 -0.000000000
b 0.285627730 -0.000000000
b 0.300419813 -0.000000000
b 0.315210198 -0.000000000
b 0.329999009 -0.000000000
b 0.344786374 -0.000000000
b 0.359572417 -0.000000000
b 0.374357265 0.000000000
b 0.389141044 0.000000000
b 0.403923880 0.000000000
b 0.418705898 0.000000000
b 0.433487225 0.000000000
b 0.448267985 0.000000000
b 0.463048306 0.000000000
b 0.477828312 0.000000000
b 0.492608130 0.000000000
b 0.507387884 0.000000000
b 0.522167702 0.000000000
b 0.536947708 0.000000000
b 0.551728029 0.000000000
b 0.566508789 0.000000000
b 0.581290116 0.000000000
b 0.596072134 0.000000000
b 0.610854969 0.000000000
b 0.625638748 0.000000000
b 0.640423596 0.000000000
b 0.655209639 0.000000000
b 0.669997003 0.000000000
b 0.684785814 0.000000000
b 0.699576198 0.000000000
b 0.714368281 0.000000000
b 0.729162190 0.000000000
b 0.729168031 0.018546453
b 0.729183572 0.037048403
b 0.729205761 0.055508497
b 0.729231890 0.073929392
b 0.729259603 0.092313759
b 0.729286897 0.110664278
b 0.729312126 0.128983640
b 0.729334008 0.147274544
b 0.729351621 0.165539699
b 0.729364005 0.183781787
b 0.729369779 0.202003442
b 0.729367844 0.220207299
b 0.729357481 0.238396006
b 0.729338350 0.256572221
b 0.729310497 0.274738610
b 0.729274351 0.292897848
b 0.729230737 0.311052616
b 0.729180869 0.329205599
b 0.729126432 0.347359315
b 0.729070042 0.365514251
b 0.729013966 0.383669461
b 0.728960105 0.401823933
b 0.728910203 0.419976640
b 0.728865845 0.438126540
b 0.728828458 0.456272580
b 0.728799308 0.474413695
b 0.728779497 0.492548807
b 0.728769965 0.510676829
b 0.728771485 0.528796660
b 0.728784664 0.546907193
b 0.728809900 0.565007313
b 0.728846834 0.583095918
b 0.728894518 0.601171926
b 0.728951838 0.619234252
b 0.729017526 0.637281809
b 0.729090162 0.655313514
b 0.729168144 0.673328325
b 0.729248374 0.691327637
b 0.729326012 0.709316639
b 0.729396853 0.727300883
b 0.729457528 0.745285960
b 0.729505510 0.763277492
b 0.729539115 0.781281111
b 0.729557397 0.799302001
b 0.729560053 0.817344840
b 0.729547476 0.835414284
b 0.729520762 0.853514990
b 0.729481710 0.871651610
b 0.729432824 0.889828782
b 0.729377314 0.908051126
b 0.729319096 0.926323238
b 0.729262793 0.944649681
b 0.729213733 0.963034978
b 0.729177952 0.981483609
b 0.729162190 1.000000000
interior
i 0.385515379 0.125000000
i 0.442856158 0.125000000
i 0.500196937 0.125000000
i 0.557537716 0.125000000
i 0.614878495 0.125000000
i 0.672219274 0.125000000
i 0.500196937 0.250000000
i 0.557537716 0.250000000
i 0.614878495 0.250000000
i 0.672219274 0.250000000
i 0.557537716 0.375000000
i 0.614878495 0.375000000
i 0.672219274 0.375000000
i 0.614878495 0.500000000
i 0.672219274 0.500000000
i 0.672219274 0.625000000
i 0.356844989 0.062500000
i 0.414185768 0.062500000
i 0.414185768 0.187500000
i 0.471526547 0.062500000
i 0.471526547 0.187500000
i 0.528867326 0.062500000
i 0.528867326 0.187500000
i 0.528867326 0.312500000
i 0.586208105 0.062500000
i 0.586208105 0.187500000
i 0.586208105 0.312500000
i 0.586208105 0.437500000
i 0.643548884 0.062500000
i 0.643548884 0.187500000
i 0.643548884 0.312500000
i 0.643548884 0.437500000
i 0.643548884 0.562500000
i 0.700889664 0.062500000
i 0.700889664 0.187500000
i 0.700889664 0.312500000
i 0.700889664 0.437500000
i 0.700889664 0.562500000
i 0.700889664 0.687500000
tris
t 53 54 55
t 84 85 86
t 89 90 91
t 91 92 93
t 93 94 95
t 95 96 97
t 97 98 99
t 99 100 101
t 101 102 103
t 103 104 105
t 122 123 124
t 124 125 126
t 126 127 128
t 128 129 130
t 130 131 132
t 132 133 134
t 134 135 136
t 149 150 151
t 157 158 159
t 168 169 170
t 173 174 175
t 52 53 55
t 84 86 87
t 89 91 93
t 93 95 97
t 97 99 101
t 101 103 105
t 122 124 126
t 126 128 130
t 130 132 134
t 168 170 171
t 173 175 176
t 51 52 55
t 80 81 87
t 81 82 87
t 82 83 87
t 83 84 87
t 88 89 93
t 93 97 101
t 101 105 106
t 121 122 126
t 126 130 134
t 173 176 177
t 50 51 55
t 77 78 87
t 78 79 87
t 79 80 87
t 88 93 101
t 101 106 107
t 121 126 134
t 173 177 178
t 49 50 55
t 72 73 87
t 73 74 87
t 74 75 87
t 75 76 87
t 76 77 87
t 87 88 101
t 120 121 134
t 179 156 178
t 156 173 178
t 48 49 55
t 66 67 87
t 67 68 87
t 68 69 87
t 69 70 87
t 70 71 87
t 71 72 87
t 87 101 107
t 119 120 134
t 47 48 55
t 55 56 87
t 56 57 87
t 57 58 87
t 58 59 87
t 59 60 87
t 60 61 87
t 61 62 87
t 62 63 87
t 63 64 87
t 64 65 87
t 65 66 87
t 87 107 108
t 118 119 134
t 46 47 55
t 87 108 109
t 117 118 134
t 45 46 55
t 87 109 110
t 116 117 134
t 44 45 55
t 87 110 111
t 116 134 136
t 43 44 55
t 87 111 112
t 116 136 137
t 42 43 55
t 115 116 137
t 115 137 138
t 115 138 139
t 115 139 140
t 151 164 149
t 164 147 149
t 154 168 153
t 168 151 153
t 159 160 161
t 161 164 157
t 164 151 157
t 151 168 157
t 168 154 157
t 154 156 157
t 42 55 87
t 141 146 147
t 161 162 164
t 41 42 87
t 40 41 87
t 39 40 87
t 38 39 87
t 112 2 3
t 37 38 87
t 87 112 3
t 36 37 87
t 87 3 4
t 35 36 87
t 87 4 5
t 34 35 87
t 87 5 6
t 33 34 87
t 87 6 7
t 32 33 87
t 87 7 8
t 31 32 87
t 87 8 9
t 30 31 87
t 87 9 10
t 29 30 87
t 87 10 11
t 28 29 87
t 87 11 12
t 27 28 87
t 87 12 13
t 26 27 87
t 87 13 14
t 25 26 87
t 87 14 15
t 24 25 87
t 87 15 16
t 23 24 87
t 87 16 17
t 22 23 87
t 87 17 18
t 21 22 87
t 87 18 19
t 20 21 87
t 87 19 20
t 2 112 113
t 140 141 147
t 173 156 0
t 156 179 0
t 1 2 113
t 1 113 114
t 0 1 114
t 0 114 115
t 0 115 140
t 173 0 140
t 147 164 140
t 164 151 140
t 168 151 165
t 151 164 165
t 173 154 171
t 154 168 171
t 168 154 140
t 154 173 140
t 168 140 151
t 154 155 156
