type=Nurbs forward=true n_boundary=220 n_holes=0 n_interior=369 n_tris=534 label=brep47598_f191_Nurbs(deg=3/3, cps=4x5)
boundary
b 0.178339671 0.452206751
b 0.178557879 0.451974318
b 0.178776372 0.451741852
b 0.178995171 0.451509354
b 0.179214296 0.451276823
b 0.179433767 0.451044259
b 0.179653603 0.450811661
b 0.179873824 0.450579029
b 0.180094452 0.450346363
b 0.180315504 0.450113662
b 0.180537002 0.449880927
b 0.180758965 0.449648156
b 0.180981414 0.449415350
b 0.181204368 0.449182508
b 0.181427848 0.448949629
b 0.181651874 0.448716715
b 0.181876466 0.448483763
b 0.182101644 0.448250774
b 0.182327429 0.448017748
b 0.182553840 0.447784684
b 0.182780876 0.447551583
b 0.183008528 0.447318443
b 0.183236783 0.447085266
b 0.183465630 0.446852050
b 0.183695058 0.446618797
b 0.183925056 0.446385506
b 0.184155612 0.446152177
b 0.184386715 0.445918809
b 0.184618355 0.445685404
b 0.184850519 0.445451961
b 0.185083196 0.445218480
b 0.185316376 0.444984961
b 0.185550047 0.444751404
b 0.185784197 0.444517809
b 0.186018816 0.444284175
b 0.186253892 0.444050504
b 0.186489414 0.443816794
b 0.186725372 0.443583046
b 0.186961758 0.443349260
b 0.187198576 0.443115435
b 0.187435829 0.442881572
b 0.187673519 0.442647669
b 0.187911650 0.442413726
b 0.188150225 0.442179743
b 0.188389247 0.441945721
b 0.188628719 0.441711657
b 0.188868645 0.441477553
b 0.189109029 0.441243407
b 0.189349872 0.441009220
b 0.189591180 0.440774991
b 0.189832955 0.440540719
b 0.190075200 0.440306405
b 0.190317920 0.440072048
b 0.190561118 0.439837648
b 0.190804797 0.439603205
b 0.191048958 0.439368718
b 0.203145660 0.439356778
b 0.215167193 0.439346984
b 0.227117156 0.439339177
b 0.238998992 0.439333200
b 0.250815999 0.439328896
b 0.262571352 0.439326107
b 0.274268118 0.439324680
b 0.285909269 0.439324457
b 0.297497702 0.439325285
b 0.309036252 0.439327008
b 0.320527707 0.439329473
b 0.331974823 0.439332526
b 0.343380336 0.439336015
b 0.354746980 0.439339785
b 0.366077494 0.439343685
b 0.377374645 0.439347561
b 0.388641232 0.439351263
b 0.399880105 0.439354638
b 0.411094179 0.439357544
b 0.422286461 0.439359949
b 0.433459920 0.439361889
b 0.444617426 0.439363403
b 0.455761767 0.439364532
b 0.466895657 0.439365313
b 0.478021755 0.439365784
b 0.489142670 0.439365985
b 0.500260982 0.439365953
b 0.511379247 0.439365728
b 0.522500016 0.439365347
b 0.533625844 0.439364849
b 0.544759304 0.439364273
b 0.555902999 0.439363655
b 0.567059574 0.439363035
b 0.578231733 0.439362452
b 0.589422246 0.439361942
b 0.600633966 0.439361544
b 0.611869844 0.439361297
b 0.623132917 0.439361217
b 0.634426222 0.439361290
b 0.645752747 0.439361498
b 0.657115445 0.439361822
b 0.668517244 0.439362246
b 0.679961061 0.439362752
b 0.691449815 0.439363321
b 0.702986438 0.439363937
b 0.714573892 0.439364581
b 0.726215178 0.439365235
b 0.737913355 0.439365883
b 0.749671551 0.439366505
b 0.761492979 0.439367085
b 0.773380955 0.439367605
b 0.785338908 0.439368045
b 0.797370405 0.439368390
b 0.809479160 0.439368620
b 0.821669060 0.439368718
b 0.821669038 0.439604183
b 0.821668986 0.439839572
b 0.821668908 0.440074884
b 0.821668808 0.440310120
b 0.821668693 0.440545279
b 0.821668570 0.440780361
b 0.821668445 0.441015366
b 0.821668325 0.441250296
b 0.821668219 0.441485149
b 0.821668132 0.441719925
b 0.821668072 0.441954626
b 0.821668047 0.442189250
b 0.821668062 0.442423799
b 0.821668125 0.442658272
b 0.821668244 0.442892668
b 0.821668425 0.443126990
b 0.821668675 0.443361235
b 0.821669002 0.443595405
b 0.821669410 0.443829499
b 0.821669891 0.444063519
b 0.821670421 0.444297462
b 0.821670982 0.444531330
b 0.821671551 0.444765123
b 0.821672107 0.444998841
b 0.821672630 0.445232483
b 0.821673098 0.445466050
b 0.821673490 0.445699542
b 0.821673786 0.445932958
b 0.821673963 0.446166299
b 0.821674001 0.446399564
b 0.821673880 0.446632755
b 0.821673577 0.446865870
b 0.821673072 0.447098910
b 0.821672344 0.447331874
b 0.821671372 0.447564764
b 0.821670134 0.447797578
b 0.821668610 0.448030316
b 0.821666802 0.448262980
b 0.821664751 0.448495568
b 0.821662497 0.448728081
b 0.821660082 0.448960519
b 0.821657549 0.449192882
b 0.821654939 0.449425170
b 0.821652295 0.449657383
b 0.821649659 0.449889522
b 0.821647072 0.450121585
b 0.821644577 0.450353574
b 0.821642215 0.450585488
b 0.821640030 0.450817328
b 0.821638061 0.451049094
b 0.821636353 0.451280785
b 0.821634946 0.451512401
b 0.821633883 0.451743944
b 0.821633205 0.451975412
b 0.821632955 0.452206807
b 0.809213136 0.452206894
b 0.796877395 0.452207082
b 0.784621635 0.452207360
b 0.772441941 0.452207717
b 0.760334557 0.452208142
b 0.748295873 0.452208626
b 0.736322401 0.452209156
b 0.724410760 0.452209724
b 0.712557660 0.452210318
b 0.700759884 0.452210928
b 0.689014272 0.452211543
b 0.677317707 0.452212152
b 0.665667101 0.452212746
b 0.654059376 0.452213314
b 0.642491454 0.452213845
b 0.630960242 0.452214329
b 0.619462619 0.452214755
b 0.607995418 0.452215114
b 0.596555421 0.452215395
b 0.585139412 0.452215602
b 0.573744276 0.452215749
b 0.562367006 0.452215849
b 0.551004687 0.452215913
b 0.539654483 0.452215956
b 0.528313622 0.452215989
b 0.516979379 0.452216027
b 0.505649066 0.452216080
b 0.494320013 0.452216163
b 0.482989559 0.452216289
b 0.471655034 0.452216470
b 0.460313746 0.452216719
b 0.448962970 0.452217048
b 0.437599928 0.452217472
b 0.426221778 0.452218003
b 0.414825599 0.452218654
b 0.403408380 0.452219438
b 0.391966995 0.452220367
b 0.380498244 0.452221430
b 0.368998962 0.452222574
b 0.357466043 0.452223745
b 0.345896427 0.452224887
b 0.334287084 0.452225946
b 0.322635000 0.452226866
b 0.310937166 0.452227591
b 0.299190563 0.452228067
b 0.287392144 0.452228237
b 0.275538825 0.452228046
b 0.263627463 0.452227437
b 0.251654847 0.452226355
b 0.239617675 0.452224743
b 0.227512543 0.452222545
b 0.215335925 0.452219704
b 0.203084153 0.452216163
b 0.190753403 0.452211864
interior
i 0.258756463 0.440937429
i 0.339173254 0.440937429
i 0.419590045 0.440937429
i 0.500006836 0.440937429
i 0.580423628 0.440937429
i 0.660840419 0.440937429
i 0.741257210 0.440937429
i 0.258756463 0.442550402
i 0.339173254 0.442550402
i 0.419590045 0.442550402
i 0.500006836 0.442550402
i 0.580423628 0.442550402
i 0.660840419 0.442550402
i 0.741257210 0.442550402
i 0.258756463 0.444163374
i 0.339173254 0.444163374
i 0.419590045 0.444163374
i 0.500006836 0.444163374
i 0.580423628 0.444163374
i 0.660840419 0.444163374
i 0.741257210 0.444163374
i 0.258756463 0.445776347
i 0.339173254 0.445776347
i 0.419590045 0.445776347
i 0.500006836 0.445776347
i 0.580423628 0.445776347
i 0.660840419 0.445776347
i 0.741257210 0.445776347
i 0.258756463 0.447389319
i 0.339173254 0.447389319
i 0.419590045 0.447389319
i 0.500006836 0.447389319
i 0.580423628 0.447389319
i 0.660840419 0.447389319
i 0.741257210 0.447389319
i 0.258756463 0.449002292
i 0.339173254 0.449002292
i 0.419590045 0.449002292
i 0.500006836 0.449002292
i 0.580423628 0.449002292
i 0.660840419 0.449002292
i 0.741257210 0.449002292
i 0.258756463 0.450615264
i 0.339173254 0.450615264
i 0.419590045 0.450615264
i 0.500006836 0.450615264
i 0.580423628 0.450615264
i 0.660840419 0.450615264
i 0.741257210 0.450615264
i 0.218548067 0.440130943
i 0.198443869 0.439727700
i 0.238652265 0.439727700
i 0.198443869 0.440534186
i 0.238652265 0.440534186
i 0.218548067 0.441743916
i 0.198443869 0.441340673
i 0.238652265 0.441340673
i 0.198443869 0.442147159
i 0.238652265 0.442147159
i 0.218548067 0.443356888
i 0.198443869 0.442953645
i 0.238652265 0.442953645
i 0.198443869 0.443760131
i 0.238652265 0.443760131
i 0.218548067 0.444969861
i 0.198443869 0.444566618
i 0.238652265 0.444566618
i 0.198443869 0.445373104
i 0.238652265 0.445373104
i 0.218548067 0.446582833
i 0.198443869 0.446179590
i 0.238652265 0.446179590
i 0.198443869 0.446986076
i 0.238652265 0.446986076
i 0.218548067 0.448195806
i 0.198443869 0.447792563
i 0.238652265 0.447792563
i 0.198443869 0.448599049
i 0.238652265 0.448599049
i 0.218548067 0.449808778
i 0.198443869 0.449405535
i 0.238652265 0.449405535
i 0.198443869 0.450212021
i 0.238652265 0.450212021
i 0.218548067 0.451421751
i 0.198443869 0.451018507
i 0.238652265 0.451018507
i 0.198443869 0.451824994
i 0.238652265 0.451824994
i 0.298964858 0.440130943
i 0.278860660 0.439727700
i 0.319069056 0.439727700
i 0.278860660 0.440534186
i 0.319069056 0.440534186
i 0.298964858 0.441743916
i 0.278860660 0.441340673
i 0.319069056 0.441340673
i 0.278860660 0.442147159
i 0.319069056 0.442147159
i 0.298964858 0.443356888
i 0.278860660 0.442953645
i 0.319069056 0.442953645
i 0.278860660 0.443760131
i 0.319069056 0.443760131
i 0.298964858 0.444969861
i 0.278860660 0.444566618
i 0.319069056 0.444566618
i 0.278860660 0.445373104
i 0.319069056 0.445373104
i 0.298964858 0.446582833
i 0.278860660 0.446179590
i 0.319069056 0.446179590
i 0.278860660 0.446986076
i 0.319069056 0.446986076
i 0.298964858 0.448195806
i 0.278860660 0.447792563
i 0.319069056 0.447792563
i 0.278860660 0.448599049
i 0.319069056 0.448599049
i 0.298964858 0.449808778
i 0.278860660 0.449405535
i 0.319069056 0.449405535
i 0.278860660 0.450212021
i 0.319069056 0.450212021
i 0.298964858 0.451421751
i 0.278860660 0.451018507
i 0.319069056 0.451018507
i 0.278860660 0.451824994
i 0.319069056 0.451824994
i 0.379381649 0.440130943
i 0.359277452 0.439727700
i 0.399485847 0.439727700
i 0.359277452 0.440534186
i 0.399485847 0.440534186
i 0.379381649 0.441743916
i 0.359277452 0.441340673
i 0.399485847 0.441340673
i 0.359277452 0.442147159
i 0.399485847 0.442147159
i 0.379381649 0.443356888
i 0.359277452 0.442953645
i 0.399485847 0.442953645
i 0.359277452 0.443760131
i 0.399485847 0.443760131
i 0.379381649 0.444969861
i 0.359277452 0.444566618
i 0.399485847 0.444566618
i 0.359277452 0.445373104
i 0.399485847 0.445373104
i 0.379381649 0.446582833
i 0.359277452 0.446179590
i 0.399485847 0.446179590
i 0.359277452 0.446986076
i 0.399485847 0.446986076
i 0.379381649 0.448195806
i 0.359277452 0.447792563
i 0.399485847 0.447792563
i 0.359277452 0.448599049
i 0.399485847 0.448599049
i 0.379381649 0.449808778
i 0.359277452 0.449405535
i 0.399485847 0.449405535
i 0.359277452 0.450212021
i 0.399485847 0.450212021
i 0.379381649 0.451421751
i 0.359277452 0.451018507
i 0.399485847 0.451018507
i 0.359277452 0.451824994
i 0.399485847 0.451824994
i 0.459798441 0.440130943
i 0.439694243 0.439727700
i 0.479902639 0.439727700
i 0.439694243 0.440534186
i 0.479902639 0.440534186
i 0.459798441 0.441743916
i 0.439694243 0.441340673
i 0.479902639 0.441340673
i 0.439694243 0.442147159
i 0.479902639 0.442147159
i 0.459798441 0.443356888
i 0.439694243 0.442953645
i 0.479902639 0.442953645
i 0.439694243 0.443760131
i 0.479902639 0.443760131
i 0.459798441 0.444969861
i 0.439694243 0.444566618
i 0.479902639 0.444566618
i 0.439694243 0.445373104
i 0.479902639 0.445373104
i 0.459798441 0.446582833
i 0.439694243 0.446179590
i 0.479902639 0.446179590
i 0.439694243 0.446986076
i 0.479902639 0.446986076
i 0.459798441 0.448195806
i 0.439694243 0.447792563
i 0.479902639 0.447792563
i 0.439694243 0.448599049
i 0.479902639 0.448599049
i 0.459798441 0.449808778
i 0.439694243 0.449405535
i 0.479902639 0.449405535
i 0.439694243 0.450212021
i 0.479902639 0.450212021
i 0.459798441 0.451421751
i 0.439694243 0.451018507
i 0.479902639 0.451018507
i 0.439694243 0.451824994
i 0.479902639 0.451824994
i 0.540215232 0.440130943
i 0.520111034 0.439727700
i 0.560319430 0.439727700
i 0.520111034 0.440534186
i 0.560319430 0.440534186
i 0.540215232 0.441743916
i 0.520111034 0.441340673
i 0.560319430 0.441340673
i 0.520111034 0.442147159
i 0.560319430 0.442147159
i 0.540215232 0.443356888
i 0.520111034 0.442953645
i 0.560319430 0.442953645
i 0.520111034 0.443760131
i 0.560319430 0.443760131
i 0.540215232 0.444969861
i 0.520111034 0.444566618
i 0.560319430 0.444566618
i 0.520111034 0.445373104
i 0.560319430 0.445373104
i 0.540215232 0.446582833
i 0.520111034 0.446179590
i 0.560319430 0.446179590
i 0.520111034 0.446986076
i 0.560319430 0.446986076
i 0.540215232 0.448195806
i 0.520111034 0.447792563
i 0.560319430 0.447792563
i 0.520111034 0.448599049
i 0.560319430 0.448599049
i 0.540215232 0.449808778
i 0.520111034 0.449405535
i 0.560319430 0.449405535
i 0.520111034 0.450212021
i 0.560319430 0.450212021
i 0.540215232 0.451421751
i 0.520111034 0.451018507
i 0.560319430 0.451018507
i 0.520111034 0.451824994
i 0.560319430 0.451824994
i 0.620632023 0.440130943
i 0.600527825 0.439727700
i 0.640736221 0.439727700
i 0.600527825 0.440534186
i 0.640736221 0.440534186
i 0.620632023 0.441743916
i 0.600527825 0.441340673
i 0.640736221 0.441340673
i 0.600527825 0.442147159
i 0.640736221 0.442147159
i 0.620632023 0.443356888
i 0.600527825 0.442953645
i 0.640736221 0.442953645
i 0.600527825 0.443760131
i 0.640736221 0.443760131
i 0.620632023 0.444969861
i 0.600527825 0.444566618
i 0.640736221 0.444566618
i 0.600527825 0.445373104
i 0.640736221 0.445373104
i 0.620632023 0.446582833
i 0.600527825 0.446179590
i 0.640736221 0.446179590
i 0.600527825 0.446986076
i 0.640736221 0.446986076
i 0.620632023 0.448195806
i 0.600527825 0.447792563
i 0.640736221 0.447792563
i 0.600527825 0.448599049
i 0.640736221 0.448599049
i 0.620632023 0.449808778
i 0.600527825 0.449405535
i 0.640736221 0.449405535
i 0.600527825 0.450212021
i 0.640736221 0.450212021
i 0.620632023 0.451421751
i 0.600527825 0.451018507
i 0.640736221 0.451018507
i 0.600527825 0.451824994
i 0.640736221 0.451824994
i 0.701048815 0.440130943
i 0.680944617 0.439727700
i 0.721153012 0.439727700
i 0.680944617 0.440534186
i 0.721153012 0.440534186
i 0.701048815 0.441743916
i 0.680944617 0.441340673
i 0.721153012 0.441340673
i 0.680944617 0.442147159
i 0.721153012 0.442147159
i 0.701048815 0.443356888
i 0.680944617 0.442953645
i 0.721153012 0.442953645
i 0.680944617 0.443760131
i 0.721153012 0.443760131
i 0.701048815 0.444969861
i 0.680944617 0.444566618
i 0.721153012 0.444566618
i 0.680944617 0.445373104
i 0.721153012 0.445373104
i 0.701048815 0.446582833
i 0.680944617 0.446179590
i 0.721153012 0.446179590
i 0.680944617 0.446986076
i 0.721153012 0.446986076
i 0.701048815 0.448195806
i 0.680944617 0.447792563
i 0.721153012 0.447792563
i 0.680944617 0.448599049
i 0.721153012 0.448599049
i 0.701048815 0.449808778
i 0.680944617 0.449405535
i 0.721153012 0.449405535
i 0.680944617 0.450212021
i 0.721153012 0.450212021
i 0.701048815 0.451421751
i 0.680944617 0.451018507
i 0.721153012 0.451018507
i 0.680944617 0.451824994
i 0.721153012 0.451824994
i 0.781465606 0.440130943
i 0.761361408 0.439727700
i 0.801569804 0.439727700
i 0.761361408 0.440534186
i 0.801569804 0.440534186
i 0.781465606 0.441743916
i 0.761361408 0.441340673
i 0.801569804 0.441340673
i 0.761361408 0.442147159
i 0.801569804 0.442147159
i 0.781465606 0.443356888
i 0.761361408 0.442953645
i 0.801569804 0.442953645
i 0.761361408 0.443760131
i 0.801569804 0.443760131
i 0.781465606 0.444969861
i 0.761361408 0.444566618
i 0.801569804 0.444566618
i 0.761361408 0.445373104
i 0.801569804 0.445373104
i 0.781465606 0.446582833
i 0.761361408 0.446179590
i 0.801569804 0.446179590
i 0.761361408 0.446986076
i 0.801569804 0.446986076
i 0.781465606 0.448195806
i 0.761361408 0.447792563
i 0.801569804 0.447792563
i 0.761361408 0.448599049
i 0.801569804 0.448599049
i 0.781465606 0.449808778
i 0.761361408 0.449405535
i 0.801569804 0.449405535
i 0.761361408 0.450212021
i 0.801569804 0.450212021
i 0.781465606 0.451421751
i 0.761361408 0.451018507
i 0.801569804 0.451018507
i 0.761361408 0.451824994
i 0.801569804 0.451824994
tris
t 63 61 62
t 63 60 61
t 63 59 60
t 63 58 59
t 63 57 58
t 63 56 57
t 63 55 56
t 63 54 55
t 63 53 54
t 63 52 53
t 63 51 52
t 63 50 51
t 63 49 50
t 63 48 49
t 63 47 48
t 63 46 47
t 63 45 46
t 63 44 45
t 63 43 44
t 63 42 43
t 63 41 42
t 63 40 41
t 63 39 40
t 63 38 39
t 63 37 38
t 63 36 37
t 63 35 36
t 63 34 35
t 63 33 34
t 63 32 33
t 63 31 32
t 63 30 31
t 63 29 30
t 63 28 29
t 63 64 65
t 63 65 66
t 63 66 67
t 63 67 68
t 63 68 69
t 63 69 70
t 63 70 71
t 63 71 72
t 63 72 73
t 63 73 74
t 63 74 75
t 63 75 76
t 63 76 77
t 63 77 78
t 63 78 79
t 63 79 80
t 63 80 81
t 63 81 82
t 63 82 83
t 63 83 84
t 63 84 85
t 63 85 86
t 63 86 87
t 63 87 88
t 63 88 89
t 63 89 90
t 63 90 91
t 63 91 92
t 63 92 93
t 63 93 94
t 63 94 95
t 63 95 96
t 63 96 97
t 63 97 98
t 63 98 99
t 63 99 100
t 63 100 101
t 63 101 102
t 63 102 103
t 63 103 104
t 63 104 105
t 63 105 106
t 63 106 107
t 63 107 108
t 63 108 109
t 63 109 110
t 63 110 111
t 63 111 112
t 63 112 113
t 63 113 114
t 63 114 115
t 63 115 116
t 63 116 117
t 63 117 118
t 63 118 119
t 63 119 120
t 63 120 121
t 63 121 122
t 63 122 123
t 63 123 124
t 63 124 125
t 63 125 126
t 63 126 127
t 63 127 128
t 63 128 129
t 63 129 130
t 63 130 131
t 63 131 132
t 63 132 133
t 63 133 134
t 63 134 135
t 63 135 136
t 63 136 137
t 63 589 28
t 63 590 589
t 63 591 590
t 63 592 591
t 63 593 592
t 63 594 593
t 63 595 594
t 63 596 595
t 63 597 596
t 63 598 597
t 63 599 598
t 63 600 599
t 63 601 600
t 63 602 601
t 63 603 602
t 63 604 603
t 63 605 604
t 63 606 605
t 63 607 606
t 63 608 607
t 63 609 608
t 63 610 609
t 63 611 610
t 63 612 611
t 63 613 612
t 63 614 613
t 63 615 614
t 63 616 615
t 63 617 616
t 63 618 617
t 63 619 618
t 63 620 619
t 63 621 620
t 63 622 621
t 63 623 622
t 63 624 623
t 63 625 624
t 63 626 625
t 63 627 626
t 63 628 627
t 63 629 628
t 63 630 629
t 63 631 630
t 63 632 631
t 63 633 632
t 63 634 633
t 63 635 634
t 63 636 635
t 63 637 636
t 63 638 637
t 63 639 638
t 63 640 639
t 63 641 640
t 63 642 641
t 63 643 642
t 63 644 643
t 63 645 644
t 63 646 645
t 63 647 646
t 63 648 647
t 63 649 648
t 63 650 649
t 63 651 650
t 63 652 651
t 63 653 652
t 63 654 653
t 63 655 654
t 63 656 655
t 63 657 656
t 63 658 657
t 63 659 658
t 63 660 659
t 63 661 660
t 63 662 661
t 63 663 662
t 63 664 663
t 63 665 664
t 63 666 665
t 63 667 666
t 63 668 667
t 63 669 668
t 63 670 669
t 63 671 670
t 63 672 671
t 63 673 672
t 63 674 673
t 63 675 674
t 63 676 675
t 63 677 676
t 63 678 677
t 63 679 678
t 63 680 679
t 63 681 680
t 63 682 681
t 63 683 682
t 63 684 683
t 63 685 684
t 63 686 685
t 63 687 686
t 63 688 687
t 63 689 688
t 63 690 689
t 63 691 690
t 63 692 691
t 63 693 692
t 63 694 693
t 63 695 694
t 63 696 695
t 63 697 696
t 63 698 697
t 63 699 698
t 63 700 699
t 63 701 700
t 63 702 701
t 63 703 702
t 63 704 703
t 63 705 704
t 63 706 705
t 63 707 706
t 63 708 707
t 63 709 708
t 63 710 709
t 63 711 710
t 63 712 711
t 63 713 712
t 63 714 713
t 63 715 714
t 63 716 715
t 63 717 716
t 63 718 717
t 63 719 718
t 63 720 719
t 63 721 720
t 63 722 721
t 63 723 722
t 63 724 723
t 63 725 724
t 63 726 725
t 63 727 726
t 63 728 727
t 63 729 728
t 63 730 729
t 63 731 730
t 63 732 731
t 63 733 732
t 63 734 733
t 63 735 734
t 63 736 735
t 63 737 736
t 63 738 737
t 63 739 738
t 63 740 739
t 63 741 740
t 63 742 741
t 63 743 742
t 63 744 743
t 63 745 744
t 63 746 745
t 63 137 746
t 28 26 27
t 28 25 26
t 28 24 25
t 28 23 24
t 28 22 23
t 28 21 22
t 28 20 21
t 28 19 20
t 28 18 19
t 28 17 18
t 28 16 17
t 28 15 16
t 28 14 15
t 28 13 14
t 28 12 13
t 28 11 12
t 28 10 11
t 28 9 10
t 28 8 9
t 28 7 8
t 28 6 7
t 28 5 6
t 28 4 5
t 28 3 4
t 28 2 3
t 28 1 2
t 28 0 1
t 28 219 0
t 28 218 219
t 28 217 218
t 28 216 217
t 28 215 216
t 28 214 215
t 28 213 214
t 28 212 213
t 28 211 212
t 137 138 139
t 137 139 140
t 137 140 141
t 137 141 142
t 137 142 143
t 137 143 144
t 137 144 145
t 137 145 146
t 137 146 147
t 137 147 148
t 137 148 149
t 137 149 150
t 137 150 151
t 137 151 152
t 137 152 153
t 137 153 154
t 137 154 155
t 137 155 156
t 137 156 157
t 137 157 158
t 137 158 159
t 137 159 160
t 137 160 161
t 137 161 162
t 137 162 163
t 137 163 164
t 137 164 165
t 137 165 166
t 137 166 167
t 137 167 168
t 137 168 169
t 137 169 170
t 137 170 171
t 137 171 172
t 137 172 173
t 137 173 174
t 137 174 175
t 137 175 176
t 137 176 177
t 137 177 178
t 137 178 179
t 137 179 180
t 137 180 181
t 137 181 182
t 137 182 183
t 137 183 184
t 137 184 185
t 137 185 186
t 137 186 187
t 137 187 188
t 137 188 189
t 137 189 190
t 137 190 191
t 137 191 192
t 137 192 193
t 137 193 194
t 137 194 195
t 137 195 196
t 137 196 197
t 137 197 198
t 137 198 199
t 137 199 200
t 137 200 201
t 137 201 202
t 137 202 203
t 137 203 204
t 137 204 205
t 137 205 206
t 137 206 207
t 137 207 208
t 137 208 209
t 137 209 210
t 137 210 211
t 28 589 211
t 589 590 211
t 590 591 211
t 591 592 211
t 592 593 211
t 593 594 211
t 594 595 211
t 595 596 211
t 596 597 211
t 597 598 211
t 598 599 211
t 599 600 211
t 600 601 211
t 601 602 211
t 602 603 211
t 603 604 211
t 604 605 211
t 605 606 211
t 606 607 211
t 607 608 211
t 608 609 211
t 609 610 211
t 610 611 211
t 611 612 211
t 612 613 211
t 613 614 211
t 614 615 211
t 615 616 211
t 616 617 211
t 617 618 211
t 618 619 211
t 619 620 211
t 620 621 211
t 621 622 211
t 622 623 211
t 623 624 211
t 624 625 211
t 625 626 211
t 626 627 211
t 627 628 211
t 628 629 211
t 629 630 211
t 630 631 211
t 631 632 211
t 632 633 211
t 633 634 211
t 634 635 211
t 635 636 211
t 636 637 211
t 637 638 211
t 638 639 211
t 639 640 211
t 640 641 211
t 641 642 211
t 642 643 211
t 643 644 211
t 644 645 211
t 645 646 211
t 646 647 211
t 647 648 211
t 648 649 211
t 649 650 211
t 650 651 211
t 651 652 211
t 652 653 211
t 653 654 211
t 654 655 211
t 655 656 211
t 656 657 211
t 657 658 211
t 658 659 211
t 659 660 211
t 660 661 211
t 661 662 211
t 662 663 211
t 663 664 211
t 664 665 211
t 665 666 211
t 666 667 211
t 667 668 211
t 668 669 211
t 669 670 211
t 670 671 211
t 671 672 211
t 672 673 211
t 673 674 211
t 674 675 211
t 675 676 211
t 676 677 211
t 677 678 211
t 678 679 211
t 679 680 211
t 680 681 211
t 681 682 211
t 682 683 211
t 683 684 211
t 684 685 211
t 685 686 211
t 686 687 211
t 687 688 211
t 688 689 211
t 689 690 211
t 690 691 211
t 691 692 211
t 692 693 211
t 693 694 211
t 694 695 211
t 695 696 211
t 696 697 211
t 697 698 211
t 698 699 211
t 699 700 211
t 700 701 211
t 701 702 211
t 702 703 211
t 703 704 211
t 704 705 211
t 705 706 211
t 706 707 211
t 707 708 211
t 708 709 211
t 709 710 211
t 710 711 211
t 711 712 211
t 712 713 211
t 713 714 211
t 714 715 211
t 715 716 211
t 716 717 211
t 717 718 211
t 718 719 211
t 719 720 211
t 720 721 211
t 721 722 211
t 722 723 211
t 723 724 211
t 724 725 211
t 725 726 211
t 726 727 211
t 727 728 211
t 728 729 211
t 729 730 211
t 730 731 211
t 731 732 211
t 732 733 211
t 733 734 211
t 734 735 211
t 735 736 211
t 736 737 211
t 737 738 211
t 738 739 211
t 739 740 211
t 740 741 211
t 741 742 211
t 742 743 211
t 743 744 211
t 744 745 211
t 745 746 211
t 746 137 211
