type=Nurbs forward=true n_boundary=172 n_holes=0 n_interior=368 n_tris=496 label=brep47598_f44_Nurbs(deg=3/3, cps=4x11)
boundary
b 0.213312747 0.734339567
b 0.213380868 0.722844232
b 0.213549380 0.711519717
b 0.213767502 0.700360479
b 0.213999334 0.689361296
b 0.214223435 0.678517294
b 0.214431409 0.667823971
b 0.214626548 0.657277218
b 0.214822566 0.646873334
b 0.215042352 0.636609034
b 0.215309961 0.626481656
b 0.215626659 0.616490266
b 0.215987086 0.606634797
b 0.216388023 0.596915469
b 0.216827736 0.587332795
b 0.217305330 0.577887572
b 0.217820146 0.568580879
b 0.218371154 0.559414070
b 0.218953610 0.550388746
b 0.219556372 0.541506408
b 0.220157878 0.532765197
b 0.220736692 0.524161132
b 0.221279985 0.515690387
b 0.221782999 0.507349337
b 0.222248402 0.499134571
b 0.222685626 0.491042892
b 0.223107861 0.483071314
b 0.223530922 0.475217047
b 0.223975128 0.467477506
b 0.224441791 0.459849998
b 0.224913439 0.452331652
b 0.225377119 0.444919692
b 0.225825106 0.437611454
b 0.226254484 0.430404394
b 0.226664684 0.423296084
b 0.227056982 0.416284210
b 0.227436854 0.409366576
b 0.227813640 0.402541112
b 0.228189337 0.395805638
b 0.228552695 0.389157707
b 0.228895129 0.382594910
b 0.229211904 0.376114914
b 0.229500028 0.369715460
b 0.229758241 0.363394368
b 0.229988807 0.357149532
b 0.230197387 0.350978928
b 0.230392836 0.344880617
b 0.230582034 0.338852977
b 0.230762038 0.332895031
b 0.230929672 0.327005943
b 0.231081543 0.321184932
b 0.231214419 0.315431273
b 0.231326590 0.309744289
b 0.231417804 0.304123354
b 0.231489168 0.298567892
b 0.231543059 0.293077378
b 0.249891755 0.293077383
b 0.268143904 0.293077382
b 0.286307007 0.293077382
b 0.304388425 0.293077382
b 0.322395391 0.293077382
b 0.340335025 0.293077382
b 0.358214342 0.293077382
b 0.376040268 0.293077382
b 0.393819644 0.293077382
b 0.411559245 0.293077382
b 0.429265784 0.293077382
b 0.446945924 0.293077382
b 0.464606289 0.293077382
b 0.482253475 0.293077382
b 0.499894057 0.293077382
b 0.517534599 0.293077382
b 0.535181667 0.293077382
b 0.552841835 0.293077382
b 0.570521699 0.293077382
b 0.588227881 0.293077382
b 0.605967046 0.293077382
b 0.623745906 0.293077382
b 0.641571232 0.293077382
b 0.659449869 0.293077382
b 0.677388737 0.293077382
b 0.695394854 0.293077382
b 0.713475336 0.293077382
b 0.731637417 0.293077382
b 0.749888454 0.293077382
b 0.768235946 0.293077382
b 0.786687542 0.293077385
b 0.786685288 0.298632149
b 0.786679729 0.304255259
b 0.786672694 0.309946402
b 0.786665886 0.315705319
b 0.786660918 0.321531799
b 0.786659350 0.327425686
b 0.786662683 0.333386872
b 0.786671272 0.339415302
b 0.786684256 0.345510979
b 0.786700278 0.351674137
b 0.786715773 0.357906249
b 0.786727303 0.364209349
b 0.786732837 0.370585554
b 0.786731849 0.377037065
b 0.786725305 0.383566156
b 0.786714487 0.390175168
b 0.786701378 0.396866511
b 0.786689619 0.403642668
b 0.786684015 0.410506154
b 0.786684060 0.417459128
b 0.786686103 0.424503586
b 0.786687799 0.431641650
b 0.786688176 0.438875562
b 0.786686641 0.446207666
b 0.786683556 0.453640417
b 0.786680961 0.461176390
b 0.786682709 0.468818283
b 0.786694247 0.476568885
b 0.786714951 0.484430733
b 0.786737812 0.492406176
b 0.786757045 0.500497750
b 0.786768120 0.508708156
b 0.786768166 0.517040289
b 0.786756397 0.525497252
b 0.786734333 0.534082350
b 0.786706013 0.542799084
b 0.786678171 0.551651110
b 0.786656550 0.560640393
b 0.786641803 0.569766214
b 0.786634012 0.579027807
b 0.786632836 0.588424656
b 0.786637371 0.597956532
b 0.786646406 0.607623494
b 0.786658698 0.617425893
b 0.786673254 0.627364372
b 0.786689626 0.637439861
b 0.786706491 0.647653062
b 0.786720999 0.658003689
b 0.786731076 0.668491604
b 0.786735073 0.679117025
b 0.786732147 0.689880533
b 0.786722673 0.700783068
b 0.786708683 0.711825928
b 0.786694306 0.723010761
b 0.786686826 0.734339559
b 0.767648956 0.734339569
b 0.748721668 0.734339569
b 0.729896568 0.734339569
b 0.711165431 0.734339569
b 0.692520187 0.734339569
b 0.673952909 0.734339569
b 0.655455797 0.734339569
b 0.637021167 0.734339569
b 0.618641432 0.734339569
b 0.600309099 0.734339569
b 0.582016746 0.734339569
b 0.563757019 0.734339569
b 0.545522614 0.734339569
b 0.527306267 0.734339569
b 0.509100743 0.734339569
b 0.490898825 0.734339569
b 0.472693302 0.734339568
b 0.454476954 0.734339568
b 0.436242549 0.734339568
b 0.417982822 0.734339568
b 0.399690470 0.734339568
b 0.381358137 0.734339568
b 0.362978403 0.734339568
b 0.344543772 0.734339568
b 0.326046661 0.734339568
b 0.307479383 0.734339568
b 0.288834140 0.734339568
b 0.270103003 0.734339568
b 0.251277904 0.734339567
b 0.232350617 0.734339567
interior
i 0.284994674 0.348235152
i 0.356676601 0.348235152
i 0.428358529 0.348235152
i 0.500040456 0.348235152
i 0.571722384 0.348235152
i 0.643404311 0.348235152
i 0.715086238 0.348235152
i 0.284994674 0.403392926
i 0.356676601 0.403392926
i 0.428358529 0.403392926
i 0.500040456 0.403392926
i 0.571722384 0.403392926
i 0.643404311 0.403392926
i 0.715086238 0.403392926
i 0.284994674 0.458550700
i 0.356676601 0.458550700
i 0.428358529 0.458550700
i 0.500040456 0.458550700
i 0.571722384 0.458550700
i 0.643404311 0.458550700
i 0.715086238 0.458550700
i 0.284994674 0.513708474
i 0.356676601 0.513708474
i 0.428358529 0.513708474
i 0.500040456 0.513708474
i 0.571722384 0.513708474
i 0.643404311 0.513708474
i 0.715086238 0.513708474
i 0.284994674 0.568866247
i 0.356676601 0.568866247
i 0.428358529 0.568866247
i 0.500040456 0.568866247
i 0.571722384 0.568866247
i 0.643404311 0.568866247
i 0.715086238 0.568866247
i 0.284994674 0.624024021
i 0.356676601 0.624024021
i 0.428358529 0.624024021
i 0.500040456 0.624024021
i 0.571722384 0.624024021
i 0.643404311 0.624024021
i 0.715086238 0.624024021
i 0.284994674 0.679181795
i 0.356676601 0.679181795
i 0.428358529 0.679181795
i 0.500040456 0.679181795
i 0.571722384 0.679181795
i 0.643404311 0.679181795
i 0.715086238 0.679181795
i 0.249153710 0.320656265
i 0.267074192 0.306866822
i 0.231233229 0.334445709
i 0.267074192 0.334445709
i 0.249153710 0.375814039
i 0.231233229 0.362024595
i 0.267074192 0.362024595
i 0.231233229 0.389603482
i 0.267074192 0.389603482
i 0.249153710 0.430971813
i 0.231233229 0.417182369
i 0.267074192 0.417182369
i 0.231233229 0.444761256
i 0.267074192 0.444761256
i 0.249153710 0.486129587
i 0.231233229 0.472340143
i 0.267074192 0.472340143
i 0.231233229 0.499919030
i 0.267074192 0.499919030
i 0.249153710 0.541287360
i 0.231233229 0.527497917
i 0.267074192 0.527497917
i 0.231233229 0.555076804
i 0.267074192 0.555076804
i 0.249153710 0.596445134
i 0.231233229 0.582655691
i 0.267074192 0.582655691
i 0.231233229 0.610234578
i 0.267074192 0.610234578
i 0.249153710 0.651602908
i 0.231233229 0.637813465
i 0.267074192 0.637813465
i 0.231233229 0.665392352
i 0.267074192 0.665392352
i 0.249153710 0.706760682
i 0.231233229 0.692971239
i 0.267074192 0.692971239
i 0.231233229 0.720550125
i 0.267074192 0.720550125
i 0.320835638 0.320656265
i 0.302915156 0.306866822
i 0.338756120 0.306866822
i 0.302915156 0.334445709
i 0.338756120 0.334445709
i 0.320835638 0.375814039
i 0.302915156 0.362024595
i 0.338756120 0.362024595
i 0.302915156 0.389603482
i 0.338756120 0.389603482
i 0.320835638 0.430971813
i 0.302915156 0.417182369
i 0.338756120 0.417182369
i 0.302915156 0.444761256
i 0.338756120 0.444761256
i 0.320835638 0.486129587
i 0.302915156 0.472340143
i 0.338756120 0.472340143
i 0.302915156 0.499919030
i 0.338756120 0.499919030
i 0.320835638 0.541287360
i 0.302915156 0.527497917
i 0.338756120 0.527497917
i 0.302915156 0.555076804
i 0.338756120 0.555076804
i 0.320835638 0.596445134
i 0.302915156 0.582655691
i 0.338756120 0.582655691
i 0.302915156 0.610234578
i 0.338756120 0.610234578
i 0.320835638 0.651602908
i 0.302915156 0.637813465
i 0.338756120 0.637813465
i 0.302915156 0.665392352
i 0.338756120 0.665392352
i 0.320835638 0.706760682
i 0.302915156 0.692971239
i 0.338756120 0.692971239
i 0.302915156 0.720550125
i 0.338756120 0.720550125
i 0.392517565 0.320656265
i 0.374597083 0.306866822
i 0.410438047 0.306866822
i 0.374597083 0.334445709
i 0.410438047 0.334445709
i 0.392517565 0.375814039
i 0.374597083 0.362024595
i 0.410438047 0.362024595
i 0.374597083 0.389603482
i 0.410438047 0.389603482
i 0.392517565 0.430971813
i 0.374597083 0.417182369
i 0.410438047 0.417182369
i 0.374597083 0.444761256
i 0.410438047 0.444761256
i 0.392517565 0.486129587
i 0.374597083 0.472340143
i 0.410438047 0.472340143
i 0.374597083 0.499919030
i 0.410438047 0.499919030
i 0.392517565 0.541287360
i 0.374597083 0.527497917
i 0.410438047 0.527497917
i 0.374597083 0.555076804
i 0.410438047 0.555076804
i 0.392517565 0.596445134
i 0.374597083 0.582655691
i 0.410438047 0.582655691
i 0.374597083 0.610234578
i 0.410438047 0.610234578
i 0.392517565 0.651602908
i 0.374597083 0.637813465
i 0.410438047 0.637813465
i 0.374597083 0.665392352
i 0.410438047 0.665392352
i 0.392517565 0.706760682
i 0.374597083 0.692971239
i 0.410438047 0.692971239
i 0.374597083 0.720550125
i 0.410438047 0.720550125
i 0.464199492 0.320656265
i 0.446279011 0.306866822
i 0.482119974 0.306866822
i 0.446279011 0.334445709
i 0.482119974 0.334445709
i 0.464199492 0.375814039
i 0.446279011 0.362024595
i 0.482119974 0.362024595
i 0.446279011 0.389603482
i 0.482119974 0.389603482
i 0.464199492 0.430971813
i 0.446279011 0.417182369
i 0.482119974 0.417182369
i 0.446279011 0.444761256
i 0.482119974 0.444761256
i 0.464199492 0.486129587
i 0.446279011 0.472340143
i 0.482119974 0.472340143
i 0.446279011 0.499919030
i 0.482119974 0.499919030
i 0.464199492 0.541287360
i 0.446279011 0.527497917
i 0.482119974 0.527497917
i 0.446279011 0.555076804
i 0.482119974 0.555076804
i 0.464199492 0.596445134
i 0.446279011 0.582655691
i 0.482119974 0.582655691
i 0.446279011 0.610234578
i 0.482119974 0.610234578
i 0.464199492 0.651602908
i 0.446279011 0.637813465
i 0.482119974 0.637813465
i 0.446279011 0.665392352
i 0.482119974 0.665392352
i 0.464199492 0.706760682
i 0.446279011 0.692971239
i 0.482119974 0.692971239
i 0.446279011 0.720550125
i 0.482119974 0.720550125
i 0.535881420 0.320656265
i 0.517960938 0.306866822
i 0.553801902 0.306866822
i 0.517960938 0.334445709
i 0.553801902 0.334445709
i 0.535881420 0.375814039
i 0.517960938 0.362024595
i 0.553801902 0.362024595
i 0.517960938 0.389603482
i 0.553801902 0.389603482
i 0.535881420 0.430971813
i 0.517960938 0.417182369
i 0.553801902 0.417182369
i 0.517960938 0.444761256
i 0.553801902 0.444761256
i 0.535881420 0.486129587
i 0.517960938 0.472340143
i 0.553801902 0.472340143
i 0.517960938 0.499919030
i 0.553801902 0.499919030
i 0.535881420 0.541287360
i 0.517960938 0.527497917
i 0.553801902 0.527497917
i 0.517960938 0.555076804
i 0.553801902 0.555076804
i 0.535881420 0.596445134
i 0.517960938 0.582655691
i 0.553801902 0.582655691
i 0.517960938 0.610234578
i 0.553801902 0.610234578
i 0.535881420 0.651602908
i 0.517960938 0.637813465
i 0.553801902 0.637813465
i 0.517960938 0.665392352
i 0.553801902 0.665392352
i 0.535881420 0.706760682
i 0.517960938 0.692971239
i 0.553801902 0.692971239
i 0.517960938 0.720550125
i 0.553801902 0.720550125
i 0.607563347 0.320656265
i 0.589642865 0.306866822
i 0.625483829 0.306866822
i 0.589642865 0.334445709
i 0.625483829 0.334445709
i 0.607563347 0.375814039
i 0.589642865 0.362024595
i 0.625483829 0.362024595
i 0.589642865 0.389603482
i 0.625483829 0.389603482
i 0.607563347 0.430971813
i 0.589642865 0.417182369
i 0.625483829 0.417182369
i 0.589642865 0.444761256
i 0.625483829 0.444761256
i 0.607563347 0.486129587
i 0.589642865 0.472340143
i 0.625483829 0.472340143
i 0.589642865 0.499919030
i 0.625483829 0.499919030
i 0.607563347 0.541287360
i 0.589642865 0.527497917
i 0.625483829 0.527497917
i 0.589642865 0.555076804
i 0.625483829 0.555076804
i 0.607563347 0.596445134
i 0.589642865 0.582655691
i 0.625483829 0.582655691
i 0.589642865 0.610234578
i 0.625483829 0.610234578
i 0.607563347 0.651602908
i 0.589642865 0.637813465
i 0.625483829 0.637813465
i 0.589642865 0.665392352
i 0.625483829 0.665392352
i 0.607563347 0.706760682
i 0.589642865 0.692971239
i 0.625483829 0.692971239
i 0.589642865 0.720550125
i 0.625483829 0.720550125
i 0.679245275 0.320656265
i 0.661324793 0.306866822
i 0.697165756 0.306866822
i 0.661324793 0.334445709
i 0.697165756 0.334445709
i 0.679245275 0.375814039
i 0.661324793 0.362024595
i 0.697165756 0.362024595
i 0.661324793 0.389603482
i 0.697165756 0.389603482
i 0.679245275 0.430971813
i 0.661324793 0.417182369
i 0.697165756 0.417182369
i 0.661324793 0.444761256
i 0.697165756 0.444761256
i 0.679245275 0.486129587
i 0.661324793 0.472340143
i 0.697165756 0.472340143
i 0.661324793 0.499919030
i 0.697165756 0.499919030
i 0.679245275 0.541287360
i 0.661324793 0.527497917
i 0.697165756 0.527497917
i 0.661324793 0.555076804
i 0.697165756 0.555076804
i 0.679245275 0.596445134
i 0.661324793 0.582655691
i 0.697165756 0.582655691
i 0.661324793 0.610234578
i 0.697165756 0.610234578
i 0.679245275 0.651602908
i 0.661324793 0.637813465
i 0.697165756 0.637813465
i 0.661324793 0.665392352
i 0.697165756 0.665392352
i 0.679245275 0.706760682
i 0.661324793 0.692971239
i 0.697165756 0.692971239
i 0.661324793 0.720550125
i 0.697165756 0.720550125
i 0.750927202 0.320656265
i 0.733006720 0.306866822
i 0.768847684 0.306866822
i 0.733006720 0.334445709
i 0.768847684 0.334445709
i 0.750927202 0.375814039
i 0.733006720 0.362024595
i 0.768847684 0.362024595
i 0.733006720 0.389603482
i 0.768847684 0.389603482
i 0.750927202 0.430971813
i 0.733006720 0.417182369
i 0.768847684 0.417182369
i 0.733006720 0.444761256
i 0.768847684 0.444761256
i 0.750927202 0.486129587
i 0.733006720 0.472340143
i 0.768847684 0.472340143
i 0.733006720 0.499919030
i 0.768847684 0.499919030
i 0.750927202 0.541287360
i 0.733006720 0.527497917
i 0.768847684 0.527497917
i 0.733006720 0.555076804
i 0.768847684 0.555076804
i 0.750927202 0.596445134
i 0.733006720 0.582655691
i 0.768847684 0.582655691
i 0.733006720 0.610234578
i 0.768847684 0.610234578
i 0.750927202 0.651602908
i 0.733006720 0.637813465
i 0.768847684 0.637813465
i 0.733006720 0.665392352
i 0.768847684 0.665392352
i 0.750927202 0.706760682
i 0.733006720 0.692971239
i 0.768847684 0.692971239
i 0.733006720 0.720550125
i 0.768847684 0.720550125
tris
t 55 56 540
t 56 57 540
t 57 58 540
t 58 59 540
t 59 60 540
t 60 61 540
t 61 548 540
t 61 62 548
t 62 549 548
t 62 550 549
t 62 63 550
t 63 551 550
t 63 552 551
t 63 64 552
t 64 553 552
t 64 554 553
t 64 65 554
t 65 555 554
t 65 556 555
t 65 66 556
t 66 557 556
t 66 558 557
t 66 67 558
t 67 559 558
t 67 560 559
t 67 68 560
t 68 561 560
t 68 562 561
t 68 69 562
t 69 563 562
t 69 564 563
t 69 70 564
t 70 565 564
t 70 566 565
t 70 71 566
t 71 567 566
t 71 568 567
t 71 72 568
t 72 569 568
t 72 570 569
t 72 73 570
t 73 571 570
t 73 572 571
t 73 74 572
t 74 573 572
t 74 574 573
t 74 75 574
t 75 575 574
t 75 576 575
t 75 76 576
t 76 577 576
t 76 578 577
t 76 77 578
t 77 579 578
t 77 580 579
t 77 78 580
t 78 581 580
t 78 582 581
t 78 79 582
t 79 583 582
t 79 584 583
t 79 541 584
t 79 80 541
t 80 81 541
t 81 82 541
t 82 83 541
t 83 84 541
t 84 85 541
t 85 86 541
t 55 540 54
t 54 540 53
t 53 540 52
t 52 540 51
t 51 540 50
t 50 540 49
t 49 540 48
t 48 540 47
t 47 540 46
t 46 540 45
t 45 540 44
t 44 540 43
t 43 540 42
t 42 540 41
t 41 540 40
t 40 540 39
t 39 540 38
t 38 540 37
t 37 540 542
t 86 87 541
t 87 88 541
t 88 89 541
t 89 90 541
t 90 91 541
t 91 92 541
t 92 93 541
t 93 94 541
t 94 95 541
t 95 96 541
t 96 97 541
t 97 98 541
t 98 99 541
t 99 100 541
t 100 101 541
t 101 102 541
t 102 103 541
t 103 543 541
t 540 585 542
t 540 548 585
t 548 586 585
t 548 549 586
t 549 587 586
t 549 550 587
t 550 588 587
t 550 551 588
t 551 589 588
t 551 552 589
t 552 590 589
t 552 553 590
t 553 591 590
t 553 554 591
t 554 592 591
t 554 555 592
t 555 593 592
t 555 556 593
t 556 594 593
t 556 557 594
t 557 595 594
t 557 558 595
t 558 596 595
t 558 559 596
t 559 597 596
t 559 560 597
t 560 598 597
t 560 561 598
t 561 599 598
t 561 562 599
t 562 600 599
t 562 563 600
t 563 601 600
t 563 564 601
t 564 602 601
t 564 565 602
t 565 603 602
t 565 566 603
t 566 604 603
t 566 567 604
t 567 605 604
t 567 568 605
t 568 606 605
t 568 569 606
t 569 607 606
t 569 570 607
t 570 608 607
t 570 571 608
t 571 609 608
t 571 572 609
t 572 610 609
t 572 573 610
t 573 611 610
t 573 574 611
t 574 612 611
t 574 575 612
t 575 613 612
t 575 576 613
t 576 614 613
t 576 577 614
t 577 615 614
t 577 578 615
t 578 616 615
t 578 579 616
t 579 617 616
t 579 580 617
t 580 618 617
t 580 581 618
t 581 619 618
t 581 582 619
t 582 620 619
t 582 583 620
t 583 621 620
t 583 584 621
t 584 622 621
t 584 541 622
t 541 623 622
t 541 543 623
t 37 542 36
t 36 542 35
t 35 542 34
t 34 542 33
t 33 542 32
t 32 542 31
t 31 542 30
t 30 542 29
t 29 542 28
t 28 542 27
t 27 542 26
t 26 542 25
t 25 542 24
t 24 542 23
t 23 542 544
t 103 104 543
t 104 105 543
t 105 106 543
t 106 107 543
t 107 108 543
t 108 109 543
t 109 110 543
t 110 111 543
t 111 112 543
t 112 113 543
t 113 114 543
t 114 115 543
t 115 116 543
t 116 117 543
t 117 118 543
t 118 545 543
t 542 585 544
t 585 624 544
t 585 586 624
t 586 625 624
t 586 587 625
t 587 626 625
t 587 588 626
t 588 627 626
t 588 589 627
t 589 628 627
t 589 590 628
t 590 629 628
t 590 591 629
t 591 630 629
t 591 592 630
t 592 631 630
t 592 593 631
t 593 632 631
t 593 594 632
t 594 633 632
t 594 595 633
t 595 634 633
t 595 596 634
t 596 635 634
t 596 597 635
t 597 636 635
t 597 598 636
t 598 637 636
t 598 599 637
t 599 638 637
t 599 600 638
t 600 639 638
t 600 601 639
t 601 640 639
t 601 602 640
t 602 641 640
t 602 603 641
t 603 642 641
t 603 604 642
t 604 643 642
t 604 605 643
t 605 644 643
t 605 606 644
t 606 645 644
t 606 607 645
t 607 646 645
t 607 608 646
t 608 647 646
t 608 609 647
t 609 648 647
t 609 610 648
t 610 649 648
t 610 611 649
t 611 650 649
t 611 612 650
t 612 651 650
t 612 613 651
t 613 652 651
t 613 614 652
t 614 653 652
t 614 615 653
t 615 654 653
t 615 616 654
t 616 655 654
t 616 617 655
t 617 656 655
t 617 618 656
t 618 657 656
t 618 619 657
t 619 658 657
t 619 620 658
t 620 659 658
t 620 621 659
t 621 660 659
t 621 622 660
t 622 661 660
t 622 623 661
t 623 662 661
t 623 543 662
t 543 545 662
t 23 544 22
t 22 544 21
t 21 544 20
t 20 544 19
t 19 544 18
t 18 544 17
t 17 544 16
t 16 544 15
t 15 544 14
t 14 544 13
t 13 544 12
t 12 544 11
t 11 544 546
t 118 119 545
t 119 120 545
t 120 121 545
t 121 122 545
t 122 123 545
t 123 124 545
t 124 125 545
t 125 126 545
t 126 127 545
t 127 128 545
t 128 129 545
t 129 130 545
t 130 547 545
t 544 663 546
t 544 624 663
t 624 664 663
t 624 625 664
t 625 665 664
t 625 626 665
t 626 666 665
t 626 627 666
t 627 667 666
t 627 628 667
t 628 668 667
t 628 629 668
t 629 669 668
t 629 630 669
t 630 670 669
t 630 631 670
t 631 671 670
t 631 632 671
t 632 672 671
t 632 633 672
t 633 673 672
t 633 634 673
t 634 674 673
t 634 635 674
t 635 675 674
t 635 636 675
t 636 676 675
t 636 637 676
t 637 677 676
t 637 638 677
t 638 678 677
t 638 639 678
t 639 679 678
t 639 640 679
t 640 680 679
t 640 641 680
t 641 681 680
t 641 642 681
t 642 682 681
t 642 643 682
t 643 683 682
t 643 644 683
t 644 684 683
t 644 645 684
t 645 685 684
t 645 646 685
t 646 686 685
t 646 647 686
t 647 687 686
t 647 648 687
t 648 688 687
t 648 649 688
t 649 689 688
t 649 650 689
t 650 690 689
t 650 651 690
t 651 691 690
t 651 652 691
t 652 692 691
t 652 653 692
t 653 693 692
t 653 654 693
t 654 694 693
t 654 655 694
t 655 695 694
t 655 656 695
t 656 696 695
t 656 657 696
t 657 697 696
t 657 658 697
t 658 698 697
t 658 659 698
t 659 699 698
t 659 660 699
t 660 700 699
t 660 661 700
t 661 701 700
t 661 662 701
t 662 702 701
t 662 547 702
t 662 545 547
t 11 546 10
t 10 546 9
t 9 546 8
t 8 546 7
t 7 546 6
t 6 546 5
t 5 546 4
t 4 546 3
t 3 546 2
t 2 546 1
t 1 546 0
t 130 131 547
t 131 132 547
t 132 133 547
t 133 134 547
t 134 135 547
t 135 136 547
t 136 137 547
t 137 138 547
t 138 139 547
t 139 140 547
t 140 141 547
t 546 171 0
t 546 170 171
t 546 169 170
t 546 168 169
t 546 167 168
t 546 663 167
t 663 166 167
t 663 664 166
t 664 665 166
t 665 165 166
t 665 666 165
t 666 667 165
t 667 164 165
t 667 668 164
t 668 669 164
t 669 163 164
t 669 670 163
t 670 671 163
t 671 162 163
t 671 672 162
t 672 673 162
t 673 161 162
t 673 674 161
t 674 675 161
t 675 160 161
t 675 676 160
t 676 677 160
t 677 159 160
t 677 678 159
t 678 679 159
t 679 158 159
t 679 680 158
t 680 681 158
t 681 157 158
t 681 682 157
t 682 683 157
t 683 156 157
t 683 684 156
t 684 685 156
t 685 155 156
t 685 686 155
t 686 687 155
t 687 154 155
t 687 688 154
t 688 689 154
t 689 153 154
t 689 690 153
t 690 691 153
t 691 152 153
t 691 692 152
t 692 693 152
t 693 151 152
t 693 694 151
t 694 695 151
t 695 150 151
t 695 696 150
t 696 697 150
t 697 149 150
t 697 698 149
t 698 699 149
t 699 148 149
t 699 700 148
t 700 701 148
t 701 147 148
t 701 702 147
t 702 547 147
t 547 146 147
t 547 145 146
t 547 144 145
t 547 143 144
t 547 142 143
t 547 141 142
