type=Nurbs forward=true n_boundary=172 n_holes=0 n_interior=360 n_tris=742 label=brep47598_f9_Nurbs(deg=3/3, cps=4x13)
boundary
b 0.218276939 0.998097670
b 0.218378859 0.986156717
b 0.218466713 0.974043207
b 0.218538660 0.961759619
b 0.218592983 0.949308323
b 0.218628077 0.936691579
b 0.218642431 0.923911538
b 0.218634616 0.910970234
b 0.218604696 0.897867656
b 0.218555801 0.884598275
b 0.218490086 0.871155482
b 0.218407965 0.857532522
b 0.218308027 0.843722502
b 0.218186953 0.829718400
b 0.218039457 0.815513086
b 0.217862164 0.801100491
b 0.217657522 0.786476665
b 0.217427468 0.771637703
b 0.217172525 0.756579483
b 0.216891710 0.741297667
b 0.216582434 0.725787712
b 0.216240511 0.710044880
b 0.215864884 0.694064361
b 0.215459361 0.677841256
b 0.215026409 0.661370367
b 0.214566547 0.644646187
b 0.214078205 0.627662914
b 0.213557567 0.610414455
b 0.212998731 0.592894550
b 0.212400470 0.575099076
b 0.211766907 0.557025948
b 0.211101200 0.538672754
b 0.210405098 0.520036653
b 0.209678770 0.501114379
b 0.208920619 0.481902242
b 0.208127456 0.462396269
b 0.207298962 0.442593749
b 0.206436834 0.422492694
b 0.205541535 0.402090612
b 0.204612009 0.381384491
b 0.203645443 0.360370794
b 0.202637022 0.339045479
b 0.201581869 0.317403377
b 0.200491289 0.295433280
b 0.199381507 0.273120313
b 0.198262943 0.250448684
b 0.197139603 0.227401744
b 0.196008527 0.203962050
b 0.194859203 0.180111430
b 0.193676091 0.155834306
b 0.192456792 0.131133171
b 0.191206763 0.106016095
b 0.189933307 0.080489812
b 0.188645070 0.054559670
b 0.187351492 0.028229587
b 0.186062217 0.001502021
b 0.207329357 0.001502043
b 0.228386888 0.001502043
b 0.249251743 0.001502043
b 0.269940286 0.001502043
b 0.290468376 0.001502044
b 0.310851414 0.001502044
b 0.331104390 0.001502044
b 0.351241932 0.001502044
b 0.371278349 0.001502044
b 0.391227671 0.001502044
b 0.411103692 0.001502044
b 0.430920005 0.001502044
b 0.450690045 0.001502044
b 0.470427121 0.001502044
b 0.490144453 0.001502044
b 0.509855210 0.001502044
b 0.529572542 0.001502044
b 0.549309617 0.001502044
b 0.569079656 0.001502044
b 0.588895968 0.001502044
b 0.608771988 0.001502044
b 0.628721308 0.001502044
b 0.648757722 0.001502044
b 0.668895262 0.001502044
b 0.689148235 0.001502044
b 0.709531269 0.001502044
b 0.730059356 0.001502045
b 0.750747895 0.001502045
b 0.771612745 0.001502045
b 0.792670272 0.001502045
b 0.813937663 0.001523401
b 0.813940082 0.028258321
b 0.813944243 0.054589777
b 0.813947082 0.080516714
b 0.813947114 0.106036688
b 0.813944364 0.131145882
b 0.813940304 0.155839131
b 0.813937811 0.180109957
b 0.813939001 0.203956916
b 0.813941468 0.227395159
b 0.813943128 0.250442244
b 0.813943066 0.273115061
b 0.813941388 0.295429760
b 0.813939085 0.317401687
b 0.813937901 0.339045315
b 0.813938729 0.360371610
b 0.813940152 0.381385761
b 0.813941059 0.402091897
b 0.813940948 0.422493665
b 0.813939891 0.442594218
b 0.813938503 0.462396209
b 0.813937892 0.481901804
b 0.813938452 0.501113784
b 0.813939343 0.520036045
b 0.813939940 0.538672209
b 0.813939937 0.557025499
b 0.813939326 0.575098731
b 0.813938387 0.592894310
b 0.813937653 0.610414327
b 0.813937344 0.627662897
b 0.813937306 0.644646250
b 0.813937416 0.661370464
b 0.813937587 0.677841340
b 0.813937763 0.694064396
b 0.813937913 0.710044852
b 0.813938019 0.725787639
b 0.813938095 0.741297569
b 0.813938196 0.756579373
b 0.813938327 0.771637590
b 0.813938435 0.786476562
b 0.813938415 0.801100425
b 0.813938106 0.815513100
b 0.813937347 0.829718558
b 0.813936416 0.843722841
b 0.813935747 0.857533031
b 0.813935588 0.871156107
b 0.813935995 0.884598920
b 0.813936847 0.897868191
b 0.813937845 0.910970494
b 0.813938577 0.923911348
b 0.813938920 0.936690854
b 0.813938943 0.949307110
b 0.813938737 0.961758100
b 0.813938411 0.974041697
b 0.813938098 0.986155667
b 0.813937954 0.998097670
b 0.793707655 0.998097670
b 0.773667690 0.998097670
b 0.753803459 0.998097670
b 0.734100830 0.998097670
b 0.714546091 0.998097670
b 0.695125913 0.998097670
b 0.675827313 0.998097670
b 0.656637613 0.998097670
b 0.637544411 0.998097670
b 0.618535543 0.998097670
b 0.599599056 0.998097670
b 0.580723174 0.998097670
b 0.561896268 0.998097670
b 0.543106830 0.998097670
b 0.524343442 0.998097670
b 0.505594748 0.998097670
b 0.486849430 0.998097670
b 0.468096177 0.998097670
b 0.449323658 0.998097670
b 0.430520496 0.998097670
b 0.411675240 0.998097670
b 0.392776338 0.998097670
b 0.373812103 0.998097670
b 0.354770693 0.998097670
b 0.335640073 0.998097670
b 0.316407986 0.998097670
b 0.297061925 0.998097670
b 0.277589091 0.998097670
b 0.257976368 0.998097670
b 0.238210276 0.998097670
interior
i 0.264547829 0.126076477
i 0.343033441 0.126076477
i 0.421519053 0.126076477
i 0.500004665 0.126076477
i 0.578490278 0.126076477
i 0.656975890 0.126076477
i 0.735461502 0.126076477
i 0.264547829 0.250650933
i 0.343033441 0.250650933
i 0.421519053 0.250650933
i 0.500004665 0.250650933
i 0.578490278 0.250650933
i 0.656975890 0.250650933
i 0.735461502 0.250650933
i 0.264547829 0.375225390
i 0.343033441 0.375225390
i 0.421519053 0.375225390
i 0.500004665 0.375225390
i 0.578490278 0.375225390
i 0.656975890 0.375225390
i 0.735461502 0.375225390
i 0.264547829 0.499799846
i 0.343033441 0.499799846
i 0.421519053 0.499799846
i 0.500004665 0.499799846
i 0.578490278 0.499799846
i 0.656975890 0.499799846
i 0.735461502 0.499799846
i 0.264547829 0.624374302
i 0.343033441 0.624374302
i 0.421519053 0.624374302
i 0.500004665 0.624374302
i 0.578490278 0.624374302
i 0.656975890 0.624374302
i 0.735461502 0.624374302
i 0.264547829 0.748948758
i 0.343033441 0.748948758
i 0.421519053 0.748948758
i 0.500004665 0.748948758
i 0.578490278 0.748948758
i 0.656975890 0.748948758
i 0.735461502 0.748948758
i 0.264547829 0.873523214
i 0.343033441 0.873523214
i 0.421519053 0.873523214
i 0.500004665 0.873523214
i 0.578490278 0.873523214
i 0.656975890 0.873523214
i 0.735461502 0.873523214
i 0.225305023 0.063789249
i 0.205683620 0.032645635
i 0.244926426 0.032645635
i 0.205683620 0.094932863
i 0.244926426 0.094932863
i 0.225305023 0.188363705
i 0.205683620 0.157220091
i 0.244926426 0.157220091
i 0.205683620 0.219507319
i 0.244926426 0.219507319
i 0.225305023 0.312938161
i 0.205683620 0.281794547
i 0.244926426 0.281794547
i 0.205683620 0.344081775
i 0.244926426 0.344081775
i 0.225305023 0.437512618
i 0.205683620 0.406369004
i 0.244926426 0.406369004
i 0.244926426 0.468656232
i 0.225305023 0.562087074
i 0.244926426 0.530943460
i 0.244926426 0.593230688
i 0.225305023 0.686661530
i 0.244926426 0.655517916
i 0.244926426 0.717805144
i 0.225305023 0.811235986
i 0.244926426 0.780092372
i 0.244926426 0.842379600
i 0.225305023 0.935810442
i 0.244926426 0.904666828
i 0.244926426 0.966954056
i 0.303790635 0.063789249
i 0.284169232 0.032645635
i 0.323412038 0.032645635
i 0.284169232 0.094932863
i 0.323412038 0.094932863
i 0.303790635 0.188363705
i 0.284169232 0.157220091
i 0.323412038 0.157220091
i 0.284169232 0.219507319
i 0.323412038 0.219507319
i 0.303790635 0.312938161
i 0.284169232 0.281794547
i 0.323412038 0.281794547
i 0.284169232 0.344081775
i 0.323412038 0.344081775
i 0.303790635 0.437512618
i 0.284169232 0.406369004
i 0.323412038 0.406369004
i 0.284169232 0.468656232
i 0.323412038 0.468656232
i 0.303790635 0.562087074
i 0.284169232 0.530943460
i 0.323412038 0.530943460
i 0.284169232 0.593230688
i 0.323412038 0.593230688
i 0.303790635 0.686661530
i 0.284169232 0.655517916
i 0.323412038 0.655517916
i 0.284169232 0.717805144
i 0.323412038 0.717805144
i 0.303790635 0.811235986
i 0.284169232 0.780092372
i 0.323412038 0.780092372
i 0.284169232 0.842379600
i 0.323412038 0.842379600
i 0.303790635 0.935810442
i 0.284169232 0.904666828
i 0.323412038 0.904666828
i 0.284169232 0.966954056
i 0.323412038 0.966954056
i 0.382276247 0.063789249
i 0.362654844 0.032645635
i 0.401897650 0.032645635
i 0.362654844 0.094932863
i 0.401897650 0.094932863
i 0.382276247 0.188363705
i 0.362654844 0.157220091
i 0.401897650 0.157220091
i 0.362654844 0.219507319
i 0.401897650 0.219507319
i 0.382276247 0.312938161
i 0.362654844 0.281794547
i 0.401897650 0.281794547
i 0.362654844 0.344081775
i 0.401897650 0.344081775
i 0.382276247 0.437512618
i 0.362654844 0.406369004
i 0.401897650 0.406369004
i 0.362654844 0.468656232
i 0.401897650 0.468656232
i 0.382276247 0.562087074
i 0.362654844 0.530943460
i 0.401897650 0.530943460
i 0.362654844 0.593230688
i 0.401897650 0.593230688
i 0.382276247 0.686661530
i 0.362654844 0.655517916
i 0.401897650 0.655517916
i 0.362654844 0.717805144
i 0.401897650 0.717805144
i 0.382276247 0.811235986
i 0.362654844 0.780092372
i 0.401897650 0.780092372
i 0.362654844 0.842379600
i 0.401897650 0.842379600
i 0.382276247 0.935810442
i 0.362654844 0.904666828
i 0.401897650 0.904666828
i 0.362654844 0.966954056
i 0.401897650 0.966954056
i 0.460761859 0.063789249
i 0.441140456 0.032645635
i 0.480383262 0.032645635
i 0.441140456 0.094932863
i 0.480383262 0.094932863
i 0.460761859 0.188363705
i 0.441140456 0.157220091
i 0.480383262 0.157220091
i 0.441140456 0.219507319
i 0.480383262 0.219507319
i 0.460761859 0.312938161
i 0.441140456 0.281794547
i 0.480383262 0.281794547
i 0.441140456 0.344081775
i 0.480383262 0.344081775
i 0.460761859 0.437512618
i 0.441140456 0.406369004
i 0.480383262 0.406369004
i 0.441140456 0.468656232
i 0.480383262 0.468656232
i 0.460761859 0.562087074
i 0.441140456 0.530943460
i 0.480383262 0.530943460
i 0.441140456 0.593230688
i 0.480383262 0.593230688
i 0.460761859 0.686661530
i 0.441140456 0.655517916
i 0.480383262 0.655517916
i 0.441140456 0.717805144
i 0.480383262 0.717805144
i 0.460761859 0.811235986
i 0.441140456 0.780092372
i 0.480383262 0.780092372
i 0.441140456 0.842379600
i 0.480383262 0.842379600
i 0.460761859 0.935810442
i 0.441140456 0.904666828
i 0.480383262 0.904666828
i 0.441140456 0.966954056
i 0.480383262 0.966954056
i 0.539247472 0.063789249
i 0.519626069 0.032645635
i 0.558868875 0.032645635
i 0.519626069 0.094932863
i 0.558868875 0.094932863
i 0.539247472 0.188363705
i 0.519626069 0.157220091
i 0.558868875 0.157220091
i 0.519626069 0.219507319
i 0.558868875 0.219507319
i 0.539247472 0.312938161
i 0.519626069 0.281794547
i 0.558868875 0.281794547
i 0.519626069 0.344081775
i 0.558868875 0.344081775
i 0.539247472 0.437512618
i 0.519626069 0.406369004
i 0.558868875 0.406369004
i 0.519626069 0.468656232
i 0.558868875 0.468656232
i 0.539247472 0.562087074
i 0.519626069 0.530943460
i 0.558868875 0.530943460
i 0.519626069 0.593230688
i 0.558868875 0.593230688
i 0.539247472 0.686661530
i 0.519626069 0.655517916
i 0.558868875 0.655517916
i 0.519626069 0.717805144
i 0.558868875 0.717805144
i 0.539247472 0.811235986
i 0.519626069 0.780092372
i 0.558868875 0.780092372
i 0.519626069 0.842379600
i 0.558868875 0.842379600
i 0.539247472 0.935810442
i 0.519626069 0.904666828
i 0.558868875 0.904666828
i 0.519626069 0.966954056
i 0.558868875 0.966954056
i 0.617733084 0.063789249
i 0.598111681 0.032645635
i 0.637354487 0.032645635
i 0.598111681 0.094932863
i 0.637354487 0.094932863
i 0.617733084 0.188363705
i 0.598111681 0.157220091
i 0.637354487 0.157220091
i 0.598111681 0.219507319
i 0.637354487 0.219507319
i 0.617733084 0.312938161
i 0.598111681 0.281794547
i 0.637354487 0.281794547
i 0.598111681 0.344081775
i 0.637354487 0.344081775
i 0.617733084 0.437512618
i 0.598111681 0.406369004
i 0.637354487 0.406369004
i 0.598111681 0.468656232
i 0.637354487 0.468656232
i 0.617733084 0.562087074
i 0.598111681 0.530943460
i 0.637354487 0.530943460
i 0.598111681 0.593230688
i 0.637354487 0.593230688
i 0.617733084 0.686661530
i 0.598111681 0.655517916
i 0.637354487 0.655517916
i 0.598111681 0.717805144
i 0.637354487 0.717805144
i 0.617733084 0.811235986
i 0.598111681 0.780092372
i 0.637354487 0.780092372
i 0.598111681 0.842379600
i 0.637354487 0.842379600
i 0.617733084 0.935810442
i 0.598111681 0.904666828
i 0.637354487 0.904666828
i 0.598111681 0.966954056
i 0.637354487 0.966954056
i 0.696218696 0.063789249
i 0.676597293 0.032645635
i 0.715840099 0.032645635
i 0.676597293 0.094932863
i 0.715840099 0.094932863
i 0.696218696 0.188363705
i 0.676597293 0.157220091
i 0.715840099 0.157220091
i 0.676597293 0.219507319
i 0.715840099 0.219507319
i 0.696218696 0.312938161
i 0.676597293 0.281794547
i 0.715840099 0.281794547
i 0.676597293 0.344081775
i 0.715840099 0.344081775
i 0.696218696 0.437512618
i 0.676597293 0.406369004
i 0.715840099 0.406369004
i 0.676597293 0.468656232
i 0.715840099 0.468656232
i 0.696218696 0.562087074
i 0.676597293 0.530943460
i 0.715840099 0.530943460
i 0.676597293 0.593230688
i 0.715840099 0.593230688
i 0.696218696 0.686661530
i 0.676597293 0.655517916
i 0.715840099 0.655517916
i 0.676597293 0.717805144
i 0.715840099 0.717805144
i 0.696218696 0.811235986
i 0.676597293 0.780092372
i 0.715840099 0.780092372
i 0.676597293 0.842379600
i 0.715840099 0.842379600
i 0.696218696 0.935810442
i 0.676597293 0.904666828
i 0.715840099 0.904666828
i 0.676597293 0.966954056
i 0.715840099 0.966954056
i 0.774704308 0.063789249
i 0.755082905 0.032645635
i 0.794325711 0.032645635
i 0.755082905 0.094932863
i 0.794325711 0.094932863
i 0.774704308 0.188363705
i 0.755082905 0.157220091
i 0.794325711 0.157220091
i 0.755082905 0.219507319
i 0.794325711 0.219507319
i 0.774704308 0.312938161
i 0.755082905 0.281794547
i 0.794325711 0.281794547
i 0.755082905 0.344081775
i 0.794325711 0.344081775
i 0.774704308 0.437512618
i 0.755082905 0.406369004
i 0.794325711 0.406369004
i 0.755082905 0.468656232
i 0.794325711 0.468656232
i 0.774704308 0.562087074
i 0.755082905 0.530943460
i 0.794325711 0.530943460
i 0.755082905 0.593230688
i 0.794325711 0.593230688
i 0.774704308 0.686661530
i 0.755082905 0.655517916
i 0.794325711 0.655517916
i 0.755082905 0.717805144
i 0.794325711 0.717805144
i 0.774704308 0.811235986
i 0.755082905 0.780092372
i 0.794325711 0.780092372
i 0.755082905 0.842379600
i 0.794325711 0.842379600
i 0.774704308 0.935810442
i 0.755082905 0.904666828
i 0.794325711 0.904666828
i 0.755082905 0.966954056
i 0.794325711 0.966954056
tris
t 55 53 54
t 55 52 53
t 55 51 52
t 55 50 51
t 55 49 50
t 55 48 49
t 55 47 48
t 55 46 47
t 55 45 46
t 55 44 45
t 55 43 44
t 55 42 43
t 85 86 87
t 85 87 88
t 85 88 89
t 85 89 90
t 85 90 91
t 85 91 92
t 85 92 93
t 85 93 94
t 85 94 95
t 85 95 96
t 85 96 97
t 85 97 98
t 85 98 99
t 55 532 42
t 55 533 532
t 55 534 533
t 55 535 534
t 55 536 535
t 55 537 536
t 55 56 537
t 56 538 537
t 56 539 538
t 56 540 539
t 56 541 540
t 56 542 541
t 56 543 542
t 56 544 543
t 56 545 544
t 56 546 545
t 56 547 546
t 56 548 547
t 56 549 548
t 56 550 549
t 56 551 550
t 56 552 551
t 56 553 552
t 56 554 553
t 56 555 554
t 56 556 555
t 56 557 556
t 56 558 557
t 56 559 558
t 56 560 559
t 56 561 560
t 56 562 561
t 56 563 562
t 56 564 563
t 56 565 564
t 56 566 565
t 56 567 566
t 56 568 567
t 56 569 568
t 56 570 569
t 56 571 570
t 56 572 571
t 56 573 572
t 56 574 573
t 56 57 574
t 57 575 574
t 57 576 575
t 57 58 576
t 58 577 576
t 58 578 577
t 58 59 578
t 59 579 578
t 59 580 579
t 59 60 580
t 60 581 580
t 60 582 581
t 60 61 582
t 61 583 582
t 61 584 583
t 61 62 584
t 62 585 584
t 62 586 585
t 62 63 586
t 63 587 586
t 63 588 587
t 63 64 588
t 64 589 588
t 64 590 589
t 64 65 590
t 65 591 590
t 65 592 591
t 65 66 592
t 66 593 592
t 66 594 593
t 66 595 594
t 66 67 595
t 67 596 595
t 67 597 596
t 67 68 597
t 68 598 597
t 68 599 598
t 68 69 599
t 69 600 599
t 69 601 600
t 69 70 601
t 70 602 601
t 70 603 602
t 70 71 603
t 71 604 603
t 71 605 604
t 71 72 605
t 72 606 605
t 72 607 606
t 72 73 607
t 73 608 607
t 73 609 608
t 73 74 609
t 74 610 609
t 74 611 610
t 74 75 611
t 75 612 611
t 75 613 612
t 75 76 613
t 76 614 613
t 76 615 614
t 76 77 615
t 77 616 615
t 77 617 616
t 77 78 617
t 78 618 617
t 78 619 618
t 78 79 619
t 79 620 619
t 79 621 620
t 79 80 621
t 80 622 621
t 80 623 622
t 80 81 623
t 81 624 623
t 81 625 624
t 81 82 625
t 82 626 625
t 82 627 626
t 82 83 627
t 83 628 627
t 83 629 628
t 83 84 629
t 84 630 629
t 84 631 630
t 84 85 631
t 85 632 631
t 85 633 632
t 85 634 633
t 85 635 634
t 85 636 635
t 85 637 636
t 85 99 637
t 42 40 41
t 42 39 40
t 42 38 39
t 42 37 38
t 42 36 37
t 42 35 36
t 42 34 35
t 42 33 34
t 99 100 101
t 99 101 102
t 99 102 103
t 99 103 104
t 99 104 105
t 99 105 106
t 99 106 107
t 99 107 108
t 42 532 33
t 532 533 33
t 533 534 33
t 534 535 33
t 535 536 33
t 536 537 33
t 537 538 33
t 538 539 33
t 539 540 33
t 540 541 33
t 541 542 33
t 542 638 33
t 542 543 638
t 543 639 638
t 543 544 639
t 544 640 639
t 544 545 640
t 545 641 640
t 545 546 641
t 546 642 641
t 546 547 642
t 547 643 642
t 547 548 643
t 548 644 643
t 548 549 644
t 549 645 644
t 549 550 645
t 550 646 645
t 550 551 646
t 551 647 646
t 551 552 647
t 552 648 647
t 552 553 648
t 553 649 648
t 553 554 649
t 554 650 649
t 554 555 650
t 555 651 650
t 555 556 651
t 556 652 651
t 556 557 652
t 557 653 652
t 557 558 653
t 558 654 653
t 558 559 654
t 559 655 654
t 559 560 655
t 560 656 655
t 560 561 656
t 561 657 656
t 561 562 657
t 562 658 657
t 562 563 658
t 563 659 658
t 563 564 659
t 564 660 659
t 564 565 660
t 565 661 660
t 565 566 661
t 566 662 661
t 566 567 662
t 567 663 662
t 567 568 663
t 568 664 663
t 568 569 664
t 569 665 664
t 569 570 665
t 570 666 665
t 570 571 666
t 571 667 666
t 571 572 667
t 572 668 667
t 572 573 668
t 573 669 668
t 573 574 669
t 574 670 669
t 574 575 670
t 575 671 670
t 575 576 671
t 576 672 671
t 576 577 672
t 577 673 672
t 577 578 673
t 578 674 673
t 578 579 674
t 579 675 674
t 579 580 675
t 580 676 675
t 580 581 676
t 581 677 676
t 581 582 677
t 582 678 677
t 582 583 678
t 583 679 678
t 583 584 679
t 584 680 679
t 584 585 680
t 585 681 680
t 585 586 681
t 586 682 681
t 586 587 682
t 587 683 682
t 587 588 683
t 588 684 683
t 588 589 684
t 589 685 684
t 589 590 685
t 590 686 685
t 590 591 686
t 591 687 686
t 591 592 687
t 592 688 687
t 592 593 688
t 593 689 688
t 593 594 689
t 594 690 689
t 594 595 690
t 595 691 690
t 595 596 691
t 596 692 691
t 596 597 692
t 597 693 692
t 597 598 693
t 598 694 693
t 598 599 694
t 599 695 694
t 599 600 695
t 600 696 695
t 600 601 696
t 601 697 696
t 601 602 697
t 602 698 697
t 602 603 698
t 603 699 698
t 603 604 699
t 604 700 699
t 604 605 700
t 605 701 700
t 605 606 701
t 606 702 701
t 606 607 702
t 607 703 702
t 607 608 703
t 608 704 703
t 608 609 704
t 609 705 704
t 609 610 705
t 610 706 705
t 610 611 706
t 611 707 706
t 611 612 707
t 612 708 707
t 612 613 708
t 613 709 708
t 613 614 709
t 614 710 709
t 614 615 710
t 615 711 710
t 615 616 711
t 616 712 711
t 616 617 712
t 617 713 712
t 617 618 713
t 618 714 713
t 618 619 714
t 619 715 714
t 619 620 715
t 620 716 715
t 620 621 716
t 621 717 716
t 621 622 717
t 622 718 717
t 622 623 718
t 623 719 718
t 623 624 719
t 624 720 719
t 624 625 720
t 625 721 720
t 625 626 721
t 626 722 721
t 626 627 722
t 627 723 722
t 627 628 723
t 628 724 723
t 628 629 724
t 629 725 724
t 629 630 725
t 630 726 725
t 630 631 726
t 631 727 726
t 631 632 727
t 632 728 727
t 632 633 728
t 633 729 728
t 633 634 729
t 634 730 729
t 634 635 730
t 635 731 730
t 635 636 731
t 636 732 731
t 636 637 732
t 637 108 732
t 637 99 108
t 33 31 32
t 33 30 31
t 33 29 30
t 33 28 29
t 33 27 28
t 33 26 27
t 33 25 26
t 33 24 25
t 108 109 110
t 108 110 111
t 108 111 112
t 108 112 113
t 108 113 114
t 108 114 115
t 108 115 116
t 108 116 117
t 33 638 24
t 638 639 24
t 639 640 24
t 640 641 24
t 641 642 24
t 642 643 24
t 643 644 24
t 644 645 24
t 645 646 24
t 646 647 24
t 647 733 24
t 647 648 733
t 648 734 733
t 648 649 734
t 649 735 734
t 649 650 735
t 650 736 735
t 650 651 736
t 651 737 736
t 651 652 737
t 652 738 737
t 652 653 738
t 653 739 738
t 653 654 739
t 654 740 739
t 654 655 740
t 655 741 740
t 655 656 741
t 656 742 741
t 656 657 742
t 657 743 742
t 657 658 743
t 658 744 743
t 658 659 744
t 659 745 744
t 659 660 745
t 660 746 745
t 660 661 746
t 661 747 746
t 661 662 747
t 662 748 747
t 662 663 748
t 663 749 748
t 663 664 749
t 664 750 749
t 664 665 750
t 665 751 750
t 665 666 751
t 666 752 751
t 666 667 752
t 667 753 752
t 667 668 753
t 668 754 753
t 668 669 754
t 669 755 754
t 669 670 755
t 670 756 755
t 670 671 756
t 671 757 756
t 671 672 757
t 672 758 757
t 672 673 758
t 673 759 758
t 673 674 759
t 674 760 759
t 674 675 760
t 675 761 760
t 675 676 761
t 676 762 761
t 676 677 762
t 677 763 762
t 677 678 763
t 678 764 763
t 678 679 764
t 679 765 764
t 679 680 765
t 680 766 765
t 680 681 766
t 681 767 766
t 681 682 767
t 682 768 767
t 682 683 768
t 683 769 768
t 683 684 769
t 684 770 769
t 684 685 770
t 685 771 770
t 685 686 771
t 686 772 771
t 686 687 772
t 687 773 772
t 687 688 773
t 688 774 773
t 688 689 774
t 689 775 774
t 689 690 775
t 690 776 775
t 690 691 776
t 691 777 776
t 691 692 777
t 692 778 777
t 692 693 778
t 693 779 778
t 693 694 779
t 694 780 779
t 694 695 780
t 695 781 780
t 695 696 781
t 696 782 781
t 696 697 782
t 697 783 782
t 697 698 783
t 698 784 783
t 698 699 784
t 699 785 784
t 699 700 785
t 700 786 785
t 700 701 786
t 701 787 786
t 701 702 787
t 702 788 787
t 702 703 788
t 703 789 788
t 703 704 789
t 704 790 789
t 704 705 790
t 705 791 790
t 705 706 791
t 706 792 791
t 706 707 792
t 707 793 792
t 707 708 793
t 708 794 793
t 708 709 794
t 709 795 794
t 709 710 795
t 710 796 795
t 710 711 796
t 711 797 796
t 711 712 797
t 712 798 797
t 712 713 798
t 713 799 798
t 713 714 799
t 714 800 799
t 714 715 800
t 715 801 800
t 715 716 801
t 716 802 801
t 716 717 802
t 717 803 802
t 717 718 803
t 718 804 803
t 718 719 804
t 719 805 804
t 719 720 805
t 720 806 805
t 720 721 806
t 721 807 806
t 721 722 807
t 722 808 807
t 722 723 808
t 723 809 808
t 723 724 809
t 724 810 809
t 724 725 810
t 725 811 810
t 725 726 811
t 726 812 811
t 726 727 812
t 727 813 812
t 727 728 813
t 728 814 813
t 728 729 814
t 729 815 814
t 729 730 815
t 730 816 815
t 730 731 816
t 731 817 816
t 731 732 817
t 732 117 817
t 732 108 117
t 24 22 23
t 24 21 22
t 24 20 21
t 24 19 20
t 24 18 19
t 24 17 18
t 24 16 17
t 24 15 16
t 24 14 15
t 24 13 14
t 24 12 13
t 24 11 12
t 24 10 11
t 24 9 10
t 24 8 9
t 24 7 8
t 24 6 7
t 24 5 6
t 24 4 5
t 24 3 4
t 24 2 3
t 24 1 2
t 24 0 1
t 117 118 119
t 117 119 120
t 117 120 121
t 117 121 122
t 117 122 123
t 117 123 124
t 117 124 125
t 117 125 126
t 117 126 127
t 117 127 128
t 117 128 129
t 117 129 130
t 117 130 131
t 117 131 132
t 117 132 133
t 117 133 134
t 117 134 135
t 117 135 136
t 117 136 137
t 117 137 138
t 117 138 139
t 117 139 140
t 117 140 141
t 24 733 0
t 733 734 0
t 734 735 0
t 735 736 0
t 736 737 0
t 737 738 0
t 738 739 0
t 739 740 0
t 740 741 0
t 741 742 0
t 742 743 0
t 743 744 0
t 744 745 0
t 745 746 0
t 746 747 0
t 747 748 0
t 748 749 0
t 749 750 0
t 750 751 0
t 751 752 0
t 752 753 0
t 753 754 0
t 754 755 0
t 755 756 0
t 756 757 0
t 757 758 0
t 758 171 0
t 758 759 171
t 759 760 171
t 760 170 171
t 760 761 170
t 761 762 170
t 762 169 170
t 762 763 169
t 763 764 169
t 764 168 169
t 764 765 168
t 765 766 168
t 766 167 168
t 766 767 167
t 767 768 167
t 768 166 167
t 768 769 166
t 769 770 166
t 770 165 166
t 770 771 165
t 771 772 165
t 772 164 165
t 772 773 164
t 773 774 164
t 774 163 164
t 774 775 163
t 775 776 163
t 776 162 163
t 776 777 162
t 777 161 162
t 777 778 161
t 778 779 161
t 779 160 161
t 779 780 160
t 780 781 160
t 781 159 160
t 781 782 159
t 782 783 159
t 783 158 159
t 783 784 158
t 784 785 158
t 785 157 158
t 785 786 157
t 786 787 157
t 787 156 157
t 787 788 156
t 788 789 156
t 789 155 156
t 789 790 155
t 790 791 155
t 791 154 155
t 791 792 154
t 792 793 154
t 793 153 154
t 793 794 153
t 794 795 153
t 795 152 153
t 795 796 152
t 796 797 152
t 797 151 152
t 797 798 151
t 798 799 151
t 799 150 151
t 799 800 150
t 800 801 150
t 801 149 150
t 801 802 149
t 802 803 149
t 803 148 149
t 803 804 148
t 804 805 148
t 805 147 148
t 805 806 147
t 806 807 147
t 807 146 147
t 807 808 146
t 808 809 146
t 809 145 146
t 809 810 145
t 810 811 145
t 811 144 145
t 811 812 144
t 812 813 144
t 813 143 144
t 813 814 143
t 814 815 143
t 815 142 143
t 815 816 142
t 816 817 142
t 817 117 142
t 117 141 142
