type=Torus forward=true n_boundary=203 n_holes=0 n_interior=529 n_tris=543 label=brep47598_f200_Torus
boundary
b 3.417466646 0.000000000
b 3.417466646 0.027036761
b 3.417466646 0.054073523
b 3.417466646 0.081110284
b 3.417466646 0.108147045
b 3.417466646 0.135183807
b 3.417466646 0.162220568
b 3.417466646 0.189257329
b 3.417466646 0.216294091
b 3.417466646 0.243330852
b 3.417466646 0.270367613
b 3.417466646 0.297404375
b 3.417466646 0.324441136
b 3.417466646 0.351477897
b 3.417466646 0.378514659
b 3.417466646 0.405551420
b 3.417466646 0.432588181
b 3.417466646 0.459624943
b 3.417466646 0.486661704
b 3.417466646 0.513698465
b 3.417466646 0.540735227
b 3.417466646 0.567771988
b 3.417466646 0.594808749
b 3.417466646 0.621845511
b 3.417466646 0.648882272
b 3.417466646 0.675919033
b 3.417466646 0.702955795
b 3.417466646 0.729992556
b 3.417466646 0.757029317
b 3.417466646 0.784066079
b 3.417466646 0.811102840
b 3.417466646 0.838139601
b 3.414958360 0.837525325
b 3.412450097 0.836922003
b 3.409941856 0.836329641
b 3.407433636 0.835748248
b 3.404925436 0.835177833
b 3.402417256 0.834618408
b 3.399909094 0.834069983
b 3.397400951 0.833532574
b 3.394892825 0.833006193
b 3.392384716 0.832490856
b 3.389876622 0.831986582
b 3.387368544 0.831493387
b 3.384860480 0.831011291
b 3.382352429 0.830540314
b 3.379844391 0.830080479
b 3.377336366 0.829631808
b 3.374828351 0.829194325
b 3.372320347 0.828768055
b 3.369812353 0.828353024
b 3.367304369 0.827949241
b 3.364796393 0.827556705
b 3.362288427 0.827175416
b 3.359780470 0.826805376
b 3.357272523 0.826446589
b 3.354764584 0.826099060
b 3.352256655 0.825762794
b 3.349748735 0.825437800
b 3.347240823 0.825124086
b 3.344732921 0.824821662
b 3.342225027 0.824530541
b 3.339717142 0.824250735
b 3.337209266 0.823982260
b 3.334701399 0.823725131
b 3.332193540 0.823479366
b 3.329685690 0.823244983
b 3.327177848 0.823022002
b 3.324670014 0.822810446
b 3.322162189 0.822610325
b 3.319654371 0.822421634
b 3.317146560 0.822244368
b 3.314638754 0.822078522
b 3.312130953 0.821924094
b 3.309623157 0.821781081
b 3.307115364 0.821649483
b 3.304607574 0.821529300
b 3.302099785 0.821420533
b 3.299591998 0.821323187
b 3.297084211 0.821237264
b 3.294576424 0.821162769
b 3.292068636 0.821099710
b 3.289560846 0.821048094
b 3.287053053 0.821007929
b 3.284545256 0.820979225
b 3.282037456 0.820961994
b 3.279529650 0.820956247
b 3.279529650 0.767991328
b 3.279529650 0.715026409
b 3.279529650 0.662061490
b 3.279529650 0.609096571
b 3.279529650 0.556131652
b 3.279529650 0.503166732
b 3.279529650 0.450201813
b 3.279529650 0.397236894
b 3.279529650 0.344271975
b 3.279529650 0.291307056
b 3.279529650 0.238342136
b 3.279529650 0.185377217
b 3.279529650 0.132412298
b 3.279529650 0.079447379
b 3.279529650 0.026482460
b 3.279529650 -0.026482460
b 3.279529650 -0.079447379
b 3.279529650 -0.132412298
b 3.279529650 -0.185377217
b 3.279529650 -0.238342136
b 3.279529650 -0.291307056
b 3.279529650 -0.344271975
b 3.279529650 -0.397236894
b 3.279529650 -0.450201813
b 3.279529650 -0.503166732
b 3.279529650 -0.556131652
b 3.279529650 -0.609096571
b 3.279529650 -0.662061490
b 3.279529650 -0.715026409
b 3.279529650 -0.767991328
b 3.279529650 -0.820956247
b 3.282037456 -0.820961994
b 3.284545256 -0.820979225
b 3.287053053 -0.821007929
b 3.289560846 -0.821048094
b 3.292068636 -0.821099710
b 3.294576424 -0.821162769
b 3.297084211 -0.821237264
b 3.299591998 -0.821323187
b 3.302099785 -0.821420533
b 3.304607574 -0.821529300
b 3.307115364 -0.821649483
b 3.309623157 -0.821781081
b 3.312130953 -0.821924094
b 3.314638754 -0.822078522
b 3.317146560 -0.822244368
b 3.319654371 -0.822421634
b 3.322162189 -0.822610325
b 3.324670014 -0.822810446
b 3.327177848 -0.823022002
b 3.329685690 -0.823244983
b 3.332193540 -0.823479366
b 3.334701399 -0.823725131
b 3.337209266 -0.823982260
b 3.339717142 -0.824250735
b 3.342225027 -0.824530541
b 3.344732921 -0.824821662
b 3.347240823 -0.825124086
b 3.349748735 -0.825437800
b 3.352256655 -0.825762794
b 3.354764584 -0.826099060
b 3.357272523 -0.826446589
b 3.359780470 -0.826805376
b 3.362288427 -0.827175416
b 3.364796393 -0.827556705
b 3.367304369 -0.827949241
b 3.369812353 -0.828353024
b 3.372320347 -0.828768055
b 3.374828351 -0.829194325
b 3.377336366 -0.829631808
b 3.379844391 -0.830080479
b 3.382352429 -0.830540314
b 3.384860480 -0.831011291
b 3.387368544 -0.831493387
b 3.389876622 -0.831986582
b 3.392384716 -0.832490856
b 3.394892825 -0.833006193
b 3.397400951 -0.833532574
b 3.399909094 -0.834069983
b 3.402417256 -0.834618408
b 3.404925436 -0.835177833
b 3.407433636 -0.835748248
b 3.409941856 -0.836329641
b 3.412450097 -0.836922003
b 3.414958360 -0.837525326
b 3.417466646 -0.838139601
b 3.417466646 -0.811102840
b 3.417466646 -0.784066079
b 3.417466646 -0.757029317
b 3.417466646 -0.729992556
b 3.417466646 -0.702955795
b 3.417466646 -0.675919033
b 3.417466646 -0.648882272
b 3.417466646 -0.621845511
b 3.417466646 -0.594808749
b 3.417466646 -0.567771988
b 3.417466646 -0.540735227
b 3.417466646 -0.513698465
b 3.417466646 -0.486661704
b 3.417466646 -0.459624943
b 3.417466646 -0.432588181
b 3.417466646 -0.405551420
b 3.417466646 -0.378514659
b 3.417466646 -0.351477897
b 3.417466646 -0.324441136
b 3.417466646 -0.297404375
b 3.417466646 -0.270367613
b 3.417466646 -0.243330852
b 3.417466646 -0.216294091
b 3.417466646 -0.189257329
b 3.417466646 -0.162220568
b 3.417466646 -0.135183807
b 3.417466646 -0.108147045
b 3.417466646 -0.081110284
b 3.417466646 -0.054073523
b 3.417466646 -0.027036761
interior
i 3.285277025 -0.768294635
i 3.291024400 -0.768294635
i 3.296771775 -0.768294635
i 3.302519149 -0.768294635
i 3.308266524 -0.768294635
i 3.314013899 -0.768294635
i 3.319761274 -0.768294635
i 3.325508649 -0.768294635
i 3.331256024 -0.768294635
i 3.337003399 -0.768294635
i 3.342750773 -0.768294635
i 3.348498148 -0.768294635
i 3.354245523 -0.768294635
i 3.359992898 -0.768294635
i 3.365740273 -0.768294635
i 3.371487648 -0.768294635
i 3.377235022 -0.768294635
i 3.382982397 -0.768294635
i 3.388729772 -0.768294635
i 3.394477147 -0.768294635
i 3.400224522 -0.768294635
i 3.405971897 -0.768294635
i 3.411719272 -0.768294635
i 3.285277025 -0.698449668
i 3.291024400 -0.698449668
i 3.296771775 -0.698449668
i 3.302519149 -0.698449668
i 3.308266524 -0.698449668
i 3.314013899 -0.698449668
i 3.319761274 -0.698449668
i 3.325508649 -0.698449668
i 3.331256024 -0.698449668
i 3.337003399 -0.698449668
i 3.342750773 -0.698449668
i 3.348498148 -0.698449668
i 3.354245523 -0.698449668
i 3.359992898 -0.698449668
i 3.365740273 -0.698449668
i 3.371487648 -0.698449668
i 3.377235022 -0.698449668
i 3.382982397 -0.698449668
i 3.388729772 -0.698449668
i 3.394477147 -0.698449668
i 3.400224522 -0.698449668
i 3.405971897 -0.698449668
i 3.411719272 -0.698449668
i 3.285277025 -0.628604701
i 3.291024400 -0.628604701
i 3.296771775 -0.628604701
i 3.302519149 -0.628604701
i 3.308266524 -0.628604701
i 3.314013899 -0.628604701
i 3.319761274 -0.628604701
i 3.325508649 -0.628604701
i 3.331256024 -0.628604701
i 3.337003399 -0.628604701
i 3.342750773 -0.628604701
i 3.348498148 -0.628604701
i 3.354245523 -0.628604701
i 3.359992898 -0.628604701
i 3.365740273 -0.628604701
i 3.371487648 -0.628604701
i 3.377235022 -0.628604701
i 3.382982397 -0.628604701
i 3.388729772 -0.628604701
i 3.394477147 -0.628604701
i 3.400224522 -0.628604701
i 3.405971897 -0.628604701
i 3.411719272 -0.628604701
i 3.285277025 -0.558759734
i 3.291024400 -0.558759734
i 3.296771775 -0.558759734
i 3.302519149 -0.558759734
i 3.308266524 -0.558759734
i 3.314013899 -0.558759734
i 3.319761274 -0.558759734
i 3.325508649 -0.558759734
i 3.331256024 -0.558759734
i 3.337003399 -0.558759734
i 3.342750773 -0.558759734
i 3.348498148 -0.558759734
i 3.354245523 -0.558759734
i 3.359992898 -0.558759734
i 3.365740273 -0.558759734
i 3.371487648 -0.558759734
i 3.377235022 -0.558759734
i 3.382982397 -0.558759734
i 3.388729772 -0.558759734
i 3.394477147 -0.558759734
i 3.400224522 -0.558759734
i 3.405971897 -0.558759734
i 3.411719272 -0.558759734
i 3.285277025 -0.488914767
i 3.291024400 -0.488914767
i 3.296771775 -0.488914767
i 3.302519149 -0.488914767
i 3.308266524 -0.488914767
i 3.314013899 -0.488914767
i 3.319761274 -0.488914767
i 3.325508649 -0.488914767
i 3.331256024 -0.488914767
i 3.337003399 -0.488914767
i 3.342750773 -0.488914767
i 3.348498148 -0.488914767
i 3.354245523 -0.488914767
i 3.359992898 -0.488914767
i 3.365740273 -0.488914767
i 3.371487648 -0.488914767
i 3.377235022 -0.488914767
i 3.382982397 -0.488914767
i 3.388729772 -0.488914767
i 3.394477147 -0.488914767
i 3.400224522 -0.488914767
i 3.405971897 -0.488914767
i 3.411719272 -0.488914767
i 3.285277025 -0.419069801
i 3.291024400 -0.419069801
i 3.296771775 -0.419069801
i 3.302519149 -0.419069801
i 3.308266524 -0.419069801
i 3.314013899 -0.419069801
i 3.319761274 -0.419069801
i 3.325508649 -0.419069801
i 3.331256024 -0.419069801
i 3.337003399 -0.419069801
i 3.342750773 -0.419069801
i 3.348498148 -0.419069801
i 3.354245523 -0.419069801
i 3.359992898 -0.419069801
i 3.365740273 -0.419069801
i 3.371487648 -0.419069801
i 3.377235022 -0.419069801
i 3.382982397 -0.419069801
i 3.388729772 -0.419069801
i 3.394477147 -0.419069801
i 3.400224522 -0.419069801
i 3.405971897 -0.419069801
i 3.411719272 -0.419069801
i 3.285277025 -0.349224834
i 3.291024400 -0.349224834
i 3.296771775 -0.349224834
i 3.302519149 -0.349224834
i 3.308266524 -0.349224834
i 3.314013899 -0.349224834
i 3.319761274 -0.349224834
i 3.325508649 -0.349224834
i 3.331256024 -0.349224834
i 3.337003399 -0.349224834
i 3.342750773 -0.349224834
i 3.348498148 -0.349224834
i 3.354245523 -0.349224834
i 3.359992898 -0.349224834
i 3.365740273 -0.349224834
i 3.371487648 -0.349224834
i 3.377235022 -0.349224834
i 3.382982397 -0.349224834
i 3.388729772 -0.349224834
i 3.394477147 -0.349224834
i 3.400224522 -0.349224834
i 3.405971897 -0.349224834
i 3.411719272 -0.349224834
i 3.285277025 -0.279379867
i 3.291024400 -0.279379867
i 3.296771775 -0.279379867
i 3.302519149 -0.279379867
i 3.308266524 -0.279379867
i 3.314013899 -0.279379867
i 3.319761274 -0.279379867
i 3.325508649 -0.279379867
i 3.331256024 -0.279379867
i 3.337003399 -0.279379867
i 3.342750773 -0.279379867
i 3.348498148 -0.279379867
i 3.354245523 -0.279379867
i 3.359992898 -0.279379867
i 3.365740273 -0.279379867
i 3.371487648 -0.279379867
i 3.377235022 -0.279379867
i 3.382982397 -0.279379867
i 3.388729772 -0.279379867
i 3.394477147 -0.279379867
i 3.400224522 -0.279379867
i 3.405971897 -0.279379867
i 3.411719272 -0.279379867
i 3.285277025 -0.209534900
i 3.291024400 -0.209534900
i 3.296771775 -0.209534900
i 3.302519149 -0.209534900
i 3.308266524 -0.209534900
i 3.314013899 -0.209534900
i 3.319761274 -0.209534900
i 3.325508649 -0.209534900
i 3.331256024 -0.209534900
i 3.337003399 -0.209534900
i 3.342750773 -0.209534900
i 3.348498148 -0.209534900
i 3.354245523 -0.209534900
i 3.359992898 -0.209534900
i 3.365740273 -0.209534900
i 3.371487648 -0.209534900
i 3.377235022 -0.209534900
i 3.382982397 -0.209534900
i 3.388729772 -0.209534900
i 3.394477147 -0.209534900
i 3.400224522 -0.209534900
i 3.405971897 -0.209534900
i 3.411719272 -0.209534900
i 3.285277025 -0.139689934
i 3.291024400 -0.139689934
i 3.296771775 -0.139689934
i 3.302519149 -0.139689934
i 3.308266524 -0.139689934
i 3.314013899 -0.139689934
i 3.319761274 -0.139689934
i 3.325508649 -0.139689934
i 3.331256024 -0.139689934
i 3.337003399 -0.139689934
i 3.342750773 -0.139689934
i 3.348498148 -0.139689934
i 3.354245523 -0.139689934
i 3.359992898 -0.139689934
i 3.365740273 -0.139689934
i 3.371487648 -0.139689934
i 3.377235022 -0.139689934
i 3.382982397 -0.139689934
i 3.388729772 -0.139689934
i 3.394477147 -0.139689934
i 3.400224522 -0.139689934
i 3.405971897 -0.139689934
i 3.411719272 -0.139689934
i 3.285277025 -0.069844967
i 3.291024400 -0.069844967
i 3.296771775 -0.069844967
i 3.302519149 -0.069844967
i 3.308266524 -0.069844967
i 3.314013899 -0.069844967
i 3.319761274 -0.069844967
i 3.325508649 -0.069844967
i 3.331256024 -0.069844967
i 3.337003399 -0.069844967
i 3.342750773 -0.069844967
i 3.348498148 -0.069844967
i 3.354245523 -0.069844967
i 3.359992898 -0.069844967
i 3.365740273 -0.069844967
i 3.371487648 -0.069844967
i 3.377235022 -0.069844967
i 3.382982397 -0.069844967
i 3.388729772 -0.069844967
i 3.394477147 -0.069844967
i 3.400224522 -0.069844967
i 3.405971897 -0.069844967
i 3.411719272 -0.069844967
i 3.285277025 -0.000000000
i 3.291024400 -0.000000000
i 3.296771775 -0.000000000
i 3.302519149 -0.000000000
i 3.308266524 -0.000000000
i 3.314013899 -0.000000000
i 3.319761274 -0.000000000
i 3.325508649 -0.000000000
i 3.331256024 -0.000000000
i 3.337003399 -0.000000000
i 3.342750773 -0.000000000
i 3.348498148 -0.000000000
i 3.354245523 -0.000000000
i 3.359992898 -0.000000000
i 3.365740273 -0.000000000
i 3.371487648 -0.000000000
i 3.377235022 -0.000000000
i 3.382982397 -0.000000000
i 3.388729772 -0.000000000
i 3.394477147 -0.000000000
i 3.400224522 -0.000000000
i 3.405971897 -0.000000000
i 3.411719272 -0.000000000
i 3.285277025 0.069844967
i 3.291024400 0.069844967
i 3.296771775 0.069844967
i 3.302519149 0.069844967
i 3.308266524 0.069844967
i 3.314013899 0.069844967
i 3.319761274 0.069844967
i 3.325508649 0.069844967
i 3.331256024 0.069844967
i 3.337003399 0.069844967
i 3.342750773 0.069844967
i 3.348498148 0.069844967
i 3.354245523 0.069844967
i 3.359992898 0.069844967
i 3.365740273 0.069844967
i 3.371487648 0.069844967
i 3.377235022 0.069844967
i 3.382982397 0.069844967
i 3.388729772 0.069844967
i 3.394477147 0.069844967
i 3.400224522 0.069844967
i 3.405971897 0.069844967
i 3.411719272 0.069844967
i 3.285277025 0.139689934
i 3.291024400 0.139689934
i 3.296771775 0.139689934
i 3.302519149 0.139689934
i 3.308266524 0.139689934
i 3.314013899 0.139689934
i 3.319761274 0.139689934
i 3.325508649 0.139689934
i 3.331256024 0.139689934
i 3.337003399 0.139689934
i 3.342750773 0.139689934
i 3.348498148 0.139689934
i 3.354245523 0.139689934
i 3.359992898 0.139689934
i 3.365740273 0.139689934
i 3.371487648 0.139689934
i 3.377235022 0.139689934
i 3.382982397 0.139689934
i 3.388729772 0.139689934
i 3.394477147 0.139689934
i 3.400224522 0.139689934
i 3.405971897 0.139689934
i 3.411719272 0.139689934
i 3.285277025 0.209534900
i 3.291024400 0.209534900
i 3.296771775 0.209534900
i 3.302519149 0.209534900
i 3.308266524 0.209534900
i 3.314013899 0.209534900
i 3.319761274 0.209534900
i 3.325508649 0.209534900
i 3.331256024 0.209534900
i 3.337003399 0.209534900
i 3.342750773 0.209534900
i 3.348498148 0.209534900
i 3.354245523 0.209534900
i 3.359992898 0.209534900
i 3.365740273 0.209534900
i 3.371487648 0.209534900
i 3.377235022 0.209534900
i 3.382982397 0.209534900
i 3.388729772 0.209534900
i 3.394477147 0.209534900
i 3.400224522 0.209534900
i 3.405971897 0.209534900
i 3.411719272 0.209534900
i 3.285277025 0.279379867
i 3.291024400 0.279379867
i 3.296771775 0.279379867
i 3.302519149 0.279379867
i 3.308266524 0.279379867
i 3.314013899 0.279379867
i 3.319761274 0.279379867
i 3.325508649 0.279379867
i 3.331256024 0.279379867
i 3.337003399 0.279379867
i 3.342750773 0.279379867
i 3.348498148 0.279379867
i 3.354245523 0.279379867
i 3.359992898 0.279379867
i 3.365740273 0.279379867
i 3.371487648 0.279379867
i 3.377235022 0.279379867
i 3.382982397 0.279379867
i 3.388729772 0.279379867
i 3.394477147 0.279379867
i 3.400224522 0.279379867
i 3.405971897 0.279379867
i 3.411719272 0.279379867
i 3.285277025 0.349224834
i 3.291024400 0.349224834
i 3.296771775 0.349224834
i 3.302519149 0.349224834
i 3.308266524 0.349224834
i 3.314013899 0.349224834
i 3.319761274 0.349224834
i 3.325508649 0.349224834
i 3.331256024 0.349224834
i 3.337003399 0.349224834
i 3.342750773 0.349224834
i 3.348498148 0.349224834
i 3.354245523 0.349224834
i 3.359992898 0.349224834
i 3.365740273 0.349224834
i 3.371487648 0.349224834
i 3.377235022 0.349224834
i 3.382982397 0.349224834
i 3.388729772 0.349224834
i 3.394477147 0.349224834
i 3.400224522 0.349224834
i 3.405971897 0.349224834
i 3.411719272 0.349224834
i 3.285277025 0.419069801
i 3.291024400 0.419069801
i 3.296771775 0.419069801
i 3.302519149 0.419069801
i 3.308266524 0.419069801
i 3.314013899 0.419069801
i 3.319761274 0.419069801
i 3.325508649 0.419069801
i 3.331256024 0.419069801
i 3.337003399 0.419069801
i 3.342750773 0.419069801
i 3.348498148 0.419069801
i 3.354245523 0.419069801
i 3.359992898 0.419069801
i 3.365740273 0.419069801
i 3.371487648 0.419069801
i 3.377235022 0.419069801
i 3.382982397 0.419069801
i 3.388729772 0.419069801
i 3.394477147 0.419069801
i 3.400224522 0.419069801
i 3.405971897 0.419069801
i 3.411719272 0.419069801
i 3.285277025 0.488914767
i 3.291024400 0.488914767
i 3.296771775 0.488914767
i 3.302519149 0.488914767
i 3.308266524 0.488914767
i 3.314013899 0.488914767
i 3.319761274 0.488914767
i 3.325508649 0.488914767
i 3.331256024 0.488914767
i 3.337003399 0.488914767
i 3.342750773 0.488914767
i 3.348498148 0.488914767
i 3.354245523 0.488914767
i 3.359992898 0.488914767
i 3.365740273 0.488914767
i 3.371487648 0.488914767
i 3.377235022 0.488914767
i 3.382982397 0.488914767
i 3.388729772 0.488914767
i 3.394477147 0.488914767
i 3.400224522 0.488914767
i 3.405971897 0.488914767
i 3.411719272 0.488914767
i 3.285277025 0.558759734
i 3.291024400 0.558759734
i 3.296771775 0.558759734
i 3.302519149 0.558759734
i 3.308266524 0.558759734
i 3.314013899 0.558759734
i 3.319761274 0.558759734
i 3.325508649 0.558759734
i 3.331256024 0.558759734
i 3.337003399 0.558759734
i 3.342750773 0.558759734
i 3.348498148 0.558759734
i 3.354245523 0.558759734
i 3.359992898 0.558759734
i 3.365740273 0.558759734
i 3.371487648 0.558759734
i 3.377235022 0.558759734
i 3.382982397 0.558759734
i 3.388729772 0.558759734
i 3.394477147 0.558759734
i 3.400224522 0.558759734
i 3.405971897 0.558759734
i 3.411719272 0.558759734
i 3.285277025 0.628604701
i 3.291024400 0.628604701
i 3.296771775 0.628604701
i 3.302519149 0.628604701
i 3.308266524 0.628604701
i 3.314013899 0.628604701
i 3.319761274 0.628604701
i 3.325508649 0.628604701
i 3.331256024 0.628604701
i 3.337003399 0.628604701
i 3.342750773 0.628604701
i 3.348498148 0.628604701
i 3.354245523 0.628604701
i 3.359992898 0.628604701
i 3.365740273 0.628604701
i 3.371487648 0.628604701
i 3.377235022 0.628604701
i 3.382982397 0.628604701
i 3.388729772 0.628604701
i 3.394477147 0.628604701
i 3.400224522 0.628604701
i 3.405971897 0.628604701
i 3.411719272 0.628604701
i 3.285277025 0.698449668
i 3.291024400 0.698449668
i 3.296771775 0.698449668
i 3.302519149 0.698449668
i 3.308266524 0.698449668
i 3.314013899 0.698449668
i 3.319761274 0.698449668
i 3.325508649 0.698449668
i 3.331256024 0.698449668
i 3.337003399 0.698449668
i 3.342750773 0.698449668
i 3.348498148 0.698449668
i 3.354245523 0.698449668
i 3.359992898 0.698449668
i 3.365740273 0.698449668
i 3.371487648 0.698449668
i 3.377235022 0.698449668
i 3.382982397 0.698449668
i 3.388729772 0.698449668
i 3.394477147 0.698449668
i 3.400224522 0.698449668
i 3.405971897 0.698449668
i 3.411719272 0.698449668
i 3.285277025 0.768294635
i 3.291024400 0.768294635
i 3.296771775 0.768294635
i 3.302519149 0.768294635
i 3.308266524 0.768294635
i 3.314013899 0.768294635
i 3.319761274 0.768294635
i 3.325508649 0.768294635
i 3.331256024 0.768294635
i 3.337003399 0.768294635
i 3.342750773 0.768294635
i 3.348498148 0.768294635
i 3.354245523 0.768294635
i 3.359992898 0.768294635
i 3.365740273 0.768294635
i 3.371487648 0.768294635
i 3.377235022 0.768294635
i 3.382982397 0.768294635
i 3.388729772 0.768294635
i 3.394477147 0.768294635
i 3.400224522 0.768294635
i 3.405971897 0.768294635
i 3.411719272 0.768294635
tris
t 172 170 171
t 172 169 170
t 172 168 169
t 172 167 168
t 172 166 167
t 172 165 166
t 172 164 165
t 172 163 164
t 172 162 163
t 172 161 162
t 172 160 161
t 172 159 160
t 172 158 159
t 172 157 158
t 172 156 157
t 172 155 156
t 172 154 155
t 172 153 154
t 172 152 153
t 172 151 152
t 172 150 151
t 172 149 150
t 172 148 149
t 172 147 148
t 172 146 147
t 172 145 146
t 172 144 145
t 172 143 144
t 172 142 143
t 172 141 142
t 172 140 141
t 172 173 174
t 172 174 175
t 172 175 176
t 172 176 177
t 172 177 178
t 172 178 179
t 172 179 180
t 172 180 181
t 172 181 182
t 172 732 140
t 172 733 732
t 172 734 733
t 172 735 734
t 172 736 735
t 172 737 736
t 172 738 737
t 172 739 738
t 172 740 739
t 172 741 740
t 172 742 741
t 172 743 742
t 172 744 743
t 172 745 744
t 172 746 745
t 172 747 746
t 172 748 747
t 172 749 748
t 172 750 749
t 172 751 750
t 172 752 751
t 172 753 752
t 172 754 753
t 172 755 754
t 172 756 755
t 172 757 756
t 172 758 757
t 172 759 758
t 172 760 759
t 172 761 760
t 172 762 761
t 172 182 762
t 140 138 139
t 140 137 138
t 140 136 137
t 140 135 136
t 140 134 135
t 140 133 134
t 140 132 133
t 140 131 132
t 140 130 131
t 140 129 130
t 140 128 129
t 140 127 128
t 140 126 127
t 140 125 126
t 140 124 125
t 140 123 124
t 140 122 123
t 140 121 122
t 140 120 121
t 140 119 120
t 140 118 119
t 140 117 118
t 140 116 117
t 140 115 116
t 140 114 115
t 140 113 114
t 140 112 113
t 140 111 112
t 140 110 111
t 140 109 110
t 140 108 109
t 140 107 108
t 182 183 184
t 182 184 185
t 182 185 186
t 182 186 187
t 182 187 188
t 182 188 189
t 182 189 190
t 182 190 191
t 182 191 192
t 140 763 107
t 140 764 763
t 140 765 764
t 140 766 765
t 140 767 766
t 140 768 767
t 140 769 768
t 140 770 769
t 140 771 770
t 140 772 771
t 140 773 772
t 140 774 773
t 140 775 774
t 140 776 775
t 140 777 776
t 140 778 777
t 140 779 778
t 140 780 779
t 140 781 780
t 140 782 781
t 140 783 782
t 140 784 783
t 140 785 784
t 140 732 785
t 732 786 785
t 732 733 786
t 733 787 786
t 733 734 787
t 734 788 787
t 734 735 788
t 735 789 788
t 735 736 789
t 736 790 789
t 736 737 790
t 737 791 790
t 737 738 791
t 738 792 791
t 738 739 792
t 739 793 792
t 739 740 793
t 740 794 793
t 740 741 794
t 741 795 794
t 741 742 795
t 742 796 795
t 742 743 796
t 743 797 796
t 743 744 797
t 744 798 797
t 744 745 798
t 745 799 798
t 745 746 799
t 746 800 799
t 746 747 800
t 747 801 800
t 747 748 801
t 748 802 801
t 748 749 802
t 749 803 802
t 749 750 803
t 750 804 803
t 750 751 804
t 751 805 804
t 751 752 805
t 752 806 805
t 752 753 806
t 753 807 806
t 753 754 807
t 754 808 807
t 754 755 808
t 755 809 808
t 755 756 809
t 756 810 809
t 756 757 810
t 757 811 810
t 757 758 811
t 758 812 811
t 758 759 812
t 759 813 812
t 759 760 813
t 760 814 813
t 760 761 814
t 761 815 814
t 761 762 815
t 762 816 815
t 762 182 816
t 182 192 816
t 107 105 106
t 107 104 105
t 107 103 104
t 107 102 103
t 107 101 102
t 107 100 101
t 107 99 100
t 107 98 99
t 107 97 98
t 192 193 194
t 192 194 195
t 192 195 196
t 192 196 197
t 192 197 198
t 192 198 199
t 192 199 200
t 192 200 201
t 192 201 202
t 192 202 0
t 192 0 1
t 192 1 2
t 192 2 3
t 192 3 4
t 192 4 5
t 192 5 6
t 192 6 7
t 192 7 8
t 192 8 9
t 192 9 10
t 107 763 97
t 763 817 97
t 763 764 817
t 764 818 817
t 764 765 818
t 765 819 818
t 765 766 819
t 766 820 819
t 766 767 820
t 767 821 820
t 767 768 821
t 768 822 821
t 768 769 822
t 769 823 822
t 769 770 823
t 770 824 823
t 770 771 824
t 771 825 824
t 771 772 825
t 772 826 825
t 772 773 826
t 773 827 826
t 773 774 827
t 774 828 827
t 774 775 828
t 775 829 828
t 775 776 829
t 776 830 829
t 776 777 830
t 777 831 830
t 777 778 831
t 778 832 831
t 778 779 832
t 779 833 832
t 779 780 833
t 780 834 833
t 780 781 834
t 781 835 834
t 781 782 835
t 782 836 835
t 782 783 836
t 783 837 836
t 783 784 837
t 784 838 837
t 784 785 838
t 785 839 838
t 785 786 839
t 786 840 839
t 786 787 840
t 787 841 840
t 787 788 841
t 788 842 841
t 788 789 842
t 789 843 842
t 789 790 843
t 790 844 843
t 790 791 844
t 791 845 844
t 791 792 845
t 792 846 845
t 792 793 846
t 793 847 846
t 793 794 847
t 794 848 847
t 794 795 848
t 795 849 848
t 795 796 849
t 796 850 849
t 796 797 850
t 797 851 850
t 797 798 851
t 798 852 851
t 798 799 852
t 799 853 852
t 799 800 853
t 800 854 853
t 800 801 854
t 801 855 854
t 801 802 855
t 802 856 855
t 802 803 856
t 803 857 856
t 803 804 857
t 804 858 857
t 804 805 858
t 805 859 858
t 805 806 859
t 806 860 859
t 806 807 860
t 807 861 860
t 807 808 861
t 808 862 861
t 808 809 862
t 809 863 862
t 809 810 863
t 810 864 863
t 810 811 864
t 811 865 864
t 811 812 865
t 812 866 865
t 812 813 866
t 813 867 866
t 813 814 867
t 814 868 867
t 814 815 868
t 815 869 868
t 815 816 869
t 816 870 869
t 816 192 870
t 192 10 870
t 97 95 96
t 97 94 95
t 97 93 94
t 97 92 93
t 97 91 92
t 97 90 91
t 97 89 90
t 97 88 89
t 97 87 88
t 97 86 87
t 97 85 86
t 97 84 85
t 97 83 84
t 97 82 83
t 97 81 82
t 97 80 81
t 97 79 80
t 97 78 79
t 97 77 78
t 97 76 77
t 97 75 76
t 97 74 75
t 97 73 74
t 97 72 73
t 97 71 72
t 97 70 71
t 97 69 70
t 97 68 69
t 97 67 68
t 97 66 67
t 97 65 66
t 97 64 65
t 10 11 12
t 10 12 13
t 10 13 14
t 10 14 15
t 10 15 16
t 10 16 17
t 10 17 18
t 10 18 19
t 10 19 20
t 97 817 64
t 817 818 64
t 818 819 64
t 819 820 64
t 820 821 64
t 821 822 64
t 822 823 64
t 823 824 64
t 824 825 64
t 825 826 64
t 826 827 64
t 827 828 64
t 828 829 64
t 829 830 64
t 830 831 64
t 831 832 64
t 832 833 64
t 833 834 64
t 834 835 64
t 835 836 64
t 836 837 64
t 837 838 64
t 838 839 64
t 839 871 64
t 839 840 871
t 840 872 871
t 840 841 872
t 841 873 872
t 841 842 873
t 842 874 873
t 842 843 874
t 843 875 874
t 843 844 875
t 844 876 875
t 844 845 876
t 845 877 876
t 845 846 877
t 846 878 877
t 846 847 878
t 847 879 878
t 847 848 879
t 848 880 879
t 848 849 880
t 849 881 880
t 849 850 881
t 850 882 881
t 850 851 882
t 851 883 882
t 851 852 883
t 852 884 883
t 852 853 884
t 853 885 884
t 853 854 885
t 854 886 885
t 854 855 886
t 855 887 886
t 855 856 887
t 856 888 887
t 856 857 888
t 857 889 888
t 857 858 889
t 858 890 889
t 858 859 890
t 859 891 890
t 859 860 891
t 860 892 891
t 860 861 892
t 861 893 892
t 861 862 893
t 862 894 893
t 862 863 894
t 863 895 894
t 863 864 895
t 864 896 895
t 864 865 896
t 865 897 896
t 865 866 897
t 866 898 897
t 866 867 898
t 867 899 898
t 867 868 899
t 868 900 899
t 868 869 900
t 869 901 900
t 869 870 901
t 870 902 901
t 870 10 902
t 10 20 902
t 64 62 63
t 64 61 62
t 64 60 61
t 64 59 60
t 64 58 59
t 64 57 58
t 64 56 57
t 64 55 56
t 64 54 55
t 64 53 54
t 64 52 53
t 64 51 52
t 64 50 51
t 64 49 50
t 64 48 49
t 64 47 48
t 64 46 47
t 64 45 46
t 64 44 45
t 64 43 44
t 64 42 43
t 64 41 42
t 64 40 41
t 64 39 40
t 64 38 39
t 64 37 38
t 64 36 37
t 64 35 36
t 64 34 35
t 64 33 34
t 64 32 33
t 64 31 32
t 20 21 22
t 20 22 23
t 20 23 24
t 20 24 25
t 20 25 26
t 20 26 27
t 20 27 28
t 20 28 29
t 20 29 30
t 20 30 31
t 64 871 31
t 871 872 31
t 872 873 31
t 873 874 31
t 874 875 31
t 875 876 31
t 876 877 31
t 877 878 31
t 878 879 31
t 879 880 31
t 880 881 31
t 881 882 31
t 882 883 31
t 883 884 31
t 884 885 31
t 885 886 31
t 886 887 31
t 887 888 31
t 888 889 31
t 889 890 31
t 890 891 31
t 891 892 31
t 892 893 31
t 893 894 31
t 894 895 31
t 895 896 31
t 896 897 31
t 897 898 31
t 898 899 31
t 899 900 31
t 900 901 31
t 901 902 31
t 902 20 31
