type=Nurbs forward=false n_boundary=142 n_holes=0 n_interior=113 n_tris=828 label=brep47598_f220_Nurbs(deg=3/3, cps=4x5)
boundary
b 0.084508511 -0.000005113
b 0.100429298 -0.000009385
b 0.116321874 -0.000012868
b 0.132187422 -0.000015619
b 0.148027110 -0.000017690
b 0.163842089 -0.000019135
b 0.179633503 -0.000020010
b 0.195402482 -0.000020367
b 0.211150147 -0.000020261
b 0.226877614 -0.000019747
b 0.242585992 -0.000018878
b 0.258276384 -0.000017708
b 0.273949893 -0.000016292
b 0.289607619 -0.000014683
b 0.305250663 -0.000012936
b 0.320880127 -0.000011105
b 0.336497118 -0.000009244
b 0.352102745 -0.000007407
b 0.367698125 -0.000005645
b 0.383284372 -0.000003981
b 0.398862591 -0.000002417
b 0.414433875 -0.000000954
b 0.429999307 0.000000405
b 0.445559962 0.000001658
b 0.461116909 0.000002803
b 0.476671210 0.000003838
b 0.492223926 0.000004762
b 0.507776113 0.000005571
b 0.523328828 0.000006264
b 0.538883127 0.000006839
b 0.554440071 0.000007293
b 0.570000723 0.000007626
b 0.585566151 0.000007834
b 0.601137429 0.000007915
b 0.616715641 0.000007868
b 0.632301881 0.000007691
b 0.647897252 0.000007381
b 0.663502869 0.000006945
b 0.679119850 0.000006402
b 0.694749304 0.000005773
b 0.710392338 0.000005079
b 0.726050054 0.000004340
b 0.741723553 0.000003577
b 0.757413937 0.000002810
b 0.773122307 0.000002060
b 0.788849769 0.000001347
b 0.804597431 0.000000691
b 0.820366408 0.000000115
b 0.836157824 -0.000000363
b 0.851972808 -0.000000721
b 0.867812504 -0.000000939
b 0.883678064 -0.000000997
b 0.899570656 -0.000000873
b 0.915491463 -0.000000548
b 0.931441685 0.000000000
b 0.931441685 0.015947009
b 0.931441685 0.031894019
b 0.931441685 0.047841028
b 0.931441685 0.063788037
b 0.931441685 0.079735047
b 0.931441685 0.095682056
b 0.931441685 0.111629066
b 0.931441685 0.127576075
b 0.931441685 0.143523084
b 0.931441685 0.159470094
b 0.931441685 0.175417103
b 0.931441685 0.191364112
b 0.931441685 0.207311122
b 0.931441685 0.223258131
b 0.931441685 0.239205140
b 0.931441685 0.255152150
b 0.931441685 0.271099159
b 0.931441685 0.287046169
b 0.931441685 0.302993178
b 0.931441685 0.318940187
b 0.931441685 0.334887197
b 0.931441685 0.350834206
b 0.931441685 0.366781215
b 0.931441685 0.382728225
b 0.931441685 0.398675234
b 0.931441685 0.414622243
b 0.931441685 0.430569253
b 0.931441685 0.446516262
b 0.931441685 0.462463272
b 0.931441685 0.478410281
b 0.931441685 0.494357290
b 0.931441685 0.510304300
b 0.931441685 0.526251309
b 0.931441685 0.542198318
b 0.931441685 0.558145328
b 0.931441685 0.574092337
b 0.931441685 0.590039346
b 0.931441685 0.605986356
b 0.931441685 0.621933365
b 0.931441685 0.637880375
b 0.931441685 0.653827384
b 0.931441685 0.669774393
b 0.931441685 0.685721403
b 0.931441685 0.701668412
b 0.931441685 0.717615421
b 0.931441685 0.733562431
b 0.931441685 0.749509440
b 0.931441685 0.765456449
b 0.931441685 0.781403459
b 0.931441685 0.797350468
b 0.931441685 0.813297478
b 0.931441685 0.829244487
b 0.931441685 0.845191496
b 0.931441685 0.861138506
b 0.931441685 0.877085515
b 0.903163140 0.877085515
b 0.874974295 0.877085515
b 0.846868623 0.877085515
b 0.818839671 0.877085515
b 0.790881054 0.877085515
b 0.762986452 0.877085515
b 0.735149599 0.877085515
b 0.707364281 0.877085515
b 0.679624330 0.877085515
b 0.651923617 0.877085515
b 0.624256048 0.877085515
b 0.596615557 0.877085515
b 0.568996102 0.877085515
b 0.541391659 0.877085515
b 0.513796220 0.877085515
b 0.486203780 0.877085515
b 0.458608341 0.877085515
b 0.431003898 0.877085515
b 0.403384443 0.877085515
b 0.375743952 0.877085515
b 0.348076383 0.877085515
b 0.320375670 0.877085515
b 0.292635719 0.877085515
b 0.264850401 0.877085515
b 0.237013548 0.877085515
b 0.209118946 0.877085515
b 0.181160329 0.877085515
b 0.153131377 0.877085515
b 0.125025705 0.877085515
b 0.096836860 0.877085515
b 0.068558315 0.877085515
b 0.068558315 -0.000000000
interior
i 0.176418737 0.109617868
i 0.284279158 0.109617868
i 0.392139579 0.109617868
i 0.500000000 0.109617868
i 0.607860421 0.109617868
i 0.715720842 0.109617868
i 0.823581263 0.109617868
i 0.176418737 0.219256104
i 0.284279158 0.219256104
i 0.392139579 0.219256104
i 0.500000000 0.219256104
i 0.607860421 0.219256104
i 0.715720842 0.219256104
i 0.823581263 0.219256104
i 0.176418737 0.328894339
i 0.284279158 0.328894339
i 0.392139579 0.328894339
i 0.500000000 0.328894339
i 0.607860421 0.328894339
i 0.715720842 0.328894339
i 0.823581263 0.328894339
i 0.176418737 0.438532574
i 0.284279158 0.438532574
i 0.392139579 0.438532574
i 0.500000000 0.438532574
i 0.607860421 0.438532574
i 0.715720842 0.438532574
i 0.823581263 0.438532574
i 0.176418737 0.548170809
i 0.284279158 0.548170809
i 0.392139579 0.548170809
i 0.500000000 0.548170809
i 0.607860421 0.548170809
i 0.715720842 0.548170809
i 0.823581263 0.548170809
i 0.176418737 0.657809044
i 0.284279158 0.657809044
i 0.392139579 0.657809044
i 0.500000000 0.657809044
i 0.607860421 0.657809044
i 0.715720842 0.657809044
i 0.823581263 0.657809044
i 0.176418737 0.767447280
i 0.284279158 0.767447280
i 0.392139579 0.767447280
i 0.500000000 0.767447280
i 0.607860421 0.767447280
i 0.715720842 0.767447280
i 0.823581263 0.767447280
i 0.122488526 0.054798751
i 0.122488526 0.164436986
i 0.122488526 0.274075221
i 0.122488526 0.383713456
i 0.122488526 0.493351692
i 0.122488526 0.602989927
i 0.122488526 0.712628162
i 0.122488526 0.822266397
i 0.230348947 0.054798751
i 0.230348947 0.164436986
i 0.230348947 0.274075221
i 0.230348947 0.383713456
i 0.230348947 0.493351692
i 0.230348947 0.602989927
i 0.230348947 0.712628162
i 0.230348947 0.822266397
i 0.338209368 0.054798751
i 0.338209368 0.164436986
i 0.338209368 0.274075221
i 0.338209368 0.383713456
i 0.338209368 0.493351692
i 0.338209368 0.602989927
i 0.338209368 0.712628162
i 0.338209368 0.822266397
i 0.446069789 0.054798751
i 0.446069789 0.164436986
i 0.446069789 0.274075221
i 0.446069789 0.383713456
i 0.446069789 0.493351692
i 0.446069789 0.602989927
i 0.446069789 0.712628162
i 0.446069789 0.822266397
i 0.553930211 0.054798751
i 0.553930211 0.164436986
i 0.553930211 0.274075221
i 0.553930211 0.383713456
i 0.553930211 0.493351692
i 0.553930211 0.602989927
i 0.553930211 0.712628162
i 0.553930211 0.822266397
i 0.661790632 0.054798751
i 0.661790632 0.164436986
i 0.661790632 0.274075221
i 0.661790632 0.383713456
i 0.661790632 0.493351692
i 0.661790632 0.602989927
i 0.661790632 0.712628162
i 0.661790632 0.822266397
i 0.769651053 0.054798751
i 0.769651053 0.164436986
i 0.769651053 0.274075221
i 0.769651053 0.383713456
i 0.769651053 0.493351692
i 0.769651053 0.602989927
i 0.769651053 0.712628162
i 0.769651053 0.822266397
i 0.877511474 0.054798751
i 0.877511474 0.164436986
i 0.877511474 0.274075221
i 0.877511474 0.383713456
i 0.877511474 0.493351692
i 0.877511474 0.602989927
i 0.877511474 0.712628162
i 0.877511474 0.822266397
tris
t 141 0 255
t 0 263 255
t 0 264 263
t 0 1 264
t 1 265 264
t 1 2 265
t 2 266 265
t 2 267 266
t 2 3 267
t 3 268 267
t 3 4 268
t 4 269 268
t 4 270 269
t 4 5 270
t 5 271 270
t 5 6 271
t 6 272 271
t 6 273 272
t 6 7 273
t 7 274 273
t 7 275 274
t 7 8 275
t 8 276 275
t 8 9 276
t 9 277 276
t 9 278 277
t 9 10 278
t 10 279 278
t 10 11 279
t 11 280 279
t 11 281 280
t 11 12 281
t 12 282 281
t 12 13 282
t 13 283 282
t 13 284 283
t 13 14 284
t 14 285 284
t 14 286 285
t 14 15 286
t 15 287 286
t 15 16 287
t 16 288 287
t 16 289 288
t 16 17 289
t 17 290 289
t 17 18 290
t 18 291 290
t 18 292 291
t 18 19 292
t 19 293 292
t 19 20 293
t 20 294 293
t 20 295 294
t 20 21 295
t 21 296 295
t 21 22 296
t 22 297 296
t 22 298 297
t 22 23 298
t 23 299 298
t 23 300 299
t 23 24 300
t 24 301 300
t 24 25 301
t 25 302 301
t 25 303 302
t 25 26 303
t 26 304 303
t 26 27 304
t 27 305 304
t 27 306 305
t 27 28 306
t 28 307 306
t 28 29 307
t 29 308 307
t 29 309 308
t 29 30 309
t 30 310 309
t 30 311 310
t 30 31 311
t 31 312 311
t 31 32 312
t 32 313 312
t 32 314 313
t 32 33 314
t 33 315 314
t 33 34 315
t 34 316 315
t 34 317 316
t 34 35 317
t 35 318 317
t 35 36 318
t 36 319 318
t 36 320 319
t 36 37 320
t 37 321 320
t 37 38 321
t 38 322 321
t 38 323 322
t 38 39 323
t 39 324 323
t 39 325 324
t 39 40 325
t 40 326 325
t 40 41 326
t 41 327 326
t 41 328 327
t 41 42 328
t 42 329 328
t 42 43 329
t 43 330 329
t 43 331 330
t 43 44 331
t 44 332 331
t 44 45 332
t 45 333 332
t 45 334 333
t 45 46 334
t 46 335 334
t 46 336 335
t 46 47 336
t 47 337 336
t 47 48 337
t 48 338 337
t 48 339 338
t 48 49 339
t 49 340 339
t 49 50 340
t 50 341 340
t 50 342 341
t 50 51 342
t 51 343 342
t 51 52 343
t 52 344 343
t 52 345 344
t 52 53 345
t 53 346 345
t 53 256 346
t 53 54 256
t 141 255 257
t 54 55 256
t 55 56 256
t 56 57 256
t 57 58 256
t 58 59 256
t 59 60 256
t 60 61 256
t 61 62 256
t 62 63 256
t 63 64 256
t 64 65 256
t 65 66 256
t 66 67 256
t 67 258 256
t 255 263 257
t 263 347 257
t 263 264 347
t 264 348 347
t 264 265 348
t 265 349 348
t 265 266 349
t 266 350 349
t 266 267 350
t 267 351 350
t 267 268 351
t 268 352 351
t 268 269 352
t 269 353 352
t 269 270 353
t 270 354 353
t 270 271 354
t 271 355 354
t 271 272 355
t 272 356 355
t 272 273 356
t 273 357 356
t 273 274 357
t 274 358 357
t 274 275 358
t 275 359 358
t 275 276 359
t 276 360 359
t 276 277 360
t 277 361 360
t 277 278 361
t 278 362 361
t 278 279 362
t 279 363 362
t 279 280 363
t 280 364 363
t 280 281 364
t 281 365 364
t 281 282 365
t 282 366 365
t 282 283 366
t 283 367 366
t 283 284 367
t 284 368 367
t 284 285 368
t 285 369 368
t 285 286 369
t 286 370 369
t 286 287 370
t 287 371 370
t 287 288 371
t 288 372 371
t 288 289 372
t 289 373 372
t 289 290 373
t 290 374 373
t 290 291 374
t 291 375 374
t 291 292 375
t 292 376 375
t 292 293 376
t 293 377 376
t 293 294 377
t 294 378 377
t 294 295 378
t 295 379 378
t 295 296 379
t 296 380 379
t 296 297 380
t 297 381 380
t 297 298 381
t 298 382 381
t 298 299 382
t 299 383 382
t 299 300 383
t 300 384 383
t 300 301 384
t 301 385 384
t 301 302 385
t 302 386 385
t 302 303 386
t 303 387 386
t 303 304 387
t 304 388 387
t 304 305 388
t 305 389 388
t 305 306 389
t 306 390 389
t 306 307 390
t 307 391 390
t 307 308 391
t 308 392 391
t 308 309 392
t 309 393 392
t 309 310 393
t 310 394 393
t 310 311 394
t 311 395 394
t 311 312 395
t 312 396 395
t 312 313 396
t 313 397 396
t 313 314 397
t 314 398 397
t 314 315 398
t 315 399 398
t 315 316 399
t 316 400 399
t 316 317 400
t 317 401 400
t 317 318 401
t 318 402 401
t 318 319 402
t 319 403 402
t 319 320 403
t 320 404 403
t 320 321 404
t 321 405 404
t 321 322 405
t 322 406 405
t 322 323 406
t 323 407 406
t 323 324 407
t 324 408 407
t 324 325 408
t 325 409 408
t 325 326 409
t 326 410 409
t 326 327 410
t 327 411 410
t 327 328 411
t 328 412 411
t 328 329 412
t 329 413 412
t 329 330 413
t 330 414 413
t 330 331 414
t 331 415 414
t 331 332 415
t 332 416 415
t 332 333 416
t 333 417 416
t 333 334 417
t 334 418 417
t 334 335 418
t 335 419 418
t 335 336 419
t 336 420 419
t 336 337 420
t 337 421 420
t 337 338 421
t 338 422 421
t 338 339 422
t 339 423 422
t 339 340 423
t 340 424 423
t 340 341 424
t 341 425 424
t 341 342 425
t 342 426 425
t 342 343 426
t 343 427 426
t 343 344 427
t 344 428 427
t 344 345 428
t 345 429 428
t 345 346 429
t 346 430 429
t 346 256 430
t 256 258 430
t 141 257 259
t 67 68 258
t 68 69 258
t 69 70 258
t 70 71 258
t 71 72 258
t 72 73 258
t 73 74 258
t 74 75 258
t 75 76 258
t 76 77 258
t 77 78 258
t 78 79 258
t 79 80 258
t 80 81 258
t 81 260 258
t 257 347 259
t 347 431 259
t 347 348 431
t 348 432 431
t 348 349 432
t 349 433 432
t 349 350 433
t 350 434 433
t 350 351 434
t 351 435 434
t 351 352 435
t 352 436 435
t 352 353 436
t 353 437 436
t 353 354 437
t 354 438 437
t 354 355 438
t 355 439 438
t 355 356 439
t 356 440 439
t 356 357 440
t 357 441 440
t 357 358 441
t 358 442 441
t 358 359 442
t 359 443 442
t 359 360 443
t 360 444 443
t 360 361 444
t 361 445 444
t 361 362 445
t 362 446 445
t 362 363 446
t 363 447 446
t 363 364 447
t 364 448 447
t 364 365 448
t 365 449 448
t 365 366 449
t 366 450 449
t 366 367 450
t 367 451 450
t 367 368 451
t 368 452 451
t 368 369 452
t 369 453 452
t 369 370 453
t 370 454 453
t 370 371 454
t 371 455 454
t 371 372 455
t 372 456 455
t 372 373 456
t 373 457 456
t 373 374 457
t 374 458 457
t 374 375 458
t 375 459 458
t 375 376 459
t 376 460 459
t 376 377 460
t 377 461 460
t 377 378 461
t 378 462 461
t 378 379 462
t 379 463 462
t 379 380 463
t 380 464 463
t 380 381 464
t 381 465 464
t 381 382 465
t 382 466 465
t 382 383 466
t 383 467 466
t 383 384 467
t 384 468 467
t 384 385 468
t 385 469 468
t 385 386 469
t 386 470 469
t 386 387 470
t 387 471 470
t 387 388 471
t 388 472 471
t 388 389 472
t 389 473 472
t 389 390 473
t 390 474 473
t 390 391 474
t 391 475 474
t 391 392 475
t 392 476 475
t 392 393 476
t 393 477 476
t 393 394 477
t 394 478 477
t 394 395 478
t 395 479 478
t 395 396 479
t 396 480 479
t 396 397 480
t 397 481 480
t 397 398 481
t 398 482 481
t 398 399 482
t 399 483 482
t 399 400 483
t 400 484 483
t 400 401 484
t 401 485 484
t 401 402 485
t 402 486 485
t 402 403 486
t 403 487 486
t 403 404 487
t 404 488 487
t 404 405 488
t 405 489 488
t 405 406 489
t 406 490 489
t 406 407 490
t 407 491 490
t 407 408 491
t 408 492 491
t 408 409 492
t 409 493 492
t 409 410 493
t 410 494 493
t 410 411 494
t 411 495 494
t 411 412 495
t 412 496 495
t 412 413 496
t 413 497 496
t 413 414 497
t 414 498 497
t 414 415 498
t 415 499 498
t 415 416 499
t 416 500 499
t 416 417 500
t 417 501 500
t 417 418 501
t 418 502 501
t 418 419 502
t 419 503 502
t 419 420 503
t 420 504 503
t 420 421 504
t 421 505 504
t 421 422 505
t 422 506 505
t 422 423 506
t 423 507 506
t 423 424 507
t 424 508 507
t 424 425 508
t 425 509 508
t 425 426 509
t 426 510 509
t 426 427 510
t 427 511 510
t 427 428 511
t 428 512 511
t 428 429 512
t 429 513 512
t 429 430 513
t 430 514 513
t 430 258 514
t 258 260 514
t 141 259 261
t 81 82 260
t 82 83 260
t 83 84 260
t 84 85 260
t 85 86 260
t 86 87 260
t 87 88 260
t 88 89 260
t 89 90 260
t 90 91 260
t 91 92 260
t 92 93 260
t 93 94 260
t 94 95 260
t 95 262 260
t 259 431 261
t 431 515 261
t 431 432 515
t 432 516 515
t 432 433 516
t 433 517 516
t 433 434 517
t 434 518 517
t 434 435 518
t 435 519 518
t 435 436 519
t 436 520 519
t 436 437 520
t 437 521 520
t 437 438 521
t 438 522 521
t 438 439 522
t 439 523 522
t 439 440 523
t 440 524 523
t 440 441 524
t 441 525 524
t 441 442 525
t 442 526 525
t 442 443 526
t 443 527 526
t 443 444 527
t 444 528 527
t 444 445 528
t 445 529 528
t 445 446 529
t 446 530 529
t 446 447 530
t 447 531 530
t 447 448 531
t 448 532 531
t 448 449 532
t 449 533 532
t 449 450 533
t 450 534 533
t 450 451 534
t 451 535 534
t 451 452 535
t 452 536 535
t 452 453 536
t 453 537 536
t 453 454 537
t 454 538 537
t 454 455 538
t 455 539 538
t 455 456 539
t 456 540 539
t 456 457 540
t 457 541 540
t 457 458 541
t 458 542 541
t 458 459 542
t 459 543 542
t 459 460 543
t 460 544 543
t 460 461 544
t 461 545 544
t 461 462 545
t 462 546 545
t 462 463 546
t 463 547 546
t 463 464 547
t 464 548 547
t 464 465 548
t 465 549 548
t 465 466 549
t 466 550 549
t 466 467 550
t 467 551 550
t 467 468 551
t 468 552 551
t 468 469 552
t 469 553 552
t 469 470 553
t 470 554 553
t 470 471 554
t 471 555 554
t 471 472 555
t 472 556 555
t 472 473 556
t 473 557 556
t 473 474 557
t 474 558 557
t 474 475 558
t 475 559 558
t 475 476 559
t 476 560 559
t 476 477 560
t 477 561 560
t 477 478 561
t 478 562 561
t 478 479 562
t 479 563 562
t 479 480 563
t 480 564 563
t 480 481 564
t 481 565 564
t 481 482 565
t 482 566 565
t 482 483 566
t 483 567 566
t 483 484 567
t 484 568 567
t 484 485 568
t 485 569 568
t 485 486 569
t 486 570 569
t 486 487 570
t 487 571 570
t 487 488 571
t 488 572 571
t 488 489 572
t 489 573 572
t 489 490 573
t 490 574 573
t 490 491 574
t 491 575 574
t 491 492 575
t 492 576 575
t 492 493 576
t 493 577 576
t 493 494 577
t 494 578 577
t 494 495 578
t 495 579 578
t 495 496 579
t 496 580 579
t 496 497 580
t 497 581 580
t 497 498 581
t 498 582 581
t 498 499 582
t 499 583 582
t 499 500 583
t 500 584 583
t 500 501 584
t 501 585 584
t 501 502 585
t 502 586 585
t 502 503 586
t 503 587 586
t 503 504 587
t 504 588 587
t 504 505 588
t 505 589 588
t 505 506 589
t 506 590 589
t 506 507 590
t 507 591 590
t 507 508 591
t 508 592 591
t 508 509 592
t 509 593 592
t 509 510 593
t 510 594 593
t 510 511 594
t 511 595 594
t 511 512 595
t 512 596 595
t 512 513 596
t 513 597 596
t 513 514 597
t 514 598 597
t 514 260 598
t 260 262 598
t 141 261 140
t 95 96 262
t 96 97 262
t 97 98 262
t 98 99 262
t 99 100 262
t 100 101 262
t 101 102 262
t 102 103 262
t 103 104 262
t 104 105 262
t 105 106 262
t 106 107 262
t 107 108 262
t 108 109 262
t 261 515 140
t 515 516 140
t 516 139 140
t 516 517 139
t 517 518 139
t 518 519 139
t 519 138 139
t 519 520 138
t 520 521 138
t 521 522 138
t 522 137 138
t 522 523 137
t 523 524 137
t 524 525 137
t 525 136 137
t 525 526 136
t 526 527 136
t 527 135 136
t 527 528 135
t 528 529 135
t 529 530 135
t 530 134 135
t 530 531 134
t 531 532 134
t 532 533 134
t 533 133 134
t 533 534 133
t 534 535 133
t 535 536 133
t 536 132 133
t 536 537 132
t 537 538 132
t 538 131 132
t 538 539 131
t 539 540 131
t 540 541 131
t 541 130 131
t 541 542 130
t 542 543 130
t 543 544 130
t 544 129 130
t 544 545 129
t 545 546 129
t 546 547 129
t 547 128 129
t 547 548 128
t 548 549 128
t 549 550 128
t 550 127 128
t 550 551 127
t 551 552 127
t 552 126 127
t 552 553 126
t 553 554 126
t 554 555 126
t 555 125 126
t 555 556 125
t 556 557 125
t 557 558 125
t 558 124 125
t 558 559 124
t 559 560 124
t 560 561 124
t 561 123 124
t 561 562 123
t 562 563 123
t 563 122 123
t 563 564 122
t 564 565 122
t 565 566 122
t 566 121 122
t 566 567 121
t 567 568 121
t 568 569 121
t 569 120 121
t 569 570 120
t 570 571 120
t 571 572 120
t 572 119 120
t 572 573 119
t 573 574 119
t 574 575 119
t 575 118 119
t 575 576 118
t 576 577 118
t 577 117 118
t 577 578 117
t 578 579 117
t 579 580 117
t 580 116 117
t 580 581 116
t 581 582 116
t 582 583 116
t 583 115 116
t 583 584 115
t 584 585 115
t 585 586 115
t 586 114 115
t 586 587 114
t 587 588 114
t 588 113 114
t 588 589 113
t 589 590 113
t 590 591 113
t 591 112 113
t 591 592 112
t 592 593 112
t 593 594 112
t 594 111 112
t 594 595 111
t 595 596 111
t 596 597 111
t 597 110 111
t 597 598 110
t 598 262 110
t 262 109 110
