type=Nurbs forward=true n_boundary=172 n_holes=0 n_interior=349 n_tris=626 label=brep47598_f96_Nurbs(deg=3/3, cps=4x7)
boundary
b 0.151897114 0.273912174
b 0.176609860 0.273912174
b 0.201168397 0.273912174
b 0.225585291 0.273912174
b 0.249872837 0.273912174
b 0.274043079 0.273912174
b 0.298107839 0.273912174
b 0.322078742 0.273912174
b 0.345967234 0.273912174
b 0.369784609 0.273912174
b 0.393542029 0.273912174
b 0.417250545 0.273912174
b 0.440921116 0.273912174
b 0.464564635 0.273912174
b 0.488191943 0.273912174
b 0.511813851 0.273912174
b 0.535441161 0.273912174
b 0.559084686 0.273912174
b 0.582755265 0.273912174
b 0.606463791 0.273912174
b 0.630221223 0.273912174
b 0.654038614 0.273912174
b 0.677927124 0.273912174
b 0.701898047 0.273912174
b 0.725962831 0.273912174
b 0.750133100 0.273912174
b 0.774420674 0.273912174
b 0.798837601 0.273912174
b 0.823396173 0.273912174
b 0.848108956 0.273912174
b 0.872983426 0.273900156
b 0.872983345 0.277791628
b 0.872983129 0.281704036
b 0.872982822 0.285637297
b 0.872982440 0.289591341
b 0.872981996 0.293566099
b 0.872981507 0.297561501
b 0.872980992 0.301577483
b 0.872980473 0.305613980
b 0.872979975 0.309670929
b 0.872979529 0.313748268
b 0.872979167 0.317845939
b 0.872978928 0.321963884
b 0.872978853 0.326102045
b 0.872978990 0.330260369
b 0.872979392 0.334438801
b 0.872980117 0.338637290
b 0.872981229 0.342855786
b 0.872982800 0.347094239
b 0.872984891 0.351352616
b 0.872987400 0.355631034
b 0.872990130 0.359929715
b 0.872992908 0.364248882
b 0.872995588 0.368588762
b 0.872998051 0.372949584
b 0.873000189 0.377331583
b 0.873001869 0.381735007
b 0.873002977 0.386160111
b 0.873003434 0.390607149
b 0.873003192 0.395076380
b 0.873002237 0.399568067
b 0.873000595 0.404082473
b 0.872998325 0.408619864
b 0.872995530 0.413180509
b 0.872992350 0.417764679
b 0.872988970 0.422372647
b 0.872985619 0.427004689
b 0.872982570 0.431661080
b 0.872980007 0.436341954
b 0.872977931 0.441047226
b 0.872976325 0.445776800
b 0.872975174 0.450530579
b 0.872974464 0.455308472
b 0.872974187 0.460110389
b 0.872974334 0.464936246
b 0.872974904 0.469785960
b 0.872975898 0.474659454
b 0.872977292 0.479556657
b 0.872978965 0.484477521
b 0.872980782 0.489422005
b 0.872982617 0.494390072
b 0.872984347 0.499381690
b 0.872985860 0.504396830
b 0.872987050 0.509435467
b 0.872987824 0.514497581
b 0.872988099 0.519583156
b 0.850536387 0.519583148
b 0.828221677 0.519583150
b 0.806034484 0.519583152
b 0.783965533 0.519583155
b 0.762005732 0.519583157
b 0.740146162 0.519583159
b 0.718378057 0.519583162
b 0.696692795 0.519583164
b 0.675081879 0.519583166
b 0.653536925 0.519583168
b 0.632049650 0.519583171
b 0.610611858 0.519583173
b 0.589215428 0.519583175
b 0.567852299 0.519583178
b 0.546514463 0.519583180
b 0.525193946 0.519583183
b 0.503882803 0.519583185
b 0.482573102 0.519583187
b 0.461256913 0.519583190
b 0.439926295 0.519583192
b 0.418573287 0.519583194
b 0.397189895 0.519583197
b 0.375768079 0.519583199
b 0.354299741 0.519583201
b 0.332776714 0.519583203
b 0.311190746 0.519583206
b 0.289533494 0.519583208
b 0.267796503 0.519583210
b 0.245971198 0.519583212
b 0.224048866 0.519583215
b 0.202020644 0.519583210
b 0.200670555 0.514492785
b 0.199318440 0.509427070
b 0.197964160 0.504385980
b 0.196607634 0.499369430
b 0.195248838 0.494377342
b 0.193887804 0.489409642
b 0.192524620 0.484466257
b 0.191159423 0.479547122
b 0.189792405 0.474652174
b 0.188423785 0.469781359
b 0.187053732 0.464934640
b 0.185682430 0.460111988
b 0.184310107 0.455313379
b 0.182937039 0.450538791
b 0.181563543 0.445788206
b 0.180189978 0.441061611
b 0.178816748 0.436358995
b 0.177444295 0.431680353
b 0.176073047 0.427025670
b 0.174702867 0.422394807
b 0.173333289 0.417787542
b 0.171963916 0.413203656
b 0.170594423 0.408642930
b 0.169224554 0.404105148
b 0.167854127 0.399590098
b 0.166483025 0.395097568
b 0.165111198 0.390627351
b 0.163738664 0.386179241
b 0.162365503 0.381753036
b 0.160991858 0.377348536
b 0.159617934 0.372965543
b 0.158243988 0.368603867
b 0.156870291 0.364263326
b 0.155497158 0.359943744
b 0.154124957 0.355644949
b 0.152754114 0.351366770
b 0.151385104 0.347109040
b 0.150018160 0.342871636
b 0.148653100 0.338654500
b 0.147289737 0.334457581
b 0.145927917 0.330280831
b 0.144567517 0.326124200
b 0.143208449 0.321987643
b 0.141850654 0.317871116
b 0.140494105 0.313774574
b 0.139138803 0.309697977
b 0.137784781 0.305641285
b 0.136432100 0.301604460
b 0.135080851 0.297587466
b 0.133731152 0.293590269
b 0.132383147 0.289612835
b 0.131037011 0.285655134
b 0.129692941 0.281717137
b 0.128351162 0.277798818
b 0.127011903 0.273900156
interior
i 0.220260844 0.304610538
i 0.313509785 0.304610538
i 0.406758727 0.304610538
i 0.500007668 0.304610538
i 0.593256610 0.304610538
i 0.686505551 0.304610538
i 0.779754493 0.304610538
i 0.220260844 0.335320920
i 0.313509785 0.335320920
i 0.406758727 0.335320920
i 0.500007668 0.335320920
i 0.593256610 0.335320920
i 0.686505551 0.335320920
i 0.779754493 0.335320920
i 0.220260844 0.366031303
i 0.313509785 0.366031303
i 0.406758727 0.366031303
i 0.500007668 0.366031303
i 0.593256610 0.366031303
i 0.686505551 0.366031303
i 0.779754493 0.366031303
i 0.220260844 0.396741685
i 0.313509785 0.396741685
i 0.406758727 0.396741685
i 0.500007668 0.396741685
i 0.593256610 0.396741685
i 0.686505551 0.396741685
i 0.779754493 0.396741685
i 0.220260844 0.427452068
i 0.313509785 0.427452068
i 0.406758727 0.427452068
i 0.500007668 0.427452068
i 0.593256610 0.427452068
i 0.686505551 0.427452068
i 0.779754493 0.427452068
i 0.220260844 0.458162450
i 0.313509785 0.458162450
i 0.406758727 0.458162450
i 0.500007668 0.458162450
i 0.593256610 0.458162450
i 0.686505551 0.458162450
i 0.779754493 0.458162450
i 0.220260844 0.488872832
i 0.313509785 0.488872832
i 0.406758727 0.488872832
i 0.500007668 0.488872832
i 0.593256610 0.488872832
i 0.686505551 0.488872832
i 0.779754493 0.488872832
i 0.173636373 0.289255347
i 0.150324138 0.281577751
i 0.196948609 0.281577751
i 0.150324138 0.296932943
i 0.196948609 0.296932943
i 0.173636373 0.319965729
i 0.150324138 0.312288134
i 0.196948609 0.312288134
i 0.150324138 0.327643325
i 0.196948609 0.327643325
i 0.173636373 0.350676112
i 0.150324138 0.342998516
i 0.196948609 0.342998516
i 0.196948609 0.358353707
i 0.173636373 0.381386494
i 0.196948609 0.373708898
i 0.196948609 0.389064090
i 0.173636373 0.412096876
i 0.196948609 0.404419281
i 0.196948609 0.419774472
i 0.266885315 0.289255347
i 0.243573079 0.281577751
i 0.290197550 0.281577751
i 0.243573079 0.296932943
i 0.290197550 0.296932943
i 0.266885315 0.319965729
i 0.243573079 0.312288134
i 0.290197550 0.312288134
i 0.243573079 0.327643325
i 0.290197550 0.327643325
i 0.266885315 0.350676112
i 0.243573079 0.342998516
i 0.290197550 0.342998516
i 0.243573079 0.358353707
i 0.290197550 0.358353707
i 0.266885315 0.381386494
i 0.243573079 0.373708898
i 0.290197550 0.373708898
i 0.243573079 0.389064090
i 0.290197550 0.389064090
i 0.266885315 0.412096876
i 0.243573079 0.404419281
i 0.290197550 0.404419281
i 0.243573079 0.419774472
i 0.290197550 0.419774472
i 0.266885315 0.442807259
i 0.243573079 0.435129663
i 0.290197550 0.435129663
i 0.243573079 0.450484854
i 0.290197550 0.450484854
i 0.266885315 0.473517641
i 0.243573079 0.465840045
i 0.290197550 0.465840045
i 0.243573079 0.481195237
i 0.290197550 0.481195237
i 0.266885315 0.504228023
i 0.243573079 0.496550428
i 0.290197550 0.496550428
i 0.243573079 0.511905619
i 0.290197550 0.511905619
i 0.360134256 0.289255347
i 0.336822021 0.281577751
i 0.383446492 0.281577751
i 0.336822021 0.296932943
i 0.383446492 0.296932943
i 0.360134256 0.319965729
i 0.336822021 0.312288134
i 0.383446492 0.312288134
i 0.336822021 0.327643325
i 0.383446492 0.327643325
i 0.360134256 0.350676112
i 0.336822021 0.342998516
i 0.383446492 0.342998516
i 0.336822021 0.358353707
i 0.383446492 0.358353707
i 0.360134256 0.381386494
i 0.336822021 0.373708898
i 0.383446492 0.373708898
i 0.336822021 0.389064090
i 0.383446492 0.389064090
i 0.360134256 0.412096876
i 0.336822021 0.404419281
i 0.383446492 0.404419281
i 0.336822021 0.419774472
i 0.383446492 0.419774472
i 0.360134256 0.442807259
i 0.336822021 0.435129663
i 0.383446492 0.435129663
i 0.336822021 0.450484854
i 0.383446492 0.450484854
i 0.360134256 0.473517641
i 0.336822021 0.465840045
i 0.383446492 0.465840045
i 0.336822021 0.481195237
i 0.383446492 0.481195237
i 0.360134256 0.504228023
i 0.336822021 0.496550428
i 0.383446492 0.496550428
i 0.336822021 0.511905619
i 0.383446492 0.511905619
i 0.453383198 0.289255347
i 0.430070962 0.281577751
i 0.476695433 0.281577751
i 0.430070962 0.296932943
i 0.476695433 0.296932943
i 0.453383198 0.319965729
i 0.430070962 0.312288134
i 0.476695433 0.312288134
i 0.430070962 0.327643325
i 0.476695433 0.327643325
i 0.453383198 0.350676112
i 0.430070962 0.342998516
i 0.476695433 0.342998516
i 0.430070962 0.358353707
i 0.476695433 0.358353707
i 0.453383198 0.381386494
i 0.430070962 0.373708898
i 0.476695433 0.373708898
i 0.430070962 0.389064090
i 0.476695433 0.389064090
i 0.453383198 0.412096876
i 0.430070962 0.404419281
i 0.476695433 0.404419281
i 0.430070962 0.419774472
i 0.476695433 0.419774472
i 0.453383198 0.442807259
i 0.430070962 0.435129663
i 0.476695433 0.435129663
i 0.430070962 0.450484854
i 0.476695433 0.450484854
i 0.453383198 0.473517641
i 0.430070962 0.465840045
i 0.476695433 0.465840045
i 0.430070962 0.481195237
i 0.476695433 0.481195237
i 0.453383198 0.504228023
i 0.430070962 0.496550428
i 0.476695433 0.496550428
i 0.430070962 0.511905619
i 0.476695433 0.511905619
i 0.546632139 0.289255347
i 0.523319904 0.281577751
i 0.569944374 0.281577751
i 0.523319904 0.296932943
i 0.569944374 0.296932943
i 0.546632139 0.319965729
i 0.523319904 0.312288134
i 0.569944374 0.312288134
i 0.523319904 0.327643325
i 0.569944374 0.327643325
i 0.546632139 0.350676112
i 0.523319904 0.342998516
i 0.569944374 0.342998516
i 0.523319904 0.358353707
i 0.569944374 0.358353707
i 0.546632139 0.381386494
i 0.523319904 0.373708898
i 0.569944374 0.373708898
i 0.523319904 0.389064090
i 0.569944374 0.389064090
i 0.546632139 0.412096876
i 0.523319904 0.404419281
i 0.569944374 0.404419281
i 0.523319904 0.419774472
i 0.569944374 0.419774472
i 0.546632139 0.442807259
i 0.523319904 0.435129663
i 0.569944374 0.435129663
i 0.523319904 0.450484854
i 0.569944374 0.450484854
i 0.546632139 0.473517641
i 0.523319904 0.465840045
i 0.569944374 0.465840045
i 0.523319904 0.481195237
i 0.569944374 0.481195237
i 0.546632139 0.504228023
i 0.523319904 0.496550428
i 0.569944374 0.496550428
i 0.523319904 0.511905619
i 0.569944374 0.511905619
i 0.639881080 0.289255347
i 0.616568845 0.281577751
i 0.663193316 0.281577751
i 0.616568845 0.296932943
i 0.663193316 0.296932943
i 0.639881080 0.319965729
i 0.616568845 0.312288134
i 0.663193316 0.312288134
i 0.616568845 0.327643325
i 0.663193316 0.327643325
i 0.639881080 0.350676112
i 0.616568845 0.342998516
i 0.663193316 0.342998516
i 0.616568845 0.358353707
i 0.663193316 0.358353707
i 0.639881080 0.381386494
i 0.616568845 0.373708898
i 0.663193316 0.373708898
i 0.616568845 0.389064090
i 0.663193316 0.389064090
i 0.639881080 0.412096876
i 0.616568845 0.404419281
i 0.663193316 0.404419281
i 0.616568845 0.419774472
i 0.663193316 0.419774472
i 0.639881080 0.442807259
i 0.616568845 0.435129663
i 0.663193316 0.435129663
i 0.616568845 0.450484854
i 0.663193316 0.450484854
i 0.639881080 0.473517641
i 0.616568845 0.465840045
i 0.663193316 0.465840045
i 0.616568845 0.481195237
i 0.663193316 0.481195237
i 0.639881080 0.504228023
i 0.616568845 0.496550428
i 0.663193316 0.496550428
i 0.616568845 0.511905619
i 0.663193316 0.511905619
i 0.733130022 0.289255347
i 0.709817786 0.281577751
i 0.756442257 0.281577751
i 0.709817786 0.296932943
i 0.756442257 0.296932943
i 0.733130022 0.319965729
i 0.709817786 0.312288134
i 0.756442257 0.312288134
i 0.709817786 0.327643325
i 0.756442257 0.327643325
i 0.733130022 0.350676112
i 0.709817786 0.342998516
i 0.756442257 0.342998516
i 0.709817786 0.358353707
i 0.756442257 0.358353707
i 0.733130022 0.381386494
i 0.709817786 0.373708898
i 0.756442257 0.373708898
i 0.709817786 0.389064090
i 0.756442257 0.389064090
i 0.733130022 0.412096876
i 0.709817786 0.404419281
i 0.756442257 0.404419281
i 0.709817786 0.419774472
i 0.756442257 0.419774472
i 0.733130022 0.442807259
i 0.709817786 0.435129663
i 0.756442257 0.435129663
i 0.709817786 0.450484854
i 0.756442257 0.450484854
i 0.733130022 0.473517641
i 0.709817786 0.465840045
i 0.756442257 0.465840045
i 0.709817786 0.481195237
i 0.756442257 0.481195237
i 0.733130022 0.504228023
i 0.709817786 0.496550428
i 0.756442257 0.496550428
i 0.709817786 0.511905619
i 0.756442257 0.511905619
i 0.826378963 0.289255347
i 0.803066728 0.281577751
i 0.849691199 0.281577751
i 0.803066728 0.296932943
i 0.849691199 0.296932943
i 0.826378963 0.319965729
i 0.803066728 0.312288134
i 0.849691199 0.312288134
i 0.803066728 0.327643325
i 0.849691199 0.327643325
i 0.826378963 0.350676112
i 0.803066728 0.342998516
i 0.849691199 0.342998516
i 0.803066728 0.358353707
i 0.849691199 0.358353707
i 0.826378963 0.381386494
i 0.803066728 0.373708898
i 0.849691199 0.373708898
i 0.803066728 0.389064090
i 0.849691199 0.389064090
i 0.826378963 0.412096876
i 0.803066728 0.404419281
i 0.849691199 0.404419281
i 0.803066728 0.419774472
i 0.849691199 0.419774472
i 0.826378963 0.442807259
i 0.803066728 0.435129663
i 0.849691199 0.435129663
i 0.803066728 0.450484854
i 0.849691199 0.450484854
i 0.826378963 0.473517641
i 0.803066728 0.465840045
i 0.849691199 0.465840045
i 0.803066728 0.481195237
i 0.849691199 0.481195237
i 0.826378963 0.504228023
i 0.803066728 0.496550428
i 0.849691199 0.496550428
i 0.803066728 0.511905619
i 0.849691199 0.511905619
tris
t 171 0 521
t 0 1 521
t 1 529 521
t 1 530 529
t 1 531 530
t 1 532 531
t 1 533 532
t 1 534 533
t 1 535 534
t 1 536 535
t 1 537 536
t 1 538 537
t 1 2 538
t 2 539 538
t 2 540 539
t 2 541 540
t 2 3 541
t 3 542 541
t 3 543 542
t 3 4 543
t 4 544 543
t 4 545 544
t 4 5 545
t 5 546 545
t 5 547 546
t 5 6 547
t 6 548 547
t 6 549 548
t 6 7 549
t 7 550 549
t 7 551 550
t 7 8 551
t 8 552 551
t 8 553 552
t 8 9 553
t 9 554 553
t 9 555 554
t 9 10 555
t 10 556 555
t 10 557 556
t 10 11 557
t 11 558 557
t 11 559 558
t 11 560 559
t 11 12 560
t 12 561 560
t 12 562 561
t 12 13 562
t 13 563 562
t 13 564 563
t 13 14 564
t 14 565 564
t 14 566 565
t 14 15 566
t 15 567 566
t 15 568 567
t 15 16 568
t 16 569 568
t 16 570 569
t 16 17 570
t 17 571 570
t 17 572 571
t 17 18 572
t 18 573 572
t 18 574 573
t 18 19 574
t 19 575 574
t 19 576 575
t 19 20 576
t 20 577 576
t 20 578 577
t 20 579 578
t 20 21 579
t 21 580 579
t 21 581 580
t 21 22 581
t 22 582 581
t 22 583 582
t 22 23 583
t 23 584 583
t 23 585 584
t 23 24 585
t 24 586 585
t 24 587 586
t 24 25 587
t 25 588 587
t 25 589 588
t 25 26 589
t 26 590 589
t 26 591 590
t 26 27 591
t 27 592 591
t 27 593 592
t 27 522 593
t 27 28 522
t 28 29 522
t 29 30 522
t 171 521 170
t 170 521 169
t 169 521 168
t 168 521 167
t 167 521 166
t 166 521 165
t 165 521 164
t 164 521 163
t 163 521 162
t 162 521 161
t 161 521 160
t 160 521 159
t 159 521 158
t 158 521 157
t 157 521 156
t 156 521 523
t 30 31 522
t 31 32 522
t 32 33 522
t 33 34 522
t 34 35 522
t 35 36 522
t 36 37 522
t 37 38 522
t 38 39 522
t 39 40 522
t 40 41 522
t 41 42 522
t 42 43 522
t 43 44 522
t 44 45 522
t 45 524 522
t 521 529 523
t 529 530 523
t 530 531 523
t 531 532 523
t 532 533 523
t 533 534 523
t 534 535 523
t 535 536 523
t 536 537 523
t 537 538 523
t 538 539 523
t 539 540 523
t 540 541 523
t 541 594 523
t 541 542 594
t 542 595 594
t 542 543 595
t 543 596 595
t 543 544 596
t 544 597 596
t 544 545 597
t 545 598 597
t 545 546 598
t 546 599 598
t 546 547 599
t 547 600 599
t 547 548 600
t 548 601 600
t 548 549 601
t 549 602 601
t 549 550 602
t 550 603 602
t 550 551 603
t 551 604 603
t 551 552 604
t 552 605 604
t 552 553 605
t 553 606 605
t 553 554 606
t 554 607 606
t 554 555 607
t 555 608 607
t 555 556 608
t 556 609 608
t 556 557 609
t 557 610 609
t 557 558 610
t 558 611 610
t 558 559 611
t 559 612 611
t 559 560 612
t 560 613 612
t 560 561 613
t 561 614 613
t 561 562 614
t 562 615 614
t 562 563 615
t 563 616 615
t 563 564 616
t 564 617 616
t 564 565 617
t 565 618 617
t 565 566 618
t 566 619 618
t 566 567 619
t 567 620 619
t 567 568 620
t 568 621 620
t 568 569 621
t 569 622 621
t 569 570 622
t 570 623 622
t 570 571 623
t 571 624 623
t 571 572 624
t 572 625 624
t 572 573 625
t 573 626 625
t 573 574 626
t 574 627 626
t 574 575 627
t 575 628 627
t 575 576 628
t 576 629 628
t 576 577 629
t 577 630 629
t 577 578 630
t 578 631 630
t 578 579 631
t 579 632 631
t 579 580 632
t 580 633 632
t 580 581 633
t 581 634 633
t 581 582 634
t 582 635 634
t 582 583 635
t 583 636 635
t 583 584 636
t 584 637 636
t 584 585 637
t 585 638 637
t 585 586 638
t 586 639 638
t 586 587 639
t 587 640 639
t 587 588 640
t 588 641 640
t 588 589 641
t 589 642 641
t 589 590 642
t 590 643 642
t 590 591 643
t 591 644 643
t 591 592 644
t 592 645 644
t 592 593 645
t 593 646 645
t 593 524 646
t 593 522 524
t 156 523 155
t 155 523 154
t 154 523 153
t 153 523 152
t 152 523 151
t 151 523 150
t 150 523 149
t 149 523 148
t 148 523 147
t 147 523 146
t 146 523 145
t 145 523 144
t 144 523 143
t 143 523 142
t 142 523 525
t 45 46 524
t 46 47 524
t 47 48 524
t 48 49 524
t 49 50 524
t 50 51 524
t 51 52 524
t 52 53 524
t 53 54 524
t 54 55 524
t 55 56 524
t 56 57 524
t 57 58 524
t 58 59 524
t 59 526 524
t 523 594 525
t 594 595 525
t 595 596 525
t 596 647 525
t 596 597 647
t 597 648 647
t 597 598 648
t 598 649 648
t 598 599 649
t 599 650 649
t 599 600 650
t 600 651 650
t 600 601 651
t 601 652 651
t 601 602 652
t 602 653 652
t 602 603 653
t 603 654 653
t 603 604 654
t 604 655 654
t 604 605 655
t 605 656 655
t 605 606 656
t 606 657 656
t 606 607 657
t 607 658 657
t 607 608 658
t 608 659 658
t 608 609 659
t 609 660 659
t 609 610 660
t 610 661 660
t 610 611 661
t 611 662 661
t 611 612 662
t 612 663 662
t 612 613 663
t 613 664 663
t 613 614 664
t 614 665 664
t 614 615 665
t 615 666 665
t 615 616 666
t 616 667 666
t 616 617 667
t 617 668 667
t 617 618 668
t 618 669 668
t 618 619 669
t 619 670 669
t 619 620 670
t 620 671 670
t 620 621 671
t 621 672 671
t 621 622 672
t 622 673 672
t 622 623 673
t 623 674 673
t 623 624 674
t 624 675 674
t 624 625 675
t 625 676 675
t 625 626 676
t 626 677 676
t 626 627 677
t 627 678 677
t 627 628 678
t 628 679 678
t 628 629 679
t 629 680 679
t 629 630 680
t 630 681 680
t 630 631 681
t 631 682 681
t 631 632 682
t 632 683 682
t 632 633 683
t 633 684 683
t 633 634 684
t 634 685 684
t 634 635 685
t 635 686 685
t 635 636 686
t 636 687 686
t 636 637 687
t 637 688 687
t 637 638 688
t 638 689 688
t 638 639 689
t 639 690 689
t 639 640 690
t 640 691 690
t 640 641 691
t 641 692 691
t 641 642 692
t 642 693 692
t 642 643 693
t 643 694 693
t 643 644 694
t 644 695 694
t 644 645 695
t 645 696 695
t 645 646 696
t 646 697 696
t 646 524 697
t 524 526 697
t 142 525 141
t 141 525 140
t 140 525 139
t 139 525 138
t 138 525 137
t 137 525 136
t 136 525 135
t 135 525 134
t 134 525 133
t 133 525 132
t 132 525 131
t 131 525 130
t 130 525 129
t 129 525 527
t 59 60 526
t 60 61 526
t 61 62 526
t 62 63 526
t 63 64 526
t 64 65 526
t 65 66 526
t 66 67 526
t 67 68 526
t 68 69 526
t 69 70 526
t 70 71 526
t 71 72 526
t 72 528 526
t 525 647 527
t 647 698 527
t 647 648 698
t 648 699 698
t 648 649 699
t 649 700 699
t 649 650 700
t 650 701 700
t 650 651 701
t 651 702 701
t 651 652 702
t 652 703 702
t 652 653 703
t 653 704 703
t 653 654 704
t 654 705 704
t 654 655 705
t 655 706 705
t 655 656 706
t 656 707 706
t 656 657 707
t 657 708 707
t 657 658 708
t 658 709 708
t 658 659 709
t 659 710 709
t 659 660 710
t 660 711 710
t 660 661 711
t 661 712 711
t 661 662 712
t 662 713 712
t 662 663 713
t 663 714 713
t 663 664 714
t 664 715 714
t 664 665 715
t 665 716 715
t 665 666 716
t 666 717 716
t 666 667 717
t 667 718 717
t 667 668 718
t 668 719 718
t 668 669 719
t 669 720 719
t 669 670 720
t 670 721 720
t 670 671 721
t 671 722 721
t 671 672 722
t 672 723 722
t 672 673 723
t 673 724 723
t 673 674 724
t 674 725 724
t 674 675 725
t 675 726 725
t 675 676 726
t 676 727 726
t 676 677 727
t 677 728 727
t 677 678 728
t 678 729 728
t 678 679 729
t 679 730 729
t 679 680 730
t 680 731 730
t 680 681 731
t 681 732 731
t 681 682 732
t 682 733 732
t 682 683 733
t 683 734 733
t 683 684 734
t 684 735 734
t 684 685 735
t 685 736 735
t 685 686 736
t 686 737 736
t 686 687 737
t 687 738 737
t 687 688 738
t 688 739 738
t 688 689 739
t 689 740 739
t 689 690 740
t 690 741 740
t 690 691 741
t 691 742 741
t 691 692 742
t 692 743 742
t 692 693 743
t 693 744 743
t 693 694 744
t 694 745 744
t 694 695 745
t 695 746 745
t 695 696 746
t 696 747 746
t 696 697 747
t 697 748 747
t 697 528 748
t 697 526 528
t 129 527 128
t 128 527 127
t 127 527 126
t 126 527 125
t 125 527 124
t 124 527 123
t 123 527 122
t 122 527 121
t 121 527 120
t 120 527 119
t 119 527 118
t 118 527 117
t 117 527 116
t 72 73 528
t 73 74 528
t 74 75 528
t 75 76 528
t 76 77 528
t 77 78 528
t 78 79 528
t 79 80 528
t 80 81 528
t 81 82 528
t 82 83 528
t 83 84 528
t 84 85 528
t 527 115 116
t 527 698 115
t 698 114 115
t 698 699 114
t 699 700 114
t 700 113 114
t 700 701 113
t 701 702 113
t 702 112 113
t 702 703 112
t 703 704 112
t 704 111 112
t 704 705 111
t 705 706 111
t 706 110 111
t 706 707 110
t 707 708 110
t 708 109 110
t 708 709 109
t 709 710 109
t 710 108 109
t 710 711 108
t 711 712 108
t 712 107 108
t 712 713 107
t 713 714 107
t 714 106 107
t 714 715 106
t 715 105 106
t 715 716 105
t 716 717 105
t 717 104 105
t 717 718 104
t 718 719 104
t 719 103 104
t 719 720 103
t 720 721 103
t 721 102 103
t 721 722 102
t 722 723 102
t 723 101 102
t 723 724 101
t 724 725 101
t 725 100 101
t 725 726 100
t 726 727 100
t 727 99 100
t 727 728 99
t 728 729 99
t 729 98 99
t 729 730 98
t 730 731 98
t 731 97 98
t 731 732 97
t 732 733 97
t 733 96 97
t 733 734 96
t 734 95 96
t 734 735 95
t 735 736 95
t 736 94 95
t 736 737 94
t 737 738 94
t 738 93 94
t 738 739 93
t 739 740 93
t 740 92 93
t 740 741 92
t 741 742 92
t 742 91 92
t 742 743 91
t 743 744 91
t 744 90 91
t 744 745 90
t 745 746 90
t 746 89 90
t 746 747 89
t 747 748 89
t 748 88 89
t 748 528 88
t 528 87 88
t 528 86 87
t 528 85 86
