type=Nurbs forward=true n_boundary=124 n_holes=0 n_interior=217 n_tris=242 label=brep62542_f96_Nurbs(deg=3/3, cps=4x4)
boundary
b 0.074525454 0.895295543
b 0.074525454 0.865699468
b 0.074525454 0.836632641
b 0.074525454 0.808044625
b 0.074525454 0.779887841
b 0.074525454 0.752117229
b 0.074525454 0.724689936
b 0.074525454 0.697565032
b 0.074525454 0.670703258
b 0.074525454 0.644066779
b 0.074525454 0.617618970
b 0.074525454 0.591324203
b 0.074525454 0.565147653
b 0.074525454 0.539055110
b 0.074525454 0.513012798
b 0.074525454 0.486987202
b 0.074525454 0.460944890
b 0.074525454 0.434852347
b 0.074525454 0.408675797
b 0.074525454 0.382381030
b 0.074525454 0.355933221
b 0.074525454 0.329296742
b 0.074525454 0.302434968
b 0.074525454 0.275310064
b 0.074525454 0.247882771
b 0.074525454 0.220112159
b 0.074525454 0.191955375
b 0.074525454 0.163367359
b 0.074525454 0.134300532
b 0.074525454 0.104704456
b 0.074525454 0.074525454
b 0.104704457 0.074525454
b 0.134300532 0.074525454
b 0.163367359 0.074525454
b 0.191955375 0.074525454
b 0.220112159 0.074525454
b 0.247882771 0.074525454
b 0.275310064 0.074525454
b 0.302434968 0.074525454
b 0.329296742 0.074525454
b 0.355933221 0.074525454
b 0.382381030 0.074525454
b 0.408675797 0.074525454
b 0.434852347 0.074525454
b 0.460944890 0.074525454
b 0.486987202 0.074525454
b 0.513012798 0.074525454
b 0.539055110 0.074525454
b 0.565147653 0.074525454
b 0.591324203 0.074525454
b 0.617618970 0.074525454
b 0.644066779 0.074525454
b 0.670703258 0.074525454
b 0.697565032 0.074525454
b 0.724689936 0.074525454
b 0.752117229 0.074525454
b 0.779887841 0.074525454
b 0.808044625 0.074525454
b 0.836632641 0.074525454
b 0.865699468 0.074525454
b 0.895295543 0.074525454
b 0.925474546 0.074525454
b 0.925474546 0.104704456
b 0.925474546 0.134300532
b 0.925474546 0.163367359
b 0.925474546 0.191955375
b 0.925474546 0.220112159
b 0.925474546 0.247882771
b 0.925474546 0.275310064
b 0.925474546 0.302434968
b 0.925474546 0.329296742
b 0.925474546 0.355933221
b 0.925474546 0.382381030
b 0.925474546 0.408675797
b 0.925474546 0.434852347
b 0.925474546 0.460944890
b 0.925474546 0.486987202
b 0.925474546 0.513012798
b 0.925474546 0.539055110
b 0.925474546 0.565147653
b 0.925474546 0.591324203
b 0.925474546 0.617618970
b 0.925474546 0.644066779
b 0.925474546 0.670703258
b 0.925474546 0.697565032
b 0.925474546 0.724689936
b 0.925474546 0.752117229
b 0.925474546 0.779887841
b 0.925474546 0.808044625
b 0.925474546 0.836632641
b 0.925474546 0.865699468
b 0.925474546 0.895295544
b 0.925474546 0.925474546
b 0.895295543 0.925474546
b 0.865699468 0.925474546
b 0.836632641 0.925474546
b 0.808044625 0.925474546
b 0.779887841 0.925474546
b 0.752117229 0.925474546
b 0.724689936 0.925474546
b 0.697565032 0.925474546
b 0.670703258 0.925474546
b 0.644066779 0.925474546
b 0.617618970 0.925474546
b 0.591324203 0.925474546
b 0.565147653 0.925474546
b 0.539055110 0.925474546
b 0.513012798 0.925474546
b 0.486987202 0.925474546
b 0.460944890 0.925474546
b 0.434852347 0.925474546
b 0.408675797 0.925474546
b 0.382381030 0.925474546
b 0.355933221 0.925474546
b 0.329296742 0.925474546
b 0.302434968 0.925474546
b 0.275310064 0.925474546
b 0.247882771 0.925474546
b 0.220112159 0.925474546
b 0.191955375 0.925474546
b 0.163367359 0.925474546
b 0.134300532 0.925474546
b 0.104704457 0.925474546
b 0.074525454 0.925474546
interior
i 0.180894091 0.180894091
i 0.287262727 0.180894091
i 0.393631364 0.180894091
i 0.500000000 0.180894091
i 0.606368636 0.180894091
i 0.712737273 0.180894091
i 0.819105909 0.180894091
i 0.180894091 0.287262727
i 0.287262727 0.287262727
i 0.393631364 0.287262727
i 0.500000000 0.287262727
i 0.606368636 0.287262727
i 0.712737273 0.287262727
i 0.819105909 0.287262727
i 0.180894091 0.393631364
i 0.287262727 0.393631364
i 0.393631364 0.393631364
i 0.500000000 0.393631364
i 0.606368636 0.393631364
i 0.712737273 0.393631364
i 0.819105909 0.393631364
i 0.180894091 0.500000000
i 0.287262727 0.500000000
i 0.393631364 0.500000000
i 0.500000000 0.500000000
i 0.606368636 0.500000000
i 0.712737273 0.500000000
i 0.819105909 0.500000000
i 0.180894091 0.606368636
i 0.287262727 0.606368636
i 0.393631364 0.606368636
i 0.500000000 0.606368636
i 0.606368636 0.606368636
i 0.712737273 0.606368636
i 0.819105909 0.606368636
i 0.180894091 0.712737273
i 0.287262727 0.712737273
i 0.393631364 0.712737273
i 0.500000000 0.712737273
i 0.606368636 0.712737273
i 0.712737273 0.712737273
i 0.819105909 0.712737273
i 0.180894091 0.819105909
i 0.287262727 0.819105909
i 0.393631364 0.819105909
i 0.500000000 0.819105909
i 0.606368636 0.819105909
i 0.712737273 0.819105909
i 0.819105909 0.819105909
i 0.127709772 0.127709772
i 0.101117613 0.101117613
i 0.154301932 0.101117613
i 0.101117613 0.154301932
i 0.154301932 0.154301932
i 0.127709772 0.234078409
i 0.101117613 0.207486250
i 0.154301932 0.207486250
i 0.101117613 0.260670568
i 0.154301932 0.260670568
i 0.127709772 0.340447045
i 0.101117613 0.313854886
i 0.154301932 0.313854886
i 0.101117613 0.367039204
i 0.154301932 0.367039204
i 0.127709772 0.446815682
i 0.127709772 0.553184318
i 0.101117613 0.526592159
i 0.154301932 0.526592159
i 0.101117613 0.579776477
i 0.154301932 0.579776477
i 0.127709772 0.659552955
i 0.101117613 0.632960796
i 0.154301932 0.632960796
i 0.101117613 0.686145114
i 0.154301932 0.686145114
i 0.127709772 0.765921591
i 0.101117613 0.739329432
i 0.154301932 0.739329432
i 0.101117613 0.792513750
i 0.154301932 0.792513750
i 0.127709772 0.872290228
i 0.234078409 0.127709772
i 0.207486250 0.101117613
i 0.260670568 0.101117613
i 0.207486250 0.154301932
i 0.260670568 0.154301932
i 0.234078409 0.234078409
i 0.234078409 0.340447045
i 0.234078409 0.446815682
i 0.207486250 0.420223523
i 0.260670568 0.420223523
i 0.207486250 0.473407841
i 0.260670568 0.473407841
i 0.234078409 0.553184318
i 0.234078409 0.659552955
i 0.207486250 0.632960796
i 0.260670568 0.632960796
i 0.207486250 0.686145114
i 0.260670568 0.686145114
i 0.234078409 0.765921591
i 0.234078409 0.872290228
i 0.340447045 0.127709772
i 0.340447045 0.234078409
i 0.340447045 0.340447045
i 0.340447045 0.446815682
i 0.340447045 0.553184318
i 0.340447045 0.659552955
i 0.313854886 0.632960796
i 0.367039204 0.632960796
i 0.313854886 0.686145114
i 0.367039204 0.686145114
i 0.340447045 0.765921591
i 0.340447045 0.872290228
i 0.446815682 0.127709772
i 0.446815682 0.234078409
i 0.420223523 0.207486250
i 0.473407841 0.207486250
i 0.420223523 0.260670568
i 0.473407841 0.260670568
i 0.446815682 0.340447045
i 0.420223523 0.313854886
i 0.473407841 0.313854886
i 0.420223523 0.367039204
i 0.473407841 0.367039204
i 0.446815682 0.446815682
i 0.420223523 0.420223523
i 0.473407841 0.420223523
i 0.420223523 0.473407841
i 0.473407841 0.473407841
i 0.446815682 0.553184318
i 0.420223523 0.526592159
i 0.473407841 0.526592159
i 0.420223523 0.579776477
i 0.473407841 0.579776477
i 0.446815682 0.659552955
i 0.446815682 0.765921591
i 0.420223523 0.739329432
i 0.473407841 0.739329432
i 0.420223523 0.792513750
i 0.473407841 0.792513750
i 0.446815682 0.872290228
i 0.420223523 0.845698068
i 0.473407841 0.845698068
i 0.420223523 0.898882387
i 0.473407841 0.898882387
i 0.553184318 0.127709772
i 0.553184318 0.234078409
i 0.553184318 0.340447045
i 0.553184318 0.446815682
i 0.553184318 0.553184318
i 0.526592159 0.526592159
i 0.579776477 0.526592159
i 0.526592159 0.579776477
i 0.579776477 0.579776477
i 0.553184318 0.659552955
i 0.553184318 0.765921591
i 0.553184318 0.872290228
i 0.659552955 0.127709772
i 0.659552955 0.234078409
i 0.632960796 0.207486250
i 0.686145114 0.207486250
i 0.632960796 0.260670568
i 0.686145114 0.260670568
i 0.659552955 0.340447045
i 0.659552955 0.446815682
i 0.659552955 0.553184318
i 0.659552955 0.659552955
i 0.632960796 0.632960796
i 0.686145114 0.632960796
i 0.632960796 0.686145114
i 0.686145114 0.686145114
i 0.659552955 0.765921591
i 0.632960796 0.739329432
i 0.686145114 0.739329432
i 0.632960796 0.792513750
i 0.686145114 0.792513750
i 0.659552955 0.872290228
i 0.765921591 0.127709772
i 0.739329432 0.101117613
i 0.792513750 0.101117613
i 0.739329432 0.154301932
i 0.792513750 0.154301932
i 0.765921591 0.234078409
i 0.765921591 0.340447045
i 0.765921591 0.446815682
i 0.739329432 0.420223523
i 0.792513750 0.420223523
i 0.739329432 0.473407841
i 0.792513750 0.473407841
i 0.765921591 0.553184318
i 0.765921591 0.659552955
i 0.739329432 0.632960796
i 0.792513750 0.632960796
i 0.739329432 0.686145114
i 0.792513750 0.686145114
i 0.765921591 0.765921591
i 0.739329432 0.739329432
i 0.792513750 0.739329432
i 0.739329432 0.792513750
i 0.792513750 0.792513750
i 0.765921591 0.872290228
i 0.872290228 0.127709772
i 0.872290228 0.234078409
i 0.872290228 0.340447045
i 0.872290228 0.446815682
i 0.872290228 0.553184318
i 0.845698068 0.526592159
i 0.898882387 0.526592159
i 0.845698068 0.579776477
i 0.898882387 0.579776477
i 0.872290228 0.659552955
i 0.845698068 0.632960796
i 0.898882387 0.632960796
i 0.845698068 0.686145114
i 0.898882387 0.686145114
i 0.872290228 0.765921591
i 0.872290228 0.872290228
tris
t 30 28 29
t 30 27 28
t 30 26 27
t 30 25 26
t 30 24 25
t 30 23 24
t 30 22 23
t 30 21 22
t 30 20 21
t 61 62 63
t 61 63 64
t 61 64 65
t 61 65 66
t 61 66 67
t 61 67 68
t 61 68 69
t 61 69 70
t 61 70 71
t 30 31 20
t 31 341 20
t 31 32 341
t 32 342 341
t 32 33 342
t 33 343 342
t 33 34 343
t 34 344 343
t 34 35 344
t 35 345 344
t 35 36 345
t 36 346 345
t 36 37 346
t 37 347 346
t 37 38 347
t 38 348 347
t 38 39 348
t 39 349 348
t 39 40 349
t 40 350 349
t 40 41 350
t 41 351 350
t 41 42 351
t 42 352 351
t 42 43 352
t 43 353 352
t 43 44 353
t 44 354 353
t 44 45 354
t 45 355 354
t 45 46 355
t 46 356 355
t 46 47 356
t 47 357 356
t 47 48 357
t 48 358 357
t 48 49 358
t 49 359 358
t 49 50 359
t 50 360 359
t 50 51 360
t 51 361 360
t 51 52 361
t 52 362 361
t 52 53 362
t 53 363 362
t 53 54 363
t 54 364 363
t 54 55 364
t 55 365 364
t 55 56 365
t 56 366 365
t 56 57 366
t 57 367 366
t 57 58 367
t 58 368 367
t 58 59 368
t 59 369 368
t 59 60 369
t 60 370 369
t 60 61 370
t 61 71 370
t 20 18 19
t 20 17 18
t 20 16 17
t 20 15 16
t 20 14 15
t 20 13 14
t 20 12 13
t 20 11 12
t 20 10 11
t 71 72 73
t 71 73 74
t 71 74 75
t 71 75 76
t 71 76 77
t 71 77 78
t 71 78 79
t 71 79 80
t 71 80 81
t 20 341 10
t 341 371 10
t 341 342 371
t 342 372 371
t 342 343 372
t 343 373 372
t 343 344 373
t 344 374 373
t 344 345 374
t 345 375 374
t 345 346 375
t 346 376 375
t 346 347 376
t 347 377 376
t 347 348 377
t 348 378 377
t 348 349 378
t 349 379 378
t 349 350 379
t 350 380 379
t 350 351 380
t 351 381 380
t 351 352 381
t 352 382 381
t 352 353 382
t 353 383 382
t 353 354 383
t 354 384 383
t 354 355 384
t 355 385 384
t 355 356 385
t 356 386 385
t 356 357 386
t 357 387 386
t 357 358 387
t 358 388 387
t 358 359 388
t 359 389 388
t 359 360 389
t 360 390 389
t 360 361 390
t 361 391 390
t 361 362 391
t 362 392 391
t 362 363 392
t 363 393 392
t 363 364 393
t 364 394 393
t 364 365 394
t 365 395 394
t 365 366 395
t 366 396 395
t 366 367 396
t 367 397 396
t 367 368 397
t 368 398 397
t 368 369 398
t 369 399 398
t 369 370 399
t 370 400 399
t 370 71 400
t 71 81 400
t 10 8 9
t 10 7 8
t 10 6 7
t 10 5 6
t 10 4 5
t 10 3 4
t 10 2 3
t 10 1 2
t 10 0 1
t 10 123 0
t 81 82 83
t 81 83 84
t 81 84 85
t 81 85 86
t 81 86 87
t 81 87 88
t 81 88 89
t 81 89 90
t 81 90 91
t 81 91 92
t 10 371 123
t 371 122 123
t 371 372 122
t 372 121 122
t 372 373 121
t 373 120 121
t 373 374 120
t 374 119 120
t 374 375 119
t 375 118 119
t 375 376 118
t 376 117 118
t 376 377 117
t 377 116 117
t 377 378 116
t 378 115 116
t 378 379 115
t 379 114 115
t 379 380 114
t 380 113 114
t 380 381 113
t 381 112 113
t 381 382 112
t 382 111 112
t 382 383 111
t 383 110 111
t 383 384 110
t 384 109 110
t 384 385 109
t 385 108 109
t 385 386 108
t 386 107 108
t 386 387 107
t 387 106 107
t 387 388 106
t 388 105 106
t 388 389 105
t 389 104 105
t 389 390 104
t 390 103 104
t 390 391 103
t 391 102 103
t 391 392 102
t 392 101 102
t 392 393 101
t 393 100 101
t 393 394 100
t 394 99 100
t 394 395 99
t 395 98 99
t 395 396 98
t 396 97 98
t 396 397 97
t 397 96 97
t 397 398 96
t 398 95 96
t 398 399 95
t 399 94 95
t 399 400 94
t 400 93 94
t 400 92 93
t 400 81 92
