type=Cone forward=true n_boundary=197 n_holes=0 n_interior=99 n_tris=294 label=brep32629_f57_Cone
boundary
b 3.064252432 0.018004083
b 3.064709189 0.018016297
b 3.065160891 0.018036592
b 3.065607674 0.018064917
b 3.066049673 0.018101220
b 3.066487022 0.018145452
b 3.066919856 0.018197561
b 3.067348311 0.018257497
b 3.067772521 0.018325208
b 3.068192621 0.018400644
b 3.068608746 0.018483753
b 3.069021032 0.018574486
b 3.069429612 0.018672791
b 3.069834622 0.018778617
b 3.070236022 0.018891904
b 3.070633446 0.019012577
b 3.071026488 0.019140556
b 3.071414740 0.019275763
b 3.071797797 0.019418120
b 3.072175252 0.019567548
b 3.072546699 0.019723968
b 3.072911731 0.019887303
b 3.073269944 0.020057473
b 3.073620929 0.020234401
b 3.073964281 0.020418007
b 3.074299594 0.020608214
b 3.074626461 0.020804942
b 3.074944480 0.021008109
b 3.075253348 0.021217546
b 3.075552859 0.021432995
b 3.075842812 0.021654192
b 3.076123005 0.021880878
b 3.076393239 0.022112789
b 3.076653311 0.022349665
b 3.076903020 0.022591243
b 3.077142166 0.022837262
b 3.077370547 0.023087459
b 3.077587962 0.023341573
b 3.077794210 0.023599343
b 3.077989090 0.023860506
b 3.078172400 0.024124801
b 3.078343944 0.024391990
b 3.078503573 0.024662050
b 3.078651160 0.024935070
b 3.078786577 0.025211138
b 3.078909699 0.025490341
b 3.079020398 0.025772768
b 3.079118547 0.026058508
b 3.079204021 0.026347649
b 3.079276693 0.026640279
b 3.079336436 0.026936487
b 3.079383123 0.027236362
b 3.079416627 0.027539991
b 3.079436823 0.027847462
b 3.079443583 0.028158866
b 3.044861907 0.018000000
b 3.044601304 0.017320248
b 3.044338916 0.016641425
b 3.044074726 0.015963530
b 3.043808716 0.015286563
b 3.043540868 0.014610524
b 3.043271166 0.013935412
b 3.042999589 0.013261226
b 3.042726121 0.012587967
b 3.042450743 0.011915634
b 3.042173435 0.011244225
b 3.041894179 0.010573742
b 3.041612956 0.009904183
b 3.041329745 0.009235548
b 3.041044528 0.008567837
b 3.040757283 0.007901048
b 3.040467991 0.007235182
b 3.040176630 0.006570238
b 3.039883180 0.005906216
b 3.039587620 0.005243115
b 3.039289928 0.004580936
b 3.038990082 0.003919682
b 3.038688060 0.003259355
b 3.038383840 0.002599957
b 3.038077400 0.001941490
b 3.037768716 0.001283956
b 3.037457766 0.000627357
b 3.037144526 -0.000028304
b 3.036828971 -0.000683025
b 3.036511079 -0.001336805
b 3.036190824 -0.001989641
b 3.035868182 -0.002641530
b 3.035543128 -0.003292472
b 3.035215636 -0.003942463
b 3.034885680 -0.004591501
b 3.034553235 -0.005239585
b 3.034218274 -0.005886712
b 3.033880770 -0.006532880
b 3.033540696 -0.007178088
b 3.033198023 -0.007822336
b 3.032852722 -0.008465624
b 3.032504765 -0.009107953
b 3.032154121 -0.009749323
b 3.031800760 -0.010389734
b 3.031444652 -0.011029187
b 3.031085766 -0.011667681
b 3.030724069 -0.012305218
b 3.030359531 -0.012941797
b 3.029992119 -0.013577420
b 3.029621800 -0.014212085
b 3.029248540 -0.014845793
b 3.028872305 -0.015478546
b 3.028493061 -0.016110343
b 3.028110773 -0.016741184
b 3.027725405 -0.017371069
b 3.027336921 -0.018000000
b 3.029078164 -0.018000000
b 3.030819407 -0.018000000
b 3.032560651 -0.018000000
b 3.034301894 -0.018000000
b 3.036043137 -0.018000000
b 3.037784380 -0.018000000
b 3.039525623 -0.018000000
b 3.041266867 -0.018000000
b 3.043008110 -0.018000000
b 3.044749353 -0.018000000
b 3.046490596 -0.018000000
b 3.048231840 -0.018000000
b 3.049973083 -0.018000000
b 3.051714326 -0.018000000
b 3.053455569 -0.018000000
b 3.055196813 -0.018000000
b 3.056938056 -0.018000000
b 3.058679299 -0.018000000
b 3.060420542 -0.018000000
b 3.062161786 -0.018000000
b 3.063903029 -0.018000000
b 3.065644272 -0.018000000
b 3.067385515 -0.018000000
b 3.069126758 -0.018000000
b 3.070868002 -0.018000000
b 3.072609245 -0.018000000
b 3.074350488 -0.018000000
b 3.076091731 -0.018000000
b 3.077832975 -0.018000000
b 3.079574218 -0.018000000
b 3.081315461 -0.018000000
b 3.080927592 -0.017372069
b 3.080542805 -0.016743147
b 3.080161064 -0.016113233
b 3.079782336 -0.015482326
b 3.079406584 -0.014850426
b 3.079033777 -0.014217533
b 3.078663880 -0.013583648
b 3.078296862 -0.012948768
b 3.077932689 -0.012312895
b 3.077571330 -0.011676027
b 3.077212754 -0.011038165
b 3.076856930 -0.010399309
b 3.076503828 -0.009759457
b 3.076153418 -0.009118610
b 3.075805670 -0.008476768
b 3.075460555 -0.007833929
b 3.075118044 -0.007190095
b 3.074778110 -0.006545264
b 3.074440725 -0.005899436
b 3.074105860 -0.005252613
b 3.073773492 -0.004604797
b 3.073443592 -0.003955989
b 3.073116136 -0.003306192
b 3.072791099 -0.002655407
b 3.072468454 -0.002003638
b 3.072148179 -0.001350885
b 3.071830248 -0.000697151
b 3.071514638 -0.000042438
b 3.071201324 0.000613253
b 3.070890284 0.001269918
b 3.070581494 0.001927556
b 3.070274931 0.002586166
b 3.069970574 0.003245744
b 3.069668399 0.003906289
b 3.069368385 0.004567799
b 3.069070511 0.005230271
b 3.068774754 0.005893705
b 3.068481095 0.006558098
b 3.068189511 0.007223451
b 3.067899982 0.007889764
b 3.067612488 0.008557038
b 3.067327010 0.009225274
b 3.067043526 0.009894471
b 3.066762018 0.010564630
b 3.066482466 0.011235752
b 3.066204852 0.011907836
b 3.065929156 0.012580884
b 3.065655361 0.013254896
b 3.065383447 0.013929872
b 3.065113396 0.014605813
b 3.064845192 0.015282718
b 3.064578816 0.015960589
b 3.064314251 0.016639427
b 3.064051480 0.017319230
b 3.063790485 0.018000000
interior
i 3.031835133 -0.015115071
i 3.036333344 -0.015115071
i 3.040831556 -0.015115071
i 3.045329768 -0.015115071
i 3.049827979 -0.015115071
i 3.054326191 -0.015115071
i 3.058824403 -0.015115071
i 3.063322614 -0.015115071
i 3.067820826 -0.015115071
i 3.072319038 -0.015115071
i 3.076817249 -0.015115071
i 3.031835133 -0.012230142
i 3.036333344 -0.012230142
i 3.040831556 -0.012230142
i 3.045329768 -0.012230142
i 3.049827979 -0.012230142
i 3.054326191 -0.012230142
i 3.058824403 -0.012230142
i 3.063322614 -0.012230142
i 3.067820826 -0.012230142
i 3.072319038 -0.012230142
i 3.076817249 -0.012230142
i 3.036333344 -0.009345213
i 3.040831556 -0.009345213
i 3.045329768 -0.009345213
i 3.049827979 -0.009345213
i 3.054326191 -0.009345213
i 3.058824403 -0.009345213
i 3.063322614 -0.009345213
i 3.067820826 -0.009345213
i 3.072319038 -0.009345213
i 3.036333344 -0.006460284
i 3.040831556 -0.006460284
i 3.045329768 -0.006460284
i 3.049827979 -0.006460284
i 3.054326191 -0.006460284
i 3.058824403 -0.006460284
i 3.063322614 -0.006460284
i 3.067820826 -0.006460284
i 3.072319038 -0.006460284
i 3.036333344 -0.003575355
i 3.040831556 -0.003575355
i 3.045329768 -0.003575355
i 3.049827979 -0.003575355
i 3.054326191 -0.003575355
i 3.058824403 -0.003575355
i 3.063322614 -0.003575355
i 3.067820826 -0.003575355
i 3.072319038 -0.003575355
i 3.040831556 -0.000690425
i 3.045329768 -0.000690425
i 3.049827979 -0.000690425
i 3.054326191 -0.000690425
i 3.058824403 -0.000690425
i 3.063322614 -0.000690425
i 3.067820826 -0.000690425
i 3.040831556 0.002194504
i 3.045329768 0.002194504
i 3.049827979 0.002194504
i 3.054326191 0.002194504
i 3.058824403 0.002194504
i 3.063322614 0.002194504
i 3.067820826 0.002194504
i 3.040831556 0.005079433
i 3.045329768 0.005079433
i 3.049827979 0.005079433
i 3.054326191 0.005079433
i 3.058824403 0.005079433
i 3.063322614 0.005079433
i 3.067820826 0.005079433
i 3.045329768 0.007964362
i 3.049827979 0.007964362
i 3.054326191 0.007964362
i 3.058824403 0.007964362
i 3.063322614 0.007964362
i 3.045329768 0.010849291
i 3.049827979 0.010849291
i 3.054326191 0.010849291
i 3.058824403 0.010849291
i 3.063322614 0.010849291
i 3.045329768 0.013734220
i 3.049827979 0.013734220
i 3.054326191 0.013734220
i 3.058824403 0.013734220
i 3.063322614 0.013734220
i 3.045329768 0.016619149
i 3.049827979 0.016619149
i 3.054326191 0.016619149
i 3.058824403 0.016619149
i 3.063322614 0.016619149
i 3.054326191 0.019504078
i 3.058824403 0.019504078
i 3.063322614 0.019504078
i 3.067820826 0.019504078
i 3.063322614 0.022389007
i 3.067820826 0.022389007
i 3.072319038 0.022389007
i 3.072319038 0.025273936
i 3.076817249 0.025273936
tris
t 295 0 1
t 1 2 3
t 3 4 5
t 5 6 7
t 7 8 9
t 9 10 11
t 11 12 13
t 13 14 15
t 15 16 17
t 17 18 19
t 19 20 21
t 21 22 23
t 23 24 25
t 25 26 27
t 27 28 29
t 29 30 31
t 31 32 33
t 33 34 35
t 35 36 37
t 37 38 39
t 39 40 41
t 41 42 43
t 43 44 45
t 45 46 47
t 47 48 49
t 49 50 51
t 51 52 53
t 53 54 55
t 109 110 111
t 140 141 142
t 206 207 208
t 217 218 219
t 226 227 228
t 235 236 237
t 244 245 246
t 251 252 253
t 258 259 260
t 265 266 267
t 270 271 272
t 275 276 277
t 280 281 282
t 285 286 287
t 289 290 291
t 292 293 294
t 295 1 3
t 3 5 7
t 7 9 11
t 11 13 15
t 15 17 19
t 19 21 23
t 23 25 27
t 27 29 31
t 31 33 35
t 35 37 39
t 39 41 43
t 43 45 47
t 47 49 51
t 51 53 55
t 108 109 111
t 139 140 142
t 205 206 208
t 216 217 219
t 225 226 228
t 234 235 237
t 243 244 246
t 250 251 253
t 257 258 260
t 264 265 267
t 269 270 272
t 274 275 277
t 279 280 282
t 284 285 287
t 288 289 291
t 291 292 294
t 295 3 7
t 7 11 15
t 15 19 23
t 23 27 31
t 31 35 39
t 39 43 47
t 107 108 111
t 138 139 142
t 195 196 197
t 204 205 208
t 215 216 219
t 224 225 228
t 233 234 237
t 242 243 246
t 249 250 253
t 256 257 260
t 263 264 267
t 268 269 272
t 273 274 277
t 278 279 282
t 283 284 287
t 287 288 291
t 295 7 15
t 15 23 31
t 31 39 47
t 106 107 111
t 137 138 142
t 194 195 197
t 203 204 208
t 214 215 219
t 223 224 228
t 232 233 237
t 241 242 246
t 248 249 253
t 255 256 260
t 262 263 267
t 267 268 272
t 272 273 277
t 277 278 282
t 282 283 287
t 295 15 31
t 31 47 51
t 105 106 111
t 136 137 142
t 202 203 208
t 213 214 219
t 222 223 228
t 231 232 237
t 240 241 246
t 247 248 253
t 254 255 260
t 261 262 267
t 295 31 51
t 104 105 111
t 135 136 142
t 201 202 208
t 212 213 219
t 221 222 228
t 230 231 237
t 239 240 246
t 246 247 253
t 253 254 260
t 260 261 267
t 294 295 51
t 103 104 111
t 134 135 142
t 200 201 208
t 211 212 219
t 220 221 228
t 229 230 237
t 238 239 246
t 260 267 272
t 294 51 55
t 102 103 111
t 133 134 142
t 193 194 197
t 199 200 208
t 210 211 219
t 219 220 228
t 228 229 237
t 237 238 246
t 260 272 277
t 287 291 55
t 291 294 55
t 101 102 111
t 132 133 142
t 192 193 197
t 198 199 208
t 209 210 219
t 237 246 253
t 260 277 282
t 282 287 55
t 100 101 111
t 131 132 142
t 191 192 197
t 197 198 208
t 208 209 219
t 237 253 260
t 260 282 55
t 99 100 111
t 130 131 142
t 190 191 197
t 208 219 228
t 260 55 56
t 98 99 111
t 129 130 142
t 189 190 197
t 208 228 237
t 260 56 57
t 97 98 111
t 128 129 142
t 188 189 197
t 260 57 58
t 96 97 111
t 127 128 142
t 187 188 197
t 260 58 59
t 95 96 111
t 126 127 142
t 186 187 197
t 260 59 60
t 94 95 111
t 125 126 142
t 185 186 197
t 237 260 60
t 93 94 111
t 124 125 142
t 184 185 197
t 237 60 61
t 92 93 111
t 123 124 142
t 183 184 197
t 237 61 62
t 91 92 111
t 122 123 142
t 182 183 197
t 237 62 63
t 90 91 111
t 121 122 142
t 181 182 197
t 237 63 64
t 89 90 111
t 120 121 142
t 180 181 197
t 237 64 65
t 88 89 111
t 119 120 142
t 179 180 197
t 237 65 66
t 87 88 111
t 118 119 142
t 178 179 197
t 237 66 67
t 86 87 111
t 117 118 142
t 177 178 197
t 237 67 68
t 85 86 111
t 116 117 142
t 176 177 197
t 237 68 69
t 84 85 111
t 115 116 142
t 175 176 197
t 237 69 70
t 83 84 111
t 114 115 142
t 174 175 197
t 237 70 71
t 82 83 111
t 113 114 142
t 173 174 197
t 237 71 72
t 81 82 111
t 112 113 142
t 172 173 197
t 237 72 73
t 80 81 111
t 111 112 142
t 171 172 197
t 208 237 73
t 79 80 111
t 111 142 143
t 170 171 197
t 208 73 74
t 78 79 111
t 111 143 144
t 169 170 197
t 208 74 75
t 77 78 111
t 111 144 145
t 168 169 197
t 208 75 76
t 76 77 111
t 111 145 146
t 167 168 197
t 208 76 111
t 111 146 147
t 166 167 197
t 197 208 111
t 111 147 148
t 165 166 197
t 197 111 148
t 164 165 197
t 197 148 149
t 163 164 197
t 197 149 150
t 162 163 197
t 197 150 151
t 161 162 197
t 197 151 152
t 160 161 197
t 197 152 153
t 159 160 197
t 197 153 154
t 158 159 197
t 197 154 155
t 157 158 197
t 197 155 156
t 156 157 197
