type=Nurbs forward=false n_boundary=165 n_holes=0 n_interior=79 n_tris=2461 label=brep47598_f86_Nurbs(deg=3/3, cps=4x15)
boundary
b 0.080292168 0.997959852
b 0.085078320 0.976750169
b 0.090167923 0.955552046
b 0.095569382 0.934363622
b 0.101290613 0.913183039
b 0.107339093 0.892008444
b 0.113721927 0.870837986
b 0.120447121 0.849671135
b 0.127509050 0.828511695
b 0.134898715 0.807364765
b 0.142612869 0.786235708
b 0.150654001 0.765130103
b 0.159030306 0.744053687
b 0.167761085 0.723010973
b 0.176882403 0.701999587
b 0.186431198 0.681014135
b 0.196441051 0.660049029
b 0.206942238 0.639098530
b 0.217962014 0.618156789
b 0.229524343 0.597220972
b 0.241567944 0.576320736
b 0.253999513 0.555508111
b 0.266764874 0.534837632
b 0.279847426 0.514365622
b 0.293265671 0.494149670
b 0.307071071 0.474245764
b 0.321285526 0.454680795
b 0.335889996 0.435457839
b 0.350864101 0.416581312
b 0.366189033 0.398057795
b 0.381855561 0.379896112
b 0.397863766 0.362106804
b 0.414219862 0.344692959
b 0.430932092 0.327648573
b 0.448003378 0.310968460
b 0.465429195 0.294649211
b 0.483195605 0.278689332
b 0.501287089 0.263088171
b 0.519709628 0.247833721
b 0.538497575 0.232895466
b 0.557676820 0.218241769
b 0.577256077 0.203842170
b 0.597239926 0.189666677
b 0.617634790 0.175685575
b 0.638488578 0.161853840
b 0.659922446 0.148093121
b 0.682044771 0.134320089
b 0.704949592 0.120450872
b 0.728726250 0.106401268
b 0.753463931 0.092086949
b 0.779211450 0.077447628
b 0.805889590 0.062492945
b 0.833391522 0.047246366
b 0.861606740 0.031732034
b 0.890420510 0.015974745
b 0.919713161 -0.000000000
b 0.919718589 0.018239096
b 0.919730768 0.036483649
b 0.919744592 0.054729122
b 0.919755338 0.072970967
b 0.919758271 0.091204761
b 0.919745693 0.109428739
b 0.919706450 0.127644128
b 0.919641897 0.145850716
b 0.919588610 0.164043768
b 0.919571346 0.182218280
b 0.919585552 0.200370259
b 0.919623348 0.218495707
b 0.919676012 0.236590549
b 0.919720794 0.254650987
b 0.919727669 0.272677838
b 0.919709575 0.290679567
b 0.919685941 0.308665457
b 0.919675940 0.326644637
b 0.919682902 0.344625443
b 0.919700067 0.362615758
b 0.919721333 0.380623391
b 0.919740493 0.398652467
b 0.919750580 0.416701975
b 0.919750058 0.434769985
b 0.919742416 0.452854125
b 0.919730986 0.470952098
b 0.919718762 0.489061713
b 0.919708418 0.507180948
b 0.919702046 0.525309093
b 0.919699638 0.543446686
b 0.919700313 0.561594357
b 0.919703168 0.579752766
b 0.919707273 0.597922607
b 0.919711674 0.616104599
b 0.919715260 0.634299425
b 0.919717000 0.652506888
b 0.919717339 0.670726058
b 0.919716788 0.688956012
b 0.919715760 0.707195861
b 0.919714571 0.725444760
b 0.919713451 0.743701911
b 0.919712548 0.761966597
b 0.919711931 0.780238379
b 0.919711636 0.798516923
b 0.919711656 0.816801905
b 0.919711950 0.835093008
b 0.919712442 0.853389929
b 0.919713020 0.871692380
b 0.919713483 0.890000182
b 0.919713692 0.908313841
b 0.919713702 0.926634182
b 0.919713578 0.944962062
b 0.919713393 0.963298375
b 0.919713226 0.981644039
b 0.919713161 1.000000000
b 0.902982227 0.999943712
b 0.886495441 0.999887818
b 0.870230122 0.999832317
b 0.854164244 0.999777204
b 0.838276427 0.999722477
b 0.822545924 0.999668132
b 0.806952612 0.999614164
b 0.791476983 0.999560571
b 0.776100134 0.999507348
b 0.760803761 0.999454491
b 0.745570150 0.999401995
b 0.730384787 0.999349864
b 0.715244023 0.999298141
b 0.700146939 0.999246875
b 0.685092668 0.999196118
b 0.670080352 0.999145918
b 0.655109113 0.999096325
b 0.640178012 0.999047388
b 0.625286021 0.998999154
b 0.610431985 0.998951671
b 0.595614589 0.998904987
b 0.580832329 0.998859146
b 0.566082751 0.998814193
b 0.551360390 0.998770153
b 0.536659122 0.998727052
b 0.521972904 0.998684911
b 0.507295746 0.998643753
b 0.492621690 0.998603600
b 0.477944794 0.998564473
b 0.463259102 0.998526393
b 0.448558630 0.998489379
b 0.433837338 0.998453452
b 0.419089113 0.998418631
b 0.404308493 0.998384933
b 0.389493011 0.998352377
b 0.374641141 0.998320979
b 0.359751552 0.998290757
b 0.344823068 0.998261727
b 0.329854644 0.998233903
b 0.314845324 0.998207300
b 0.299794212 0.998181933
b 0.284700438 0.998157816
b 0.269563118 0.998134960
b 0.254381323 0.998113380
b 0.239151396 0.998093084
b 0.223858845 0.998074070
b 0.208485990 0.998056334
b 0.193014558 0.998039872
b 0.177425680 0.998024678
b 0.161699883 0.998010746
b 0.145817083 0.997998073
b 0.129756574 0.997986653
b 0.113497015 0.997976480
b 0.097016425 0.997967548
interior
i 0.709891745 0.125000000
i 0.814825008 0.125000000
i 0.604958482 0.250000000
i 0.709891745 0.250000000
i 0.814825008 0.250000000
i 0.395091956 0.375000000
i 0.500025219 0.375000000
i 0.604958482 0.375000000
i 0.709891745 0.375000000
i 0.814825008 0.375000000
i 0.290158693 0.500000000
i 0.395091956 0.500000000
i 0.500025219 0.500000000
i 0.604958482 0.500000000
i 0.709891745 0.500000000
i 0.814825008 0.500000000
i 0.290158693 0.625000000
i 0.395091956 0.625000000
i 0.500025219 0.625000000
i 0.604958482 0.625000000
i 0.709891745 0.625000000
i 0.814825008 0.625000000
i 0.185225431 0.750000000
i 0.290158693 0.750000000
i 0.395091956 0.750000000
i 0.500025219 0.750000000
i 0.604958482 0.750000000
i 0.709891745 0.750000000
i 0.814825008 0.750000000
i 0.185225431 0.875000000
i 0.290158693 0.875000000
i 0.395091956 0.875000000
i 0.500025219 0.875000000
i 0.604958482 0.875000000
i 0.709891745 0.875000000
i 0.814825008 0.875000000
i 0.132758799 0.937500000
i 0.237692062 0.687500000
i 0.237692062 0.812500000
i 0.237692062 0.937500000
i 0.342625325 0.437500000
i 0.342625325 0.562500000
i 0.342625325 0.687500000
i 0.342625325 0.812500000
i 0.342625325 0.937500000
i 0.447558588 0.312500000
i 0.447558588 0.437500000
i 0.447558588 0.562500000
i 0.447558588 0.687500000
i 0.447558588 0.812500000
i 0.447558588 0.937500000
i 0.552491851 0.312500000
i 0.552491851 0.437500000
i 0.552491851 0.562500000
i 0.552491851 0.687500000
i 0.552491851 0.812500000
i 0.552491851 0.937500000
i 0.657425113 0.187500000
i 0.657425113 0.312500000
i 0.657425113 0.437500000
i 0.657425113 0.562500000
i 0.657425113 0.687500000
i 0.657425113 0.812500000
i 0.657425113 0.937500000
i 0.762358376 0.187500000
i 0.762358376 0.312500000
i 0.762358376 0.437500000
i 0.762358376 0.562500000
i 0.762358376 0.687500000
i 0.762358376 0.812500000
i 0.762358376 0.937500000
i 0.867291639 0.062500000
i 0.867291639 0.187500000
i 0.867291639 0.312500000
i 0.867291639 0.437500000
i 0.867291639 0.562500000
i 0.867291639 0.687500000
i 0.867291639 0.812500000
i 0.867291639 0.937500000
tris
t 55 53 54
t 55 52 53
t 55 51 52
t 55 50 51
t 55 49 50
t 55 48 49
t 55 47 48
t 55 46 47
t 55 56 57
t 55 57 58
t 55 58 59
t 55 59 60
t 55 60 61
t 55 61 62
t 55 244 46
t 55 245 244
t 55 246 245
t 55 247 246
t 55 248 247
t 55 249 248
t 55 250 249
t 55 251 250
t 55 252 251
t 55 253 252
t 55 254 253
t 55 255 254
t 55 256 255
t 55 257 256
t 55 258 257
t 55 259 258
t 55 260 259
t 55 261 260
t 55 262 261
t 55 263 262
t 55 264 263
t 55 265 264
t 55 266 265
t 55 267 266
t 55 268 267
t 55 269 268
t 55 270 269
t 55 271 270
t 55 272 271
t 55 273 272
t 55 274 273
t 55 275 274
t 55 276 275
t 55 277 276
t 55 62 277
t 46 44 45
t 46 43 44
t 46 42 43
t 46 41 42
t 46 40 41
t 46 39 40
t 46 38 39
t 46 37 38
t 46 36 37
t 62 63 64
t 62 64 65
t 62 65 66
t 62 66 67
t 62 67 68
t 62 68 69
t 62 69 70
t 46 278 36
t 46 279 278
t 46 280 279
t 46 281 280
t 46 282 281
t 46 283 282
t 46 284 283
t 46 285 284
t 46 286 285
t 46 287 286
t 46 288 287
t 46 289 288
t 46 290 289
t 46 291 290
t 46 292 291
t 46 293 292
t 46 294 293
t 46 295 294
t 46 296 295
t 46 297 296
t 46 298 297
t 46 299 298
t 46 300 299
t 46 244 300
t 244 301 300
t 244 245 301
t 245 302 301
t 245 246 302
t 246 303 302
t 246 247 303
t 247 304 303
t 247 248 304
t 248 305 304
t 248 249 305
t 249 306 305
t 249 250 306
t 250 307 306
t 250 251 307
t 251 308 307
t 251 252 308
t 252 309 308
t 252 253 309
t 253 310 309
t 253 254 310
t 254 311 310
t 254 255 311
t 255 312 311
t 255 256 312
t 256 313 312
t 256 257 313
t 257 314 313
t 257 258 314
t 258 315 314
t 258 259 315
t 259 316 315
t 259 260 316
t 260 317 316
t 260 261 317
t 261 318 317
t 261 262 318
t 262 319 318
t 262 263 319
t 263 320 319
t 263 264 320
t 264 321 320
t 264 265 321
t 265 322 321
t 265 266 322
t 266 323 322
t 266 267 323
t 267 324 323
t 267 268 324
t 268 325 324
t 268 269 325
t 269 326 325
t 269 270 326
t 270 327 326
t 270 271 327
t 271 328 327
t 271 272 328
t 272 329 328
t 272 273 329
t 273 330 329
t 273 274 330
t 274 331 330
t 274 275 331
t 275 332 331
t 275 276 332
t 276 333 332
t 276 277 333
t 277 334 333
t 277 62 334
t 62 335 334
t 62 336 335
t 62 337 336
t 62 338 337
t 62 339 338
t 62 340 339
t 62 341 340
t 62 342 341
t 62 343 342
t 62 344 343
t 62 345 344
t 62 70 345
t 36 34 35
t 36 33 34
t 36 32 33
t 36 31 32
t 36 30 31
t 36 29 30
t 36 28 29
t 70 71 72
t 70 72 73
t 70 73 74
t 70 74 75
t 70 75 76
t 70 76 77
t 70 77 78
t 36 346 28
t 36 347 346
t 36 348 347
t 36 349 348
t 36 350 349
t 36 351 350
t 36 352 351
t 36 353 352
t 36 354 353
t 36 355 354
t 36 356 355
t 36 357 356
t 36 358 357
t 36 359 358
t 36 360 359
t 36 361 360
t 36 362 361
t 36 278 362
t 278 363 362
t 278 279 363
t 279 364 363
t 279 280 364
t 280 365 364
t 280 281 365
t 281 366 365
t 281 282 366
t 282 367 366
t 282 283 367
t 283 368 367
t 283 284 368
t 284 369 368
t 284 285 369
t 285 370 369
t 285 286 370
t 286 371 370
t 286 287 371
t 287 372 371
t 287 288 372
t 288 373 372
t 288 289 373
t 289 374 373
t 289 290 374
t 290 375 374
t 290 291 375
t 291 376 375
t 291 292 376
t 292 377 376
t 292 293 377
t 293 378 377
t 293 294 378
t 294 379 378
t 294 295 379
t 295 380 379
t 295 296 380
t 296 381 380
t 296 297 381
t 297 382 381
t 297 298 382
t 298 383 382
t 298 299 383
t 299 384 383
t 299 300 384
t 300 385 384
t 300 301 385
t 301 386 385
t 301 302 386
t 302 387 386
t 302 303 387
t 303 388 387
t 303 304 388
t 304 389 388
t 304 305 389
t 305 390 389
t 305 306 390
t 306 391 390
t 306 307 391
t 307 392 391
t 307 308 392
t 308 393 392
t 308 309 393
t 309 394 393
t 309 310 394
t 310 395 394
t 310 311 395
t 311 396 395
t 311 312 396
t 312 397 396
t 312 313 397
t 313 398 397
t 313 314 398
t 314 399 398
t 314 315 399
t 315 400 399
t 315 316 400
t 316 401 400
t 316 317 401
t 317 402 401
t 317 318 402
t 318 403 402
t 318 319 403
t 319 404 403
t 319 320 404
t 320 405 404
t 320 321 405
t 321 406 405
t 321 322 406
t 322 407 406
t 322 323 407
t 323 408 407
t 323 324 408
t 324 409 408
t 324 325 409
t 325 410 409
t 325 326 410
t 326 411 410
t 326 327 411
t 327 412 411
t 327 328 412
t 328 413 412
t 328 329 413
t 329 414 413
t 329 330 414
t 330 415 414
t 330 331 415
t 331 416 415
t 331 332 416
t 332 417 416
t 332 333 417
t 333 418 417
t 333 334 418
t 334 419 418
t 334 335 419
t 335 420 419
t 335 336 420
t 336 421 420
t 336 337 421
t 337 422 421
t 337 338 422
t 338 423 422
t 338 339 423
t 339 424 423
t 339 340 424
t 340 425 424
t 340 341 425
t 341 426 425
t 341 342 426
t 342 427 426
t 342 343 427
t 343 428 427
t 343 344 428
t 344 429 428
t 344 345 429
t 345 430 429
t 345 70 430
t 70 431 430
t 70 432 431
t 70 433 432
t 70 434 433
t 70 435 434
t 70 436 435
t 70 78 436
t 28 26 27
t 28 25 26
t 28 24 25
t 28 23 24
t 28 22 23
t 28 21 22
t 78 79 80
t 78 80 81
t 78 81 82
t 78 82 83
t 78 83 84
t 78 84 85
t 78 85 86
t 28 437 21
t 28 438 437
t 28 439 438
t 28 440 439
t 28 441 440
t 28 442 441
t 28 443 442
t 28 444 443
t 28 445 444
t 28 446 445
t 28 447 446
t 28 448 447
t 28 449 448
t 28 450 449
t 28 346 450
t 346 451 450
t 346 347 451
t 347 452 451
t 347 348 452
t 348 453 452
t 348 349 453
t 349 454 453
t 349 350 454
t 350 455 454
t 350 351 455
t 351 456 455
t 351 352 456
t 352 457 456
t 352 353 457
t 353 458 457
t 353 354 458
t 354 459 458
t 354 355 459
t 355 460 459
t 355 356 460
t 356 461 460
t 356 357 461
t 357 462 461
t 357 358 462
t 358 463 462
t 358 359 463
t 359 464 463
t 359 360 464
t 360 465 464
t 360 361 465
t 361 466 465
t 361 362 466
t 362 467 466
t 362 363 467
t 363 468 467
t 363 364 468
t 364 469 468
t 364 365 469
t 365 470 469
t 365 366 470
t 366 471 470
t 366 367 471
t 367 472 471
t 367 368 472
t 368 473 472
t 368 369 473
t 369 474 473
t 369 370 474
t 370 475 474
t 370 371 475
t 371 476 475
t 371 372 476
t 372 477 476
t 372 373 477
t 373 478 477
t 373 374 478
t 374 479 478
t 374 375 479
t 375 480 479
t 375 376 480
t 376 481 480
t 376 377 481
t 377 482 481
t 377 378 482
t 378 483 482
t 378 379 483
t 379 484 483
t 379 380 484
t 380 485 484
t 380 381 485
t 381 486 485
t 381 382 486
t 382 487 486
t 382 383 487
t 383 488 487
t 383 384 488
t 384 489 488
t 384 385 489
t 385 490 489
t 385 386 490
t 386 491 490
t 386 387 491
t 387 492 491
t 387 388 492
t 388 493 492
t 388 389 493
t 389 494 493
t 389 390 494
t 390 495 494
t 390 391 495
t 391 496 495
t 391 392 496
t 392 497 496
t 392 393 497
t 393 498 497
t 393 394 498
t 394 499 498
t 394 395 499
t 395 500 499
t 395 396 500
t 396 501 500
t 396 397 501
t 397 502 501
t 397 398 502
t 398 503 502
t 398 399 503
t 399 504 503
t 399 400 504
t 400 505 504
t 400 401 505
t 401 506 505
t 401 402 506
t 402 507 506
t 402 403 507
t 403 508 507
t 403 404 508
t 404 509 508
t 404 405 509
t 405 510 509
t 405 406 510
t 406 511 510
t 406 407 511
t 407 512 511
t 407 408 512
t 408 513 512
t 408 409 513
t 409 514 513
t 409 410 514
t 410 515 514
t 410 411 515
t 411 516 515
t 411 412 516
t 412 517 516
t 412 413 517
t 413 518 517
t 413 414 518
t 414 519 518
t 414 415 519
t 415 520 519
t 415 416 520
t 416 521 520
t 416 417 521
t 417 86 521
t 417 418 86
t 418 419 86
t 419 420 86
t 420 421 86
t 421 422 86
t 422 423 86
t 423 424 86
t 424 425 86
t 425 426 86
t 426 427 86
t 427 428 86
t 428 429 86
t 429 430 86
t 430 431 86
t 431 432 86
t 432 433 86
t 433 434 86
t 434 435 86
t 435 436 86
t 436 78 86
t 21 19 20
t 21 18 19
t 86 87 88
t 86 88 89
t 86 89 90
t 21 522 18
t 21 523 522
t 21 524 523
t 21 525 524
t 21 526 525
t 21 437 526
t 437 527 526
t 437 438 527
t 438 528 527
t 438 439 528
t 439 529 528
t 439 440 529
t 440 530 529
t 440 441 530
t 441 531 530
t 441 442 531
t 442 532 531
t 442 443 532
t 443 533 532
t 443 444 533
t 444 534 533
t 444 445 534
t 445 535 534
t 445 446 535
t 446 536 535
t 446 447 536
t 447 537 536
t 447 448 537
t 448 538 537
t 448 449 538
t 449 539 538
t 449 450 539
t 450 540 539
t 450 451 540
t 451 541 540
t 451 452 541
t 452 542 541
t 452 453 542
t 453 543 542
t 453 454 543
t 454 544 543
t 454 455 544
t 455 545 544
t 455 456 545
t 456 546 545
t 456 457 546
t 457 547 546
t 457 458 547
t 458 548 547
t 458 459 548
t 459 549 548
t 459 460 549
t 460 550 549
t 460 461 550
t 461 551 550
t 461 462 551
t 462 552 551
t 462 463 552
t 463 553 552
t 463 464 553
t 464 554 553
t 464 465 554
t 465 555 554
t 465 466 555
t 466 556 555
t 466 467 556
t 467 557 556
t 467 468 557
t 468 558 557
t 468 469 558
t 469 559 558
t 469 470 559
t 470 560 559
t 470 471 560
t 471 561 560
t 471 472 561
t 472 562 561
t 472 473 562
t 473 563 562
t 473 474 563
t 474 564 563
t 474 475 564
t 475 565 564
t 475 476 565
t 476 566 565
t 476 477 566
t 477 567 566
t 477 478 567
t 478 568 567
t 478 479 568
t 479 569 568
t 479 480 569
t 480 570 569
t 480 481 570
t 481 571 570
t 481 482 571
t 482 572 571
t 482 483 572
t 483 573 572
t 483 484 573
t 484 574 573
t 484 485 574
t 485 575 574
t 485 486 575
t 486 576 575
t 486 487 576
t 487 577 576
t 487 488 577
t 488 578 577
t 488 489 578
t 489 579 578
t 489 490 579
t 490 580 579
t 490 491 580
t 491 581 580
t 491 492 581
t 492 582 581
t 492 493 582
t 493 583 582
t 493 494 583
t 494 584 583
t 494 495 584
t 495 585 584
t 495 496 585
t 496 586 585
t 496 497 586
t 497 587 586
t 497 498 587
t 498 588 587
t 498 499 588
t 499 589 588
t 499 500 589
t 500 590 589
t 500 501 590
t 501 591 590
t 501 502 591
t 502 592 591
t 502 503 592
t 503 593 592
t 503 504 593
t 504 594 593
t 504 505 594
t 505 595 594
t 505 506 595
t 506 596 595
t 506 507 596
t 507 597 596
t 507 508 597
t 508 598 597
t 508 509 598
t 509 599 598
t 509 510 599
t 510 600 599
t 510 511 600
t 511 601 600
t 511 512 601
t 512 602 601
t 512 513 602
t 513 603 602
t 513 514 603
t 514 604 603
t 514 515 604
t 515 605 604
t 515 516 605
t 516 606 605
t 516 517 606
t 517 607 606
t 517 518 607
t 518 608 607
t 518 519 608
t 519 609 608
t 519 520 609
t 520 610 609
t 520 521 610
t 521 611 610
t 521 612 611
t 521 86 612
t 86 613 612
t 86 614 613
t 86 615 614
t 86 616 615
t 86 617 616
t 86 618 617
t 86 619 618
t 86 620 619
t 86 90 620
t 18 16 17
t 18 15 16
t 18 14 15
t 90 91 92
t 90 92 93
t 90 93 94
t 18 621 14
t 18 622 621
t 18 623 622
t 18 624 623
t 18 625 624
t 18 626 625
t 18 627 626
t 18 522 627
t 522 628 627
t 522 523 628
t 523 629 628
t 523 524 629
t 524 630 629
t 524 525 630
t 525 631 630
t 525 526 631
t 526 632 631
t 526 527 632
t 527 633 632
t 527 528 633
t 528 634 633
t 528 529 634
t 529 635 634
t 529 530 635
t 530 636 635
t 530 531 636
t 531 637 636
t 531 532 637
t 532 638 637
t 532 533 638
t 533 639 638
t 533 534 639
t 534 640 639
t 534 535 640
t 535 641 640
t 535 536 641
t 536 642 641
t 536 537 642
t 537 643 642
t 537 538 643
t 538 644 643
t 538 539 644
t 539 645 644
t 539 540 645
t 540 646 645
t 540 541 646
t 541 647 646
t 541 542 647
t 542 648 647
t 542 543 648
t 543 649 648
t 543 544 649
t 544 650 649
t 544 545 650
t 545 651 650
t 545 546 651
t 546 652 651
t 546 547 652
t 547 653 652
t 547 548 653
t 548 654 653
t 548 549 654
t 549 655 654
t 549 550 655
t 550 656 655
t 550 551 656
t 551 657 656
t 551 552 657
t 552 658 657
t 552 553 658
t 553 659 658
t 553 554 659
t 554 660 659
t 554 555 660
t 555 661 660
t 555 556 661
t 556 662 661
t 556 557 662
t 557 663 662
t 557 558 663
t 558 664 663
t 558 559 664
t 559 665 664
t 559 560 665
t 560 666 665
t 560 561 666
t 561 667 666
t 561 562 667
t 562 668 667
t 562 563 668
t 563 669 668
t 563 564 669
t 564 670 669
t 564 565 670
t 565 671 670
t 565 566 671
t 566 672 671
t 566 567 672
t 567 673 672
t 567 568 673
t 568 674 673
t 568 569 674
t 569 675 674
t 569 570 675
t 570 676 675
t 570 571 676
t 571 677 676
t 571 572 677
t 572 678 677
t 572 573 678
t 573 679 678
t 573 574 679
t 574 680 679
t 574 575 680
t 575 681 680
t 575 576 681
t 576 682 681
t 576 577 682
t 577 683 682
t 577 578 683
t 578 684 683
t 578 579 684
t 579 685 684
t 579 580 685
t 580 686 685
t 580 581 686
t 581 687 686
t 581 582 687
t 582 688 687
t 582 583 688
t 583 689 688
t 583 584 689
t 584 690 689
t 584 585 690
t 585 691 690
t 585 586 691
t 586 692 691
t 586 587 692
t 587 693 692
t 587 588 693
t 588 694 693
t 588 589 694
t 589 695 694
t 589 590 695
t 590 696 695
t 590 591 696
t 591 697 696
t 591 592 697
t 592 698 697
t 592 593 698
t 593 699 698
t 593 594 699
t 594 700 699
t 594 595 700
t 595 701 700
t 595 596 701
t 596 702 701
t 596 597 702
t 597 703 702
t 597 598 703
t 598 704 703
t 598 599 704
t 599 705 704
t 599 600 705
t 600 706 705
t 600 601 706
t 601 707 706
t 601 602 707
t 602 708 707
t 602 603 708
t 603 709 708
t 603 604 709
t 604 710 709
t 604 605 710
t 605 711 710
t 605 606 711
t 606 712 711
t 606 607 712
t 607 713 712
t 607 608 713
t 608 714 713
t 608 609 714
t 609 715 714
t 609 610 715
t 610 716 715
t 610 611 716
t 611 717 716
t 611 612 717
t 612 718 717
t 612 613 718
t 613 719 718
t 613 614 719
t 614 720 719
t 614 615 720
t 615 721 720
t 615 616 721
t 616 722 721
t 616 617 722
t 617 723 722
t 617 618 723
t 618 724 723
t 618 619 724
t 619 725 724
t 619 620 725
t 620 726 725
t 620 727 726
t 620 90 727
t 90 94 727
t 14 12 13
t 14 11 12
t 94 95 96
t 94 96 97
t 94 97 98
t 14 728 11
t 14 729 728
t 14 730 729
t 14 731 730
t 14 621 731
t 621 732 731
t 621 622 732
t 622 733 732
t 622 623 733
t 623 734 733
t 623 624 734
t 624 735 734
t 624 625 735
t 625 736 735
t 625 626 736
t 626 737 736
t 626 627 737
t 627 738 737
t 627 628 738
t 628 739 738
t 628 629 739
t 629 740 739
t 629 630 740
t 630 741 740
t 630 631 741
t 631 742 741
t 631 632 742
t 632 743 742
t 632 633 743
t 633 744 743
t 633 634 744
t 634 745 744
t 634 635 745
t 635 746 745
t 635 636 746
t 636 747 746
t 636 637 747
t 637 748 747
t 637 638 748
t 638 749 748
t 638 639 749
t 639 750 749
t 639 640 750
t 640 751 750
t 640 641 751
t 641 752 751
t 641 642 752
t 642 753 752
t 642 643 753
t 643 754 753
t 643 644 754
t 644 755 754
t 644 645 755
t 645 756 755
t 645 646 756
t 646 757 756
t 646 647 757
t 647 758 757
t 647 648 758
t 648 759 758
t 648 649 759
t 649 760 759
t 649 650 760
t 650 761 760
t 650 651 761
t 651 762 761
t 651 652 762
t 652 763 762
t 652 653 763
t 653 764 763
t 653 654 764
t 654 765 764
t 654 655 765
t 655 766 765
t 655 656 766
t 656 767 766
t 656 657 767
t 657 768 767
t 657 658 768
t 658 769 768
t 658 659 769
t 659 770 769
t 659 660 770
t 660 771 770
t 660 661 771
t 661 772 771
t 661 662 772
t 662 773 772
t 662 663 773
t 663 774 773
t 663 664 774
t 664 775 774
t 664 665 775
t 665 776 775
t 665 666 776
t 666 777 776
t 666 667 777
t 667 778 777
t 667 668 778
t 668 779 778
t 668 669 779
t 669 780 779
t 669 670 780
t 670 781 780
t 670 671 781
t 671 782 781
t 671 672 782
t 672 783 782
t 672 673 783
t 673 784 783
t 673 674 784
t 674 785 784
t 674 675 785
t 675 786 785
t 675 676 786
t 676 787 786
t 676 677 787
t 677 788 787
t 677 678 788
t 678 789 788
t 678 679 789
t 679 790 789
t 679 680 790
t 680 791 790
t 680 681 791
t 681 792 791
t 681 682 792
t 682 793 792
t 682 683 793
t 683 794 793
t 683 684 794
t 684 795 794
t 684 685 795
t 685 796 795
t 685 686 796
t 686 797 796
t 686 687 797
t 687 798 797
t 687 688 798
t 688 799 798
t 688 689 799
t 689 800 799
t 689 690 800
t 690 801 800
t 690 691 801
t 691 802 801
t 691 692 802
t 692 803 802
t 692 693 803
t 693 804 803
t 693 694 804
t 694 805 804
t 694 695 805
t 695 806 805
t 695 696 806
t 696 807 806
t 696 697 807
t 697 808 807
t 697 698 808
t 698 809 808
t 698 699 809
t 699 810 809
t 699 700 810
t 700 811 810
t 700 701 811
t 701 812 811
t 701 702 812
t 702 813 812
t 702 703 813
t 703 814 813
t 703 704 814
t 704 815 814
t 704 705 815
t 705 816 815
t 705 706 816
t 706 817 816
t 706 707 817
t 707 818 817
t 707 708 818
t 708 819 818
t 708 709 819
t 709 820 819
t 709 710 820
t 710 821 820
t 710 711 821
t 711 822 821
t 711 712 822
t 712 823 822
t 712 713 823
t 713 824 823
t 713 714 824
t 714 825 824
t 714 715 825
t 715 826 825
t 715 716 826
t 716 827 826
t 716 717 827
t 717 828 827
t 717 718 828
t 718 829 828
t 718 719 829
t 719 830 829
t 719 720 830
t 720 831 830
t 720 721 831
t 721 832 831
t 721 722 832
t 722 833 832
t 722 723 833
t 723 834 833
t 723 724 834
t 724 98 834
t 724 725 98
t 725 726 98
t 726 727 98
t 727 94 98
t 11 9 10
t 11 8 9
t 11 7 8
t 98 99 100
t 98 100 101
t 98 101 102
t 11 835 7
t 11 836 835
t 11 837 836
t 11 838 837
t 11 839 838
t 11 840 839
t 11 728 840
t 728 841 840
t 728 729 841
t 729 842 841
t 729 730 842
t 730 843 842
t 730 731 843
t 731 844 843
t 731 732 844
t 732 845 844
t 732 733 845
t 733 846 845
t 733 734 846
t 734 847 846
t 734 735 847
t 735 848 847
t 735 736 848
t 736 849 848
t 736 737 849
t 737 850 849
t 737 738 850
t 738 851 850
t 738 739 851
t 739 852 851
t 739 740 852
t 740 853 852
t 740 741 853
t 741 854 853
t 741 742 854
t 742 855 854
t 742 743 855
t 743 856 855
t 743 744 856
t 744 857 856
t 744 745 857
t 745 858 857
t 745 746 858
t 746 859 858
t 746 747 859
t 747 860 859
t 747 748 860
t 748 861 860
t 748 749 861
t 749 862 861
t 749 750 862
t 750 863 862
t 750 751 863
t 751 864 863
t 751 752 864
t 752 865 864
t 752 753 865
t 753 866 865
t 753 754 866
t 754 867 866
t 754 755 867
t 755 868 867
t 755 756 868
t 756 869 868
t 756 757 869
t 757 870 869
t 757 758 870
t 758 871 870
t 758 759 871
t 759 872 871
t 759 760 872
t 760 873 872
t 760 761 873
t 761 874 873
t 761 762 874
t 762 875 874
t 762 763 875
t 763 876 875
t 763 764 876
t 764 877 876
t 764 765 877
t 765 878 877
t 765 766 878
t 766 879 878
t 766 767 879
t 767 880 879
t 767 768 880
t 768 881 880
t 768 769 881
t 769 882 881
t 769 770 882
t 770 883 882
t 770 771 883
t 771 884 883
t 771 772 884
t 772 885 884
t 772 773 885
t 773 886 885
t 773 774 886
t 774 887 886
t 774 775 887
t 775 888 887
t 775 776 888
t 776 889 888
t 776 777 889
t 777 890 889
t 777 778 890
t 778 891 890
t 778 779 891
t 779 892 891
t 779 780 892
t 780 893 892
t 780 781 893
t 781 894 893
t 781 782 894
t 782 895 894
t 782 783 895
t 783 896 895
t 783 784 896
t 784 897 896
t 784 785 897
t 785 898 897
t 785 786 898
t 786 899 898
t 786 787 899
t 787 900 899
t 787 788 900
t 788 901 900
t 788 789 901
t 789 902 901
t 789 790 902
t 790 903 902
t 790 791 903
t 791 904 903
t 791 792 904
t 792 905 904
t 792 793 905
t 793 906 905
t 793 794 906
t 794 907 906
t 794 795 907
t 795 908 907
t 795 796 908
t 796 909 908
t 796 797 909
t 797 910 909
t 797 798 910
t 798 911 910
t 798 799 911
t 799 912 911
t 799 800 912
t 800 913 912
t 800 801 913
t 801 914 913
t 801 802 914
t 802 915 914
t 802 803 915
t 803 916 915
t 803 804 916
t 804 917 916
t 804 805 917
t 805 918 917
t 805 806 918
t 806 919 918
t 806 807 919
t 807 920 919
t 807 808 920
t 808 921 920
t 808 809 921
t 809 922 921
t 809 810 922
t 810 923 922
t 810 811 923
t 811 924 923
t 811 812 924
t 812 925 924
t 812 813 925
t 813 926 925
t 813 814 926
t 814 927 926
t 814 815 927
t 815 928 927
t 815 816 928
t 816 929 928
t 816 817 929
t 817 930 929
t 817 818 930
t 818 931 930
t 818 819 931
t 819 932 931
t 819 820 932
t 820 933 932
t 820 821 933
t 821 934 933
t 821 822 934
t 822 935 934
t 822 823 935
t 823 936 935
t 823 824 936
t 824 937 936
t 824 825 937
t 825 938 937
t 825 826 938
t 826 939 938
t 826 827 939
t 827 940 939
t 827 828 940
t 828 941 940
t 828 829 941
t 829 942 941
t 829 830 942
t 830 943 942
t 830 831 943
t 831 944 943
t 831 832 944
t 832 945 944
t 832 833 945
t 833 946 945
t 833 834 946
t 834 947 946
t 834 98 947
t 98 102 947
t 7 5 6
t 7 4 5
t 7 948 4
t 7 949 948
t 7 950 949
t 7 951 950
t 7 835 951
t 835 952 951
t 835 836 952
t 836 953 952
t 836 837 953
t 837 954 953
t 837 838 954
t 838 955 954
t 838 839 955
t 839 956 955
t 839 840 956
t 840 957 956
t 840 841 957
t 841 958 957
t 841 842 958
t 842 959 958
t 842 843 959
t 843 960 959
t 843 844 960
t 844 961 960
t 844 845 961
t 845 962 961
t 845 846 962
t 846 963 962
t 846 847 963
t 847 964 963
t 847 848 964
t 848 965 964
t 848 849 965
t 849 966 965
t 849 850 966
t 850 967 966
t 850 851 967
t 851 968 967
t 851 852 968
t 852 969 968
t 852 853 969
t 853 970 969
t 853 854 970
t 854 971 970
t 854 855 971
t 855 972 971
t 855 856 972
t 856 973 972
t 856 857 973
t 857 974 973
t 857 858 974
t 858 975 974
t 858 859 975
t 859 976 975
t 859 860 976
t 860 977 976
t 860 861 977
t 861 978 977
t 861 862 978
t 862 979 978
t 862 863 979
t 863 980 979
t 863 864 980
t 864 981 980
t 864 865 981
t 865 982 981
t 865 866 982
t 866 983 982
t 866 867 983
t 867 984 983
t 867 868 984
t 868 985 984
t 868 869 985
t 869 986 985
t 869 870 986
t 870 987 986
t 870 871 987
t 871 988 987
t 871 872 988
t 872 989 988
t 872 873 989
t 873 990 989
t 873 874 990
t 874 991 990
t 874 875 991
t 875 992 991
t 875 876 992
t 876 993 992
t 876 877 993
t 877 994 993
t 877 878 994
t 878 995 994
t 878 879 995
t 879 996 995
t 879 880 996
t 880 997 996
t 880 881 997
t 881 998 997
t 881 882 998
t 882 999 998
t 882 883 999
t 883 1000 999
t 883 884 1000
t 884 1001 1000
t 884 885 1001
t 885 1002 1001
t 885 886 1002
t 886 1003 1002
t 886 887 1003
t 887 1004 1003
t 887 888 1004
t 888 1005 1004
t 888 889 1005
t 889 1006 1005
t 889 890 1006
t 890 1007 1006
t 890 891 1007
t 891 1008 1007
t 891 892 1008
t 892 1009 1008
t 892 893 1009
t 893 1010 1009
t 893 894 1010
t 894 1011 1010
t 894 895 1011
t 895 1012 1011
t 895 896 1012
t 896 1013 1012
t 896 897 1013
t 897 1014 1013
t 897 898 1014
t 898 1015 1014
t 898 899 1015
t 899 1016 1015
t 899 900 1016
t 900 1017 1016
t 900 901 1017
t 901 1018 1017
t 901 902 1018
t 902 1019 1018
t 902 903 1019
t 903 1020 1019
t 903 904 1020
t 904 1021 1020
t 904 905 1021
t 905 1022 1021
t 905 906 1022
t 906 1023 1022
t 906 907 1023
t 907 1024 1023
t 907 908 1024
t 908 1025 1024
t 908 909 1025
t 909 1026 1025
t 909 910 1026
t 910 1027 1026
t 910 911 1027
t 911 1028 1027
t 911 912 1028
t 912 1029 1028
t 912 913 1029
t 913 1030 1029
t 913 914 1030
t 914 1031 1030
t 914 915 1031
t 915 1032 1031
t 915 916 1032
t 916 1033 1032
t 916 917 1033
t 917 1034 1033
t 917 918 1034
t 918 1035 1034
t 918 919 1035
t 919 1036 1035
t 919 920 1036
t 920 1037 1036
t 920 921 1037
t 921 1038 1037
t 921 922 1038
t 922 1039 1038
t 922 923 1039
t 923 1040 1039
t 923 924 1040
t 924 1041 1040
t 924 925 1041
t 925 1042 1041
t 925 926 1042
t 926 1043 1042
t 926 927 1043
t 927 1044 1043
t 927 928 1044
t 928 1045 1044
t 928 929 1045
t 929 1046 1045
t 929 930 1046
t 930 1047 1046
t 930 931 1047
t 931 1048 1047
t 931 932 1048
t 932 1049 1048
t 932 933 1049
t 933 1050 1049
t 933 934 1050
t 934 1051 1050
t 934 935 1051
t 935 1052 1051
t 935 936 1052
t 936 1053 1052
t 936 937 1053
t 937 1054 1053
t 937 938 1054
t 938 1055 1054
t 938 939 1055
t 939 1056 1055
t 939 940 1056
t 940 1057 1056
t 940 941 1057
t 941 1058 1057
t 941 942 1058
t 942 1059 1058
t 942 943 1059
t 943 1060 1059
t 943 944 1060
t 944 1061 1060
t 944 945 1061
t 945 1062 1061
t 945 946 1062
t 946 1063 1062
t 946 947 1063
t 947 1064 1063
t 947 102 1064
t 4 2 3
t 4 1 2
t 4 0 1
t 4 1065 0
t 4 1066 1065
t 4 1067 1066
t 4 1068 1067
t 4 1069 1068
t 4 948 1069
t 948 1070 1069
t 948 949 1070
t 949 1071 1070
t 949 950 1071
t 950 1072 1071
t 950 951 1072
t 951 1073 1072
t 951 952 1073
t 952 1074 1073
t 952 953 1074
t 953 1075 1074
t 953 954 1075
t 954 1076 1075
t 954 955 1076
t 955 1077 1076
t 955 956 1077
t 956 1078 1077
t 956 957 1078
t 957 1079 1078
t 957 958 1079
t 958 1080 1079
t 958 959 1080
t 959 1081 1080
t 959 960 1081
t 960 1082 1081
t 960 961 1082
t 961 1083 1082
t 961 962 1083
t 962 1084 1083
t 962 963 1084
t 963 1085 1084
t 963 964 1085
t 964 1086 1085
t 964 965 1086
t 965 1087 1086
t 965 966 1087
t 966 1088 1087
t 966 967 1088
t 967 1089 1088
t 967 968 1089
t 968 1090 1089
t 968 969 1090
t 969 1091 1090
t 969 970 1091
t 970 1092 1091
t 970 971 1092
t 971 1093 1092
t 971 972 1093
t 972 1094 1093
t 972 973 1094
t 973 1095 1094
t 973 974 1095
t 974 1096 1095
t 974 975 1096
t 975 1097 1096
t 975 976 1097
t 976 1098 1097
t 976 977 1098
t 977 1099 1098
t 977 978 1099
t 978 1100 1099
t 978 979 1100
t 979 1101 1100
t 979 980 1101
t 980 1102 1101
t 980 981 1102
t 981 1103 1102
t 981 982 1103
t 982 1104 1103
t 982 983 1104
t 983 1105 1104
t 983 984 1105
t 984 1106 1105
t 984 985 1106
t 985 1107 1106
t 985 986 1107
t 986 1108 1107
t 986 987 1108
t 987 1109 1108
t 987 988 1109
t 988 1110 1109
t 988 989 1110
t 989 1111 1110
t 989 990 1111
t 990 1112 1111
t 990 991 1112
t 991 1113 1112
t 991 992 1113
t 992 1114 1113
t 992 993 1114
t 993 1115 1114
t 993 994 1115
t 994 1116 1115
t 994 995 1116
t 995 1117 1116
t 995 996 1117
t 996 1118 1117
t 996 997 1118
t 997 1119 1118
t 997 998 1119
t 998 1120 1119
t 998 999 1120
t 999 1121 1120
t 999 1000 1121
t 1000 1122 1121
t 1000 1001 1122
t 1001 1123 1122
t 1001 1002 1123
t 1002 1124 1123
t 1002 1003 1124
t 1003 1125 1124
t 1003 1004 1125
t 1004 1126 1125
t 1004 1005 1126
t 1005 1127 1126
t 1005 1006 1127
t 1006 1128 1127
t 1006 1007 1128
t 1007 1129 1128
t 1007 1008 1129
t 1008 1130 1129
t 1008 1009 1130
t 1009 1131 1130
t 1009 1010 1131
t 1010 1132 1131
t 1010 1011 1132
t 1011 1133 1132
t 1011 1012 1133
t 1012 1134 1133
t 1012 1013 1134
t 1013 1135 1134
t 1013 1014 1135
t 1014 1136 1135
t 1014 1015 1136
t 1015 1137 1136
t 1015 1016 1137
t 1016 1138 1137
t 1016 1017 1138
t 1017 1139 1138
t 1017 1018 1139
t 1018 1140 1139
t 1018 1019 1140
t 1019 1141 1140
t 1019 1020 1141
t 1020 1142 1141
t 1020 1021 1142
t 1021 1143 1142
t 1021 1022 1143
t 1022 1144 1143
t 1022 1023 1144
t 1023 1145 1144
t 1023 1024 1145
t 1024 1146 1145
t 1024 1025 1146
t 1025 1147 1146
t 1025 1026 1147
t 1026 1148 1147
t 1026 1027 1148
t 1027 1149 1148
t 1027 1028 1149
t 1028 1150 1149
t 1028 1029 1150
t 1029 1151 1150
t 1029 1030 1151
t 1030 1152 1151
t 1030 1031 1152
t 1031 1153 1152
t 1031 1032 1153
t 1032 1154 1153
t 1032 1033 1154
t 1033 1155 1154
t 1033 1034 1155
t 1034 1156 1155
t 1034 1035 1156
t 1035 1157 1156
t 1035 1036 1157
t 1036 1158 1157
t 1036 1037 1158
t 1037 1159 1158
t 1037 1038 1159
t 1038 1160 1159
t 1038 1039 1160
t 1039 1161 1160
t 1039 1040 1161
t 1040 1162 1161
t 1040 1041 1162
t 1041 1163 1162
t 1041 1042 1163
t 1042 1164 1163
t 1042 1043 1164
t 1043 1165 1164
t 1043 1044 1165
t 1044 1166 1165
t 1044 1045 1166
t 1045 1167 1166
t 1045 1046 1167
t 1046 1168 1167
t 1046 1047 1168
t 1047 1169 1168
t 1047 1048 1169
t 1048 1170 1169
t 1048 1049 1170
t 1049 1171 1170
t 1049 1050 1171
t 1050 1172 1171
t 1050 1051 1172
t 1051 1173 1172
t 1051 1052 1173
t 1052 1174 1173
t 1052 1053 1174
t 1053 1175 1174
t 1053 1054 1175
t 1054 1176 1175
t 1054 1055 1176
t 1055 1177 1176
t 1055 1056 1177
t 1056 1178 1177
t 1056 1057 1178
t 1057 1179 1178
t 1057 1058 1179
t 1058 1180 1179
t 1058 1059 1180
t 1059 1181 1180
t 1059 1060 1181
t 1060 1182 1181
t 1060 1061 1182
t 1061 1183 1182
t 1061 1062 1183
t 1062 1184 1183
t 1062 1063 1184
t 1063 1185 1184
t 1063 1064 1185
t 1064 1186 1185
t 1064 1187 1186
t 1064 102 1187
t 102 103 1187
t 0 163 164
t 0 162 163
t 0 161 162
t 0 160 161
t 0 159 160
t 0 158 159
t 0 157 158
t 0 1065 157
t 1065 1066 157
t 1066 1067 157
t 1067 1068 157
t 1068 1069 157
t 1069 1070 157
t 1070 1071 157
t 1071 1072 157
t 1072 1073 157
t 1073 1074 157
t 1074 1075 157
t 1075 1076 157
t 1076 1077 157
t 1077 1078 157
t 1078 1079 157
t 1079 1080 157
t 1080 1081 157
t 1081 1082 157
t 1082 1083 157
t 1083 1084 157
t 1084 1085 157
t 1085 1086 157
t 1086 1087 157
t 1087 1088 157
t 1088 1089 157
t 1089 1090 157
t 1090 1188 157
t 1090 1091 1188
t 1091 1189 1188
t 1091 1092 1189
t 1092 1190 1189
t 1092 1093 1190
t 1093 1191 1190
t 1093 1094 1191
t 1094 1192 1191
t 1094 1095 1192
t 1095 1193 1192
t 1095 1096 1193
t 1096 1194 1193
t 1096 1097 1194
t 1097 1195 1194
t 1097 1098 1195
t 1098 1196 1195
t 1098 1099 1196
t 1099 1197 1196
t 1099 1100 1197
t 1100 1198 1197
t 1100 1101 1198
t 1101 1199 1198
t 1101 1102 1199
t 1102 1200 1199
t 1102 1103 1200
t 1103 1201 1200
t 1103 1104 1201
t 1104 1202 1201
t 1104 1105 1202
t 1105 1203 1202
t 1105 1106 1203
t 1106 1204 1203
t 1106 1107 1204
t 1107 1205 1204
t 1107 1108 1205
t 1108 1206 1205
t 1108 1109 1206
t 1109 1207 1206
t 1109 1110 1207
t 1110 1208 1207
t 1110 1111 1208
t 1111 1209 1208
t 1111 1112 1209
t 1112 1210 1209
t 1112 1113 1210
t 1113 1211 1210
t 1113 1114 1211
t 1114 1212 1211
t 1114 1115 1212
t 1115 1213 1212
t 1115 1116 1213
t 1116 1214 1213
t 1116 1117 1214
t 1117 1215 1214
t 1117 1118 1215
t 1118 1216 1215
t 1118 1119 1216
t 1119 1217 1216
t 1119 1120 1217
t 1120 1218 1217
t 1120 1121 1218
t 1121 1219 1218
t 1121 1122 1219
t 1122 1220 1219
t 1122 1123 1220
t 1123 1221 1220
t 1123 1124 1221
t 1124 1222 1221
t 1124 1125 1222
t 1125 1223 1222
t 1125 1126 1223
t 1126 1224 1223
t 1126 1127 1224
t 1127 1225 1224
t 1127 1128 1225
t 1128 1226 1225
t 1128 1129 1226
t 1129 1227 1226
t 1129 1130 1227
t 1130 1228 1227
t 1130 1131 1228
t 1131 1229 1228
t 1131 1132 1229
t 1132 1230 1229
t 1132 1133 1230
t 1133 1231 1230
t 1133 1134 1231
t 1134 1232 1231
t 1134 1135 1232
t 1135 1233 1232
t 1135 1136 1233
t 1136 1234 1233
t 1136 1137 1234
t 1137 1235 1234
t 1137 1138 1235
t 1138 1236 1235
t 1138 1139 1236
t 1139 1237 1236
t 1139 1140 1237
t 1140 1238 1237
t 1140 1141 1238
t 1141 1239 1238
t 1141 1142 1239
t 1142 1240 1239
t 1142 1143 1240
t 1143 1241 1240
t 1143 1144 1241
t 1144 1242 1241
t 1144 1145 1242
t 1145 1243 1242
t 1145 1146 1243
t 1146 1244 1243
t 1146 1147 1244
t 1147 1245 1244
t 1147 1148 1245
t 1148 1246 1245
t 1148 1149 1246
t 1149 1247 1246
t 1149 1150 1247
t 1150 1248 1247
t 1150 1151 1248
t 1151 1249 1248
t 1151 1152 1249
t 1152 1250 1249
t 1152 1153 1250
t 1153 1251 1250
t 1153 1154 1251
t 1154 1252 1251
t 1154 1155 1252
t 1155 1253 1252
t 1155 1156 1253
t 1156 1254 1253
t 1156 1157 1254
t 1157 1255 1254
t 1157 1158 1255
t 1158 1256 1255
t 1158 1159 1256
t 1159 1257 1256
t 1159 1160 1257
t 1160 1258 1257
t 1160 1161 1258
t 1161 1259 1258
t 1161 1162 1259
t 1162 1260 1259
t 1162 1163 1260
t 1163 1261 1260
t 1163 1164 1261
t 1164 1262 1261
t 1164 1165 1262
t 1165 1263 1262
t 1165 1166 1263
t 1166 1264 1263
t 1166 1167 1264
t 1167 1265 1264
t 1167 1168 1265
t 1168 1266 1265
t 1168 1169 1266
t 1169 1267 1266
t 1169 1170 1267
t 1170 1268 1267
t 1170 1171 1268
t 1171 1269 1268
t 1171 1172 1269
t 1172 1270 1269
t 1172 1173 1270
t 1173 1271 1270
t 1173 1174 1271
t 1174 1272 1271
t 1174 1175 1272
t 1175 1273 1272
t 1175 1176 1273
t 1176 1274 1273
t 1176 1177 1274
t 1177 1275 1274
t 1177 1178 1275
t 1178 1276 1275
t 1178 1179 1276
t 1179 1277 1276
t 1179 1180 1277
t 1180 1278 1277
t 1180 1181 1278
t 1181 1279 1278
t 1181 1182 1279
t 1182 1280 1279
t 1182 1183 1280
t 1183 1281 1280
t 1183 1184 1281
t 1184 1282 1281
t 1184 1185 1282
t 1185 1283 1282
t 1185 1186 1283
t 1186 1284 1283
t 1186 1187 1284
t 1187 1285 1284
t 1187 1286 1285
t 1187 103 1286
t 103 104 1286
t 157 155 156
t 157 154 155
t 157 153 154
t 157 152 153
t 157 151 152
t 157 150 151
t 157 149 150
t 157 148 149
t 157 147 148
t 157 146 147
t 157 145 146
t 157 144 145
t 157 143 144
t 157 142 143
t 157 141 142
t 104 105 106
t 157 1188 141
t 1188 1189 141
t 1189 1190 141
t 1190 1191 141
t 1191 1192 141
t 1192 1193 141
t 1193 1194 141
t 1194 1195 141
t 1195 1196 141
t 1196 1197 141
t 1197 1198 141
t 1198 1199 141
t 1199 1200 141
t 1200 1201 141
t 1201 1202 141
t 1202 1203 141
t 1203 1204 141
t 1204 1205 141
t 1205 1206 141
t 1206 1207 141
t 1207 1208 141
t 1208 1209 141
t 1209 1210 141
t 1210 1211 141
t 1211 1212 141
t 1212 1213 141
t 1213 1214 141
t 1214 1215 141
t 1215 1216 141
t 1216 1217 141
t 1217 1218 141
t 1218 1219 141
t 1219 1220 141
t 1220 1221 141
t 1221 1287 141
t 1221 1222 1287
t 1222 1288 1287
t 1222 1223 1288
t 1223 1289 1288
t 1223 1224 1289
t 1224 1290 1289
t 1224 1225 1290
t 1225 1291 1290
t 1225 1226 1291
t 1226 1292 1291
t 1226 1227 1292
t 1227 1293 1292
t 1227 1228 1293
t 1228 1294 1293
t 1228 1229 1294
t 1229 1295 1294
t 1229 1230 1295
t 1230 1296 1295
t 1230 1231 1296
t 1231 1297 1296
t 1231 1232 1297
t 1232 1298 1297
t 1232 1233 1298
t 1233 1299 1298
t 1233 1234 1299
t 1234 1300 1299
t 1234 1235 1300
t 1235 1301 1300
t 1235 1236 1301
t 1236 1302 1301
t 1236 1237 1302
t 1237 1303 1302
t 1237 1238 1303
t 1238 1304 1303
t 1238 1239 1304
t 1239 1305 1304
t 1239 1240 1305
t 1240 1306 1305
t 1240 1241 1306
t 1241 1307 1306
t 1241 1242 1307
t 1242 1308 1307
t 1242 1243 1308
t 1243 1309 1308
t 1243 1244 1309
t 1244 1310 1309
t 1244 1245 1310
t 1245 1311 1310
t 1245 1246 1311
t 1246 1312 1311
t 1246 1247 1312
t 1247 1313 1312
t 1247 1248 1313
t 1248 1314 1313
t 1248 1249 1314
t 1249 1315 1314
t 1249 1250 1315
t 1250 1316 1315
t 1250 1251 1316
t 1251 1317 1316
t 1251 1252 1317
t 1252 1318 1317
t 1252 1253 1318
t 1253 1319 1318
t 1253 1254 1319
t 1254 1320 1319
t 1254 1255 1320
t 1255 1321 1320
t 1255 1256 1321
t 1256 1322 1321
t 1256 1257 1322
t 1257 1323 1322
t 1257 1258 1323
t 1258 1324 1323
t 1258 1259 1324
t 1259 1325 1324
t 1259 1260 1325
t 1260 1326 1325
t 1260 1261 1326
t 1261 1327 1326
t 1261 1262 1327
t 1262 1328 1327
t 1262 1263 1328
t 1263 1329 1328
t 1263 1264 1329
t 1264 1330 1329
t 1264 1265 1330
t 1265 1331 1330
t 1265 1266 1331
t 1266 1332 1331
t 1266 1267 1332
t 1267 1333 1332
t 1267 1268 1333
t 1268 1334 1333
t 1268 1269 1334
t 1269 1335 1334
t 1269 1270 1335
t 1270 1336 1335
t 1270 1271 1336
t 1271 1337 1336
t 1271 1272 1337
t 1272 1338 1337
t 1272 1273 1338
t 1273 1339 1338
t 1273 1274 1339
t 1274 1340 1339
t 1274 1275 1340
t 1275 1341 1340
t 1275 1276 1341
t 1276 1342 1341
t 1276 1277 1342
t 1277 1343 1342
t 1277 1278 1343
t 1278 1344 1343
t 1278 1279 1344
t 1279 1345 1344
t 1279 1280 1345
t 1280 1346 1345
t 1280 1281 1346
t 1281 1347 1346
t 1281 1282 1347
t 1282 1348 1347
t 1282 1283 1348
t 1283 1349 1348
t 1283 1284 1349
t 1284 1350 1349
t 1284 1285 1350
t 1285 1351 1350
t 1285 1286 1351
t 1286 1352 1351
t 1286 104 1352
t 104 106 1352
t 141 139 140
t 141 138 139
t 141 137 138
t 141 136 137
t 141 135 136
t 141 134 135
t 141 133 134
t 141 132 133
t 141 131 132
t 141 130 131
t 141 129 130
t 141 128 129
t 141 127 128
t 141 126 127
t 106 107 108
t 141 1287 126
t 1287 1288 126
t 1288 1289 126
t 1289 1290 126
t 1290 1291 126
t 1291 1292 126
t 1292 1293 126
t 1293 1294 126
t 1294 1295 126
t 1295 1296 126
t 1296 1297 126
t 1297 1298 126
t 1298 1299 126
t 1299 1300 126
t 1300 1301 126
t 1301 1302 126
t 1302 1303 126
t 1303 1304 126
t 1304 1305 126
t 1305 1306 126
t 1306 1307 126
t 1307 1308 126
t 1308 1309 126
t 1309 1310 126
t 1310 1311 126
t 1311 1312 126
t 1312 1313 126
t 1313 1353 126
t 1313 1314 1353
t 1314 1354 1353
t 1314 1315 1354
t 1315 1355 1354
t 1315 1316 1355
t 1316 1356 1355
t 1316 1317 1356
t 1317 1357 1356
t 1317 1318 1357
t 1318 1358 1357
t 1318 1319 1358
t 1319 1359 1358
t 1319 1320 1359
t 1320 1360 1359
t 1320 1321 1360
t 1321 1361 1360
t 1321 1322 1361
t 1322 1362 1361
t 1322 1323 1362
t 1323 1363 1362
t 1323 1324 1363
t 1324 1364 1363
t 1324 1325 1364
t 1325 1365 1364
t 1325 1326 1365
t 1326 1366 1365
t 1326 1327 1366
t 1327 1367 1366
t 1327 1328 1367
t 1328 1368 1367
t 1328 1329 1368
t 1329 1369 1368
t 1329 1330 1369
t 1330 1370 1369
t 1330 1331 1370
t 1331 1371 1370
t 1331 1332 1371
t 1332 1372 1371
t 1332 1333 1372
t 1333 1373 1372
t 1333 1334 1373
t 1334 1374 1373
t 1334 1335 1374
t 1335 1375 1374
t 1335 1336 1375
t 1336 1376 1375
t 1336 1337 1376
t 1337 1377 1376
t 1337 1338 1377
t 1338 1378 1377
t 1338 1339 1378
t 1339 1379 1378
t 1339 1340 1379
t 1340 1380 1379
t 1340 1341 1380
t 1341 1381 1380
t 1341 1342 1381
t 1342 1382 1381
t 1342 1343 1382
t 1343 1383 1382
t 1343 1344 1383
t 1344 1384 1383
t 1344 1345 1384
t 1345 1385 1384
t 1345 1346 1385
t 1346 1386 1385
t 1346 1347 1386
t 1347 1387 1386
t 1347 1348 1387
t 1348 1388 1387
t 1348 1349 1388
t 1349 1389 1388
t 1349 1350 1389
t 1350 1390 1389
t 1350 1351 1390
t 1351 1391 1390
t 1351 1352 1391
t 1352 1392 1391
t 1352 108 1392
t 1352 106 108
t 126 124 125
t 126 123 124
t 126 122 123
t 126 121 122
t 126 120 121
t 126 119 120
t 126 118 119
t 126 117 118
t 126 116 117
t 126 115 116
t 126 114 115
t 126 113 114
t 126 112 113
t 126 111 112
t 126 110 111
t 108 109 110
t 126 1353 110
t 1353 1354 110
t 1354 1355 110
t 1355 1356 110
t 1356 1357 110
t 1357 1358 110
t 1358 1359 110
t 1359 1360 110
t 1360 1361 110
t 1361 1362 110
t 1362 1363 110
t 1363 1364 110
t 1364 1365 110
t 1365 1366 110
t 1366 1367 110
t 1367 1368 110
t 1368 1369 110
t 1369 1370 110
t 1370 1371 110
t 1371 1372 110
t 1372 1373 110
t 1373 1374 110
t 1374 1375 110
t 1375 1376 110
t 1376 1377 110
t 1377 1378 110
t 1378 1379 110
t 1379 1380 110
t 1380 1381 110
t 1381 1382 110
t 1382 1383 110
t 1383 1384 110
t 1384 1385 110
t 1385 1386 110
t 1386 1387 110
t 1387 1388 110
t 1388 1389 110
t 1389 1390 110
t 1390 1391 110
t 1391 1392 110
t 1392 108 110
