type=Nurbs forward=false n_boundary=196 n_holes=0 n_interior=119 n_tris=1912 label=brep62542_f141_Nurbs(deg=3/3, cps=4x14)
boundary
b 0.956812236 -0.000000000
b 0.952281664 0.014917614
b 0.947308988 0.030070447
b 0.941896024 0.045454389
b 0.936043538 0.061065460
b 0.929751228 0.076899834
b 0.923017710 0.092953877
b 0.915840516 0.109224199
b 0.908216563 0.125710967
b 0.900145613 0.142423791
b 0.891629693 0.159373837
b 0.882672240 0.176572070
b 0.873278128 0.194029183
b 0.863453704 0.211755545
b 0.853206790 0.229761108
b 0.842547026 0.248050401
b 0.831486381 0.266620635
b 0.820037116 0.285469383
b 0.808211173 0.304594672
b 0.796020189 0.323995129
b 0.783475523 0.343670126
b 0.770588541 0.363619696
b 0.757382756 0.383833185
b 0.743903605 0.404282698
b 0.730195330 0.424938633
b 0.716296286 0.445771867
b 0.702238572 0.466754312
b 0.688047809 0.487859453
b 0.673744967 0.509062252
b 0.659391396 0.530325085
b 0.645086312 0.551595025
b 0.630915409 0.572817395
b 0.616947080 0.593937379
b 0.603231490 0.614900988
b 0.589803067 0.635656596
b 0.576721028 0.656163047
b 0.564083787 0.676390368
b 0.551990893 0.696307896
b 0.540520709 0.715878633
b 0.529728399 0.735060538
b 0.519654405 0.753820305
b 0.510346969 0.772152283
b 0.501840396 0.790047988
b 0.494138575 0.807534090
b 0.487239165 0.824650997
b 0.481143245 0.841432538
b 0.475831410 0.857939811
b 0.471291052 0.874247585
b 0.467541089 0.890418412
b 0.464630219 0.906495714
b 0.462632128 0.922467883
b 0.461580825 0.938305228
b 0.461424895 0.953990952
b 0.462106278 0.969510795
b 0.463570959 0.984851301
b 0.465768287 1.000000000
b 0.458419792 0.999989781
b 0.451068722 0.999981360
b 0.443714542 0.999974640
b 0.436356718 0.999969520
b 0.428994719 0.999965896
b 0.421628015 0.999963660
b 0.414256076 0.999962699
b 0.406878371 0.999962895
b 0.399494370 0.999964126
b 0.392103539 0.999966263
b 0.384705340 0.999969174
b 0.377299236 0.999972720
b 0.369884680 0.999976755
b 0.362461125 0.999981130
b 0.355028014 0.999985684
b 0.347584785 0.999990255
b 0.340130869 0.999994670
b 0.332665688 0.999998748
b 0.325188655 1.000002312
b 0.317699202 1.000005307
b 0.310196773 1.000007755
b 0.302680813 1.000009684
b 0.295150769 1.000011123
b 0.287606086 1.000012100
b 0.280046207 1.000012647
b 0.272470575 1.000012798
b 0.264878629 1.000012585
b 0.257269805 1.000012047
b 0.249643534 1.000011220
b 0.241999243 1.000010145
b 0.234336354 1.000008864
b 0.226654281 1.000007422
b 0.218952431 1.000005865
b 0.211230205 1.000004243
b 0.203486992 1.000002607
b 0.195722175 1.000001012
b 0.187935123 0.999999515
b 0.180125194 0.999998155
b 0.172291731 0.999996936
b 0.164434077 0.999995863
b 0.156551568 0.999994940
b 0.148643540 0.999994169
b 0.140709321 0.999993556
b 0.132748235 0.999993103
b 0.124759598 0.999992815
b 0.116742719 0.999992695
b 0.108696901 0.999992750
b 0.100621434 0.999992982
b 0.092515602 0.999993397
b 0.084378676 0.999993999
b 0.076209915 0.999994793
b 0.068008566 0.999995785
b 0.059773862 0.999996980
b 0.051505020 0.999998383
b 0.043201244 1.000000000
b 0.043216184 0.987814841
b 0.043244265 0.975487418
b 0.043263038 0.962983307
b 0.043258689 0.950264478
b 0.043227545 0.937290080
b 0.043178028 0.924018969
b 0.043138377 0.910444259
b 0.043127257 0.896596012
b 0.043141538 0.882505500
b 0.043168580 0.868200827
b 0.043187766 0.853705898
b 0.043182227 0.839038509
b 0.043170734 0.824208783
b 0.043169337 0.809229802
b 0.043179115 0.794118138
b 0.043195322 0.778889001
b 0.043209107 0.763555234
b 0.043215451 0.748118751
b 0.043215291 0.732571512
b 0.043210438 0.716906525
b 0.043205157 0.701123582
b 0.043202765 0.685223758
b 0.043204247 0.669205174
b 0.043207048 0.653055383
b 0.043207967 0.636758705
b 0.043203605 0.620298690
b 0.043193376 0.603659981
b 0.043184137 0.586831381
b 0.043179711 0.569799294
b 0.043180179 0.552546350
b 0.043185001 0.535053947
b 0.043192728 0.517302395
b 0.043200511 0.499270925
b 0.043205333 0.480940352
b 0.043209163 0.462301071
b 0.043213680 0.443345187
b 0.043218207 0.424063938
b 0.043219306 0.404447774
b 0.043210698 0.384485330
b 0.043191925 0.364137387
b 0.043171396 0.343333905
b 0.043161588 0.321997208
b 0.043171723 0.300044905
b 0.043203125 0.277390903
b 0.043245263 0.253985602
b 0.043277367 0.229934803
b 0.043282009 0.205379274
b 0.043258115 0.180447568
b 0.043216833 0.155261658
b 0.043181892 0.129934140
b 0.043163233 0.104490572
b 0.043154605 0.078865215
b 0.043163224 0.052971046
b 0.043185722 0.026714812
b 0.043201244 -0.000000000
b 0.074976621 -0.000000000
b 0.106266445 -0.000000000
b 0.137113086 -0.000000000
b 0.167556826 -0.000000000
b 0.197636089 -0.000000000
b 0.227387642 -0.000000000
b 0.256846794 -0.000000000
b 0.286047568 -0.000000000
b 0.315022868 -0.000000000
b 0.343804634 -0.000000000
b 0.372423987 -0.000000000
b 0.400911366 -0.000000000
b 0.429296659 -0.000000000
b 0.457609335 -0.000000000
b 0.485878562 -0.000000000
b 0.514133329 -0.000000000
b 0.542402568 -0.000000000
b 0.570715269 -0.000000000
b 0.599100599 -0.000000000
b 0.627588026 -0.000000000
b 0.656207441 -0.000000000
b 0.684989282 -0.000000000
b 0.713964671 -0.000000000
b 0.743165546 -0.000000000
b 0.772624814 -0.000000000
b 0.802376497 -0.000000000
b 0.832455905 -0.000000000
b 0.862899808 -0.000000000
b 0.893746627 -0.000000000
b 0.925036646 -0.000000000
interior
i 0.157337879 0.125001600
i 0.271548502 0.125001600
i 0.385759124 0.125001600
i 0.499969746 0.125001600
i 0.614180369 0.125001600
i 0.728390991 0.125001600
i 0.842601613 0.125001600
i 0.157337879 0.250003199
i 0.271548502 0.250003199
i 0.385759124 0.250003199
i 0.499969746 0.250003199
i 0.614180369 0.250003199
i 0.728390991 0.250003199
i 0.157337879 0.375004799
i 0.271548502 0.375004799
i 0.385759124 0.375004799
i 0.499969746 0.375004799
i 0.614180369 0.375004799
i 0.728390991 0.375004799
i 0.157337879 0.500006399
i 0.271548502 0.500006399
i 0.385759124 0.500006399
i 0.499969746 0.500006399
i 0.614180369 0.500006399
i 0.157337879 0.625007999
i 0.271548502 0.625007999
i 0.385759124 0.625007999
i 0.499969746 0.625007999
i 0.157337879 0.750009598
i 0.271548502 0.750009598
i 0.385759124 0.750009598
i 0.499969746 0.750009598
i 0.157337879 0.875011198
i 0.271548502 0.875011198
i 0.385759124 0.875011198
i 0.100232568 0.062500800
i 0.100232568 0.187502400
i 0.071679913 0.156252000
i 0.128785224 0.156252000
i 0.071679913 0.218752799
i 0.128785224 0.218752799
i 0.100232568 0.312503999
i 0.071679913 0.281253599
i 0.128785224 0.281253599
i 0.071679913 0.343754399
i 0.128785224 0.343754399
i 0.100232568 0.437505599
i 0.100232568 0.562507199
i 0.100232568 0.687508798
i 0.100232568 0.812510398
i 0.100232568 0.937511998
i 0.071679913 0.906261598
i 0.128785224 0.906261598
i 0.071679913 0.968762398
i 0.128785224 0.968762398
i 0.214443190 0.062500800
i 0.214443190 0.187502400
i 0.185890535 0.156252000
i 0.242995846 0.156252000
i 0.185890535 0.218752799
i 0.242995846 0.218752799
i 0.214443190 0.312503999
i 0.214443190 0.437505599
i 0.214443190 0.562507199
i 0.214443190 0.687508798
i 0.214443190 0.812510398
i 0.214443190 0.937511998
i 0.185890535 0.906261598
i 0.242995846 0.906261598
i 0.185890535 0.968762398
i 0.242995846 0.968762398
i 0.328653813 0.062500800
i 0.328653813 0.187502400
i 0.328653813 0.312503999
i 0.328653813 0.437505599
i 0.328653813 0.562507199
i 0.328653813 0.687508798
i 0.328653813 0.812510398
i 0.328653813 0.937511998
i 0.300101157 0.906261598
i 0.357206468 0.906261598
i 0.300101157 0.968762398
i 0.357206468 0.968762398
i 0.442864435 0.062500800
i 0.442864435 0.187502400
i 0.442864435 0.312503999
i 0.414311780 0.281253599
i 0.471417091 0.281253599
i 0.414311780 0.343754399
i 0.471417091 0.343754399
i 0.442864435 0.437505599
i 0.442864435 0.562507199
i 0.442864435 0.687508798
i 0.442864435 0.812510398
i 0.442864435 0.937511998
i 0.414311780 0.906261598
i 0.414311780 0.968762398
i 0.557075057 0.062500800
i 0.557075057 0.187502400
i 0.557075057 0.312503999
i 0.528522402 0.281253599
i 0.585627713 0.281253599
i 0.528522402 0.343754399
i 0.585627713 0.343754399
i 0.557075057 0.437505599
i 0.557075057 0.562507199
i 0.557075057 0.687508798
i 0.671285680 0.062500800
i 0.671285680 0.187502400
i 0.671285680 0.312503999
i 0.642733024 0.281253599
i 0.699838335 0.281253599
i 0.642733024 0.343754399
i 0.699838335 0.343754399
i 0.671285680 0.437505599
i 0.785496302 0.062500800
i 0.785496302 0.187502400
i 0.785496302 0.312503999
i 0.899706924 0.062500800
tris
t 165 163 164
t 165 162 163
t 165 161 162
t 0 1 2
t 0 2 3
t 0 3 4
t 0 4 5
t 0 5 6
t 0 6 7
t 165 315 161
t 165 316 315
t 165 317 316
t 165 318 317
t 165 319 318
t 165 320 319
t 165 321 320
t 165 322 321
t 165 323 322
t 165 324 323
t 165 325 324
t 165 326 325
t 165 327 326
t 165 328 327
t 165 329 328
t 165 330 329
t 165 331 330
t 165 332 331
t 165 333 332
t 165 334 333
t 165 335 334
t 165 336 335
t 165 337 336
t 165 338 337
t 165 339 338
t 165 340 339
t 165 341 340
t 165 342 341
t 165 343 342
t 165 344 343
t 165 345 344
t 165 346 345
t 165 347 346
t 165 348 347
t 165 349 348
t 165 350 349
t 165 166 350
t 166 351 350
t 166 352 351
t 166 353 352
t 166 354 353
t 166 355 354
t 166 167 355
t 167 356 355
t 167 357 356
t 167 358 357
t 167 359 358
t 167 360 359
t 167 168 360
t 168 361 360
t 168 362 361
t 168 363 362
t 168 364 363
t 168 365 364
t 168 169 365
t 169 366 365
t 169 367 366
t 169 368 367
t 169 369 368
t 169 370 369
t 169 170 370
t 170 371 370
t 170 372 371
t 170 373 372
t 170 374 373
t 170 375 374
t 170 171 375
t 171 376 375
t 171 377 376
t 171 378 377
t 171 379 378
t 171 172 379
t 172 380 379
t 172 381 380
t 172 382 381
t 172 383 382
t 172 384 383
t 172 173 384
t 173 385 384
t 173 386 385
t 173 387 386
t 173 388 387
t 173 389 388
t 173 174 389
t 174 390 389
t 174 391 390
t 174 392 391
t 174 393 392
t 174 394 393
t 174 175 394
t 175 395 394
t 175 396 395
t 175 397 396
t 175 398 397
t 175 399 398
t 175 176 399
t 176 400 399
t 176 401 400
t 176 402 401
t 176 403 402
t 176 404 403
t 176 177 404
t 177 405 404
t 177 406 405
t 177 407 406
t 177 408 407
t 177 409 408
t 177 178 409
t 178 410 409
t 178 411 410
t 178 412 411
t 178 413 412
t 178 179 413
t 179 414 413
t 179 415 414
t 179 416 415
t 179 417 416
t 179 418 417
t 179 419 418
t 179 420 419
t 179 421 420
t 179 422 421
t 179 423 422
t 179 424 423
t 179 425 424
t 179 426 425
t 179 180 426
t 180 427 426
t 180 428 427
t 180 429 428
t 180 430 429
t 180 431 430
t 180 181 431
t 181 432 431
t 181 433 432
t 181 434 433
t 181 435 434
t 181 182 435
t 182 436 435
t 182 437 436
t 182 438 437
t 182 183 438
t 183 439 438
t 183 440 439
t 183 441 440
t 183 184 441
t 184 442 441
t 184 443 442
t 184 444 443
t 184 185 444
t 185 445 444
t 185 446 445
t 185 447 446
t 185 186 447
t 186 448 447
t 186 449 448
t 186 450 449
t 186 187 450
t 187 451 450
t 187 452 451
t 187 453 452
t 187 188 453
t 188 454 453
t 188 455 454
t 188 456 455
t 188 189 456
t 189 457 456
t 189 458 457
t 189 459 458
t 189 460 459
t 189 190 460
t 190 461 460
t 190 462 461
t 190 463 462
t 190 191 463
t 191 464 463
t 191 465 464
t 191 466 465
t 191 467 466
t 191 192 467
t 192 468 467
t 192 469 468
t 192 470 469
t 192 193 470
t 193 471 470
t 193 472 471
t 193 473 472
t 193 474 473
t 193 475 474
t 193 194 475
t 194 476 475
t 194 477 476
t 194 478 477
t 194 7 478
t 194 195 7
t 195 0 7
t 161 159 160
t 161 158 159
t 161 157 158
t 161 156 157
t 7 8 9
t 7 9 10
t 7 10 11
t 7 11 12
t 7 12 13
t 7 13 14
t 7 14 15
t 161 315 156
t 315 316 156
t 316 317 156
t 317 318 156
t 318 319 156
t 319 320 156
t 320 321 156
t 321 322 156
t 322 323 156
t 323 324 156
t 324 325 156
t 325 326 156
t 326 327 156
t 327 328 156
t 328 329 156
t 329 330 156
t 330 331 156
t 331 332 156
t 332 333 156
t 333 334 156
t 334 335 156
t 335 336 156
t 336 337 156
t 337 338 156
t 338 339 156
t 339 340 156
t 340 341 156
t 341 342 156
t 342 343 156
t 343 344 156
t 344 345 156
t 345 346 156
t 346 347 156
t 347 479 156
t 347 348 479
t 348 480 479
t 348 349 480
t 349 481 480
t 349 350 481
t 350 482 481
t 350 351 482
t 351 483 482
t 351 352 483
t 352 484 483
t 352 353 484
t 353 485 484
t 353 354 485
t 354 486 485
t 354 355 486
t 355 487 486
t 355 356 487
t 356 488 487
t 356 357 488
t 357 489 488
t 357 358 489
t 358 490 489
t 358 359 490
t 359 491 490
t 359 360 491
t 360 492 491
t 360 361 492
t 361 493 492
t 361 362 493
t 362 494 493
t 362 363 494
t 363 495 494
t 363 364 495
t 364 496 495
t 364 365 496
t 365 497 496
t 365 366 497
t 366 498 497
t 366 367 498
t 367 499 498
t 367 368 499
t 368 500 499
t 368 369 500
t 369 501 500
t 369 370 501
t 370 502 501
t 370 371 502
t 371 503 502
t 371 372 503
t 372 504 503
t 372 373 504
t 373 505 504
t 373 374 505
t 374 506 505
t 374 375 506
t 375 507 506
t 375 376 507
t 376 508 507
t 376 377 508
t 377 509 508
t 377 378 509
t 378 510 509
t 378 379 510
t 379 511 510
t 379 380 511
t 380 512 511
t 380 381 512
t 381 513 512
t 381 382 513
t 382 514 513
t 382 383 514
t 383 515 514
t 383 384 515
t 384 516 515
t 384 385 516
t 385 517 516
t 385 386 517
t 386 518 517
t 386 387 518
t 387 519 518
t 387 388 519
t 388 520 519
t 388 389 520
t 389 521 520
t 389 390 521
t 390 522 521
t 390 391 522
t 391 523 522
t 391 392 523
t 392 524 523
t 392 393 524
t 393 525 524
t 393 394 525
t 394 526 525
t 394 395 526
t 395 527 526
t 395 396 527
t 396 528 527
t 396 397 528
t 397 529 528
t 397 398 529
t 398 530 529
t 398 399 530
t 399 531 530
t 399 400 531
t 400 532 531
t 400 401 532
t 401 533 532
t 401 402 533
t 402 534 533
t 402 403 534
t 403 535 534
t 403 404 535
t 404 536 535
t 404 405 536
t 405 537 536
t 405 406 537
t 406 538 537
t 406 407 538
t 407 539 538
t 407 408 539
t 408 540 539
t 408 409 540
t 409 541 540
t 409 410 541
t 410 542 541
t 410 411 542
t 411 543 542
t 411 412 543
t 412 544 543
t 412 413 544
t 413 545 544
t 413 414 545
t 414 546 545
t 414 415 546
t 415 547 546
t 415 416 547
t 416 548 547
t 416 417 548
t 417 549 548
t 417 418 549
t 418 550 549
t 418 419 550
t 419 551 550
t 419 420 551
t 420 552 551
t 420 421 552
t 421 553 552
t 421 422 553
t 422 554 553
t 422 423 554
t 423 555 554
t 423 424 555
t 424 556 555
t 424 425 556
t 425 557 556
t 425 426 557
t 426 558 557
t 426 427 558
t 427 559 558
t 427 428 559
t 428 560 559
t 428 429 560
t 429 561 560
t 429 430 561
t 430 562 561
t 430 431 562
t 431 563 562
t 431 432 563
t 432 564 563
t 432 433 564
t 433 565 564
t 433 434 565
t 434 566 565
t 434 435 566
t 435 567 566
t 435 436 567
t 436 568 567
t 436 437 568
t 437 569 568
t 437 438 569
t 438 570 569
t 438 439 570
t 439 571 570
t 439 440 571
t 440 572 571
t 440 441 572
t 441 573 572
t 441 442 573
t 442 574 573
t 442 443 574
t 443 575 574
t 443 444 575
t 444 576 575
t 444 445 576
t 445 577 576
t 445 446 577
t 446 578 577
t 446 447 578
t 447 579 578
t 447 448 579
t 448 580 579
t 448 449 580
t 449 581 580
t 449 450 581
t 450 582 581
t 450 451 582
t 451 583 582
t 451 452 583
t 452 584 583
t 452 453 584
t 453 585 584
t 453 454 585
t 454 586 585
t 454 455 586
t 455 587 586
t 455 456 587
t 456 588 587
t 456 457 588
t 457 589 588
t 457 458 589
t 458 590 589
t 458 459 590
t 459 591 590
t 459 460 591
t 460 592 591
t 460 461 592
t 461 593 592
t 461 462 593
t 462 594 593
t 462 463 594
t 463 595 594
t 463 464 595
t 464 596 595
t 464 465 596
t 465 597 596
t 465 466 597
t 466 598 597
t 466 467 598
t 467 599 598
t 467 468 599
t 468 600 599
t 468 469 600
t 469 15 600
t 469 470 15
t 470 471 15
t 471 472 15
t 472 473 15
t 473 474 15
t 474 475 15
t 475 476 15
t 476 477 15
t 477 478 15
t 478 7 15
t 156 154 155
t 156 153 154
t 156 152 153
t 156 151 152
t 156 150 151
t 15 16 17
t 15 17 18
t 15 18 19
t 15 19 20
t 15 20 21
t 156 601 150
t 156 602 601
t 156 603 602
t 156 604 603
t 156 605 604
t 156 606 605
t 156 607 606
t 156 608 607
t 156 609 608
t 156 610 609
t 156 611 610
t 156 612 611
t 156 613 612
t 156 614 613
t 156 615 614
t 156 616 615
t 156 617 616
t 156 618 617
t 156 619 618
t 156 620 619
t 156 621 620
t 156 479 621
t 479 622 621
t 479 480 622
t 480 623 622
t 480 481 623
t 481 624 623
t 481 482 624
t 482 625 624
t 482 483 625
t 483 626 625
t 483 484 626
t 484 627 626
t 484 485 627
t 485 628 627
t 485 486 628
t 486 629 628
t 486 487 629
t 487 630 629
t 487 488 630
t 488 631 630
t 488 489 631
t 489 632 631
t 489 490 632
t 490 633 632
t 490 491 633
t 491 634 633
t 491 492 634
t 492 635 634
t 492 493 635
t 493 636 635
t 493 494 636
t 494 637 636
t 494 495 637
t 495 638 637
t 495 496 638
t 496 639 638
t 496 497 639
t 497 640 639
t 497 498 640
t 498 641 640
t 498 499 641
t 499 642 641
t 499 500 642
t 500 643 642
t 500 501 643
t 501 644 643
t 501 502 644
t 502 645 644
t 502 503 645
t 503 646 645
t 503 504 646
t 504 647 646
t 504 505 647
t 505 648 647
t 505 506 648
t 506 649 648
t 506 507 649
t 507 650 649
t 507 508 650
t 508 651 650
t 508 509 651
t 509 652 651
t 509 510 652
t 510 653 652
t 510 511 653
t 511 654 653
t 511 512 654
t 512 655 654
t 512 513 655
t 513 656 655
t 513 514 656
t 514 657 656
t 514 515 657
t 515 658 657
t 515 516 658
t 516 659 658
t 516 517 659
t 517 660 659
t 517 518 660
t 518 661 660
t 518 519 661
t 519 662 661
t 519 520 662
t 520 663 662
t 520 521 663
t 521 664 663
t 521 522 664
t 522 665 664
t 522 523 665
t 523 666 665
t 523 524 666
t 524 667 666
t 524 525 667
t 525 668 667
t 525 526 668
t 526 669 668
t 526 527 669
t 527 670 669
t 527 528 670
t 528 671 670
t 528 529 671
t 529 672 671
t 529 530 672
t 530 673 672
t 530 531 673
t 531 674 673
t 531 532 674
t 532 675 674
t 532 533 675
t 533 676 675
t 533 534 676
t 534 677 676
t 534 535 677
t 535 678 677
t 535 536 678
t 536 679 678
t 536 537 679
t 537 680 679
t 537 538 680
t 538 681 680
t 538 539 681
t 539 682 681
t 539 540 682
t 540 683 682
t 540 541 683
t 541 684 683
t 541 542 684
t 542 685 684
t 542 543 685
t 543 686 685
t 543 544 686
t 544 687 686
t 544 545 687
t 545 688 687
t 545 546 688
t 546 689 688
t 546 547 689
t 547 690 689
t 547 548 690
t 548 691 690
t 548 549 691
t 549 692 691
t 549 550 692
t 550 693 692
t 550 551 693
t 551 694 693
t 551 552 694
t 552 695 694
t 552 553 695
t 553 696 695
t 553 554 696
t 554 697 696
t 554 555 697
t 555 698 697
t 555 556 698
t 556 699 698
t 556 557 699
t 557 700 699
t 557 558 700
t 558 701 700
t 558 559 701
t 559 702 701
t 559 560 702
t 560 703 702
t 560 561 703
t 561 704 703
t 561 562 704
t 562 705 704
t 562 563 705
t 563 706 705
t 563 564 706
t 564 707 706
t 564 565 707
t 565 708 707
t 565 566 708
t 566 709 708
t 566 567 709
t 567 710 709
t 567 568 710
t 568 711 710
t 568 569 711
t 569 712 711
t 569 570 712
t 570 713 712
t 570 571 713
t 571 714 713
t 571 572 714
t 572 715 714
t 572 573 715
t 573 716 715
t 573 574 716
t 574 717 716
t 574 575 717
t 575 718 717
t 575 576 718
t 576 719 718
t 576 577 719
t 577 720 719
t 577 578 720
t 578 721 720
t 578 579 721
t 579 722 721
t 579 580 722
t 580 723 722
t 580 581 723
t 581 724 723
t 581 582 724
t 582 725 724
t 582 583 725
t 583 726 725
t 583 584 726
t 584 727 726
t 584 585 727
t 585 728 727
t 585 586 728
t 586 729 728
t 586 587 729
t 587 730 729
t 587 588 730
t 588 731 730
t 588 589 731
t 589 732 731
t 589 590 732
t 590 733 732
t 590 591 733
t 591 734 733
t 591 592 734
t 592 21 734
t 592 593 21
t 593 594 21
t 594 595 21
t 595 596 21
t 596 597 21
t 597 598 21
t 598 599 21
t 599 600 21
t 600 15 21
t 150 148 149
t 150 147 148
t 150 146 147
t 150 145 146
t 150 144 145
t 150 143 144
t 21 22 23
t 21 23 24
t 21 24 25
t 21 25 26
t 21 26 27
t 150 601 143
t 601 602 143
t 602 603 143
t 603 604 143
t 604 735 143
t 604 605 735
t 605 736 735
t 605 606 736
t 606 737 736
t 606 607 737
t 607 738 737
t 607 608 738
t 608 739 738
t 608 609 739
t 609 740 739
t 609 610 740
t 610 741 740
t 610 611 741
t 611 742 741
t 611 612 742
t 612 743 742
t 612 613 743
t 613 744 743
t 613 614 744
t 614 745 744
t 614 615 745
t 615 746 745
t 615 616 746
t 616 747 746
t 616 617 747
t 617 748 747
t 617 618 748
t 618 749 748
t 618 619 749
t 619 750 749
t 619 620 750
t 620 751 750
t 620 621 751
t 621 752 751
t 621 622 752
t 622 753 752
t 622 623 753
t 623 754 753
t 623 624 754
t 624 755 754
t 624 625 755
t 625 756 755
t 625 626 756
t 626 757 756
t 626 627 757
t 627 758 757
t 627 628 758
t 628 759 758
t 628 629 759
t 629 760 759
t 629 630 760
t 630 761 760
t 630 631 761
t 631 762 761
t 631 632 762
t 632 763 762
t 632 633 763
t 633 764 763
t 633 634 764
t 634 765 764
t 634 635 765
t 635 766 765
t 635 636 766
t 636 767 766
t 636 637 767
t 637 768 767
t 637 638 768
t 638 769 768
t 638 639 769
t 639 770 769
t 639 640 770
t 640 771 770
t 640 641 771
t 641 772 771
t 641 642 772
t 642 773 772
t 642 643 773
t 643 774 773
t 643 644 774
t 644 775 774
t 644 645 775
t 645 776 775
t 645 646 776
t 646 777 776
t 646 647 777
t 647 778 777
t 647 648 778
t 648 779 778
t 648 649 779
t 649 780 779
t 649 650 780
t 650 781 780
t 650 651 781
t 651 782 781
t 651 652 782
t 652 783 782
t 652 653 783
t 653 784 783
t 653 654 784
t 654 785 784
t 654 655 785
t 655 786 785
t 655 656 786
t 656 787 786
t 656 657 787
t 657 788 787
t 657 658 788
t 658 789 788
t 658 659 789
t 659 790 789
t 659 660 790
t 660 791 790
t 660 661 791
t 661 792 791
t 661 662 792
t 662 793 792
t 662 663 793
t 663 794 793
t 663 664 794
t 664 795 794
t 664 665 795
t 665 796 795
t 665 666 796
t 666 797 796
t 666 667 797
t 667 798 797
t 667 668 798
t 668 799 798
t 668 669 799
t 669 800 799
t 669 670 800
t 670 801 800
t 670 671 801
t 671 802 801
t 671 672 802
t 672 803 802
t 672 673 803
t 673 804 803
t 673 674 804
t 674 805 804
t 674 675 805
t 675 806 805
t 675 676 806
t 676 807 806
t 676 677 807
t 677 808 807
t 677 678 808
t 678 809 808
t 678 679 809
t 679 810 809
t 679 680 810
t 680 811 810
t 680 681 811
t 681 812 811
t 681 682 812
t 682 813 812
t 682 683 813
t 683 814 813
t 683 684 814
t 684 815 814
t 684 685 815
t 685 816 815
t 685 686 816
t 686 817 816
t 686 687 817
t 687 818 817
t 687 688 818
t 688 819 818
t 688 689 819
t 689 820 819
t 689 690 820
t 690 821 820
t 690 691 821
t 691 822 821
t 691 692 822
t 692 823 822
t 692 693 823
t 693 824 823
t 693 694 824
t 694 825 824
t 694 695 825
t 695 826 825
t 695 696 826
t 696 827 826
t 696 697 827
t 697 828 827
t 697 698 828
t 698 829 828
t 698 699 829
t 699 830 829
t 699 700 830
t 700 831 830
t 700 701 831
t 701 832 831
t 701 702 832
t 702 833 832
t 702 703 833
t 703 834 833
t 703 704 834
t 704 835 834
t 704 705 835
t 705 836 835
t 705 706 836
t 706 837 836
t 706 707 837
t 707 838 837
t 707 708 838
t 708 839 838
t 708 709 839
t 709 840 839
t 709 710 840
t 710 841 840
t 710 711 841
t 711 842 841
t 711 712 842
t 712 843 842
t 712 713 843
t 713 844 843
t 713 714 844
t 714 845 844
t 714 715 845
t 715 846 845
t 715 716 846
t 716 847 846
t 716 717 847
t 717 848 847
t 717 718 848
t 718 849 848
t 718 719 849
t 719 850 849
t 719 720 850
t 720 851 850
t 720 721 851
t 721 852 851
t 721 722 852
t 722 853 852
t 722 723 853
t 723 854 853
t 723 724 854
t 724 855 854
t 724 725 855
t 725 856 855
t 725 726 856
t 726 857 856
t 726 727 857
t 727 27 857
t 727 728 27
t 728 729 27
t 729 730 27
t 730 731 27
t 731 732 27
t 732 733 27
t 733 734 27
t 734 21 27
t 143 141 142
t 143 140 141
t 143 139 140
t 143 138 139
t 143 137 138
t 143 136 137
t 27 28 29
t 27 29 30
t 27 30 31
t 27 31 32
t 27 32 33
t 143 735 136
t 735 736 136
t 736 737 136
t 737 858 136
t 737 738 858
t 738 859 858
t 738 739 859
t 739 860 859
t 739 740 860
t 740 861 860
t 740 741 861
t 741 862 861
t 741 742 862
t 742 863 862
t 742 743 863
t 743 864 863
t 743 744 864
t 744 865 864
t 744 745 865
t 745 866 865
t 745 746 866
t 746 867 866
t 746 747 867
t 747 868 867
t 747 748 868
t 748 869 868
t 748 749 869
t 749 870 869
t 749 750 870
t 750 871 870
t 750 751 871
t 751 872 871
t 751 752 872
t 752 873 872
t 752 753 873
t 753 874 873
t 753 754 874
t 754 875 874
t 754 755 875
t 755 876 875
t 755 756 876
t 756 877 876
t 756 757 877
t 757 878 877
t 757 758 878
t 758 879 878
t 758 759 879
t 759 880 879
t 759 760 880
t 760 881 880
t 760 761 881
t 761 882 881
t 761 762 882
t 762 883 882
t 762 763 883
t 763 884 883
t 763 764 884
t 764 885 884
t 764 765 885
t 765 886 885
t 765 766 886
t 766 887 886
t 766 767 887
t 767 888 887
t 767 768 888
t 768 889 888
t 768 769 889
t 769 890 889
t 769 770 890
t 770 891 890
t 770 771 891
t 771 892 891
t 771 772 892
t 772 893 892
t 772 773 893
t 773 894 893
t 773 774 894
t 774 895 894
t 774 775 895
t 775 896 895
t 775 776 896
t 776 897 896
t 776 777 897
t 777 898 897
t 777 778 898
t 778 899 898
t 778 779 899
t 779 900 899
t 779 780 900
t 780 901 900
t 780 781 901
t 781 902 901
t 781 782 902
t 782 903 902
t 782 783 903
t 783 904 903
t 783 784 904
t 784 905 904
t 784 785 905
t 785 906 905
t 785 786 906
t 786 907 906
t 786 787 907
t 787 908 907
t 787 788 908
t 788 909 908
t 788 789 909
t 789 910 909
t 789 790 910
t 790 911 910
t 790 791 911
t 791 912 911
t 791 792 912
t 792 913 912
t 792 793 913
t 793 914 913
t 793 794 914
t 794 915 914
t 794 795 915
t 795 916 915
t 795 796 916
t 796 917 916
t 796 797 917
t 797 918 917
t 797 798 918
t 798 919 918
t 798 799 919
t 799 920 919
t 799 800 920
t 800 921 920
t 800 801 921
t 801 922 921
t 801 802 922
t 802 923 922
t 802 803 923
t 803 924 923
t 803 804 924
t 804 925 924
t 804 805 925
t 805 926 925
t 805 806 926
t 806 927 926
t 806 807 927
t 807 928 927
t 807 808 928
t 808 929 928
t 808 809 929
t 809 930 929
t 809 810 930
t 810 931 930
t 810 811 931
t 811 932 931
t 811 812 932
t 812 933 932
t 812 813 933
t 813 934 933
t 813 814 934
t 814 935 934
t 814 815 935
t 815 936 935
t 815 816 936
t 816 937 936
t 816 817 937
t 817 938 937
t 817 818 938
t 818 939 938
t 818 819 939
t 819 940 939
t 819 820 940
t 820 941 940
t 820 821 941
t 821 942 941
t 821 822 942
t 822 943 942
t 822 823 943
t 823 944 943
t 823 824 944
t 824 945 944
t 824 825 945
t 825 946 945
t 825 826 946
t 826 947 946
t 826 827 947
t 827 948 947
t 827 828 948
t 828 949 948
t 828 829 949
t 829 950 949
t 829 830 950
t 830 951 950
t 830 831 951
t 831 952 951
t 831 832 952
t 832 953 952
t 832 833 953
t 833 954 953
t 833 834 954
t 834 955 954
t 834 835 955
t 835 956 955
t 835 836 956
t 836 957 956
t 836 837 957
t 837 958 957
t 837 838 958
t 838 959 958
t 838 839 959
t 839 960 959
t 839 840 960
t 840 961 960
t 840 841 961
t 841 962 961
t 841 842 962
t 842 963 962
t 842 843 963
t 843 964 963
t 843 844 964
t 844 965 964
t 844 845 965
t 845 966 965
t 845 846 966
t 846 967 966
t 846 847 967
t 847 968 967
t 847 848 968
t 848 969 968
t 848 849 969
t 849 33 969
t 849 850 33
t 850 851 33
t 851 852 33
t 852 853 33
t 853 854 33
t 854 855 33
t 855 856 33
t 856 857 33
t 857 27 33
t 136 134 135
t 136 133 134
t 136 132 133
t 136 131 132
t 136 130 131
t 136 129 130
t 136 128 129
t 33 34 35
t 33 35 36
t 33 36 37
t 33 37 38
t 33 38 39
t 136 858 128
t 858 859 128
t 859 860 128
t 860 861 128
t 861 862 128
t 862 863 128
t 863 864 128
t 864 865 128
t 865 970 128
t 865 866 970
t 866 971 970
t 866 867 971
t 867 972 971
t 867 868 972
t 868 973 972
t 868 869 973
t 869 974 973
t 869 870 974
t 870 975 974
t 870 871 975
t 871 976 975
t 871 872 976
t 872 977 976
t 872 873 977
t 873 978 977
t 873 874 978
t 874 979 978
t 874 875 979
t 875 980 979
t 875 876 980
t 876 981 980
t 876 877 981
t 877 982 981
t 877 878 982
t 878 983 982
t 878 879 983
t 879 984 983
t 879 880 984
t 880 985 984
t 880 881 985
t 881 986 985
t 881 882 986
t 882 987 986
t 882 883 987
t 883 988 987
t 883 884 988
t 884 989 988
t 884 885 989
t 885 990 989
t 885 886 990
t 886 991 990
t 886 887 991
t 887 992 991
t 887 888 992
t 888 993 992
t 888 889 993
t 889 994 993
t 889 890 994
t 890 995 994
t 890 891 995
t 891 996 995
t 891 892 996
t 892 997 996
t 892 893 997
t 893 998 997
t 893 894 998
t 894 999 998
t 894 895 999
t 895 1000 999
t 895 896 1000
t 896 1001 1000
t 896 897 1001
t 897 1002 1001
t 897 898 1002
t 898 1003 1002
t 898 899 1003
t 899 1004 1003
t 899 900 1004
t 900 1005 1004
t 900 901 1005
t 901 1006 1005
t 901 902 1006
t 902 1007 1006
t 902 903 1007
t 903 1008 1007
t 903 904 1008
t 904 1009 1008
t 904 905 1009
t 905 1010 1009
t 905 906 1010
t 906 1011 1010
t 906 907 1011
t 907 1012 1011
t 907 908 1012
t 908 1013 1012
t 908 909 1013
t 909 1014 1013
t 909 910 1014
t 910 1015 1014
t 910 911 1015
t 911 1016 1015
t 911 912 1016
t 912 1017 1016
t 912 913 1017
t 913 1018 1017
t 913 914 1018
t 914 1019 1018
t 914 915 1019
t 915 1020 1019
t 915 916 1020
t 916 1021 1020
t 916 917 1021
t 917 1022 1021
t 917 918 1022
t 918 1023 1022
t 918 919 1023
t 919 1024 1023
t 919 920 1024
t 920 1025 1024
t 920 921 1025
t 921 1026 1025
t 921 922 1026
t 922 1027 1026
t 922 923 1027
t 923 1028 1027
t 923 924 1028
t 924 1029 1028
t 924 925 1029
t 925 1030 1029
t 925 926 1030
t 926 1031 1030
t 926 927 1031
t 927 1032 1031
t 927 928 1032
t 928 1033 1032
t 928 929 1033
t 929 1034 1033
t 929 930 1034
t 930 1035 1034
t 930 931 1035
t 931 1036 1035
t 931 932 1036
t 932 1037 1036
t 932 933 1037
t 933 1038 1037
t 933 934 1038
t 934 1039 1038
t 934 935 1039
t 935 1040 1039
t 935 936 1040
t 936 1041 1040
t 936 937 1041
t 937 1042 1041
t 937 938 1042
t 938 1043 1042
t 938 939 1043
t 939 1044 1043
t 939 940 1044
t 940 1045 1044
t 940 941 1045
t 941 1046 1045
t 941 942 1046
t 942 1047 1046
t 942 943 1047
t 943 1048 1047
t 943 944 1048
t 944 1049 1048
t 944 945 1049
t 945 1050 1049
t 945 946 1050
t 946 1051 1050
t 946 947 1051
t 947 1052 1051
t 947 948 1052
t 948 1053 1052
t 948 949 1053
t 949 1054 1053
t 949 950 1054
t 950 1055 1054
t 950 951 1055
t 951 1056 1055
t 951 952 1056
t 952 1057 1056
t 952 953 1057
t 953 1058 1057
t 953 954 1058
t 954 1059 1058
t 954 955 1059
t 955 1060 1059
t 955 956 1060
t 956 1061 1060
t 956 957 1061
t 957 1062 1061
t 957 958 1062
t 958 1063 1062
t 958 959 1063
t 959 1064 1063
t 959 960 1064
t 960 1065 1064
t 960 961 1065
t 961 39 1065
t 961 962 39
t 962 963 39
t 963 964 39
t 964 965 39
t 965 966 39
t 966 967 39
t 967 968 39
t 968 969 39
t 969 33 39
t 128 126 127
t 128 125 126
t 128 124 125
t 128 123 124
t 128 122 123
t 128 121 122
t 128 120 121
t 39 40 41
t 39 41 42
t 39 42 43
t 39 43 44
t 39 44 45
t 39 45 46
t 39 46 47
t 128 1066 120
t 128 1067 1066
t 128 1068 1067
t 128 1069 1068
t 128 1070 1069
t 128 1071 1070
t 128 1072 1071
t 128 1073 1072
t 128 1074 1073
t 128 1075 1074
t 128 1076 1075
t 128 1077 1076
t 128 1078 1077
t 128 1079 1078
t 128 1080 1079
t 128 1081 1080
t 128 1082 1081
t 128 1083 1082
t 128 1084 1083
t 128 1085 1084
t 128 1086 1085
t 128 1087 1086
t 128 970 1087
t 970 1088 1087
t 970 971 1088
t 971 1089 1088
t 971 972 1089
t 972 1090 1089
t 972 973 1090
t 973 1091 1090
t 973 974 1091
t 974 1092 1091
t 974 975 1092
t 975 1093 1092
t 975 976 1093
t 976 1094 1093
t 976 977 1094
t 977 1095 1094
t 977 978 1095
t 978 1096 1095
t 978 979 1096
t 979 1097 1096
t 979 980 1097
t 980 1098 1097
t 980 981 1098
t 981 1099 1098
t 981 982 1099
t 982 1100 1099
t 982 983 1100
t 983 1101 1100
t 983 984 1101
t 984 1102 1101
t 984 985 1102
t 985 1103 1102
t 985 986 1103
t 986 1104 1103
t 986 987 1104
t 987 1105 1104
t 987 988 1105
t 988 1106 1105
t 988 989 1106
t 989 1107 1106
t 989 990 1107
t 990 1108 1107
t 990 991 1108
t 991 1109 1108
t 991 992 1109
t 992 1110 1109
t 992 993 1110
t 993 1111 1110
t 993 994 1111
t 994 1112 1111
t 994 995 1112
t 995 1113 1112
t 995 996 1113
t 996 1114 1113
t 996 997 1114
t 997 1115 1114
t 997 998 1115
t 998 1116 1115
t 998 999 1116
t 999 1117 1116
t 999 1000 1117
t 1000 1118 1117
t 1000 1001 1118
t 1001 1119 1118
t 1001 1002 1119
t 1002 1120 1119
t 1002 1003 1120
t 1003 1121 1120
t 1003 1004 1121
t 1004 1122 1121
t 1004 1005 1122
t 1005 1123 1122
t 1005 1006 1123
t 1006 1124 1123
t 1006 1007 1124
t 1007 1125 1124
t 1007 1008 1125
t 1008 1126 1125
t 1008 1009 1126
t 1009 1127 1126
t 1009 1010 1127
t 1010 1128 1127
t 1010 1011 1128
t 1011 1129 1128
t 1011 1012 1129
t 1012 1130 1129
t 1012 1013 1130
t 1013 1131 1130
t 1013 1014 1131
t 1014 1132 1131
t 1014 1015 1132
t 1015 1133 1132
t 1015 1016 1133
t 1016 1134 1133
t 1016 1017 1134
t 1017 1135 1134
t 1017 1018 1135
t 1018 1136 1135
t 1018 1019 1136
t 1019 1137 1136
t 1019 1020 1137
t 1020 1138 1137
t 1020 1021 1138
t 1021 1139 1138
t 1021 1022 1139
t 1022 1140 1139
t 1022 1023 1140
t 1023 1141 1140
t 1023 1024 1141
t 1024 1142 1141
t 1024 1025 1142
t 1025 1143 1142
t 1025 1026 1143
t 1026 1144 1143
t 1026 1027 1144
t 1027 1145 1144
t 1027 1028 1145
t 1028 1146 1145
t 1028 1029 1146
t 1029 1147 1146
t 1029 1030 1147
t 1030 1148 1147
t 1030 1031 1148
t 1031 1149 1148
t 1031 1032 1149
t 1032 1150 1149
t 1032 1033 1150
t 1033 1151 1150
t 1033 1034 1151
t 1034 1152 1151
t 1034 1035 1152
t 1035 1153 1152
t 1035 1036 1153
t 1036 1154 1153
t 1036 1037 1154
t 1037 1155 1154
t 1037 1038 1155
t 1038 1156 1155
t 1038 1039 1156
t 1039 1157 1156
t 1039 1040 1157
t 1040 1158 1157
t 1040 1041 1158
t 1041 1159 1158
t 1041 1042 1159
t 1042 1160 1159
t 1042 1043 1160
t 1043 1161 1160
t 1043 1044 1161
t 1044 1162 1161
t 1044 1045 1162
t 1045 1163 1162
t 1045 1046 1163
t 1046 1164 1163
t 1046 1047 1164
t 1047 1165 1164
t 1047 1048 1165
t 1048 1166 1165
t 1048 1049 1166
t 1049 1167 1166
t 1049 1050 1167
t 1050 1168 1167
t 1050 1051 1168
t 1051 1169 1168
t 1051 1052 1169
t 1052 1170 1169
t 1052 1053 1170
t 1053 1171 1170
t 1053 1054 1171
t 1054 1172 1171
t 1054 1055 1172
t 1055 1173 1172
t 1055 1056 1173
t 1056 47 1173
t 1056 1057 47
t 1057 1058 47
t 1058 1059 47
t 1059 1060 47
t 1060 1061 47
t 1061 1062 47
t 1062 1063 47
t 1063 1064 47
t 1064 1065 47
t 1065 39 47
t 120 118 119
t 120 117 118
t 120 116 117
t 120 115 116
t 120 114 115
t 120 113 114
t 120 112 113
t 120 111 112
t 120 110 111
t 120 109 110
t 120 108 109
t 120 107 108
t 120 106 107
t 120 105 106
t 120 104 105
t 120 103 104
t 120 102 103
t 120 101 102
t 120 100 101
t 120 99 100
t 120 98 99
t 120 97 98
t 120 96 97
t 120 95 96
t 120 94 95
t 120 93 94
t 120 92 93
t 120 91 92
t 120 90 91
t 120 89 90
t 120 88 89
t 120 87 88
t 120 86 87
t 120 85 86
t 120 84 85
t 120 83 84
t 120 82 83
t 120 81 82
t 47 48 49
t 47 49 50
t 47 50 51
t 47 51 52
t 47 52 53
t 47 53 54
t 47 54 55
t 47 55 56
t 47 56 57
t 47 57 58
t 47 58 59
t 47 59 60
t 47 60 61
t 47 61 62
t 47 62 63
t 47 63 64
t 47 64 65
t 47 65 66
t 47 66 67
t 47 67 68
t 47 68 69
t 47 69 70
t 47 70 71
t 47 71 72
t 47 72 73
t 47 73 74
t 47 74 75
t 47 75 76
t 47 76 77
t 47 77 78
t 47 78 79
t 47 79 80
t 47 80 81
t 120 1066 81
t 1066 1067 81
t 1067 1068 81
t 1068 1069 81
t 1069 1070 81
t 1070 1071 81
t 1071 1072 81
t 1072 1073 81
t 1073 1074 81
t 1074 1075 81
t 1075 1076 81
t 1076 1077 81
t 1077 1078 81
t 1078 1079 81
t 1079 1080 81
t 1080 1081 81
t 1081 1082 81
t 1082 1083 81
t 1083 1084 81
t 1084 1085 81
t 1085 1086 81
t 1086 1087 81
t 1087 1088 81
t 1088 1089 81
t 1089 1090 81
t 1090 1091 81
t 1091 1092 81
t 1092 1093 81
t 1093 1094 81
t 1094 1095 81
t 1095 1096 81
t 1096 1097 81
t 1097 1098 81
t 1098 1099 81
t 1099 1100 81
t 1100 1101 81
t 1101 1102 81
t 1102 1103 81
t 1103 1104 81
t 1104 1105 81
t 1105 1106 81
t 1106 1107 81
t 1107 1108 81
t 1108 1109 81
t 1109 1110 81
t 1110 1111 81
t 1111 1112 81
t 1112 1113 81
t 1113 1114 81
t 1114 1115 81
t 1115 1116 81
t 1116 1117 81
t 1117 1118 81
t 1118 1119 81
t 1119 1120 81
t 1120 1121 81
t 1121 1122 81
t 1122 1123 81
t 1123 1124 81
t 1124 1125 81
t 1125 1126 81
t 1126 1127 81
t 1127 1128 81
t 1128 1129 81
t 1129 1130 81
t 1130 1131 81
t 1131 1132 81
t 1132 1133 81
t 1133 1134 81
t 1134 1135 81
t 1135 1136 81
t 1136 1137 81
t 1137 1138 81
t 1138 1139 81
t 1139 1140 81
t 1140 1141 81
t 1141 1142 81
t 1142 1143 81
t 1143 1144 81
t 1144 1145 81
t 1145 1146 81
t 1146 1147 81
t 1147 1148 81
t 1148 1149 81
t 1149 1150 81
t 1150 1151 81
t 1151 1152 81
t 1152 1153 81
t 1153 1154 81
t 1154 1155 81
t 1155 1156 81
t 1156 1157 81
t 1157 1158 81
t 1158 1159 81
t 1159 1160 81
t 1160 1161 81
t 1161 1162 81
t 1162 1163 81
t 1163 1164 81
t 1164 1165 81
t 1165 1166 81
t 1166 1167 81
t 1167 1168 81
t 1168 1169 81
t 1169 1170 81
t 1170 1171 81
t 1171 1172 81
t 1172 1173 81
t 1173 47 81
