type=Nurbs forward=false n_boundary=222 n_holes=0 n_interior=55 n_tris=260 label=brep62542_f119_Nurbs(deg=3/3, cps=6x9)
boundary
b 0.999999700 0.002718108
b 0.999999292 0.005445045
b 0.999998791 0.008180844
b 0.999998212 0.010925541
b 0.999997571 0.013679172
b 0.999996882 0.016441773
b 0.999996159 0.019213380
b 0.999995416 0.021994028
b 0.999994667 0.024783755
b 0.999993922 0.027582597
b 0.999993196 0.030390590
b 0.999992498 0.033207772
b 0.999991841 0.036034180
b 0.999991234 0.038869851
b 0.999990687 0.041714824
b 0.999990209 0.044569137
b 0.999989809 0.047432828
b 0.999989495 0.050305936
b 0.999989274 0.053188500
b 0.999989152 0.056080559
b 0.999989136 0.058982154
b 0.999989231 0.061893325
b 0.999989442 0.064814112
b 0.999989772 0.067744556
b 0.999990225 0.070684699
b 0.999990803 0.073634583
b 0.999991508 0.076594249
b 0.999992341 0.079563741
b 0.999993302 0.082543102
b 0.999994392 0.085532376
b 0.999995607 0.088531607
b 0.999996947 0.091540839
b 0.999998409 0.094560119
b 0.999999988 0.097589492
b 1.000001681 0.100629004
b 1.000003482 0.103678703
b 1.000005385 0.106738636
b 1.000007382 0.109808852
b 1.000009466 0.112889400
b 1.000011628 0.115980329
b 1.000013858 0.119081690
b 1.000016145 0.122193534
b 1.000018478 0.125315913
b 1.000020844 0.128448879
b 1.000023229 0.131592486
b 1.000025619 0.134746788
b 1.000027999 0.137911839
b 1.000030352 0.141087696
b 1.000032660 0.144274416
b 1.000034905 0.147472056
b 1.000037066 0.150680674
b 1.000039124 0.153900331
b 1.000041056 0.157131086
b 1.000042840 0.160373001
b 1.000044467 0.163626133
b 1.000048279 0.174708140
b 1.000048280 0.185680714
b 1.000043925 0.196558472
b 1.000035521 0.207355717
b 1.000024163 0.218086446
b 1.000011671 0.228764350
b 1.000000544 0.239402818
b 0.999992945 0.250011429
b 0.999988729 0.260589894
b 0.999987284 0.271136258
b 0.999987958 0.281648576
b 0.999990060 0.292124917
b 0.999992862 0.302563354
b 0.999995604 0.312961994
b 0.999997391 0.323321618
b 0.999997235 0.333648163
b 0.999994525 0.343948022
b 0.999989400 0.354227270
b 0.999982335 0.364491842
b 0.999974011 0.374747591
b 0.999965301 0.385000273
b 0.999956782 0.395254857
b 0.999948510 0.405515281
b 0.999940617 0.415785376
b 0.999933359 0.426068940
b 0.999927109 0.436369738
b 0.999922353 0.446691501
b 0.999919664 0.457037943
b 0.999919053 0.467413090
b 0.999919988 0.477821290
b 0.999922037 0.488266907
b 0.999924895 0.498754304
b 0.999928383 0.509287842
b 0.999932446 0.519871884
b 0.999937109 0.530510941
b 0.999941977 0.541211527
b 0.999946459 0.551981603
b 0.999950186 0.562829168
b 0.999953016 0.573762233
b 0.999955035 0.584788819
b 0.999956556 0.595916961
b 0.999958093 0.607154015
b 0.999960078 0.618501323
b 0.999962797 0.629957181
b 0.999966470 0.641519942
b 0.999971258 0.653188042
b 0.999977259 0.664960004
b 0.999984559 0.676834407
b 0.999993170 0.688812453
b 1.000001603 0.700911259
b 1.000008360 0.713153780
b 1.000012671 0.725563055
b 1.000014514 0.738162205
b 1.000014641 0.750974439
b 1.000014602 0.764023057
b 1.000014776 0.768271425
b 1.000014808 0.772521513
b 1.000014705 0.776773338
b 1.000014476 0.781026916
b 1.000014128 0.785282264
b 1.000013669 0.789539399
b 1.000013107 0.793798339
b 1.000012451 0.798059101
b 1.000011710 0.802321701
b 1.000010892 0.806586158
b 1.000010006 0.810852488
b 1.000009060 0.815120709
b 1.000008065 0.819390839
b 1.000007030 0.823662896
b 1.000005965 0.827936897
b 1.000004878 0.832212860
b 1.000003780 0.836490803
b 1.000002682 0.840770744
b 1.000001593 0.845052697
b 1.000000525 0.849336619
b 0.999999488 0.853622430
b 0.999998492 0.857910051
b 0.999997548 0.862199402
b 0.999996662 0.866490403
b 0.999995842 0.870782975
b 0.999995096 0.875077039
b 0.999994428 0.879372513
b 0.999993844 0.883669320
b 0.999993348 0.887967379
b 0.999992943 0.892266612
b 0.999992631 0.896566938
b 0.999992415 0.900868279
b 0.999992295 0.905170554
b 0.999992271 0.909473686
b 0.999992342 0.913777594
b 0.999992506 0.918082199
b 0.999992761 0.922387423
b 0.999993100 0.926693225
b 0.999993510 0.930999618
b 0.999993979 0.935306625
b 0.999994493 0.939614266
b 0.999995041 0.943922563
b 0.999995611 0.948231536
b 0.999996190 0.952541207
b 0.999996766 0.956851598
b 0.999997329 0.961162730
b 0.999997867 0.965474626
b 0.999998369 0.969787308
b 0.999998825 0.974100798
b 0.999999223 0.978415119
b 0.999999553 0.982730294
b 0.999999805 0.987046347
b 0.999999970 0.991363300
b 1.000000038 0.995681176
b 1.000000000 1.000000000
b -0.000000000 1.000000000
b -0.000000015 0.981818004
b -0.000000092 0.963635902
b -0.000000206 0.945453710
b -0.000000335 0.927271446
b -0.000000453 0.909089129
b -0.000000538 0.890906781
b -0.000000567 0.872724425
b -0.000000517 0.854542086
b -0.000000365 0.836359791
b -0.000000087 0.818177570
b 0.000000337 0.799995454
b 0.000000916 0.781813479
b 0.000001585 0.763631690
b 0.000002265 0.745450130
b 0.000002876 0.727268835
b 0.000003339 0.709087834
b 0.000003571 0.690907151
b 0.000003491 0.672726801
b 0.000003028 0.654546782
b 0.000002249 0.636366965
b 0.000001309 0.618187147
b 0.000000366 0.600007141
b -0.000000445 0.581826797
b -0.000001096 0.563646099
b -0.000001588 0.545465059
b -0.000001918 0.527283687
b -0.000002088 0.509101997
b -0.000002094 0.490920000
b -0.000001937 0.472737709
b -0.000001614 0.454555134
b -0.000001124 0.436372287
b -0.000000466 0.418189180
b 0.000000363 0.400005825
b 0.000001322 0.381822280
b 0.000002200 0.363638790
b 0.000002738 0.345455630
b 0.000002673 0.327273050
b 0.000001945 0.309091090
b 0.000000818 0.290909495
b -0.000000408 0.272728005
b -0.000001425 0.254546387
b -0.000001919 0.236364429
b -0.000001563 0.218181943
b -0.000000022 0.199998765
b 0.000002772 0.181814949
b 0.000005752 0.163631307
b 0.000007672 0.145448654
b 0.000008316 0.127267004
b 0.000007939 0.109086047
b 0.000006808 0.090905492
b 0.000005202 0.072725069
b 0.000003409 0.054544526
b 0.000001731 0.036363636
b 0.000000483 0.018182190
b 0.000000000 -0.000000000
b 0.999999999 0.000000000
interior
i 0.125004203 0.125000000
i 0.250010499 0.125000000
i 0.375016796 0.125000000
i 0.500023093 0.125000000
i 0.625029390 0.125000000
i 0.750035687 0.125000000
i 0.875041983 0.125000000
i 0.125004203 0.250000000
i 0.250010499 0.250000000
i 0.375016796 0.250000000
i 0.500023093 0.250000000
i 0.625029390 0.250000000
i 0.750035687 0.250000000
i 0.875041983 0.250000000
i 0.125004203 0.375000000
i 0.250010499 0.375000000
i 0.375016796 0.375000000
i 0.500023093 0.375000000
i 0.625029390 0.375000000
i 0.750035687 0.375000000
i 0.875041983 0.375000000
i 0.125004203 0.500000000
i 0.250010499 0.500000000
i 0.375016796 0.500000000
i 0.500023093 0.500000000
i 0.625029390 0.500000000
i 0.750035687 0.500000000
i 0.875041983 0.500000000
i 0.125004203 0.625000000
i 0.250010499 0.625000000
i 0.375016796 0.625000000
i 0.500023093 0.625000000
i 0.625029390 0.625000000
i 0.750035687 0.625000000
i 0.875041983 0.625000000
i 0.125004203 0.750000000
i 0.250010499 0.750000000
i 0.375016796 0.750000000
i 0.500023093 0.750000000
i 0.625029390 0.750000000
i 0.750035687 0.750000000
i 0.875041983 0.750000000
i 0.125004203 0.875000000
i 0.250010499 0.875000000
i 0.375016796 0.875000000
i 0.500023093 0.875000000
i 0.625029390 0.875000000
i 0.750035687 0.875000000
i 0.875041983 0.875000000
i 0.312513648 0.062500000
i 0.437519945 0.062500000
i 0.562526241 0.062500000
i 0.687532538 0.062500000
i 0.812538835 0.062500000
i 0.937545132 0.062500000
tris
t 220 278 277
t 220 221 278
t 220 277 219
t 219 277 218
t 218 277 217
t 217 277 279
t 221 0 278
t 0 1 278
t 1 2 278
t 2 3 278
t 3 4 278
t 4 5 278
t 5 6 278
t 6 7 278
t 7 8 278
t 8 9 278
t 9 10 278
t 10 11 278
t 11 12 278
t 12 13 278
t 13 14 278
t 14 280 278
t 277 280 279
t 277 278 280
t 217 279 216
t 216 279 215
t 215 279 214
t 214 279 281
t 14 15 280
t 15 16 280
t 16 17 280
t 17 18 280
t 18 19 280
t 19 20 280
t 20 21 280
t 21 22 280
t 22 23 280
t 23 24 280
t 24 25 280
t 25 26 280
t 26 27 280
t 27 28 280
t 28 29 280
t 29 30 280
t 30 282 280
t 279 280 281
t 280 282 281
t 214 281 213
t 213 281 212
t 212 281 211
t 211 281 283
t 30 31 282
t 31 32 282
t 32 33 282
t 33 34 282
t 34 35 282
t 35 36 282
t 36 37 282
t 37 38 282
t 38 39 282
t 39 40 282
t 40 41 282
t 41 42 282
t 42 43 282
t 43 44 282
t 44 45 282
t 45 284 282
t 281 282 283
t 282 284 283
t 211 283 210
t 210 283 209
t 209 283 208
t 208 283 207
t 207 283 285
t 45 46 284
t 46 47 284
t 47 48 284
t 48 49 284
t 49 50 284
t 50 51 284
t 51 52 284
t 52 53 284
t 53 54 284
t 54 55 284
t 55 56 284
t 56 57 284
t 57 58 284
t 58 59 284
t 59 60 284
t 60 61 284
t 61 286 284
t 283 286 285
t 283 284 286
t 207 285 206
t 206 285 205
t 205 285 204
t 204 285 203
t 203 285 202
t 202 285 201
t 201 285 200
t 200 285 287
t 61 62 286
t 62 63 286
t 63 64 286
t 64 65 286
t 65 66 286
t 66 67 286
t 67 68 286
t 68 69 286
t 69 70 286
t 70 71 286
t 71 72 286
t 72 73 286
t 73 288 286
t 285 288 287
t 285 286 288
t 200 287 199
t 199 287 198
t 198 287 197
t 197 287 196
t 196 287 195
t 195 287 194
t 194 287 193
t 193 287 289
t 73 74 288
t 74 75 288
t 75 76 288
t 76 77 288
t 77 78 288
t 78 79 288
t 79 80 288
t 80 81 288
t 81 82 288
t 82 83 288
t 83 84 288
t 84 85 288
t 85 86 288
t 86 290 288
t 287 290 289
t 287 288 290
t 193 289 192
t 192 289 191
t 191 289 190
t 190 289 189
t 189 289 188
t 188 289 187
t 187 289 186
t 186 289 291
t 86 87 290
t 87 88 290
t 88 89 290
t 89 90 290
t 90 91 290
t 91 92 290
t 92 93 290
t 93 94 290
t 94 95 290
t 95 96 290
t 96 292 290
t 289 290 291
t 290 292 291
t 186 291 185
t 185 291 184
t 184 291 183
t 183 291 182
t 182 291 181
t 181 291 180
t 180 291 179
t 179 291 293
t 96 97 292
t 97 98 292
t 98 99 292
t 99 100 292
t 100 101 292
t 101 102 292
t 102 103 292
t 103 104 292
t 104 105 292
t 105 106 292
t 106 107 292
t 107 294 292
t 291 292 293
t 292 294 293
t 179 293 178
t 178 293 177
t 177 293 176
t 176 293 175
t 175 293 174
t 174 293 173
t 173 293 172
t 172 293 295
t 107 108 294
t 108 109 294
t 109 110 294
t 110 111 294
t 111 112 294
t 112 113 294
t 113 114 294
t 114 115 294
t 115 116 294
t 116 117 294
t 117 118 294
t 118 119 294
t 119 120 294
t 120 121 294
t 121 122 294
t 122 123 294
t 123 124 294
t 124 125 294
t 125 126 294
t 126 127 294
t 127 128 294
t 128 129 294
t 129 130 294
t 130 131 294
t 131 132 294
t 132 133 294
t 133 134 294
t 134 135 294
t 135 296 294
t 293 296 295
t 293 294 296
t 172 295 171
t 171 295 170
t 170 295 169
t 169 295 168
t 168 295 167
t 167 295 166
t 166 295 165
t 135 136 296
t 136 137 296
t 137 138 296
t 138 139 296
t 139 140 296
t 140 141 296
t 141 142 296
t 142 143 296
t 143 144 296
t 144 145 296
t 145 146 296
t 146 147 296
t 147 148 296
t 148 149 296
t 149 150 296
t 150 151 296
t 151 152 296
t 152 153 296
t 153 154 296
t 154 155 296
t 155 156 296
t 156 157 296
t 157 158 296
t 158 159 296
t 159 160 296
t 160 161 296
t 161 162 296
t 162 163 296
t 163 164 296
t 295 296 165
t 296 164 165
