type=Nurbs forward=true n_boundary=220 n_holes=0 n_interior=366 n_tris=818 label=brep62542_f28_Nurbs(deg=3/3, cps=4x7)
boundary
b 0.821673577 0.252608172
b 0.820982677 0.260937477
b 0.820301101 0.269251253
b 0.819629034 0.277550236
b 0.818966631 0.285835169
b 0.818314025 0.294106799
b 0.817671326 0.302365876
b 0.817038617 0.310613155
b 0.816415957 0.318849394
b 0.815803383 0.327075351
b 0.815200906 0.335291790
b 0.814608515 0.343499471
b 0.814026174 0.351699159
b 0.813453826 0.359891618
b 0.812891387 0.368077612
b 0.812338755 0.376257902
b 0.811795802 0.384433251
b 0.811262378 0.392604419
b 0.810738309 0.400772162
b 0.810223412 0.408937200
b 0.809717604 0.417099836
b 0.809220878 0.425260107
b 0.808733227 0.433418047
b 0.808254652 0.441573689
b 0.807785152 0.449727069
b 0.807324731 0.457878222
b 0.806873394 0.466027186
b 0.806431149 0.474174000
b 0.805998006 0.482318702
b 0.805573977 0.490461333
b 0.805159077 0.498601936
b 0.804753323 0.506740551
b 0.804356749 0.514877197
b 0.803969408 0.523011862
b 0.803591358 0.531144538
b 0.803222660 0.539275218
b 0.802863382 0.547403899
b 0.802513594 0.555530583
b 0.802173411 0.563655552
b 0.801843002 0.571779518
b 0.801522519 0.579903235
b 0.801212091 0.588027465
b 0.800911827 0.596152975
b 0.800621810 0.604280537
b 0.800342106 0.612410931
b 0.800072753 0.620544937
b 0.799813769 0.628683342
b 0.799565151 0.636826935
b 0.799326868 0.644976509
b 0.799098871 0.653132859
b 0.798881086 0.661296781
b 0.798673415 0.669469074
b 0.798475739 0.677650538
b 0.798287913 0.685841971
b 0.798109770 0.694044174
b 0.797941118 0.702257944
b 0.786109973 0.702031913
b 0.774349051 0.701857547
b 0.762654989 0.701729651
b 0.751024551 0.701643251
b 0.739454620 0.701593582
b 0.727942182 0.701576079
b 0.716484312 0.701586364
b 0.705078165 0.701620242
b 0.693720960 0.701673684
b 0.682409972 0.701742825
b 0.671142514 0.701823950
b 0.659915933 0.701913490
b 0.648727589 0.702008007
b 0.637574851 0.702104195
b 0.626455081 0.702198863
b 0.615365625 0.702288935
b 0.604303798 0.702371439
b 0.593266877 0.702443500
b 0.582252082 0.702502529
b 0.571256578 0.702548280
b 0.560277580 0.702581950
b 0.549312391 0.702604719
b 0.538358387 0.702617727
b 0.527413011 0.702622070
b 0.516473758 0.702618810
b 0.505538159 0.702608973
b 0.494603778 0.702593551
b 0.483668192 0.702573506
b 0.472728985 0.702549771
b 0.461783733 0.702523249
b 0.450829992 0.702494822
b 0.439865289 0.702465345
b 0.428887106 0.702435651
b 0.417892873 0.702406554
b 0.406879950 0.702378849
b 0.395845620 0.702353313
b 0.384787072 0.702330702
b 0.373701412 0.702311380
b 0.362585750 0.702295126
b 0.351437238 0.702281678
b 0.340253061 0.702270778
b 0.329030423 0.702262178
b 0.317766542 0.702255633
b 0.306458629 0.702250906
b 0.295103885 0.702247767
b 0.283699480 0.702245987
b 0.272242548 0.702245346
b 0.260730171 0.702245625
b 0.249159365 0.702246611
b 0.237527065 0.702248093
b 0.225830116 0.702249865
b 0.214065252 0.702251723
b 0.202229086 0.702253464
b 0.190318090 0.702254889
b 0.178328581 0.702255802
b 0.178328439 0.694116406
b 0.178328315 0.685975634
b 0.178328208 0.677833493
b 0.178328119 0.669689988
b 0.178328047 0.661545122
b 0.178327991 0.653398899
b 0.178327952 0.645251321
b 0.178327930 0.637102388
b 0.178327924 0.628952101
b 0.178327935 0.620800459
b 0.178327961 0.612647458
b 0.178328004 0.604493096
b 0.178328062 0.596337369
b 0.178328136 0.588180271
b 0.178328225 0.580021794
b 0.178328328 0.571861933
b 0.178328446 0.563700678
b 0.178328576 0.555538019
b 0.178328719 0.547373946
b 0.178328864 0.539208454
b 0.178329000 0.531041543
b 0.178329112 0.522873214
b 0.178329187 0.514703472
b 0.178329214 0.506532325
b 0.178329181 0.498359783
b 0.178329087 0.490185866
b 0.178328942 0.482010604
b 0.178328754 0.473834024
b 0.178328535 0.465656149
b 0.178328293 0.457477004
b 0.178328039 0.449296608
b 0.178327783 0.441114981
b 0.178327536 0.432932140
b 0.178327306 0.424748100
b 0.178327106 0.416562872
b 0.178326944 0.408376469
b 0.178326832 0.400188899
b 0.178326771 0.392000163
b 0.178326758 0.383810257
b 0.178326785 0.375619174
b 0.178326845 0.367426908
b 0.178326931 0.359233455
b 0.178327039 0.351038807
b 0.178327159 0.342842961
b 0.178327288 0.334645911
b 0.178327416 0.326447652
b 0.178327540 0.318248179
b 0.178327651 0.310047489
b 0.178327744 0.301845577
b 0.178327812 0.293642439
b 0.178327850 0.285438071
b 0.178327851 0.277232470
b 0.178327809 0.269025632
b 0.178327717 0.260817555
b 0.178327571 0.252608235
b 0.190747995 0.252611044
b 0.203083992 0.252617059
b 0.215339700 0.252625969
b 0.227519074 0.252637463
b 0.239625907 0.252651229
b 0.251663848 0.252666953
b 0.263636420 0.252684320
b 0.275547039 0.252703012
b 0.287399030 0.252722709
b 0.299195644 0.252743086
b 0.310940074 0.252763816
b 0.322635471 0.252784564
b 0.334284957 0.252804992
b 0.345891642 0.252824756
b 0.357458639 0.252843505
b 0.368989073 0.252860881
b 0.380486102 0.252876517
b 0.391952926 0.252890039
b 0.403392795 0.252901102
b 0.414808914 0.252909809
b 0.426204354 0.252916564
b 0.437582080 0.252921780
b 0.448944963 0.252925879
b 0.460295797 0.252929291
b 0.471637310 0.252932457
b 0.482972182 0.252935826
b 0.494303057 0.252939863
b 0.505632558 0.252945040
b 0.516963297 0.252951846
b 0.528297897 0.252960783
b 0.539638997 0.252972367
b 0.550989272 0.252987134
b 0.562351443 0.253005635
b 0.573728295 0.253028438
b 0.585122688 0.253056135
b 0.596537574 0.253089336
b 0.607976009 0.253128658
b 0.619441223 0.253173771
b 0.630936559 0.253222818
b 0.642465320 0.253273749
b 0.654030773 0.253324444
b 0.665636163 0.253372706
b 0.677284730 0.253416259
b 0.688979720 0.253452740
b 0.700724404 0.253479695
b 0.712522093 0.253494572
b 0.724376151 0.253494719
b 0.736290016 0.253477370
b 0.748267215 0.253439650
b 0.760311379 0.253378556
b 0.772426266 0.253290963
b 0.784615774 0.253173607
b 0.796883966 0.253023085
b 0.809235085 0.252835843
interior
i 0.258745110 0.308859910
i 0.339163463 0.308859910
i 0.419581815 0.308859910
i 0.500000168 0.308859910
i 0.580418520 0.308859910
i 0.660836872 0.308859910
i 0.741255225 0.308859910
i 0.258745110 0.365111647
i 0.339163463 0.365111647
i 0.419581815 0.365111647
i 0.500000168 0.365111647
i 0.580418520 0.365111647
i 0.660836872 0.365111647
i 0.741255225 0.365111647
i 0.258745110 0.421363384
i 0.339163463 0.421363384
i 0.419581815 0.421363384
i 0.500000168 0.421363384
i 0.580418520 0.421363384
i 0.660836872 0.421363384
i 0.741255225 0.421363384
i 0.258745110 0.477615121
i 0.339163463 0.477615121
i 0.419581815 0.477615121
i 0.500000168 0.477615121
i 0.580418520 0.477615121
i 0.660836872 0.477615121
i 0.741255225 0.477615121
i 0.258745110 0.533866858
i 0.339163463 0.533866858
i 0.419581815 0.533866858
i 0.500000168 0.533866858
i 0.580418520 0.533866858
i 0.660836872 0.533866858
i 0.741255225 0.533866858
i 0.258745110 0.590118596
i 0.339163463 0.590118596
i 0.419581815 0.590118596
i 0.500000168 0.590118596
i 0.580418520 0.590118596
i 0.660836872 0.590118596
i 0.741255225 0.590118596
i 0.258745110 0.646370333
i 0.339163463 0.646370333
i 0.419581815 0.646370333
i 0.500000168 0.646370333
i 0.580418520 0.646370333
i 0.660836872 0.646370333
i 0.741255225 0.646370333
i 0.218535934 0.280734041
i 0.198431346 0.266671107
i 0.238640522 0.266671107
i 0.198431346 0.294796975
i 0.238640522 0.294796975
i 0.218535934 0.336985778
i 0.198431346 0.322922844
i 0.238640522 0.322922844
i 0.198431346 0.351048712
i 0.238640522 0.351048712
i 0.218535934 0.393237515
i 0.198431346 0.379174581
i 0.238640522 0.379174581
i 0.198431346 0.407300450
i 0.238640522 0.407300450
i 0.218535934 0.449489253
i 0.198431346 0.435426318
i 0.238640522 0.435426318
i 0.198431346 0.463552187
i 0.238640522 0.463552187
i 0.218535934 0.505740990
i 0.198431346 0.491678056
i 0.238640522 0.491678056
i 0.198431346 0.519803924
i 0.238640522 0.519803924
i 0.218535934 0.561992727
i 0.198431346 0.547929793
i 0.238640522 0.547929793
i 0.198431346 0.576055661
i 0.238640522 0.576055661
i 0.218535934 0.618244464
i 0.198431346 0.604181530
i 0.238640522 0.604181530
i 0.198431346 0.632307399
i 0.238640522 0.632307399
i 0.218535934 0.674496201
i 0.198431346 0.660433267
i 0.238640522 0.660433267
i 0.198431346 0.688559136
i 0.238640522 0.688559136
i 0.298954287 0.280734041
i 0.278849698 0.266671107
i 0.319058875 0.266671107
i 0.278849698 0.294796975
i 0.319058875 0.294796975
i 0.298954287 0.336985778
i 0.278849698 0.322922844
i 0.319058875 0.322922844
i 0.278849698 0.351048712
i 0.319058875 0.351048712
i 0.298954287 0.393237515
i 0.278849698 0.379174581
i 0.319058875 0.379174581
i 0.278849698 0.407300450
i 0.319058875 0.407300450
i 0.298954287 0.449489253
i 0.278849698 0.435426318
i 0.319058875 0.435426318
i 0.278849698 0.463552187
i 0.319058875 0.463552187
i 0.298954287 0.505740990
i 0.278849698 0.491678056
i 0.319058875 0.491678056
i 0.278849698 0.519803924
i 0.319058875 0.519803924
i 0.298954287 0.561992727
i 0.278849698 0.547929793
i 0.319058875 0.547929793
i 0.278849698 0.576055661
i 0.319058875 0.576055661
i 0.298954287 0.618244464
i 0.278849698 0.604181530
i 0.319058875 0.604181530
i 0.278849698 0.632307399
i 0.319058875 0.632307399
i 0.298954287 0.674496201
i 0.278849698 0.660433267
i 0.319058875 0.660433267
i 0.278849698 0.688559136
i 0.319058875 0.688559136
i 0.379372639 0.280734041
i 0.359268051 0.266671107
i 0.399477227 0.266671107
i 0.359268051 0.294796975
i 0.399477227 0.294796975
i 0.379372639 0.336985778
i 0.359268051 0.322922844
i 0.399477227 0.322922844
i 0.359268051 0.351048712
i 0.399477227 0.351048712
i 0.379372639 0.393237515
i 0.359268051 0.379174581
i 0.399477227 0.379174581
i 0.359268051 0.407300450
i 0.399477227 0.407300450
i 0.379372639 0.449489253
i 0.359268051 0.435426318
i 0.399477227 0.435426318
i 0.359268051 0.463552187
i 0.399477227 0.463552187
i 0.379372639 0.505740990
i 0.359268051 0.491678056
i 0.399477227 0.491678056
i 0.359268051 0.519803924
i 0.399477227 0.519803924
i 0.379372639 0.561992727
i 0.359268051 0.547929793
i 0.399477227 0.547929793
i 0.359268051 0.576055661
i 0.399477227 0.576055661
i 0.379372639 0.618244464
i 0.359268051 0.604181530
i 0.399477227 0.604181530
i 0.359268051 0.632307399
i 0.399477227 0.632307399
i 0.379372639 0.674496201
i 0.359268051 0.660433267
i 0.399477227 0.660433267
i 0.359268051 0.688559136
i 0.399477227 0.688559136
i 0.459790991 0.280734041
i 0.439686403 0.266671107
i 0.479895579 0.266671107
i 0.439686403 0.294796975
i 0.479895579 0.294796975
i 0.459790991 0.336985778
i 0.439686403 0.322922844
i 0.479895579 0.322922844
i 0.439686403 0.351048712
i 0.479895579 0.351048712
i 0.459790991 0.393237515
i 0.439686403 0.379174581
i 0.479895579 0.379174581
i 0.439686403 0.407300450
i 0.479895579 0.407300450
i 0.459790991 0.449489253
i 0.439686403 0.435426318
i 0.479895579 0.435426318
i 0.439686403 0.463552187
i 0.479895579 0.463552187
i 0.459790991 0.505740990
i 0.439686403 0.491678056
i 0.479895579 0.491678056
i 0.439686403 0.519803924
i 0.479895579 0.519803924
i 0.459790991 0.561992727
i 0.439686403 0.547929793
i 0.479895579 0.547929793
i 0.439686403 0.576055661
i 0.479895579 0.576055661
i 0.459790991 0.618244464
i 0.439686403 0.604181530
i 0.479895579 0.604181530
i 0.439686403 0.632307399
i 0.479895579 0.632307399
i 0.459790991 0.674496201
i 0.439686403 0.660433267
i 0.479895579 0.660433267
i 0.439686403 0.688559136
i 0.479895579 0.688559136
i 0.540209344 0.280734041
i 0.520104756 0.266671107
i 0.560313932 0.266671107
i 0.520104756 0.294796975
i 0.560313932 0.294796975
i 0.540209344 0.336985778
i 0.520104756 0.322922844
i 0.560313932 0.322922844
i 0.520104756 0.351048712
i 0.560313932 0.351048712
i 0.540209344 0.393237515
i 0.520104756 0.379174581
i 0.560313932 0.379174581
i 0.520104756 0.407300450
i 0.560313932 0.407300450
i 0.540209344 0.449489253
i 0.520104756 0.435426318
i 0.560313932 0.435426318
i 0.520104756 0.463552187
i 0.560313932 0.463552187
i 0.540209344 0.505740990
i 0.520104756 0.491678056
i 0.560313932 0.491678056
i 0.520104756 0.519803924
i 0.560313932 0.519803924
i 0.540209344 0.561992727
i 0.520104756 0.547929793
i 0.560313932 0.547929793
i 0.520104756 0.576055661
i 0.560313932 0.576055661
i 0.540209344 0.618244464
i 0.520104756 0.604181530
i 0.560313932 0.604181530
i 0.520104756 0.632307399
i 0.560313932 0.632307399
i 0.540209344 0.674496201
i 0.520104756 0.660433267
i 0.560313932 0.660433267
i 0.520104756 0.688559136
i 0.560313932 0.688559136
i 0.620627696 0.280734041
i 0.600523108 0.266671107
i 0.640732284 0.266671107
i 0.600523108 0.294796975
i 0.640732284 0.294796975
i 0.620627696 0.336985778
i 0.600523108 0.322922844
i 0.640732284 0.322922844
i 0.600523108 0.351048712
i 0.640732284 0.351048712
i 0.620627696 0.393237515
i 0.600523108 0.379174581
i 0.640732284 0.379174581
i 0.600523108 0.407300450
i 0.640732284 0.407300450
i 0.620627696 0.449489253
i 0.600523108 0.435426318
i 0.640732284 0.435426318
i 0.600523108 0.463552187
i 0.640732284 0.463552187
i 0.620627696 0.505740990
i 0.600523108 0.491678056
i 0.640732284 0.491678056
i 0.600523108 0.519803924
i 0.640732284 0.519803924
i 0.620627696 0.561992727
i 0.600523108 0.547929793
i 0.640732284 0.547929793
i 0.600523108 0.576055661
i 0.640732284 0.576055661
i 0.620627696 0.618244464
i 0.600523108 0.604181530
i 0.640732284 0.604181530
i 0.600523108 0.632307399
i 0.640732284 0.632307399
i 0.620627696 0.674496201
i 0.600523108 0.660433267
i 0.640732284 0.660433267
i 0.600523108 0.688559136
i 0.640732284 0.688559136
i 0.701046049 0.280734041
i 0.680941461 0.266671107
i 0.721150637 0.266671107
i 0.680941461 0.294796975
i 0.721150637 0.294796975
i 0.701046049 0.336985778
i 0.680941461 0.322922844
i 0.721150637 0.322922844
i 0.680941461 0.351048712
i 0.721150637 0.351048712
i 0.701046049 0.393237515
i 0.680941461 0.379174581
i 0.721150637 0.379174581
i 0.680941461 0.407300450
i 0.721150637 0.407300450
i 0.701046049 0.449489253
i 0.680941461 0.435426318
i 0.721150637 0.435426318
i 0.680941461 0.463552187
i 0.721150637 0.463552187
i 0.701046049 0.505740990
i 0.680941461 0.491678056
i 0.721150637 0.491678056
i 0.680941461 0.519803924
i 0.721150637 0.519803924
i 0.701046049 0.561992727
i 0.680941461 0.547929793
i 0.721150637 0.547929793
i 0.680941461 0.576055661
i 0.721150637 0.576055661
i 0.701046049 0.618244464
i 0.680941461 0.604181530
i 0.721150637 0.604181530
i 0.680941461 0.632307399
i 0.721150637 0.632307399
i 0.701046049 0.674496201
i 0.680941461 0.660433267
i 0.721150637 0.660433267
i 0.680941461 0.688559136
i 0.721150637 0.688559136
i 0.781464401 0.280734041
i 0.761359813 0.266671107
i 0.801568989 0.266671107
i 0.761359813 0.294796975
i 0.801568989 0.294796975
i 0.781464401 0.336985778
i 0.761359813 0.322922844
i 0.801568989 0.322922844
i 0.761359813 0.351048712
i 0.801568989 0.351048712
i 0.781464401 0.393237515
i 0.761359813 0.379174581
i 0.801568989 0.379174581
i 0.761359813 0.407300450
i 0.801568989 0.407300450
i 0.781464401 0.449489253
i 0.761359813 0.435426318
i 0.801568989 0.435426318
i 0.761359813 0.463552187
i 0.801568989 0.463552187
i 0.781464401 0.505740990
i 0.761359813 0.491678056
i 0.801568989 0.491678056
i 0.761359813 0.519803924
i 0.801568989 0.519803924
i 0.781464401 0.561992727
i 0.761359813 0.547929793
i 0.801568989 0.547929793
i 0.761359813 0.576055661
i 0.801568989 0.576055661
i 0.781464401 0.618244464
i 0.761359813 0.604181530
i 0.801568989 0.604181530
i 0.761359813 0.632307399
i 0.781464401 0.674496201
i 0.761359813 0.660433267
i 0.761359813 0.688559136
tris
t 165 166 586
t 166 167 586
t 167 168 586
t 168 169 586
t 169 170 586
t 170 171 586
t 171 172 586
t 172 173 586
t 173 174 586
t 174 594 586
t 174 595 594
t 174 175 595
t 175 596 595
t 175 597 596
t 175 176 597
t 176 598 597
t 176 599 598
t 176 177 599
t 177 600 599
t 177 601 600
t 177 178 601
t 178 602 601
t 178 603 602
t 178 179 603
t 179 604 603
t 179 605 604
t 179 180 605
t 180 606 605
t 180 607 606
t 180 181 607
t 181 608 607
t 181 609 608
t 181 182 609
t 182 610 609
t 182 611 610
t 182 183 611
t 183 612 611
t 183 613 612
t 183 184 613
t 184 614 613
t 184 615 614
t 184 185 615
t 185 616 615
t 185 617 616
t 185 186 617
t 186 618 617
t 186 619 618
t 186 187 619
t 187 620 619
t 187 621 620
t 187 188 621
t 188 622 621
t 188 623 622
t 188 189 623
t 189 624 623
t 189 625 624
t 189 190 625
t 190 626 625
t 190 627 626
t 190 191 627
t 191 628 627
t 191 629 628
t 191 192 629
t 192 630 629
t 192 631 630
t 192 632 631
t 192 193 632
t 193 633 632
t 193 634 633
t 193 194 634
t 194 635 634
t 194 636 635
t 194 195 636
t 195 637 636
t 195 638 637
t 195 196 638
t 196 639 638
t 196 640 639
t 196 197 640
t 197 641 640
t 197 642 641
t 197 198 642
t 198 643 642
t 198 644 643
t 198 199 644
t 199 645 644
t 199 646 645
t 199 200 646
t 200 647 646
t 200 648 647
t 200 201 648
t 201 649 648
t 201 650 649
t 201 202 650
t 202 651 650
t 202 652 651
t 202 203 652
t 203 653 652
t 203 654 653
t 203 204 654
t 204 655 654
t 204 656 655
t 204 205 656
t 205 657 656
t 205 658 657
t 205 206 658
t 206 659 658
t 206 660 659
t 206 207 660
t 207 661 660
t 207 662 661
t 207 208 662
t 208 663 662
t 208 664 663
t 208 209 664
t 209 665 664
t 209 666 665
t 209 210 666
t 210 667 666
t 210 668 667
t 210 211 668
t 211 669 668
t 211 587 669
t 211 212 587
t 212 213 587
t 213 214 587
t 214 215 587
t 215 216 587
t 216 217 587
t 217 218 587
t 218 219 587
t 219 0 587
t 165 586 164
t 164 586 163
t 163 586 162
t 162 586 161
t 161 586 160
t 160 586 159
t 159 586 158
t 158 586 157
t 157 586 156
t 156 586 155
t 155 586 154
t 154 586 153
t 153 586 152
t 152 586 588
t 0 1 587
t 1 2 587
t 2 3 587
t 3 4 587
t 4 5 587
t 5 6 587
t 6 7 587
t 7 8 587
t 8 9 587
t 9 10 587
t 10 11 587
t 11 12 587
t 12 13 587
t 13 589 587
t 586 594 588
t 594 670 588
t 594 595 670
t 595 671 670
t 595 596 671
t 596 672 671
t 596 597 672
t 597 673 672
t 597 598 673
t 598 674 673
t 598 599 674
t 599 675 674
t 599 600 675
t 600 676 675
t 600 601 676
t 601 677 676
t 601 602 677
t 602 678 677
t 602 603 678
t 603 679 678
t 603 604 679
t 604 680 679
t 604 605 680
t 605 681 680
t 605 606 681
t 606 682 681
t 606 607 682
t 607 683 682
t 607 608 683
t 608 684 683
t 608 609 684
t 609 685 684
t 609 610 685
t 610 686 685
t 610 611 686
t 611 687 686
t 611 612 687
t 612 688 687
t 612 613 688
t 613 689 688
t 613 614 689
t 614 690 689
t 614 615 690
t 615 691 690
t 615 616 691
t 616 692 691
t 616 617 692
t 617 693 692
t 617 618 693
t 618 694 693
t 618 619 694
t 619 695 694
t 619 620 695
t 620 696 695
t 620 621 696
t 621 697 696
t 621 622 697
t 622 698 697
t 622 623 698
t 623 699 698
t 623 624 699
t 624 700 699
t 624 625 700
t 625 701 700
t 625 626 701
t 626 702 701
t 626 627 702
t 627 703 702
t 627 628 703
t 628 704 703
t 628 629 704
t 629 705 704
t 629 630 705
t 630 706 705
t 630 631 706
t 631 707 706
t 631 632 707
t 632 708 707
t 632 633 708
t 633 709 708
t 633 634 709
t 634 710 709
t 634 635 710
t 635 711 710
t 635 636 711
t 636 712 711
t 636 637 712
t 637 713 712
t 637 638 713
t 638 714 713
t 638 639 714
t 639 715 714
t 639 640 715
t 640 716 715
t 640 641 716
t 641 717 716
t 641 642 717
t 642 718 717
t 642 643 718
t 643 719 718
t 643 644 719
t 644 720 719
t 644 645 720
t 645 721 720
t 645 646 721
t 646 722 721
t 646 647 722
t 647 723 722
t 647 648 723
t 648 724 723
t 648 649 724
t 649 725 724
t 649 650 725
t 650 726 725
t 650 651 726
t 651 727 726
t 651 652 727
t 652 728 727
t 652 653 728
t 653 729 728
t 653 654 729
t 654 730 729
t 654 655 730
t 655 731 730
t 655 656 731
t 656 732 731
t 656 657 732
t 657 733 732
t 657 658 733
t 658 734 733
t 658 659 734
t 659 735 734
t 659 660 735
t 660 736 735
t 660 661 736
t 661 737 736
t 661 662 737
t 662 738 737
t 662 663 738
t 663 739 738
t 663 664 739
t 664 740 739
t 664 665 740
t 665 741 740
t 665 666 741
t 666 742 741
t 666 667 742
t 667 743 742
t 667 668 743
t 668 744 743
t 668 589 744
t 668 669 589
t 669 587 589
t 152 588 151
t 151 588 150
t 150 588 149
t 149 588 148
t 148 588 147
t 147 588 146
t 146 588 145
t 145 588 144
t 144 588 143
t 143 588 142
t 142 588 141
t 141 588 140
t 140 588 139
t 139 588 138
t 138 588 590
t 13 14 589
t 14 15 589
t 15 16 589
t 16 17 589
t 17 18 589
t 18 19 589
t 19 20 589
t 20 21 589
t 21 22 589
t 22 23 589
t 23 24 589
t 24 25 589
t 25 26 589
t 26 27 589
t 27 591 589
t 588 670 590
t 670 671 590
t 671 745 590
t 671 672 745
t 672 746 745
t 672 673 746
t 673 747 746
t 673 674 747
t 674 748 747
t 674 675 748
t 675 749 748
t 675 676 749
t 676 750 749
t 676 677 750
t 677 751 750
t 677 678 751
t 678 752 751
t 678 679 752
t 679 753 752
t 679 680 753
t 680 754 753
t 680 681 754
t 681 755 754
t 681 682 755
t 682 756 755
t 682 683 756
t 683 757 756
t 683 684 757
t 684 758 757
t 684 685 758
t 685 759 758
t 685 686 759
t 686 760 759
t 686 687 760
t 687 761 760
t 687 688 761
t 688 762 761
t 688 689 762
t 689 763 762
t 689 690 763
t 690 764 763
t 690 691 764
t 691 765 764
t 691 692 765
t 692 766 765
t 692 693 766
t 693 767 766
t 693 694 767
t 694 768 767
t 694 695 768
t 695 769 768
t 695 696 769
t 696 770 769
t 696 697 770
t 697 771 770
t 697 698 771
t 698 772 771
t 698 699 772
t 699 773 772
t 699 700 773
t 700 774 773
t 700 701 774
t 701 775 774
t 701 702 775
t 702 776 775
t 702 703 776
t 703 777 776
t 703 704 777
t 704 778 777
t 704 705 778
t 705 779 778
t 705 706 779
t 706 780 779
t 706 707 780
t 707 781 780
t 707 708 781
t 708 782 781
t 708 709 782
t 709 783 782
t 709 710 783
t 710 784 783
t 710 711 784
t 711 785 784
t 711 712 785
t 712 786 785
t 712 713 786
t 713 787 786
t 713 714 787
t 714 788 787
t 714 715 788
t 715 789 788
t 715 716 789
t 716 790 789
t 716 717 790
t 717 791 790
t 717 718 791
t 718 792 791
t 718 719 792
t 719 793 792
t 719 720 793
t 720 794 793
t 720 721 794
t 721 795 794
t 721 722 795
t 722 796 795
t 722 723 796
t 723 797 796
t 723 724 797
t 724 798 797
t 724 725 798
t 725 799 798
t 725 726 799
t 726 800 799
t 726 727 800
t 727 801 800
t 727 728 801
t 728 802 801
t 728 729 802
t 729 803 802
t 729 730 803
t 730 804 803
t 730 731 804
t 731 805 804
t 731 732 805
t 732 806 805
t 732 733 806
t 733 807 806
t 733 734 807
t 734 808 807
t 734 735 808
t 735 809 808
t 735 736 809
t 736 810 809
t 736 737 810
t 737 811 810
t 737 738 811
t 738 812 811
t 738 739 812
t 739 813 812
t 739 740 813
t 740 814 813
t 740 741 814
t 741 815 814
t 741 591 815
t 741 742 591
t 742 743 591
t 743 744 591
t 744 589 591
t 138 590 137
t 137 590 136
t 136 590 135
t 135 590 134
t 134 590 133
t 133 590 132
t 132 590 131
t 131 590 130
t 130 590 129
t 129 590 128
t 128 590 127
t 127 590 126
t 126 590 125
t 125 590 124
t 124 590 592
t 27 28 591
t 28 29 591
t 29 30 591
t 30 31 591
t 31 32 591
t 32 33 591
t 33 34 591
t 34 35 591
t 35 36 591
t 36 37 591
t 37 38 591
t 38 39 591
t 39 40 591
t 40 41 591
t 41 593 591
t 590 745 592
t 745 816 592
t 745 746 816
t 746 817 816
t 746 747 817
t 747 818 817
t 747 748 818
t 748 819 818
t 748 749 819
t 749 820 819
t 749 750 820
t 750 821 820
t 750 751 821
t 751 822 821
t 751 752 822
t 752 823 822
t 752 753 823
t 753 824 823
t 753 754 824
t 754 825 824
t 754 755 825
t 755 826 825
t 755 756 826
t 756 827 826
t 756 757 827
t 757 828 827
t 757 758 828
t 758 829 828
t 758 759 829
t 759 830 829
t 759 760 830
t 760 831 830
t 760 761 831
t 761 832 831
t 761 762 832
t 762 833 832
t 762 763 833
t 763 834 833
t 763 764 834
t 764 835 834
t 764 765 835
t 765 836 835
t 765 766 836
t 766 837 836
t 766 767 837
t 767 838 837
t 767 768 838
t 768 839 838
t 768 769 839
t 769 840 839
t 769 770 840
t 770 841 840
t 770 771 841
t 771 842 841
t 771 772 842
t 772 843 842
t 772 773 843
t 773 844 843
t 773 774 844
t 774 845 844
t 774 775 845
t 775 846 845
t 775 776 846
t 776 847 846
t 776 777 847
t 777 848 847
t 777 778 848
t 778 849 848
t 778 779 849
t 779 850 849
t 779 780 850
t 780 851 850
t 780 781 851
t 781 852 851
t 781 782 852
t 782 853 852
t 782 783 853
t 783 854 853
t 783 784 854
t 784 855 854
t 784 785 855
t 785 856 855
t 785 786 856
t 786 857 856
t 786 787 857
t 787 858 857
t 787 788 858
t 788 859 858
t 788 789 859
t 789 860 859
t 789 790 860
t 790 861 860
t 790 791 861
t 791 862 861
t 791 792 862
t 792 863 862
t 792 793 863
t 793 864 863
t 793 794 864
t 794 865 864
t 794 795 865
t 795 866 865
t 795 796 866
t 796 867 866
t 796 797 867
t 797 868 867
t 797 798 868
t 798 869 868
t 798 799 869
t 799 870 869
t 799 800 870
t 800 871 870
t 800 801 871
t 801 872 871
t 801 802 872
t 802 873 872
t 802 803 873
t 803 874 873
t 803 804 874
t 804 875 874
t 804 805 875
t 805 876 875
t 805 806 876
t 806 877 876
t 806 807 877
t 807 878 877
t 807 808 878
t 808 879 878
t 808 809 879
t 809 880 879
t 809 810 880
t 810 881 880
t 810 811 881
t 811 882 881
t 811 812 882
t 812 883 882
t 812 813 883
t 813 884 883
t 813 814 884
t 814 885 884
t 814 593 885
t 814 815 593
t 815 591 593
t 124 592 123
t 123 592 122
t 122 592 121
t 121 592 120
t 120 592 119
t 119 592 118
t 118 592 117
t 117 592 116
t 116 592 115
t 115 592 114
t 114 592 113
t 113 592 112
t 112 592 111
t 111 592 110
t 41 42 593
t 42 43 593
t 43 44 593
t 44 45 593
t 45 46 593
t 46 47 593
t 47 48 593
t 48 49 593
t 49 50 593
t 50 51 593
t 51 52 593
t 52 53 593
t 53 54 593
t 54 55 593
t 592 109 110
t 592 108 109
t 592 107 108
t 592 106 107
t 592 105 106
t 592 104 105
t 592 103 104
t 592 102 103
t 592 101 102
t 592 816 101
t 816 100 101
t 816 817 100
t 817 818 100
t 818 99 100
t 818 819 99
t 819 820 99
t 820 98 99
t 820 821 98
t 821 822 98
t 822 97 98
t 822 823 97
t 823 824 97
t 824 96 97
t 824 825 96
t 825 826 96
t 826 95 96
t 826 827 95
t 827 828 95
t 828 94 95
t 828 829 94
t 829 830 94
t 830 93 94
t 830 831 93
t 831 832 93
t 832 92 93
t 832 833 92
t 833 834 92
t 834 91 92
t 834 835 91
t 835 836 91
t 836 90 91
t 836 837 90
t 837 838 90
t 838 89 90
t 838 839 89
t 839 840 89
t 840 88 89
t 840 841 88
t 841 842 88
t 842 87 88
t 842 843 87
t 843 844 87
t 844 86 87
t 844 845 86
t 845 846 86
t 846 85 86
t 846 847 85
t 847 848 85
t 848 84 85
t 848 849 84
t 849 850 84
t 850 83 84
t 850 851 83
t 851 852 83
t 852 82 83
t 852 853 82
t 853 81 82
t 853 854 81
t 854 855 81
t 855 80 81
t 855 856 80
t 856 857 80
t 857 79 80
t 857 858 79
t 858 859 79
t 859 78 79
t 859 860 78
t 860 861 78
t 861 77 78
t 861 862 77
t 862 863 77
t 863 76 77
t 863 864 76
t 864 865 76
t 865 75 76
t 865 866 75
t 866 867 75
t 867 74 75
t 867 868 74
t 868 869 74
t 869 73 74
t 869 870 73
t 870 871 73
t 871 72 73
t 871 872 72
t 872 873 72
t 873 71 72
t 873 874 71
t 874 875 71
t 875 70 71
t 875 876 70
t 876 877 70
t 877 69 70
t 877 878 69
t 878 879 69
t 879 68 69
t 879 880 68
t 880 881 68
t 881 67 68
t 881 882 67
t 882 883 67
t 883 66 67
t 883 884 66
t 884 885 66
t 885 65 66
t 885 593 65
t 593 64 65
t 593 63 64
t 593 62 63
t 593 61 62
t 593 60 61
t 593 59 60
t 593 58 59
t 593 57 58
t 593 56 57
t 593 55 56
