type=Nurbs forward=true n_boundary=204 n_holes=0 n_interior=113 n_tris=774 label=brep47598_f249_Nurbs(deg=3/3, cps=7x9)
boundary
b 0.999999332 0.018181390
b 0.999997448 0.036362777
b 0.999994531 0.054544191
b 0.999990766 0.072725661
b 0.999986336 0.090907207
b 0.999981429 0.109088844
b 0.999976229 0.127270581
b 0.999970921 0.145452423
b 0.999965690 0.163634367
b 0.999960721 0.181816405
b 0.999956195 0.199998525
b 0.999952294 0.218180708
b 0.999949195 0.236362928
b 0.999947073 0.254545158
b 0.999945989 0.272727363
b 0.999945782 0.290909517
b 0.999946270 0.309091600
b 0.999947267 0.327273595
b 0.999948590 0.345455496
b 0.999950053 0.363637300
b 0.999951475 0.381819010
b 0.999952673 0.400000638
b 0.999953468 0.418182199
b 0.999953682 0.436363715
b 0.999953141 0.454545214
b 0.999951674 0.472726728
b 0.999949114 0.490908297
b 0.999945310 0.509089963
b 0.999940382 0.527271760
b 0.999934714 0.545453700
b 0.999928701 0.563635780
b 0.999922732 0.581817985
b 0.999917195 0.600000285
b 0.999912468 0.618182637
b 0.999908924 0.636364984
b 0.999906926 0.654547258
b 0.999906830 0.672729378
b 0.999908975 0.690911250
b 0.999913693 0.709092772
b 0.999921299 0.727273826
b 0.999932092 0.745454289
b 0.999946230 0.763634051
b 0.999962761 0.781813230
b 0.999980196 0.799992100
b 0.999997096 0.818170983
b 1.000012075 0.836350244
b 1.000023808 0.854530295
b 1.000031030 0.872711589
b 1.000032851 0.890894507
b 1.000030207 0.909078776
b 1.000024616 0.927263854
b 1.000017509 0.945449156
b 1.000010225 0.963634059
b 1.000004007 0.981817904
b 1.000000000 1.000000000
b 0.981818182 1.000000000
b 0.963636364 1.000000000
b 0.945454545 1.000000000
b 0.927272727 1.000000000
b 0.909090909 1.000000000
b 0.890909091 1.000000000
b 0.872727273 1.000000000
b 0.854545455 1.000000000
b 0.836363636 1.000000000
b 0.818181818 1.000000000
b 0.800000000 1.000000000
b 0.781818182 1.000000000
b 0.763636364 1.000000000
b 0.745454545 1.000000000
b 0.727272727 1.000000000
b 0.709090909 1.000000000
b 0.690909091 1.000000000
b 0.672727273 1.000000000
b 0.654545455 1.000000000
b 0.636363636 1.000000000
b 0.618181818 1.000000000
b 0.600000000 1.000000000
b 0.581818182 1.000000000
b 0.563636364 1.000000000
b 0.545454545 1.000000000
b 0.527272727 1.000000000
b 0.509090909 1.000000000
b 0.490909091 1.000000000
b 0.472727273 1.000000000
b 0.454545455 1.000000000
b 0.436363636 1.000000000
b 0.418181818 1.000000000
b 0.400000000 1.000000000
b 0.381818182 1.000000000
b 0.363636364 1.000000000
b 0.345454545 1.000000000
b 0.327272727 1.000000000
b 0.309090909 1.000000000
b 0.290909091 1.000000000
b 0.272727273 1.000000000
b 0.254545455 1.000000000
b 0.236363636 1.000000000
b 0.218181818 1.000000000
b 0.200000000 1.000000000
b 0.181818182 1.000000000
b 0.163636364 1.000000000
b 0.145454545 1.000000000
b 0.127272727 1.000000000
b 0.109090909 1.000000000
b 0.090909091 1.000000000
b 0.072727273 1.000000000
b 0.054545455 1.000000000
b 0.036363636 1.000000000
b 0.018181818 1.000000000
b 0.000000000 1.000000000
b -0.000000000 0.974358949
b -0.000000000 0.948717936
b -0.000000000 0.923077019
b -0.000000000 0.897436189
b -0.000000000 0.871795388
b -0.000000000 0.846154535
b -0.000000000 0.820513554
b -0.000000000 0.794872396
b -0.000000000 0.769231065
b -0.000000000 0.743589644
b 0.000000000 0.717948289
b 0.000000000 0.692307112
b 0.000000000 0.666666135
b 0.000000000 0.641025315
b 0.000000000 0.615384570
b 0.000000000 0.589743800
b 0.000000000 0.564102916
b 0.000000000 0.538461863
b 0.000000000 0.512820646
b 0.000000000 0.487179354
b 0.000000000 0.461538137
b -0.000000000 0.435897084
b -0.000000000 0.410256200
b -0.000000000 0.384615430
b -0.000000000 0.358974685
b -0.000000000 0.333333865
b -0.000000000 0.307692888
b -0.000000000 0.282051711
b -0.000000000 0.256410356
b -0.000000000 0.230768935
b -0.000000000 0.205127604
b 0.000000000 0.179486446
b 0.000000000 0.153845465
b 0.000000000 0.128204612
b 0.000000000 0.102563811
b 0.000000000 0.076922981
b 0.000000000 0.051282064
b 0.000000000 0.025641051
b 0.000000000 0.000000000
b 0.018181818 0.000000000
b 0.036363636 0.000000000
b 0.054545455 0.000000000
b 0.072727273 0.000000000
b 0.090909091 0.000000000
b 0.109090909 0.000000000
b 0.127272727 0.000000000
b 0.145454545 0.000000000
b 0.163636364 0.000000000
b 0.181818182 0.000000000
b 0.200000000 0.000000000
b 0.218181818 0.000000000
b 0.236363636 0.000000000
b 0.254545455 0.000000000
b 0.272727273 0.000000000
b 0.290909091 0.000000000
b 0.309090909 0.000000000
b 0.327272727 0.000000000
b 0.345454545 0.000000000
b 0.363636364 0.000000000
b 0.381818182 0.000000000
b 0.400000000 0.000000000
b 0.418181818 0.000000000
b 0.436363636 0.000000000
b 0.454545455 0.000000000
b 0.472727273 0.000000000
b 0.490909091 0.000000000
b 0.509090909 0.000000000
b 0.527272727 0.000000000
b 0.545454545 0.000000000
b 0.563636364 0.000000000
b 0.581818182 0.000000000
b 0.600000000 0.000000000
b 0.618181818 0.000000000
b 0.636363636 0.000000000
b 0.654545455 0.000000000
b 0.672727273 0.000000000
b 0.690909091 0.000000000
b 0.709090909 0.000000000
b 0.727272727 0.000000000
b 0.745454545 0.000000000
b 0.763636364 0.000000000
b 0.781818182 0.000000000
b 0.800000000 0.000000000
b 0.818181818 0.000000000
b 0.836363636 0.000000000
b 0.854545455 0.000000000
b 0.872727273 0.000000000
b 0.890909091 0.000000000
b 0.909090909 0.000000000
b 0.927272727 0.000000000
b 0.945454545 0.000000000
b 0.963636364 0.000000000
b 0.981818182 0.000000000
b 1.000000000 0.000000000
interior
i 0.125004106 0.125000000
i 0.250008213 0.125000000
i 0.375012319 0.125000000
i 0.500016426 0.125000000
i 0.625020532 0.125000000
i 0.750024638 0.125000000
i 0.875028745 0.125000000
i 0.125004106 0.250000000
i 0.250008213 0.250000000
i 0.375012319 0.250000000
i 0.500016426 0.250000000
i 0.625020532 0.250000000
i 0.750024638 0.250000000
i 0.875028745 0.250000000
i 0.125004106 0.375000000
i 0.250008213 0.375000000
i 0.375012319 0.375000000
i 0.500016426 0.375000000
i 0.625020532 0.375000000
i 0.750024638 0.375000000
i 0.875028745 0.375000000
i 0.125004106 0.500000000
i 0.250008213 0.500000000
i 0.375012319 0.500000000
i 0.500016426 0.500000000
i 0.625020532 0.500000000
i 0.750024638 0.500000000
i 0.875028745 0.500000000
i 0.125004106 0.625000000
i 0.250008213 0.625000000
i 0.375012319 0.625000000
i 0.500016426 0.625000000
i 0.625020532 0.625000000
i 0.750024638 0.625000000
i 0.875028745 0.625000000
i 0.125004106 0.750000000
i 0.250008213 0.750000000
i 0.375012319 0.750000000
i 0.500016426 0.750000000
i 0.625020532 0.750000000
i 0.750024638 0.750000000
i 0.875028745 0.750000000
i 0.125004106 0.875000000
i 0.250008213 0.875000000
i 0.375012319 0.875000000
i 0.500016426 0.875000000
i 0.625020532 0.875000000
i 0.750024638 0.875000000
i 0.875028745 0.875000000
i 0.062502053 0.062500000
i 0.062502053 0.187500000
i 0.062502053 0.312500000
i 0.062502053 0.437500000
i 0.062502053 0.562500000
i 0.062502053 0.687500000
i 0.062502053 0.812500000
i 0.062502053 0.937500000
i 0.187506160 0.062500000
i 0.187506160 0.187500000
i 0.187506160 0.312500000
i 0.187506160 0.437500000
i 0.187506160 0.562500000
i 0.187506160 0.687500000
i 0.187506160 0.812500000
i 0.187506160 0.937500000
i 0.312510266 0.062500000
i 0.312510266 0.187500000
i 0.312510266 0.312500000
i 0.312510266 0.437500000
i 0.312510266 0.562500000
i 0.312510266 0.687500000
i 0.312510266 0.812500000
i 0.312510266 0.937500000
i 0.437514372 0.062500000
i 0.437514372 0.187500000
i 0.437514372 0.312500000
i 0.437514372 0.437500000
i 0.437514372 0.562500000
i 0.437514372 0.687500000
i 0.437514372 0.812500000
i 0.437514372 0.937500000
i 0.562518479 0.062500000
i 0.562518479 0.187500000
i 0.562518479 0.312500000
i 0.562518479 0.437500000
i 0.562518479 0.562500000
i 0.562518479 0.687500000
i 0.562518479 0.812500000
i 0.562518479 0.937500000
i 0.687522585 0.062500000
i 0.687522585 0.187500000
i 0.687522585 0.312500000
i 0.687522585 0.437500000
i 0.687522585 0.562500000
i 0.687522585 0.687500000
i 0.687522585 0.812500000
i 0.687522585 0.937500000
i 0.812526692 0.062500000
i 0.812526692 0.187500000
i 0.812526692 0.312500000
i 0.812526692 0.437500000
i 0.812526692 0.562500000
i 0.812526692 0.687500000
i 0.812526692 0.812500000
i 0.812526692 0.937500000
i 0.937530798 0.062500000
i 0.937530798 0.187500000
i 0.937530798 0.312500000
i 0.937530798 0.437500000
i 0.937530798 0.562500000
i 0.937530798 0.687500000
i 0.937530798 0.812500000
i 0.937530798 0.937500000
tris
t 148 146 147
t 148 145 146
t 148 144 145
t 148 143 144
t 148 142 143
t 148 141 142
t 148 140 141
t 148 139 140
t 203 0 1
t 203 1 2
t 203 2 3
t 203 3 4
t 203 4 5
t 203 5 6
t 203 6 7
t 203 7 8
t 203 8 9
t 203 9 10
t 203 10 11
t 203 11 12
t 148 149 139
t 149 317 139
t 149 150 317
t 150 318 317
t 150 151 318
t 151 319 318
t 151 152 319
t 152 320 319
t 152 153 320
t 153 321 320
t 153 154 321
t 154 322 321
t 154 155 322
t 155 323 322
t 155 156 323
t 156 324 323
t 156 157 324
t 157 325 324
t 157 158 325
t 158 326 325
t 158 159 326
t 159 327 326
t 159 160 327
t 160 328 327
t 160 161 328
t 161 329 328
t 161 162 329
t 162 330 329
t 162 163 330
t 163 331 330
t 163 164 331
t 164 332 331
t 164 165 332
t 165 333 332
t 165 166 333
t 166 334 333
t 166 167 334
t 167 335 334
t 167 168 335
t 168 336 335
t 168 169 336
t 169 337 336
t 169 170 337
t 170 338 337
t 170 171 338
t 171 339 338
t 171 172 339
t 172 340 339
t 172 173 340
t 173 341 340
t 173 174 341
t 174 342 341
t 174 175 342
t 175 343 342
t 175 176 343
t 176 344 343
t 176 177 344
t 177 345 344
t 177 178 345
t 178 346 345
t 178 179 346
t 179 347 346
t 179 180 347
t 180 348 347
t 180 181 348
t 181 349 348
t 181 182 349
t 182 350 349
t 182 183 350
t 183 351 350
t 183 184 351
t 184 352 351
t 184 185 352
t 185 353 352
t 185 186 353
t 186 354 353
t 186 187 354
t 187 355 354
t 187 188 355
t 188 356 355
t 188 189 356
t 189 357 356
t 189 190 357
t 190 358 357
t 190 191 358
t 191 359 358
t 191 192 359
t 192 360 359
t 192 193 360
t 193 361 360
t 193 194 361
t 194 362 361
t 194 195 362
t 195 363 362
t 195 196 363
t 196 364 363
t 196 197 364
t 197 365 364
t 197 198 365
t 198 366 365
t 198 199 366
t 199 367 366
t 199 200 367
t 200 368 367
t 200 201 368
t 201 369 368
t 201 202 369
t 202 370 369
t 202 371 370
t 202 372 371
t 202 373 372
t 202 374 373
t 202 375 374
t 202 376 375
t 202 377 376
t 202 378 377
t 202 379 378
t 202 380 379
t 202 381 380
t 202 382 381
t 202 383 382
t 202 12 383
t 202 203 12
t 139 137 138
t 139 136 137
t 139 135 136
t 139 134 135
t 139 133 134
t 139 132 133
t 139 131 132
t 139 130 131
t 139 129 130
t 12 13 14
t 12 14 15
t 12 15 16
t 12 16 17
t 12 17 18
t 12 18 19
t 12 19 20
t 12 20 21
t 12 21 22
t 12 22 23
t 12 23 24
t 12 24 25
t 12 25 26
t 139 317 129
t 317 384 129
t 317 318 384
t 318 385 384
t 318 319 385
t 319 386 385
t 319 320 386
t 320 387 386
t 320 321 387
t 321 388 387
t 321 322 388
t 322 389 388
t 322 323 389
t 323 390 389
t 323 324 390
t 324 391 390
t 324 325 391
t 325 392 391
t 325 326 392
t 326 393 392
t 326 327 393
t 327 394 393
t 327 328 394
t 328 395 394
t 328 329 395
t 329 396 395
t 329 330 396
t 330 397 396
t 330 331 397
t 331 398 397
t 331 332 398
t 332 399 398
t 332 333 399
t 333 400 399
t 333 334 400
t 334 401 400
t 334 335 401
t 335 402 401
t 335 336 402
t 336 403 402
t 336 337 403
t 337 404 403
t 337 338 404
t 338 405 404
t 338 339 405
t 339 406 405
t 339 340 406
t 340 407 406
t 340 341 407
t 341 408 407
t 341 342 408
t 342 409 408
t 342 343 409
t 343 410 409
t 343 344 410
t 344 411 410
t 344 345 411
t 345 412 411
t 345 346 412
t 346 413 412
t 346 347 413
t 347 414 413
t 347 348 414
t 348 415 414
t 348 349 415
t 349 416 415
t 349 350 416
t 350 417 416
t 350 351 417
t 351 418 417
t 351 352 418
t 352 419 418
t 352 353 419
t 353 420 419
t 353 354 420
t 354 421 420
t 354 355 421
t 355 422 421
t 355 356 422
t 356 423 422
t 356 357 423
t 357 424 423
t 357 358 424
t 358 425 424
t 358 359 425
t 359 426 425
t 359 360 426
t 360 427 426
t 360 361 427
t 361 428 427
t 361 362 428
t 362 429 428
t 362 363 429
t 363 430 429
t 363 364 430
t 364 431 430
t 364 365 431
t 365 432 431
t 365 366 432
t 366 433 432
t 366 367 433
t 367 434 433
t 367 368 434
t 368 435 434
t 368 369 435
t 369 436 435
t 369 370 436
t 370 437 436
t 370 371 437
t 371 438 437
t 371 372 438
t 372 439 438
t 372 373 439
t 373 440 439
t 373 374 440
t 374 441 440
t 374 375 441
t 375 442 441
t 375 376 442
t 376 443 442
t 376 377 443
t 377 444 443
t 377 378 444
t 378 445 444
t 378 379 445
t 379 446 445
t 379 380 446
t 380 447 446
t 380 381 447
t 381 448 447
t 381 382 448
t 382 449 448
t 382 383 449
t 383 450 449
t 383 26 450
t 383 12 26
t 129 127 128
t 129 126 127
t 129 125 126
t 129 124 125
t 129 123 124
t 129 122 123
t 129 121 122
t 129 120 121
t 129 119 120
t 26 27 28
t 26 28 29
t 26 29 30
t 26 30 31
t 26 31 32
t 26 32 33
t 26 33 34
t 26 34 35
t 26 35 36
t 26 36 37
t 26 37 38
t 26 38 39
t 26 39 40
t 129 384 119
t 384 451 119
t 384 385 451
t 385 452 451
t 385 386 452
t 386 453 452
t 386 387 453
t 387 454 453
t 387 388 454
t 388 455 454
t 388 389 455
t 389 456 455
t 389 390 456
t 390 457 456
t 390 391 457
t 391 458 457
t 391 392 458
t 392 459 458
t 392 393 459
t 393 460 459
t 393 394 460
t 394 461 460
t 394 395 461
t 395 462 461
t 395 396 462
t 396 463 462
t 396 397 463
t 397 464 463
t 397 398 464
t 398 465 464
t 398 399 465
t 399 466 465
t 399 400 466
t 400 467 466
t 400 401 467
t 401 468 467
t 401 402 468
t 402 469 468
t 402 403 469
t 403 470 469
t 403 404 470
t 404 471 470
t 404 405 471
t 405 472 471
t 405 406 472
t 406 473 472
t 406 407 473
t 407 474 473
t 407 408 474
t 408 475 474
t 408 409 475
t 409 476 475
t 409 410 476
t 410 477 476
t 410 411 477
t 411 478 477
t 411 412 478
t 412 479 478
t 412 413 479
t 413 480 479
t 413 414 480
t 414 481 480
t 414 415 481
t 415 482 481
t 415 416 482
t 416 483 482
t 416 417 483
t 417 484 483
t 417 418 484
t 418 485 484
t 418 419 485
t 419 486 485
t 419 420 486
t 420 487 486
t 420 421 487
t 421 488 487
t 421 422 488
t 422 489 488
t 422 423 489
t 423 490 489
t 423 424 490
t 424 491 490
t 424 425 491
t 425 492 491
t 425 426 492
t 426 493 492
t 426 427 493
t 427 494 493
t 427 428 494
t 428 495 494
t 428 429 495
t 429 496 495
t 429 430 496
t 430 497 496
t 430 431 497
t 431 498 497
t 431 432 498
t 432 499 498
t 432 433 499
t 433 500 499
t 433 434 500
t 434 501 500
t 434 435 501
t 435 502 501
t 435 436 502
t 436 503 502
t 436 437 503
t 437 504 503
t 437 438 504
t 438 505 504
t 438 439 505
t 439 506 505
t 439 440 506
t 440 507 506
t 440 441 507
t 441 508 507
t 441 442 508
t 442 509 508
t 442 443 509
t 443 510 509
t 443 444 510
t 444 511 510
t 444 445 511
t 445 512 511
t 445 446 512
t 446 40 512
t 446 447 40
t 447 448 40
t 448 449 40
t 449 450 40
t 450 26 40
t 119 117 118
t 119 116 117
t 119 115 116
t 119 114 115
t 40 41 42
t 40 42 43
t 40 43 44
t 40 44 45
t 40 45 46
t 40 46 47
t 119 451 114
t 451 513 114
t 451 452 513
t 452 514 513
t 452 453 514
t 453 515 514
t 453 454 515
t 454 516 515
t 454 455 516
t 455 517 516
t 455 456 517
t 456 518 517
t 456 457 518
t 457 519 518
t 457 458 519
t 458 520 519
t 458 459 520
t 459 521 520
t 459 460 521
t 460 522 521
t 460 461 522
t 461 523 522
t 461 462 523
t 462 524 523
t 462 463 524
t 463 525 524
t 463 464 525
t 464 526 525
t 464 465 526
t 465 527 526
t 465 466 527
t 466 528 527
t 466 467 528
t 467 529 528
t 467 468 529
t 468 530 529
t 468 469 530
t 469 531 530
t 469 470 531
t 470 532 531
t 470 471 532
t 471 533 532
t 471 472 533
t 472 534 533
t 472 473 534
t 473 535 534
t 473 474 535
t 474 536 535
t 474 475 536
t 475 537 536
t 475 476 537
t 476 538 537
t 476 477 538
t 477 539 538
t 477 478 539
t 478 540 539
t 478 479 540
t 479 541 540
t 479 480 541
t 480 542 541
t 480 481 542
t 481 543 542
t 481 482 543
t 482 544 543
t 482 483 544
t 483 545 544
t 483 484 545
t 484 546 545
t 484 485 546
t 485 547 546
t 485 486 547
t 486 548 547
t 486 487 548
t 487 549 548
t 487 488 549
t 488 550 549
t 488 489 550
t 489 551 550
t 489 490 551
t 490 552 551
t 490 491 552
t 491 553 552
t 491 492 553
t 492 554 553
t 492 493 554
t 493 555 554
t 493 494 555
t 494 556 555
t 494 495 556
t 495 557 556
t 495 496 557
t 496 558 557
t 496 497 558
t 497 559 558
t 497 498 559
t 498 560 559
t 498 499 560
t 499 561 560
t 499 500 561
t 500 562 561
t 500 501 562
t 501 563 562
t 501 502 563
t 502 564 563
t 502 503 564
t 503 565 564
t 503 504 565
t 504 566 565
t 504 505 566
t 505 567 566
t 505 506 567
t 506 568 567
t 506 507 568
t 507 569 568
t 507 508 569
t 508 570 569
t 508 509 570
t 509 571 570
t 509 510 571
t 510 572 571
t 510 511 572
t 511 573 572
t 511 512 573
t 512 574 573
t 512 40 574
t 40 575 574
t 40 576 575
t 40 577 576
t 40 578 577
t 40 579 578
t 40 580 579
t 40 581 580
t 40 582 581
t 40 583 582
t 40 584 583
t 40 585 584
t 40 586 585
t 40 587 586
t 40 588 587
t 40 589 588
t 40 590 589
t 40 591 590
t 40 592 591
t 40 593 592
t 40 594 593
t 40 595 594
t 40 596 595
t 40 597 596
t 40 598 597
t 40 599 598
t 40 600 599
t 40 601 600
t 40 602 601
t 40 47 602
t 114 112 113
t 114 111 112
t 114 110 111
t 114 109 110
t 47 48 49
t 47 49 50
t 47 50 51
t 47 51 52
t 47 52 53
t 47 53 54
t 114 513 109
t 513 108 109
t 513 514 108
t 514 107 108
t 514 515 107
t 515 106 107
t 515 516 106
t 516 105 106
t 516 517 105
t 517 104 105
t 517 518 104
t 518 103 104
t 518 519 103
t 519 102 103
t 519 520 102
t 520 101 102
t 520 521 101
t 521 100 101
t 521 522 100
t 522 99 100
t 522 523 99
t 523 98 99
t 523 524 98
t 524 97 98
t 524 525 97
t 525 96 97
t 525 526 96
t 526 95 96
t 526 527 95
t 527 94 95
t 527 528 94
t 528 93 94
t 528 529 93
t 529 92 93
t 529 530 92
t 530 91 92
t 530 531 91
t 531 90 91
t 531 532 90
t 532 89 90
t 532 533 89
t 533 88 89
t 533 534 88
t 534 87 88
t 534 535 87
t 535 86 87
t 535 536 86
t 536 85 86
t 536 537 85
t 537 84 85
t 537 538 84
t 538 83 84
t 538 539 83
t 539 82 83
t 539 540 82
t 540 81 82
t 540 541 81
t 541 80 81
t 541 542 80
t 542 79 80
t 542 543 79
t 543 78 79
t 543 544 78
t 544 77 78
t 544 545 77
t 545 76 77
t 545 546 76
t 546 75 76
t 546 547 75
t 547 74 75
t 547 548 74
t 548 73 74
t 548 549 73
t 549 72 73
t 549 550 72
t 550 71 72
t 550 551 71
t 551 70 71
t 551 552 70
t 552 69 70
t 552 553 69
t 553 68 69
t 553 554 68
t 554 67 68
t 554 555 67
t 555 66 67
t 555 556 66
t 556 65 66
t 556 557 65
t 557 64 65
t 557 558 64
t 558 63 64
t 558 559 63
t 559 62 63
t 559 560 62
t 560 61 62
t 560 561 61
t 561 60 61
t 561 562 60
t 562 59 60
t 562 563 59
t 563 58 59
t 563 564 58
t 564 57 58
t 564 565 57
t 565 56 57
t 565 566 56
t 566 55 56
t 566 567 55
t 567 568 55
t 568 569 55
t 569 570 55
t 570 571 55
t 571 572 55
t 572 573 55
t 573 574 55
t 574 575 55
t 575 576 55
t 576 577 55
t 577 578 55
t 578 579 55
t 579 580 55
t 580 581 55
t 581 582 55
t 582 583 55
t 583 584 55
t 584 585 55
t 585 586 55
t 586 587 55
t 587 588 55
t 588 589 55
t 589 590 55
t 590 591 55
t 591 592 55
t 592 593 55
t 593 594 55
t 594 595 55
t 595 596 55
t 596 597 55
t 597 54 55
t 597 598 54
t 598 599 54
t 599 600 54
t 600 601 54
t 601 602 54
t 602 47 54
