type=Nurbs forward=true n_boundary=166 n_holes=0 n_interior=113 n_tris=272 label=brep47598_f29_Nurbs(deg=3/3, cps=8x7)
boundary
b -0.000000000 -0.000000000
b 0.018181818 -0.000000000
b 0.036363636 -0.000000000
b 0.054545455 -0.000000000
b 0.072727273 -0.000000000
b 0.090909091 -0.000000000
b 0.109090909 -0.000000000
b 0.127272727 -0.000000000
b 0.145454545 -0.000000000
b 0.163636364 -0.000000000
b 0.181818182 -0.000000000
b 0.200000000 -0.000000000
b 0.218181818 -0.000000000
b 0.236363636 -0.000000000
b 0.254545455 -0.000000000
b 0.272727273 -0.000000000
b 0.290909091 -0.000000000
b 0.309090909 -0.000000000
b 0.327272727 -0.000000000
b 0.345454545 -0.000000000
b 0.363636364 -0.000000000
b 0.381818182 -0.000000000
b 0.400000000 -0.000000000
b 0.418181818 -0.000000000
b 0.436363636 -0.000000000
b 0.454545455 -0.000000000
b 0.472727273 -0.000000000
b 0.490909091 -0.000000000
b 0.509090909 -0.000000000
b 0.527272727 -0.000000000
b 0.545454545 -0.000000000
b 0.563636364 -0.000000000
b 0.581818182 -0.000000000
b 0.600000000 0.000000000
b 0.618181818 0.000000000
b 0.636363636 0.000000000
b 0.654545455 0.000000000
b 0.672727273 0.000000000
b 0.690909091 0.000000000
b 0.709090909 0.000000000
b 0.727272727 0.000000000
b 0.745454545 0.000000000
b 0.763636364 0.000000000
b 0.781818182 0.000000000
b 0.800000000 0.000000000
b 0.818181818 0.000000000
b 0.836363636 0.000000000
b 0.854545455 0.000000000
b 0.872727273 0.000000000
b 0.890909091 0.000000000
b 0.909090909 0.000000000
b 0.927272727 0.000000000
b 0.945454545 0.000000000
b 0.963636364 0.000000000
b 0.981818182 0.000000000
b 1.000000000 0.000000000
b 1.000000000 0.018181818
b 1.000000000 0.036363636
b 1.000000000 0.054545455
b 1.000000000 0.072727273
b 1.000000000 0.090909091
b 1.000000000 0.109090909
b 1.000000000 0.127272727
b 1.000000000 0.145454545
b 1.000000000 0.163636364
b 1.000000000 0.181818182
b 1.000000000 0.200000000
b 1.000000000 0.218181818
b 1.000000000 0.236363636
b 1.000000000 0.254545455
b 1.000000000 0.272727273
b 1.000000000 0.290909091
b 1.000000000 0.309090909
b 1.000000000 0.327272727
b 1.000000000 0.345454545
b 1.000000000 0.363636364
b 1.000000000 0.381818182
b 1.000000000 0.400000000
b 1.000000000 0.418181818
b 1.000000000 0.436363636
b 1.000000000 0.454545455
b 1.000000000 0.472727273
b 1.000000000 0.490909091
b 1.000000000 0.509090909
b 1.000000000 0.527272727
b 1.000000000 0.545454545
b 1.000000000 0.563636364
b 1.000000000 0.581818182
b 1.000000000 0.600000000
b 1.000000000 0.618181818
b 1.000000000 0.636363636
b 1.000000000 0.654545455
b 1.000000000 0.672727273
b 1.000000000 0.690909091
b 1.000000000 0.709090909
b 1.000000000 0.727272727
b 1.000000000 0.745454545
b 1.000000000 0.763636364
b 1.000000000 0.781818182
b 1.000000000 0.800000000
b 1.000000000 0.818181818
b 1.000000000 0.836363636
b 1.000000000 0.854545455
b 1.000000000 0.872727273
b 1.000000000 0.890909091
b 1.000000000 0.909090909
b 1.000000000 0.927272727
b 1.000000000 0.945454545
b 1.000000000 0.963636364
b 1.000000000 0.981818182
b 1.000000000 1.000000000
b 0.981818182 1.000000000
b 0.963636364 1.000000000
b 0.945454545 1.000000000
b 0.927272727 1.000000000
b 0.909090909 1.000000000
b 0.890909091 1.000000000
b 0.872727273 1.000000000
b 0.854545455 1.000000000
b 0.836363636 1.000000000
b 0.818181818 1.000000000
b 0.800000000 1.000000000
b 0.781818182 1.000000000
b 0.763636364 1.000000000
b 0.745454545 1.000000000
b 0.727272727 1.000000000
b 0.709090909 1.000000000
b 0.690909091 1.000000000
b 0.672727273 1.000000000
b 0.654545455 1.000000000
b 0.636363636 1.000000000
b 0.618181818 1.000000000
b 0.600000000 1.000000000
b 0.581818182 1.000000000
b 0.563636364 1.000000000
b 0.545454545 1.000000000
b 0.527272727 1.000000000
b 0.509090909 1.000000000
b 0.490909091 1.000000000
b 0.472727273 1.000000000
b 0.454545455 1.000000000
b 0.436363636 1.000000000
b 0.418181818 1.000000000
b 0.400000000 1.000000000
b 0.381818182 1.000000000
b 0.363636364 1.000000000
b 0.345454545 1.000000000
b 0.327272727 1.000000000
b 0.309090909 1.000000000
b 0.290909091 1.000000000
b 0.272727273 1.000000000
b 0.254545455 1.000000000
b 0.236363636 1.000000000
b 0.218181818 1.000000000
b 0.200000000 1.000000000
b 0.181818182 1.000000000
b 0.163636364 1.000000000
b 0.145454545 1.000000000
b 0.127272727 1.000000000
b 0.109090909 1.000000000
b 0.090909091 1.000000000
b 0.072727273 1.000000000
b 0.054545455 1.000000000
b 0.036363636 1.000000000
b 0.018181818 1.000000000
b 0.000000000 1.000000000
interior
i 0.125000000 0.125000000
i 0.250000000 0.125000000
i 0.375000000 0.125000000
i 0.500000000 0.125000000
i 0.625000000 0.125000000
i 0.750000000 0.125000000
i 0.875000000 0.125000000
i 0.125000000 0.250000000
i 0.250000000 0.250000000
i 0.375000000 0.250000000
i 0.500000000 0.250000000
i 0.625000000 0.250000000
i 0.750000000 0.250000000
i 0.875000000 0.250000000
i 0.125000000 0.375000000
i 0.250000000 0.375000000
i 0.375000000 0.375000000
i 0.500000000 0.375000000
i 0.625000000 0.375000000
i 0.750000000 0.375000000
i 0.875000000 0.375000000
i 0.125000000 0.500000000
i 0.250000000 0.500000000
i 0.375000000 0.500000000
i 0.500000000 0.500000000
i 0.625000000 0.500000000
i 0.750000000 0.500000000
i 0.875000000 0.500000000
i 0.125000000 0.625000000
i 0.250000000 0.625000000
i 0.375000000 0.625000000
i 0.500000000 0.625000000
i 0.625000000 0.625000000
i 0.750000000 0.625000000
i 0.875000000 0.625000000
i 0.125000000 0.750000000
i 0.250000000 0.750000000
i 0.375000000 0.750000000
i 0.500000000 0.750000000
i 0.625000000 0.750000000
i 0.750000000 0.750000000
i 0.875000000 0.750000000
i 0.125000000 0.875000000
i 0.250000000 0.875000000
i 0.375000000 0.875000000
i 0.500000000 0.875000000
i 0.625000000 0.875000000
i 0.750000000 0.875000000
i 0.875000000 0.875000000
i 0.062500000 0.062500000
i 0.062500000 0.187500000
i 0.062500000 0.312500000
i 0.062500000 0.437500000
i 0.062500000 0.562500000
i 0.062500000 0.687500000
i 0.062500000 0.812500000
i 0.062500000 0.937500000
i 0.187500000 0.062500000
i 0.187500000 0.187500000
i 0.187500000 0.312500000
i 0.187500000 0.437500000
i 0.187500000 0.562500000
i 0.187500000 0.687500000
i 0.187500000 0.812500000
i 0.187500000 0.937500000
i 0.312500000 0.062500000
i 0.312500000 0.187500000
i 0.312500000 0.312500000
i 0.312500000 0.437500000
i 0.312500000 0.562500000
i 0.312500000 0.687500000
i 0.312500000 0.812500000
i 0.312500000 0.937500000
i 0.437500000 0.062500000
i 0.437500000 0.187500000
i 0.437500000 0.312500000
i 0.437500000 0.437500000
i 0.437500000 0.562500000
i 0.437500000 0.687500000
i 0.437500000 0.812500000
i 0.437500000 0.937500000
i 0.562500000 0.062500000
i 0.562500000 0.187500000
i 0.562500000 0.312500000
i 0.562500000 0.437500000
i 0.562500000 0.562500000
i 0.562500000 0.687500000
i 0.562500000 0.812500000
i 0.562500000 0.937500000
i 0.687500000 0.062500000
i 0.687500000 0.187500000
i 0.687500000 0.312500000
i 0.687500000 0.437500000
i 0.687500000 0.562500000
i 0.687500000 0.687500000
i 0.687500000 0.812500000
i 0.687500000 0.937500000
i 0.812500000 0.062500000
i 0.812500000 0.187500000
i 0.812500000 0.312500000
i 0.812500000 0.437500000
i 0.812500000 0.562500000
i 0.812500000 0.687500000
i 0.812500000 0.812500000
i 0.812500000 0.937500000
i 0.937500000 0.062500000
i 0.937500000 0.187500000
i 0.937500000 0.312500000
i 0.937500000 0.437500000
i 0.937500000 0.562500000
i 0.937500000 0.687500000
i 0.937500000 0.812500000
i 0.937500000 0.937500000
tris
t 55 56 57
t 55 57 58
t 55 58 59
t 55 59 60
t 55 60 61
t 55 61 62
t 55 62 63
t 55 63 64
t 55 64 65
t 55 65 66
t 55 66 67
t 55 67 68
t 55 68 69
t 55 69 70
t 55 70 71
t 55 71 72
t 55 72 73
t 55 73 74
t 55 74 75
t 55 75 76
t 55 76 77
t 55 77 78
t 55 78 79
t 55 79 80
t 55 80 81
t 55 81 82
t 1 279 0
t 1 2 279
t 2 280 279
t 2 3 280
t 3 281 280
t 3 4 281
t 4 282 281
t 4 283 282
t 4 5 283
t 5 284 283
t 5 6 284
t 6 285 284
t 6 7 285
t 7 286 285
t 7 8 286
t 8 287 286
t 8 9 287
t 9 288 287
t 9 10 288
t 10 289 288
t 10 11 289
t 11 290 289
t 11 12 290
t 12 291 290
t 12 13 291
t 13 292 291
t 13 14 292
t 14 293 292
t 14 15 293
t 15 294 293
t 15 16 294
t 16 295 294
t 16 17 295
t 17 296 295
t 17 18 296
t 18 297 296
t 18 19 297
t 19 298 297
t 19 20 298
t 20 299 298
t 20 21 299
t 21 300 299
t 21 22 300
t 22 23 300
t 23 301 300
t 23 24 301
t 24 302 301
t 24 25 302
t 25 303 302
t 25 26 303
t 26 304 303
t 26 27 304
t 27 305 304
t 27 28 305
t 28 306 305
t 28 29 306
t 29 307 306
t 29 30 307
t 30 308 307
t 30 31 308
t 31 309 308
t 31 32 309
t 32 310 309
t 32 33 310
t 33 311 310
t 33 34 311
t 34 312 311
t 34 35 312
t 35 313 312
t 35 36 313
t 36 314 313
t 36 37 314
t 37 315 314
t 37 38 315
t 38 316 315
t 38 39 316
t 39 317 316
t 39 40 317
t 40 318 317
t 40 41 318
t 41 319 318
t 41 42 319
t 42 320 319
t 42 43 320
t 43 321 320
t 43 44 321
t 44 322 321
t 44 45 322
t 45 323 322
t 45 46 323
t 46 324 323
t 46 47 324
t 47 325 324
t 47 48 325
t 48 326 325
t 48 49 326
t 49 327 326
t 49 50 327
t 50 328 327
t 50 51 328
t 51 329 328
t 51 52 329
t 52 330 329
t 52 53 330
t 53 331 330
t 53 54 331
t 54 332 331
t 54 55 332
t 55 82 332
t 82 83 84
t 82 84 85
t 82 85 86
t 82 86 87
t 82 87 88
t 82 88 89
t 82 89 90
t 82 90 91
t 82 91 92
t 82 92 93
t 82 93 94
t 82 94 95
t 82 95 96
t 82 96 97
t 82 97 98
t 82 98 99
t 82 99 100
t 82 100 101
t 82 101 102
t 82 102 103
t 82 103 104
t 82 104 105
t 82 105 106
t 82 106 107
t 82 107 108
t 82 108 109
t 82 109 110
t 0 279 165
t 279 164 165
t 279 280 164
t 280 163 164
t 280 281 163
t 281 162 163
t 281 282 162
t 282 161 162
t 282 283 161
t 283 160 161
t 283 284 160
t 284 159 160
t 284 285 159
t 285 158 159
t 285 286 158
t 286 157 158
t 286 287 157
t 287 156 157
t 287 288 156
t 288 155 156
t 288 289 155
t 289 154 155
t 289 290 154
t 290 153 154
t 290 291 153
t 291 152 153
t 291 292 152
t 292 151 152
t 292 293 151
t 293 150 151
t 293 294 150
t 294 149 150
t 294 295 149
t 295 148 149
t 295 296 148
t 296 147 148
t 296 297 147
t 297 146 147
t 297 298 146
t 298 145 146
t 298 299 145
t 299 144 145
t 299 300 144
t 300 143 144
t 300 301 143
t 301 142 143
t 301 302 142
t 302 141 142
t 302 303 141
t 303 140 141
t 303 304 140
t 304 139 140
t 304 305 139
t 305 138 139
t 305 306 138
t 306 137 138
t 306 307 137
t 307 136 137
t 307 308 136
t 308 135 136
t 308 309 135
t 309 134 135
t 309 310 134
t 310 133 134
t 310 311 133
t 311 132 133
t 311 312 132
t 312 131 132
t 312 313 131
t 313 130 131
t 313 314 130
t 314 129 130
t 314 315 129
t 315 128 129
t 315 316 128
t 316 127 128
t 316 317 127
t 317 126 127
t 317 318 126
t 318 125 126
t 318 319 125
t 319 124 125
t 319 320 124
t 320 123 124
t 320 321 123
t 321 122 123
t 321 322 122
t 322 121 122
t 322 323 121
t 323 120 121
t 323 324 120
t 324 119 120
t 324 325 119
t 325 118 119
t 325 326 118
t 326 117 118
t 326 327 117
t 327 116 117
t 327 328 116
t 328 115 116
t 328 329 115
t 329 114 115
t 329 330 114
t 330 113 114
t 330 331 113
t 331 112 113
t 331 332 112
t 332 111 112
t 332 110 111
t 332 82 110
