type=Nurbs forward=true n_boundary=141 n_holes=0 n_interior=39 n_tris=169 label=brep62542_f30_Nurbs(deg=3/3, cps=4x10)
boundary
b 0.694022216 -0.000000000
b 0.694029105 0.018548227
b 0.694047447 0.037052198
b 0.694073731 0.055514537
b 0.694104812 0.073937878
b 0.694137914 0.092324857
b 0.694170639 0.110678121
b 0.694200970 0.129000321
b 0.694227278 0.147294113
b 0.694248325 0.165562157
b 0.694262895 0.183807112
b 0.694269450 0.202031635
b 0.694266790 0.220238386
b 0.694254135 0.238430034
b 0.694231135 0.256609249
b 0.694197872 0.274778709
b 0.694154869 0.292941090
b 0.694103088 0.311099073
b 0.694043943 0.329255337
b 0.693979383 0.347412379
b 0.693912452 0.365570587
b 0.693845868 0.383728943
b 0.693781938 0.401886384
b 0.693722781 0.420041835
b 0.693670324 0.438194208
b 0.693626301 0.456342401
b 0.693592248 0.474485304
b 0.693569501 0.492621793
b 0.693559195 0.510750736
b 0.693562261 0.528870989
b 0.693579422 0.546981403
b 0.693611128 0.565080824
b 0.693656725 0.583168206
b 0.693714731 0.601242579
b 0.693783479 0.619302978
b 0.693861138 0.637348438
b 0.693945710 0.655378001
b 0.694035005 0.673390748
b 0.694125422 0.691388130
b 0.694211843 0.709375275
b 0.694289932 0.727357659
b 0.694356327 0.745340783
b 0.694408654 0.763330173
b 0.694445511 0.781331360
b 0.694465942 0.799349477
b 0.694469293 0.817389212
b 0.694455728 0.835455239
b 0.694426257 0.853552232
b 0.694382744 0.871684862
b 0.694327912 0.889857790
b 0.694265339 0.908075663
b 0.694199468 0.926343106
b 0.694135608 0.944664717
b 0.694079935 0.963045060
b 0.694039498 0.981488661
b 0.694022216 1.000000000
b 0.693898601 0.983754307
b 0.693520741 0.967461175
b 0.692888556 0.951120043
b 0.692001992 0.934730350
b 0.690861018 0.918291530
b 0.689465624 0.901803015
b 0.687815823 0.885264236
b 0.685911652 0.868674620
b 0.683753166 0.852033596
b 0.681340441 0.835340590
b 0.678673572 0.818595030
b 0.675752674 0.801796345
b 0.672577876 0.784943963
b 0.669149318 0.768037314
b 0.665466855 0.751075567
b 0.661529899 0.734057438
b 0.657337946 0.716981583
b 0.652890644 0.699846647
b 0.648187630 0.682651182
b 0.643226886 0.665392752
b 0.638005571 0.648068275
b 0.632521273 0.630674633
b 0.626772029 0.613208690
b 0.620756332 0.595667294
b 0.614473139 0.578047274
b 0.607921877 0.560345445
b 0.601102384 0.542558620
b 0.594014129 0.524683695
b 0.586656432 0.506717621
b 0.579029033 0.488657338
b 0.571132113 0.470499774
b 0.562966296 0.452241850
b 0.554532657 0.433880480
b 0.545832731 0.415412574
b 0.536868518 0.396835040
b 0.527642489 0.378144784
b 0.518157593 0.359338734
b 0.508417265 0.340414750
b 0.498424608 0.321372115
b 0.488181942 0.302210184
b 0.477691528 0.282928304
b 0.466955625 0.263525812
b 0.455976494 0.244002042
b 0.444756405 0.224356320
b 0.433297643 0.204587965
b 0.421602513 0.184696291
b 0.409673343 0.164680609
b 0.397512353 0.144540216
b 0.385120774 0.124274369
b 0.372499405 0.103882293
b 0.359649049 0.083363192
b 0.346570521 0.062716253
b 0.333264662 0.041940644
b 0.319732345 0.021035516
b 0.305974487 -0.000000000
b 0.318499879 -0.000000000
b 0.331023727 -0.000000000
b 0.343546135 -0.000000000
b 0.356067212 -0.000000000
b 0.368587064 -0.000000000
b 0.381105797 -0.000000000
b 0.393623518 -0.000000000
b 0.406140334 -0.000000000
b 0.418656352 -0.000000000
b 0.431171677 -0.000000000
b 0.443686416 -0.000000000
b 0.456200677 -0.000000000
b 0.468714565 -0.000000000
b 0.481228187 -0.000000000
b 0.493741649 -0.000000000
b 0.506255057 -0.000000000
b 0.518768519 -0.000000000
b 0.531282141 -0.000000000
b 0.543796029 -0.000000000
b 0.556310289 -0.000000000
b 0.568825029 -0.000000000
b 0.581340354 -0.000000000
b 0.593856371 -0.000000000
b 0.606373187 -0.000000000
b 0.618890908 -0.000000000
b 0.631409641 -0.000000000
b 0.643929492 -0.000000000
b 0.656450569 -0.000000000
b 0.668972977 -0.000000000
b 0.681496824 -0.000000000
interior
i 0.403098188 0.125000000
i 0.451660039 0.125000000
i 0.500221890 0.125000000
i 0.548783741 0.125000000
i 0.597345592 0.125000000
i 0.645907443 0.125000000
i 0.500221890 0.250000000
i 0.548783741 0.250000000
i 0.597345592 0.250000000
i 0.645907443 0.250000000
i 0.548783741 0.375000000
i 0.597345592 0.375000000
i 0.645907443 0.375000000
i 0.597345592 0.500000000
i 0.645907443 0.500000000
i 0.645907443 0.625000000
i 0.378817263 0.062500000
i 0.427379114 0.062500000
i 0.427379114 0.187500000
i 0.475940965 0.062500000
i 0.475940965 0.187500000
i 0.524502816 0.062500000
i 0.524502816 0.187500000
i 0.524502816 0.312500000
i 0.573064666 0.062500000
i 0.573064666 0.187500000
i 0.573064666 0.312500000
i 0.573064666 0.437500000
i 0.621626517 0.062500000
i 0.621626517 0.187500000
i 0.621626517 0.312500000
i 0.621626517 0.437500000
i 0.621626517 0.562500000
i 0.670188368 0.062500000
i 0.670188368 0.187500000
i 0.670188368 0.312500000
i 0.670188368 0.437500000
i 0.670188368 0.562500000
i 0.670188368 0.687500000
tris
t 179 0 1
t 4 5 6
t 6 7 8
t 8 9 10
t 10 11 12
t 12 13 14
t 14 15 16
t 16 17 18
t 18 19 20
t 37 38 39
t 39 40 41
t 41 42 43
t 43 44 45
t 45 46 47
t 47 48 49
t 49 50 51
t 54 55 56
t 109 110 111
t 159 160 161
t 161 162 163
t 173 174 175
t 179 1 2
t 4 6 8
t 8 10 12
t 12 14 16
t 16 18 20
t 36 37 39
t 39 41 43
t 43 45 47
t 47 49 51
t 53 54 56
t 108 109 111
t 138 139 141
t 139 140 141
t 161 163 164
t 173 175 176
t 179 2 3
t 3 4 8
t 8 12 16
t 16 20 21
t 36 39 43
t 43 47 51
t 52 53 56
t 107 108 111
t 136 137 141
t 137 138 141
t 173 176 177
t 179 3 8
t 8 16 21
t 35 36 43
t 43 51 52
t 52 56 57
t 106 107 111
t 130 131 141
t 131 132 141
t 132 133 141
t 133 134 141
t 134 135 141
t 135 136 141
t 173 177 178
t 179 8 21
t 34 35 43
t 43 52 57
t 105 106 111
t 173 178 179
t 179 21 22
t 34 43 57
t 104 105 111
t 114 115 141
t 115 116 141
t 116 117 141
t 117 118 141
t 118 119 141
t 119 120 141
t 120 121 141
t 121 122 141
t 122 123 141
t 123 124 141
t 124 125 141
t 125 126 141
t 126 127 141
t 127 128 141
t 128 129 141
t 129 130 141
t 179 22 23
t 33 34 57
t 103 104 111
t 111 112 141
t 112 113 141
t 113 114 141
t 179 23 24
t 32 33 57
t 102 103 111
t 179 24 25
t 31 32 57
t 101 102 111
t 179 25 26
t 30 31 57
t 100 101 111
t 179 26 27
t 29 30 57
t 99 100 111
t 179 27 28
t 28 29 57
t 98 99 111
t 28 57 58
t 28 58 59
t 28 59 60
t 28 60 61
t 179 28 61
t 179 61 62
t 179 62 63
t 179 63 64
t 179 64 65
t 179 65 66
t 179 66 67
t 179 67 68
t 179 68 69
t 179 69 70
t 179 70 71
t 173 179 71
t 173 71 72
t 173 72 73
t 173 73 74
t 173 74 75
t 173 75 76
t 173 76 77
t 173 77 78
t 173 78 79
t 154 155 156
t 172 173 79
t 152 153 154
t 154 156 157
t 171 172 79
t 170 171 79
t 169 170 79
t 169 79 80
t 169 80 81
t 169 81 82
t 169 82 83
t 169 83 84
t 169 84 85
t 169 85 86
t 168 169 86
t 141 146 147
t 151 152 154
t 165 168 86
t 151 154 157
t 164 165 86
t 147 150 151
t 151 157 158
t 159 161 164
t 164 86 87
t 141 147 151
t 164 87 88
t 111 141 151
t 164 88 89
t 164 89 90
t 164 90 91
t 164 91 92
t 164 92 93
t 164 93 94
t 159 164 94
t 159 94 95
t 159 95 96
t 159 96 97
t 159 97 98
t 159 98 111
t 158 159 111
