type=Nurbs forward=true n_boundary=172 n_holes=0 n_interior=368 n_tris=500 label=brep62542_f20_Nurbs(deg=3/3, cps=4x11)
boundary
b 0.768456941 0.293077378
b 0.768510832 0.298567892
b 0.768582196 0.304123354
b 0.768673410 0.309744289
b 0.768785581 0.315431273
b 0.768918457 0.321184932
b 0.769070328 0.327005943
b 0.769237962 0.332895031
b 0.769417966 0.338852977
b 0.769607164 0.344880617
b 0.769802613 0.350978928
b 0.770011193 0.357149532
b 0.770241759 0.363394368
b 0.770499972 0.369715460
b 0.770788096 0.376114914
b 0.771104871 0.382594910
b 0.771447305 0.389157707
b 0.771810663 0.395805638
b 0.772186360 0.402541112
b 0.772563146 0.409366576
b 0.772943018 0.416284210
b 0.773335316 0.423296084
b 0.773745516 0.430404394
b 0.774174894 0.437611454
b 0.774622881 0.444919692
b 0.775086561 0.452331652
b 0.775558209 0.459849998
b 0.776024872 0.467477506
b 0.776469078 0.475217047
b 0.776892139 0.483071314
b 0.777314374 0.491042892
b 0.777751598 0.499134571
b 0.778217001 0.507349337
b 0.778720015 0.515690387
b 0.779263309 0.524161132
b 0.779842122 0.532765197
b 0.780443628 0.541506408
b 0.781046390 0.550388746
b 0.781628846 0.559414070
b 0.782179854 0.568580879
b 0.782694670 0.577887572
b 0.783172264 0.587332795
b 0.783611977 0.596915469
b 0.784012914 0.606634797
b 0.784373341 0.616490266
b 0.784690039 0.626481656
b 0.784957648 0.636609034
b 0.785177434 0.646873334
b 0.785373452 0.657277218
b 0.785568591 0.667823971
b 0.785776565 0.678517294
b 0.786000666 0.689361296
b 0.786232498 0.700360479
b 0.786450620 0.711519717
b 0.786619132 0.722844232
b 0.786687253 0.734339567
b 0.767649383 0.734339567
b 0.748722096 0.734339567
b 0.729896997 0.734339568
b 0.711165860 0.734339568
b 0.692520617 0.734339568
b 0.673953339 0.734339568
b 0.655456228 0.734339568
b 0.637021597 0.734339568
b 0.618641863 0.734339568
b 0.600309530 0.734339568
b 0.582017178 0.734339568
b 0.563757451 0.734339568
b 0.545523046 0.734339568
b 0.527306698 0.734339568
b 0.509101175 0.734339569
b 0.490899257 0.734339569
b 0.472693733 0.734339569
b 0.454477386 0.734339569
b 0.436242981 0.734339569
b 0.417983254 0.734339569
b 0.399690901 0.734339569
b 0.381358568 0.734339569
b 0.362978833 0.734339569
b 0.344544203 0.734339569
b 0.326047091 0.734339569
b 0.307479813 0.734339569
b 0.288834569 0.734339569
b 0.270103432 0.734339569
b 0.251278332 0.734339569
b 0.232351044 0.734339569
b 0.213313174 0.734339559
b 0.213305694 0.723010761
b 0.213291317 0.711825928
b 0.213277327 0.700783068
b 0.213267853 0.689880533
b 0.213264927 0.679117025
b 0.213268924 0.668491604
b 0.213279001 0.658003689
b 0.213293509 0.647653062
b 0.213310374 0.637439861
b 0.213326746 0.627364372
b 0.213341302 0.617425893
b 0.213353594 0.607623494
b 0.213362629 0.597956532
b 0.213367164 0.588424656
b 0.213365988 0.579027807
b 0.213358197 0.569766214
b 0.213343450 0.560640393
b 0.213321829 0.551651110
b 0.213293987 0.542799084
b 0.213265667 0.534082350
b 0.213243603 0.525497252
b 0.213231834 0.517040289
b 0.213231880 0.508708156
b 0.213242955 0.500497750
b 0.213262188 0.492406176
b 0.213285049 0.484430733
b 0.213305753 0.476568885
b 0.213317291 0.468818283
b 0.213319039 0.461176390
b 0.213316444 0.453640417
b 0.213313359 0.446207666
b 0.213311824 0.438875562
b 0.213312201 0.431641650
b 0.213313897 0.424503586
b 0.213315940 0.417459128
b 0.213315985 0.410506154
b 0.213310381 0.403642668
b 0.213298622 0.396866511
b 0.213285513 0.390175168
b 0.213274695 0.383566156
b 0.213268151 0.377037065
b 0.213267163 0.370585554
b 0.213272697 0.364209349
b 0.213284227 0.357906249
b 0.213299722 0.351674137
b 0.213315744 0.345510979
b 0.213328728 0.339415302
b 0.213337317 0.333386872
b 0.213340650 0.327425686
b 0.213339082 0.321531799
b 0.213334114 0.315705319
b 0.213327306 0.309946402
b 0.213320271 0.304255259
b 0.213314712 0.298632149
b 0.213312458 0.293077385
b 0.231764054 0.293077382
b 0.250111546 0.293077382
b 0.268362583 0.293077382
b 0.286524664 0.293077382
b 0.304605146 0.293077382
b 0.322611263 0.293077382
b 0.340550131 0.293077382
b 0.358428768 0.293077382
b 0.376254094 0.293077382
b 0.394032954 0.293077382
b 0.411772119 0.293077382
b 0.429478301 0.293077382
b 0.447158165 0.293077382
b 0.464818333 0.293077382
b 0.482465401 0.293077382
b 0.500105943 0.293077382
b 0.517746525 0.293077382
b 0.535393711 0.293077382
b 0.553054076 0.293077382
b 0.570734216 0.293077382
b 0.588440755 0.293077382
b 0.606180356 0.293077382
b 0.623959732 0.293077382
b 0.641785658 0.293077382
b 0.659664975 0.293077382
b 0.677604609 0.293077382
b 0.695611575 0.293077382
b 0.713692993 0.293077382
b 0.731856096 0.293077382
b 0.750108245 0.293077383
interior
i 0.284913762 0.348235152
i 0.356595689 0.348235152
i 0.428277616 0.348235152
i 0.499959544 0.348235152
i 0.571641471 0.348235152
i 0.643323399 0.348235152
i 0.715005326 0.348235152
i 0.284913762 0.403392926
i 0.356595689 0.403392926
i 0.428277616 0.403392926
i 0.499959544 0.403392926
i 0.571641471 0.403392926
i 0.643323399 0.403392926
i 0.715005326 0.403392926
i 0.284913762 0.458550700
i 0.356595689 0.458550700
i 0.428277616 0.458550700
i 0.499959544 0.458550700
i 0.571641471 0.458550700
i 0.643323399 0.458550700
i 0.715005326 0.458550700
i 0.284913762 0.513708474
i 0.356595689 0.513708474
i 0.428277616 0.513708474
i 0.499959544 0.513708474
i 0.571641471 0.513708474
i 0.643323399 0.513708474
i 0.715005326 0.513708474
i 0.284913762 0.568866247
i 0.356595689 0.568866247
i 0.428277616 0.568866247
i 0.499959544 0.568866247
i 0.571641471 0.568866247
i 0.643323399 0.568866247
i 0.715005326 0.568866247
i 0.284913762 0.624024021
i 0.356595689 0.624024021
i 0.428277616 0.624024021
i 0.499959544 0.624024021
i 0.571641471 0.624024021
i 0.643323399 0.624024021
i 0.715005326 0.624024021
i 0.284913762 0.679181795
i 0.356595689 0.679181795
i 0.428277616 0.679181795
i 0.499959544 0.679181795
i 0.571641471 0.679181795
i 0.643323399 0.679181795
i 0.715005326 0.679181795
i 0.249072798 0.320656265
i 0.231152316 0.306866822
i 0.266993280 0.306866822
i 0.231152316 0.334445709
i 0.266993280 0.334445709
i 0.249072798 0.375814039
i 0.231152316 0.362024595
i 0.266993280 0.362024595
i 0.231152316 0.389603482
i 0.266993280 0.389603482
i 0.249072798 0.430971813
i 0.231152316 0.417182369
i 0.266993280 0.417182369
i 0.231152316 0.444761256
i 0.266993280 0.444761256
i 0.249072798 0.486129587
i 0.231152316 0.472340143
i 0.266993280 0.472340143
i 0.231152316 0.499919030
i 0.266993280 0.499919030
i 0.249072798 0.541287360
i 0.231152316 0.527497917
i 0.266993280 0.527497917
i 0.231152316 0.555076804
i 0.266993280 0.555076804
i 0.249072798 0.596445134
i 0.231152316 0.582655691
i 0.266993280 0.582655691
i 0.231152316 0.610234578
i 0.266993280 0.610234578
i 0.249072798 0.651602908
i 0.231152316 0.637813465
i 0.266993280 0.637813465
i 0.231152316 0.665392352
i 0.266993280 0.665392352
i 0.249072798 0.706760682
i 0.231152316 0.692971239
i 0.266993280 0.692971239
i 0.231152316 0.720550125
i 0.266993280 0.720550125
i 0.320754725 0.320656265
i 0.302834244 0.306866822
i 0.338675207 0.306866822
i 0.302834244 0.334445709
i 0.338675207 0.334445709
i 0.320754725 0.375814039
i 0.302834244 0.362024595
i 0.338675207 0.362024595
i 0.302834244 0.389603482
i 0.338675207 0.389603482
i 0.320754725 0.430971813
i 0.302834244 0.417182369
i 0.338675207 0.417182369
i 0.302834244 0.444761256
i 0.338675207 0.444761256
i 0.320754725 0.486129587
i 0.302834244 0.472340143
i 0.338675207 0.472340143
i 0.302834244 0.499919030
i 0.338675207 0.499919030
i 0.320754725 0.541287360
i 0.302834244 0.527497917
i 0.338675207 0.527497917
i 0.302834244 0.555076804
i 0.338675207 0.555076804
i 0.320754725 0.596445134
i 0.302834244 0.582655691
i 0.338675207 0.582655691
i 0.302834244 0.610234578
i 0.338675207 0.610234578
i 0.320754725 0.651602908
i 0.302834244 0.637813465
i 0.338675207 0.637813465
i 0.302834244 0.665392352
i 0.338675207 0.665392352
i 0.320754725 0.706760682
i 0.302834244 0.692971239
i 0.338675207 0.692971239
i 0.302834244 0.720550125
i 0.338675207 0.720550125
i 0.392436653 0.320656265
i 0.374516171 0.306866822
i 0.410357135 0.306866822
i 0.374516171 0.334445709
i 0.410357135 0.334445709
i 0.392436653 0.375814039
i 0.374516171 0.362024595
i 0.410357135 0.362024595
i 0.374516171 0.389603482
i 0.410357135 0.389603482
i 0.392436653 0.430971813
i 0.374516171 0.417182369
i 0.410357135 0.417182369
i 0.374516171 0.444761256
i 0.410357135 0.444761256
i 0.392436653 0.486129587
i 0.374516171 0.472340143
i 0.410357135 0.472340143
i 0.374516171 0.499919030
i 0.410357135 0.499919030
i 0.392436653 0.541287360
i 0.374516171 0.527497917
i 0.410357135 0.527497917
i 0.374516171 0.555076804
i 0.410357135 0.555076804
i 0.392436653 0.596445134
i 0.374516171 0.582655691
i 0.410357135 0.582655691
i 0.374516171 0.610234578
i 0.410357135 0.610234578
i 0.392436653 0.651602908
i 0.374516171 0.637813465
i 0.410357135 0.637813465
i 0.374516171 0.665392352
i 0.410357135 0.665392352
i 0.392436653 0.706760682
i 0.374516171 0.692971239
i 0.410357135 0.692971239
i 0.374516171 0.720550125
i 0.410357135 0.720550125
i 0.464118580 0.320656265
i 0.446198098 0.306866822
i 0.482039062 0.306866822
i 0.446198098 0.334445709
i 0.482039062 0.334445709
i 0.464118580 0.375814039
i 0.446198098 0.362024595
i 0.482039062 0.362024595
i 0.446198098 0.389603482
i 0.482039062 0.389603482
i 0.464118580 0.430971813
i 0.446198098 0.417182369
i 0.482039062 0.417182369
i 0.446198098 0.444761256
i 0.482039062 0.444761256
i 0.464118580 0.486129587
i 0.446198098 0.472340143
i 0.482039062 0.472340143
i 0.446198098 0.499919030
i 0.482039062 0.499919030
i 0.464118580 0.541287360
i 0.446198098 0.527497917
i 0.482039062 0.527497917
i 0.446198098 0.555076804
i 0.482039062 0.555076804
i 0.464118580 0.596445134
i 0.446198098 0.582655691
i 0.482039062 0.582655691
i 0.446198098 0.610234578
i 0.482039062 0.610234578
i 0.464118580 0.651602908
i 0.446198098 0.637813465
i 0.482039062 0.637813465
i 0.446198098 0.665392352
i 0.482039062 0.665392352
i 0.464118580 0.706760682
i 0.446198098 0.692971239
i 0.482039062 0.692971239
i 0.446198098 0.720550125
i 0.482039062 0.720550125
i 0.535800507 0.320656265
i 0.517880026 0.306866822
i 0.553720989 0.306866822
i 0.517880026 0.334445709
i 0.553720989 0.334445709
i 0.535800507 0.375814039
i 0.517880026 0.362024595
i 0.553720989 0.362024595
i 0.517880026 0.389603482
i 0.553720989 0.389603482
i 0.535800507 0.430971813
i 0.517880026 0.417182369
i 0.553720989 0.417182369
i 0.517880026 0.444761256
i 0.553720989 0.444761256
i 0.535800507 0.486129587
i 0.517880026 0.472340143
i 0.553720989 0.472340143
i 0.517880026 0.499919030
i 0.553720989 0.499919030
i 0.535800507 0.541287360
i 0.517880026 0.527497917
i 0.553720989 0.527497917
i 0.517880026 0.555076804
i 0.553720989 0.555076804
i 0.535800507 0.596445134
i 0.517880026 0.582655691
i 0.553720989 0.582655691
i 0.517880026 0.610234578
i 0.553720989 0.610234578
i 0.535800507 0.651602908
i 0.517880026 0.637813465
i 0.553720989 0.637813465
i 0.517880026 0.665392352
i 0.553720989 0.665392352
i 0.535800507 0.706760682
i 0.517880026 0.692971239
i 0.553720989 0.692971239
i 0.517880026 0.720550125
i 0.553720989 0.720550125
i 0.607482435 0.320656265
i 0.589561953 0.306866822
i 0.625402917 0.306866822
i 0.589561953 0.334445709
i 0.625402917 0.334445709
i 0.607482435 0.375814039
i 0.589561953 0.362024595
i 0.625402917 0.362024595
i 0.589561953 0.389603482
i 0.625402917 0.389603482
i 0.607482435 0.430971813
i 0.589561953 0.417182369
i 0.625402917 0.417182369
i 0.589561953 0.444761256
i 0.625402917 0.444761256
i 0.607482435 0.486129587
i 0.589561953 0.472340143
i 0.625402917 0.472340143
i 0.589561953 0.499919030
i 0.625402917 0.499919030
i 0.607482435 0.541287360
i 0.589561953 0.527497917
i 0.625402917 0.527497917
i 0.589561953 0.555076804
i 0.625402917 0.555076804
i 0.607482435 0.596445134
i 0.589561953 0.582655691
i 0.625402917 0.582655691
i 0.589561953 0.610234578
i 0.625402917 0.610234578
i 0.607482435 0.651602908
i 0.589561953 0.637813465
i 0.625402917 0.637813465
i 0.589561953 0.665392352
i 0.625402917 0.665392352
i 0.607482435 0.706760682
i 0.589561953 0.692971239
i 0.625402917 0.692971239
i 0.589561953 0.720550125
i 0.625402917 0.720550125
i 0.679164362 0.320656265
i 0.661243880 0.306866822
i 0.697084844 0.306866822
i 0.661243880 0.334445709
i 0.697084844 0.334445709
i 0.679164362 0.375814039
i 0.661243880 0.362024595
i 0.697084844 0.362024595
i 0.661243880 0.389603482
i 0.697084844 0.389603482
i 0.679164362 0.430971813
i 0.661243880 0.417182369
i 0.697084844 0.417182369
i 0.661243880 0.444761256
i 0.697084844 0.444761256
i 0.679164362 0.486129587
i 0.661243880 0.472340143
i 0.697084844 0.472340143
i 0.661243880 0.499919030
i 0.697084844 0.499919030
i 0.679164362 0.541287360
i 0.661243880 0.527497917
i 0.697084844 0.527497917
i 0.661243880 0.555076804
i 0.697084844 0.555076804
i 0.679164362 0.596445134
i 0.661243880 0.582655691
i 0.697084844 0.582655691
i 0.661243880 0.610234578
i 0.697084844 0.610234578
i 0.679164362 0.651602908
i 0.661243880 0.637813465
i 0.697084844 0.637813465
i 0.661243880 0.665392352
i 0.697084844 0.665392352
i 0.679164362 0.706760682
i 0.661243880 0.692971239
i 0.697084844 0.692971239
i 0.661243880 0.720550125
i 0.697084844 0.720550125
i 0.750846290 0.320656265
i 0.732925808 0.306866822
i 0.732925808 0.334445709
i 0.768766771 0.334445709
i 0.750846290 0.375814039
i 0.732925808 0.362024595
i 0.768766771 0.362024595
i 0.732925808 0.389603482
i 0.768766771 0.389603482
i 0.750846290 0.430971813
i 0.732925808 0.417182369
i 0.768766771 0.417182369
i 0.732925808 0.444761256
i 0.768766771 0.444761256
i 0.750846290 0.486129587
i 0.732925808 0.472340143
i 0.768766771 0.472340143
i 0.732925808 0.499919030
i 0.768766771 0.499919030
i 0.750846290 0.541287360
i 0.732925808 0.527497917
i 0.768766771 0.527497917
i 0.732925808 0.555076804
i 0.768766771 0.555076804
i 0.750846290 0.596445134
i 0.732925808 0.582655691
i 0.768766771 0.582655691
i 0.732925808 0.610234578
i 0.768766771 0.610234578
i 0.750846290 0.651602908
i 0.732925808 0.637813465
i 0.768766771 0.637813465
i 0.732925808 0.665392352
i 0.768766771 0.665392352
i 0.750846290 0.706760682
i 0.732925808 0.692971239
i 0.768766771 0.692971239
i 0.732925808 0.720550125
i 0.768766771 0.720550125
tris
t 141 142 540
t 142 143 540
t 143 144 540
t 144 145 540
t 145 146 540
t 146 147 540
t 147 548 540
t 147 549 548
t 147 148 549
t 148 550 549
t 148 551 550
t 148 149 551
t 149 552 551
t 149 553 552
t 149 150 553
t 150 554 553
t 150 555 554
t 150 151 555
t 151 556 555
t 151 557 556
t 151 152 557
t 152 558 557
t 152 559 558
t 152 153 559
t 153 560 559
t 153 561 560
t 153 154 561
t 154 562 561
t 154 563 562
t 154 155 563
t 155 564 563
t 155 565 564
t 155 156 565
t 156 566 565
t 156 567 566
t 156 157 567
t 157 568 567
t 157 569 568
t 157 158 569
t 158 570 569
t 158 571 570
t 158 159 571
t 159 572 571
t 159 573 572
t 159 160 573
t 160 574 573
t 160 575 574
t 160 161 575
t 161 576 575
t 161 577 576
t 161 162 577
t 162 578 577
t 162 579 578
t 162 163 579
t 163 580 579
t 163 581 580
t 163 164 581
t 164 582 581
t 164 583 582
t 164 165 583
t 165 584 583
t 165 585 584
t 165 166 585
t 166 586 585
t 166 541 586
t 166 167 541
t 167 168 541
t 168 169 541
t 169 170 541
t 170 171 541
t 171 0 541
t 141 540 140
t 140 540 139
t 139 540 138
t 138 540 137
t 137 540 136
t 136 540 135
t 135 540 134
t 134 540 133
t 133 540 132
t 132 540 131
t 131 540 130
t 130 540 129
t 129 540 128
t 128 540 127
t 127 540 126
t 126 540 125
t 125 540 124
t 124 540 542
t 0 1 541
t 1 2 541
t 2 3 541
t 3 4 541
t 4 5 541
t 5 6 541
t 6 7 541
t 7 8 541
t 8 9 541
t 9 10 541
t 10 11 541
t 11 12 541
t 12 13 541
t 13 14 541
t 14 15 541
t 15 16 541
t 16 17 541
t 17 18 541
t 18 543 541
t 540 548 542
t 548 587 542
t 548 549 587
t 549 588 587
t 549 550 588
t 550 589 588
t 550 551 589
t 551 590 589
t 551 552 590
t 552 591 590
t 552 553 591
t 553 592 591
t 553 554 592
t 554 593 592
t 554 555 593
t 555 594 593
t 555 556 594
t 556 595 594
t 556 557 595
t 557 596 595
t 557 558 596
t 558 597 596
t 558 559 597
t 559 598 597
t 559 560 598
t 560 599 598
t 560 561 599
t 561 600 599
t 561 562 600
t 562 601 600
t 562 563 601
t 563 602 601
t 563 564 602
t 564 603 602
t 564 565 603
t 565 604 603
t 565 566 604
t 566 605 604
t 566 567 605
t 567 606 605
t 567 568 606
t 568 607 606
t 568 569 607
t 569 608 607
t 569 570 608
t 570 609 608
t 570 571 609
t 571 610 609
t 571 572 610
t 572 611 610
t 572 573 611
t 573 612 611
t 573 574 612
t 574 613 612
t 574 575 613
t 575 614 613
t 575 576 614
t 576 615 614
t 576 577 615
t 577 616 615
t 577 578 616
t 578 617 616
t 578 579 617
t 579 618 617
t 579 580 618
t 580 619 618
t 580 581 619
t 581 620 619
t 581 582 620
t 582 621 620
t 582 583 621
t 583 622 621
t 583 584 622
t 584 623 622
t 584 585 623
t 585 624 623
t 585 586 624
t 586 625 624
t 586 541 625
t 541 543 625
t 124 542 123
t 123 542 122
t 122 542 121
t 121 542 120
t 120 542 119
t 119 542 118
t 118 542 117
t 117 542 116
t 116 542 115
t 115 542 114
t 114 542 113
t 113 542 112
t 112 542 111
t 111 542 110
t 110 542 109
t 109 542 544
t 18 19 543
t 19 20 543
t 20 21 543
t 21 22 543
t 22 23 543
t 23 24 543
t 24 25 543
t 25 26 543
t 26 27 543
t 27 28 543
t 28 29 543
t 29 30 543
t 30 31 543
t 31 32 543
t 32 545 543
t 542 587 544
t 587 626 544
t 587 588 626
t 588 627 626
t 588 589 627
t 589 628 627
t 589 590 628
t 590 629 628
t 590 591 629
t 591 630 629
t 591 592 630
t 592 631 630
t 592 593 631
t 593 632 631
t 593 594 632
t 594 633 632
t 594 595 633
t 595 634 633
t 595 596 634
t 596 635 634
t 596 597 635
t 597 636 635
t 597 598 636
t 598 637 636
t 598 599 637
t 599 638 637
t 599 600 638
t 600 639 638
t 600 601 639
t 601 640 639
t 601 602 640
t 602 641 640
t 602 603 641
t 603 642 641
t 603 604 642
t 604 643 642
t 604 605 643
t 605 644 643
t 605 606 644
t 606 645 644
t 606 607 645
t 607 646 645
t 607 608 646
t 608 647 646
t 608 609 647
t 609 648 647
t 609 610 648
t 610 649 648
t 610 611 649
t 611 650 649
t 611 612 650
t 612 651 650
t 612 613 651
t 613 652 651
t 613 614 652
t 614 653 652
t 614 615 653
t 615 654 653
t 615 616 654
t 616 655 654
t 616 617 655
t 617 656 655
t 617 618 656
t 618 657 656
t 618 619 657
t 619 658 657
t 619 620 658
t 620 659 658
t 620 621 659
t 621 660 659
t 621 622 660
t 622 661 660
t 622 623 661
t 623 662 661
t 623 624 662
t 624 663 662
t 624 625 663
t 625 664 663
t 625 543 664
t 543 545 664
t 109 544 108
t 108 544 107
t 107 544 106
t 106 544 105
t 105 544 104
t 104 544 103
t 103 544 102
t 102 544 101
t 101 544 100
t 100 544 99
t 99 544 98
t 98 544 97
t 97 544 546
t 32 33 545
t 33 34 545
t 34 35 545
t 35 36 545
t 36 37 545
t 37 38 545
t 38 39 545
t 39 40 545
t 40 41 545
t 41 42 545
t 42 43 545
t 43 44 545
t 44 547 545
t 544 626 546
t 626 665 546
t 626 627 665
t 627 666 665
t 627 628 666
t 628 667 666
t 628 629 667
t 629 668 667
t 629 630 668
t 630 669 668
t 630 631 669
t 631 670 669
t 631 632 670
t 632 671 670
t 632 633 671
t 633 672 671
t 633 634 672
t 634 673 672
t 634 635 673
t 635 674 673
t 635 636 674
t 636 675 674
t 636 637 675
t 637 676 675
t 637 638 676
t 638 677 676
t 638 639 677
t 639 678 677
t 639 640 678
t 640 679 678
t 640 641 679
t 641 680 679
t 641 642 680
t 642 681 680
t 642 643 681
t 643 682 681
t 643 644 682
t 644 683 682
t 644 645 683
t 645 684 683
t 645 646 684
t 646 685 684
t 646 647 685
t 647 686 685
t 647 648 686
t 648 687 686
t 648 649 687
t 649 688 687
t 649 650 688
t 650 689 688
t 650 651 689
t 651 690 689
t 651 652 690
t 652 691 690
t 652 653 691
t 653 692 691
t 653 654 692
t 654 693 692
t 654 655 693
t 655 694 693
t 655 656 694
t 656 695 694
t 656 657 695
t 657 696 695
t 657 658 696
t 658 697 696
t 658 659 697
t 659 698 697
t 659 660 698
t 660 699 698
t 660 661 699
t 661 700 699
t 661 662 700
t 662 701 700
t 662 663 701
t 663 702 701
t 663 664 702
t 664 703 702
t 664 545 703
t 545 704 703
t 545 547 704
t 97 546 96
t 96 546 95
t 95 546 94
t 94 546 93
t 93 546 92
t 92 546 91
t 91 546 90
t 90 546 89
t 89 546 88
t 88 546 87
t 87 546 86
t 44 45 547
t 45 46 547
t 46 47 547
t 47 48 547
t 48 49 547
t 49 50 547
t 50 51 547
t 51 52 547
t 52 53 547
t 53 54 547
t 54 55 547
t 546 85 86
t 546 84 85
t 546 83 84
t 546 82 83
t 546 81 82
t 546 665 81
t 665 666 81
t 666 80 81
t 666 667 80
t 667 668 80
t 668 79 80
t 668 669 79
t 669 670 79
t 670 78 79
t 670 671 78
t 671 672 78
t 672 77 78
t 672 673 77
t 673 674 77
t 674 76 77
t 674 675 76
t 675 676 76
t 676 75 76
t 676 677 75
t 677 678 75
t 678 74 75
t 678 679 74
t 679 680 74
t 680 73 74
t 680 681 73
t 681 682 73
t 682 72 73
t 682 683 72
t 683 684 72
t 684 71 72
t 684 685 71
t 685 686 71
t 686 70 71
t 686 687 70
t 687 688 70
t 688 69 70
t 688 689 69
t 689 690 69
t 690 68 69
t 690 691 68
t 691 692 68
t 692 67 68
t 692 693 67
t 693 694 67
t 694 66 67
t 694 695 66
t 695 696 66
t 696 65 66
t 696 697 65
t 697 698 65
t 698 64 65
t 698 699 64
t 699 700 64
t 700 63 64
t 700 701 63
t 701 702 63
t 702 62 63
t 702 703 62
t 703 704 62
t 704 61 62
t 704 547 61
t 547 60 61
t 547 59 60
t 547 58 59
t 547 57 58
t 547 56 57
t 547 55 56
