type=Nurbs forward=false n_boundary=220 n_holes=0 n_interior=61 n_tris=2792 label=brep62542_f121_Nurbs(deg=3/3, cps=7x13)
boundary
b 0.999999999 0.000002333
b 0.999999998 0.018184064
b 0.999999998 0.036365623
b 0.999999997 0.054547064
b 0.999999998 0.072728437
b 0.999999999 0.090909798
b 0.999999999 0.109091199
b 1.000000000 0.127272694
b 1.000000000 0.145454317
b 1.000000000 0.163636052
b 1.000000000 0.181817871
b 1.000000000 0.199999748
b 1.000000000 0.218181658
b 1.000000000 0.236363574
b 1.000000000 0.254545471
b 1.000000000 0.272727336
b 1.000000000 0.290909173
b 1.000000000 0.309090989
b 1.000000000 0.327272790
b 1.000000000 0.345454584
b 1.000000000 0.363636377
b 1.000000000 0.381818175
b 1.000000000 0.399999981
b 1.000000000 0.418181794
b 1.000000000 0.436363613
b 1.000000000 0.454545435
b 1.000000000 0.472727260
b 1.000000000 0.490909086
b 1.000000000 0.509090914
b 1.000000000 0.527272740
b 1.000000000 0.545454565
b 1.000000000 0.563636388
b 1.000000000 0.581818206
b 1.000000000 0.600000019
b 1.000000000 0.618181825
b 1.000000000 0.636363623
b 1.000000000 0.654545415
b 1.000000000 0.672727208
b 1.000000000 0.690909009
b 1.000000000 0.709090825
b 1.000000000 0.727272662
b 1.000000000 0.745454528
b 1.000000000 0.763636428
b 1.000000000 0.781818346
b 1.000000000 0.800000258
b 1.000000000 0.818182136
b 1.000000001 0.836363955
b 1.000000000 0.854545688
b 1.000000000 0.872727307
b 0.999999999 0.890908795
b 0.999999999 0.909090186
b 0.999999998 0.927271537
b 0.999999997 0.945452900
b 0.999999998 0.963634333
b 0.999999998 0.981815887
b 1.000000000 0.999997616
b 0.981818575 0.999997543
b 0.963637150 0.999997333
b 0.945455724 0.999997002
b 0.927274298 0.999996568
b 0.909092869 0.999996048
b 0.890911437 0.999995458
b 0.872730003 0.999994816
b 0.854548566 0.999994138
b 0.836367126 0.999993441
b 0.818185683 0.999992744
b 0.800004238 0.999992061
b 0.781822791 0.999991412
b 0.763641343 0.999990815
b 0.745459894 0.999990286
b 0.727278445 0.999989844
b 0.709096997 0.999989509
b 0.690915550 0.999989299
b 0.672734107 0.999989234
b 0.654552667 0.999989334
b 0.636371232 0.999989619
b 0.618189803 0.999990113
b 0.600008381 0.999990836
b 0.581826967 0.999991812
b 0.563645563 0.999993065
b 0.545464169 0.999994619
b 0.527282787 0.999996501
b 0.509101417 0.999998738
b 0.490920061 1.000001357
b 0.472738717 1.000004361
b 0.454557386 1.000007729
b 0.436376065 1.000011437
b 0.418194753 1.000015463
b 0.400013448 1.000019782
b 0.381832147 1.000024372
b 0.363650849 1.000029206
b 0.345469552 1.000034260
b 0.327288251 1.000039509
b 0.309106946 1.000044926
b 0.290925632 1.000050483
b 0.272744308 1.000056152
b 0.254562970 1.000061904
b 0.236381615 1.000067706
b 0.218200241 1.000073527
b 0.200018844 1.000079333
b 0.181837423 1.000085088
b 0.163655974 1.000090753
b 0.145474496 1.000096289
b 0.127292986 1.000101652
b 0.109111443 1.000106798
b 0.090929866 1.000111677
b 0.072748253 1.000116236
b 0.054566606 1.000120419
b 0.036384924 1.000124166
b 0.018203209 1.000127411
b 0.000021463 1.000130082
b 0.000019573 0.981945642
b 0.000016090 0.963751132
b 0.000011700 0.945549049
b 0.000007013 0.927342207
b 0.000002559 0.909133706
b -0.000001214 0.890926871
b -0.000003932 0.872725193
b -0.000005439 0.854531084
b -0.000005992 0.836343727
b -0.000005888 0.818161687
b -0.000005385 0.799983462
b -0.000004709 0.781807486
b -0.000004050 0.763632129
b -0.000003562 0.745455701
b -0.000003308 0.727277138
b -0.000003231 0.709096681
b -0.000003271 0.690914751
b -0.000003374 0.672731789
b -0.000003498 0.654548253
b -0.000003609 0.636364614
b -0.000003684 0.618181346
b -0.000003717 0.599998687
b -0.000003721 0.581816543
b -0.000003710 0.563634794
b -0.000003692 0.545453317
b -0.000003674 0.527271988
b -0.000003663 0.509090682
b -0.000003661 0.490909280
b -0.000003667 0.472727729
b -0.000003676 0.454546043
b -0.000003685 0.436364239
b -0.000003689 0.418182334
b -0.000003685 0.400000344
b -0.000003670 0.381818286
b -0.000003641 0.363636178
b -0.000003602 0.345454060
b -0.000003562 0.327271991
b -0.000003533 0.309090026
b -0.000003526 0.290908220
b -0.000003554 0.272726625
b -0.000003632 0.254545288
b -0.000003771 0.236364236
b -0.000003949 0.218183319
b -0.000004123 0.200002306
b -0.000004243 0.181820974
b -0.000004257 0.163639113
b -0.000004107 0.145456523
b -0.000003728 0.127273013
b -0.000003070 0.109088477
b -0.000002184 0.090903252
b -0.000001168 0.072717815
b -0.000000129 0.054532620
b 0.000000815 0.036348083
b 0.000001533 0.018164583
b 0.000001884 -0.000017552
b 0.018183709 -0.000017190
b 0.036365531 -0.000016756
b 0.054547347 -0.000016259
b 0.072729159 -0.000015707
b 0.090910966 -0.000015107
b 0.109092768 -0.000014467
b 0.127274566 -0.000013792
b 0.145456360 -0.000013089
b 0.163638149 -0.000012363
b 0.181819934 -0.000011620
b 0.200001717 -0.000010864
b 0.218183496 -0.000010100
b 0.236365272 -0.000009332
b 0.254547046 -0.000008565
b 0.272728818 -0.000007802
b 0.290910588 -0.000007047
b 0.309092357 -0.000006304
b 0.327274125 -0.000005575
b 0.345455893 -0.000004866
b 0.363637661 -0.000004177
b 0.381819429 -0.000003514
b 0.400001197 -0.000002878
b 0.418182967 -0.000002272
b 0.436364737 -0.000001700
b 0.454546509 -0.000001164
b 0.472728282 -0.000000667
b 0.490910057 -0.000000211
b 0.509091833 0.000000200
b 0.527273612 0.000000567
b 0.545455392 0.000000893
b 0.563637173 0.000001181
b 0.581818956 0.000001433
b 0.600000740 0.000001653
b 0.618182525 0.000001841
b 0.636364310 0.000002001
b 0.654546096 0.000002136
b 0.672727883 0.000002247
b 0.690909669 0.000002336
b 0.709091456 0.000002405
b 0.727273243 0.000002457
b 0.745455029 0.000002493
b 0.763636816 0.000002516
b 0.781818602 0.000002526
b 0.800000388 0.000002526
b 0.818182173 0.000002518
b 0.836363957 0.000002503
b 0.854545741 0.000002483
b 0.872727525 0.000002460
b 0.890909308 0.000002434
b 0.909091091 0.000002409
b 0.927272873 0.000002385
b 0.945454655 0.000002363
b 0.963636436 0.000002347
b 0.981818218 0.000002336
interior
i 0.124994757 0.125000902
i 0.249995506 0.125000902
i 0.374996255 0.125000902
i 0.499997004 0.125000902
i 0.624997753 0.125000902
i 0.749998502 0.125000902
i 0.874999251 0.125000902
i 0.124994757 0.250019357
i 0.249995506 0.250019357
i 0.374996255 0.250019357
i 0.499997004 0.250019357
i 0.624997753 0.250019357
i 0.749998502 0.250019357
i 0.874999251 0.250019357
i 0.124994757 0.375037811
i 0.249995506 0.375037811
i 0.374996255 0.375037811
i 0.499997004 0.375037811
i 0.624997753 0.375037811
i 0.749998502 0.375037811
i 0.874999251 0.375037811
i 0.124994757 0.500056265
i 0.249995506 0.500056265
i 0.374996255 0.500056265
i 0.499997004 0.500056265
i 0.624997753 0.500056265
i 0.749998502 0.500056265
i 0.874999251 0.500056265
i 0.124994757 0.625074720
i 0.249995506 0.625074720
i 0.374996255 0.625074720
i 0.499997004 0.625074720
i 0.624997753 0.625074720
i 0.749998502 0.625074720
i 0.874999251 0.625074720
i 0.124994757 0.750093174
i 0.249995506 0.750093174
i 0.374996255 0.750093174
i 0.499997004 0.750093174
i 0.624997753 0.750093174
i 0.749998502 0.750093174
i 0.874999251 0.750093174
i 0.124994757 0.875111628
i 0.249995506 0.875111628
i 0.374996255 0.875111628
i 0.499997004 0.875111628
i 0.624997753 0.875111628
i 0.749998502 0.875111628
i 0.874999251 0.875111628
i 0.812498877 0.312528584
i 0.812498877 0.437547038
i 0.812498877 0.562565492
i 0.812498877 0.687583947
i 0.937499626 0.062491675
i 0.937499626 0.187510130
i 0.937499626 0.312528584
i 0.937499626 0.437547038
i 0.937499626 0.562565492
i 0.937499626 0.687583947
i 0.937499626 0.812602401
i 0.937499626 0.937620855
tris
t 165 163 164
t 165 162 163
t 165 166 167
t 165 167 168
t 165 168 169
t 165 169 170
t 165 170 171
t 165 171 172
t 165 172 173
t 165 173 174
t 165 174 175
t 165 175 176
t 165 176 177
t 165 177 178
t 165 178 179
t 165 179 180
t 165 180 181
t 165 181 182
t 165 281 162
t 165 282 281
t 165 283 282
t 165 284 283
t 165 285 284
t 165 286 285
t 165 287 286
t 165 288 287
t 165 289 288
t 165 290 289
t 165 291 290
t 165 292 291
t 165 293 292
t 165 294 293
t 165 295 294
t 165 296 295
t 165 297 296
t 165 298 297
t 165 299 298
t 165 300 299
t 165 301 300
t 165 302 301
t 165 303 302
t 165 304 303
t 165 305 304
t 165 306 305
t 165 307 306
t 165 308 307
t 165 309 308
t 165 310 309
t 165 311 310
t 165 312 311
t 165 313 312
t 165 314 313
t 165 315 314
t 165 316 315
t 165 317 316
t 165 318 317
t 165 319 318
t 165 182 319
t 162 160 161
t 162 159 160
t 182 183 184
t 182 184 185
t 182 185 186
t 182 186 187
t 182 187 188
t 182 188 189
t 182 189 190
t 182 190 191
t 182 191 192
t 182 192 193
t 182 193 194
t 182 194 195
t 182 195 196
t 182 196 197
t 182 197 198
t 182 198 199
t 162 320 159
t 162 321 320
t 162 281 321
t 281 322 321
t 281 282 322
t 282 323 322
t 282 283 323
t 283 324 323
t 283 284 324
t 284 325 324
t 284 285 325
t 285 326 325
t 285 286 326
t 286 327 326
t 286 287 327
t 287 328 327
t 287 288 328
t 288 329 328
t 288 289 329
t 289 330 329
t 289 290 330
t 290 331 330
t 290 291 331
t 291 332 331
t 291 292 332
t 292 333 332
t 292 293 333
t 293 334 333
t 293 294 334
t 294 335 334
t 294 295 335
t 295 336 335
t 295 296 336
t 296 337 336
t 296 297 337
t 297 338 337
t 297 298 338
t 298 339 338
t 298 299 339
t 299 340 339
t 299 300 340
t 300 341 340
t 300 301 341
t 301 342 341
t 301 302 342
t 302 343 342
t 302 303 343
t 303 344 343
t 303 304 344
t 304 345 344
t 304 305 345
t 305 346 345
t 305 306 346
t 306 347 346
t 306 307 347
t 307 348 347
t 307 308 348
t 308 349 348
t 308 309 349
t 309 350 349
t 309 310 350
t 310 351 350
t 310 311 351
t 311 352 351
t 311 312 352
t 312 353 352
t 312 313 353
t 313 354 353
t 313 314 354
t 314 355 354
t 314 315 355
t 315 356 355
t 315 316 356
t 316 357 356
t 316 317 357
t 317 358 357
t 317 318 358
t 318 359 358
t 318 319 359
t 319 360 359
t 319 182 360
t 182 361 360
t 182 362 361
t 182 363 362
t 182 364 363
t 182 365 364
t 182 366 365
t 182 367 366
t 182 368 367
t 182 369 368
t 182 370 369
t 182 371 370
t 182 372 371
t 182 373 372
t 182 374 373
t 182 375 374
t 182 376 375
t 182 377 376
t 182 378 377
t 182 379 378
t 182 380 379
t 182 381 380
t 182 382 381
t 182 383 382
t 182 384 383
t 182 385 384
t 182 386 385
t 182 387 386
t 182 388 387
t 182 389 388
t 182 390 389
t 182 391 390
t 182 392 391
t 182 393 392
t 182 394 393
t 182 199 394
t 159 157 158
t 159 156 157
t 199 200 201
t 199 201 202
t 199 202 203
t 199 203 204
t 199 204 205
t 199 205 206
t 199 206 207
t 199 207 208
t 199 208 209
t 199 209 210
t 199 210 211
t 199 211 212
t 199 212 213
t 199 213 214
t 199 214 215
t 199 215 216
t 159 395 156
t 159 320 395
t 320 396 395
t 320 321 396
t 321 397 396
t 321 322 397
t 322 398 397
t 322 323 398
t 323 399 398
t 323 324 399
t 324 400 399
t 324 325 400
t 325 401 400
t 325 326 401
t 326 402 401
t 326 327 402
t 327 403 402
t 327 328 403
t 328 404 403
t 328 329 404
t 329 405 404
t 329 330 405
t 330 406 405
t 330 331 406
t 331 407 406
t 331 332 407
t 332 408 407
t 332 333 408
t 333 409 408
t 333 334 409
t 334 410 409
t 334 335 410
t 335 411 410
t 335 336 411
t 336 412 411
t 336 337 412
t 337 413 412
t 337 338 413
t 338 414 413
t 338 339 414
t 339 415 414
t 339 340 415
t 340 416 415
t 340 341 416
t 341 417 416
t 341 342 417
t 342 418 417
t 342 343 418
t 343 419 418
t 343 344 419
t 344 420 419
t 344 345 420
t 345 421 420
t 345 346 421
t 346 422 421
t 346 347 422
t 347 423 422
t 347 348 423
t 348 424 423
t 348 349 424
t 349 425 424
t 349 350 425
t 350 426 425
t 350 351 426
t 351 427 426
t 351 352 427
t 352 428 427
t 352 353 428
t 353 429 428
t 353 354 429
t 354 430 429
t 354 355 430
t 355 431 430
t 355 356 431
t 356 432 431
t 356 357 432
t 357 433 432
t 357 358 433
t 358 434 433
t 358 359 434
t 359 435 434
t 359 360 435
t 360 436 435
t 360 361 436
t 361 437 436
t 361 362 437
t 362 438 437
t 362 363 438
t 363 439 438
t 363 364 439
t 364 440 439
t 364 365 440
t 365 441 440
t 365 366 441
t 366 442 441
t 366 367 442
t 367 443 442
t 367 368 443
t 368 444 443
t 368 369 444
t 369 445 444
t 369 370 445
t 370 446 445
t 370 371 446
t 371 447 446
t 371 372 447
t 372 448 447
t 372 373 448
t 373 449 448
t 373 374 449
t 374 450 449
t 374 375 450
t 375 451 450
t 375 376 451
t 376 452 451
t 376 377 452
t 377 453 452
t 377 378 453
t 378 454 453
t 378 379 454
t 379 455 454
t 379 380 455
t 380 456 455
t 380 381 456
t 381 457 456
t 381 382 457
t 382 458 457
t 382 383 458
t 383 459 458
t 383 384 459
t 384 460 459
t 384 385 460
t 385 461 460
t 385 386 461
t 386 462 461
t 386 387 462
t 387 463 462
t 387 388 463
t 388 464 463
t 388 389 464
t 389 465 464
t 389 390 465
t 390 466 465
t 390 391 466
t 391 467 466
t 391 392 467
t 392 468 467
t 392 393 468
t 393 469 468
t 393 394 469
t 394 470 469
t 394 199 470
t 199 471 470
t 199 472 471
t 199 473 472
t 199 474 473
t 199 475 474
t 199 476 475
t 199 477 476
t 199 478 477
t 199 479 478
t 199 480 479
t 199 481 480
t 199 482 481
t 199 483 482
t 199 484 483
t 199 485 484
t 199 486 485
t 199 487 486
t 199 488 487
t 199 489 488
t 199 490 489
t 199 491 490
t 199 492 491
t 199 493 492
t 199 494 493
t 199 495 494
t 199 496 495
t 199 497 496
t 199 498 497
t 199 499 498
t 199 500 499
t 199 501 500
t 199 502 501
t 199 503 502
t 199 504 503
t 199 216 504
t 156 154 155
t 216 217 218
t 216 218 219
t 216 219 0
t 216 0 1
t 216 1 2
t 216 2 3
t 216 3 4
t 156 395 154
t 395 505 154
t 395 396 505
t 396 506 505
t 396 397 506
t 397 507 506
t 397 398 507
t 398 508 507
t 398 399 508
t 399 509 508
t 399 400 509
t 400 510 509
t 400 401 510
t 401 511 510
t 401 402 511
t 402 512 511
t 402 403 512
t 403 513 512
t 403 404 513
t 404 514 513
t 404 405 514
t 405 515 514
t 405 406 515
t 406 516 515
t 406 407 516
t 407 517 516
t 407 408 517
t 408 518 517
t 408 409 518
t 409 519 518
t 409 410 519
t 410 520 519
t 410 411 520
t 411 521 520
t 411 412 521
t 412 522 521
t 412 413 522
t 413 523 522
t 413 414 523
t 414 524 523
t 414 415 524
t 415 525 524
t 415 416 525
t 416 526 525
t 416 417 526
t 417 527 526
t 417 418 527
t 418 528 527
t 418 419 528
t 419 529 528
t 419 420 529
t 420 530 529
t 420 421 530
t 421 531 530
t 421 422 531
t 422 532 531
t 422 423 532
t 423 533 532
t 423 424 533
t 424 534 533
t 424 425 534
t 425 535 534
t 425 426 535
t 426 536 535
t 426 427 536
t 427 537 536
t 427 428 537
t 428 538 537
t 428 429 538
t 429 539 538
t 429 430 539
t 430 540 539
t 430 431 540
t 431 541 540
t 431 432 541
t 432 542 541
t 432 433 542
t 433 543 542
t 433 434 543
t 434 544 543
t 434 435 544
t 435 545 544
t 435 436 545
t 436 546 545
t 436 437 546
t 437 547 546
t 437 438 547
t 438 548 547
t 438 439 548
t 439 549 548
t 439 440 549
t 440 550 549
t 440 441 550
t 441 551 550
t 441 442 551
t 442 552 551
t 442 443 552
t 443 553 552
t 443 444 553
t 444 554 553
t 444 445 554
t 445 555 554
t 445 446 555
t 446 556 555
t 446 447 556
t 447 557 556
t 447 448 557
t 448 558 557
t 448 449 558
t 449 559 558
t 449 450 559
t 450 560 559
t 450 451 560
t 451 561 560
t 451 452 561
t 452 562 561
t 452 453 562
t 453 563 562
t 453 454 563
t 454 564 563
t 454 455 564
t 455 565 564
t 455 456 565
t 456 566 565
t 456 457 566
t 457 567 566
t 457 458 567
t 458 568 567
t 458 459 568
t 459 569 568
t 459 460 569
t 460 570 569
t 460 461 570
t 461 571 570
t 461 462 571
t 462 572 571
t 462 463 572
t 463 573 572
t 463 464 573
t 464 574 573
t 464 465 574
t 465 575 574
t 465 466 575
t 466 576 575
t 466 467 576
t 467 577 576
t 467 468 577
t 468 578 577
t 468 469 578
t 469 579 578
t 469 470 579
t 470 580 579
t 470 471 580
t 471 581 580
t 471 472 581
t 472 582 581
t 472 473 582
t 473 583 582
t 473 474 583
t 474 584 583
t 474 475 584
t 475 585 584
t 475 476 585
t 476 586 585
t 476 477 586
t 477 587 586
t 477 478 587
t 478 588 587
t 478 479 588
t 479 589 588
t 479 480 589
t 480 590 589
t 480 481 590
t 481 591 590
t 481 482 591
t 482 592 591
t 482 483 592
t 483 593 592
t 483 484 593
t 484 594 593
t 484 485 594
t 485 595 594
t 485 486 595
t 486 596 595
t 486 487 596
t 487 597 596
t 487 488 597
t 488 598 597
t 488 489 598
t 489 599 598
t 489 490 599
t 490 600 599
t 490 491 600
t 491 601 600
t 491 492 601
t 492 602 601
t 492 493 602
t 493 603 602
t 493 494 603
t 494 604 603
t 494 495 604
t 495 605 604
t 495 496 605
t 496 606 605
t 496 497 606
t 497 607 606
t 497 498 607
t 498 608 607
t 498 499 608
t 499 609 608
t 499 500 609
t 500 610 609
t 500 501 610
t 501 611 610
t 501 502 611
t 502 612 611
t 502 503 612
t 503 613 612
t 503 504 613
t 504 614 613
t 504 216 614
t 216 615 614
t 216 616 615
t 216 617 616
t 216 618 617
t 216 619 618
t 216 620 619
t 216 4 620
t 154 152 153
t 4 5 6
t 4 6 7
t 4 7 8
t 4 8 9
t 4 9 10
t 4 10 11
t 4 11 12
t 4 12 13
t 154 505 152
t 505 621 152
t 505 506 621
t 506 622 621
t 506 507 622
t 507 623 622
t 507 508 623
t 508 624 623
t 508 509 624
t 509 625 624
t 509 510 625
t 510 626 625
t 510 511 626
t 511 627 626
t 511 512 627
t 512 628 627
t 512 513 628
t 513 629 628
t 513 514 629
t 514 630 629
t 514 515 630
t 515 631 630
t 515 516 631
t 516 632 631
t 516 517 632
t 517 633 632
t 517 518 633
t 518 634 633
t 518 519 634
t 519 635 634
t 519 520 635
t 520 636 635
t 520 521 636
t 521 637 636
t 521 522 637
t 522 638 637
t 522 523 638
t 523 639 638
t 523 524 639
t 524 640 639
t 524 525 640
t 525 641 640
t 525 526 641
t 526 642 641
t 526 527 642
t 527 643 642
t 527 528 643
t 528 644 643
t 528 529 644
t 529 645 644
t 529 530 645
t 530 646 645
t 530 531 646
t 531 647 646
t 531 532 647
t 532 648 647
t 532 533 648
t 533 649 648
t 533 534 649
t 534 650 649
t 534 535 650
t 535 651 650
t 535 536 651
t 536 652 651
t 536 537 652
t 537 653 652
t 537 538 653
t 538 654 653
t 538 539 654
t 539 655 654
t 539 540 655
t 540 656 655
t 540 541 656
t 541 657 656
t 541 542 657
t 542 658 657
t 542 543 658
t 543 659 658
t 543 544 659
t 544 660 659
t 544 545 660
t 545 661 660
t 545 546 661
t 546 662 661
t 546 547 662
t 547 663 662
t 547 548 663
t 548 664 663
t 548 549 664
t 549 665 664
t 549 550 665
t 550 666 665
t 550 551 666
t 551 667 666
t 551 552 667
t 552 668 667
t 552 553 668
t 553 669 668
t 553 554 669
t 554 670 669
t 554 555 670
t 555 671 670
t 555 556 671
t 556 672 671
t 556 557 672
t 557 673 672
t 557 558 673
t 558 674 673
t 558 559 674
t 559 675 674
t 559 560 675
t 560 676 675
t 560 561 676
t 561 677 676
t 561 562 677
t 562 678 677
t 562 563 678
t 563 679 678
t 563 564 679
t 564 680 679
t 564 565 680
t 565 681 680
t 565 566 681
t 566 682 681
t 566 567 682
t 567 683 682
t 567 568 683
t 568 684 683
t 568 569 684
t 569 685 684
t 569 570 685
t 570 686 685
t 570 571 686
t 571 687 686
t 571 572 687
t 572 688 687
t 572 573 688
t 573 689 688
t 573 574 689
t 574 690 689
t 574 575 690
t 575 691 690
t 575 576 691
t 576 692 691
t 576 577 692
t 577 693 692
t 577 578 693
t 578 694 693
t 578 579 694
t 579 695 694
t 579 580 695
t 580 696 695
t 580 581 696
t 581 697 696
t 581 582 697
t 582 698 697
t 582 583 698
t 583 699 698
t 583 584 699
t 584 700 699
t 584 585 700
t 585 701 700
t 585 586 701
t 586 702 701
t 586 587 702
t 587 703 702
t 587 588 703
t 588 704 703
t 588 589 704
t 589 705 704
t 589 590 705
t 590 706 705
t 590 591 706
t 591 707 706
t 591 592 707
t 592 708 707
t 592 593 708
t 593 709 708
t 593 594 709
t 594 710 709
t 594 595 710
t 595 711 710
t 595 596 711
t 596 712 711
t 596 597 712
t 597 713 712
t 597 598 713
t 598 714 713
t 598 599 714
t 599 715 714
t 599 600 715
t 600 716 715
t 600 601 716
t 601 717 716
t 601 602 717
t 602 718 717
t 602 603 718
t 603 719 718
t 603 604 719
t 604 720 719
t 604 605 720
t 605 721 720
t 605 606 721
t 606 722 721
t 606 607 722
t 607 723 722
t 607 608 723
t 608 724 723
t 608 609 724
t 609 725 724
t 609 610 725
t 610 726 725
t 610 611 726
t 611 727 726
t 611 612 727
t 612 728 727
t 612 613 728
t 613 729 728
t 613 614 729
t 614 730 729
t 614 615 730
t 615 731 730
t 615 616 731
t 616 732 731
t 616 617 732
t 617 733 732
t 617 618 733
t 618 734 733
t 618 619 734
t 619 735 734
t 619 620 735
t 620 736 735
t 620 4 736
t 4 13 736
t 152 150 151
t 152 149 150
t 152 148 149
t 152 147 148
t 152 146 147
t 152 145 146
t 13 14 15
t 13 15 16
t 13 16 17
t 13 17 18
t 13 18 19
t 13 19 20
t 152 621 145
t 621 737 145
t 621 622 737
t 622 738 737
t 622 623 738
t 623 739 738
t 623 624 739
t 624 740 739
t 624 625 740
t 625 741 740
t 625 626 741
t 626 742 741
t 626 627 742
t 627 743 742
t 627 628 743
t 628 744 743
t 628 629 744
t 629 745 744
t 629 630 745
t 630 746 745
t 630 631 746
t 631 747 746
t 631 632 747
t 632 748 747
t 632 633 748
t 633 749 748
t 633 634 749
t 634 750 749
t 634 635 750
t 635 751 750
t 635 636 751
t 636 752 751
t 636 637 752
t 637 753 752
t 637 638 753
t 638 754 753
t 638 639 754
t 639 755 754
t 639 640 755
t 640 756 755
t 640 641 756
t 641 757 756
t 641 642 757
t 642 758 757
t 642 643 758
t 643 759 758
t 643 644 759
t 644 760 759
t 644 645 760
t 645 761 760
t 645 646 761
t 646 762 761
t 646 647 762
t 647 763 762
t 647 648 763
t 648 764 763
t 648 649 764
t 649 765 764
t 649 650 765
t 650 766 765
t 650 651 766
t 651 767 766
t 651 652 767
t 652 768 767
t 652 653 768
t 653 769 768
t 653 654 769
t 654 770 769
t 654 655 770
t 655 771 770
t 655 656 771
t 656 772 771
t 656 657 772
t 657 773 772
t 657 658 773
t 658 774 773
t 658 659 774
t 659 775 774
t 659 660 775
t 660 776 775
t 660 661 776
t 661 777 776
t 661 662 777
t 662 778 777
t 662 663 778
t 663 779 778
t 663 664 779
t 664 780 779
t 664 665 780
t 665 781 780
t 665 666 781
t 666 782 781
t 666 667 782
t 667 783 782
t 667 668 783
t 668 784 783
t 668 669 784
t 669 785 784
t 669 670 785
t 670 786 785
t 670 671 786
t 671 787 786
t 671 672 787
t 672 788 787
t 672 673 788
t 673 789 788
t 673 674 789
t 674 790 789
t 674 675 790
t 675 791 790
t 675 676 791
t 676 792 791
t 676 677 792
t 677 793 792
t 677 678 793
t 678 794 793
t 678 679 794
t 679 795 794
t 679 680 795
t 680 796 795
t 680 681 796
t 681 797 796
t 681 682 797
t 682 798 797
t 682 683 798
t 683 799 798
t 683 684 799
t 684 800 799
t 684 685 800
t 685 801 800
t 685 686 801
t 686 802 801
t 686 687 802
t 687 803 802
t 687 688 803
t 688 804 803
t 688 689 804
t 689 805 804
t 689 690 805
t 690 806 805
t 690 691 806
t 691 807 806
t 691 692 807
t 692 808 807
t 692 693 808
t 693 809 808
t 693 694 809
t 694 810 809
t 694 695 810
t 695 811 810
t 695 696 811
t 696 812 811
t 696 697 812
t 697 813 812
t 697 698 813
t 698 814 813
t 698 699 814
t 699 815 814
t 699 700 815
t 700 816 815
t 700 701 816
t 701 817 816
t 701 702 817
t 702 818 817
t 702 703 818
t 703 819 818
t 703 704 819
t 704 820 819
t 704 705 820
t 705 821 820
t 705 706 821
t 706 822 821
t 706 707 822
t 707 823 822
t 707 708 823
t 708 824 823
t 708 709 824
t 709 825 824
t 709 710 825
t 710 826 825
t 710 711 826
t 711 827 826
t 711 712 827
t 712 828 827
t 712 713 828
t 713 829 828
t 713 714 829
t 714 830 829
t 714 715 830
t 715 831 830
t 715 716 831
t 716 832 831
t 716 717 832
t 717 833 832
t 717 718 833
t 718 834 833
t 718 719 834
t 719 835 834
t 719 720 835
t 720 836 835
t 720 721 836
t 721 837 836
t 721 722 837
t 722 838 837
t 722 723 838
t 723 839 838
t 723 724 839
t 724 840 839
t 724 725 840
t 725 841 840
t 725 726 841
t 726 842 841
t 726 727 842
t 727 843 842
t 727 728 843
t 728 844 843
t 728 729 844
t 729 845 844
t 729 730 845
t 730 846 845
t 730 731 846
t 731 847 846
t 731 732 847
t 732 848 847
t 732 733 848
t 733 849 848
t 733 734 849
t 734 850 849
t 734 735 850
t 735 851 850
t 735 736 851
t 736 852 851
t 736 13 852
t 13 20 852
t 145 143 144
t 145 142 143
t 145 141 142
t 145 140 141
t 145 139 140
t 145 138 139
t 20 21 22
t 20 22 23
t 20 23 24
t 20 24 25
t 20 25 26
t 20 26 27
t 145 737 138
t 737 853 138
t 737 738 853
t 738 854 853
t 738 739 854
t 739 855 854
t 739 740 855
t 740 856 855
t 740 741 856
t 741 857 856
t 741 742 857
t 742 858 857
t 742 743 858
t 743 859 858
t 743 744 859
t 744 860 859
t 744 745 860
t 745 861 860
t 745 746 861
t 746 862 861
t 746 747 862
t 747 863 862
t 747 748 863
t 748 864 863
t 748 749 864
t 749 865 864
t 749 750 865
t 750 866 865
t 750 751 866
t 751 867 866
t 751 752 867
t 752 868 867
t 752 753 868
t 753 869 868
t 753 754 869
t 754 870 869
t 754 755 870
t 755 871 870
t 755 756 871
t 756 872 871
t 756 757 872
t 757 873 872
t 757 758 873
t 758 874 873
t 758 759 874
t 759 875 874
t 759 760 875
t 760 876 875
t 760 761 876
t 761 877 876
t 761 762 877
t 762 878 877
t 762 763 878
t 763 879 878
t 763 764 879
t 764 880 879
t 764 765 880
t 765 881 880
t 765 766 881
t 766 882 881
t 766 767 882
t 767 883 882
t 767 768 883
t 768 884 883
t 768 769 884
t 769 885 884
t 769 770 885
t 770 886 885
t 770 771 886
t 771 887 886
t 771 772 887
t 772 888 887
t 772 773 888
t 773 889 888
t 773 774 889
t 774 890 889
t 774 775 890
t 775 891 890
t 775 776 891
t 776 892 891
t 776 777 892
t 777 893 892
t 777 778 893
t 778 894 893
t 778 779 894
t 779 895 894
t 779 780 895
t 780 896 895
t 780 781 896
t 781 897 896
t 781 782 897
t 782 898 897
t 782 783 898
t 783 899 898
t 783 784 899
t 784 900 899
t 784 785 900
t 785 901 900
t 785 786 901
t 786 902 901
t 786 787 902
t 787 903 902
t 787 788 903
t 788 904 903
t 788 789 904
t 789 905 904
t 789 790 905
t 790 906 905
t 790 791 906
t 791 907 906
t 791 792 907
t 792 908 907
t 792 793 908
t 793 909 908
t 793 794 909
t 794 910 909
t 794 795 910
t 795 911 910
t 795 796 911
t 796 912 911
t 796 797 912
t 797 913 912
t 797 798 913
t 798 914 913
t 798 799 914
t 799 915 914
t 799 800 915
t 800 916 915
t 800 801 916
t 801 917 916
t 801 802 917
t 802 918 917
t 802 803 918
t 803 919 918
t 803 804 919
t 804 920 919
t 804 805 920
t 805 921 920
t 805 806 921
t 806 922 921
t 806 807 922
t 807 923 922
t 807 808 923
t 808 924 923
t 808 809 924
t 809 925 924
t 809 810 925
t 810 926 925
t 810 811 926
t 811 927 926
t 811 812 927
t 812 928 927
t 812 813 928
t 813 929 928
t 813 814 929
t 814 930 929
t 814 815 930
t 815 931 930
t 815 816 931
t 816 932 931
t 816 817 932
t 817 933 932
t 817 818 933
t 818 934 933
t 818 819 934
t 819 935 934
t 819 820 935
t 820 936 935
t 820 821 936
t 821 937 936
t 821 822 937
t 822 938 937
t 822 823 938
t 823 939 938
t 823 824 939
t 824 940 939
t 824 825 940
t 825 941 940
t 825 826 941
t 826 942 941
t 826 827 942
t 827 943 942
t 827 828 943
t 828 944 943
t 828 829 944
t 829 945 944
t 829 830 945
t 830 946 945
t 830 831 946
t 831 947 946
t 831 832 947
t 832 948 947
t 832 833 948
t 833 949 948
t 833 834 949
t 834 950 949
t 834 835 950
t 835 951 950
t 835 836 951
t 836 952 951
t 836 837 952
t 837 953 952
t 837 838 953
t 838 954 953
t 838 839 954
t 839 955 954
t 839 840 955
t 840 956 955
t 840 841 956
t 841 957 956
t 841 842 957
t 842 958 957
t 842 843 958
t 843 959 958
t 843 844 959
t 844 960 959
t 844 845 960
t 845 961 960
t 845 846 961
t 846 962 961
t 846 847 962
t 847 963 962
t 847 848 963
t 848 964 963
t 848 849 964
t 849 965 964
t 849 850 965
t 850 966 965
t 850 851 966
t 851 967 966
t 851 852 967
t 852 968 967
t 852 27 968
t 852 20 27
t 138 136 137
t 138 135 136
t 138 134 135
t 138 133 134
t 138 132 133
t 138 131 132
t 27 28 29
t 27 29 30
t 27 30 31
t 27 31 32
t 27 32 33
t 27 33 34
t 138 853 131
t 853 969 131
t 853 854 969
t 854 970 969
t 854 855 970
t 855 971 970
t 855 856 971
t 856 972 971
t 856 857 972
t 857 973 972
t 857 858 973
t 858 974 973
t 858 859 974
t 859 975 974
t 859 860 975
t 860 976 975
t 860 861 976
t 861 977 976
t 861 862 977
t 862 978 977
t 862 863 978
t 863 979 978
t 863 864 979
t 864 980 979
t 864 865 980
t 865 981 980
t 865 866 981
t 866 982 981
t 866 867 982
t 867 983 982
t 867 868 983
t 868 984 983
t 868 869 984
t 869 985 984
t 869 870 985
t 870 986 985
t 870 871 986
t 871 987 986
t 871 872 987
t 872 988 987
t 872 873 988
t 873 989 988
t 873 874 989
t 874 990 989
t 874 875 990
t 875 991 990
t 875 876 991
t 876 992 991
t 876 877 992
t 877 993 992
t 877 878 993
t 878 994 993
t 878 879 994
t 879 995 994
t 879 880 995
t 880 996 995
t 880 881 996
t 881 997 996
t 881 882 997
t 882 998 997
t 882 883 998
t 883 999 998
t 883 884 999
t 884 1000 999
t 884 885 1000
t 885 1001 1000
t 885 886 1001
t 886 1002 1001
t 886 887 1002
t 887 1003 1002
t 887 888 1003
t 888 1004 1003
t 888 889 1004
t 889 1005 1004
t 889 890 1005
t 890 1006 1005
t 890 891 1006
t 891 1007 1006
t 891 892 1007
t 892 1008 1007
t 892 893 1008
t 893 1009 1008
t 893 894 1009
t 894 1010 1009
t 894 895 1010
t 895 1011 1010
t 895 896 1011
t 896 1012 1011
t 896 897 1012
t 897 1013 1012
t 897 898 1013
t 898 1014 1013
t 898 899 1014
t 899 1015 1014
t 899 900 1015
t 900 1016 1015
t 900 901 1016
t 901 1017 1016
t 901 902 1017
t 902 1018 1017
t 902 903 1018
t 903 1019 1018
t 903 904 1019
t 904 1020 1019
t 904 905 1020
t 905 1021 1020
t 905 906 1021
t 906 1022 1021
t 906 907 1022
t 907 1023 1022
t 907 908 1023
t 908 1024 1023
t 908 909 1024
t 909 1025 1024
t 909 910 1025
t 910 1026 1025
t 910 911 1026
t 911 1027 1026
t 911 912 1027
t 912 1028 1027
t 912 913 1028
t 913 1029 1028
t 913 914 1029
t 914 1030 1029
t 914 915 1030
t 915 1031 1030
t 915 916 1031
t 916 1032 1031
t 916 917 1032
t 917 1033 1032
t 917 918 1033
t 918 1034 1033
t 918 919 1034
t 919 1035 1034
t 919 920 1035
t 920 1036 1035
t 920 921 1036
t 921 1037 1036
t 921 922 1037
t 922 1038 1037
t 922 923 1038
t 923 1039 1038
t 923 924 1039
t 924 1040 1039
t 924 925 1040
t 925 1041 1040
t 925 926 1041
t 926 1042 1041
t 926 927 1042
t 927 1043 1042
t 927 928 1043
t 928 1044 1043
t 928 929 1044
t 929 1045 1044
t 929 930 1045
t 930 1046 1045
t 930 931 1046
t 931 1047 1046
t 931 932 1047
t 932 1048 1047
t 932 933 1048
t 933 1049 1048
t 933 934 1049
t 934 1050 1049
t 934 935 1050
t 935 1051 1050
t 935 936 1051
t 936 1052 1051
t 936 937 1052
t 937 1053 1052
t 937 938 1053
t 938 1054 1053
t 938 939 1054
t 939 1055 1054
t 939 940 1055
t 940 1056 1055
t 940 941 1056
t 941 1057 1056
t 941 942 1057
t 942 1058 1057
t 942 943 1058
t 943 1059 1058
t 943 944 1059
t 944 1060 1059
t 944 945 1060
t 945 1061 1060
t 945 946 1061
t 946 1062 1061
t 946 947 1062
t 947 1063 1062
t 947 948 1063
t 948 1064 1063
t 948 949 1064
t 949 1065 1064
t 949 950 1065
t 950 1066 1065
t 950 951 1066
t 951 1067 1066
t 951 952 1067
t 952 1068 1067
t 952 953 1068
t 953 1069 1068
t 953 954 1069
t 954 1070 1069
t 954 955 1070
t 955 1071 1070
t 955 956 1071
t 956 1072 1071
t 956 957 1072
t 957 1073 1072
t 957 958 1073
t 958 1074 1073
t 958 959 1074
t 959 1075 1074
t 959 960 1075
t 960 1076 1075
t 960 961 1076
t 961 1077 1076
t 961 962 1077
t 962 1078 1077
t 962 963 1078
t 963 1079 1078
t 963 964 1079
t 964 1080 1079
t 964 965 1080
t 965 1081 1080
t 965 966 1081
t 966 1082 1081
t 966 967 1082
t 967 1083 1082
t 967 968 1083
t 968 1084 1083
t 968 34 1084
t 968 27 34
t 131 129 130
t 131 128 129
t 131 127 128
t 131 126 127
t 131 125 126
t 131 124 125
t 34 35 36
t 34 36 37
t 34 37 38
t 34 38 39
t 34 39 40
t 34 40 41
t 131 969 124
t 969 1085 124
t 969 970 1085
t 970 1086 1085
t 970 971 1086
t 971 1087 1086
t 971 972 1087
t 972 1088 1087
t 972 973 1088
t 973 1089 1088
t 973 974 1089
t 974 1090 1089
t 974 975 1090
t 975 1091 1090
t 975 976 1091
t 976 1092 1091
t 976 977 1092
t 977 1093 1092
t 977 978 1093
t 978 1094 1093
t 978 979 1094
t 979 1095 1094
t 979 980 1095
t 980 1096 1095
t 980 981 1096
t 981 1097 1096
t 981 982 1097
t 982 1098 1097
t 982 983 1098
t 983 1099 1098
t 983 984 1099
t 984 1100 1099
t 984 985 1100
t 985 1101 1100
t 985 986 1101
t 986 1102 1101
t 986 987 1102
t 987 1103 1102
t 987 988 1103
t 988 1104 1103
t 988 989 1104
t 989 1105 1104
t 989 990 1105
t 990 1106 1105
t 990 991 1106
t 991 1107 1106
t 991 992 1107
t 992 1108 1107
t 992 993 1108
t 993 1109 1108
t 993 994 1109
t 994 1110 1109
t 994 995 1110
t 995 1111 1110
t 995 996 1111
t 996 1112 1111
t 996 997 1112
t 997 1113 1112
t 997 998 1113
t 998 1114 1113
t 998 999 1114
t 999 1115 1114
t 999 1000 1115
t 1000 1116 1115
t 1000 1001 1116
t 1001 1117 1116
t 1001 1002 1117
t 1002 1118 1117
t 1002 1003 1118
t 1003 1119 1118
t 1003 1004 1119
t 1004 1120 1119
t 1004 1005 1120
t 1005 1121 1120
t 1005 1006 1121
t 1006 1122 1121
t 1006 1007 1122
t 1007 1123 1122
t 1007 1008 1123
t 1008 1124 1123
t 1008 1009 1124
t 1009 1125 1124
t 1009 1010 1125
t 1010 1126 1125
t 1010 1011 1126
t 1011 1127 1126
t 1011 1012 1127
t 1012 1128 1127
t 1012 1013 1128
t 1013 1129 1128
t 1013 1014 1129
t 1014 1130 1129
t 1014 1015 1130
t 1015 1131 1130
t 1015 1016 1131
t 1016 1132 1131
t 1016 1017 1132
t 1017 1133 1132
t 1017 1018 1133
t 1018 1134 1133
t 1018 1019 1134
t 1019 1135 1134
t 1019 1020 1135
t 1020 1136 1135
t 1020 1021 1136
t 1021 1137 1136
t 1021 1022 1137
t 1022 1138 1137
t 1022 1023 1138
t 1023 1139 1138
t 1023 1024 1139
t 1024 1140 1139
t 1024 1025 1140
t 1025 1141 1140
t 1025 1026 1141
t 1026 1142 1141
t 1026 1027 1142
t 1027 1143 1142
t 1027 1028 1143
t 1028 1144 1143
t 1028 1029 1144
t 1029 1145 1144
t 1029 1030 1145
t 1030 1146 1145
t 1030 1031 1146
t 1031 1147 1146
t 1031 1032 1147
t 1032 1148 1147
t 1032 1033 1148
t 1033 1149 1148
t 1033 1034 1149
t 1034 1150 1149
t 1034 1035 1150
t 1035 1151 1150
t 1035 1036 1151
t 1036 1152 1151
t 1036 1037 1152
t 1037 1153 1152
t 1037 1038 1153
t 1038 1154 1153
t 1038 1039 1154
t 1039 1155 1154
t 1039 1040 1155
t 1040 1156 1155
t 1040 1041 1156
t 1041 1157 1156
t 1041 1042 1157
t 1042 1158 1157
t 1042 1043 1158
t 1043 1159 1158
t 1043 1044 1159
t 1044 1160 1159
t 1044 1045 1160
t 1045 1161 1160
t 1045 1046 1161
t 1046 1162 1161
t 1046 1047 1162
t 1047 1163 1162
t 1047 1048 1163
t 1048 1164 1163
t 1048 1049 1164
t 1049 1165 1164
t 1049 1050 1165
t 1050 1166 1165
t 1050 1051 1166
t 1051 1167 1166
t 1051 1052 1167
t 1052 1168 1167
t 1052 1053 1168
t 1053 1169 1168
t 1053 1054 1169
t 1054 1170 1169
t 1054 1055 1170
t 1055 1171 1170
t 1055 1056 1171
t 1056 1172 1171
t 1056 1057 1172
t 1057 1173 1172
t 1057 1058 1173
t 1058 1174 1173
t 1058 1059 1174
t 1059 1175 1174
t 1059 1060 1175
t 1060 1176 1175
t 1060 1061 1176
t 1061 1177 1176
t 1061 1062 1177
t 1062 1178 1177
t 1062 1063 1178
t 1063 1179 1178
t 1063 1064 1179
t 1064 1180 1179
t 1064 1065 1180
t 1065 1181 1180
t 1065 1066 1181
t 1066 1182 1181
t 1066 1067 1182
t 1067 1183 1182
t 1067 1068 1183
t 1068 1184 1183
t 1068 1069 1184
t 1069 1185 1184
t 1069 1070 1185
t 1070 1186 1185
t 1070 1071 1186
t 1071 1187 1186
t 1071 1072 1187
t 1072 1188 1187
t 1072 1073 1188
t 1073 1189 1188
t 1073 1074 1189
t 1074 1190 1189
t 1074 1075 1190
t 1075 1191 1190
t 1075 1076 1191
t 1076 1192 1191
t 1076 1077 1192
t 1077 1193 1192
t 1077 1078 1193
t 1078 1194 1193
t 1078 1079 1194
t 1079 1195 1194
t 1079 1080 1195
t 1080 1196 1195
t 1080 1081 1196
t 1081 1197 1196
t 1081 1082 1197
t 1082 1198 1197
t 1082 1083 1198
t 1083 1199 1198
t 1083 1084 1199
t 1084 1200 1199
t 1084 34 1200
t 34 41 1200
t 41 42 43
t 41 43 44
t 41 44 45
t 41 45 46
t 41 46 47
t 41 47 48
t 41 48 49
t 124 1085 123
t 1085 1201 123
t 1085 1086 1201
t 1086 1202 1201
t 1086 1087 1202
t 1087 1203 1202
t 1087 1088 1203
t 1088 1204 1203
t 1088 1089 1204
t 1089 1205 1204
t 1089 1090 1205
t 1090 1206 1205
t 1090 1091 1206
t 1091 1207 1206
t 1091 1092 1207
t 1092 1208 1207
t 1092 1093 1208
t 1093 1209 1208
t 1093 1094 1209
t 1094 1210 1209
t 1094 1095 1210
t 1095 1211 1210
t 1095 1096 1211
t 1096 1212 1211
t 1096 1097 1212
t 1097 1213 1212
t 1097 1098 1213
t 1098 1214 1213
t 1098 1099 1214
t 1099 1215 1214
t 1099 1100 1215
t 1100 1216 1215
t 1100 1101 1216
t 1101 1217 1216
t 1101 1102 1217
t 1102 1218 1217
t 1102 1103 1218
t 1103 1219 1218
t 1103 1104 1219
t 1104 1220 1219
t 1104 1105 1220
t 1105 1221 1220
t 1105 1106 1221
t 1106 1222 1221
t 1106 1107 1222
t 1107 1223 1222
t 1107 1108 1223
t 1108 1224 1223
t 1108 1109 1224
t 1109 1225 1224
t 1109 1110 1225
t 1110 1226 1225
t 1110 1111 1226
t 1111 1227 1226
t 1111 1112 1227
t 1112 1228 1227
t 1112 1113 1228
t 1113 1229 1228
t 1113 1114 1229
t 1114 1230 1229
t 1114 1115 1230
t 1115 1231 1230
t 1115 1116 1231
t 1116 1232 1231
t 1116 1117 1232
t 1117 1233 1232
t 1117 1118 1233
t 1118 1234 1233
t 1118 1119 1234
t 1119 1235 1234
t 1119 1120 1235
t 1120 1236 1235
t 1120 1121 1236
t 1121 1237 1236
t 1121 1122 1237
t 1122 1238 1237
t 1122 1123 1238
t 1123 1239 1238
t 1123 1124 1239
t 1124 1240 1239
t 1124 1125 1240
t 1125 1241 1240
t 1125 1126 1241
t 1126 1242 1241
t 1126 1127 1242
t 1127 1243 1242
t 1127 1128 1243
t 1128 1244 1243
t 1128 1129 1244
t 1129 1245 1244
t 1129 1130 1245
t 1130 1246 1245
t 1130 1131 1246
t 1131 1247 1246
t 1131 1132 1247
t 1132 1248 1247
t 1132 1133 1248
t 1133 1249 1248
t 1133 1134 1249
t 1134 1250 1249
t 1134 1135 1250
t 1135 1251 1250
t 1135 1136 1251
t 1136 1252 1251
t 1136 1137 1252
t 1137 1253 1252
t 1137 1138 1253
t 1138 1254 1253
t 1138 1139 1254
t 1139 1255 1254
t 1139 1140 1255
t 1140 1256 1255
t 1140 1141 1256
t 1141 1257 1256
t 1141 1142 1257
t 1142 1258 1257
t 1142 1143 1258
t 1143 1259 1258
t 1143 1144 1259
t 1144 1260 1259
t 1144 1145 1260
t 1145 1261 1260
t 1145 1146 1261
t 1146 1262 1261
t 1146 1147 1262
t 1147 1263 1262
t 1147 1148 1263
t 1148 1264 1263
t 1148 1149 1264
t 1149 1265 1264
t 1149 1150 1265
t 1150 1266 1265
t 1150 1151 1266
t 1151 1267 1266
t 1151 1152 1267
t 1152 1268 1267
t 1152 1153 1268
t 1153 1269 1268
t 1153 1154 1269
t 1154 1270 1269
t 1154 1155 1270
t 1155 1271 1270
t 1155 1156 1271
t 1156 1272 1271
t 1156 1157 1272
t 1157 1273 1272
t 1157 1158 1273
t 1158 1274 1273
t 1158 1159 1274
t 1159 1275 1274
t 1159 1160 1275
t 1160 1276 1275
t 1160 1161 1276
t 1161 1277 1276
t 1161 1162 1277
t 1162 1278 1277
t 1162 1163 1278
t 1163 1279 1278
t 1163 1164 1279
t 1164 1280 1279
t 1164 1165 1280
t 1165 1281 1280
t 1165 1166 1281
t 1166 1282 1281
t 1166 1167 1282
t 1167 1283 1282
t 1167 1168 1283
t 1168 1284 1283
t 1168 1169 1284
t 1169 1285 1284
t 1169 1170 1285
t 1170 1286 1285
t 1170 1171 1286
t 1171 1287 1286
t 1171 1172 1287
t 1172 1288 1287
t 1172 1173 1288
t 1173 1289 1288
t 1173 1174 1289
t 1174 1290 1289
t 1174 1175 1290
t 1175 1291 1290
t 1175 1176 1291
t 1176 1292 1291
t 1176 1177 1292
t 1177 1293 1292
t 1177 1178 1293
t 1178 1294 1293
t 1178 1179 1294
t 1179 1295 1294
t 1179 1180 1295
t 1180 1296 1295
t 1180 1181 1296
t 1181 1297 1296
t 1181 1182 1297
t 1182 1298 1297
t 1182 1183 1298
t 1183 1299 1298
t 1183 1184 1299
t 1184 1300 1299
t 1184 1185 1300
t 1185 1301 1300
t 1185 1186 1301
t 1186 1302 1301
t 1186 1187 1302
t 1187 1303 1302
t 1187 1188 1303
t 1188 1304 1303
t 1188 1189 1304
t 1189 1305 1304
t 1189 1190 1305
t 1190 1306 1305
t 1190 1191 1306
t 1191 1307 1306
t 1191 1192 1307
t 1192 1308 1307
t 1192 1193 1308
t 1193 1309 1308
t 1193 1194 1309
t 1194 1310 1309
t 1194 1195 1310
t 1195 1311 1310
t 1195 1196 1311
t 1196 1312 1311
t 1196 1197 1312
t 1197 1313 1312
t 1197 1198 1313
t 1198 1314 1313
t 1198 1199 1314
t 1199 1315 1314
t 1199 1200 1315
t 1200 1316 1315
t 1200 49 1316
t 1200 41 49
t 123 121 122
t 49 50 51
t 49 51 52
t 49 52 53
t 49 53 54
t 49 54 55
t 49 55 56
t 49 56 57
t 49 57 58
t 123 1317 121
t 123 1201 1317
t 1201 1318 1317
t 1201 1202 1318
t 1202 1319 1318
t 1202 1203 1319
t 1203 1320 1319
t 1203 1204 1320
t 1204 1321 1320
t 1204 1205 1321
t 1205 1322 1321
t 1205 1206 1322
t 1206 1323 1322
t 1206 1207 1323
t 1207 1324 1323
t 1207 1208 1324
t 1208 1325 1324
t 1208 1209 1325
t 1209 1326 1325
t 1209 1210 1326
t 1210 1327 1326
t 1210 1211 1327
t 1211 1328 1327
t 1211 1212 1328
t 1212 1329 1328
t 1212 1213 1329
t 1213 1330 1329
t 1213 1214 1330
t 1214 1331 1330
t 1214 1215 1331
t 1215 1332 1331
t 1215 1216 1332
t 1216 1333 1332
t 1216 1217 1333
t 1217 1334 1333
t 1217 1218 1334
t 1218 1335 1334
t 1218 1219 1335
t 1219 1336 1335
t 1219 1220 1336
t 1220 1337 1336
t 1220 1221 1337
t 1221 1338 1337
t 1221 1222 1338
t 1222 1339 1338
t 1222 1223 1339
t 1223 1340 1339
t 1223 1224 1340
t 1224 1341 1340
t 1224 1225 1341
t 1225 1342 1341
t 1225 1226 1342
t 1226 1343 1342
t 1226 1227 1343
t 1227 1344 1343
t 1227 1228 1344
t 1228 1345 1344
t 1228 1229 1345
t 1229 1346 1345
t 1229 1230 1346
t 1230 1347 1346
t 1230 1231 1347
t 1231 1348 1347
t 1231 1232 1348
t 1232 1349 1348
t 1232 1233 1349
t 1233 1350 1349
t 1233 1234 1350
t 1234 1351 1350
t 1234 1235 1351
t 1235 1352 1351
t 1235 1236 1352
t 1236 1353 1352
t 1236 1237 1353
t 1237 1354 1353
t 1237 1238 1354
t 1238 1355 1354
t 1238 1239 1355
t 1239 1356 1355
t 1239 1240 1356
t 1240 1357 1356
t 1240 1241 1357
t 1241 1358 1357
t 1241 1242 1358
t 1242 1359 1358
t 1242 1243 1359
t 1243 1360 1359
t 1243 1244 1360
t 1244 1361 1360
t 1244 1245 1361
t 1245 1362 1361
t 1245 1246 1362
t 1246 1363 1362
t 1246 1247 1363
t 1247 1364 1363
t 1247 1248 1364
t 1248 1365 1364
t 1248 1249 1365
t 1249 1366 1365
t 1249 1250 1366
t 1250 1367 1366
t 1250 1251 1367
t 1251 1368 1367
t 1251 1252 1368
t 1252 1369 1368
t 1252 1253 1369
t 1253 1370 1369
t 1253 1254 1370
t 1254 1371 1370
t 1254 1255 1371
t 1255 1372 1371
t 1255 1256 1372
t 1256 1373 1372
t 1256 1257 1373
t 1257 1374 1373
t 1257 1258 1374
t 1258 1375 1374
t 1258 1259 1375
t 1259 1376 1375
t 1259 1260 1376
t 1260 1377 1376
t 1260 1261 1377
t 1261 1378 1377
t 1261 1262 1378
t 1262 1379 1378
t 1262 1263 1379
t 1263 1380 1379
t 1263 1264 1380
t 1264 1381 1380
t 1264 1265 1381
t 1265 1382 1381
t 1265 1266 1382
t 1266 1383 1382
t 1266 1267 1383
t 1267 1384 1383
t 1267 1268 1384
t 1268 1385 1384
t 1268 1269 1385
t 1269 1386 1385
t 1269 1270 1386
t 1270 1387 1386
t 1270 1271 1387
t 1271 1388 1387
t 1271 1272 1388
t 1272 1389 1388
t 1272 1273 1389
t 1273 1390 1389
t 1273 1274 1390
t 1274 1391 1390
t 1274 1275 1391
t 1275 1392 1391
t 1275 1276 1392
t 1276 1393 1392
t 1276 1277 1393
t 1277 1394 1393
t 1277 1278 1394
t 1278 1395 1394
t 1278 1279 1395
t 1279 1396 1395
t 1279 1280 1396
t 1280 1397 1396
t 1280 1281 1397
t 1281 1398 1397
t 1281 1282 1398
t 1282 1399 1398
t 1282 1283 1399
t 1283 1400 1399
t 1283 1284 1400
t 1284 1401 1400
t 1284 1285 1401
t 1285 1402 1401
t 1285 1286 1402
t 1286 1403 1402
t 1286 1287 1403
t 1287 1404 1403
t 1287 1288 1404
t 1288 1405 1404
t 1288 1289 1405
t 1289 1406 1405
t 1289 1290 1406
t 1290 1407 1406
t 1290 1291 1407
t 1291 1408 1407
t 1291 1292 1408
t 1292 1409 1408
t 1292 1293 1409
t 1293 1410 1409
t 1293 1294 1410
t 1294 1411 1410
t 1294 1295 1411
t 1295 1412 1411
t 1295 1296 1412
t 1296 1413 1412
t 1296 1297 1413
t 1297 1414 1413
t 1297 1298 1414
t 1298 1415 1414
t 1298 1299 1415
t 1299 1416 1415
t 1299 1300 1416
t 1300 1417 1416
t 1300 1301 1417
t 1301 1418 1417
t 1301 1302 1418
t 1302 1419 1418
t 1302 1303 1419
t 1303 1420 1419
t 1303 1304 1420
t 1304 1421 1420
t 1304 1305 1421
t 1305 1422 1421
t 1305 1306 1422
t 1306 1423 1422
t 1306 1307 1423
t 1307 1424 1423
t 1307 1308 1424
t 1308 1425 1424
t 1308 1309 1425
t 1309 1426 1425
t 1309 1310 1426
t 1310 1427 1426
t 1310 1311 1427
t 1311 1428 1427
t 1311 1312 1428
t 1312 1429 1428
t 1312 1313 1429
t 1313 1430 1429
t 1313 1314 1430
t 1314 58 1430
t 1314 1315 58
t 1315 1316 58
t 1316 49 58
t 121 119 120
t 121 118 119
t 121 117 118
t 58 59 60
t 58 60 61
t 58 61 62
t 58 62 63
t 58 63 64
t 58 64 65
t 58 65 66
t 58 66 67
t 58 67 68
t 58 68 69
t 58 69 70
t 58 70 71
t 58 71 72
t 58 72 73
t 58 73 74
t 58 74 75
t 121 1317 117
t 1317 1318 117
t 1318 1431 117
t 1318 1319 1431
t 1319 1432 1431
t 1319 1320 1432
t 1320 1433 1432
t 1320 1321 1433
t 1321 1434 1433
t 1321 1322 1434
t 1322 1435 1434
t 1322 1323 1435
t 1323 1436 1435
t 1323 1324 1436
t 1324 1437 1436
t 1324 1325 1437
t 1325 1438 1437
t 1325 1326 1438
t 1326 1439 1438
t 1326 1327 1439
t 1327 1440 1439
t 1327 1328 1440
t 1328 1441 1440
t 1328 1329 1441
t 1329 1442 1441
t 1329 1330 1442
t 1330 1443 1442
t 1330 1331 1443
t 1331 1444 1443
t 1331 1332 1444
t 1332 1445 1444
t 1332 1333 1445
t 1333 1446 1445
t 1333 1334 1446
t 1334 1447 1446
t 1334 1335 1447
t 1335 1448 1447
t 1335 1336 1448
t 1336 1449 1448
t 1336 1337 1449
t 1337 1450 1449
t 1337 1338 1450
t 1338 1451 1450
t 1338 1339 1451
t 1339 1452 1451
t 1339 1340 1452
t 1340 1453 1452
t 1340 1341 1453
t 1341 1454 1453
t 1341 1342 1454
t 1342 1455 1454
t 1342 1343 1455
t 1343 1456 1455
t 1343 1344 1456
t 1344 1457 1456
t 1344 1345 1457
t 1345 1458 1457
t 1345 1346 1458
t 1346 1459 1458
t 1346 1347 1459
t 1347 1460 1459
t 1347 1348 1460
t 1348 1461 1460
t 1348 1349 1461
t 1349 1462 1461
t 1349 1350 1462
t 1350 1463 1462
t 1350 1351 1463
t 1351 1464 1463
t 1351 1352 1464
t 1352 1465 1464
t 1352 1353 1465
t 1353 1466 1465
t 1353 1354 1466
t 1354 1467 1466
t 1354 1355 1467
t 1355 1468 1467
t 1355 1356 1468
t 1356 1469 1468
t 1356 1357 1469
t 1357 1470 1469
t 1357 1358 1470
t 1358 1471 1470
t 1358 1359 1471
t 1359 1472 1471
t 1359 1360 1472
t 1360 1473 1472
t 1360 1361 1473
t 1361 1474 1473
t 1361 1362 1474
t 1362 1475 1474
t 1362 1363 1475
t 1363 1476 1475
t 1363 1364 1476
t 1364 1477 1476
t 1364 1365 1477
t 1365 1478 1477
t 1365 1366 1478
t 1366 1479 1478
t 1366 1367 1479
t 1367 1480 1479
t 1367 1368 1480
t 1368 1481 1480
t 1368 1369 1481
t 1369 1482 1481
t 1369 1370 1482
t 1370 1483 1482
t 1370 1371 1483
t 1371 1484 1483
t 1371 1372 1484
t 1372 1485 1484
t 1372 1373 1485
t 1373 1486 1485
t 1373 1374 1486
t 1374 1487 1486
t 1374 1375 1487
t 1375 1488 1487
t 1375 1376 1488
t 1376 1489 1488
t 1376 1377 1489
t 1377 1490 1489
t 1377 1378 1490
t 1378 1491 1490
t 1378 1379 1491
t 1379 1492 1491
t 1379 1380 1492
t 1380 1493 1492
t 1380 1381 1493
t 1381 1494 1493
t 1381 1382 1494
t 1382 1495 1494
t 1382 1383 1495
t 1383 1496 1495
t 1383 1384 1496
t 1384 1497 1496
t 1384 1385 1497
t 1385 1498 1497
t 1385 1386 1498
t 1386 1499 1498
t 1386 1387 1499
t 1387 1500 1499
t 1387 1388 1500
t 1388 1501 1500
t 1388 1389 1501
t 1389 1502 1501
t 1389 1390 1502
t 1390 1503 1502
t 1390 1391 1503
t 1391 1504 1503
t 1391 1392 1504
t 1392 1505 1504
t 1392 1393 1505
t 1393 1506 1505
t 1393 1394 1506
t 1394 1507 1506
t 1394 1395 1507
t 1395 1508 1507
t 1395 1396 1508
t 1396 1509 1508
t 1396 1397 1509
t 1397 75 1509
t 1397 1398 75
t 1398 1399 75
t 1399 1400 75
t 1400 1401 75
t 1401 1402 75
t 1402 1403 75
t 1403 1404 75
t 1404 1405 75
t 1405 1406 75
t 1406 1407 75
t 1407 1408 75
t 1408 1409 75
t 1409 1410 75
t 1410 1411 75
t 1411 1412 75
t 1412 1413 75
t 1413 1414 75
t 1414 1415 75
t 1415 1416 75
t 1416 1417 75
t 1417 1418 75
t 1418 1419 75
t 1419 1420 75
t 1420 1421 75
t 1421 1422 75
t 1422 1423 75
t 1423 1424 75
t 1424 1425 75
t 1425 1426 75
t 1426 1427 75
t 1427 1428 75
t 1428 1429 75
t 1429 1430 75
t 1430 58 75
t 117 115 116
t 117 114 115
t 75 76 77
t 75 77 78
t 75 78 79
t 75 79 80
t 75 80 81
t 75 81 82
t 75 82 83
t 75 83 84
t 75 84 85
t 75 85 86
t 75 86 87
t 75 87 88
t 75 88 89
t 75 89 90
t 75 90 91
t 75 91 92
t 117 1431 114
t 1431 1432 114
t 1432 1433 114
t 1433 1434 114
t 1434 1435 114
t 1435 1436 114
t 1436 1437 114
t 1437 1510 114
t 1437 1438 1510
t 1438 1511 1510
t 1438 1439 1511
t 1439 1512 1511
t 1439 1440 1512
t 1440 1513 1512
t 1440 1441 1513
t 1441 1514 1513
t 1441 1442 1514
t 1442 1515 1514
t 1442 1443 1515
t 1443 1516 1515
t 1443 1444 1516
t 1444 1517 1516
t 1444 1445 1517
t 1445 1518 1517
t 1445 1446 1518
t 1446 1519 1518
t 1446 1447 1519
t 1447 1520 1519
t 1447 1448 1520
t 1448 1521 1520
t 1448 1449 1521
t 1449 1522 1521
t 1449 1450 1522
t 1450 1523 1522
t 1450 1451 1523
t 1451 1524 1523
t 1451 1452 1524
t 1452 1525 1524
t 1452 1453 1525
t 1453 1526 1525
t 1453 1454 1526
t 1454 1527 1526
t 1454 1455 1527
t 1455 1528 1527
t 1455 1456 1528
t 1456 1529 1528
t 1456 1457 1529
t 1457 1530 1529
t 1457 1458 1530
t 1458 1531 1530
t 1458 1459 1531
t 1459 1532 1531
t 1459 1460 1532
t 1460 1533 1532
t 1460 1461 1533
t 1461 1534 1533
t 1461 1462 1534
t 1462 1535 1534
t 1462 1463 1535
t 1463 1536 1535
t 1463 1464 1536
t 1464 1537 1536
t 1464 1465 1537
t 1465 1538 1537
t 1465 1466 1538
t 1466 1539 1538
t 1466 1467 1539
t 1467 1540 1539
t 1467 1468 1540
t 1468 1541 1540
t 1468 1469 1541
t 1469 1542 1541
t 1469 1470 1542
t 1470 1543 1542
t 1470 1471 1543
t 1471 1544 1543
t 1471 1472 1544
t 1472 1545 1544
t 1472 1473 1545
t 1473 1546 1545
t 1473 1474 1546
t 1474 1547 1546
t 1474 1475 1547
t 1475 1548 1547
t 1475 1476 1548
t 1476 92 1548
t 1476 1477 92
t 1477 1478 92
t 1478 1479 92
t 1479 1480 92
t 1480 1481 92
t 1481 1482 92
t 1482 1483 92
t 1483 1484 92
t 1484 1485 92
t 1485 1486 92
t 1486 1487 92
t 1487 1488 92
t 1488 1489 92
t 1489 1490 92
t 1490 1491 92
t 1491 1492 92
t 1492 1493 92
t 1493 1494 92
t 1494 1495 92
t 1495 1496 92
t 1496 1497 92
t 1497 1498 92
t 1498 1499 92
t 1499 1500 92
t 1500 1501 92
t 1501 1502 92
t 1502 1503 92
t 1503 1504 92
t 1504 1505 92
t 1505 1506 92
t 1506 1507 92
t 1507 1508 92
t 1508 1509 92
t 1509 75 92
t 114 112 113
t 92 93 94
t 92 94 95
t 92 95 96
t 92 96 97
t 92 97 98
t 92 98 99
t 92 99 100
t 92 100 101
t 114 1510 112
t 1510 1511 112
t 1511 1512 112
t 1512 1549 112
t 1512 1513 1549
t 1513 1550 1549
t 1513 1514 1550
t 1514 1551 1550
t 1514 1515 1551
t 1515 1552 1551
t 1515 1516 1552
t 1516 1553 1552
t 1516 1517 1553
t 1517 1554 1553
t 1517 1518 1554
t 1518 1555 1554
t 1518 1519 1555
t 1519 1556 1555
t 1519 1520 1556
t 1520 1557 1556
t 1520 1521 1557
t 1521 1558 1557
t 1521 1522 1558
t 1522 1559 1558
t 1522 1523 1559
t 1523 1560 1559
t 1523 1524 1560
t 1524 1561 1560
t 1524 1525 1561
t 1525 1562 1561
t 1525 1526 1562
t 1526 1563 1562
t 1526 1527 1563
t 1527 1564 1563
t 1527 1528 1564
t 1528 1565 1564
t 1528 1529 1565
t 1529 1566 1565
t 1529 1530 1566
t 1530 1567 1566
t 1530 1531 1567
t 1531 101 1567
t 1531 1532 101
t 1532 1533 101
t 1533 1534 101
t 1534 1535 101
t 1535 1536 101
t 1536 1537 101
t 1537 1538 101
t 1538 1539 101
t 1539 1540 101
t 1540 1541 101
t 1541 1542 101
t 1542 1543 101
t 1543 1544 101
t 1544 1545 101
t 1545 1546 101
t 1546 1547 101
t 1547 1548 101
t 1548 92 101
t 112 110 111
t 101 102 103
t 101 103 104
t 101 104 105
t 101 105 106
t 101 106 107
t 101 107 108
t 101 108 109
t 101 109 110
t 112 1549 110
t 1549 1550 110
t 1550 1551 110
t 1551 1552 110
t 1552 1553 110
t 1553 1554 110
t 1554 1555 110
t 1555 1556 110
t 1556 1557 110
t 1557 1558 110
t 1558 1559 110
t 1559 1560 110
t 1560 1561 110
t 1561 1562 110
t 1562 1563 110
t 1563 1564 110
t 1564 1565 110
t 1565 1566 110
t 1566 1567 110
t 1567 101 110
