type=Sphere forward=true n_boundary=93 n_holes=0 n_interior=42 n_tris=133 label=brep62542_f180_Sphere
boundary
b 3.141592654 1.570796327
b 3.141592654 1.621467176
b 3.141592654 1.672138025
b 3.141592654 1.722808875
b 3.141592654 1.773479724
b 3.141592654 1.824150573
b 3.141592654 1.874821422
b 3.141592654 1.925492272
b 3.141592654 1.976163121
b 3.141592654 2.026833970
b 3.141592654 2.077504819
b 3.141592654 2.128175669
b 3.141592654 2.178846518
b 3.141592654 2.229517367
b 3.141592654 2.280188216
b 3.141592654 2.330859066
b 3.141592654 2.381529915
b 3.141592654 2.432200764
b 3.141592654 2.482871613
b 3.141592654 2.533542463
b 3.141592654 2.584213312
b 3.141592654 2.634884161
b 3.141592654 2.685555010
b 3.141592654 2.736225860
b 3.141592654 2.786896709
b 3.141592654 2.837567558
b 3.141592654 2.888238407
b 3.141592654 2.938909257
b 3.141592654 2.989580106
b 3.141592654 3.040250955
b 3.141592654 3.090921804
b 0.291456794 3.141592654
b 1.570796327 3.085291710
b 1.570796327 3.028990766
b 1.570796327 2.972689823
b 1.570796327 2.916388879
b 1.570796327 2.860087936
b 1.570796327 2.803786992
b 1.570796327 2.747486048
b 1.570796327 2.691185105
b 1.570796327 2.634884161
b 1.570796327 2.578583217
b 1.570796327 2.522282274
b 1.570796327 2.465981330
b 1.570796327 2.409680387
b 1.570796327 2.353379443
b 1.570796327 2.297078499
b 1.570796327 2.240777556
b 1.570796327 2.184476612
b 1.570796327 2.128175669
b 1.570796327 2.071874725
b 1.570796327 2.015573781
b 1.570796327 1.959272838
b 1.570796327 1.902971894
b 1.570796327 1.846670950
b 1.570796327 1.790370007
b 1.570796327 1.734069063
b 1.570796327 1.677768120
b 1.570796327 1.621467176
b 1.570796327 1.565166232
b 1.570796327 1.508865289
b 1.570796327 1.452564345
b 1.570796327 1.396263402
b 1.622247487 1.396489711
b 1.673690456 1.397168006
b 1.725117133 1.398296384
b 1.776519602 1.399871685
b 1.827890214 1.401889506
b 1.879221677 1.404344219
b 1.930507133 1.407228999
b 1.981740231 1.410535852
b 2.032915195 1.414255650
b 2.084026883 1.418378170
b 2.135070838 1.422892137
b 2.186043330 1.427785268
b 2.236941394 1.433044319
b 2.287762851 1.438655138
b 2.338506323 1.444602711
b 2.389171246 1.450871222
b 2.439757861 1.457444099
b 2.490267209 1.464304071
b 2.540701114 1.471433221
b 2.591062153 1.478813035
b 2.641353626 1.486424459
b 2.691579519 1.494247949
b 2.741744458 1.502263517
b 2.791853658 1.510450784
b 2.841912871 1.518789025
b 2.891928326 1.527257217
b 2.941906669 1.535834083
b 2.991854894 1.544498138
b 3.041780280 1.553227728
b 3.091690321 1.562001078
interior
i 2.904081332 1.614429558
i 2.904081332 1.832595715
i 2.666570010 1.614429558
i 2.429058689 1.614429558
i 2.191547367 1.614429558
i 1.954036046 1.614429558
i 1.716524724 1.614429558
i 1.716524724 1.832595715
i 1.716524724 2.050761871
i 1.954036046 1.832595715
i 2.191547367 1.832595715
i 2.429058689 1.832595715
i 2.191547367 2.050761871
i 1.954036046 2.050761871
i 1.716524724 2.268928028
i 1.716524724 2.487094184
i 1.954036046 2.268928028
i 1.954036046 2.487094184
i 1.716524724 2.705260341
i 1.716524724 2.923426497
i 1.954036046 2.923426497
i 1.954036046 2.705260341
i 2.191547367 2.923426497
i 2.191547367 2.705260341
i 2.429058689 2.923426497
i 2.666570010 2.923426497
i 2.904081332 2.923426497
i 2.904081332 2.705260341
i 2.904081332 2.487094184
i 2.666570010 2.705260341
i 2.429058689 2.705260341
i 2.191547367 2.487094184
i 2.191547367 2.268928028
i 2.429058689 2.487094184
i 2.666570010 2.487094184
i 2.904081332 2.268928028
i 2.904081332 2.050761871
i 2.666570010 2.268928028
i 2.429058689 2.268928028
i 2.666570010 2.050761871
i 2.429058689 2.050761871
i 2.666570010 1.832595715
tris
t 133 134 0
t 30 31 32
t 61 62 63
t 63 64 65
t 65 66 67
t 67 68 69
t 69 70 71
t 71 72 73
t 73 74 75
t 75 76 77
t 77 78 79
t 79 80 81
t 81 82 83
t 83 84 85
t 85 86 87
t 87 88 89
t 89 90 91
t 91 92 93
t 93 94 95
t 101 102 103
t 103 104 105
t 108 109 110
t 113 114 115
t 115 116 117
t 121 122 123
t 123 124 125
t 129 130 131
t 132 133 0
t 28 29 32
t 29 30 32
t 60 61 63
t 63 65 67
t 67 69 71
t 71 73 75
t 75 77 79
t 79 81 83
t 83 85 87
t 87 89 91
t 91 93 95
t 103 105 106
t 108 110 111
t 123 125 126
t 129 131 132
t 132 0 1
t 28 32 33
t 59 60 63
t 63 67 71
t 71 75 79
t 79 83 87
t 87 91 95
t 101 103 106
t 123 126 127
t 129 132 1
t 28 33 34
t 58 59 63
t 63 71 79
t 79 87 95
t 101 106 107
t 121 123 127
t 128 129 1
t 57 58 63
t 63 79 95
t 121 127 128
t 1 2 128
t 2 3 128
t 3 4 128
t 4 5 128
t 5 6 128
t 56 57 63
t 63 95 96
t 121 128 6
t 55 56 63
t 63 96 97
t 120 121 6
t 51 52 63
t 52 53 63
t 53 54 63
t 54 55 63
t 63 97 98
t 119 120 6
t 49 50 63
t 50 51 63
t 63 98 99
t 6 7 119
t 7 8 119
t 8 9 119
t 9 10 119
t 10 11 119
t 11 12 119
t 12 13 119
t 13 14 119
t 14 15 119
t 15 16 119
t 16 17 119
t 17 18 119
t 18 19 119
t 19 20 119
t 20 21 119
t 21 22 119
t 22 23 119
t 23 24 119
t 24 25 119
t 25 26 119
t 26 27 119
t 27 28 119
t 48 49 63
t 63 99 100
t 118 119 28
t 46 47 63
t 47 48 63
t 63 100 101
t 117 118 28
t 45 46 63
t 63 101 107
t 115 117 28
t 44 45 63
t 63 107 108
t 113 115 28
t 42 43 63
t 43 44 63
t 63 108 111
t 112 113 28
t 41 42 63
t 63 111 112
t 112 28 34
t 40 41 63
t 63 112 34
t 39 40 63
t 63 34 35
t 38 39 63
t 63 35 36
t 37 38 63
t 63 36 37
