type=Nurbs forward=true n_boundary=196 n_holes=0 n_interior=49 n_tris=290 label=brep47598_f116_Nurbs(deg=3/3, cps=9x9)
boundary
b 0.967766762 1.002606113
b 0.935509227 1.002606112
b 0.903253283 1.002606111
b 0.870998022 1.002606110
b 0.838741787 1.002606110
b 0.806483020 1.002606111
b 0.774221120 1.002606113
b 0.741957299 1.002606114
b 0.709694681 1.002606113
b 0.677435286 1.002606110
b 0.645178916 1.002606108
b 0.612923983 1.002606107
b 0.580668371 1.002606109
b 0.548410295 1.002606113
b 0.516149166 1.002606117
b 0.483886450 1.002606117
b 0.451625225 1.002606114
b 0.419366963 1.002606109
b 0.387111077 1.002606107
b 0.354855784 1.002606107
b 0.322598967 1.002606111
b 0.290339036 1.002606116
b 0.258075790 1.002606120
b 0.225811249 1.002606119
b 0.193548548 1.002606114
b 0.161288905 1.002606109
b 0.129031719 1.002606107
b 0.096775433 1.002606109
b 0.064518391 1.002606113
b 0.032259681 1.002606119
b -0.000000000 1.002606122
b -0.000000000 0.989673224
b -0.000000000 0.976429263
b -0.000000000 0.962861489
b -0.000000000 0.948961160
b -0.000000000 0.934720606
b -0.000000000 0.920133585
b 0.000000000 0.905195685
b -0.000000000 0.889904774
b 0.000000000 0.874261487
b -0.000000000 0.858269724
b 0.000000000 0.841937153
b 0.000000000 0.825275661
b -0.000000000 0.808301743
b 0.000000000 0.791036763
b -0.000000000 0.773507060
b -0.000000000 0.755743870
b 0.000000000 0.737781100
b 0.000000000 0.719635417
b 0.000000000 0.701312130
b 0.000000000 0.682817090
b -0.000000000 0.664156866
b -0.000000000 0.645338762
b 0.000000000 0.626370799
b -0.000000000 0.607261684
b -0.000000000 0.588020789
b -0.000000000 0.568658117
b -0.000000000 0.549184268
b 0.000000000 0.529610390
b -0.000000000 0.509948140
b 0.000000000 0.490210496
b 0.000000000 0.470430701
b -0.000000000 0.450662224
b 0.000000000 0.430958937
b 0.000000000 0.411372834
b -0.000000000 0.391952729
b 0.000000000 0.372743185
b -0.000000000 0.353783721
b -0.000000000 0.335108309
b -0.000000000 0.316745187
b -0.000000000 0.298716928
b -0.000000000 0.281040744
b 0.000000000 0.263728858
b -0.000000000 0.246789056
b -0.000000000 0.230232051
b -0.000000000 0.214078334
b -0.000000000 0.198342514
b -0.000000000 0.183032014
b -0.000000000 0.168148274
b 0.000000000 0.153687926
b -0.000000000 0.139643872
b -0.000000000 0.126006222
b -0.000000000 0.112763088
b -0.000000000 0.099901242
b -0.000000000 0.087406630
b -0.000000000 0.075264784
b 0.014985959 0.075218029
b 0.030236901 0.075077037
b 0.045724018 0.074839791
b 0.061419022 0.074504176
b 0.077294299 0.074067986
b 0.093323763 0.073528925
b 0.109498441 0.072884528
b 0.125826355 0.072132299
b 0.142316920 0.071269902
b 0.158980196 0.070295181
b 0.175826830 0.069206164
b 0.192865205 0.068001483
b 0.210093125 0.066681546
b 0.227506402 0.065247258
b 0.245101683 0.063699605
b 0.262876466 0.062039644
b 0.280829182 0.060268393
b 0.298958271 0.058388121
b 0.317261708 0.056402402
b 0.335737908 0.054314878
b 0.354385793 0.052129201
b 0.373204806 0.049849025
b 0.392199162 0.047477390
b 0.411391303 0.045014989
b 0.430810262 0.042462178
b 0.450487405 0.039819611
b 0.470456212 0.037088239
b 0.490749438 0.034269841
b 0.511341951 0.031378814
b 0.532148621 0.028441061
b 0.553081163 0.025481639
b 0.574052041 0.022524444
b 0.594975487 0.019592334
b 0.615774204 0.016706284
b 0.636394752 0.013882604
b 0.656786255 0.011135906
b 0.676894561 0.008480142
b 0.696662839 0.005928699
b 0.716034804 0.003494175
b 0.735012788 0.001181747
b 0.753658777 -0.000987837
b 0.772041598 -0.002650824
b 0.790224642 -0.003784769
b 0.808265856 -0.004613908
b 0.826212016 -0.005259167
b 0.844067637 -0.005781324
b 0.861826804 -0.006214142
b 0.879483571 -0.006578110
b 0.897031919 -0.006886493
b 0.914465848 -0.007148301
b 0.931781186 -0.007370129
b 0.948975229 -0.007557000
b 0.966044730 -0.007712638
b 0.982985844 -0.007839827
b 0.999794164 -0.007940642
b 0.999772200 -0.005075088
b 0.999835127 0.003422422
b 0.999920975 0.015268837
b 0.999981885 0.027471420
b 1.000020754 0.040050097
b 1.000039693 0.053025801
b 1.000042623 0.066420375
b 1.000035997 0.080256395
b 1.000025303 0.094556869
b 1.000014688 0.109344821
b 1.000006849 0.124642697
b 1.000002936 0.140471555
b 1.000002504 0.156849982
b 1.000003534 0.173792714
b 1.000002555 0.191308894
b 0.999994920 0.209400018
b 0.999975271 0.228057586
b 0.999938243 0.247260644
b 0.999879553 0.266978100
b 0.999797250 0.287193567
b 0.999690672 0.307892902
b 0.999560476 0.329053664
b 0.999408227 0.350644145
b 0.999236733 0.372622730
b 0.999052317 0.394937714
b 0.998865652 0.417527701
b 0.998692313 0.440322682
b 0.998553105 0.463245804
b 0.998474079 0.486215746
b 0.998485304 0.509150146
b 0.998595139 0.531992185
b 0.998783583 0.554718449
b 0.999030907 0.577308779
b 0.999319753 0.599744265
b 0.999635244 0.622007354
b 0.999965055 0.644081945
b 1.000299428 0.665953441
b 1.000631142 0.687608783
b 1.000955132 0.709036448
b 1.001268246 0.730226429
b 1.001569562 0.751170191
b 1.001851917 0.771849799
b 1.002085098 0.792214879
b 1.002243226 0.812216158
b 1.002311018 0.831814074
b 1.002282956 0.850978594
b 1.002162111 0.869688586
b 1.001958808 0.887930893
b 1.001689240 0.905699252
b 1.001374157 0.922993164
b 1.001037675 0.939816803
b 1.000706248 0.956178011
b 1.000407815 0.972087417
b 1.000171104 0.987557682
b 1.000025189 1.002606113
interior
i 0.877022141 0.876287777
i 0.751733264 0.876287777
i 0.877022141 0.749969431
i 0.877022141 0.623651086
i 0.877022141 0.497332740
i 0.877022141 0.371014395
i 0.877022141 0.244696049
i 0.877022141 0.118377704
i 0.751733264 0.118377704
i 0.751733264 0.244696049
i 0.626444386 0.118377704
i 0.501155509 0.118377704
i 0.375866632 0.118377704
i 0.250577754 0.118377704
i 0.125288877 0.118377704
i 0.125288877 0.244696049
i 0.125288877 0.371014395
i 0.250577754 0.244696049
i 0.375866632 0.244696049
i 0.501155509 0.244696049
i 0.626444386 0.244696049
i 0.751733264 0.371014395
i 0.626444386 0.371014395
i 0.751733264 0.497332740
i 0.751733264 0.623651086
i 0.626444386 0.497332740
i 0.501155509 0.371014395
i 0.375866632 0.371014395
i 0.250577754 0.371014395
i 0.125288877 0.497332740
i 0.250577754 0.497332740
i 0.125288877 0.623651086
i 0.125288877 0.749969431
i 0.125288877 0.876287777
i 0.250577754 0.876287777
i 0.250577754 0.749969431
i 0.250577754 0.623651086
i 0.375866632 0.497332740
i 0.501155509 0.497332740
i 0.375866632 0.623651086
i 0.375866632 0.749969431
i 0.375866632 0.876287777
i 0.501155509 0.876287777
i 0.626444386 0.876287777
i 0.501155509 0.749969431
i 0.501155509 0.623651086
i 0.626444386 0.623651086
i 0.626444386 0.749969431
i 0.751733264 0.749969431
tris
t 85 86 84
t 86 83 84
t 86 82 83
t 86 81 82
t 86 80 81
t 86 79 80
t 86 78 79
t 86 87 78
t 87 88 78
t 88 89 78
t 89 90 78
t 90 91 78
t 91 92 78
t 92 93 78
t 93 94 78
t 94 245 78
t 94 95 245
t 95 96 245
t 96 97 245
t 97 98 245
t 98 99 245
t 99 100 245
t 100 101 245
t 101 102 245
t 102 246 245
t 102 103 246
t 103 104 246
t 104 105 246
t 105 106 246
t 106 107 246
t 107 108 246
t 108 109 246
t 109 247 246
t 109 110 247
t 110 111 247
t 111 112 247
t 112 113 247
t 113 114 247
t 114 115 247
t 115 116 247
t 116 248 247
t 116 117 248
t 117 118 248
t 118 119 248
t 119 120 248
t 120 121 248
t 121 122 248
t 122 123 248
t 123 249 248
t 123 124 249
t 124 125 249
t 125 126 249
t 126 127 249
t 127 128 249
t 128 129 249
t 129 130 249
t 130 131 249
t 131 250 249
t 131 132 250
t 132 133 250
t 133 134 250
t 134 135 250
t 135 136 250
t 136 137 250
t 137 138 250
t 138 139 250
t 139 154 250
t 139 153 154
t 139 152 153
t 139 151 152
t 139 150 151
t 139 149 150
t 139 148 149
t 139 147 148
t 139 146 147
t 139 145 146
t 139 144 145
t 139 143 144
t 139 142 143
t 139 141 142
t 139 140 141
t 78 245 77
t 245 76 77
t 245 75 76
t 245 74 75
t 245 73 74
t 245 72 73
t 245 71 72
t 245 251 71
t 245 246 251
t 246 252 251
t 246 247 252
t 247 253 252
t 247 248 253
t 248 254 253
t 248 249 254
t 249 255 254
t 249 250 255
t 250 256 255
t 250 159 256
t 250 158 159
t 250 157 158
t 250 156 157
t 250 155 156
t 250 154 155
t 71 251 70
t 251 69 70
t 251 68 69
t 251 67 68
t 251 66 67
t 251 257 66
t 251 252 257
t 252 258 257
t 252 253 258
t 253 259 258
t 253 254 259
t 254 260 259
t 254 255 260
t 255 261 260
t 255 256 261
t 256 262 261
t 256 164 262
t 256 163 164
t 256 162 163
t 256 161 162
t 256 160 161
t 256 159 160
t 66 257 65
t 257 64 65
t 257 63 64
t 257 62 63
t 257 61 62
t 257 263 61
t 257 258 263
t 258 264 263
t 258 259 264
t 259 265 264
t 259 260 265
t 260 266 265
t 260 261 266
t 261 267 266
t 261 262 267
t 262 268 267
t 262 169 268
t 262 168 169
t 262 167 168
t 262 166 167
t 262 165 166
t 262 164 165
t 61 263 60
t 263 59 60
t 263 58 59
t 263 57 58
t 263 56 57
t 263 55 56
t 263 269 55
t 263 264 269
t 264 270 269
t 264 265 270
t 265 271 270
t 265 266 271
t 266 272 271
t 266 267 272
t 267 273 272
t 267 268 273
t 268 274 273
t 268 173 274
t 268 172 173
t 268 171 172
t 268 170 171
t 268 169 170
t 55 269 54
t 269 53 54
t 269 52 53
t 269 51 52
t 269 50 51
t 269 275 50
t 269 270 275
t 270 276 275
t 270 271 276
t 271 277 276
t 271 272 277
t 272 278 277
t 272 273 278
t 273 279 278
t 273 274 279
t 274 280 279
t 274 178 280
t 274 177 178
t 274 176 177
t 274 175 176
t 274 174 175
t 274 173 174
t 50 275 49
t 275 48 49
t 275 47 48
t 275 46 47
t 275 45 46
t 275 44 45
t 275 281 44
t 275 276 281
t 276 282 281
t 276 277 282
t 277 283 282
t 277 278 283
t 278 284 283
t 278 279 284
t 279 285 284
t 279 280 285
t 280 286 285
t 280 183 286
t 280 182 183
t 280 181 182
t 280 180 181
t 280 179 180
t 280 178 179
t 44 281 43
t 281 42 43
t 281 41 42
t 281 40 41
t 281 39 40
t 281 38 39
t 281 37 38
t 281 36 37
t 281 35 36
t 281 34 35
t 281 33 34
t 281 32 33
t 281 31 32
t 281 287 31
t 281 282 287
t 282 288 287
t 282 283 288
t 283 289 288
t 283 284 289
t 284 290 289
t 284 285 290
t 285 291 290
t 285 286 291
t 286 292 291
t 286 194 292
t 286 193 194
t 286 192 193
t 286 191 192
t 286 190 191
t 286 189 190
t 286 188 189
t 286 187 188
t 286 186 187
t 286 185 186
t 286 184 185
t 286 183 184
t 31 287 30
t 287 29 30
t 287 28 29
t 287 27 28
t 287 26 27
t 287 25 26
t 287 24 25
t 287 23 24
t 287 22 23
t 287 288 22
t 288 21 22
t 288 20 21
t 288 19 20
t 288 18 19
t 288 17 18
t 288 289 17
t 289 16 17
t 289 15 16
t 289 14 15
t 289 13 14
t 289 290 13
t 290 12 13
t 290 11 12
t 290 10 11
t 290 9 10
t 290 8 9
t 290 291 8
t 291 7 8
t 291 6 7
t 291 5 6
t 291 4 5
t 291 292 4
t 292 3 4
t 292 2 3
t 292 1 2
t 292 0 1
t 292 195 0
t 292 194 195
