type=Nurbs forward=false n_boundary=165 n_holes=0 n_interior=246 n_tris=1499 label=brep62542_f88_Nurbs(deg=3/3, cps=4x15)
boundary
b 0.080286839 -0.000000000
b 0.109579490 0.015974745
b 0.138393260 0.031732034
b 0.166608478 0.047246366
b 0.194110410 0.062492945
b 0.220788550 0.077447628
b 0.246536069 0.092086949
b 0.271273750 0.106401268
b 0.295050408 0.120450872
b 0.317955229 0.134320089
b 0.340077554 0.148093121
b 0.361511422 0.161853840
b 0.382365210 0.175685575
b 0.402760074 0.189666677
b 0.422743923 0.203842170
b 0.442323180 0.218241769
b 0.461502425 0.232895466
b 0.480290372 0.247833721
b 0.498712911 0.263088171
b 0.516804395 0.278689332
b 0.534570805 0.294649211
b 0.551996622 0.310968460
b 0.569067908 0.327648573
b 0.585780138 0.344692959
b 0.602136234 0.362106804
b 0.618144439 0.379896112
b 0.633810967 0.398057795
b 0.649135899 0.416581312
b 0.664110004 0.435457839
b 0.678714474 0.454680795
b 0.692928929 0.474245764
b 0.706734329 0.494149670
b 0.720152574 0.514365622
b 0.733235126 0.534837632
b 0.746000487 0.555508111
b 0.758432056 0.576320736
b 0.770475657 0.597220972
b 0.782037986 0.618156789
b 0.793057762 0.639098530
b 0.803558949 0.660049029
b 0.813568802 0.681014135
b 0.823117597 0.701999587
b 0.832238915 0.723010973
b 0.840969694 0.744053687
b 0.849345999 0.765130103
b 0.857387131 0.786235708
b 0.865101285 0.807364765
b 0.872490950 0.828511695
b 0.879552879 0.849671135
b 0.886278073 0.870837986
b 0.892660907 0.892008444
b 0.898709387 0.913183039
b 0.904430618 0.934363622
b 0.909832077 0.955552046
b 0.914921680 0.976750169
b 0.919707832 0.997959852
b 0.902983575 0.997967548
b 0.886502985 0.997976480
b 0.870243426 0.997986653
b 0.854182917 0.997998073
b 0.838300117 0.998010746
b 0.822574320 0.998024678
b 0.806985442 0.998039872
b 0.791514010 0.998056334
b 0.776141155 0.998074070
b 0.760848604 0.998093084
b 0.745618677 0.998113380
b 0.730436882 0.998134960
b 0.715299562 0.998157816
b 0.700205788 0.998181933
b 0.685154676 0.998207300
b 0.670145356 0.998233903
b 0.655176932 0.998261727
b 0.640248448 0.998290757
b 0.625358859 0.998320979
b 0.610506989 0.998352377
b 0.595691507 0.998384933
b 0.580910887 0.998418631
b 0.566162662 0.998453452
b 0.551441370 0.998489379
b 0.536740898 0.998526393
b 0.522055206 0.998564473
b 0.507378310 0.998603600
b 0.492704254 0.998643753
b 0.478027096 0.998684911
b 0.463340877 0.998727052
b 0.448639610 0.998770153
b 0.433917248 0.998814193
b 0.419167671 0.998859146
b 0.404385411 0.998904987
b 0.389568015 0.998951671
b 0.374713979 0.998999154
b 0.359821988 0.999047388
b 0.344890887 0.999096325
b 0.329919648 0.999145918
b 0.314907332 0.999196118
b 0.299853061 0.999246875
b 0.284755977 0.999298141
b 0.269615213 0.999349864
b 0.254429850 0.999401995
b 0.239196239 0.999454491
b 0.223899866 0.999507348
b 0.208523017 0.999560571
b 0.193047388 0.999614164
b 0.177454076 0.999668132
b 0.161723573 0.999722477
b 0.145835756 0.999777204
b 0.129769878 0.999832317
b 0.113504559 0.999887818
b 0.097017773 0.999943712
b 0.080286839 1.000000000
b 0.080286774 0.981644039
b 0.080286607 0.963298375
b 0.080286422 0.944962062
b 0.080286298 0.926634182
b 0.080286308 0.908313841
b 0.080286517 0.890000182
b 0.080286980 0.871692380
b 0.080287558 0.853389929
b 0.080288050 0.835093008
b 0.080288344 0.816801905
b 0.080288364 0.798516923
b 0.080288069 0.780238379
b 0.080287452 0.761966597
b 0.080286549 0.743701911
b 0.080285429 0.725444760
b 0.080284240 0.707195861
b 0.080283212 0.688956012
b 0.080282661 0.670726058
b 0.080283000 0.652506888
b 0.080284740 0.634299425
b 0.080288326 0.616104599
b 0.080292727 0.597922607
b 0.080296832 0.579752766
b 0.080299687 0.561594357
b 0.080300362 0.543446686
b 0.080297954 0.525309093
b 0.080291582 0.507180948
b 0.080281238 0.489061713
b 0.080269014 0.470952098
b 0.080257584 0.452854125
b 0.080249942 0.434769985
b 0.080249420 0.416701975
b 0.080259507 0.398652467
b 0.080278667 0.380623391
b 0.080299933 0.362615758
b 0.080317098 0.344625443
b 0.080324060 0.326644637
b 0.080314059 0.308665457
b 0.080290425 0.290679567
b 0.080272331 0.272677838
b 0.080279206 0.254650987
b 0.080323988 0.236590549
b 0.080376652 0.218495707
b 0.080414448 0.200370259
b 0.080428654 0.182218280
b 0.080411390 0.164043768
b 0.080358103 0.145850716
b 0.080293550 0.127644128
b 0.080254307 0.109428739
b 0.080241729 0.091204761
b 0.080244662 0.072970967
b 0.080255408 0.054729122
b 0.080269232 0.036483649
b 0.080281411 0.018239096
interior
i 0.185174992 0.125000000
i 0.290108255 0.125000000
i 0.185174992 0.250000000
i 0.290108255 0.250000000
i 0.395041518 0.250000000
i 0.185174992 0.375000000
i 0.290108255 0.375000000
i 0.395041518 0.375000000
i 0.499974781 0.375000000
i 0.604908044 0.375000000
i 0.185174992 0.500000000
i 0.290108255 0.500000000
i 0.395041518 0.500000000
i 0.499974781 0.500000000
i 0.604908044 0.500000000
i 0.709841307 0.500000000
i 0.185174992 0.625000000
i 0.290108255 0.625000000
i 0.395041518 0.625000000
i 0.499974781 0.625000000
i 0.604908044 0.625000000
i 0.709841307 0.625000000
i 0.185174992 0.750000000
i 0.290108255 0.750000000
i 0.395041518 0.750000000
i 0.499974781 0.750000000
i 0.604908044 0.750000000
i 0.709841307 0.750000000
i 0.814774569 0.750000000
i 0.185174992 0.875000000
i 0.290108255 0.875000000
i 0.395041518 0.875000000
i 0.499974781 0.875000000
i 0.604908044 0.875000000
i 0.709841307 0.875000000
i 0.814774569 0.875000000
i 0.132708361 0.062500000
i 0.106475045 0.031250000
i 0.106475045 0.093750000
i 0.158941677 0.093750000
i 0.132708361 0.187500000
i 0.106475045 0.156250000
i 0.158941677 0.156250000
i 0.106475045 0.218750000
i 0.158941677 0.218750000
i 0.132708361 0.312500000
i 0.106475045 0.281250000
i 0.158941677 0.281250000
i 0.106475045 0.343750000
i 0.158941677 0.343750000
i 0.132708361 0.437500000
i 0.106475045 0.406250000
i 0.158941677 0.406250000
i 0.106475045 0.468750000
i 0.158941677 0.468750000
i 0.132708361 0.562500000
i 0.106475045 0.531250000
i 0.158941677 0.531250000
i 0.106475045 0.593750000
i 0.158941677 0.593750000
i 0.132708361 0.687500000
i 0.106475045 0.656250000
i 0.158941677 0.656250000
i 0.106475045 0.718750000
i 0.158941677 0.718750000
i 0.132708361 0.812500000
i 0.106475045 0.781250000
i 0.158941677 0.781250000
i 0.106475045 0.843750000
i 0.158941677 0.843750000
i 0.132708361 0.937500000
i 0.106475045 0.906250000
i 0.158941677 0.906250000
i 0.106475045 0.968750000
i 0.158941677 0.968750000
i 0.237641624 0.187500000
i 0.211408308 0.156250000
i 0.263874939 0.156250000
i 0.211408308 0.218750000
i 0.263874939 0.218750000
i 0.237641624 0.312500000
i 0.211408308 0.281250000
i 0.263874939 0.281250000
i 0.211408308 0.343750000
i 0.263874939 0.343750000
i 0.237641624 0.437500000
i 0.211408308 0.406250000
i 0.263874939 0.406250000
i 0.211408308 0.468750000
i 0.263874939 0.468750000
i 0.237641624 0.562500000
i 0.211408308 0.531250000
i 0.263874939 0.531250000
i 0.211408308 0.593750000
i 0.263874939 0.593750000
i 0.237641624 0.687500000
i 0.211408308 0.656250000
i 0.263874939 0.656250000
i 0.211408308 0.718750000
i 0.263874939 0.718750000
i 0.237641624 0.812500000
i 0.211408308 0.781250000
i 0.263874939 0.781250000
i 0.211408308 0.843750000
i 0.263874939 0.843750000
i 0.237641624 0.937500000
i 0.211408308 0.906250000
i 0.263874939 0.906250000
i 0.211408308 0.968750000
i 0.263874939 0.968750000
i 0.342574887 0.187500000
i 0.316341571 0.156250000
i 0.316341571 0.218750000
i 0.368808202 0.218750000
i 0.342574887 0.312500000
i 0.316341571 0.281250000
i 0.368808202 0.281250000
i 0.316341571 0.343750000
i 0.368808202 0.343750000
i 0.342574887 0.437500000
i 0.316341571 0.406250000
i 0.368808202 0.406250000
i 0.316341571 0.468750000
i 0.368808202 0.468750000
i 0.342574887 0.562500000
i 0.316341571 0.531250000
i 0.368808202 0.531250000
i 0.316341571 0.593750000
i 0.368808202 0.593750000
i 0.342574887 0.687500000
i 0.316341571 0.656250000
i 0.368808202 0.656250000
i 0.316341571 0.718750000
i 0.368808202 0.718750000
i 0.342574887 0.812500000
i 0.316341571 0.781250000
i 0.368808202 0.781250000
i 0.316341571 0.843750000
i 0.368808202 0.843750000
i 0.342574887 0.937500000
i 0.316341571 0.906250000
i 0.368808202 0.906250000
i 0.316341571 0.968750000
i 0.368808202 0.968750000
i 0.447508149 0.312500000
i 0.421274834 0.281250000
i 0.473741465 0.281250000
i 0.421274834 0.343750000
i 0.473741465 0.343750000
i 0.447508149 0.437500000
i 0.421274834 0.406250000
i 0.473741465 0.406250000
i 0.421274834 0.468750000
i 0.473741465 0.468750000
i 0.447508149 0.562500000
i 0.421274834 0.531250000
i 0.473741465 0.531250000
i 0.421274834 0.593750000
i 0.473741465 0.593750000
i 0.447508149 0.687500000
i 0.421274834 0.656250000
i 0.473741465 0.656250000
i 0.421274834 0.718750000
i 0.473741465 0.718750000
i 0.447508149 0.812500000
i 0.421274834 0.781250000
i 0.473741465 0.781250000
i 0.421274834 0.843750000
i 0.473741465 0.843750000
i 0.447508149 0.937500000
i 0.421274834 0.906250000
i 0.473741465 0.906250000
i 0.421274834 0.968750000
i 0.473741465 0.968750000
i 0.552441412 0.312500000
i 0.526208097 0.343750000
i 0.578674728 0.343750000
i 0.552441412 0.437500000
i 0.526208097 0.406250000
i 0.578674728 0.406250000
i 0.526208097 0.468750000
i 0.578674728 0.468750000
i 0.552441412 0.562500000
i 0.526208097 0.531250000
i 0.578674728 0.531250000
i 0.526208097 0.593750000
i 0.578674728 0.593750000
i 0.552441412 0.687500000
i 0.526208097 0.656250000
i 0.578674728 0.656250000
i 0.526208097 0.718750000
i 0.578674728 0.718750000
i 0.552441412 0.812500000
i 0.526208097 0.781250000
i 0.578674728 0.781250000
i 0.526208097 0.843750000
i 0.578674728 0.843750000
i 0.552441412 0.937500000
i 0.526208097 0.906250000
i 0.578674728 0.906250000
i 0.526208097 0.968750000
i 0.578674728 0.968750000
i 0.657374675 0.437500000
i 0.631141359 0.406250000
i 0.631141359 0.468750000
i 0.683607991 0.468750000
i 0.657374675 0.562500000
i 0.631141359 0.531250000
i 0.683607991 0.531250000
i 0.631141359 0.593750000
i 0.683607991 0.593750000
i 0.657374675 0.687500000
i 0.631141359 0.656250000
i 0.683607991 0.656250000
i 0.631141359 0.718750000
i 0.683607991 0.718750000
i 0.657374675 0.812500000
i 0.631141359 0.781250000
i 0.683607991 0.781250000
i 0.631141359 0.843750000
i 0.683607991 0.843750000
i 0.657374675 0.937500000
i 0.631141359 0.906250000
i 0.683607991 0.906250000
i 0.631141359 0.968750000
i 0.683607991 0.968750000
i 0.762307938 0.687500000
i 0.736074622 0.656250000
i 0.788541254 0.656250000
i 0.736074622 0.718750000
i 0.788541254 0.718750000
i 0.762307938 0.812500000
i 0.736074622 0.781250000
i 0.788541254 0.781250000
i 0.736074622 0.843750000
i 0.788541254 0.843750000
i 0.762307938 0.937500000
i 0.736074622 0.906250000
i 0.788541254 0.906250000
i 0.736074622 0.968750000
i 0.788541254 0.968750000
i 0.867241201 0.937500000
i 0.841007885 0.906250000
i 0.893474517 0.906250000
i 0.841007885 0.968750000
i 0.893474517 0.968750000
tris
t 0 163 164
t 0 162 163
t 0 161 162
t 0 160 161
t 0 159 160
t 0 158 159
t 0 157 158
t 0 156 157
t 0 155 156
t 0 1 2
t 0 2 3
t 0 3 4
t 0 4 5
t 0 5 6
t 0 6 7
t 0 7 8
t 0 8 9
t 0 9 10
t 0 10 11
t 0 11 12
t 0 12 13
t 0 411 155
t 0 412 411
t 0 413 412
t 0 414 413
t 0 415 414
t 0 416 415
t 0 417 416
t 0 418 417
t 0 419 418
t 0 420 419
t 0 421 420
t 0 422 421
t 0 423 422
t 0 424 423
t 0 425 424
t 0 426 425
t 0 427 426
t 0 428 427
t 0 429 428
t 0 430 429
t 0 431 430
t 0 432 431
t 0 433 432
t 0 434 433
t 0 435 434
t 0 436 435
t 0 437 436
t 0 438 437
t 0 439 438
t 0 440 439
t 0 441 440
t 0 442 441
t 0 13 442
t 155 153 154
t 155 152 153
t 155 151 152
t 155 150 151
t 155 149 150
t 13 14 15
t 13 15 16
t 13 16 17
t 13 17 18
t 13 18 19
t 155 443 149
t 155 444 443
t 155 445 444
t 155 446 445
t 155 447 446
t 155 448 447
t 155 449 448
t 155 450 449
t 155 451 450
t 155 452 451
t 155 453 452
t 155 454 453
t 155 455 454
t 155 411 455
t 411 456 455
t 411 412 456
t 412 457 456
t 412 413 457
t 413 458 457
t 413 414 458
t 414 459 458
t 414 415 459
t 415 460 459
t 415 416 460
t 416 461 460
t 416 417 461
t 417 462 461
t 417 418 462
t 418 463 462
t 418 419 463
t 419 464 463
t 419 420 464
t 420 465 464
t 420 421 465
t 421 466 465
t 421 422 466
t 422 467 466
t 422 423 467
t 423 468 467
t 423 424 468
t 424 469 468
t 424 425 469
t 425 470 469
t 425 426 470
t 426 471 470
t 426 427 471
t 427 472 471
t 427 428 472
t 428 473 472
t 428 429 473
t 429 474 473
t 429 430 474
t 430 475 474
t 430 431 475
t 431 476 475
t 431 432 476
t 432 477 476
t 432 433 477
t 433 478 477
t 433 434 478
t 434 479 478
t 434 435 479
t 435 480 479
t 435 436 480
t 436 481 480
t 436 437 481
t 437 482 481
t 437 438 482
t 438 483 482
t 438 439 483
t 439 484 483
t 439 440 484
t 440 485 484
t 440 441 485
t 441 486 485
t 441 442 486
t 442 487 486
t 442 13 487
t 13 488 487
t 13 489 488
t 13 490 489
t 13 491 490
t 13 492 491
t 13 493 492
t 13 494 493
t 13 495 494
t 13 496 495
t 13 497 496
t 13 498 497
t 13 499 498
t 13 500 499
t 13 501 500
t 13 19 501
t 149 147 148
t 149 146 147
t 149 145 146
t 149 144 145
t 149 143 144
t 19 20 21
t 19 21 22
t 19 22 23
t 19 23 24
t 19 24 25
t 19 25 26
t 149 502 143
t 149 503 502
t 149 504 503
t 149 505 504
t 149 506 505
t 149 507 506
t 149 508 507
t 149 509 508
t 149 510 509
t 149 511 510
t 149 512 511
t 149 443 512
t 443 513 512
t 443 444 513
t 444 514 513
t 444 445 514
t 445 515 514
t 445 446 515
t 446 516 515
t 446 447 516
t 447 517 516
t 447 448 517
t 448 518 517
t 448 449 518
t 449 519 518
t 449 450 519
t 450 520 519
t 450 451 520
t 451 521 520
t 451 452 521
t 452 522 521
t 452 453 522
t 453 523 522
t 453 454 523
t 454 524 523
t 454 455 524
t 455 525 524
t 455 456 525
t 456 526 525
t 456 457 526
t 457 527 526
t 457 458 527
t 458 528 527
t 458 459 528
t 459 529 528
t 459 460 529
t 460 530 529
t 460 461 530
t 461 531 530
t 461 462 531
t 462 532 531
t 462 463 532
t 463 533 532
t 463 464 533
t 464 534 533
t 464 465 534
t 465 535 534
t 465 466 535
t 466 536 535
t 466 467 536
t 467 537 536
t 467 468 537
t 468 538 537
t 468 469 538
t 469 539 538
t 469 470 539
t 470 540 539
t 470 471 540
t 471 541 540
t 471 472 541
t 472 542 541
t 472 473 542
t 473 543 542
t 473 474 543
t 474 544 543
t 474 475 544
t 475 545 544
t 475 476 545
t 476 546 545
t 476 477 546
t 477 547 546
t 477 478 547
t 478 548 547
t 478 479 548
t 479 549 548
t 479 480 549
t 480 550 549
t 480 481 550
t 481 551 550
t 481 482 551
t 482 552 551
t 482 483 552
t 483 553 552
t 483 484 553
t 484 554 553
t 484 485 554
t 485 555 554
t 485 486 555
t 486 556 555
t 486 487 556
t 487 557 556
t 487 488 557
t 488 558 557
t 488 489 558
t 489 559 558
t 489 490 559
t 490 560 559
t 490 491 560
t 491 561 560
t 491 492 561
t 492 562 561
t 492 493 562
t 493 563 562
t 493 494 563
t 494 564 563
t 494 495 564
t 495 565 564
t 495 496 565
t 496 566 565
t 496 497 566
t 497 567 566
t 497 498 567
t 498 568 567
t 498 499 568
t 499 569 568
t 499 500 569
t 500 570 569
t 500 501 570
t 501 571 570
t 501 19 571
t 19 572 571
t 19 573 572
t 19 574 573
t 19 575 574
t 19 576 575
t 19 577 576
t 19 578 577
t 19 579 578
t 19 580 579
t 19 581 580
t 19 582 581
t 19 583 582
t 19 584 583
t 19 585 584
t 19 586 585
t 19 26 586
t 143 141 142
t 143 140 141
t 143 139 140
t 143 138 139
t 143 137 138
t 143 136 137
t 143 135 136
t 143 134 135
t 143 133 134
t 143 132 133
t 26 27 28
t 26 28 29
t 26 29 30
t 26 30 31
t 26 31 32
t 26 32 33
t 26 33 34
t 26 34 35
t 26 35 36
t 143 502 132
t 502 503 132
t 503 504 132
t 504 505 132
t 505 506 132
t 506 507 132
t 507 508 132
t 508 509 132
t 509 510 132
t 510 511 132
t 511 512 132
t 512 513 132
t 513 514 132
t 514 515 132
t 515 587 132
t 515 516 587
t 516 588 587
t 516 517 588
t 517 589 588
t 517 518 589
t 518 590 589
t 518 519 590
t 519 591 590
t 519 520 591
t 520 592 591
t 520 521 592
t 521 593 592
t 521 522 593
t 522 594 593
t 522 523 594
t 523 595 594
t 523 524 595
t 524 596 595
t 524 525 596
t 525 597 596
t 525 526 597
t 526 598 597
t 526 527 598
t 527 599 598
t 527 528 599
t 528 600 599
t 528 529 600
t 529 601 600
t 529 530 601
t 530 602 601
t 530 531 602
t 531 603 602
t 531 532 603
t 532 604 603
t 532 533 604
t 533 605 604
t 533 534 605
t 534 606 605
t 534 535 606
t 535 607 606
t 535 536 607
t 536 608 607
t 536 537 608
t 537 609 608
t 537 538 609
t 538 610 609
t 538 539 610
t 539 611 610
t 539 540 611
t 540 612 611
t 540 541 612
t 541 613 612
t 541 542 613
t 542 614 613
t 542 543 614
t 543 615 614
t 543 544 615
t 544 616 615
t 544 545 616
t 545 617 616
t 545 546 617
t 546 618 617
t 546 547 618
t 547 619 618
t 547 548 619
t 548 620 619
t 548 549 620
t 549 621 620
t 549 550 621
t 550 622 621
t 550 551 622
t 551 623 622
t 551 552 623
t 552 624 623
t 552 553 624
t 553 625 624
t 553 554 625
t 554 626 625
t 554 555 626
t 555 627 626
t 555 556 627
t 556 628 627
t 556 557 628
t 557 629 628
t 557 558 629
t 558 630 629
t 558 559 630
t 559 631 630
t 559 560 631
t 560 632 631
t 560 561 632
t 561 633 632
t 561 562 633
t 562 634 633
t 562 563 634
t 563 635 634
t 563 564 635
t 564 636 635
t 564 565 636
t 565 637 636
t 565 566 637
t 566 638 637
t 566 567 638
t 567 639 638
t 567 568 639
t 568 640 639
t 568 569 640
t 569 641 640
t 569 570 641
t 570 642 641
t 570 571 642
t 571 643 642
t 571 572 643
t 572 644 643
t 572 573 644
t 573 645 644
t 573 574 645
t 574 646 645
t 574 575 646
t 575 647 646
t 575 576 647
t 576 648 647
t 576 577 648
t 577 649 648
t 577 578 649
t 578 650 649
t 578 579 650
t 579 651 650
t 579 580 651
t 580 652 651
t 580 581 652
t 581 653 652
t 581 582 653
t 582 654 653
t 582 583 654
t 583 655 654
t 583 584 655
t 584 656 655
t 584 585 656
t 585 657 656
t 585 586 657
t 586 658 657
t 586 26 658
t 26 659 658
t 26 660 659
t 26 661 660
t 26 662 661
t 26 663 662
t 26 664 663
t 26 665 664
t 26 666 665
t 26 667 666
t 26 668 667
t 26 669 668
t 26 670 669
t 26 671 670
t 26 672 671
t 26 673 672
t 26 674 673
t 26 675 674
t 26 676 675
t 26 677 676
t 26 36 677
t 132 130 131
t 132 129 130
t 132 128 129
t 132 127 128
t 132 126 127
t 132 125 126
t 132 124 125
t 132 123 124
t 132 122 123
t 132 121 122
t 36 37 38
t 36 38 39
t 36 39 40
t 36 40 41
t 36 41 42
t 36 42 43
t 36 43 44
t 36 44 45
t 132 678 121
t 132 679 678
t 132 680 679
t 132 587 680
t 587 681 680
t 587 588 681
t 588 682 681
t 588 589 682
t 589 683 682
t 589 590 683
t 590 684 683
t 590 591 684
t 591 685 684
t 591 592 685
t 592 686 685
t 592 593 686
t 593 687 686
t 593 594 687
t 594 688 687
t 594 595 688
t 595 689 688
t 595 596 689
t 596 690 689
t 596 597 690
t 597 691 690
t 597 598 691
t 598 692 691
t 598 599 692
t 599 693 692
t 599 600 693
t 600 694 693
t 600 601 694
t 601 695 694
t 601 602 695
t 602 696 695
t 602 603 696
t 603 697 696
t 603 604 697
t 604 698 697
t 604 605 698
t 605 699 698
t 605 606 699
t 606 700 699
t 606 607 700
t 607 701 700
t 607 608 701
t 608 702 701
t 608 609 702
t 609 703 702
t 609 610 703
t 610 704 703
t 610 611 704
t 611 705 704
t 611 612 705
t 612 706 705
t 612 613 706
t 613 707 706
t 613 614 707
t 614 708 707
t 614 615 708
t 615 709 708
t 615 616 709
t 616 710 709
t 616 617 710
t 617 711 710
t 617 618 711
t 618 712 711
t 618 619 712
t 619 713 712
t 619 620 713
t 620 714 713
t 620 621 714
t 621 715 714
t 621 622 715
t 622 716 715
t 622 623 716
t 623 717 716
t 623 624 717
t 624 718 717
t 624 625 718
t 625 719 718
t 625 626 719
t 626 720 719
t 626 627 720
t 627 721 720
t 627 628 721
t 628 722 721
t 628 629 722
t 629 723 722
t 629 630 723
t 630 724 723
t 630 631 724
t 631 725 724
t 631 632 725
t 632 726 725
t 632 633 726
t 633 727 726
t 633 634 727
t 634 728 727
t 634 635 728
t 635 729 728
t 635 636 729
t 636 730 729
t 636 637 730
t 637 731 730
t 637 638 731
t 638 732 731
t 638 639 732
t 639 733 732
t 639 640 733
t 640 734 733
t 640 641 734
t 641 735 734
t 641 642 735
t 642 736 735
t 642 643 736
t 643 737 736
t 643 644 737
t 644 738 737
t 644 645 738
t 645 739 738
t 645 646 739
t 646 740 739
t 646 647 740
t 647 741 740
t 647 648 741
t 648 742 741
t 648 649 742
t 649 743 742
t 649 650 743
t 650 744 743
t 650 651 744
t 651 745 744
t 651 652 745
t 652 746 745
t 652 653 746
t 653 747 746
t 653 654 747
t 654 748 747
t 654 655 748
t 655 749 748
t 655 656 749
t 656 750 749
t 656 657 750
t 657 751 750
t 657 658 751
t 658 752 751
t 658 659 752
t 659 753 752
t 659 660 753
t 660 754 753
t 660 661 754
t 661 755 754
t 661 662 755
t 662 756 755
t 662 663 756
t 663 757 756
t 663 664 757
t 664 758 757
t 664 665 758
t 665 759 758
t 665 666 759
t 666 760 759
t 666 667 760
t 667 761 760
t 667 668 761
t 668 762 761
t 668 669 762
t 669 763 762
t 669 670 763
t 670 764 763
t 670 671 764
t 671 765 764
t 671 672 765
t 672 766 765
t 672 673 766
t 673 767 766
t 673 674 767
t 674 768 767
t 674 675 768
t 675 769 768
t 675 676 769
t 676 770 769
t 676 677 770
t 677 771 770
t 677 36 771
t 36 772 771
t 36 773 772
t 36 774 773
t 36 775 774
t 36 776 775
t 36 777 776
t 36 778 777
t 36 779 778
t 36 780 779
t 36 781 780
t 36 782 781
t 36 783 782
t 36 784 783
t 36 785 784
t 36 786 785
t 36 45 786
t 45 46 47
t 45 47 48
t 45 48 49
t 45 49 50
t 45 50 51
t 45 51 52
t 45 52 53
t 121 678 120
t 678 787 120
t 678 679 787
t 679 788 787
t 679 680 788
t 680 789 788
t 680 681 789
t 681 790 789
t 681 682 790
t 682 791 790
t 682 683 791
t 683 792 791
t 683 684 792
t 684 793 792
t 684 685 793
t 685 794 793
t 685 686 794
t 686 795 794
t 686 687 795
t 687 796 795
t 687 688 796
t 688 797 796
t 688 689 797
t 689 798 797
t 689 690 798
t 690 799 798
t 690 691 799
t 691 800 799
t 691 692 800
t 692 801 800
t 692 693 801
t 693 802 801
t 693 694 802
t 694 803 802
t 694 695 803
t 695 804 803
t 695 696 804
t 696 805 804
t 696 697 805
t 697 806 805
t 697 698 806
t 698 807 806
t 698 699 807
t 699 808 807
t 699 700 808
t 700 809 808
t 700 701 809
t 701 810 809
t 701 702 810
t 702 811 810
t 702 703 811
t 703 812 811
t 703 704 812
t 704 813 812
t 704 705 813
t 705 814 813
t 705 706 814
t 706 815 814
t 706 707 815
t 707 816 815
t 707 708 816
t 708 817 816
t 708 709 817
t 709 818 817
t 709 710 818
t 710 819 818
t 710 711 819
t 711 820 819
t 711 712 820
t 712 821 820
t 712 713 821
t 713 822 821
t 713 714 822
t 714 823 822
t 714 715 823
t 715 824 823
t 715 716 824
t 716 825 824
t 716 717 825
t 717 826 825
t 717 718 826
t 718 827 826
t 718 719 827
t 719 828 827
t 719 720 828
t 720 829 828
t 720 721 829
t 721 830 829
t 721 722 830
t 722 831 830
t 722 723 831
t 723 832 831
t 723 724 832
t 724 833 832
t 724 725 833
t 725 834 833
t 725 726 834
t 726 835 834
t 726 727 835
t 727 836 835
t 727 728 836
t 728 837 836
t 728 729 837
t 729 838 837
t 729 730 838
t 730 839 838
t 730 731 839
t 731 840 839
t 731 732 840
t 732 841 840
t 732 733 841
t 733 842 841
t 733 734 842
t 734 843 842
t 734 735 843
t 735 844 843
t 735 736 844
t 736 845 844
t 736 737 845
t 737 846 845
t 737 738 846
t 738 847 846
t 738 739 847
t 739 848 847
t 739 740 848
t 740 849 848
t 740 741 849
t 741 850 849
t 741 742 850
t 742 851 850
t 742 743 851
t 743 852 851
t 743 744 852
t 744 853 852
t 744 745 853
t 745 854 853
t 745 746 854
t 746 855 854
t 746 747 855
t 747 856 855
t 747 748 856
t 748 857 856
t 748 749 857
t 749 858 857
t 749 750 858
t 750 859 858
t 750 751 859
t 751 860 859
t 751 752 860
t 752 861 860
t 752 753 861
t 753 862 861
t 753 754 862
t 754 863 862
t 754 755 863
t 755 864 863
t 755 756 864
t 756 865 864
t 756 757 865
t 757 866 865
t 757 758 866
t 758 867 866
t 758 759 867
t 759 868 867
t 759 760 868
t 760 869 868
t 760 761 869
t 761 870 869
t 761 762 870
t 762 871 870
t 762 763 871
t 763 872 871
t 763 764 872
t 764 873 872
t 764 765 873
t 765 874 873
t 765 766 874
t 766 875 874
t 766 767 875
t 767 876 875
t 767 768 876
t 768 877 876
t 768 769 877
t 769 878 877
t 769 770 878
t 770 879 878
t 770 771 879
t 771 880 879
t 771 772 880
t 772 881 880
t 772 773 881
t 773 882 881
t 773 774 882
t 774 883 882
t 774 775 883
t 775 884 883
t 775 776 884
t 776 885 884
t 776 777 885
t 777 886 885
t 777 778 886
t 778 887 886
t 778 779 887
t 779 888 887
t 779 780 888
t 780 889 888
t 780 781 889
t 781 890 889
t 781 782 890
t 782 891 890
t 782 783 891
t 783 892 891
t 783 784 892
t 784 893 892
t 784 785 893
t 785 894 893
t 785 786 894
t 786 895 894
t 786 45 895
t 45 896 895
t 45 897 896
t 45 898 897
t 45 899 898
t 45 900 899
t 45 901 900
t 45 902 901
t 45 903 902
t 45 904 903
t 45 905 904
t 45 906 905
t 45 53 906
t 53 54 55
t 53 55 56
t 53 56 57
t 53 57 58
t 53 58 59
t 53 59 60
t 53 60 61
t 120 787 119
t 787 907 119
t 787 788 907
t 788 908 907
t 788 789 908
t 789 909 908
t 789 790 909
t 790 910 909
t 790 791 910
t 791 911 910
t 791 792 911
t 792 912 911
t 792 793 912
t 793 913 912
t 793 794 913
t 794 914 913
t 794 795 914
t 795 915 914
t 795 796 915
t 796 916 915
t 796 797 916
t 797 917 916
t 797 798 917
t 798 918 917
t 798 799 918
t 799 919 918
t 799 800 919
t 800 920 919
t 800 801 920
t 801 921 920
t 801 802 921
t 802 922 921
t 802 803 922
t 803 923 922
t 803 804 923
t 804 924 923
t 804 805 924
t 805 925 924
t 805 806 925
t 806 926 925
t 806 807 926
t 807 927 926
t 807 808 927
t 808 928 927
t 808 809 928
t 809 929 928
t 809 810 929
t 810 930 929
t 810 811 930
t 811 931 930
t 811 812 931
t 812 932 931
t 812 813 932
t 813 933 932
t 813 814 933
t 814 934 933
t 814 815 934
t 815 935 934
t 815 816 935
t 816 936 935
t 816 817 936
t 817 937 936
t 817 818 937
t 818 938 937
t 818 819 938
t 819 939 938
t 819 820 939
t 820 940 939
t 820 821 940
t 821 941 940
t 821 822 941
t 822 942 941
t 822 823 942
t 823 943 942
t 823 824 943
t 824 944 943
t 824 825 944
t 825 945 944
t 825 826 945
t 826 946 945
t 826 827 946
t 827 947 946
t 827 828 947
t 828 948 947
t 828 829 948
t 829 949 948
t 829 830 949
t 830 950 949
t 830 831 950
t 831 951 950
t 831 832 951
t 832 952 951
t 832 833 952
t 833 953 952
t 833 834 953
t 834 954 953
t 834 835 954
t 835 955 954
t 835 836 955
t 836 956 955
t 836 837 956
t 837 957 956
t 837 838 957
t 838 958 957
t 838 839 958
t 839 959 958
t 839 840 959
t 840 960 959
t 840 841 960
t 841 961 960
t 841 842 961
t 842 962 961
t 842 843 962
t 843 963 962
t 843 844 963
t 844 964 963
t 844 845 964
t 845 965 964
t 845 846 965
t 846 966 965
t 846 847 966
t 847 967 966
t 847 848 967
t 848 968 967
t 848 849 968
t 849 969 968
t 849 850 969
t 850 970 969
t 850 851 970
t 851 971 970
t 851 852 971
t 852 972 971
t 852 853 972
t 853 973 972
t 853 854 973
t 854 974 973
t 854 855 974
t 855 975 974
t 855 856 975
t 856 976 975
t 856 857 976
t 857 977 976
t 857 858 977
t 858 978 977
t 858 859 978
t 859 979 978
t 859 860 979
t 860 980 979
t 860 861 980
t 861 981 980
t 861 862 981
t 862 982 981
t 862 863 982
t 863 983 982
t 863 864 983
t 864 984 983
t 864 865 984
t 865 985 984
t 865 866 985
t 866 986 985
t 866 867 986
t 867 987 986
t 867 868 987
t 868 988 987
t 868 869 988
t 869 989 988
t 869 870 989
t 870 990 989
t 870 871 990
t 871 991 990
t 871 872 991
t 872 992 991
t 872 873 992
t 873 993 992
t 873 874 993
t 874 994 993
t 874 875 994
t 875 995 994
t 875 876 995
t 876 996 995
t 876 877 996
t 877 997 996
t 877 878 997
t 878 998 997
t 878 879 998
t 879 999 998
t 879 880 999
t 880 1000 999
t 880 881 1000
t 881 1001 1000
t 881 882 1001
t 882 1002 1001
t 882 883 1002
t 883 1003 1002
t 883 884 1003
t 884 1004 1003
t 884 885 1004
t 885 1005 1004
t 885 886 1005
t 886 1006 1005
t 886 887 1006
t 887 1007 1006
t 887 888 1007
t 888 1008 1007
t 888 889 1008
t 889 61 1008
t 889 890 61
t 890 891 61
t 891 892 61
t 892 893 61
t 893 894 61
t 894 895 61
t 895 896 61
t 896 897 61
t 897 898 61
t 898 899 61
t 899 900 61
t 900 901 61
t 901 902 61
t 902 903 61
t 903 904 61
t 904 905 61
t 905 906 61
t 906 53 61
t 119 117 118
t 119 116 117
t 61 62 63
t 61 63 64
t 61 64 65
t 61 65 66
t 61 66 67
t 61 67 68
t 61 68 69
t 61 69 70
t 61 70 71
t 61 71 72
t 61 72 73
t 61 73 74
t 61 74 75
t 61 75 76
t 61 76 77
t 119 1009 116
t 119 1010 1009
t 119 907 1010
t 907 1011 1010
t 907 908 1011
t 908 1012 1011
t 908 909 1012
t 909 1013 1012
t 909 910 1013
t 910 1014 1013
t 910 911 1014
t 911 1015 1014
t 911 912 1015
t 912 1016 1015
t 912 913 1016
t 913 1017 1016
t 913 914 1017
t 914 1018 1017
t 914 915 1018
t 915 1019 1018
t 915 916 1019
t 916 1020 1019
t 916 917 1020
t 917 1021 1020
t 917 918 1021
t 918 1022 1021
t 918 919 1022
t 919 1023 1022
t 919 920 1023
t 920 1024 1023
t 920 921 1024
t 921 1025 1024
t 921 922 1025
t 922 1026 1025
t 922 923 1026
t 923 1027 1026
t 923 924 1027
t 924 1028 1027
t 924 925 1028
t 925 1029 1028
t 925 926 1029
t 926 1030 1029
t 926 927 1030
t 927 1031 1030
t 927 928 1031
t 928 1032 1031
t 928 929 1032
t 929 1033 1032
t 929 930 1033
t 930 1034 1033
t 930 931 1034
t 931 1035 1034
t 931 932 1035
t 932 1036 1035
t 932 933 1036
t 933 1037 1036
t 933 934 1037
t 934 1038 1037
t 934 935 1038
t 935 1039 1038
t 935 936 1039
t 936 1040 1039
t 936 937 1040
t 937 1041 1040
t 937 938 1041
t 938 1042 1041
t 938 939 1042
t 939 1043 1042
t 939 940 1043
t 940 1044 1043
t 940 941 1044
t 941 1045 1044
t 941 942 1045
t 942 1046 1045
t 942 943 1046
t 943 1047 1046
t 943 944 1047
t 944 1048 1047
t 944 945 1048
t 945 1049 1048
t 945 946 1049
t 946 1050 1049
t 946 947 1050
t 947 1051 1050
t 947 948 1051
t 948 1052 1051
t 948 949 1052
t 949 1053 1052
t 949 950 1053
t 950 1054 1053
t 950 951 1054
t 951 1055 1054
t 951 952 1055
t 952 1056 1055
t 952 953 1056
t 953 1057 1056
t 953 954 1057
t 954 1058 1057
t 954 955 1058
t 955 1059 1058
t 955 956 1059
t 956 1060 1059
t 956 957 1060
t 957 1061 1060
t 957 958 1061
t 958 1062 1061
t 958 959 1062
t 959 1063 1062
t 959 960 1063
t 960 1064 1063
t 960 961 1064
t 961 1065 1064
t 961 962 1065
t 962 1066 1065
t 962 963 1066
t 963 1067 1066
t 963 964 1067
t 964 1068 1067
t 964 965 1068
t 965 1069 1068
t 965 966 1069
t 966 1070 1069
t 966 967 1070
t 967 1071 1070
t 967 968 1071
t 968 1072 1071
t 968 969 1072
t 969 1073 1072
t 969 970 1073
t 970 1074 1073
t 970 971 1074
t 971 1075 1074
t 971 972 1075
t 972 1076 1075
t 972 973 1076
t 973 1077 1076
t 973 974 1077
t 974 1078 1077
t 974 975 1078
t 975 77 1078
t 975 976 77
t 976 977 77
t 977 978 77
t 978 979 77
t 979 980 77
t 980 981 77
t 981 982 77
t 982 983 77
t 983 984 77
t 984 985 77
t 985 986 77
t 986 987 77
t 987 988 77
t 988 989 77
t 989 990 77
t 990 991 77
t 991 992 77
t 992 993 77
t 993 994 77
t 994 995 77
t 995 996 77
t 996 997 77
t 997 998 77
t 998 999 77
t 999 1000 77
t 1000 1001 77
t 1001 1002 77
t 1002 1003 77
t 1003 1004 77
t 1004 1005 77
t 1005 1006 77
t 1006 1007 77
t 1007 1008 77
t 1008 61 77
t 116 114 115
t 116 113 114
t 116 112 113
t 116 111 112
t 116 110 111
t 77 78 79
t 77 79 80
t 77 80 81
t 77 81 82
t 77 82 83
t 77 83 84
t 77 84 85
t 77 85 86
t 77 86 87
t 77 87 88
t 77 88 89
t 77 89 90
t 77 90 91
t 77 91 92
t 77 92 93
t 77 93 94
t 77 94 95
t 77 95 96
t 77 96 97
t 77 97 98
t 77 98 99
t 77 99 100
t 77 100 101
t 77 101 102
t 77 102 103
t 77 103 104
t 77 104 105
t 77 105 106
t 77 106 107
t 77 107 108
t 77 108 109
t 77 109 110
t 116 1009 110
t 1009 1010 110
t 1010 1011 110
t 1011 1012 110
t 1012 1013 110
t 1013 1014 110
t 1014 1015 110
t 1015 1016 110
t 1016 1017 110
t 1017 1018 110
t 1018 1019 110
t 1019 1020 110
t 1020 1021 110
t 1021 1022 110
t 1022 1023 110
t 1023 1024 110
t 1024 1025 110
t 1025 1026 110
t 1026 1027 110
t 1027 1028 110
t 1028 1029 110
t 1029 1030 110
t 1030 1031 110
t 1031 1032 110
t 1032 1033 110
t 1033 1034 110
t 1034 1035 110
t 1035 1036 110
t 1036 1037 110
t 1037 1038 110
t 1038 1039 110
t 1039 1040 110
t 1040 1041 110
t 1041 1042 110
t 1042 1043 110
t 1043 1044 110
t 1044 1045 110
t 1045 1046 110
t 1046 1047 110
t 1047 1048 110
t 1048 1049 110
t 1049 1050 110
t 1050 1051 110
t 1051 1052 110
t 1052 1053 110
t 1053 1054 110
t 1054 1055 110
t 1055 1056 110
t 1056 1057 110
t 1057 1058 110
t 1058 1059 110
t 1059 1060 110
t 1060 1061 110
t 1061 1062 110
t 1062 1063 110
t 1063 1064 110
t 1064 1065 110
t 1065 1066 110
t 1066 1067 110
t 1067 1068 110
t 1068 1069 110
t 1069 1070 110
t 1070 1071 110
t 1071 1072 110
t 1072 1073 110
t 1073 1074 110
t 1074 1075 110
t 1075 1076 110
t 1076 1077 110
t 1077 1078 110
t 1078 77 110
