type=Nurbs forward=true n_boundary=172 n_holes=0 n_interior=359 n_tris=734 label=brep62542_f241_Nurbs(deg=3/3, cps=4x13)
boundary
b 0.823727266 0.998097670
b 0.799284660 0.998097670
b 0.775031708 0.998097670
b 0.750951744 0.998097670
b 0.727028544 0.998097670
b 0.703246286 0.998097670
b 0.679589499 0.998097670
b 0.656043030 0.998097670
b 0.632591995 0.998097670
b 0.609221749 0.998097670
b 0.585917842 0.998097670
b 0.562665989 0.998097670
b 0.539452028 0.998097670
b 0.516261891 0.998097670
b 0.493081567 0.998097670
b 0.469897069 0.998097670
b 0.446694399 0.998097670
b 0.423459516 0.998097670
b 0.400178301 0.998097670
b 0.376836522 0.998097670
b 0.353419800 0.998097670
b 0.329913572 0.998097670
b 0.306303057 0.998097670
b 0.282573214 0.998097670
b 0.258708704 0.998097670
b 0.234693854 0.998097670
b 0.210512605 0.998097670
b 0.186148477 0.998097670
b 0.161584514 0.998097670
b 0.136803238 0.998097670
b 0.111786598 0.998097670
b 0.111786368 0.985579298
b 0.111785820 0.972895143
b 0.111785148 0.960047435
b 0.111784527 0.947038293
b 0.111784120 0.933869726
b 0.111784072 0.920543633
b 0.111784510 0.907061802
b 0.111785374 0.893426021
b 0.111786420 0.879638071
b 0.111787380 0.865698940
b 0.111788098 0.851604932
b 0.111788535 0.837350333
b 0.111788747 0.822929261
b 0.111788848 0.808335675
b 0.111788772 0.793563339
b 0.111788425 0.778605856
b 0.111787787 0.763456689
b 0.111786914 0.748109173
b 0.111785943 0.732556701
b 0.111785178 0.716794506
b 0.111784917 0.700818855
b 0.111785115 0.684625762
b 0.111785626 0.668210956
b 0.111786279 0.651569888
b 0.111786882 0.634697732
b 0.111787212 0.617589399
b 0.111787016 0.600239547
b 0.111785900 0.582642729
b 0.111783928 0.564796376
b 0.111781858 0.546700739
b 0.111780294 0.528355878
b 0.111779639 0.509761526
b 0.111780094 0.490917092
b 0.111781654 0.471821661
b 0.111783950 0.452473976
b 0.111786015 0.432872377
b 0.111786579 0.413014802
b 0.111785232 0.392896031
b 0.111783083 0.372505972
b 0.111781174 0.351833489
b 0.111780289 0.330866800
b 0.111780831 0.309593596
b 0.111782604 0.288001245
b 0.111784948 0.266076609
b 0.111786724 0.243806042
b 0.111786248 0.221175467
b 0.111782653 0.198176487
b 0.111777928 0.174815070
b 0.111773939 0.151098302
b 0.111771923 0.127031054
b 0.111772453 0.102616876
b 0.111775414 0.077858227
b 0.111779972 0.052756460
b 0.111784549 0.027311813
b 0.111786777 0.001523401
b 0.138086688 0.001502608
b 0.164127075 0.001502607
b 0.189929184 0.001502607
b 0.215513258 0.001502607
b 0.240898907 0.001502607
b 0.266105177 0.001502607
b 0.291150607 0.001502607
b 0.316053288 0.001502606
b 0.340830916 0.001502606
b 0.365500840 0.001502606
b 0.390080121 0.001502606
b 0.414585570 0.001502606
b 0.439033800 0.001502606
b 0.463441271 0.001502606
b 0.487824333 0.001502606
b 0.512199272 0.001502605
b 0.536582350 0.001502605
b 0.560989852 0.001502605
b 0.585438130 0.001502605
b 0.609943643 0.001502605
b 0.634523004 0.001502605
b 0.659193026 0.001502605
b 0.683970766 0.001502605
b 0.708873578 0.001502605
b 0.733919157 0.001502605
b 0.759125592 0.001502605
b 0.784511425 0.001502605
b 0.810095702 0.001502605
b 0.835898034 0.001502605
b 0.861938664 0.001502605
b 0.888238383 0.001512464
b 0.886690514 0.027782121
b 0.885132824 0.053693218
b 0.883573679 0.079246611
b 0.882021746 0.104441786
b 0.880485665 0.129276882
b 0.878973736 0.153748733
b 0.877493637 0.177852907
b 0.876051335 0.201583475
b 0.874648973 0.224932507
b 0.873285926 0.247893368
b 0.871954844 0.270474444
b 0.870648541 0.292689968
b 0.869363144 0.314553597
b 0.868097843 0.336078344
b 0.866854181 0.357276743
b 0.865635098 0.378161162
b 0.864445991 0.398743308
b 0.863294742 0.419034108
b 0.862190792 0.439043366
b 0.861137222 0.458776359
b 0.860132796 0.478235419
b 0.859176299 0.497422469
b 0.858265798 0.516339167
b 0.857399808 0.534986792
b 0.856577413 0.553366227
b 0.855798167 0.571477960
b 0.855062019 0.589322088
b 0.854369139 0.606898458
b 0.853717693 0.624209795
b 0.853104045 0.641261818
b 0.852525694 0.658060109
b 0.851981380 0.674609948
b 0.851470993 0.690916307
b 0.850995489 0.706983843
b 0.850556800 0.722816896
b 0.850157313 0.738419533
b 0.849799584 0.753795594
b 0.849483193 0.768950076
b 0.849202919 0.783890041
b 0.848954353 0.798622600
b 0.848734346 0.813154720
b 0.848540935 0.827493208
b 0.848372914 0.841644698
b 0.848229794 0.855615651
b 0.848112159 0.869412361
b 0.848021625 0.883040936
b 0.847959768 0.896505307
b 0.847926181 0.909804352
b 0.847920033 0.922936098
b 0.847940042 0.935898579
b 0.847984645 0.948689791
b 0.848052255 0.961307610
b 0.848141250 0.973749790
b 0.848249966 0.986013969
b 0.848376685 0.998097670
interior
i 0.208830231 0.126076988
i 0.305888538 0.126076988
i 0.402946846 0.126076988
i 0.500005153 0.126076988
i 0.597063461 0.126076988
i 0.694121768 0.126076988
i 0.791180076 0.126076988
i 0.208830231 0.250651371
i 0.305888538 0.250651371
i 0.402946846 0.250651371
i 0.500005153 0.250651371
i 0.597063461 0.250651371
i 0.694121768 0.250651371
i 0.791180076 0.250651371
i 0.208830231 0.375225754
i 0.305888538 0.375225754
i 0.402946846 0.375225754
i 0.500005153 0.375225754
i 0.597063461 0.375225754
i 0.694121768 0.375225754
i 0.791180076 0.375225754
i 0.208830231 0.499800137
i 0.305888538 0.499800137
i 0.402946846 0.499800137
i 0.500005153 0.499800137
i 0.597063461 0.499800137
i 0.694121768 0.499800137
i 0.791180076 0.499800137
i 0.208830231 0.624374521
i 0.305888538 0.624374521
i 0.402946846 0.624374521
i 0.500005153 0.624374521
i 0.597063461 0.624374521
i 0.694121768 0.624374521
i 0.791180076 0.624374521
i 0.208830231 0.748948904
i 0.305888538 0.748948904
i 0.402946846 0.748948904
i 0.500005153 0.748948904
i 0.597063461 0.748948904
i 0.694121768 0.748948904
i 0.791180076 0.748948904
i 0.208830231 0.873523287
i 0.305888538 0.873523287
i 0.402946846 0.873523287
i 0.500005153 0.873523287
i 0.597063461 0.873523287
i 0.694121768 0.873523287
i 0.791180076 0.873523287
i 0.160301077 0.063789796
i 0.136036500 0.032646200
i 0.184565654 0.032646200
i 0.136036500 0.094933392
i 0.184565654 0.094933392
i 0.160301077 0.188364179
i 0.136036500 0.157220584
i 0.184565654 0.157220584
i 0.136036500 0.219507775
i 0.184565654 0.219507775
i 0.160301077 0.312938563
i 0.136036500 0.281794967
i 0.184565654 0.281794967
i 0.136036500 0.344082158
i 0.184565654 0.344082158
i 0.160301077 0.437512946
i 0.136036500 0.406369350
i 0.184565654 0.406369350
i 0.136036500 0.468656542
i 0.184565654 0.468656542
i 0.160301077 0.562087329
i 0.136036500 0.530943733
i 0.184565654 0.530943733
i 0.136036500 0.593230925
i 0.184565654 0.593230925
i 0.160301077 0.686661712
i 0.136036500 0.655518116
i 0.184565654 0.655518116
i 0.136036500 0.717805308
i 0.184565654 0.717805308
i 0.160301077 0.811236095
i 0.136036500 0.780092500
i 0.184565654 0.780092500
i 0.136036500 0.842379691
i 0.184565654 0.842379691
i 0.160301077 0.935810479
i 0.136036500 0.904666883
i 0.184565654 0.904666883
i 0.136036500 0.966954074
i 0.184565654 0.966954074
i 0.257359384 0.063789796
i 0.233094808 0.032646200
i 0.281623961 0.032646200
i 0.233094808 0.094933392
i 0.281623961 0.094933392
i 0.257359384 0.188364179
i 0.233094808 0.157220584
i 0.281623961 0.157220584
i 0.233094808 0.219507775
i 0.281623961 0.219507775
i 0.257359384 0.312938563
i 0.233094808 0.281794967
i 0.281623961 0.281794967
i 0.233094808 0.344082158
i 0.281623961 0.344082158
i 0.257359384 0.437512946
i 0.233094808 0.406369350
i 0.281623961 0.406369350
i 0.233094808 0.468656542
i 0.281623961 0.468656542
i 0.257359384 0.562087329
i 0.233094808 0.530943733
i 0.281623961 0.530943733
i 0.233094808 0.593230925
i 0.281623961 0.593230925
i 0.257359384 0.686661712
i 0.233094808 0.655518116
i 0.281623961 0.655518116
i 0.233094808 0.717805308
i 0.281623961 0.717805308
i 0.257359384 0.811236095
i 0.233094808 0.780092500
i 0.281623961 0.780092500
i 0.233094808 0.842379691
i 0.281623961 0.842379691
i 0.257359384 0.935810479
i 0.233094808 0.904666883
i 0.281623961 0.904666883
i 0.233094808 0.966954074
i 0.281623961 0.966954074
i 0.354417692 0.063789796
i 0.330153115 0.032646200
i 0.378682269 0.032646200
i 0.330153115 0.094933392
i 0.378682269 0.094933392
i 0.354417692 0.188364179
i 0.330153115 0.157220584
i 0.378682269 0.157220584
i 0.330153115 0.219507775
i 0.378682269 0.219507775
i 0.354417692 0.312938563
i 0.330153115 0.281794967
i 0.378682269 0.281794967
i 0.330153115 0.344082158
i 0.378682269 0.344082158
i 0.354417692 0.437512946
i 0.330153115 0.406369350
i 0.378682269 0.406369350
i 0.330153115 0.468656542
i 0.378682269 0.468656542
i 0.354417692 0.562087329
i 0.330153115 0.530943733
i 0.378682269 0.530943733
i 0.330153115 0.593230925
i 0.378682269 0.593230925
i 0.354417692 0.686661712
i 0.330153115 0.655518116
i 0.378682269 0.655518116
i 0.330153115 0.717805308
i 0.378682269 0.717805308
i 0.354417692 0.811236095
i 0.330153115 0.780092500
i 0.378682269 0.780092500
i 0.330153115 0.842379691
i 0.378682269 0.842379691
i 0.354417692 0.935810479
i 0.330153115 0.904666883
i 0.378682269 0.904666883
i 0.330153115 0.966954074
i 0.378682269 0.966954074
i 0.451475999 0.063789796
i 0.427211423 0.032646200
i 0.475740576 0.032646200
i 0.427211423 0.094933392
i 0.475740576 0.094933392
i 0.451475999 0.188364179
i 0.427211423 0.157220584
i 0.475740576 0.157220584
i 0.427211423 0.219507775
i 0.475740576 0.219507775
i 0.451475999 0.312938563
i 0.427211423 0.281794967
i 0.475740576 0.281794967
i 0.427211423 0.344082158
i 0.475740576 0.344082158
i 0.451475999 0.437512946
i 0.427211423 0.406369350
i 0.475740576 0.406369350
i 0.427211423 0.468656542
i 0.475740576 0.468656542
i 0.451475999 0.562087329
i 0.427211423 0.530943733
i 0.475740576 0.530943733
i 0.427211423 0.593230925
i 0.475740576 0.593230925
i 0.451475999 0.686661712
i 0.427211423 0.655518116
i 0.475740576 0.655518116
i 0.427211423 0.717805308
i 0.475740576 0.717805308
i 0.451475999 0.811236095
i 0.427211423 0.780092500
i 0.475740576 0.780092500
i 0.427211423 0.842379691
i 0.475740576 0.842379691
i 0.451475999 0.935810479
i 0.427211423 0.904666883
i 0.475740576 0.904666883
i 0.427211423 0.966954074
i 0.475740576 0.966954074
i 0.548534307 0.063789796
i 0.524269730 0.032646200
i 0.572798884 0.032646200
i 0.524269730 0.094933392
i 0.572798884 0.094933392
i 0.548534307 0.188364179
i 0.524269730 0.157220584
i 0.572798884 0.157220584
i 0.524269730 0.219507775
i 0.572798884 0.219507775
i 0.548534307 0.312938563
i 0.524269730 0.281794967
i 0.572798884 0.281794967
i 0.524269730 0.344082158
i 0.572798884 0.344082158
i 0.548534307 0.437512946
i 0.524269730 0.406369350
i 0.572798884 0.406369350
i 0.524269730 0.468656542
i 0.572798884 0.468656542
i 0.548534307 0.562087329
i 0.524269730 0.530943733
i 0.572798884 0.530943733
i 0.524269730 0.593230925
i 0.572798884 0.593230925
i 0.548534307 0.686661712
i 0.524269730 0.655518116
i 0.572798884 0.655518116
i 0.524269730 0.717805308
i 0.572798884 0.717805308
i 0.548534307 0.811236095
i 0.524269730 0.780092500
i 0.572798884 0.780092500
i 0.524269730 0.842379691
i 0.572798884 0.842379691
i 0.548534307 0.935810479
i 0.524269730 0.904666883
i 0.572798884 0.904666883
i 0.524269730 0.966954074
i 0.572798884 0.966954074
i 0.645592614 0.063789796
i 0.621328037 0.032646200
i 0.669857191 0.032646200
i 0.621328037 0.094933392
i 0.669857191 0.094933392
i 0.645592614 0.188364179
i 0.621328037 0.157220584
i 0.669857191 0.157220584
i 0.621328037 0.219507775
i 0.669857191 0.219507775
i 0.645592614 0.312938563
i 0.621328037 0.281794967
i 0.669857191 0.281794967
i 0.621328037 0.344082158
i 0.669857191 0.344082158
i 0.645592614 0.437512946
i 0.621328037 0.406369350
i 0.669857191 0.406369350
i 0.621328037 0.468656542
i 0.669857191 0.468656542
i 0.645592614 0.562087329
i 0.621328037 0.530943733
i 0.669857191 0.530943733
i 0.621328037 0.593230925
i 0.669857191 0.593230925
i 0.645592614 0.686661712
i 0.621328037 0.655518116
i 0.669857191 0.655518116
i 0.621328037 0.717805308
i 0.669857191 0.717805308
i 0.645592614 0.811236095
i 0.621328037 0.780092500
i 0.669857191 0.780092500
i 0.621328037 0.842379691
i 0.669857191 0.842379691
i 0.645592614 0.935810479
i 0.621328037 0.904666883
i 0.669857191 0.904666883
i 0.621328037 0.966954074
i 0.669857191 0.966954074
i 0.742650922 0.063789796
i 0.718386345 0.032646200
i 0.766915499 0.032646200
i 0.718386345 0.094933392
i 0.766915499 0.094933392
i 0.742650922 0.188364179
i 0.718386345 0.157220584
i 0.766915499 0.157220584
i 0.718386345 0.219507775
i 0.766915499 0.219507775
i 0.742650922 0.312938563
i 0.718386345 0.281794967
i 0.766915499 0.281794967
i 0.718386345 0.344082158
i 0.766915499 0.344082158
i 0.742650922 0.437512946
i 0.718386345 0.406369350
i 0.766915499 0.406369350
i 0.718386345 0.468656542
i 0.766915499 0.468656542
i 0.742650922 0.562087329
i 0.718386345 0.530943733
i 0.766915499 0.530943733
i 0.718386345 0.593230925
i 0.766915499 0.593230925
i 0.742650922 0.686661712
i 0.718386345 0.655518116
i 0.766915499 0.655518116
i 0.718386345 0.717805308
i 0.766915499 0.717805308
i 0.742650922 0.811236095
i 0.718386345 0.780092500
i 0.766915499 0.780092500
i 0.718386345 0.842379691
i 0.766915499 0.842379691
i 0.742650922 0.935810479
i 0.718386345 0.904666883
i 0.766915499 0.904666883
i 0.718386345 0.966954074
i 0.766915499 0.966954074
i 0.839709229 0.063789796
i 0.815444652 0.032646200
i 0.863973806 0.032646200
i 0.815444652 0.094933392
i 0.863973806 0.094933392
i 0.839709229 0.188364179
i 0.815444652 0.157220584
i 0.863973806 0.157220584
i 0.815444652 0.219507775
i 0.863973806 0.219507775
i 0.839709229 0.312938563
i 0.815444652 0.281794967
i 0.863973806 0.281794967
i 0.815444652 0.344082158
i 0.863973806 0.344082158
i 0.839709229 0.437512946
i 0.815444652 0.406369350
i 0.815444652 0.468656542
i 0.839709229 0.562087329
i 0.815444652 0.530943733
i 0.815444652 0.593230925
i 0.839709229 0.686661712
i 0.815444652 0.655518116
i 0.815444652 0.717805308
i 0.839709229 0.811236095
i 0.815444652 0.780092500
i 0.815444652 0.842379691
i 0.839709229 0.935810479
i 0.815444652 0.904666883
i 0.815444652 0.966954074
tris
t 86 84 85
t 86 83 84
t 86 82 83
t 86 81 82
t 86 80 81
t 86 79 80
t 86 78 79
t 86 77 78
t 86 76 77
t 86 75 76
t 115 116 117
t 115 117 118
t 115 118 119
t 115 119 120
t 115 120 121
t 115 121 122
t 115 122 123
t 115 123 124
t 115 124 125
t 115 125 126
t 86 531 75
t 86 532 531
t 86 533 532
t 86 534 533
t 86 87 534
t 87 535 534
t 87 536 535
t 87 88 536
t 88 537 536
t 88 538 537
t 88 89 538
t 89 539 538
t 89 540 539
t 89 90 540
t 90 541 540
t 90 542 541
t 90 91 542
t 91 543 542
t 91 544 543
t 91 92 544
t 92 545 544
t 92 546 545
t 92 93 546
t 93 547 546
t 93 548 547
t 93 94 548
t 94 549 548
t 94 550 549
t 94 95 550
t 95 551 550
t 95 552 551
t 95 96 552
t 96 553 552
t 96 554 553
t 96 97 554
t 97 555 554
t 97 556 555
t 97 98 556
t 98 557 556
t 98 558 557
t 98 99 558
t 99 559 558
t 99 560 559
t 99 100 560
t 100 561 560
t 100 562 561
t 100 101 562
t 101 563 562
t 101 564 563
t 101 102 564
t 102 565 564
t 102 566 565
t 102 103 566
t 103 567 566
t 103 568 567
t 103 104 568
t 104 569 568
t 104 570 569
t 104 571 570
t 104 105 571
t 105 572 571
t 105 573 572
t 105 106 573
t 106 574 573
t 106 575 574
t 106 107 575
t 107 576 575
t 107 577 576
t 107 108 577
t 108 578 577
t 108 579 578
t 108 109 579
t 109 580 579
t 109 581 580
t 109 110 581
t 110 582 581
t 110 583 582
t 110 111 583
t 111 584 583
t 111 585 584
t 111 112 585
t 112 586 585
t 112 587 586
t 112 113 587
t 113 588 587
t 113 589 588
t 113 114 589
t 114 590 589
t 114 591 590
t 114 592 591
t 114 593 592
t 114 594 593
t 114 595 594
t 114 596 595
t 114 597 596
t 114 598 597
t 114 599 598
t 114 600 599
t 114 601 600
t 114 602 601
t 114 603 602
t 114 604 603
t 114 605 604
t 114 606 605
t 114 607 606
t 114 608 607
t 114 609 608
t 114 610 609
t 114 611 610
t 114 612 611
t 114 613 612
t 114 614 613
t 114 615 614
t 114 616 615
t 114 617 616
t 114 618 617
t 114 619 618
t 114 620 619
t 114 621 620
t 114 622 621
t 114 623 622
t 114 624 623
t 114 625 624
t 114 626 625
t 114 115 626
t 115 627 626
t 115 628 627
t 115 629 628
t 115 630 629
t 115 631 630
t 115 632 631
t 115 633 632
t 115 634 633
t 115 635 634
t 115 636 635
t 115 126 636
t 75 73 74
t 75 72 73
t 75 71 72
t 75 70 71
t 75 69 70
t 75 68 69
t 75 67 68
t 75 66 67
t 75 65 66
t 75 64 65
t 75 63 64
t 126 127 128
t 126 128 129
t 126 129 130
t 126 130 131
t 126 131 132
t 126 132 133
t 126 133 134
t 126 134 135
t 126 135 136
t 126 136 137
t 126 137 138
t 75 637 63
t 75 638 637
t 75 639 638
t 75 640 639
t 75 641 640
t 75 642 641
t 75 643 642
t 75 531 643
t 531 644 643
t 531 532 644
t 532 645 644
t 532 533 645
t 533 646 645
t 533 534 646
t 534 647 646
t 534 535 647
t 535 648 647
t 535 536 648
t 536 649 648
t 536 537 649
t 537 650 649
t 537 538 650
t 538 651 650
t 538 539 651
t 539 652 651
t 539 540 652
t 540 653 652
t 540 541 653
t 541 654 653
t 541 542 654
t 542 655 654
t 542 543 655
t 543 656 655
t 543 544 656
t 544 657 656
t 544 545 657
t 545 658 657
t 545 546 658
t 546 659 658
t 546 547 659
t 547 660 659
t 547 548 660
t 548 661 660
t 548 549 661
t 549 662 661
t 549 550 662
t 550 663 662
t 550 551 663
t 551 664 663
t 551 552 664
t 552 665 664
t 552 553 665
t 553 666 665
t 553 554 666
t 554 667 666
t 554 555 667
t 555 668 667
t 555 556 668
t 556 669 668
t 556 557 669
t 557 670 669
t 557 558 670
t 558 671 670
t 558 559 671
t 559 672 671
t 559 560 672
t 560 673 672
t 560 561 673
t 561 674 673
t 561 562 674
t 562 675 674
t 562 563 675
t 563 676 675
t 563 564 676
t 564 677 676
t 564 565 677
t 565 678 677
t 565 566 678
t 566 679 678
t 566 567 679
t 567 680 679
t 567 568 680
t 568 681 680
t 568 569 681
t 569 682 681
t 569 570 682
t 570 683 682
t 570 571 683
t 571 684 683
t 571 572 684
t 572 685 684
t 572 573 685
t 573 686 685
t 573 574 686
t 574 687 686
t 574 575 687
t 575 688 687
t 575 576 688
t 576 689 688
t 576 577 689
t 577 690 689
t 577 578 690
t 578 691 690
t 578 579 691
t 579 692 691
t 579 580 692
t 580 693 692
t 580 581 693
t 581 694 693
t 581 582 694
t 582 695 694
t 582 583 695
t 583 696 695
t 583 584 696
t 584 697 696
t 584 585 697
t 585 698 697
t 585 586 698
t 586 699 698
t 586 587 699
t 587 700 699
t 587 588 700
t 588 701 700
t 588 589 701
t 589 702 701
t 589 590 702
t 590 703 702
t 590 591 703
t 591 704 703
t 591 592 704
t 592 705 704
t 592 593 705
t 593 706 705
t 593 594 706
t 594 707 706
t 594 595 707
t 595 708 707
t 595 596 708
t 596 709 708
t 596 597 709
t 597 710 709
t 597 598 710
t 598 711 710
t 598 599 711
t 599 712 711
t 599 600 712
t 600 713 712
t 600 601 713
t 601 714 713
t 601 602 714
t 602 715 714
t 602 603 715
t 603 716 715
t 603 604 716
t 604 717 716
t 604 605 717
t 605 718 717
t 605 606 718
t 606 719 718
t 606 607 719
t 607 720 719
t 607 608 720
t 608 721 720
t 608 609 721
t 609 722 721
t 609 610 722
t 610 723 722
t 610 611 723
t 611 724 723
t 611 612 724
t 612 725 724
t 612 613 725
t 613 726 725
t 613 614 726
t 614 727 726
t 614 615 727
t 615 728 727
t 615 616 728
t 616 729 728
t 616 617 729
t 617 730 729
t 617 618 730
t 618 731 730
t 618 619 731
t 619 732 731
t 619 620 732
t 620 733 732
t 620 621 733
t 621 734 733
t 621 622 734
t 622 735 734
t 622 623 735
t 623 736 735
t 623 624 736
t 624 138 736
t 624 625 138
t 625 626 138
t 626 627 138
t 627 628 138
t 628 629 138
t 629 630 138
t 630 631 138
t 631 632 138
t 632 633 138
t 633 634 138
t 634 635 138
t 635 636 138
t 636 126 138
t 63 61 62
t 63 60 61
t 63 59 60
t 63 58 59
t 63 57 58
t 63 56 57
t 63 55 56
t 63 54 55
t 63 53 54
t 63 52 53
t 63 51 52
t 63 50 51
t 63 49 50
t 63 48 49
t 63 47 48
t 138 139 140
t 138 140 141
t 138 141 142
t 138 142 143
t 138 143 144
t 138 144 145
t 138 145 146
t 138 146 147
t 138 147 148
t 138 148 149
t 138 149 150
t 138 150 151
t 138 151 152
t 138 152 153
t 138 153 154
t 63 637 47
t 637 638 47
t 638 639 47
t 639 640 47
t 640 641 47
t 641 642 47
t 642 643 47
t 643 644 47
t 644 645 47
t 645 737 47
t 645 646 737
t 646 738 737
t 646 647 738
t 647 739 738
t 647 648 739
t 648 740 739
t 648 649 740
t 649 741 740
t 649 650 741
t 650 742 741
t 650 651 742
t 651 743 742
t 651 652 743
t 652 744 743
t 652 653 744
t 653 745 744
t 653 654 745
t 654 746 745
t 654 655 746
t 655 747 746
t 655 656 747
t 656 748 747
t 656 657 748
t 657 749 748
t 657 658 749
t 658 750 749
t 658 659 750
t 659 751 750
t 659 660 751
t 660 752 751
t 660 661 752
t 661 753 752
t 661 662 753
t 662 754 753
t 662 663 754
t 663 755 754
t 663 664 755
t 664 756 755
t 664 665 756
t 665 757 756
t 665 666 757
t 666 758 757
t 666 667 758
t 667 759 758
t 667 668 759
t 668 760 759
t 668 669 760
t 669 761 760
t 669 670 761
t 670 762 761
t 670 671 762
t 671 763 762
t 671 672 763
t 672 764 763
t 672 673 764
t 673 765 764
t 673 674 765
t 674 766 765
t 674 675 766
t 675 767 766
t 675 676 767
t 676 768 767
t 676 677 768
t 677 769 768
t 677 678 769
t 678 770 769
t 678 679 770
t 679 771 770
t 679 680 771
t 680 772 771
t 680 681 772
t 681 773 772
t 681 682 773
t 682 774 773
t 682 683 774
t 683 775 774
t 683 684 775
t 684 776 775
t 684 685 776
t 685 777 776
t 685 686 777
t 686 778 777
t 686 687 778
t 687 779 778
t 687 688 779
t 688 780 779
t 688 689 780
t 689 781 780
t 689 690 781
t 690 782 781
t 690 691 782
t 691 783 782
t 691 692 783
t 692 784 783
t 692 693 784
t 693 785 784
t 693 694 785
t 694 786 785
t 694 695 786
t 695 787 786
t 695 696 787
t 696 788 787
t 696 697 788
t 697 789 788
t 697 698 789
t 698 790 789
t 698 699 790
t 699 791 790
t 699 700 791
t 700 792 791
t 700 701 792
t 701 793 792
t 701 702 793
t 702 794 793
t 702 703 794
t 703 795 794
t 703 704 795
t 704 796 795
t 704 705 796
t 705 797 796
t 705 706 797
t 706 798 797
t 706 707 798
t 707 799 798
t 707 708 799
t 708 800 799
t 708 709 800
t 709 801 800
t 709 710 801
t 710 802 801
t 710 711 802
t 711 803 802
t 711 712 803
t 712 804 803
t 712 713 804
t 713 805 804
t 713 714 805
t 714 806 805
t 714 715 806
t 715 807 806
t 715 716 807
t 716 808 807
t 716 717 808
t 717 809 808
t 717 718 809
t 718 810 809
t 718 719 810
t 719 811 810
t 719 720 811
t 720 812 811
t 720 721 812
t 721 154 812
t 721 722 154
t 722 723 154
t 723 724 154
t 724 725 154
t 725 726 154
t 726 727 154
t 727 728 154
t 728 729 154
t 729 730 154
t 730 731 154
t 731 732 154
t 732 733 154
t 733 734 154
t 734 735 154
t 735 736 154
t 736 138 154
t 47 45 46
t 47 44 45
t 47 43 44
t 47 42 43
t 47 41 42
t 47 40 41
t 47 39 40
t 47 38 39
t 47 37 38
t 47 36 37
t 47 35 36
t 47 34 35
t 47 33 34
t 47 32 33
t 47 31 32
t 47 30 31
t 154 155 156
t 154 156 157
t 154 157 158
t 154 158 159
t 154 159 160
t 154 160 161
t 154 161 162
t 154 162 163
t 154 163 164
t 154 164 165
t 154 165 166
t 154 166 167
t 154 167 168
t 154 168 169
t 154 169 170
t 154 170 171
t 47 737 30
t 737 29 30
t 737 738 29
t 738 739 29
t 739 28 29
t 739 740 28
t 740 741 28
t 741 27 28
t 741 742 27
t 742 743 27
t 743 26 27
t 743 744 26
t 744 745 26
t 745 25 26
t 745 746 25
t 746 747 25
t 747 24 25
t 747 748 24
t 748 749 24
t 749 23 24
t 749 750 23
t 750 751 23
t 751 22 23
t 751 752 22
t 752 753 22
t 753 21 22
t 753 754 21
t 754 755 21
t 755 20 21
t 755 756 20
t 756 757 20
t 757 19 20
t 757 758 19
t 758 759 19
t 759 18 19
t 759 760 18
t 760 761 18
t 761 17 18
t 761 762 17
t 762 763 17
t 763 16 17
t 763 764 16
t 764 765 16
t 765 15 16
t 765 766 15
t 766 767 15
t 767 14 15
t 767 768 14
t 768 769 14
t 769 13 14
t 769 770 13
t 770 771 13
t 771 12 13
t 771 772 12
t 772 773 12
t 773 11 12
t 773 774 11
t 774 775 11
t 775 10 11
t 775 776 10
t 776 9 10
t 776 777 9
t 777 778 9
t 778 8 9
t 778 779 8
t 779 780 8
t 780 7 8
t 780 781 7
t 781 782 7
t 782 6 7
t 782 783 6
t 783 784 6
t 784 5 6
t 784 785 5
t 785 786 5
t 786 4 5
t 786 787 4
t 787 788 4
t 788 3 4
t 788 789 3
t 789 790 3
t 790 2 3
t 790 791 2
t 791 792 2
t 792 1 2
t 792 793 1
t 793 794 1
t 794 0 1
t 794 795 0
t 795 796 0
t 796 797 0
t 797 798 0
t 798 799 0
t 799 800 0
t 800 801 0
t 801 802 0
t 802 803 0
t 803 804 0
t 804 805 0
t 805 806 0
t 806 807 0
t 807 808 0
t 808 171 0
t 808 809 171
t 809 810 171
t 810 811 171
t 811 812 171
t 812 154 171
