type=Nurbs forward=false n_boundary=229 n_holes=0 n_interior=97 n_tris=265 label=brep62542_f115_Nurbs(deg=3/3, cps=6x15)
boundary
b 1.000001794 0.153474684
b 1.000002017 0.169801194
b 1.000002433 0.186082988
b 1.000002635 0.202316052
b 1.000002309 0.218496594
b 1.000001870 0.234621264
b 1.000001677 0.250686767
b 1.000001867 0.266689816
b 1.000002333 0.282627149
b 1.000002698 0.298495544
b 1.000002484 0.314291958
b 1.000001988 0.330013980
b 1.000001650 0.345659374
b 1.000001701 0.361225875
b 1.000002129 0.376711214
b 1.000002655 0.392113127
b 1.000002729 0.407429405
b 1.000002260 0.422658414
b 1.000001745 0.437799046
b 1.000001534 0.452850144
b 1.000001767 0.467810486
b 1.000002334 0.482678811
b 1.000002842 0.497453829
b 1.000002733 0.512134373
b 1.000002196 0.526720119
b 1.000001690 0.541210986
b 1.000001517 0.555606774
b 1.000001789 0.569907174
b 1.000002385 0.584111787
b 1.000002924 0.598220146
b 0.999997147 0.612232099
b 0.999996655 0.626047699
b 0.999996117 0.639769339
b 0.999995815 0.653397576
b 0.999995902 0.666932820
b 0.999996362 0.680375351
b 0.999996981 0.693725334
b 0.999997334 0.706982878
b 0.999997243 0.720148760
b 0.999996909 0.733224301
b 0.999996546 0.746210649
b 0.999996333 0.759108770
b 0.999996379 0.771919461
b 0.999996693 0.784643370
b 0.999997146 0.797281007
b 0.999997472 0.809832888
b 0.999997510 0.822300353
b 0.999997271 0.834684994
b 0.999996859 0.846988198
b 0.999996439 0.859211158
b 0.999996200 0.871354889
b 0.999996323 0.883420242
b 0.999996947 0.895407917
b 0.999998110 0.907318533
b 0.999999446 0.919153410
b 1.000000491 0.930914298
b 1.000000990 0.942602756
b 1.000000879 0.954220153
b 1.000000240 0.965767678
b 0.999999273 0.977246347
b 0.999998255 0.988657021
b 1.000005119 0.999999997
b -0.000000000 1.000000000
b 0.000001890 0.981817428
b 0.000004411 0.963634951
b 0.000006374 0.945452812
b 0.000006479 0.927271241
b 0.000003333 0.909090440
b -0.000001657 0.890909668
b -0.000003269 0.872727369
b -0.000002642 0.854544417
b -0.000001783 0.836361863
b -0.000003104 0.818180768
b -0.000007892 0.800001157
b -0.000012225 0.781819894
b -0.000014484 0.763637074
b -0.000014648 0.745453975
b -0.000013289 0.727271989
b -0.000011872 0.709091868
b -0.000013035 0.690911395
b -0.000016217 0.672729325
b -0.000018339 0.654546440
b -0.000016750 0.636363793
b -0.000010798 0.618182247
b -0.000005842 0.600001208
b -0.000006291 0.581819696
b -0.000008955 0.563637596
b -0.000009092 0.545455176
b -0.000003962 0.527272827
b 0.000002358 0.509090813
b 0.000004534 0.490909220
b 0.000002347 0.472727782
b 0.000000482 0.454546035
b 0.000002402 0.436363744
b 0.000006196 0.418181321
b 0.000008629 0.399999309
b 0.000007604 0.381817988
b 0.000005531 0.363636705
b 0.000005187 0.345454791
b 0.000006152 0.327272483
b 0.000007149 0.309090270
b 0.000006919 0.290908638
b 0.000005638 0.272727377
b 0.000004681 0.254545723
b 0.000004207 0.236363699
b 0.000003998 0.218181579
b 0.000003789 0.199999681
b 0.000003348 0.181818166
b 0.000002720 0.163636548
b 0.000002057 0.145454727
b 0.000001489 0.127272783
b 0.000001126 0.109090831
b 0.000001036 0.090909006
b 0.000000920 0.072727244
b 0.000000690 0.054545468
b 0.000000415 0.036363668
b 0.000000163 0.018181842
b 0.000000000 0.000000000
b 0.741425201 -0.000000000
b 0.741411934 0.002685524
b 0.741372188 0.005367955
b 0.741305993 0.008047386
b 0.741213375 0.010723913
b 0.741094363 0.013397630
b 0.740948983 0.016068630
b 0.740777264 0.018737008
b 0.740579232 0.021402858
b 0.740354914 0.024066273
b 0.740104338 0.026727348
b 0.739827529 0.029386177
b 0.739524516 0.032042852
b 0.739195324 0.034697469
b 0.738839979 0.037350120
b 0.738458509 0.040000898
b 0.738050940 0.042649898
b 0.737617296 0.045297212
b 0.737157605 0.047942934
b 0.736671894 0.050587146
b 0.736160207 0.053229821
b 0.735622596 0.055870857
b 0.735059114 0.058510151
b 0.734469809 0.061147601
b 0.733854731 0.063783104
b 0.733213925 0.066416557
b 0.732547436 0.069047859
b 0.731855306 0.071676905
b 0.731137575 0.074303593
b 0.730394283 0.076927820
b 0.729625468 0.079549484
b 0.728831163 0.082168482
b 0.728011404 0.084784710
b 0.727166221 0.087398067
b 0.726295646 0.090008450
b 0.725399706 0.092615756
b 0.724478428 0.095219884
b 0.723531836 0.097820731
b 0.722559927 0.100418272
b 0.721562656 0.103012595
b 0.720539977 0.105603798
b 0.719491842 0.108191982
b 0.718418205 0.110777244
b 0.717319020 0.113359686
b 0.716194240 0.115939405
b 0.715043819 0.118516502
b 0.713867711 0.121091077
b 0.712665867 0.123663230
b 0.711438242 0.126233060
b 0.710184789 0.128800668
b 0.708905460 0.131366155
b 0.707600210 0.133929621
b 0.706268990 0.136491165
b 0.704911755 0.139050890
b 0.703528457 0.141608895
b 0.702119050 0.144165282
b 0.707493517 0.144031122
b 0.712869515 0.143897188
b 0.718247042 0.143763481
b 0.723626101 0.143629999
b 0.729006690 0.143496742
b 0.734388810 0.143363710
b 0.739772463 0.143230901
b 0.745157648 0.143098315
b 0.750544366 0.142965951
b 0.755932618 0.142833810
b 0.761322404 0.142701890
b 0.766713724 0.142570190
b 0.772106579 0.142438710
b 0.777500969 0.142307450
b 0.782896896 0.142176408
b 0.788294358 0.142045585
b 0.793693358 0.141914980
b 0.799093895 0.141784591
b 0.804495970 0.141654419
b 0.809899582 0.141524462
b 0.815304734 0.141394721
b 0.820711425 0.141265195
b 0.826119655 0.141135882
b 0.831529426 0.141006783
b 0.836940736 0.140877897
b 0.842353588 0.140749223
b 0.847767982 0.140620761
b 0.853183917 0.140492511
b 0.858601394 0.140364470
b 0.864020415 0.140236640
b 0.869440978 0.140109020
b 0.874863085 0.139981608
b 0.880286736 0.139854405
b 0.885711932 0.139727409
b 0.891138673 0.139600621
b 0.896566959 0.139474039
b 0.901996791 0.139347664
b 0.907428169 0.139221494
b 0.912861094 0.139095529
b 0.918295565 0.138969769
b 0.923731585 0.138844213
b 0.929169152 0.138718860
b 0.934608268 0.138593710
b 0.940048933 0.138468763
b 0.945491147 0.138344017
b 0.950934910 0.138219473
b 0.956380224 0.138095129
b 0.961827088 0.137970986
b 0.967275503 0.137847042
b 0.972725469 0.137723298
b 0.978176987 0.137599752
b 0.983630057 0.137476405
b 0.989084679 0.137353255
b 0.994540855 0.137230302
b 0.999998583 0.137107546
interior
i 0.124984593 0.125000000
i 0.249987525 0.125000000
i 0.374990457 0.125000000
i 0.499993390 0.125000000
i 0.624996322 0.125000000
i 0.124984593 0.250000000
i 0.249987525 0.250000000
i 0.374990457 0.250000000
i 0.499993390 0.250000000
i 0.624996322 0.250000000
i 0.749999254 0.250000000
i 0.875002186 0.250000000
i 0.124984593 0.375000000
i 0.249987525 0.375000000
i 0.374990457 0.375000000
i 0.499993390 0.375000000
i 0.624996322 0.375000000
i 0.749999254 0.375000000
i 0.875002186 0.375000000
i 0.124984593 0.500000000
i 0.249987525 0.500000000
i 0.374990457 0.500000000
i 0.499993390 0.500000000
i 0.624996322 0.500000000
i 0.749999254 0.500000000
i 0.875002186 0.500000000
i 0.124984593 0.625000000
i 0.249987525 0.625000000
i 0.374990457 0.625000000
i 0.499993390 0.625000000
i 0.624996322 0.625000000
i 0.749999254 0.625000000
i 0.875002186 0.625000000
i 0.124984593 0.750000000
i 0.249987525 0.750000000
i 0.374990457 0.750000000
i 0.499993390 0.750000000
i 0.624996322 0.750000000
i 0.749999254 0.750000000
i 0.875002186 0.750000000
i 0.124984593 0.875000000
i 0.249987525 0.875000000
i 0.374990457 0.875000000
i 0.499993390 0.875000000
i 0.624996322 0.875000000
i 0.749999254 0.875000000
i 0.875002186 0.875000000
i 0.062483127 0.062500000
i 0.062483127 0.187500000
i 0.062483127 0.312500000
i 0.062483127 0.437500000
i 0.062483127 0.562500000
i 0.062483127 0.687500000
i 0.062483127 0.812500000
i 0.062483127 0.937500000
i 0.187486059 0.062500000
i 0.187486059 0.187500000
i 0.187486059 0.312500000
i 0.187486059 0.437500000
i 0.187486059 0.562500000
i 0.187486059 0.687500000
i 0.187486059 0.812500000
i 0.187486059 0.937500000
i 0.312488991 0.062500000
i 0.312488991 0.187500000
i 0.312488991 0.312500000
i 0.312488991 0.437500000
i 0.312488991 0.562500000
i 0.312488991 0.687500000
i 0.312488991 0.812500000
i 0.312488991 0.937500000
i 0.437491923 0.062500000
i 0.437491923 0.187500000
i 0.437491923 0.312500000
i 0.437491923 0.437500000
i 0.437491923 0.562500000
i 0.437491923 0.687500000
i 0.437491923 0.812500000
i 0.437491923 0.937500000
i 0.562494856 0.187500000
i 0.562494856 0.312500000
i 0.562494856 0.437500000
i 0.562494856 0.562500000
i 0.562494856 0.687500000
i 0.562494856 0.812500000
i 0.562494856 0.937500000
i 0.687497788 0.312500000
i 0.687497788 0.437500000
i 0.687497788 0.562500000
i 0.687497788 0.687500000
i 0.687497788 0.812500000
i 0.812500720 0.437500000
i 0.812500720 0.562500000
i 0.812500720 0.687500000
i 0.812500720 0.812500000
i 0.937503653 0.562500000
i 0.937503653 0.687500000
tris
t 325 0 1
t 1 2 3
t 3 4 5
t 7 8 9
t 9 10 11
t 14 15 16
t 16 17 18
t 20 21 22
t 22 23 24
t 30 31 32
t 35 36 37
t 37 38 39
t 43 44 45
t 45 46 47
t 47 48 49
t 53 54 55
t 55 56 57
t 57 58 59
t 60 61 62
t 62 63 64
t 67 68 69
t 72 73 74
t 74 75 76
t 79 80 81
t 81 82 83
t 85 86 87
t 87 88 89
t 90 91 92
t 92 93 94
t 96 97 98
t 101 102 103
t 108 109 110
t 110 111 112
t 116 117 118
t 118 119 120
t 120 121 122
t 122 123 124
t 124 125 126
t 126 127 128
t 128 129 130
t 130 131 132
t 132 133 134
t 134 135 136
t 136 137 138
t 138 139 140
t 140 141 142
t 142 143 144
t 144 145 146
t 146 147 148
t 148 149 150
t 150 151 152
t 152 153 154
t 154 155 156
t 156 157 158
t 158 159 160
t 160 161 162
t 162 163 164
t 164 165 166
t 166 167 168
t 168 169 170
t 170 171 172
t 173 174 175
t 175 176 177
t 177 178 179
t 179 180 181
t 181 182 183
t 183 184 185
t 185 186 187
t 187 188 189
t 189 190 191
t 191 192 193
t 193 194 195
t 195 196 197
t 197 198 199
t 199 200 201
t 201 202 203
t 203 204 205
t 205 206 207
t 207 208 209
t 209 210 211
t 211 212 213
t 213 214 215
t 215 216 217
t 217 218 219
t 219 220 221
t 221 222 223
t 223 224 225
t 225 226 227
t 228 229 230
t 239 240 241
t 246 247 248
t 260 261 262
t 267 268 269
t 291 292 293
t 319 320 321
t 323 324 325
t 325 1 3
t 7 9 11
t 13 14 16
t 20 22 24
t 27 28 30
t 28 29 30
t 35 37 39
t 43 45 47
t 53 55 57
t 57 59 60
t 60 62 64
t 69 70 67
t 70 71 67
t 72 74 76
t 79 81 83
t 85 87 89
t 90 92 94
t 96 98 100
t 103 104 101
t 104 105 101
t 107 108 110
t 110 112 113
t 114 115 118
t 115 116 118
t 118 120 122
t 122 124 126
t 126 128 130
t 130 132 134
t 134 136 138
t 138 140 142
t 142 144 146
t 146 148 150
t 150 152 154
t 154 156 158
t 158 160 162
t 162 164 166
t 166 168 170
t 170 172 173
t 173 175 177
t 177 179 181
t 181 183 185
t 185 187 189
t 189 191 193
t 193 195 197
t 197 199 201
t 201 203 205
t 205 207 209
t 209 211 213
t 213 215 217
t 217 219 221
t 221 223 225
t 225 227 228
t 228 230 231
t 232 233 234
t 319 321 322
t 325 3 5
t 6 7 11
t 13 16 18
t 19 20 24
t 26 27 30
t 34 35 39
t 42 43 47
t 52 53 57
t 57 60 64
t 66 67 71
t 76 77 72
t 77 78 72
t 78 79 83
t 84 85 89
t 90 94 95
t 95 96 100
t 101 105 106
t 107 110 113
t 114 118 122
t 122 126 130
t 130 134 138
t 138 142 146
t 146 150 154
t 154 158 162
t 162 166 170
t 173 177 181
t 181 185 189
t 189 193 197
t 197 201 205
t 205 209 213
t 213 217 221
t 221 225 228
t 228 231 232
t 319 322 323
t 325 5 6
t 6 11 12
t 12 13 18
t 19 24 25
t 25 26 30
t 34 39 40
t 42 47 49
t 57 64 65
t 66 71 72
t 72 78 83
t 84 89 90
t 101 106 107
t 107 113 114
t 114 122 130
t 130 138 146
t 146 154 162
t 162 170 173
t 173 181 189
t 189 197 205
t 205 213 221
t 325 6 12
t 12 18 19
t 19 25 30
t 34 40 41
t 41 42 49
t 66 72 83
t 101 107 114
t 114 130 146
t 146 162 173
t 173 189 205
t 205 221 228
t 325 12 19
t 19 30 32
t 33 34 41
t 41 49 50
t 66 83 84
t 173 205 228
t 325 19 32
t 33 41 50
t 66 84 90
t 323 325 32
t 66 90 95
t 323 32 33
t 323 33 50
t 319 323 50
t 319 50 51
t 319 51 52
t 314 315 319
t 234 239 241
t 241 246 248
t 248 254 255
t 255 260 262
t 262 267 269
t 291 293 299
t 299 300 307
t 307 308 314
t 146 173 232
t 283 284 291
t 314 319 52
t 114 146 232
t 241 248 283
t 314 52 57
t 101 114 232
t 234 241 283
t 307 314 57
t 101 232 234
t 299 307 57
t 95 99 234
t 99 100 234
t 100 101 234
t 291 299 57
t 66 95 234
t 283 291 57
t 65 66 234
t 283 57 65
t 65 234 283
t 283 248 255
t 283 255 262
t 283 262 269
t 283 269 275
