type=Nurbs forward=false n_boundary=172 n_holes=0 n_interior=113 n_tris=344 label=brep47598_f218_Nurbs(deg=3/3, cps=4x8)
boundary
b 0.072969488 -0.000000000
b 0.104518512 -0.000000000
b 0.135627156 -0.000000000
b 0.166335504 -0.000000000
b 0.196681813 -0.000000000
b 0.226702716 -0.000000000
b 0.256433408 -0.000000000
b 0.285907827 0.000000000
b 0.315158810 0.000000000
b 0.344218248 0.000000000
b 0.373117227 0.000000000
b 0.401886171 0.000000000
b 0.430554964 0.000000000
b 0.459153081 0.000000000
b 0.487709708 0.000000000
b 0.516253864 0.000000000
b 0.544814514 0.000000000
b 0.573420694 0.000000000
b 0.602101623 0.000000000
b 0.630886824 0.000000000
b 0.659806250 0.000000000
b 0.688890407 0.000000000
b 0.718170487 0.000000000
b 0.747678502 0.000000000
b 0.777447434 0.000000000
b 0.807511383 -0.000000000
b 0.837905735 -0.000000000
b 0.868667336 -0.000000000
b 0.899834685 -0.000000000
b 0.931448135 -0.000000000
b 0.963550126 -0.000000000
b 0.963550368 0.018085511
b 0.963551006 0.036167278
b 0.963551921 0.054246226
b 0.963553001 0.072323282
b 0.963554149 0.090399374
b 0.963555277 0.108475438
b 0.963556310 0.126552407
b 0.963557181 0.144631220
b 0.963557838 0.162712818
b 0.963558238 0.180798143
b 0.963558349 0.198888139
b 0.963558152 0.216983754
b 0.963557637 0.235085934
b 0.963556807 0.253195628
b 0.963555675 0.271313786
b 0.963554266 0.289441360
b 0.963552617 0.307579300
b 0.963550774 0.325728559
b 0.963548798 0.343889994
b 0.963546777 0.362063355
b 0.963544804 0.380247675
b 0.963542962 0.398441976
b 0.963541320 0.416645277
b 0.963539936 0.434856594
b 0.963538858 0.453074945
b 0.963538121 0.471299347
b 0.963537748 0.489528816
b 0.963537750 0.507762367
b 0.963538128 0.525999017
b 0.963538868 0.544237783
b 0.963539949 0.562477683
b 0.963541333 0.580717735
b 0.963542976 0.598956960
b 0.963544817 0.617194379
b 0.963546786 0.635429016
b 0.963548802 0.653659897
b 0.963550772 0.671886061
b 0.963552607 0.690107255
b 0.963554250 0.708324321
b 0.963555652 0.726538194
b 0.963556778 0.744749810
b 0.963557604 0.762960107
b 0.963558116 0.781170021
b 0.963558313 0.799380490
b 0.963558202 0.817592451
b 0.963557804 0.835806843
b 0.963557150 0.854024601
b 0.963556283 0.872246662
b 0.963555255 0.890473962
b 0.963554132 0.908707435
b 0.963552989 0.926948014
b 0.963551913 0.945196631
b 0.963551003 0.963454216
b 0.963550367 0.981721697
b 0.963550126 1.000000000
b 0.931305485 1.000000000
b 0.899553575 1.000000000
b 0.868251400 1.000000000
b 0.837358082 1.000000000
b 0.806834633 1.000000000
b 0.776643738 1.000000000
b 0.746749570 1.000000000
b 0.717117602 1.000000000
b 0.687714443 1.000000000
b 0.658507682 1.000000000
b 0.629465739 1.000000000
b 0.600557726 1.000000000
b 0.571753312 1.000000000
b 0.543022593 1.000000000
b 0.514335971 1.000000000
b 0.485664029 1.000000000
b 0.456977407 1.000000000
b 0.428246688 1.000000000
b 0.399442274 1.000000000
b 0.370534261 1.000000000
b 0.341492318 1.000000000
b 0.312285557 1.000000000
b 0.282882398 1.000000000
b 0.253250430 1.000000000
b 0.223356262 1.000000000
b 0.193165367 1.000000000
b 0.162641918 1.000000000
b 0.131748600 1.000000000
b 0.100446425 1.000000000
b 0.068694515 1.000000000
b 0.036449874 1.000000000
b 0.036611092 0.981746884
b 0.036769359 0.963496225
b 0.036924674 0.945247924
b 0.037077039 0.927001881
b 0.037226452 0.908757996
b 0.037372913 0.890516167
b 0.037516423 0.872276294
b 0.037656982 0.854038276
b 0.037794590 0.835802012
b 0.037929247 0.817567401
b 0.038060954 0.799334341
b 0.038189712 0.781102730
b 0.038315520 0.762872467
b 0.038438381 0.744643449
b 0.038558295 0.726415575
b 0.038675263 0.708188742
b 0.038789286 0.689962848
b 0.038900365 0.671737791
b 0.039008503 0.653513488
b 0.039113700 0.635290087
b 0.039215961 0.617067889
b 0.039315286 0.598847195
b 0.039411677 0.580628309
b 0.039505136 0.562411536
b 0.039595664 0.544197182
b 0.039683260 0.525985553
b 0.039767925 0.507776957
b 0.039849657 0.489571702
b 0.039928457 0.471370097
b 0.040004322 0.453172453
b 0.040077250 0.434979079
b 0.040147239 0.416790287
b 0.040214286 0.398606388
b 0.040278388 0.380427694
b 0.040339540 0.362254518
b 0.040397739 0.344087172
b 0.040452980 0.325925966
b 0.040505257 0.307771054
b 0.040554569 0.289622346
b 0.040600911 0.271479731
b 0.040644281 0.253343099
b 0.040684676 0.235212343
b 0.040722092 0.217087355
b 0.040756528 0.198968029
b 0.040787980 0.180854261
b 0.040816447 0.162745946
b 0.040841925 0.144642983
b 0.040864414 0.126545269
b 0.040883910 0.108452705
b 0.040900412 0.090365191
b 0.040913918 0.072282630
b 0.040924426 0.054204925
b 0.040931935 0.036131981
b 0.040936444 0.018063704
b 0.040937950 -0.000000000
interior
i 0.152338433 0.125000000
i 0.268226993 0.125000000
i 0.384115552 0.125000000
i 0.500004112 0.125000000
i 0.615892671 0.125000000
i 0.731781230 0.125000000
i 0.847669790 0.125000000
i 0.152338433 0.250000000
i 0.268226993 0.250000000
i 0.384115552 0.250000000
i 0.500004112 0.250000000
i 0.615892671 0.250000000
i 0.731781230 0.250000000
i 0.847669790 0.250000000
i 0.152338433 0.375000000
i 0.268226993 0.375000000
i 0.384115552 0.375000000
i 0.500004112 0.375000000
i 0.615892671 0.375000000
i 0.731781230 0.375000000
i 0.847669790 0.375000000
i 0.152338433 0.500000000
i 0.268226993 0.500000000
i 0.384115552 0.500000000
i 0.500004112 0.500000000
i 0.615892671 0.500000000
i 0.731781230 0.500000000
i 0.847669790 0.500000000
i 0.152338433 0.625000000
i 0.268226993 0.625000000
i 0.384115552 0.625000000
i 0.500004112 0.625000000
i 0.615892671 0.625000000
i 0.731781230 0.625000000
i 0.847669790 0.625000000
i 0.152338433 0.750000000
i 0.268226993 0.750000000
i 0.384115552 0.750000000
i 0.500004112 0.750000000
i 0.615892671 0.750000000
i 0.731781230 0.750000000
i 0.847669790 0.750000000
i 0.152338433 0.875000000
i 0.268226993 0.875000000
i 0.384115552 0.875000000
i 0.500004112 0.875000000
i 0.615892671 0.875000000
i 0.731781230 0.875000000
i 0.847669790 0.875000000
i 0.094394153 0.062500000
i 0.094394153 0.187500000
i 0.094394153 0.312500000
i 0.094394153 0.437500000
i 0.094394153 0.562500000
i 0.094394153 0.687500000
i 0.094394153 0.812500000
i 0.094394153 0.937500000
i 0.210282713 0.062500000
i 0.210282713 0.187500000
i 0.210282713 0.312500000
i 0.210282713 0.437500000
i 0.210282713 0.562500000
i 0.210282713 0.687500000
i 0.210282713 0.812500000
i 0.210282713 0.937500000
i 0.326171272 0.062500000
i 0.326171272 0.187500000
i 0.326171272 0.312500000
i 0.326171272 0.437500000
i 0.326171272 0.562500000
i 0.326171272 0.687500000
i 0.326171272 0.812500000
i 0.326171272 0.937500000
i 0.442059832 0.062500000
i 0.442059832 0.187500000
i 0.442059832 0.312500000
i 0.442059832 0.437500000
i 0.442059832 0.562500000
i 0.442059832 0.687500000
i 0.442059832 0.812500000
i 0.442059832 0.937500000
i 0.557948391 0.062500000
i 0.557948391 0.187500000
i 0.557948391 0.312500000
i 0.557948391 0.437500000
i 0.557948391 0.562500000
i 0.557948391 0.687500000
i 0.557948391 0.812500000
i 0.557948391 0.937500000
i 0.673836951 0.062500000
i 0.673836951 0.187500000
i 0.673836951 0.312500000
i 0.673836951 0.437500000
i 0.673836951 0.562500000
i 0.673836951 0.687500000
i 0.673836951 0.812500000
i 0.673836951 0.937500000
i 0.789725510 0.062500000
i 0.789725510 0.187500000
i 0.789725510 0.312500000
i 0.789725510 0.437500000
i 0.789725510 0.562500000
i 0.789725510 0.687500000
i 0.789725510 0.812500000
i 0.789725510 0.937500000
i 0.905614070 0.062500000
i 0.905614070 0.187500000
i 0.905614070 0.312500000
i 0.905614070 0.437500000
i 0.905614070 0.562500000
i 0.905614070 0.687500000
i 0.905614070 0.812500000
i 0.905614070 0.937500000
tris
t 171 169 170
t 171 168 169
t 171 167 168
t 171 166 167
t 171 165 166
t 171 164 165
t 171 163 164
t 171 162 163
t 171 161 162
t 171 160 161
t 171 159 160
t 171 158 159
t 171 157 158
t 171 156 157
t 171 155 156
t 171 154 155
t 171 153 154
t 171 152 153
t 171 151 152
t 171 150 151
t 171 149 150
t 171 148 149
t 171 147 148
t 171 146 147
t 171 145 146
t 171 144 145
t 30 31 32
t 30 32 33
t 30 33 34
t 30 34 35
t 30 35 36
t 30 36 37
t 30 37 38
t 30 38 39
t 30 39 40
t 30 40 41
t 30 41 42
t 30 42 43
t 30 43 44
t 30 44 45
t 30 45 46
t 30 46 47
t 30 47 48
t 30 48 49
t 30 49 50
t 30 50 51
t 30 51 52
t 30 52 53
t 30 53 54
t 30 54 55
t 30 55 56
t 30 56 57
t 171 285 144
t 171 286 285
t 171 287 286
t 171 288 287
t 171 289 288
t 171 290 289
t 171 291 290
t 171 292 291
t 171 293 292
t 171 294 293
t 171 295 294
t 171 296 295
t 171 297 296
t 171 298 297
t 171 299 298
t 171 300 299
t 171 301 300
t 171 302 301
t 171 303 302
t 171 304 303
t 171 305 304
t 171 306 305
t 171 307 306
t 171 308 307
t 171 309 308
t 171 310 309
t 171 311 310
t 171 312 311
t 171 0 312
t 0 313 312
t 0 314 313
t 0 1 314
t 1 315 314
t 1 316 315
t 1 2 316
t 2 317 316
t 2 318 317
t 2 3 318
t 3 319 318
t 3 320 319
t 3 4 320
t 4 321 320
t 4 322 321
t 4 5 322
t 5 323 322
t 5 324 323
t 5 6 324
t 6 325 324
t 6 326 325
t 6 7 326
t 7 327 326
t 7 328 327
t 7 8 328
t 8 329 328
t 8 330 329
t 8 9 330
t 9 331 330
t 9 332 331
t 9 10 332
t 10 333 332
t 10 334 333
t 10 11 334
t 11 335 334
t 11 336 335
t 11 12 336
t 12 337 336
t 12 338 337
t 12 13 338
t 13 339 338
t 13 340 339
t 13 14 340
t 14 341 340
t 14 342 341
t 14 15 342
t 15 343 342
t 15 344 343
t 15 16 344
t 16 345 344
t 16 346 345
t 16 17 346
t 17 347 346
t 17 348 347
t 17 18 348
t 18 349 348
t 18 350 349
t 18 19 350
t 19 351 350
t 19 352 351
t 19 20 352
t 20 353 352
t 20 354 353
t 20 21 354
t 21 355 354
t 21 356 355
t 21 22 356
t 22 357 356
t 22 358 357
t 22 23 358
t 23 359 358
t 23 360 359
t 23 24 360
t 24 361 360
t 24 362 361
t 24 25 362
t 25 363 362
t 25 364 363
t 25 26 364
t 26 365 364
t 26 366 365
t 26 27 366
t 27 367 366
t 27 368 367
t 27 28 368
t 28 369 368
t 28 370 369
t 28 29 370
t 29 371 370
t 29 57 371
t 29 30 57
t 144 142 143
t 144 141 142
t 144 140 141
t 144 139 140
t 144 138 139
t 144 137 138
t 144 136 137
t 144 135 136
t 144 134 135
t 144 133 134
t 144 132 133
t 144 131 132
t 144 130 131
t 144 129 130
t 144 128 129
t 144 127 128
t 144 126 127
t 144 125 126
t 144 124 125
t 144 123 124
t 144 122 123
t 144 121 122
t 144 120 121
t 144 119 120
t 144 118 119
t 144 117 118
t 144 116 117
t 57 58 59
t 57 59 60
t 57 60 61
t 57 61 62
t 57 62 63
t 57 63 64
t 57 64 65
t 57 65 66
t 57 66 67
t 57 67 68
t 57 68 69
t 57 69 70
t 57 70 71
t 57 71 72
t 57 72 73
t 57 73 74
t 57 74 75
t 57 75 76
t 57 76 77
t 57 77 78
t 57 78 79
t 57 79 80
t 57 80 81
t 57 81 82
t 57 82 83
t 57 83 84
t 57 84 85
t 144 285 116
t 285 286 116
t 286 287 116
t 287 288 116
t 288 289 116
t 289 290 116
t 290 291 116
t 291 292 116
t 292 293 116
t 293 294 116
t 294 295 116
t 295 296 116
t 296 297 116
t 297 298 116
t 298 299 116
t 299 300 116
t 300 301 116
t 301 302 116
t 302 303 116
t 303 304 116
t 304 305 116
t 305 306 116
t 306 307 116
t 307 308 116
t 308 309 116
t 309 310 116
t 310 311 116
t 311 312 116
t 312 115 116
t 312 313 115
t 313 314 115
t 314 114 115
t 314 315 114
t 315 316 114
t 316 113 114
t 316 317 113
t 317 318 113
t 318 112 113
t 318 319 112
t 319 320 112
t 320 111 112
t 320 321 111
t 321 322 111
t 322 110 111
t 322 323 110
t 323 324 110
t 324 109 110
t 324 325 109
t 325 326 109
t 326 108 109
t 326 327 108
t 327 328 108
t 328 107 108
t 328 329 107
t 329 330 107
t 330 106 107
t 330 331 106
t 331 332 106
t 332 105 106
t 332 333 105
t 333 334 105
t 334 104 105
t 334 335 104
t 335 336 104
t 336 103 104
t 336 337 103
t 337 338 103
t 338 102 103
t 338 339 102
t 339 340 102
t 340 101 102
t 340 341 101
t 341 342 101
t 342 100 101
t 342 343 100
t 343 344 100
t 344 99 100
t 344 345 99
t 345 346 99
t 346 98 99
t 346 347 98
t 347 348 98
t 348 97 98
t 348 349 97
t 349 350 97
t 350 96 97
t 350 351 96
t 351 352 96
t 352 95 96
t 352 353 95
t 353 354 95
t 354 94 95
t 354 355 94
t 355 356 94
t 356 93 94
t 356 357 93
t 357 358 93
t 358 92 93
t 358 359 92
t 359 360 92
t 360 91 92
t 360 361 91
t 361 362 91
t 362 90 91
t 362 363 90
t 363 364 90
t 364 89 90
t 364 365 89
t 365 366 89
t 366 88 89
t 366 367 88
t 367 368 88
t 368 87 88
t 368 369 87
t 369 370 87
t 370 86 87
t 370 371 86
t 371 57 86
t 57 85 86
