type=Torus forward=true n_boundary=117 n_holes=0 n_interior=441 n_tris=351 label=brep62542_f170_Torus
boundary
b 3.141592654 0.667249316
b 3.141592654 0.645007672
b 3.141592654 0.622766028
b 3.141592654 0.600524384
b 3.141592654 0.578282740
b 3.141592654 0.556041096
b 3.141592654 0.533799453
b 3.141592654 0.511557809
b 3.141592654 0.489316165
b 3.141592654 0.467074521
b 3.141592654 0.444832877
b 3.141592654 0.422591233
b 3.141592654 0.400349589
b 3.141592654 0.378107946
b 3.141592654 0.355866302
b 3.141592654 0.333624658
b 3.141592654 0.311383014
b 3.141592654 0.289141370
b 3.141592654 0.266899726
b 3.141592654 0.244658082
b 3.141592654 0.222416439
b 3.141592654 0.200174795
b 3.141592654 0.177933151
b 3.141592654 0.155691507
b 3.141592654 0.133449863
b 3.141592654 0.111208219
b 3.141592654 0.088966575
b 3.141592654 0.066724932
b 3.141592654 0.044483288
b 3.141592654 0.022241644
b 3.141592654 0.000000000
b 3.141592654 -0.022241644
b 3.141592654 -0.044483288
b 3.141592654 -0.066724932
b 3.141592654 -0.088966575
b 3.141592654 -0.111208219
b 3.141592654 -0.133449863
b 3.141592654 -0.155691507
b 3.141592654 -0.177933151
b 3.141592654 -0.200174795
b 3.141592654 -0.222416439
b 3.141592654 -0.244658082
b 3.141592654 -0.266899726
b 3.141592654 -0.289141370
b 3.141592654 -0.311383014
b 3.141592654 -0.333624658
b 3.141592654 -0.355866302
b 3.141592654 -0.378107946
b 3.141592654 -0.400349589
b 3.141592654 -0.422591233
b 3.141592654 -0.444832877
b 3.141592654 -0.467074521
b 3.141592654 -0.489316165
b 3.141592654 -0.511557809
b 3.141592654 -0.533799453
b 3.141592654 -0.556041096
b 3.141592654 -0.578282740
b 3.141592654 -0.600524384
b 3.141592654 -0.622766028
b 3.141592654 -0.645007672
b 3.141592654 -0.667249316
b 3.141592654 -0.689490960
b 3.173443771 -0.688334288
b 3.204187930 -0.684017498
b 3.233829133 -0.676769414
b 3.262382142 -0.666806964
b 3.289869836 -0.654334857
b 3.316285518 -0.639527562
b 3.341584252 -0.622529634
b 3.365726801 -0.603481097
b 3.388681868 -0.582517623
b 3.410425532 -0.559769307
b 3.430941829 -0.535359964
b 3.450220761 -0.509405682
b 3.468256637 -0.482013845
b 3.485047100 -0.453282820
b 3.500588169 -0.423326940
b 3.514869820 -0.392301854
b 3.527882533 -0.360361589
b 3.539617400 -0.327652022
b 3.550067497 -0.294310161
b 3.559249956 -0.260466303
b 3.567195549 -0.226246297
b 3.573932114 -0.191771587
b 3.579484110 -0.157159566
b 3.583876140 -0.122505706
b 3.587140495 -0.087845883
b 3.589307939 -0.053203678
b 3.590405637 -0.018602661
b 3.590456518 0.015933733
b 3.589461327 0.050408024
b 3.587398631 0.084850997
b 3.584242781 0.119295690
b 3.579964573 0.153774544
b 3.574532447 0.188297452
b 3.567918088 0.222767232
b 3.560091779 0.257050316
b 3.551020232 0.291009878
b 3.540667013 0.324505600
b 3.529011696 0.357396423
b 3.516061849 0.389539245
b 3.501827316 0.420782232
b 3.486318514 0.450965208
b 3.469546196 0.479926616
b 3.451513698 0.507549161
b 3.432221972 0.533732875
b 3.411675250 0.558368509
b 3.389882041 0.581337792
b 3.366857541 0.602514119
b 3.342626723 0.621763717
b 3.317222389 0.638947042
b 3.290685501 0.653920181
b 3.263062851 0.666534793
b 3.234361516 0.676613177
b 3.204557806 0.683947581
b 3.173636316 0.688317696
b 3.141592654 0.689490960
interior
i 3.160295315 -0.632033380
i 3.178997976 -0.632033380
i 3.197700637 -0.632033380
i 3.216403298 -0.632033380
i 3.235105959 -0.632033380
i 3.253808620 -0.632033380
i 3.272511281 -0.632033380
i 3.291213942 -0.632033380
i 3.309916603 -0.632033380
i 3.160295315 -0.574575800
i 3.178997976 -0.574575800
i 3.197700637 -0.574575800
i 3.216403298 -0.574575800
i 3.235105959 -0.574575800
i 3.253808620 -0.574575800
i 3.272511281 -0.574575800
i 3.291213942 -0.574575800
i 3.309916603 -0.574575800
i 3.328619264 -0.574575800
i 3.347321925 -0.574575800
i 3.366024586 -0.574575800
i 3.384727247 -0.574575800
i 3.160295315 -0.517118220
i 3.178997976 -0.517118220
i 3.197700637 -0.517118220
i 3.216403298 -0.517118220
i 3.235105959 -0.517118220
i 3.253808620 -0.517118220
i 3.272511281 -0.517118220
i 3.291213942 -0.517118220
i 3.309916603 -0.517118220
i 3.328619264 -0.517118220
i 3.347321925 -0.517118220
i 3.366024586 -0.517118220
i 3.384727247 -0.517118220
i 3.403429908 -0.517118220
i 3.422132569 -0.517118220
i 3.440835230 -0.517118220
i 3.160295315 -0.459660640
i 3.178997976 -0.459660640
i 3.197700637 -0.459660640
i 3.216403298 -0.459660640
i 3.235105959 -0.459660640
i 3.253808620 -0.459660640
i 3.272511281 -0.459660640
i 3.291213942 -0.459660640
i 3.309916603 -0.459660640
i 3.328619264 -0.459660640
i 3.347321925 -0.459660640
i 3.366024586 -0.459660640
i 3.384727247 -0.459660640
i 3.403429908 -0.459660640
i 3.422132569 -0.459660640
i 3.440835230 -0.459660640
i 3.459537891 -0.459660640
i 3.478240552 -0.459660640
i 3.160295315 -0.402203060
i 3.178997976 -0.402203060
i 3.197700637 -0.402203060
i 3.216403298 -0.402203060
i 3.235105959 -0.402203060
i 3.253808620 -0.402203060
i 3.272511281 -0.402203060
i 3.291213942 -0.402203060
i 3.309916603 -0.402203060
i 3.328619264 -0.402203060
i 3.347321925 -0.402203060
i 3.366024586 -0.402203060
i 3.384727247 -0.402203060
i 3.403429908 -0.402203060
i 3.422132569 -0.402203060
i 3.440835230 -0.402203060
i 3.459537891 -0.402203060
i 3.478240552 -0.402203060
i 3.496943213 -0.402203060
i 3.160295315 -0.344745480
i 3.178997976 -0.344745480
i 3.197700637 -0.344745480
i 3.216403298 -0.344745480
i 3.235105959 -0.344745480
i 3.253808620 -0.344745480
i 3.272511281 -0.344745480
i 3.291213942 -0.344745480
i 3.309916603 -0.344745480
i 3.328619264 -0.344745480
i 3.347321925 -0.344745480
i 3.366024586 -0.344745480
i 3.384727247 -0.344745480
i 3.403429908 -0.344745480
i 3.422132569 -0.344745480
i 3.440835230 -0.344745480
i 3.459537891 -0.344745480
i 3.478240552 -0.344745480
i 3.496943213 -0.344745480
i 3.515645874 -0.344745480
i 3.534348535 -0.344745480
i 3.160295315 -0.287287900
i 3.178997976 -0.287287900
i 3.197700637 -0.287287900
i 3.216403298 -0.287287900
i 3.235105959 -0.287287900
i 3.253808620 -0.287287900
i 3.272511281 -0.287287900
i 3.291213942 -0.287287900
i 3.309916603 -0.287287900
i 3.328619264 -0.287287900
i 3.347321925 -0.287287900
i 3.366024586 -0.287287900
i 3.384727247 -0.287287900
i 3.403429908 -0.287287900
i 3.422132569 -0.287287900
i 3.440835230 -0.287287900
i 3.459537891 -0.287287900
i 3.478240552 -0.287287900
i 3.496943213 -0.287287900
i 3.515645874 -0.287287900
i 3.534348535 -0.287287900
i 3.553051196 -0.287287900
i 3.160295315 -0.229830320
i 3.178997976 -0.229830320
i 3.197700637 -0.229830320
i 3.216403298 -0.229830320
i 3.235105959 -0.229830320
i 3.253808620 -0.229830320
i 3.272511281 -0.229830320
i 3.291213942 -0.229830320
i 3.309916603 -0.229830320
i 3.328619264 -0.229830320
i 3.347321925 -0.229830320
i 3.366024586 -0.229830320
i 3.384727247 -0.229830320
i 3.403429908 -0.229830320
i 3.422132569 -0.229830320
i 3.440835230 -0.229830320
i 3.459537891 -0.229830320
i 3.478240552 -0.229830320
i 3.496943213 -0.229830320
i 3.515645874 -0.229830320
i 3.534348535 -0.229830320
i 3.553051196 -0.229830320
i 3.160295315 -0.172372740
i 3.178997976 -0.172372740
i 3.197700637 -0.172372740
i 3.216403298 -0.172372740
i 3.235105959 -0.172372740
i 3.253808620 -0.172372740
i 3.272511281 -0.172372740
i 3.291213942 -0.172372740
i 3.309916603 -0.172372740
i 3.328619264 -0.172372740
i 3.347321925 -0.172372740
i 3.366024586 -0.172372740
i 3.384727247 -0.172372740
i 3.403429908 -0.172372740
i 3.422132569 -0.172372740
i 3.440835230 -0.172372740
i 3.459537891 -0.172372740
i 3.478240552 -0.172372740
i 3.496943213 -0.172372740
i 3.515645874 -0.172372740
i 3.534348535 -0.172372740
i 3.553051196 -0.172372740
i 3.571753857 -0.172372740
i 3.160295315 -0.114915160
i 3.178997976 -0.114915160
i 3.197700637 -0.114915160
i 3.216403298 -0.114915160
i 3.235105959 -0.114915160
i 3.253808620 -0.114915160
i 3.272511281 -0.114915160
i 3.291213942 -0.114915160
i 3.309916603 -0.114915160
i 3.328619264 -0.114915160
i 3.347321925 -0.114915160
i 3.366024586 -0.114915160
i 3.384727247 -0.114915160
i 3.403429908 -0.114915160
i 3.422132569 -0.114915160
i 3.440835230 -0.114915160
i 3.459537891 -0.114915160
i 3.478240552 -0.114915160
i 3.496943213 -0.114915160
i 3.515645874 -0.114915160
i 3.534348535 -0.114915160
i 3.553051196 -0.114915160
i 3.571753857 -0.114915160
i 3.160295315 -0.057457580
i 3.178997976 -0.057457580
i 3.197700637 -0.057457580
i 3.216403298 -0.057457580
i 3.235105959 -0.057457580
i 3.253808620 -0.057457580
i 3.272511281 -0.057457580
i 3.291213942 -0.057457580
i 3.309916603 -0.057457580
i 3.328619264 -0.057457580
i 3.347321925 -0.057457580
i 3.366024586 -0.057457580
i 3.384727247 -0.057457580
i 3.403429908 -0.057457580
i 3.422132569 -0.057457580
i 3.440835230 -0.057457580
i 3.459537891 -0.057457580
i 3.478240552 -0.057457580
i 3.496943213 -0.057457580
i 3.515645874 -0.057457580
i 3.534348535 -0.057457580
i 3.553051196 -0.057457580
i 3.571753857 -0.057457580
i 3.160295315 0.000000000
i 3.178997976 0.000000000
i 3.197700637 0.000000000
i 3.216403298 0.000000000
i 3.235105959 0.000000000
i 3.253808620 0.000000000
i 3.272511281 0.000000000
i 3.291213942 0.000000000
i 3.309916603 0.000000000
i 3.328619264 0.000000000
i 3.347321925 0.000000000
i 3.366024586 0.000000000
i 3.384727247 0.000000000
i 3.403429908 0.000000000
i 3.422132569 0.000000000
i 3.440835230 0.000000000
i 3.459537891 0.000000000
i 3.478240552 0.000000000
i 3.496943213 0.000000000
i 3.515645874 0.000000000
i 3.534348535 0.000000000
i 3.553051196 0.000000000
i 3.571753857 0.000000000
i 3.160295315 0.057457580
i 3.178997976 0.057457580
i 3.197700637 0.057457580
i 3.216403298 0.057457580
i 3.235105959 0.057457580
i 3.253808620 0.057457580
i 3.272511281 0.057457580
i 3.291213942 0.057457580
i 3.309916603 0.057457580
i 3.328619264 0.057457580
i 3.347321925 0.057457580
i 3.366024586 0.057457580
i 3.384727247 0.057457580
i 3.403429908 0.057457580
i 3.422132569 0.057457580
i 3.440835230 0.057457580
i 3.459537891 0.057457580
i 3.478240552 0.057457580
i 3.496943213 0.057457580
i 3.515645874 0.057457580
i 3.534348535 0.057457580
i 3.553051196 0.057457580
i 3.571753857 0.057457580
i 3.160295315 0.114915160
i 3.178997976 0.114915160
i 3.197700637 0.114915160
i 3.216403298 0.114915160
i 3.235105959 0.114915160
i 3.253808620 0.114915160
i 3.272511281 0.114915160
i 3.291213942 0.114915160
i 3.309916603 0.114915160
i 3.328619264 0.114915160
i 3.347321925 0.114915160
i 3.366024586 0.114915160
i 3.384727247 0.114915160
i 3.403429908 0.114915160
i 3.422132569 0.114915160
i 3.440835230 0.114915160
i 3.459537891 0.114915160
i 3.478240552 0.114915160
i 3.496943213 0.114915160
i 3.515645874 0.114915160
i 3.534348535 0.114915160
i 3.553051196 0.114915160
i 3.571753857 0.114915160
i 3.160295315 0.172372740
i 3.178997976 0.172372740
i 3.197700637 0.172372740
i 3.216403298 0.172372740
i 3.235105959 0.172372740
i 3.253808620 0.172372740
i 3.272511281 0.172372740
i 3.291213942 0.172372740
i 3.309916603 0.172372740
i 3.328619264 0.172372740
i 3.347321925 0.172372740
i 3.366024586 0.172372740
i 3.384727247 0.172372740
i 3.403429908 0.172372740
i 3.422132569 0.172372740
i 3.440835230 0.172372740
i 3.459537891 0.172372740
i 3.478240552 0.172372740
i 3.496943213 0.172372740
i 3.515645874 0.172372740
i 3.534348535 0.172372740
i 3.553051196 0.172372740
i 3.571753857 0.172372740
i 3.160295315 0.229830320
i 3.178997976 0.229830320
i 3.197700637 0.229830320
i 3.216403298 0.229830320
i 3.235105959 0.229830320
i 3.253808620 0.229830320
i 3.272511281 0.229830320
i 3.291213942 0.229830320
i 3.309916603 0.229830320
i 3.328619264 0.229830320
i 3.347321925 0.229830320
i 3.366024586 0.229830320
i 3.384727247 0.229830320
i 3.403429908 0.229830320
i 3.422132569 0.229830320
i 3.440835230 0.229830320
i 3.459537891 0.229830320
i 3.478240552 0.229830320
i 3.496943213 0.229830320
i 3.515645874 0.229830320
i 3.534348535 0.229830320
i 3.553051196 0.229830320
i 3.160295315 0.287287900
i 3.178997976 0.287287900
i 3.197700637 0.287287900
i 3.216403298 0.287287900
i 3.235105959 0.287287900
i 3.253808620 0.287287900
i 3.272511281 0.287287900
i 3.291213942 0.287287900
i 3.309916603 0.287287900
i 3.328619264 0.287287900
i 3.347321925 0.287287900
i 3.366024586 0.287287900
i 3.384727247 0.287287900
i 3.403429908 0.287287900
i 3.422132569 0.287287900
i 3.440835230 0.287287900
i 3.459537891 0.287287900
i 3.478240552 0.287287900
i 3.496943213 0.287287900
i 3.515645874 0.287287900
i 3.534348535 0.287287900
i 3.553051196 0.287287900
i 3.160295315 0.344745480
i 3.178997976 0.344745480
i 3.197700637 0.344745480
i 3.216403298 0.344745480
i 3.235105959 0.344745480
i 3.253808620 0.344745480
i 3.272511281 0.344745480
i 3.291213942 0.344745480
i 3.309916603 0.344745480
i 3.328619264 0.344745480
i 3.347321925 0.344745480
i 3.366024586 0.344745480
i 3.384727247 0.344745480
i 3.403429908 0.344745480
i 3.422132569 0.344745480
i 3.440835230 0.344745480
i 3.459537891 0.344745480
i 3.478240552 0.344745480
i 3.496943213 0.344745480
i 3.515645874 0.344745480
i 3.534348535 0.344745480
i 3.160295315 0.402203060
i 3.178997976 0.402203060
i 3.197700637 0.402203060
i 3.216403298 0.402203060
i 3.235105959 0.402203060
i 3.253808620 0.402203060
i 3.272511281 0.402203060
i 3.291213942 0.402203060
i 3.309916603 0.402203060
i 3.328619264 0.402203060
i 3.347321925 0.402203060
i 3.366024586 0.402203060
i 3.384727247 0.402203060
i 3.403429908 0.402203060
i 3.422132569 0.402203060
i 3.440835230 0.402203060
i 3.459537891 0.402203060
i 3.478240552 0.402203060
i 3.496943213 0.402203060
i 3.160295315 0.459660640
i 3.178997976 0.459660640
i 3.197700637 0.459660640
i 3.216403298 0.459660640
i 3.235105959 0.459660640
i 3.253808620 0.459660640
i 3.272511281 0.459660640
i 3.291213942 0.459660640
i 3.309916603 0.459660640
i 3.328619264 0.459660640
i 3.347321925 0.459660640
i 3.366024586 0.459660640
i 3.384727247 0.459660640
i 3.403429908 0.459660640
i 3.422132569 0.459660640
i 3.440835230 0.459660640
i 3.459537891 0.459660640
i 3.478240552 0.459660640
i 3.160295315 0.517118220
i 3.178997976 0.517118220
i 3.197700637 0.517118220
i 3.216403298 0.517118220
i 3.235105959 0.517118220
i 3.253808620 0.517118220
i 3.272511281 0.517118220
i 3.291213942 0.517118220
i 3.309916603 0.517118220
i 3.328619264 0.517118220
i 3.347321925 0.517118220
i 3.366024586 0.517118220
i 3.384727247 0.517118220
i 3.403429908 0.517118220
i 3.422132569 0.517118220
i 3.440835230 0.517118220
i 3.160295315 0.574575800
i 3.178997976 0.574575800
i 3.197700637 0.574575800
i 3.216403298 0.574575800
i 3.235105959 0.574575800
i 3.253808620 0.574575800
i 3.272511281 0.574575800
i 3.291213942 0.574575800
i 3.309916603 0.574575800
i 3.328619264 0.574575800
i 3.347321925 0.574575800
i 3.366024586 0.574575800
i 3.384727247 0.574575800
i 3.160295315 0.632033380
i 3.178997976 0.632033380
i 3.197700637 0.632033380
i 3.216403298 0.632033380
i 3.235105959 0.632033380
i 3.253808620 0.632033380
i 3.272511281 0.632033380
i 3.291213942 0.632033380
i 3.309916603 0.632033380
tris
t 61 59 60
t 61 58 59
t 61 57 58
t 61 56 57
t 61 55 56
t 61 54 55
t 61 53 54
t 61 52 53
t 61 51 52
t 61 62 63
t 61 63 64
t 61 64 65
t 61 65 66
t 61 66 67
t 61 67 68
t 61 68 69
t 61 69 70
t 61 70 71
t 61 558 51
t 61 559 558
t 61 560 559
t 61 561 560
t 61 562 561
t 61 563 562
t 61 564 563
t 61 565 564
t 61 566 565
t 61 567 566
t 61 568 567
t 61 569 568
t 61 570 569
t 61 571 570
t 61 572 571
t 61 573 572
t 61 574 573
t 61 575 574
t 61 71 575
t 51 49 50
t 51 48 49
t 51 47 48
t 51 46 47
t 51 45 46
t 51 44 45
t 51 43 44
t 51 42 43
t 51 41 42
t 71 72 73
t 71 73 74
t 71 74 75
t 71 75 76
t 71 76 77
t 71 77 78
t 71 78 79
t 71 79 80
t 71 80 81
t 51 558 41
t 558 576 41
t 558 559 576
t 559 577 576
t 559 560 577
t 560 578 577
t 560 561 578
t 561 579 578
t 561 562 579
t 562 580 579
t 562 563 580
t 563 581 580
t 563 564 581
t 564 582 581
t 564 565 582
t 565 583 582
t 565 566 583
t 566 584 583
t 566 567 584
t 567 585 584
t 567 568 585
t 568 586 585
t 568 569 586
t 569 587 586
t 569 570 587
t 570 588 587
t 570 571 588
t 571 589 588
t 571 572 589
t 572 590 589
t 572 573 590
t 573 591 590
t 573 574 591
t 574 592 591
t 574 575 592
t 575 593 592
t 575 71 593
t 71 594 593
t 71 595 594
t 71 596 595
t 71 597 596
t 71 598 597
t 71 599 598
t 71 600 599
t 71 601 600
t 71 602 601
t 71 603 602
t 71 604 603
t 71 605 604
t 71 606 605
t 71 607 606
t 71 608 607
t 71 609 608
t 71 610 609
t 71 611 610
t 71 612 611
t 71 613 612
t 71 81 613
t 41 39 40
t 41 38 39
t 41 37 38
t 41 36 37
t 41 35 36
t 41 34 35
t 41 33 34
t 41 32 33
t 41 31 32
t 41 30 31
t 41 29 30
t 41 28 29
t 41 27 28
t 41 26 27
t 41 25 26
t 41 24 25
t 41 23 24
t 41 22 23
t 41 21 22
t 41 20 21
t 81 82 83
t 81 83 84
t 81 84 85
t 81 85 86
t 81 86 87
t 81 87 88
t 81 88 89
t 81 89 90
t 81 90 91
t 81 91 92
t 81 92 93
t 81 93 94
t 81 94 95
t 41 576 20
t 576 614 20
t 576 577 614
t 577 615 614
t 577 578 615
t 578 616 615
t 578 579 616
t 579 617 616
t 579 580 617
t 580 618 617
t 580 581 618
t 581 619 618
t 581 582 619
t 582 620 619
t 582 583 620
t 583 621 620
t 583 584 621
t 584 622 621
t 584 585 622
t 585 623 622
t 585 586 623
t 586 624 623
t 586 587 624
t 587 625 624
t 587 588 625
t 588 626 625
t 588 589 626
t 589 627 626
t 589 590 627
t 590 628 627
t 590 591 628
t 591 629 628
t 591 592 629
t 592 630 629
t 592 593 630
t 593 631 630
t 593 594 631
t 594 632 631
t 594 595 632
t 595 633 632
t 595 596 633
t 596 634 633
t 596 597 634
t 597 635 634
t 597 598 635
t 598 636 635
t 598 599 636
t 599 637 636
t 599 600 637
t 600 638 637
t 600 601 638
t 601 639 638
t 601 602 639
t 602 640 639
t 602 603 640
t 603 641 640
t 603 604 641
t 604 642 641
t 604 605 642
t 605 643 642
t 605 606 643
t 606 644 643
t 606 607 644
t 607 645 644
t 607 608 645
t 608 646 645
t 608 609 646
t 609 647 646
t 609 610 647
t 610 648 647
t 610 611 648
t 611 649 648
t 611 612 649
t 612 650 649
t 612 613 650
t 613 651 650
t 613 81 651
t 81 652 651
t 81 653 652
t 81 654 653
t 81 95 654
t 20 18 19
t 20 17 18
t 20 16 17
t 20 15 16
t 20 14 15
t 20 13 14
t 20 12 13
t 20 11 12
t 20 10 11
t 95 96 97
t 95 97 98
t 95 98 99
t 95 99 100
t 95 100 101
t 95 101 102
t 95 102 103
t 95 103 104
t 95 104 105
t 20 614 10
t 614 655 10
t 614 615 655
t 615 656 655
t 615 616 656
t 616 657 656
t 616 617 657
t 617 658 657
t 617 618 658
t 618 659 658
t 618 619 659
t 619 660 659
t 619 620 660
t 620 661 660
t 620 621 661
t 621 662 661
t 621 622 662
t 622 663 662
t 622 623 663
t 623 664 663
t 623 624 664
t 624 665 664
t 624 625 665
t 625 666 665
t 625 626 666
t 626 667 666
t 626 627 667
t 627 668 667
t 627 628 668
t 628 669 668
t 628 629 669
t 629 670 669
t 629 630 670
t 630 671 670
t 630 631 671
t 631 672 671
t 631 632 672
t 632 673 672
t 632 633 673
t 633 674 673
t 633 634 674
t 634 675 674
t 634 635 675
t 635 105 675
t 635 636 105
t 636 637 105
t 637 638 105
t 638 639 105
t 639 640 105
t 640 641 105
t 641 642 105
t 642 643 105
t 643 644 105
t 644 645 105
t 645 646 105
t 646 647 105
t 647 648 105
t 648 649 105
t 649 650 105
t 650 651 105
t 651 652 105
t 652 653 105
t 653 654 105
t 654 95 105
t 10 8 9
t 10 7 8
t 10 6 7
t 10 5 6
t 10 4 5
t 10 3 4
t 10 2 3
t 10 1 2
t 10 0 1
t 10 116 0
t 105 106 107
t 105 107 108
t 105 108 109
t 105 109 110
t 105 110 111
t 105 111 112
t 105 112 113
t 105 113 114
t 105 114 115
t 105 115 116
t 10 655 116
t 655 656 116
t 656 657 116
t 657 658 116
t 658 659 116
t 659 660 116
t 660 661 116
t 661 662 116
t 662 663 116
t 663 664 116
t 664 665 116
t 665 666 116
t 666 667 116
t 667 668 116
t 668 669 116
t 669 670 116
t 670 671 116
t 671 672 116
t 672 673 116
t 673 674 116
t 674 675 116
t 675 105 116
