type=Nurbs forward=true n_boundary=196 n_holes=0 n_interior=113 n_tris=2388 label=brep47598_f30_Nurbs(deg=3/3, cps=8x15)
boundary
b -0.000000000 -0.000000000
b 0.018245628 0.000000000
b 0.036478423 0.000000000
b 0.054699383 0.000000000
b 0.072909509 0.000000000
b 0.091109804 0.000000000
b 0.109301273 0.000000000
b 0.127484923 0.000000000
b 0.145661763 0.000000000
b 0.163832801 0.000000000
b 0.181999048 0.000000000
b 0.200161515 0.000000000
b 0.218321211 0.000000000
b 0.236479147 0.000000000
b 0.254636334 0.000000000
b 0.272793778 0.000000000
b 0.290952487 0.000000000
b 0.309113468 0.000000000
b 0.327277722 0.000000000
b 0.345446177 -0.000000000
b 0.363618899 -0.000000000
b 0.381795397 -0.000000000
b 0.399975171 -0.000000000
b 0.418157718 -0.000000000
b 0.436342536 -0.000000000
b 0.454529120 -0.000000000
b 0.472716967 -0.000000000
b 0.490905572 -0.000000000
b 0.509094428 -0.000000000
b 0.527283033 -0.000000000
b 0.545470880 -0.000000000
b 0.563657464 -0.000000000
b 0.581842282 -0.000000000
b 0.600024829 -0.000000000
b 0.618204603 -0.000000000
b 0.636381101 -0.000000000
b 0.654553823 -0.000000000
b 0.672722278 0.000000000
b 0.690886532 0.000000000
b 0.709047513 0.000000000
b 0.727206222 0.000000000
b 0.745363666 0.000000000
b 0.763520853 0.000000000
b 0.781678789 0.000000000
b 0.799838485 0.000000000
b 0.818000952 0.000000000
b 0.836167199 0.000000000
b 0.854338237 0.000000000
b 0.872515077 0.000000000
b 0.890698727 0.000000000
b 0.908890196 0.000000000
b 0.927090491 0.000000000
b 0.945300617 0.000000000
b 0.963521577 0.000000000
b 0.981754372 0.000000000
b 1.000000000 0.000000000
b 1.000000648 0.018181842
b 1.000001641 0.036363668
b 1.000002716 0.054545468
b 1.000003602 0.072727244
b 1.000004023 0.090909006
b 1.000004333 0.109090831
b 1.000005673 0.127272783
b 1.000007740 0.145454727
b 1.000010094 0.163636548
b 1.000012234 0.181818166
b 1.000013618 0.199999681
b 1.000014114 0.218181579
b 1.000014571 0.236363699
b 1.000015884 0.254545723
b 1.000018722 0.272727377
b 1.000022465 0.290908638
b 1.000022669 0.309090270
b 1.000019032 0.327272483
b 1.000015644 0.345454791
b 1.000016249 0.363636705
b 1.000021747 0.381817988
b 1.000024009 0.399999309
b 1.000016762 0.418181321
b 1.000006314 0.436363744
b 1.000001232 0.454546035
b 1.000005822 0.472727782
b 1.000010920 0.490909220
b 1.000005513 0.509090813
b 0.999991007 0.527272827
b 0.999979968 0.545455176
b 0.999980844 0.563637596
b 0.999986933 0.581819696
b 0.999988213 0.600001208
b 0.999978833 0.618182247
b 0.999968084 0.636363793
b 0.999966014 0.654546440
b 0.999970756 0.672729325
b 0.999977111 0.690911395
b 0.999979684 0.709091868
b 0.999977822 0.727271989
b 0.999976137 0.745453975
b 0.999976946 0.763637074
b 0.999980968 0.781819895
b 0.999987970 0.800001157
b 0.999995362 0.818180768
b 0.999997385 0.836361863
b 0.999996193 0.854544417
b 0.999995366 0.872727369
b 0.999997687 0.890909668
b 1.000004589 0.909090440
b 1.000008810 0.927271241
b 1.000008571 0.945452812
b 1.000005872 0.963634950
b 1.000002495 0.981817428
b 1.000000000 1.000000000
b 0.981818182 1.000000000
b 0.963636364 1.000000000
b 0.945454545 1.000000000
b 0.927272727 1.000000000
b 0.909090909 1.000000000
b 0.890909091 1.000000000
b 0.872727273 1.000000000
b 0.854545455 1.000000000
b 0.836363636 1.000000000
b 0.818181818 1.000000000
b 0.800000000 1.000000000
b 0.781818182 1.000000000
b 0.763636364 1.000000000
b 0.745454545 1.000000000
b 0.727272727 1.000000000
b 0.709090909 1.000000000
b 0.690909091 1.000000000
b 0.672727273 1.000000000
b 0.654545455 1.000000000
b 0.636363636 1.000000000
b 0.618181818 1.000000000
b 0.600000000 1.000000000
b 0.581818182 1.000000000
b 0.563636364 1.000000000
b 0.545454545 1.000000000
b 0.527272727 1.000000000
b 0.509090909 1.000000000
b 0.490909091 1.000000000
b 0.472727273 1.000000000
b 0.454545455 1.000000000
b 0.436363636 1.000000000
b 0.418181818 1.000000000
b 0.400000000 1.000000000
b 0.381818182 1.000000000
b 0.363636364 1.000000000
b 0.345454545 1.000000000
b 0.327272727 1.000000000
b 0.309090909 1.000000000
b 0.290909091 1.000000000
b 0.272727273 1.000000000
b 0.254545455 1.000000000
b 0.236363636 1.000000000
b 0.218181818 1.000000000
b 0.200000000 1.000000000
b 0.181818182 1.000000000
b 0.163636364 1.000000000
b 0.145454545 1.000000000
b 0.127272727 1.000000000
b 0.109090909 1.000000000
b 0.090909091 1.000000000
b 0.072727273 1.000000000
b 0.054545455 1.000000000
b 0.036363636 1.000000000
b 0.018181818 1.000000000
b -0.000000000 1.000000000
b -0.000000000 0.967741951
b -0.000000000 0.935483960
b -0.000000000 0.903225822
b 0.000000000 0.870967671
b 0.000000000 0.838709687
b -0.000000000 0.806451631
b -0.000000000 0.774193507
b -0.000000000 0.741935515
b -0.000000000 0.709677451
b -0.000000000 0.677419303
b -0.000000000 0.645161302
b -0.000000000 0.612903263
b -0.000000000 0.580645114
b -0.000000000 0.548387103
b -0.000000000 0.516129076
b -0.000000000 0.483870924
b -0.000000000 0.451612897
b -0.000000000 0.419354886
b -0.000000000 0.387096737
b -0.000000000 0.354838698
b -0.000000000 0.322580697
b -0.000000000 0.290322549
b -0.000000000 0.258064485
b -0.000000000 0.225806493
b -0.000000000 0.193548369
b -0.000000000 0.161290313
b -0.000000000 0.129032329
b -0.000000000 0.096774178
b -0.000000000 0.064516040
b -0.000000000 0.032258049
interior
i 0.125003001 0.125000000
i 0.250006002 0.125000000
i 0.375009004 0.125000000
i 0.500012005 0.125000000
i 0.625015006 0.125000000
i 0.750018007 0.125000000
i 0.875021008 0.125000000
i 0.125003001 0.250000000
i 0.250006002 0.250000000
i 0.375009004 0.250000000
i 0.500012005 0.250000000
i 0.625015006 0.250000000
i 0.750018007 0.250000000
i 0.875021008 0.250000000
i 0.125003001 0.375000000
i 0.250006002 0.375000000
i 0.375009004 0.375000000
i 0.500012005 0.375000000
i 0.625015006 0.375000000
i 0.750018007 0.375000000
i 0.875021008 0.375000000
i 0.125003001 0.500000000
i 0.250006002 0.500000000
i 0.375009004 0.500000000
i 0.500012005 0.500000000
i 0.625015006 0.500000000
i 0.750018007 0.500000000
i 0.875021008 0.500000000
i 0.125003001 0.625000000
i 0.250006002 0.625000000
i 0.375009004 0.625000000
i 0.500012005 0.625000000
i 0.625015006 0.625000000
i 0.750018007 0.625000000
i 0.875021008 0.625000000
i 0.125003001 0.750000000
i 0.250006002 0.750000000
i 0.375009004 0.750000000
i 0.500012005 0.750000000
i 0.625015006 0.750000000
i 0.750018007 0.750000000
i 0.875021008 0.750000000
i 0.125003001 0.875000000
i 0.250006002 0.875000000
i 0.375009004 0.875000000
i 0.500012005 0.875000000
i 0.625015006 0.875000000
i 0.750018007 0.875000000
i 0.875021008 0.875000000
i 0.062501501 0.062500000
i 0.062501501 0.187500000
i 0.062501501 0.312500000
i 0.062501501 0.437500000
i 0.062501501 0.562500000
i 0.062501501 0.687500000
i 0.062501501 0.812500000
i 0.062501501 0.937500000
i 0.187504502 0.062500000
i 0.187504502 0.187500000
i 0.187504502 0.312500000
i 0.187504502 0.437500000
i 0.187504502 0.562500000
i 0.187504502 0.687500000
i 0.187504502 0.812500000
i 0.187504502 0.937500000
i 0.312507503 0.062500000
i 0.312507503 0.187500000
i 0.312507503 0.312500000
i 0.312507503 0.437500000
i 0.312507503 0.562500000
i 0.312507503 0.687500000
i 0.312507503 0.812500000
i 0.312507503 0.937500000
i 0.437510504 0.062500000
i 0.437510504 0.187500000
i 0.437510504 0.312500000
i 0.437510504 0.437500000
i 0.437510504 0.562500000
i 0.437510504 0.687500000
i 0.437510504 0.812500000
i 0.437510504 0.937500000
i 0.562513505 0.062500000
i 0.562513505 0.187500000
i 0.562513505 0.312500000
i 0.562513505 0.437500000
i 0.562513505 0.562500000
i 0.562513505 0.687500000
i 0.562513505 0.812500000
i 0.562513505 0.937500000
i 0.687516506 0.062500000
i 0.687516506 0.187500000
i 0.687516506 0.312500000
i 0.687516506 0.437500000
i 0.687516506 0.562500000
i 0.687516506 0.687500000
i 0.687516506 0.812500000
i 0.687516506 0.937500000
i 0.812519508 0.062500000
i 0.812519508 0.187500000
i 0.812519508 0.312500000
i 0.812519508 0.437500000
i 0.812519508 0.562500000
i 0.812519508 0.687500000
i 0.812519508 0.812500000
i 0.812519508 0.937500000
i 0.937522509 0.062500000
i 0.937522509 0.187500000
i 0.937522509 0.312500000
i 0.937522509 0.437500000
i 0.937522509 0.562500000
i 0.937522509 0.687500000
i 0.937522509 0.812500000
i 0.937522509 0.937500000
tris
t 0 194 195
t 0 193 194
t 0 192 193
t 55 56 57
t 55 57 58
t 55 58 59
t 55 59 60
t 55 60 61
t 55 61 62
t 0 309 192
t 0 1 309
t 1 310 309
t 1 311 310
t 1 2 311
t 2 312 311
t 2 313 312
t 2 3 313
t 3 314 313
t 3 315 314
t 3 4 315
t 4 316 315
t 4 317 316
t 4 5 317
t 5 318 317
t 5 319 318
t 5 6 319
t 6 320 319
t 6 321 320
t 6 7 321
t 7 322 321
t 7 323 322
t 7 8 323
t 8 324 323
t 8 325 324
t 8 9 325
t 9 326 325
t 9 327 326
t 9 10 327
t 10 328 327
t 10 329 328
t 10 11 329
t 11 330 329
t 11 331 330
t 11 12 331
t 12 332 331
t 12 333 332
t 12 13 333
t 13 334 333
t 13 335 334
t 13 14 335
t 14 336 335
t 14 337 336
t 14 15 337
t 15 338 337
t 15 339 338
t 15 16 339
t 16 340 339
t 16 341 340
t 16 17 341
t 17 342 341
t 17 343 342
t 17 18 343
t 18 344 343
t 18 19 344
t 19 345 344
t 19 346 345
t 19 20 346
t 20 347 346
t 20 348 347
t 20 21 348
t 21 349 348
t 21 350 349
t 21 22 350
t 22 351 350
t 22 352 351
t 22 23 352
t 23 353 352
t 23 354 353
t 23 24 354
t 24 355 354
t 24 356 355
t 24 25 356
t 25 357 356
t 25 358 357
t 25 26 358
t 26 359 358
t 26 360 359
t 26 27 360
t 27 361 360
t 27 362 361
t 27 363 362
t 27 28 363
t 28 364 363
t 28 365 364
t 28 29 365
t 29 366 365
t 29 367 366
t 29 30 367
t 30 368 367
t 30 369 368
t 30 31 369
t 31 370 369
t 31 371 370
t 31 32 371
t 32 372 371
t 32 373 372
t 32 33 373
t 33 374 373
t 33 375 374
t 33 34 375
t 34 376 375
t 34 377 376
t 34 35 377
t 35 378 377
t 35 379 378
t 35 36 379
t 36 380 379
t 36 37 380
t 37 381 380
t 37 382 381
t 37 38 382
t 38 383 382
t 38 384 383
t 38 39 384
t 39 385 384
t 39 386 385
t 39 40 386
t 40 387 386
t 40 388 387
t 40 41 388
t 41 389 388
t 41 390 389
t 41 42 390
t 42 391 390
t 42 392 391
t 42 43 392
t 43 393 392
t 43 394 393
t 43 44 394
t 44 395 394
t 44 396 395
t 44 45 396
t 45 397 396
t 45 398 397
t 45 46 398
t 46 399 398
t 46 400 399
t 46 47 400
t 47 401 400
t 47 402 401
t 47 48 402
t 48 403 402
t 48 404 403
t 48 49 404
t 49 405 404
t 49 406 405
t 49 50 406
t 50 407 406
t 50 408 407
t 50 51 408
t 51 409 408
t 51 410 409
t 51 52 410
t 52 411 410
t 52 412 411
t 52 53 412
t 53 413 412
t 53 414 413
t 53 54 414
t 54 415 414
t 54 416 415
t 54 417 416
t 54 418 417
t 54 419 418
t 54 420 419
t 54 421 420
t 54 422 421
t 54 423 422
t 54 424 423
t 54 425 424
t 54 426 425
t 54 427 426
t 54 428 427
t 54 55 428
t 55 429 428
t 55 430 429
t 55 431 430
t 55 432 431
t 55 62 432
t 192 190 191
t 192 189 190
t 192 188 189
t 62 63 64
t 62 64 65
t 62 65 66
t 62 66 67
t 62 67 68
t 62 68 69
t 62 69 70
t 192 309 188
t 309 433 188
t 309 310 433
t 310 434 433
t 310 311 434
t 311 435 434
t 311 312 435
t 312 436 435
t 312 313 436
t 313 437 436
t 313 314 437
t 314 438 437
t 314 315 438
t 315 439 438
t 315 316 439
t 316 440 439
t 316 317 440
t 317 441 440
t 317 318 441
t 318 442 441
t 318 319 442
t 319 443 442
t 319 320 443
t 320 444 443
t 320 321 444
t 321 445 444
t 321 322 445
t 322 446 445
t 322 323 446
t 323 447 446
t 323 324 447
t 324 448 447
t 324 325 448
t 325 449 448
t 325 326 449
t 326 450 449
t 326 327 450
t 327 451 450
t 327 328 451
t 328 452 451
t 328 329 452
t 329 453 452
t 329 330 453
t 330 454 453
t 330 331 454
t 331 455 454
t 331 332 455
t 332 456 455
t 332 333 456
t 333 457 456
t 333 334 457
t 334 458 457
t 334 335 458
t 335 459 458
t 335 336 459
t 336 460 459
t 336 337 460
t 337 461 460
t 337 338 461
t 338 462 461
t 338 339 462
t 339 463 462
t 339 340 463
t 340 464 463
t 340 341 464
t 341 465 464
t 341 342 465
t 342 466 465
t 342 343 466
t 343 467 466
t 343 344 467
t 344 468 467
t 344 345 468
t 345 469 468
t 345 346 469
t 346 470 469
t 346 347 470
t 347 471 470
t 347 348 471
t 348 472 471
t 348 349 472
t 349 473 472
t 349 350 473
t 350 474 473
t 350 351 474
t 351 475 474
t 351 352 475
t 352 476 475
t 352 353 476
t 353 477 476
t 353 354 477
t 354 478 477
t 354 355 478
t 355 479 478
t 355 356 479
t 356 480 479
t 356 357 480
t 357 481 480
t 357 358 481
t 358 482 481
t 358 359 482
t 359 483 482
t 359 360 483
t 360 484 483
t 360 361 484
t 361 485 484
t 361 362 485
t 362 486 485
t 362 363 486
t 363 487 486
t 363 364 487
t 364 488 487
t 364 365 488
t 365 489 488
t 365 366 489
t 366 490 489
t 366 367 490
t 367 491 490
t 367 368 491
t 368 492 491
t 368 369 492
t 369 493 492
t 369 370 493
t 370 494 493
t 370 371 494
t 371 495 494
t 371 372 495
t 372 496 495
t 372 373 496
t 373 497 496
t 373 374 497
t 374 498 497
t 374 375 498
t 375 499 498
t 375 376 499
t 376 500 499
t 376 377 500
t 377 501 500
t 377 378 501
t 378 502 501
t 378 379 502
t 379 503 502
t 379 380 503
t 380 504 503
t 380 381 504
t 381 505 504
t 381 382 505
t 382 506 505
t 382 383 506
t 383 507 506
t 383 384 507
t 384 508 507
t 384 385 508
t 385 509 508
t 385 386 509
t 386 510 509
t 386 387 510
t 387 511 510
t 387 388 511
t 388 512 511
t 388 389 512
t 389 513 512
t 389 390 513
t 390 514 513
t 390 391 514
t 391 515 514
t 391 392 515
t 392 516 515
t 392 393 516
t 393 517 516
t 393 394 517
t 394 518 517
t 394 395 518
t 395 519 518
t 395 396 519
t 396 520 519
t 396 397 520
t 397 521 520
t 397 398 521
t 398 522 521
t 398 399 522
t 399 523 522
t 399 400 523
t 400 524 523
t 400 401 524
t 401 525 524
t 401 402 525
t 402 526 525
t 402 403 526
t 403 527 526
t 403 404 527
t 404 528 527
t 404 405 528
t 405 529 528
t 405 406 529
t 406 530 529
t 406 407 530
t 407 531 530
t 407 408 531
t 408 532 531
t 408 409 532
t 409 533 532
t 409 410 533
t 410 534 533
t 410 411 534
t 411 535 534
t 411 412 535
t 412 536 535
t 412 413 536
t 413 537 536
t 413 414 537
t 414 538 537
t 414 415 538
t 415 539 538
t 415 416 539
t 416 540 539
t 416 417 540
t 417 541 540
t 417 418 541
t 418 542 541
t 418 419 542
t 419 543 542
t 419 420 543
t 420 544 543
t 420 421 544
t 421 545 544
t 421 422 545
t 422 546 545
t 422 423 546
t 423 547 546
t 423 424 547
t 424 548 547
t 424 425 548
t 425 549 548
t 425 426 549
t 426 550 549
t 426 427 550
t 427 551 550
t 427 428 551
t 428 552 551
t 428 429 552
t 429 553 552
t 429 430 553
t 430 554 553
t 430 431 554
t 431 555 554
t 431 432 555
t 432 556 555
t 432 557 556
t 432 62 557
t 62 558 557
t 62 559 558
t 62 560 559
t 62 561 560
t 62 562 561
t 62 563 562
t 62 564 563
t 62 70 564
t 188 186 187
t 70 71 72
t 70 72 73
t 70 73 74
t 188 433 186
t 433 565 186
t 433 434 565
t 434 566 565
t 434 435 566
t 435 567 566
t 435 436 567
t 436 568 567
t 436 437 568
t 437 569 568
t 437 438 569
t 438 570 569
t 438 439 570
t 439 571 570
t 439 440 571
t 440 572 571
t 440 441 572
t 441 573 572
t 441 442 573
t 442 574 573
t 442 443 574
t 443 575 574
t 443 444 575
t 444 576 575
t 444 445 576
t 445 577 576
t 445 446 577
t 446 578 577
t 446 447 578
t 447 579 578
t 447 448 579
t 448 580 579
t 448 449 580
t 449 581 580
t 449 450 581
t 450 582 581
t 450 451 582
t 451 583 582
t 451 452 583
t 452 584 583
t 452 453 584
t 453 585 584
t 453 454 585
t 454 586 585
t 454 455 586
t 455 587 586
t 455 456 587
t 456 588 587
t 456 457 588
t 457 589 588
t 457 458 589
t 458 590 589
t 458 459 590
t 459 591 590
t 459 460 591
t 460 592 591
t 460 461 592
t 461 593 592
t 461 462 593
t 462 594 593
t 462 463 594
t 463 595 594
t 463 464 595
t 464 596 595
t 464 465 596
t 465 597 596
t 465 466 597
t 466 598 597
t 466 467 598
t 467 599 598
t 467 468 599
t 468 600 599
t 468 469 600
t 469 601 600
t 469 470 601
t 470 602 601
t 470 471 602
t 471 603 602
t 471 472 603
t 472 604 603
t 472 473 604
t 473 605 604
t 473 474 605
t 474 606 605
t 474 475 606
t 475 607 606
t 475 476 607
t 476 608 607
t 476 477 608
t 477 609 608
t 477 478 609
t 478 610 609
t 478 479 610
t 479 611 610
t 479 480 611
t 480 612 611
t 480 481 612
t 481 613 612
t 481 482 613
t 482 614 613
t 482 483 614
t 483 615 614
t 483 484 615
t 484 616 615
t 484 485 616
t 485 617 616
t 485 486 617
t 486 618 617
t 486 487 618
t 487 619 618
t 487 488 619
t 488 620 619
t 488 489 620
t 489 621 620
t 489 490 621
t 490 622 621
t 490 491 622
t 491 623 622
t 491 492 623
t 492 624 623
t 492 493 624
t 493 625 624
t 493 494 625
t 494 626 625
t 494 495 626
t 495 627 626
t 495 496 627
t 496 628 627
t 496 497 628
t 497 629 628
t 497 498 629
t 498 630 629
t 498 499 630
t 499 631 630
t 499 500 631
t 500 632 631
t 500 501 632
t 501 633 632
t 501 502 633
t 502 634 633
t 502 503 634
t 503 635 634
t 503 504 635
t 504 636 635
t 504 505 636
t 505 637 636
t 505 506 637
t 506 638 637
t 506 507 638
t 507 639 638
t 507 508 639
t 508 640 639
t 508 509 640
t 509 641 640
t 509 510 641
t 510 642 641
t 510 511 642
t 511 643 642
t 511 512 643
t 512 644 643
t 512 513 644
t 513 645 644
t 513 514 645
t 514 646 645
t 514 515 646
t 515 647 646
t 515 516 647
t 516 648 647
t 516 517 648
t 517 649 648
t 517 518 649
t 518 650 649
t 518 519 650
t 519 651 650
t 519 520 651
t 520 652 651
t 520 521 652
t 521 653 652
t 521 522 653
t 522 654 653
t 522 523 654
t 523 655 654
t 523 524 655
t 524 656 655
t 524 525 656
t 525 657 656
t 525 526 657
t 526 658 657
t 526 527 658
t 527 659 658
t 527 528 659
t 528 660 659
t 528 529 660
t 529 661 660
t 529 530 661
t 530 662 661
t 530 531 662
t 531 663 662
t 531 532 663
t 532 664 663
t 532 533 664
t 533 665 664
t 533 534 665
t 534 666 665
t 534 535 666
t 535 667 666
t 535 536 667
t 536 668 667
t 536 537 668
t 537 669 668
t 537 538 669
t 538 670 669
t 538 539 670
t 539 671 670
t 539 540 671
t 540 672 671
t 540 541 672
t 541 673 672
t 541 542 673
t 542 674 673
t 542 543 674
t 543 675 674
t 543 544 675
t 544 676 675
t 544 545 676
t 545 677 676
t 545 546 677
t 546 678 677
t 546 547 678
t 547 679 678
t 547 548 679
t 548 680 679
t 548 549 680
t 549 681 680
t 549 550 681
t 550 682 681
t 550 551 682
t 551 683 682
t 551 552 683
t 552 684 683
t 552 553 684
t 553 685 684
t 553 554 685
t 554 686 685
t 554 555 686
t 555 687 686
t 555 556 687
t 556 688 687
t 556 557 688
t 557 689 688
t 557 558 689
t 558 690 689
t 558 559 690
t 559 691 690
t 559 560 691
t 560 692 691
t 560 561 692
t 561 693 692
t 561 562 693
t 562 694 693
t 562 563 694
t 563 74 694
t 563 564 74
t 564 70 74
t 186 184 185
t 186 183 184
t 74 75 76
t 74 76 77
t 74 77 78
t 186 565 183
t 565 695 183
t 565 566 695
t 566 696 695
t 566 567 696
t 567 697 696
t 567 568 697
t 568 698 697
t 568 569 698
t 569 699 698
t 569 570 699
t 570 700 699
t 570 571 700
t 571 701 700
t 571 572 701
t 572 702 701
t 572 573 702
t 573 703 702
t 573 574 703
t 574 704 703
t 574 575 704
t 575 705 704
t 575 576 705
t 576 706 705
t 576 577 706
t 577 707 706
t 577 578 707
t 578 708 707
t 578 579 708
t 579 709 708
t 579 580 709
t 580 710 709
t 580 581 710
t 581 711 710
t 581 582 711
t 582 712 711
t 582 583 712
t 583 713 712
t 583 584 713
t 584 714 713
t 584 585 714
t 585 715 714
t 585 586 715
t 586 716 715
t 586 587 716
t 587 717 716
t 587 588 717
t 588 718 717
t 588 589 718
t 589 719 718
t 589 590 719
t 590 720 719
t 590 591 720
t 591 721 720
t 591 592 721
t 592 722 721
t 592 593 722
t 593 723 722
t 593 594 723
t 594 724 723
t 594 595 724
t 595 725 724
t 595 596 725
t 596 726 725
t 596 597 726
t 597 727 726
t 597 598 727
t 598 728 727
t 598 599 728
t 599 729 728
t 599 600 729
t 600 730 729
t 600 601 730
t 601 731 730
t 601 602 731
t 602 732 731
t 602 603 732
t 603 733 732
t 603 604 733
t 604 734 733
t 604 605 734
t 605 735 734
t 605 606 735
t 606 736 735
t 606 607 736
t 607 737 736
t 607 608 737
t 608 738 737
t 608 609 738
t 609 739 738
t 609 610 739
t 610 740 739
t 610 611 740
t 611 741 740
t 611 612 741
t 612 742 741
t 612 613 742
t 613 743 742
t 613 614 743
t 614 744 743
t 614 615 744
t 615 745 744
t 615 616 745
t 616 746 745
t 616 617 746
t 617 747 746
t 617 618 747
t 618 748 747
t 618 619 748
t 619 749 748
t 619 620 749
t 620 750 749
t 620 621 750
t 621 751 750
t 621 622 751
t 622 752 751
t 622 623 752
t 623 753 752
t 623 624 753
t 624 754 753
t 624 625 754
t 625 755 754
t 625 626 755
t 626 756 755
t 626 627 756
t 627 757 756
t 627 628 757
t 628 758 757
t 628 629 758
t 629 759 758
t 629 630 759
t 630 760 759
t 630 631 760
t 631 761 760
t 631 632 761
t 632 762 761
t 632 633 762
t 633 763 762
t 633 634 763
t 634 764 763
t 634 635 764
t 635 765 764
t 635 636 765
t 636 766 765
t 636 637 766
t 637 767 766
t 637 638 767
t 638 768 767
t 638 639 768
t 639 769 768
t 639 640 769
t 640 770 769
t 640 641 770
t 641 771 770
t 641 642 771
t 642 772 771
t 642 643 772
t 643 773 772
t 643 644 773
t 644 774 773
t 644 645 774
t 645 775 774
t 645 646 775
t 646 776 775
t 646 647 776
t 647 777 776
t 647 648 777
t 648 778 777
t 648 649 778
t 649 779 778
t 649 650 779
t 650 780 779
t 650 651 780
t 651 781 780
t 651 652 781
t 652 782 781
t 652 653 782
t 653 783 782
t 653 654 783
t 654 784 783
t 654 655 784
t 655 785 784
t 655 656 785
t 656 786 785
t 656 657 786
t 657 787 786
t 657 658 787
t 658 788 787
t 658 659 788
t 659 789 788
t 659 660 789
t 660 790 789
t 660 661 790
t 661 791 790
t 661 662 791
t 662 792 791
t 662 663 792
t 663 793 792
t 663 664 793
t 664 794 793
t 664 665 794
t 665 795 794
t 665 666 795
t 666 796 795
t 666 667 796
t 667 797 796
t 667 668 797
t 668 798 797
t 668 669 798
t 669 799 798
t 669 670 799
t 670 800 799
t 670 671 800
t 671 801 800
t 671 672 801
t 672 802 801
t 672 673 802
t 673 803 802
t 673 674 803
t 674 804 803
t 674 675 804
t 675 805 804
t 675 676 805
t 676 806 805
t 676 677 806
t 677 807 806
t 677 678 807
t 678 808 807
t 678 679 808
t 679 809 808
t 679 680 809
t 680 810 809
t 680 681 810
t 681 811 810
t 681 682 811
t 682 812 811
t 682 683 812
t 683 813 812
t 683 684 813
t 684 814 813
t 684 685 814
t 685 815 814
t 685 686 815
t 686 816 815
t 686 687 816
t 687 817 816
t 687 688 817
t 688 818 817
t 688 689 818
t 689 819 818
t 689 690 819
t 690 820 819
t 690 691 820
t 691 821 820
t 691 692 821
t 692 822 821
t 692 693 822
t 693 823 822
t 693 694 823
t 694 824 823
t 694 74 824
t 74 825 824
t 74 78 825
t 183 181 182
t 183 180 181
t 183 179 180
t 78 79 80
t 78 80 81
t 78 81 82
t 78 82 83
t 78 83 84
t 78 84 85
t 78 85 86
t 183 695 179
t 695 826 179
t 695 696 826
t 696 827 826
t 696 697 827
t 697 828 827
t 697 698 828
t 698 829 828
t 698 699 829
t 699 830 829
t 699 700 830
t 700 831 830
t 700 701 831
t 701 832 831
t 701 702 832
t 702 833 832
t 702 703 833
t 703 834 833
t 703 704 834
t 704 835 834
t 704 705 835
t 705 836 835
t 705 706 836
t 706 837 836
t 706 707 837
t 707 838 837
t 707 708 838
t 708 839 838
t 708 709 839
t 709 840 839
t 709 710 840
t 710 841 840
t 710 711 841
t 711 842 841
t 711 712 842
t 712 843 842
t 712 713 843
t 713 844 843
t 713 714 844
t 714 845 844
t 714 715 845
t 715 846 845
t 715 716 846
t 716 847 846
t 716 717 847
t 717 848 847
t 717 718 848
t 718 849 848
t 718 719 849
t 719 850 849
t 719 720 850
t 720 851 850
t 720 721 851
t 721 852 851
t 721 722 852
t 722 853 852
t 722 723 853
t 723 854 853
t 723 724 854
t 724 855 854
t 724 725 855
t 725 856 855
t 725 726 856
t 726 857 856
t 726 727 857
t 727 858 857
t 727 728 858
t 728 859 858
t 728 729 859
t 729 860 859
t 729 730 860
t 730 861 860
t 730 731 861
t 731 862 861
t 731 732 862
t 732 863 862
t 732 733 863
t 733 864 863
t 733 734 864
t 734 865 864
t 734 735 865
t 735 866 865
t 735 736 866
t 736 867 866
t 736 737 867
t 737 868 867
t 737 738 868
t 738 869 868
t 738 739 869
t 739 870 869
t 739 740 870
t 740 871 870
t 740 741 871
t 741 872 871
t 741 742 872
t 742 873 872
t 742 743 873
t 743 874 873
t 743 744 874
t 744 875 874
t 744 745 875
t 745 876 875
t 745 746 876
t 746 877 876
t 746 747 877
t 747 878 877
t 747 748 878
t 748 879 878
t 748 749 879
t 749 880 879
t 749 750 880
t 750 881 880
t 750 751 881
t 751 882 881
t 751 752 882
t 752 883 882
t 752 753 883
t 753 884 883
t 753 754 884
t 754 885 884
t 754 755 885
t 755 886 885
t 755 756 886
t 756 887 886
t 756 757 887
t 757 888 887
t 757 758 888
t 758 889 888
t 758 759 889
t 759 890 889
t 759 760 890
t 760 891 890
t 760 761 891
t 761 892 891
t 761 762 892
t 762 893 892
t 762 763 893
t 763 894 893
t 763 764 894
t 764 895 894
t 764 765 895
t 765 896 895
t 765 766 896
t 766 897 896
t 766 767 897
t 767 898 897
t 767 768 898
t 768 899 898
t 768 769 899
t 769 900 899
t 769 770 900
t 770 901 900
t 770 771 901
t 771 902 901
t 771 772 902
t 772 903 902
t 772 773 903
t 773 904 903
t 773 774 904
t 774 905 904
t 774 775 905
t 775 906 905
t 775 776 906
t 776 907 906
t 776 777 907
t 777 908 907
t 777 778 908
t 778 909 908
t 778 779 909
t 779 910 909
t 779 780 910
t 780 911 910
t 780 781 911
t 781 912 911
t 781 782 912
t 782 913 912
t 782 783 913
t 783 914 913
t 783 784 914
t 784 915 914
t 784 785 915
t 785 916 915
t 785 786 916
t 786 917 916
t 786 787 917
t 787 918 917
t 787 788 918
t 788 919 918
t 788 789 919
t 789 920 919
t 789 790 920
t 790 921 920
t 790 791 921
t 791 922 921
t 791 792 922
t 792 923 922
t 792 793 923
t 793 924 923
t 793 794 924
t 794 925 924
t 794 795 925
t 795 926 925
t 795 796 926
t 796 927 926
t 796 797 927
t 797 928 927
t 797 798 928
t 798 929 928
t 798 799 929
t 799 930 929
t 799 800 930
t 800 931 930
t 800 801 931
t 801 932 931
t 801 802 932
t 802 933 932
t 802 803 933
t 803 934 933
t 803 804 934
t 804 935 934
t 804 805 935
t 805 936 935
t 805 806 936
t 806 937 936
t 806 807 937
t 807 938 937
t 807 808 938
t 808 939 938
t 808 809 939
t 809 86 939
t 809 810 86
t 810 811 86
t 811 812 86
t 812 813 86
t 813 814 86
t 814 815 86
t 815 816 86
t 816 817 86
t 817 818 86
t 818 819 86
t 819 820 86
t 820 821 86
t 821 822 86
t 822 823 86
t 823 824 86
t 824 825 86
t 825 78 86
t 179 177 178
t 86 87 88
t 86 88 89
t 86 89 90
t 179 826 177
t 826 940 177
t 826 827 940
t 827 941 940
t 827 828 941
t 828 942 941
t 828 829 942
t 829 943 942
t 829 830 943
t 830 944 943
t 830 831 944
t 831 945 944
t 831 832 945
t 832 946 945
t 832 833 946
t 833 947 946
t 833 834 947
t 834 948 947
t 834 835 948
t 835 949 948
t 835 836 949
t 836 950 949
t 836 837 950
t 837 951 950
t 837 838 951
t 838 952 951
t 838 839 952
t 839 953 952
t 839 840 953
t 840 954 953
t 840 841 954
t 841 955 954
t 841 842 955
t 842 956 955
t 842 843 956
t 843 957 956
t 843 844 957
t 844 958 957
t 844 845 958
t 845 959 958
t 845 846 959
t 846 960 959
t 846 847 960
t 847 961 960
t 847 848 961
t 848 962 961
t 848 849 962
t 849 963 962
t 849 850 963
t 850 964 963
t 850 851 964
t 851 965 964
t 851 852 965
t 852 966 965
t 852 853 966
t 853 967 966
t 853 854 967
t 854 968 967
t 854 855 968
t 855 969 968
t 855 856 969
t 856 970 969
t 856 857 970
t 857 971 970
t 857 858 971
t 858 972 971
t 858 859 972
t 859 973 972
t 859 860 973
t 860 974 973
t 860 861 974
t 861 975 974
t 861 862 975
t 862 976 975
t 862 863 976
t 863 977 976
t 863 864 977
t 864 978 977
t 864 865 978
t 865 979 978
t 865 866 979
t 866 980 979
t 866 867 980
t 867 981 980
t 867 868 981
t 868 982 981
t 868 869 982
t 869 983 982
t 869 870 983
t 870 984 983
t 870 871 984
t 871 985 984
t 871 872 985
t 872 986 985
t 872 873 986
t 873 987 986
t 873 874 987
t 874 988 987
t 874 875 988
t 875 989 988
t 875 876 989
t 876 990 989
t 876 877 990
t 877 991 990
t 877 878 991
t 878 992 991
t 878 879 992
t 879 993 992
t 879 880 993
t 880 994 993
t 880 881 994
t 881 995 994
t 881 882 995
t 882 996 995
t 882 883 996
t 883 997 996
t 883 884 997
t 884 998 997
t 884 885 998
t 885 999 998
t 885 886 999
t 886 1000 999
t 886 887 1000
t 887 1001 1000
t 887 888 1001
t 888 1002 1001
t 888 889 1002
t 889 1003 1002
t 889 890 1003
t 890 1004 1003
t 890 891 1004
t 891 1005 1004
t 891 892 1005
t 892 1006 1005
t 892 893 1006
t 893 1007 1006
t 893 894 1007
t 894 1008 1007
t 894 895 1008
t 895 1009 1008
t 895 896 1009
t 896 1010 1009
t 896 897 1010
t 897 1011 1010
t 897 898 1011
t 898 1012 1011
t 898 899 1012
t 899 1013 1012
t 899 900 1013
t 900 1014 1013
t 900 901 1014
t 901 1015 1014
t 901 902 1015
t 902 1016 1015
t 902 903 1016
t 903 1017 1016
t 903 904 1017
t 904 1018 1017
t 904 905 1018
t 905 1019 1018
t 905 906 1019
t 906 1020 1019
t 906 907 1020
t 907 1021 1020
t 907 908 1021
t 908 1022 1021
t 908 909 1022
t 909 1023 1022
t 909 910 1023
t 910 1024 1023
t 910 911 1024
t 911 1025 1024
t 911 912 1025
t 912 1026 1025
t 912 913 1026
t 913 1027 1026
t 913 914 1027
t 914 1028 1027
t 914 915 1028
t 915 1029 1028
t 915 916 1029
t 916 1030 1029
t 916 917 1030
t 917 1031 1030
t 917 918 1031
t 918 1032 1031
t 918 919 1032
t 919 1033 1032
t 919 920 1033
t 920 1034 1033
t 920 921 1034
t 921 1035 1034
t 921 922 1035
t 922 1036 1035
t 922 923 1036
t 923 1037 1036
t 923 924 1037
t 924 1038 1037
t 924 925 1038
t 925 1039 1038
t 925 926 1039
t 926 1040 1039
t 926 927 1040
t 927 1041 1040
t 927 928 1041
t 928 1042 1041
t 928 929 1042
t 929 1043 1042
t 929 930 1043
t 930 1044 1043
t 930 931 1044
t 931 1045 1044
t 931 932 1045
t 932 1046 1045
t 932 933 1046
t 933 1047 1046
t 933 934 1047
t 934 1048 1047
t 934 935 1048
t 935 90 1048
t 935 936 90
t 936 937 90
t 937 938 90
t 938 939 90
t 939 86 90
t 177 175 176
t 177 174 175
t 90 91 92
t 90 92 93
t 90 93 94
t 177 940 174
t 940 1049 174
t 940 941 1049
t 941 1050 1049
t 941 942 1050
t 942 1051 1050
t 942 943 1051
t 943 1052 1051
t 943 944 1052
t 944 1053 1052
t 944 945 1053
t 945 1054 1053
t 945 946 1054
t 946 1055 1054
t 946 947 1055
t 947 1056 1055
t 947 948 1056
t 948 1057 1056
t 948 949 1057
t 949 1058 1057
t 949 950 1058
t 950 1059 1058
t 950 951 1059
t 951 1060 1059
t 951 952 1060
t 952 1061 1060
t 952 953 1061
t 953 1062 1061
t 953 954 1062
t 954 1063 1062
t 954 955 1063
t 955 1064 1063
t 955 956 1064
t 956 1065 1064
t 956 957 1065
t 957 1066 1065
t 957 958 1066
t 958 1067 1066
t 958 959 1067
t 959 1068 1067
t 959 960 1068
t 960 1069 1068
t 960 961 1069
t 961 1070 1069
t 961 962 1070
t 962 1071 1070
t 962 963 1071
t 963 1072 1071
t 963 964 1072
t 964 1073 1072
t 964 965 1073
t 965 1074 1073
t 965 966 1074
t 966 1075 1074
t 966 967 1075
t 967 1076 1075
t 967 968 1076
t 968 1077 1076
t 968 969 1077
t 969 1078 1077
t 969 970 1078
t 970 1079 1078
t 970 971 1079
t 971 1080 1079
t 971 972 1080
t 972 1081 1080
t 972 973 1081
t 973 1082 1081
t 973 974 1082
t 974 1083 1082
t 974 975 1083
t 975 1084 1083
t 975 976 1084
t 976 1085 1084
t 976 977 1085
t 977 1086 1085
t 977 978 1086
t 978 1087 1086
t 978 979 1087
t 979 1088 1087
t 979 980 1088
t 980 1089 1088
t 980 981 1089
t 981 1090 1089
t 981 982 1090
t 982 1091 1090
t 982 983 1091
t 983 1092 1091
t 983 984 1092
t 984 1093 1092
t 984 985 1093
t 985 1094 1093
t 985 986 1094
t 986 1095 1094
t 986 987 1095
t 987 1096 1095
t 987 988 1096
t 988 1097 1096
t 988 989 1097
t 989 1098 1097
t 989 990 1098
t 990 1099 1098
t 990 991 1099
t 991 1100 1099
t 991 992 1100
t 992 1101 1100
t 992 993 1101
t 993 1102 1101
t 993 994 1102
t 994 1103 1102
t 994 995 1103
t 995 1104 1103
t 995 996 1104
t 996 1105 1104
t 996 997 1105
t 997 1106 1105
t 997 998 1106
t 998 1107 1106
t 998 999 1107
t 999 1108 1107
t 999 1000 1108
t 1000 1109 1108
t 1000 1001 1109
t 1001 1110 1109
t 1001 1002 1110
t 1002 1111 1110
t 1002 1003 1111
t 1003 1112 1111
t 1003 1004 1112
t 1004 1113 1112
t 1004 1005 1113
t 1005 1114 1113
t 1005 1006 1114
t 1006 1115 1114
t 1006 1007 1115
t 1007 1116 1115
t 1007 1008 1116
t 1008 1117 1116
t 1008 1009 1117
t 1009 1118 1117
t 1009 1010 1118
t 1010 1119 1118
t 1010 1011 1119
t 1011 1120 1119
t 1011 1012 1120
t 1012 1121 1120
t 1012 1013 1121
t 1013 1122 1121
t 1013 1014 1122
t 1014 1123 1122
t 1014 1015 1123
t 1015 1124 1123
t 1015 1016 1124
t 1016 1125 1124
t 1016 1017 1125
t 1017 1126 1125
t 1017 1018 1126
t 1018 1127 1126
t 1018 1019 1127
t 1019 1128 1127
t 1019 1020 1128
t 1020 1129 1128
t 1020 1021 1129
t 1021 1130 1129
t 1021 1022 1130
t 1022 1131 1130
t 1022 1023 1131
t 1023 1132 1131
t 1023 1024 1132
t 1024 1133 1132
t 1024 1025 1133
t 1025 1134 1133
t 1025 1026 1134
t 1026 1135 1134
t 1026 1027 1135
t 1027 1136 1135
t 1027 1028 1136
t 1028 1137 1136
t 1028 1029 1137
t 1029 1138 1137
t 1029 1030 1138
t 1030 1139 1138
t 1030 1031 1139
t 1031 1140 1139
t 1031 1032 1140
t 1032 1141 1140
t 1032 1033 1141
t 1033 1142 1141
t 1033 1034 1142
t 1034 1143 1142
t 1034 1035 1143
t 1035 1144 1143
t 1035 1036 1144
t 1036 1145 1144
t 1036 1037 1145
t 1037 1146 1145
t 1037 1038 1146
t 1038 1147 1146
t 1038 1039 1147
t 1039 1148 1147
t 1039 1040 1148
t 1040 1149 1148
t 1040 1041 1149
t 1041 1150 1149
t 1041 1042 1150
t 1042 1151 1150
t 1042 1043 1151
t 1043 1152 1151
t 1043 1044 1152
t 1044 1153 1152
t 1044 1045 1153
t 1045 1154 1153
t 1045 1046 1154
t 1046 1155 1154
t 1046 1047 1155
t 1047 1156 1155
t 1047 1048 1156
t 1048 1157 1156
t 1048 90 1157
t 90 1158 1157
t 90 1159 1158
t 90 1160 1159
t 90 1161 1160
t 90 94 1161
t 174 172 173
t 174 171 172
t 174 170 171
t 94 95 96
t 94 96 97
t 94 97 98
t 94 98 99
t 94 99 100
t 94 100 101
t 94 101 102
t 174 1049 170
t 1049 1162 170
t 1049 1050 1162
t 1050 1163 1162
t 1050 1051 1163
t 1051 1164 1163
t 1051 1052 1164
t 1052 1165 1164
t 1052 1053 1165
t 1053 1166 1165
t 1053 1054 1166
t 1054 1167 1166
t 1054 1055 1167
t 1055 1168 1167
t 1055 1056 1168
t 1056 1169 1168
t 1056 1057 1169
t 1057 1170 1169
t 1057 1058 1170
t 1058 1171 1170
t 1058 1059 1171
t 1059 1172 1171
t 1059 1060 1172
t 1060 1173 1172
t 1060 1061 1173
t 1061 1174 1173
t 1061 1062 1174
t 1062 1175 1174
t 1062 1063 1175
t 1063 1176 1175
t 1063 1064 1176
t 1064 1177 1176
t 1064 1065 1177
t 1065 1178 1177
t 1065 1066 1178
t 1066 1179 1178
t 1066 1067 1179
t 1067 1180 1179
t 1067 1068 1180
t 1068 1181 1180
t 1068 1069 1181
t 1069 1182 1181
t 1069 1070 1182
t 1070 1183 1182
t 1070 1071 1183
t 1071 1184 1183
t 1071 1072 1184
t 1072 1185 1184
t 1072 1073 1185
t 1073 1186 1185
t 1073 1074 1186
t 1074 1187 1186
t 1074 1075 1187
t 1075 1188 1187
t 1075 1076 1188
t 1076 1189 1188
t 1076 1077 1189
t 1077 1190 1189
t 1077 1078 1190
t 1078 1191 1190
t 1078 1079 1191
t 1079 1192 1191
t 1079 1080 1192
t 1080 1193 1192
t 1080 1081 1193
t 1081 1194 1193
t 1081 1082 1194
t 1082 1195 1194
t 1082 1083 1195
t 1083 1196 1195
t 1083 1084 1196
t 1084 1197 1196
t 1084 1085 1197
t 1085 1198 1197
t 1085 1086 1198
t 1086 1199 1198
t 1086 1087 1199
t 1087 1200 1199
t 1087 1088 1200
t 1088 1201 1200
t 1088 1089 1201
t 1089 1202 1201
t 1089 1090 1202
t 1090 1203 1202
t 1090 1091 1203
t 1091 1204 1203
t 1091 1092 1204
t 1092 1205 1204
t 1092 1093 1205
t 1093 1206 1205
t 1093 1094 1206
t 1094 1207 1206
t 1094 1095 1207
t 1095 1208 1207
t 1095 1096 1208
t 1096 1209 1208
t 1096 1097 1209
t 1097 1210 1209
t 1097 1098 1210
t 1098 1211 1210
t 1098 1099 1211
t 1099 1212 1211
t 1099 1100 1212
t 1100 1213 1212
t 1100 1101 1213
t 1101 1214 1213
t 1101 1102 1214
t 1102 1215 1214
t 1102 1103 1215
t 1103 1216 1215
t 1103 1104 1216
t 1104 1217 1216
t 1104 1105 1217
t 1105 1218 1217
t 1105 1106 1218
t 1106 1219 1218
t 1106 1107 1219
t 1107 1220 1219
t 1107 1108 1220
t 1108 1221 1220
t 1108 1109 1221
t 1109 1222 1221
t 1109 1110 1222
t 1110 1223 1222
t 1110 1111 1223
t 1111 1224 1223
t 1111 1112 1224
t 1112 1225 1224
t 1112 1113 1225
t 1113 1226 1225
t 1113 1114 1226
t 1114 1227 1226
t 1114 1115 1227
t 1115 1228 1227
t 1115 1116 1228
t 1116 1229 1228
t 1116 1117 1229
t 1117 1230 1229
t 1117 1118 1230
t 1118 1231 1230
t 1118 1119 1231
t 1119 1232 1231
t 1119 1120 1232
t 1120 1233 1232
t 1120 1121 1233
t 1121 1234 1233
t 1121 1122 1234
t 1122 1235 1234
t 1122 1123 1235
t 1123 1236 1235
t 1123 1124 1236
t 1124 1237 1236
t 1124 1125 1237
t 1125 1238 1237
t 1125 1126 1238
t 1126 1239 1238
t 1126 1127 1239
t 1127 1240 1239
t 1127 1128 1240
t 1128 1241 1240
t 1128 1129 1241
t 1129 1242 1241
t 1129 1130 1242
t 1130 1243 1242
t 1130 1131 1243
t 1131 1244 1243
t 1131 1132 1244
t 1132 1245 1244
t 1132 1133 1245
t 1133 1246 1245
t 1133 1134 1246
t 1134 1247 1246
t 1134 1135 1247
t 1135 1248 1247
t 1135 1136 1248
t 1136 1249 1248
t 1136 1137 1249
t 1137 1250 1249
t 1137 1138 1250
t 1138 1251 1250
t 1138 1139 1251
t 1139 1252 1251
t 1139 1140 1252
t 1140 1253 1252
t 1140 1141 1253
t 1141 1254 1253
t 1141 1142 1254
t 1142 1255 1254
t 1142 1143 1255
t 1143 1256 1255
t 1143 1144 1256
t 1144 1257 1256
t 1144 1145 1257
t 1145 1258 1257
t 1145 1146 1258
t 1146 1259 1258
t 1146 1147 1259
t 1147 1260 1259
t 1147 1148 1260
t 1148 1261 1260
t 1148 1149 1261
t 1149 1262 1261
t 1149 1150 1262
t 1150 1263 1262
t 1150 1151 1263
t 1151 1264 1263
t 1151 1152 1264
t 1152 1265 1264
t 1152 1153 1265
t 1153 1266 1265
t 1153 1154 1266
t 1154 1267 1266
t 1154 1155 1267
t 1155 1268 1267
t 1155 1156 1268
t 1156 1269 1268
t 1156 1157 1269
t 1157 1270 1269
t 1157 1158 1270
t 1158 1271 1270
t 1158 1159 1271
t 1159 1272 1271
t 1159 1160 1272
t 1160 1273 1272
t 1160 1161 1273
t 1161 1274 1273
t 1161 1275 1274
t 1161 94 1275
t 94 1276 1275
t 94 1277 1276
t 94 1278 1277
t 94 1279 1278
t 94 102 1279
t 170 168 169
t 102 103 104
t 102 104 105
t 102 105 106
t 170 1162 168
t 1162 1280 168
t 1162 1163 1280
t 1163 1281 1280
t 1163 1164 1281
t 1164 1282 1281
t 1164 1165 1282
t 1165 1283 1282
t 1165 1166 1283
t 1166 1284 1283
t 1166 1167 1284
t 1167 1285 1284
t 1167 1168 1285
t 1168 1286 1285
t 1168 1169 1286
t 1169 1287 1286
t 1169 1170 1287
t 1170 1288 1287
t 1170 1171 1288
t 1171 1289 1288
t 1171 1172 1289
t 1172 1290 1289
t 1172 1173 1290
t 1173 1291 1290
t 1173 1174 1291
t 1174 1292 1291
t 1174 1175 1292
t 1175 1293 1292
t 1175 1176 1293
t 1176 1294 1293
t 1176 1177 1294
t 1177 1295 1294
t 1177 1178 1295
t 1178 1296 1295
t 1178 1179 1296
t 1179 1297 1296
t 1179 1180 1297
t 1180 1298 1297
t 1180 1181 1298
t 1181 1299 1298
t 1181 1182 1299
t 1182 1300 1299
t 1182 1183 1300
t 1183 1301 1300
t 1183 1184 1301
t 1184 1302 1301
t 1184 1185 1302
t 1185 1303 1302
t 1185 1186 1303
t 1186 1304 1303
t 1186 1187 1304
t 1187 1305 1304
t 1187 1188 1305
t 1188 1306 1305
t 1188 1189 1306
t 1189 1307 1306
t 1189 1190 1307
t 1190 1308 1307
t 1190 1191 1308
t 1191 1309 1308
t 1191 1192 1309
t 1192 1310 1309
t 1192 1193 1310
t 1193 1311 1310
t 1193 1194 1311
t 1194 1312 1311
t 1194 1195 1312
t 1195 1313 1312
t 1195 1196 1313
t 1196 1314 1313
t 1196 1197 1314
t 1197 1315 1314
t 1197 1198 1315
t 1198 1316 1315
t 1198 1199 1316
t 1199 1317 1316
t 1199 1200 1317
t 1200 1318 1317
t 1200 1201 1318
t 1201 1319 1318
t 1201 1202 1319
t 1202 1320 1319
t 1202 1203 1320
t 1203 1321 1320
t 1203 1204 1321
t 1204 1322 1321
t 1204 1205 1322
t 1205 1323 1322
t 1205 1206 1323
t 1206 1324 1323
t 1206 1207 1324
t 1207 1325 1324
t 1207 1208 1325
t 1208 1326 1325
t 1208 1209 1326
t 1209 1327 1326
t 1209 1210 1327
t 1210 1328 1327
t 1210 1211 1328
t 1211 1329 1328
t 1211 1212 1329
t 1212 1330 1329
t 1212 1213 1330
t 1213 1331 1330
t 1213 1214 1331
t 1214 1332 1331
t 1214 1215 1332
t 1215 1333 1332
t 1215 1216 1333
t 1216 1334 1333
t 1216 1217 1334
t 1217 1335 1334
t 1217 1218 1335
t 1218 1336 1335
t 1218 1219 1336
t 1219 1337 1336
t 1219 1220 1337
t 1220 1338 1337
t 1220 1221 1338
t 1221 1339 1338
t 1221 1222 1339
t 1222 1340 1339
t 1222 1223 1340
t 1223 1341 1340
t 1223 1224 1341
t 1224 1342 1341
t 1224 1225 1342
t 1225 1343 1342
t 1225 1226 1343
t 1226 1344 1343
t 1226 1227 1344
t 1227 1345 1344
t 1227 1228 1345
t 1228 1346 1345
t 1228 1229 1346
t 1229 1347 1346
t 1229 1230 1347
t 1230 1348 1347
t 1230 1231 1348
t 1231 1349 1348
t 1231 1232 1349
t 1232 1350 1349
t 1232 1233 1350
t 1233 1351 1350
t 1233 1234 1351
t 1234 1352 1351
t 1234 1235 1352
t 1235 1353 1352
t 1235 1236 1353
t 1236 1354 1353
t 1236 1237 1354
t 1237 1355 1354
t 1237 1238 1355
t 1238 1356 1355
t 1238 1239 1356
t 1239 1357 1356
t 1239 1240 1357
t 1240 1358 1357
t 1240 1241 1358
t 1241 1359 1358
t 1241 1242 1359
t 1242 1360 1359
t 1242 1243 1360
t 1243 1361 1360
t 1243 1244 1361
t 1244 1362 1361
t 1244 1245 1362
t 1245 1363 1362
t 1245 1246 1363
t 1246 1364 1363
t 1246 1247 1364
t 1247 1365 1364
t 1247 1248 1365
t 1248 1366 1365
t 1248 1249 1366
t 1249 1367 1366
t 1249 1250 1367
t 1250 1368 1367
t 1250 1251 1368
t 1251 1369 1368
t 1251 1252 1369
t 1252 1370 1369
t 1252 1253 1370
t 1253 1371 1370
t 1253 1254 1371
t 1254 1372 1371
t 1254 1255 1372
t 1255 1373 1372
t 1255 1256 1373
t 1256 1374 1373
t 1256 1257 1374
t 1257 1375 1374
t 1257 1258 1375
t 1258 1376 1375
t 1258 1259 1376
t 1259 1377 1376
t 1259 1260 1377
t 1260 1378 1377
t 1260 1261 1378
t 1261 1379 1378
t 1261 1262 1379
t 1262 1380 1379
t 1262 1263 1380
t 1263 1381 1380
t 1263 1264 1381
t 1264 1382 1381
t 1264 1265 1382
t 1265 1383 1382
t 1265 1266 1383
t 1266 1384 1383
t 1266 1267 1384
t 1267 1385 1384
t 1267 1268 1385
t 1268 1386 1385
t 1268 1269 1386
t 1269 1387 1386
t 1269 1270 1387
t 1270 1388 1387
t 1270 1271 1388
t 1271 1389 1388
t 1271 1272 1389
t 1272 1390 1389
t 1272 1273 1390
t 1273 1391 1390
t 1273 1274 1391
t 1274 1392 1391
t 1274 1275 1392
t 1275 1393 1392
t 1275 1276 1393
t 1276 1394 1393
t 1276 1277 1394
t 1277 1395 1394
t 1277 1278 1395
t 1278 1396 1395
t 1278 1279 1396
t 1279 1397 1396
t 1279 1398 1397
t 1279 102 1398
t 102 1399 1398
t 102 1400 1399
t 102 1401 1400
t 102 1402 1401
t 102 1403 1402
t 102 1404 1403
t 102 1405 1404
t 102 106 1405
t 168 166 167
t 168 165 166
t 106 107 108
t 106 108 109
t 106 109 110
t 168 1280 165
t 1280 164 165
t 1280 1281 164
t 1281 1282 164
t 1282 163 164
t 1282 1283 163
t 1283 1284 163
t 1284 162 163
t 1284 1285 162
t 1285 1286 162
t 1286 161 162
t 1286 1287 161
t 1287 1288 161
t 1288 160 161
t 1288 1289 160
t 1289 1290 160
t 1290 159 160
t 1290 1291 159
t 1291 1292 159
t 1292 158 159
t 1292 1293 158
t 1293 1294 158
t 1294 157 158
t 1294 1295 157
t 1295 1296 157
t 1296 156 157
t 1296 1297 156
t 1297 1298 156
t 1298 155 156
t 1298 1299 155
t 1299 1300 155
t 1300 154 155
t 1300 1301 154
t 1301 1302 154
t 1302 153 154
t 1302 1303 153
t 1303 1304 153
t 1304 152 153
t 1304 1305 152
t 1305 1306 152
t 1306 151 152
t 1306 1307 151
t 1307 1308 151
t 1308 150 151
t 1308 1309 150
t 1309 1310 150
t 1310 149 150
t 1310 1311 149
t 1311 1312 149
t 1312 148 149
t 1312 1313 148
t 1313 1314 148
t 1314 147 148
t 1314 1315 147
t 1315 1316 147
t 1316 1317 147
t 1317 146 147
t 1317 1318 146
t 1318 1319 146
t 1319 145 146
t 1319 1320 145
t 1320 1321 145
t 1321 144 145
t 1321 1322 144
t 1322 1323 144
t 1323 143 144
t 1323 1324 143
t 1324 1325 143
t 1325 142 143
t 1325 1326 142
t 1326 1327 142
t 1327 141 142
t 1327 1328 141
t 1328 1329 141
t 1329 140 141
t 1329 1330 140
t 1330 1331 140
t 1331 139 140
t 1331 1332 139
t 1332 1333 139
t 1333 138 139
t 1333 1334 138
t 1334 137 138
t 1334 1335 137
t 1335 1336 137
t 1336 136 137
t 1336 1337 136
t 1337 1338 136
t 1338 135 136
t 1338 1339 135
t 1339 1340 135
t 1340 134 135
t 1340 1341 134
t 1341 1342 134
t 1342 133 134
t 1342 1343 133
t 1343 1344 133
t 1344 132 133
t 1344 1345 132
t 1345 1346 132
t 1346 131 132
t 1346 1347 131
t 1347 1348 131
t 1348 130 131
t 1348 1349 130
t 1349 1350 130
t 1350 129 130
t 1350 1351 129
t 1351 1352 129
t 1352 1353 129
t 1353 128 129
t 1353 1354 128
t 1354 1355 128
t 1355 127 128
t 1355 1356 127
t 1356 1357 127
t 1357 126 127
t 1357 1358 126
t 1358 1359 126
t 1359 125 126
t 1359 1360 125
t 1360 1361 125
t 1361 124 125
t 1361 1362 124
t 1362 1363 124
t 1363 123 124
t 1363 1364 123
t 1364 1365 123
t 1365 122 123
t 1365 1366 122
t 1366 1367 122
t 1367 121 122
t 1367 1368 121
t 1368 1369 121
t 1369 120 121
t 1369 1370 120
t 1370 1371 120
t 1371 119 120
t 1371 1372 119
t 1372 1373 119
t 1373 118 119
t 1373 1374 118
t 1374 1375 118
t 1375 117 118
t 1375 1376 117
t 1376 1377 117
t 1377 116 117
t 1377 1378 116
t 1378 1379 116
t 1379 115 116
t 1379 1380 115
t 1380 1381 115
t 1381 114 115
t 1381 1382 114
t 1382 1383 114
t 1383 113 114
t 1383 1384 113
t 1384 1385 113
t 1385 112 113
t 1385 1386 112
t 1386 1387 112
t 1387 111 112
t 1387 1388 111
t 1388 1389 111
t 1389 1390 111
t 1390 1391 111
t 1391 1392 111
t 1392 1393 111
t 1393 1394 111
t 1394 1395 111
t 1395 1396 111
t 1396 1397 111
t 1397 1398 111
t 1398 1399 111
t 1399 1400 111
t 1400 110 111
t 1400 1401 110
t 1401 1402 110
t 1402 1403 110
t 1403 1404 110
t 1404 1405 110
t 1405 106 110
