type=Torus forward=true n_boundary=203 n_holes=0 n_interior=529 n_tris=543 label=brep62542_f204_Torus
boundary
b 3.417466646 5.445045706
b 3.417466646 5.472082467
b 3.417466646 5.499119228
b 3.417466646 5.526155990
b 3.417466646 5.553192751
b 3.417466646 5.580229512
b 3.417466646 5.607266274
b 3.417466646 5.634303035
b 3.417466646 5.661339796
b 3.417466646 5.688376558
b 3.417466646 5.715413319
b 3.417466646 5.742450080
b 3.417466646 5.769486842
b 3.417466646 5.796523603
b 3.417466646 5.823560364
b 3.417466646 5.850597126
b 3.417466646 5.877633887
b 3.417466646 5.904670648
b 3.417466646 5.931707410
b 3.417466646 5.958744171
b 3.417466646 5.985780932
b 3.417466646 6.012817694
b 3.417466646 6.039854455
b 3.417466646 6.066891216
b 3.417466646 6.093927978
b 3.417466646 6.120964739
b 3.417466646 6.148001501
b 3.417466646 6.175038262
b 3.417466646 6.202075023
b 3.417466646 6.229111785
b 3.417466646 6.256148546
b 3.417466646 6.283185307
b 3.417466646 6.310222069
b 3.417466646 6.337258830
b 3.417466646 6.364295591
b 3.417466646 6.391332353
b 3.417466646 6.418369114
b 3.417466646 6.445405875
b 3.417466646 6.472442637
b 3.417466646 6.499479398
b 3.417466646 6.526516159
b 3.417466646 6.553552921
b 3.417466646 6.580589682
b 3.417466646 6.607626443
b 3.417466646 6.634663205
b 3.417466646 6.661699966
b 3.417466646 6.688736727
b 3.417466646 6.715773489
b 3.417466646 6.742810250
b 3.417466646 6.769847011
b 3.417466646 6.796883773
b 3.417466646 6.823920534
b 3.417466646 6.850957295
b 3.417466646 6.877994057
b 3.417466646 6.905030818
b 3.417466646 6.932067579
b 3.417466646 6.959104341
b 3.417466646 6.986141102
b 3.417466646 7.013177863
b 3.417466646 7.040214625
b 3.417466646 7.067251386
b 3.417466646 7.094288147
b 3.417466646 7.121324909
b 3.414958360 7.120710633
b 3.412450097 7.120107310
b 3.409941856 7.119514948
b 3.407433636 7.118933555
b 3.404925436 7.118363140
b 3.402417256 7.117803715
b 3.399909094 7.117255290
b 3.397400951 7.116717881
b 3.394892825 7.116191500
b 3.392384716 7.115676164
b 3.389876622 7.115171889
b 3.387368544 7.114678694
b 3.384860480 7.114196598
b 3.382352429 7.113725621
b 3.379844391 7.113265786
b 3.377336366 7.112817115
b 3.374828351 7.112379632
b 3.372320347 7.111953362
b 3.369812353 7.111538332
b 3.367304369 7.111134548
b 3.364796393 7.110742012
b 3.362288427 7.110360723
b 3.359780470 7.109990683
b 3.357272523 7.109631897
b 3.354764584 7.109284367
b 3.352256655 7.108948101
b 3.349748735 7.108623107
b 3.347240823 7.108309393
b 3.344732921 7.108006969
b 3.342225027 7.107715848
b 3.339717142 7.107436042
b 3.337209266 7.107167567
b 3.334701399 7.106910438
b 3.332193540 7.106664673
b 3.329685690 7.106430290
b 3.327177848 7.106207309
b 3.324670014 7.105995753
b 3.322162189 7.105795632
b 3.319654371 7.105606941
b 3.317146560 7.105429675
b 3.314638754 7.105263829
b 3.312130953 7.105109401
b 3.309623157 7.104966388
b 3.307115364 7.104834790
b 3.304607574 7.104714607
b 3.302099785 7.104605840
b 3.299591998 7.104508494
b 3.297084211 7.104422571
b 3.294576424 7.104348077
b 3.292068636 7.104285018
b 3.289560846 7.104233401
b 3.287053053 7.104193236
b 3.284545256 7.104164533
b 3.282037456 7.104147301
b 3.279529650 7.104141555
b 3.279529650 7.051176635
b 3.279529650 6.998211716
b 3.279529650 6.945246797
b 3.279529650 6.892281878
b 3.279529650 6.839316959
b 3.279529650 6.786352040
b 3.279529650 6.733387120
b 3.279529650 6.680422201
b 3.279529650 6.627457282
b 3.279529650 6.574492363
b 3.279529650 6.521527444
b 3.279529650 6.468562524
b 3.279529650 6.415597605
b 3.279529650 6.362632686
b 3.279529650 6.309667767
b 3.279529650 6.256702848
b 3.279529650 6.203737928
b 3.279529650 6.150773009
b 3.279529650 6.097808090
b 3.279529650 6.044843171
b 3.279529650 5.991878252
b 3.279529650 5.938913332
b 3.279529650 5.885948413
b 3.279529650 5.832983494
b 3.279529650 5.780018575
b 3.279529650 5.727053656
b 3.279529650 5.674088736
b 3.279529650 5.621123817
b 3.279529650 5.568158898
b 3.279529650 5.515193979
b 3.279529650 5.462229060
b 3.282037456 5.462223313
b 3.284545256 5.462206082
b 3.287053053 5.462177378
b 3.289560846 5.462137213
b 3.292068636 5.462085597
b 3.294576424 5.462022538
b 3.297084211 5.461948044
b 3.299591998 5.461862121
b 3.302099785 5.461764774
b 3.304607574 5.461656008
b 3.307115364 5.461535825
b 3.309623157 5.461404226
b 3.312130953 5.461261213
b 3.314638754 5.461106785
b 3.317146560 5.460940939
b 3.319654371 5.460763673
b 3.322162189 5.460574982
b 3.324670014 5.460374861
b 3.327177848 5.460163305
b 3.329685690 5.459940325
b 3.332193540 5.459705942
b 3.334701399 5.459460176
b 3.337209266 5.459203047
b 3.339717142 5.458934572
b 3.342225027 5.458654766
b 3.344732921 5.458363645
b 3.347240823 5.458061222
b 3.349748735 5.457747507
b 3.352256655 5.457422513
b 3.354764584 5.457086247
b 3.357272523 5.456738718
b 3.359780470 5.456379931
b 3.362288427 5.456009891
b 3.364796393 5.455628602
b 3.367304369 5.455236066
b 3.369812353 5.454832283
b 3.372320347 5.454417252
b 3.374828351 5.453990983
b 3.377336366 5.453553500
b 3.379844391 5.453104828
b 3.382352429 5.452644993
b 3.384860480 5.452174016
b 3.387368544 5.451691920
b 3.389876622 5.451198725
b 3.392384716 5.450694451
b 3.394892825 5.450179115
b 3.397400951 5.449652734
b 3.399909094 5.449115324
b 3.402417256 5.448566900
b 3.404925436 5.448007474
b 3.407433636 5.447437059
b 3.409941856 5.446855666
b 3.412450097 5.446263304
b 3.414958360 5.445659982
interior
i 3.285277025 5.514890673
i 3.291024400 5.514890673
i 3.296771775 5.514890673
i 3.302519149 5.514890673
i 3.308266524 5.514890673
i 3.314013899 5.514890673
i 3.319761274 5.514890673
i 3.325508649 5.514890673
i 3.331256024 5.514890673
i 3.337003399 5.514890673
i 3.342750773 5.514890673
i 3.348498148 5.514890673
i 3.354245523 5.514890673
i 3.359992898 5.514890673
i 3.365740273 5.514890673
i 3.371487648 5.514890673
i 3.377235022 5.514890673
i 3.382982397 5.514890673
i 3.388729772 5.514890673
i 3.394477147 5.514890673
i 3.400224522 5.514890673
i 3.405971897 5.514890673
i 3.411719272 5.514890673
i 3.285277025 5.584735639
i 3.291024400 5.584735639
i 3.296771775 5.584735639
i 3.302519149 5.584735639
i 3.308266524 5.584735639
i 3.314013899 5.584735639
i 3.319761274 5.584735639
i 3.325508649 5.584735639
i 3.331256024 5.584735639
i 3.337003399 5.584735639
i 3.342750773 5.584735639
i 3.348498148 5.584735639
i 3.354245523 5.584735639
i 3.359992898 5.584735639
i 3.365740273 5.584735639
i 3.371487648 5.584735639
i 3.377235022 5.584735639
i 3.382982397 5.584735639
i 3.388729772 5.584735639
i 3.394477147 5.584735639
i 3.400224522 5.584735639
i 3.405971897 5.584735639
i 3.411719272 5.584735639
i 3.285277025 5.654580606
i 3.291024400 5.654580606
i 3.296771775 5.654580606
i 3.302519149 5.654580606
i 3.308266524 5.654580606
i 3.314013899 5.654580606
i 3.319761274 5.654580606
i 3.325508649 5.654580606
i 3.331256024 5.654580606
i 3.337003399 5.654580606
i 3.342750773 5.654580606
i 3.348498148 5.654580606
i 3.354245523 5.654580606
i 3.359992898 5.654580606
i 3.365740273 5.654580606
i 3.371487648 5.654580606
i 3.377235022 5.654580606
i 3.382982397 5.654580606
i 3.388729772 5.654580606
i 3.394477147 5.654580606
i 3.400224522 5.654580606
i 3.405971897 5.654580606
i 3.411719272 5.654580606
i 3.285277025 5.724425573
i 3.291024400 5.724425573
i 3.296771775 5.724425573
i 3.302519149 5.724425573
i 3.308266524 5.724425573
i 3.314013899 5.724425573
i 3.319761274 5.724425573
i 3.325508649 5.724425573
i 3.331256024 5.724425573
i 3.337003399 5.724425573
i 3.342750773 5.724425573
i 3.348498148 5.724425573
i 3.354245523 5.724425573
i 3.359992898 5.724425573
i 3.365740273 5.724425573
i 3.371487648 5.724425573
i 3.377235022 5.724425573
i 3.382982397 5.724425573
i 3.388729772 5.724425573
i 3.394477147 5.724425573
i 3.400224522 5.724425573
i 3.405971897 5.724425573
i 3.411719272 5.724425573
i 3.285277025 5.794270540
i 3.291024400 5.794270540
i 3.296771775 5.794270540
i 3.302519149 5.794270540
i 3.308266524 5.794270540
i 3.314013899 5.794270540
i 3.319761274 5.794270540
i 3.325508649 5.794270540
i 3.331256024 5.794270540
i 3.337003399 5.794270540
i 3.342750773 5.794270540
i 3.348498148 5.794270540
i 3.354245523 5.794270540
i 3.359992898 5.794270540
i 3.365740273 5.794270540
i 3.371487648 5.794270540
i 3.377235022 5.794270540
i 3.382982397 5.794270540
i 3.388729772 5.794270540
i 3.394477147 5.794270540
i 3.400224522 5.794270540
i 3.405971897 5.794270540
i 3.411719272 5.794270540
i 3.285277025 5.864115506
i 3.291024400 5.864115506
i 3.296771775 5.864115506
i 3.302519149 5.864115506
i 3.308266524 5.864115506
i 3.314013899 5.864115506
i 3.319761274 5.864115506
i 3.325508649 5.864115506
i 3.331256024 5.864115506
i 3.337003399 5.864115506
i 3.342750773 5.864115506
i 3.348498148 5.864115506
i 3.354245523 5.864115506
i 3.359992898 5.864115506
i 3.365740273 5.864115506
i 3.371487648 5.864115506
i 3.377235022 5.864115506
i 3.382982397 5.864115506
i 3.388729772 5.864115506
i 3.394477147 5.864115506
i 3.400224522 5.864115506
i 3.405971897 5.864115506
i 3.411719272 5.864115506
i 3.285277025 5.933960473
i 3.291024400 5.933960473
i 3.296771775 5.933960473
i 3.302519149 5.933960473
i 3.308266524 5.933960473
i 3.314013899 5.933960473
i 3.319761274 5.933960473
i 3.325508649 5.933960473
i 3.331256024 5.933960473
i 3.337003399 5.933960473
i 3.342750773 5.933960473
i 3.348498148 5.933960473
i 3.354245523 5.933960473
i 3.359992898 5.933960473
i 3.365740273 5.933960473
i 3.371487648 5.933960473
i 3.377235022 5.933960473
i 3.382982397 5.933960473
i 3.388729772 5.933960473
i 3.394477147 5.933960473
i 3.400224522 5.933960473
i 3.405971897 5.933960473
i 3.411719272 5.933960473
i 3.285277025 6.003805440
i 3.291024400 6.003805440
i 3.296771775 6.003805440
i 3.302519149 6.003805440
i 3.308266524 6.003805440
i 3.314013899 6.003805440
i 3.319761274 6.003805440
i 3.325508649 6.003805440
i 3.331256024 6.003805440
i 3.337003399 6.003805440
i 3.342750773 6.003805440
i 3.348498148 6.003805440
i 3.354245523 6.003805440
i 3.359992898 6.003805440
i 3.365740273 6.003805440
i 3.371487648 6.003805440
i 3.377235022 6.003805440
i 3.382982397 6.003805440
i 3.388729772 6.003805440
i 3.394477147 6.003805440
i 3.400224522 6.003805440
i 3.405971897 6.003805440
i 3.411719272 6.003805440
i 3.285277025 6.073650407
i 3.291024400 6.073650407
i 3.296771775 6.073650407
i 3.302519149 6.073650407
i 3.308266524 6.073650407
i 3.314013899 6.073650407
i 3.319761274 6.073650407
i 3.325508649 6.073650407
i 3.331256024 6.073650407
i 3.337003399 6.073650407
i 3.342750773 6.073650407
i 3.348498148 6.073650407
i 3.354245523 6.073650407
i 3.359992898 6.073650407
i 3.365740273 6.073650407
i 3.371487648 6.073650407
i 3.377235022 6.073650407
i 3.382982397 6.073650407
i 3.388729772 6.073650407
i 3.394477147 6.073650407
i 3.400224522 6.073650407
i 3.405971897 6.073650407
i 3.411719272 6.073650407
i 3.285277025 6.143495374
i 3.291024400 6.143495374
i 3.296771775 6.143495374
i 3.302519149 6.143495374
i 3.308266524 6.143495374
i 3.314013899 6.143495374
i 3.319761274 6.143495374
i 3.325508649 6.143495374
i 3.331256024 6.143495374
i 3.337003399 6.143495374
i 3.342750773 6.143495374
i 3.348498148 6.143495374
i 3.354245523 6.143495374
i 3.359992898 6.143495374
i 3.365740273 6.143495374
i 3.371487648 6.143495374
i 3.377235022 6.143495374
i 3.382982397 6.143495374
i 3.388729772 6.143495374
i 3.394477147 6.143495374
i 3.400224522 6.143495374
i 3.405971897 6.143495374
i 3.411719272 6.143495374
i 3.285277025 6.213340340
i 3.291024400 6.213340340
i 3.296771775 6.213340340
i 3.302519149 6.213340340
i 3.308266524 6.213340340
i 3.314013899 6.213340340
i 3.319761274 6.213340340
i 3.325508649 6.213340340
i 3.331256024 6.213340340
i 3.337003399 6.213340340
i 3.342750773 6.213340340
i 3.348498148 6.213340340
i 3.354245523 6.213340340
i 3.359992898 6.213340340
i 3.365740273 6.213340340
i 3.371487648 6.213340340
i 3.377235022 6.213340340
i 3.382982397 6.213340340
i 3.388729772 6.213340340
i 3.394477147 6.213340340
i 3.400224522 6.213340340
i 3.405971897 6.213340340
i 3.411719272 6.213340340
i 3.285277025 6.283185307
i 3.291024400 6.283185307
i 3.296771775 6.283185307
i 3.302519149 6.283185307
i 3.308266524 6.283185307
i 3.314013899 6.283185307
i 3.319761274 6.283185307
i 3.325508649 6.283185307
i 3.331256024 6.283185307
i 3.337003399 6.283185307
i 3.342750773 6.283185307
i 3.348498148 6.283185307
i 3.354245523 6.283185307
i 3.359992898 6.283185307
i 3.365740273 6.283185307
i 3.371487648 6.283185307
i 3.377235022 6.283185307
i 3.382982397 6.283185307
i 3.388729772 6.283185307
i 3.394477147 6.283185307
i 3.400224522 6.283185307
i 3.405971897 6.283185307
i 3.411719272 6.283185307
i 3.285277025 6.353030274
i 3.291024400 6.353030274
i 3.296771775 6.353030274
i 3.302519149 6.353030274
i 3.308266524 6.353030274
i 3.314013899 6.353030274
i 3.319761274 6.353030274
i 3.325508649 6.353030274
i 3.331256024 6.353030274
i 3.337003399 6.353030274
i 3.342750773 6.353030274
i 3.348498148 6.353030274
i 3.354245523 6.353030274
i 3.359992898 6.353030274
i 3.365740273 6.353030274
i 3.371487648 6.353030274
i 3.377235022 6.353030274
i 3.382982397 6.353030274
i 3.388729772 6.353030274
i 3.394477147 6.353030274
i 3.400224522 6.353030274
i 3.405971897 6.353030274
i 3.411719272 6.353030274
i 3.285277025 6.422875241
i 3.291024400 6.422875241
i 3.296771775 6.422875241
i 3.302519149 6.422875241
i 3.308266524 6.422875241
i 3.314013899 6.422875241
i 3.319761274 6.422875241
i 3.325508649 6.422875241
i 3.331256024 6.422875241
i 3.337003399 6.422875241
i 3.342750773 6.422875241
i 3.348498148 6.422875241
i 3.354245523 6.422875241
i 3.359992898 6.422875241
i 3.365740273 6.422875241
i 3.371487648 6.422875241
i 3.377235022 6.422875241
i 3.382982397 6.422875241
i 3.388729772 6.422875241
i 3.394477147 6.422875241
i 3.400224522 6.422875241
i 3.405971897 6.422875241
i 3.411719272 6.422875241
i 3.285277025 6.492720208
i 3.291024400 6.492720208
i 3.296771775 6.492720208
i 3.302519149 6.492720208
i 3.308266524 6.492720208
i 3.314013899 6.492720208
i 3.319761274 6.492720208
i 3.325508649 6.492720208
i 3.331256024 6.492720208
i 3.337003399 6.492720208
i 3.342750773 6.492720208
i 3.348498148 6.492720208
i 3.354245523 6.492720208
i 3.359992898 6.492720208
i 3.365740273 6.492720208
i 3.371487648 6.492720208
i 3.377235022 6.492720208
i 3.382982397 6.492720208
i 3.388729772 6.492720208
i 3.394477147 6.492720208
i 3.400224522 6.492720208
i 3.405971897 6.492720208
i 3.411719272 6.492720208
i 3.285277025 6.562565174
i 3.291024400 6.562565174
i 3.296771775 6.562565174
i 3.302519149 6.562565174
i 3.308266524 6.562565174
i 3.314013899 6.562565174
i 3.319761274 6.562565174
i 3.325508649 6.562565174
i 3.331256024 6.562565174
i 3.337003399 6.562565174
i 3.342750773 6.562565174
i 3.348498148 6.562565174
i 3.354245523 6.562565174
i 3.359992898 6.562565174
i 3.365740273 6.562565174
i 3.371487648 6.562565174
i 3.377235022 6.562565174
i 3.382982397 6.562565174
i 3.388729772 6.562565174
i 3.394477147 6.562565174
i 3.400224522 6.562565174
i 3.405971897 6.562565174
i 3.411719272 6.562565174
i 3.285277025 6.632410141
i 3.291024400 6.632410141
i 3.296771775 6.632410141
i 3.302519149 6.632410141
i 3.308266524 6.632410141
i 3.314013899 6.632410141
i 3.319761274 6.632410141
i 3.325508649 6.632410141
i 3.331256024 6.632410141
i 3.337003399 6.632410141
i 3.342750773 6.632410141
i 3.348498148 6.632410141
i 3.354245523 6.632410141
i 3.359992898 6.632410141
i 3.365740273 6.632410141
i 3.371487648 6.632410141
i 3.377235022 6.632410141
i 3.382982397 6.632410141
i 3.388729772 6.632410141
i 3.394477147 6.632410141
i 3.400224522 6.632410141
i 3.405971897 6.632410141
i 3.411719272 6.632410141
i 3.285277025 6.702255108
i 3.291024400 6.702255108
i 3.296771775 6.702255108
i 3.302519149 6.702255108
i 3.308266524 6.702255108
i 3.314013899 6.702255108
i 3.319761274 6.702255108
i 3.325508649 6.702255108
i 3.331256024 6.702255108
i 3.337003399 6.702255108
i 3.342750773 6.702255108
i 3.348498148 6.702255108
i 3.354245523 6.702255108
i 3.359992898 6.702255108
i 3.365740273 6.702255108
i 3.371487648 6.702255108
i 3.377235022 6.702255108
i 3.382982397 6.702255108
i 3.388729772 6.702255108
i 3.394477147 6.702255108
i 3.400224522 6.702255108
i 3.405971897 6.702255108
i 3.411719272 6.702255108
i 3.285277025 6.772100075
i 3.291024400 6.772100075
i 3.296771775 6.772100075
i 3.302519149 6.772100075
i 3.308266524 6.772100075
i 3.314013899 6.772100075
i 3.319761274 6.772100075
i 3.325508649 6.772100075
i 3.331256024 6.772100075
i 3.337003399 6.772100075
i 3.342750773 6.772100075
i 3.348498148 6.772100075
i 3.354245523 6.772100075
i 3.359992898 6.772100075
i 3.365740273 6.772100075
i 3.371487648 6.772100075
i 3.377235022 6.772100075
i 3.382982397 6.772100075
i 3.388729772 6.772100075
i 3.394477147 6.772100075
i 3.400224522 6.772100075
i 3.405971897 6.772100075
i 3.411719272 6.772100075
i 3.285277025 6.841945041
i 3.291024400 6.841945041
i 3.296771775 6.841945041
i 3.302519149 6.841945041
i 3.308266524 6.841945041
i 3.314013899 6.841945041
i 3.319761274 6.841945041
i 3.325508649 6.841945041
i 3.331256024 6.841945041
i 3.337003399 6.841945041
i 3.342750773 6.841945041
i 3.348498148 6.841945041
i 3.354245523 6.841945041
i 3.359992898 6.841945041
i 3.365740273 6.841945041
i 3.371487648 6.841945041
i 3.377235022 6.841945041
i 3.382982397 6.841945041
i 3.388729772 6.841945041
i 3.394477147 6.841945041
i 3.400224522 6.841945041
i 3.405971897 6.841945041
i 3.411719272 6.841945041
i 3.285277025 6.911790008
i 3.291024400 6.911790008
i 3.296771775 6.911790008
i 3.302519149 6.911790008
i 3.308266524 6.911790008
i 3.314013899 6.911790008
i 3.319761274 6.911790008
i 3.325508649 6.911790008
i 3.331256024 6.911790008
i 3.337003399 6.911790008
i 3.342750773 6.911790008
i 3.348498148 6.911790008
i 3.354245523 6.911790008
i 3.359992898 6.911790008
i 3.365740273 6.911790008
i 3.371487648 6.911790008
i 3.377235022 6.911790008
i 3.382982397 6.911790008
i 3.388729772 6.911790008
i 3.394477147 6.911790008
i 3.400224522 6.911790008
i 3.405971897 6.911790008
i 3.411719272 6.911790008
i 3.285277025 6.981634975
i 3.291024400 6.981634975
i 3.296771775 6.981634975
i 3.302519149 6.981634975
i 3.308266524 6.981634975
i 3.314013899 6.981634975
i 3.319761274 6.981634975
i 3.325508649 6.981634975
i 3.331256024 6.981634975
i 3.337003399 6.981634975
i 3.342750773 6.981634975
i 3.348498148 6.981634975
i 3.354245523 6.981634975
i 3.359992898 6.981634975
i 3.365740273 6.981634975
i 3.371487648 6.981634975
i 3.377235022 6.981634975
i 3.382982397 6.981634975
i 3.388729772 6.981634975
i 3.394477147 6.981634975
i 3.400224522 6.981634975
i 3.405971897 6.981634975
i 3.411719272 6.981634975
i 3.285277025 7.051479942
i 3.291024400 7.051479942
i 3.296771775 7.051479942
i 3.302519149 7.051479942
i 3.308266524 7.051479942
i 3.314013899 7.051479942
i 3.319761274 7.051479942
i 3.325508649 7.051479942
i 3.331256024 7.051479942
i 3.337003399 7.051479942
i 3.342750773 7.051479942
i 3.348498148 7.051479942
i 3.354245523 7.051479942
i 3.359992898 7.051479942
i 3.365740273 7.051479942
i 3.371487648 7.051479942
i 3.377235022 7.051479942
i 3.382982397 7.051479942
i 3.388729772 7.051479942
i 3.394477147 7.051479942
i 3.400224522 7.051479942
i 3.405971897 7.051479942
i 3.411719272 7.051479942
tris
t 0 201 202
t 0 200 201
t 0 199 200
t 0 198 199
t 0 197 198
t 0 196 197
t 0 195 196
t 0 194 195
t 0 193 194
t 0 192 193
t 0 191 192
t 0 190 191
t 0 189 190
t 0 188 189
t 0 187 188
t 0 186 187
t 0 185 186
t 0 184 185
t 0 183 184
t 0 182 183
t 0 181 182
t 0 180 181
t 0 179 180
t 0 178 179
t 0 177 178
t 0 176 177
t 0 175 176
t 0 174 175
t 0 173 174
t 0 172 173
t 0 171 172
t 0 1 2
t 0 2 3
t 0 3 4
t 0 4 5
t 0 5 6
t 0 6 7
t 0 7 8
t 0 8 9
t 0 9 10
t 0 732 171
t 0 733 732
t 0 734 733
t 0 735 734
t 0 736 735
t 0 737 736
t 0 738 737
t 0 739 738
t 0 740 739
t 0 741 740
t 0 742 741
t 0 743 742
t 0 744 743
t 0 745 744
t 0 746 745
t 0 747 746
t 0 748 747
t 0 749 748
t 0 750 749
t 0 751 750
t 0 752 751
t 0 753 752
t 0 754 753
t 0 755 754
t 0 756 755
t 0 757 756
t 0 758 757
t 0 759 758
t 0 760 759
t 0 761 760
t 0 762 761
t 0 10 762
t 171 169 170
t 171 168 169
t 171 167 168
t 171 166 167
t 171 165 166
t 171 164 165
t 171 163 164
t 171 162 163
t 171 161 162
t 171 160 161
t 171 159 160
t 171 158 159
t 171 157 158
t 171 156 157
t 171 155 156
t 171 154 155
t 171 153 154
t 171 152 153
t 171 151 152
t 171 150 151
t 171 149 150
t 171 148 149
t 171 147 148
t 171 146 147
t 171 145 146
t 171 144 145
t 171 143 144
t 171 142 143
t 171 141 142
t 171 140 141
t 171 139 140
t 171 138 139
t 10 11 12
t 10 12 13
t 10 13 14
t 10 14 15
t 10 15 16
t 10 16 17
t 10 17 18
t 10 18 19
t 10 19 20
t 171 763 138
t 171 764 763
t 171 765 764
t 171 766 765
t 171 767 766
t 171 768 767
t 171 769 768
t 171 770 769
t 171 771 770
t 171 772 771
t 171 773 772
t 171 774 773
t 171 775 774
t 171 776 775
t 171 777 776
t 171 778 777
t 171 779 778
t 171 780 779
t 171 781 780
t 171 782 781
t 171 783 782
t 171 784 783
t 171 785 784
t 171 732 785
t 732 786 785
t 732 733 786
t 733 787 786
t 733 734 787
t 734 788 787
t 734 735 788
t 735 789 788
t 735 736 789
t 736 790 789
t 736 737 790
t 737 791 790
t 737 738 791
t 738 792 791
t 738 739 792
t 739 793 792
t 739 740 793
t 740 794 793
t 740 741 794
t 741 795 794
t 741 742 795
t 742 796 795
t 742 743 796
t 743 797 796
t 743 744 797
t 744 798 797
t 744 745 798
t 745 799 798
t 745 746 799
t 746 800 799
t 746 747 800
t 747 801 800
t 747 748 801
t 748 802 801
t 748 749 802
t 749 803 802
t 749 750 803
t 750 804 803
t 750 751 804
t 751 805 804
t 751 752 805
t 752 806 805
t 752 753 806
t 753 807 806
t 753 754 807
t 754 808 807
t 754 755 808
t 755 809 808
t 755 756 809
t 756 810 809
t 756 757 810
t 757 811 810
t 757 758 811
t 758 812 811
t 758 759 812
t 759 813 812
t 759 760 813
t 760 814 813
t 760 761 814
t 761 815 814
t 761 762 815
t 762 816 815
t 762 10 816
t 10 20 816
t 138 136 137
t 138 135 136
t 138 134 135
t 138 133 134
t 138 132 133
t 138 131 132
t 138 130 131
t 138 129 130
t 138 128 129
t 20 21 22
t 20 22 23
t 20 23 24
t 20 24 25
t 20 25 26
t 20 26 27
t 20 27 28
t 20 28 29
t 20 29 30
t 20 30 31
t 20 31 32
t 20 32 33
t 20 33 34
t 20 34 35
t 20 35 36
t 20 36 37
t 20 37 38
t 20 38 39
t 20 39 40
t 20 40 41
t 138 763 128
t 763 817 128
t 763 764 817
t 764 818 817
t 764 765 818
t 765 819 818
t 765 766 819
t 766 820 819
t 766 767 820
t 767 821 820
t 767 768 821
t 768 822 821
t 768 769 822
t 769 823 822
t 769 770 823
t 770 824 823
t 770 771 824
t 771 825 824
t 771 772 825
t 772 826 825
t 772 773 826
t 773 827 826
t 773 774 827
t 774 828 827
t 774 775 828
t 775 829 828
t 775 776 829
t 776 830 829
t 776 777 830
t 777 831 830
t 777 778 831
t 778 832 831
t 778 779 832
t 779 833 832
t 779 780 833
t 780 834 833
t 780 781 834
t 781 835 834
t 781 782 835
t 782 836 835
t 782 783 836
t 783 837 836
t 783 784 837
t 784 838 837
t 784 785 838
t 785 839 838
t 785 786 839
t 786 840 839
t 786 787 840
t 787 841 840
t 787 788 841
t 788 842 841
t 788 789 842
t 789 843 842
t 789 790 843
t 790 844 843
t 790 791 844
t 791 845 844
t 791 792 845
t 792 846 845
t 792 793 846
t 793 847 846
t 793 794 847
t 794 848 847
t 794 795 848
t 795 849 848
t 795 796 849
t 796 850 849
t 796 797 850
t 797 851 850
t 797 798 851
t 798 852 851
t 798 799 852
t 799 853 852
t 799 800 853
t 800 854 853
t 800 801 854
t 801 855 854
t 801 802 855
t 802 856 855
t 802 803 856
t 803 857 856
t 803 804 857
t 804 858 857
t 804 805 858
t 805 859 858
t 805 806 859
t 806 860 859
t 806 807 860
t 807 861 860
t 807 808 861
t 808 862 861
t 808 809 862
t 809 863 862
t 809 810 863
t 810 864 863
t 810 811 864
t 811 865 864
t 811 812 865
t 812 866 865
t 812 813 866
t 813 867 866
t 813 814 867
t 814 868 867
t 814 815 868
t 815 869 868
t 815 816 869
t 816 870 869
t 816 20 870
t 20 41 870
t 128 126 127
t 128 125 126
t 128 124 125
t 128 123 124
t 128 122 123
t 128 121 122
t 128 120 121
t 128 119 120
t 128 118 119
t 128 117 118
t 128 116 117
t 128 115 116
t 128 114 115
t 128 113 114
t 128 112 113
t 128 111 112
t 128 110 111
t 128 109 110
t 128 108 109
t 128 107 108
t 128 106 107
t 128 105 106
t 128 104 105
t 128 103 104
t 128 102 103
t 128 101 102
t 128 100 101
t 128 99 100
t 128 98 99
t 128 97 98
t 128 96 97
t 128 95 96
t 41 42 43
t 41 43 44
t 41 44 45
t 41 45 46
t 41 46 47
t 41 47 48
t 41 48 49
t 41 49 50
t 41 50 51
t 128 817 95
t 817 818 95
t 818 819 95
t 819 820 95
t 820 821 95
t 821 822 95
t 822 823 95
t 823 824 95
t 824 825 95
t 825 826 95
t 826 827 95
t 827 828 95
t 828 829 95
t 829 830 95
t 830 831 95
t 831 832 95
t 832 833 95
t 833 834 95
t 834 835 95
t 835 836 95
t 836 837 95
t 837 838 95
t 838 839 95
t 839 871 95
t 839 840 871
t 840 872 871
t 840 841 872
t 841 873 872
t 841 842 873
t 842 874 873
t 842 843 874
t 843 875 874
t 843 844 875
t 844 876 875
t 844 845 876
t 845 877 876
t 845 846 877
t 846 878 877
t 846 847 878
t 847 879 878
t 847 848 879
t 848 880 879
t 848 849 880
t 849 881 880
t 849 850 881
t 850 882 881
t 850 851 882
t 851 883 882
t 851 852 883
t 852 884 883
t 852 853 884
t 853 885 884
t 853 854 885
t 854 886 885
t 854 855 886
t 855 887 886
t 855 856 887
t 856 888 887
t 856 857 888
t 857 889 888
t 857 858 889
t 858 890 889
t 858 859 890
t 859 891 890
t 859 860 891
t 860 892 891
t 860 861 892
t 861 893 892
t 861 862 893
t 862 894 893
t 862 863 894
t 863 895 894
t 863 864 895
t 864 896 895
t 864 865 896
t 865 897 896
t 865 866 897
t 866 898 897
t 866 867 898
t 867 899 898
t 867 868 899
t 868 900 899
t 868 869 900
t 869 901 900
t 869 870 901
t 870 902 901
t 870 41 902
t 41 51 902
t 95 93 94
t 95 92 93
t 95 91 92
t 95 90 91
t 95 89 90
t 95 88 89
t 95 87 88
t 95 86 87
t 95 85 86
t 95 84 85
t 95 83 84
t 95 82 83
t 95 81 82
t 95 80 81
t 95 79 80
t 95 78 79
t 95 77 78
t 95 76 77
t 95 75 76
t 95 74 75
t 95 73 74
t 95 72 73
t 95 71 72
t 95 70 71
t 95 69 70
t 95 68 69
t 95 67 68
t 95 66 67
t 95 65 66
t 95 64 65
t 95 63 64
t 95 62 63
t 51 52 53
t 51 53 54
t 51 54 55
t 51 55 56
t 51 56 57
t 51 57 58
t 51 58 59
t 51 59 60
t 51 60 61
t 51 61 62
t 95 871 62
t 871 872 62
t 872 873 62
t 873 874 62
t 874 875 62
t 875 876 62
t 876 877 62
t 877 878 62
t 878 879 62
t 879 880 62
t 880 881 62
t 881 882 62
t 882 883 62
t 883 884 62
t 884 885 62
t 885 886 62
t 886 887 62
t 887 888 62
t 888 889 62
t 889 890 62
t 890 891 62
t 891 892 62
t 892 893 62
t 893 894 62
t 894 895 62
t 895 896 62
t 896 897 62
t 897 898 62
t 898 899 62
t 899 900 62
t 900 901 62
t 901 902 62
t 902 51 62
