type=Nurbs forward=true n_boundary=196 n_holes=0 n_interior=238 n_tris=384 label=brep62542_f73_Nurbs(deg=3/3, cps=4x7)
boundary
b 0.135338397 0.835990648
b 0.145078571 0.820867868
b 0.154816937 0.805730957
b 0.164553832 0.790579693
b 0.174289595 0.775413857
b 0.184024568 0.760233229
b 0.193759092 0.745037586
b 0.203493511 0.729826708
b 0.213228171 0.714600374
b 0.222963420 0.699358361
b 0.232699605 0.684100447
b 0.242437077 0.668826410
b 0.252176191 0.653536030
b 0.261917308 0.638229097
b 0.271660790 0.622905397
b 0.281407002 0.607564719
b 0.291156308 0.592206851
b 0.300909073 0.576831580
b 0.310665637 0.561438738
b 0.320426032 0.546028654
b 0.330190093 0.530601978
b 0.339957645 0.515159366
b 0.349728515 0.499701475
b 0.359502526 0.484228961
b 0.369279498 0.468742480
b 0.379059251 0.453242687
b 0.388841603 0.437730238
b 0.398626371 0.422205789
b 0.408413370 0.406669996
b 0.418202415 0.391123514
b 0.427993319 0.375566997
b 0.437785896 0.360001101
b 0.447579959 0.344426481
b 0.457375321 0.328843790
b 0.467171798 0.313253679
b 0.476969209 0.297656795
b 0.486767376 0.282053781
b 0.496566326 0.266444957
b 0.506366407 0.250830146
b 0.516167994 0.235209130
b 0.525971462 0.219581689
b 0.535777189 0.203947605
b 0.545585551 0.188306656
b 0.555396927 0.172658625
b 0.565211695 0.157003292
b 0.575030236 0.141340436
b 0.584852929 0.125669839
b 0.594680156 0.109991281
b 0.604512297 0.094304542
b 0.614349735 0.078609403
b 0.624192852 0.062905643
b 0.634042030 0.047193043
b 0.643897655 0.031471382
b 0.653760109 0.015740441
b 0.663629777 -0.000000000
b 0.670398639 -0.000000000
b 0.677168955 -0.000000000
b 0.683940782 -0.000000000
b 0.690714179 -0.000000000
b 0.697489204 -0.000000000
b 0.704265916 -0.000000000
b 0.711044371 -0.000000000
b 0.717824630 -0.000000000
b 0.724606750 -0.000000000
b 0.731390789 -0.000000000
b 0.738176807 -0.000000000
b 0.744964862 -0.000000000
b 0.751755013 -0.000000000
b 0.758547318 -0.000000000
b 0.765341836 -0.000000000
b 0.772138626 -0.000000000
b 0.778937748 -0.000000000
b 0.785739259 -0.000000000
b 0.792543220 -0.000000000
b 0.799349690 -0.000000000
b 0.806158728 -0.000000000
b 0.812970392 -0.000000000
b 0.819784744 -0.000000000
b 0.826601842 -0.000000000
b 0.833421746 -0.000000000
b 0.840244517 -0.000000000
b 0.847070213 -0.000000000
b 0.853898894 -0.000000000
b 0.860730622 -0.000000000
b 0.867565456 -0.000000000
b 0.874403456 -0.000000000
b 0.874403447 0.015908416
b 0.874403421 0.031807035
b 0.874403382 0.047696079
b 0.874403333 0.063575767
b 0.874403276 0.079446320
b 0.874403217 0.095307958
b 0.874403158 0.111160902
b 0.874403105 0.127005371
b 0.874403061 0.142841585
b 0.874403031 0.158669764
b 0.874403019 0.174490128
b 0.874403028 0.190302897
b 0.874403064 0.206108291
b 0.874403128 0.221906528
b 0.874403224 0.237697829
b 0.874403354 0.253482413
b 0.874403519 0.269260499
b 0.874403722 0.285032306
b 0.874403961 0.300798011
b 0.874404229 0.316557292
b 0.874404516 0.332309506
b 0.874404811 0.348054006
b 0.874405102 0.363790140
b 0.874405373 0.379517254
b 0.874405611 0.395234692
b 0.874405804 0.410941800
b 0.874405942 0.426637922
b 0.874406017 0.442322403
b 0.874406021 0.457994589
b 0.874405953 0.473653821
b 0.874405811 0.489299446
b 0.874405598 0.504930806
b 0.874405320 0.520547246
b 0.874404986 0.536148108
b 0.874404611 0.551732737
b 0.874404212 0.567300475
b 0.874403811 0.582850672
b 0.874403428 0.598382997
b 0.874403074 0.613897620
b 0.874402759 0.629394752
b 0.874402494 0.644874605
b 0.874402287 0.660337389
b 0.874402147 0.675783316
b 0.874402079 0.691212600
b 0.874402079 0.706625463
b 0.874402140 0.722022128
b 0.874402256 0.737402817
b 0.874402416 0.752767754
b 0.874402609 0.768117160
b 0.874402821 0.783451257
b 0.874403039 0.798770266
b 0.874403245 0.814074408
b 0.874403420 0.829363903
b 0.874403543 0.844638972
b 0.874403591 0.859899835
b 0.860680057 0.859627481
b 0.846969073 0.859359095
b 0.833270124 0.859094686
b 0.819582700 0.858834266
b 0.805906298 0.858577845
b 0.792240418 0.858325435
b 0.778584564 0.858077047
b 0.764938247 0.857832692
b 0.751300978 0.857592381
b 0.737672274 0.857356125
b 0.724051654 0.857123937
b 0.710438639 0.856895827
b 0.696832755 0.856671806
b 0.683233527 0.856451887
b 0.669640484 0.856236080
b 0.656053154 0.856024398
b 0.642471070 0.855816853
b 0.628893761 0.855613455
b 0.615320760 0.855414217
b 0.601751598 0.855219150
b 0.588185807 0.855028267
b 0.574622918 0.854841580
b 0.561062461 0.854659100
b 0.547503965 0.854480840
b 0.533946957 0.854306812
b 0.520390963 0.854137028
b 0.506835507 0.853971501
b 0.493280109 0.853810242
b 0.479724288 0.853653262
b 0.466167564 0.853500568
b 0.452609462 0.853352168
b 0.439049510 0.853208069
b 0.425487237 0.853068280
b 0.411922178 0.852932807
b 0.398353866 0.852801659
b 0.384781841 0.852674844
b 0.371205640 0.852552369
b 0.357624804 0.852434242
b 0.344038876 0.852320473
b 0.330447396 0.852211068
b 0.316849907 0.852106036
b 0.303245953 0.852005385
b 0.289635075 0.851909124
b 0.276016814 0.851817261
b 0.262390713 0.851729805
b 0.248756310 0.851646763
b 0.235113143 0.851568146
b 0.221460749 0.851493961
b 0.207798660 0.851424217
b 0.194126409 0.851358923
b 0.180443523 0.851298088
b 0.166749527 0.851241721
b 0.153043944 0.851189830
b 0.139326290 0.851142426
b 0.125596078 0.851099517
interior
i 0.593602293 0.107487479
i 0.687203535 0.107487479
i 0.780804778 0.107487479
i 0.593602293 0.214974959
i 0.687203535 0.214974959
i 0.780804778 0.214974959
i 0.500001050 0.322462438
i 0.593602293 0.322462438
i 0.687203535 0.322462438
i 0.780804778 0.322462438
i 0.406399807 0.429949917
i 0.500001050 0.429949917
i 0.593602293 0.429949917
i 0.687203535 0.429949917
i 0.780804778 0.429949917
i 0.406399807 0.537437397
i 0.500001050 0.537437397
i 0.593602293 0.537437397
i 0.687203535 0.537437397
i 0.780804778 0.537437397
i 0.312798564 0.644924876
i 0.406399807 0.644924876
i 0.500001050 0.644924876
i 0.593602293 0.644924876
i 0.687203535 0.644924876
i 0.780804778 0.644924876
i 0.219197321 0.752412355
i 0.312798564 0.752412355
i 0.406399807 0.752412355
i 0.500001050 0.752412355
i 0.593602293 0.752412355
i 0.687203535 0.752412355
i 0.780804778 0.752412355
i 0.172396700 0.806156095
i 0.195797010 0.779284225
i 0.148996389 0.833027965
i 0.195797010 0.833027965
i 0.265997943 0.698668616
i 0.242597632 0.671796746
i 0.289398253 0.671796746
i 0.242597632 0.725540486
i 0.289398253 0.725540486
i 0.265997943 0.806156095
i 0.242597632 0.779284225
i 0.289398253 0.779284225
i 0.242597632 0.833027965
i 0.289398253 0.833027965
i 0.359599185 0.483693657
i 0.382999496 0.456821787
i 0.382999496 0.510565527
i 0.359599185 0.591181136
i 0.336198875 0.564309267
i 0.382999496 0.564309267
i 0.336198875 0.618053006
i 0.382999496 0.618053006
i 0.359599185 0.698668616
i 0.336198875 0.671796746
i 0.382999496 0.671796746
i 0.336198875 0.725540486
i 0.382999496 0.725540486
i 0.359599185 0.806156095
i 0.336198875 0.779284225
i 0.382999496 0.779284225
i 0.336198875 0.833027965
i 0.382999496 0.833027965
i 0.453200428 0.376206178
i 0.476600739 0.349334308
i 0.429800118 0.403078048
i 0.476600739 0.403078048
i 0.453200428 0.483693657
i 0.429800118 0.456821787
i 0.476600739 0.456821787
i 0.429800118 0.510565527
i 0.476600739 0.510565527
i 0.453200428 0.591181136
i 0.429800118 0.564309267
i 0.476600739 0.564309267
i 0.429800118 0.618053006
i 0.476600739 0.618053006
i 0.453200428 0.698668616
i 0.429800118 0.671796746
i 0.476600739 0.671796746
i 0.429800118 0.725540486
i 0.476600739 0.725540486
i 0.453200428 0.806156095
i 0.429800118 0.779284225
i 0.476600739 0.779284225
i 0.429800118 0.833027965
i 0.476600739 0.833027965
i 0.546801671 0.268718698
i 0.523401360 0.241846829
i 0.570201982 0.241846829
i 0.523401360 0.295590568
i 0.570201982 0.295590568
i 0.546801671 0.376206178
i 0.523401360 0.349334308
i 0.570201982 0.349334308
i 0.523401360 0.403078048
i 0.570201982 0.403078048
i 0.546801671 0.483693657
i 0.523401360 0.456821787
i 0.570201982 0.456821787
i 0.523401360 0.510565527
i 0.570201982 0.510565527
i 0.546801671 0.591181136
i 0.523401360 0.564309267
i 0.570201982 0.564309267
i 0.523401360 0.618053006
i 0.570201982 0.618053006
i 0.546801671 0.698668616
i 0.523401360 0.671796746
i 0.570201982 0.671796746
i 0.523401360 0.725540486
i 0.570201982 0.725540486
i 0.546801671 0.806156095
i 0.523401360 0.779284225
i 0.570201982 0.779284225
i 0.523401360 0.833027965
i 0.570201982 0.833027965
i 0.640402914 0.053743740
i 0.663803225 0.026871870
i 0.617002603 0.080615610
i 0.663803225 0.080615610
i 0.640402914 0.161231219
i 0.617002603 0.134359349
i 0.663803225 0.134359349
i 0.617002603 0.188103089
i 0.663803225 0.188103089
i 0.640402914 0.268718698
i 0.617002603 0.241846829
i 0.663803225 0.241846829
i 0.617002603 0.295590568
i 0.663803225 0.295590568
i 0.640402914 0.376206178
i 0.617002603 0.349334308
i 0.663803225 0.349334308
i 0.617002603 0.403078048
i 0.663803225 0.403078048
i 0.640402914 0.483693657
i 0.617002603 0.456821787
i 0.663803225 0.456821787
i 0.617002603 0.510565527
i 0.663803225 0.510565527
i 0.640402914 0.591181136
i 0.617002603 0.564309267
i 0.663803225 0.564309267
i 0.617002603 0.618053006
i 0.663803225 0.618053006
i 0.640402914 0.698668616
i 0.617002603 0.671796746
i 0.663803225 0.671796746
i 0.617002603 0.725540486
i 0.663803225 0.725540486
i 0.640402914 0.806156095
i 0.617002603 0.779284225
i 0.663803225 0.779284225
i 0.617002603 0.833027965
i 0.663803225 0.833027965
i 0.734004157 0.053743740
i 0.710603846 0.026871870
i 0.757404468 0.026871870
i 0.710603846 0.080615610
i 0.757404468 0.080615610
i 0.734004157 0.161231219
i 0.710603846 0.134359349
i 0.757404468 0.134359349
i 0.710603846 0.188103089
i 0.757404468 0.188103089
i 0.734004157 0.268718698
i 0.710603846 0.241846829
i 0.757404468 0.241846829
i 0.710603846 0.295590568
i 0.757404468 0.295590568
i 0.734004157 0.376206178
i 0.710603846 0.349334308
i 0.757404468 0.349334308
i 0.710603846 0.403078048
i 0.757404468 0.403078048
i 0.734004157 0.483693657
i 0.710603846 0.456821787
i 0.757404468 0.456821787
i 0.710603846 0.510565527
i 0.757404468 0.510565527
i 0.734004157 0.591181136
i 0.710603846 0.564309267
i 0.757404468 0.564309267
i 0.710603846 0.618053006
i 0.757404468 0.618053006
i 0.734004157 0.698668616
i 0.710603846 0.671796746
i 0.757404468 0.671796746
i 0.710603846 0.725540486
i 0.757404468 0.725540486
i 0.734004157 0.806156095
i 0.710603846 0.779284225
i 0.757404468 0.779284225
i 0.710603846 0.833027965
i 0.757404468 0.833027965
i 0.827605400 0.053743740
i 0.804205089 0.026871870
i 0.851005710 0.026871870
i 0.804205089 0.080615610
i 0.851005710 0.080615610
i 0.827605400 0.161231219
i 0.804205089 0.134359349
i 0.851005710 0.134359349
i 0.804205089 0.188103089
i 0.851005710 0.188103089
i 0.827605400 0.268718698
i 0.804205089 0.241846829
i 0.851005710 0.241846829
i 0.804205089 0.295590568
i 0.851005710 0.295590568
i 0.827605400 0.376206178
i 0.804205089 0.349334308
i 0.851005710 0.349334308
i 0.804205089 0.403078048
i 0.851005710 0.403078048
i 0.827605400 0.483693657
i 0.804205089 0.456821787
i 0.851005710 0.456821787
i 0.804205089 0.510565527
i 0.851005710 0.510565527
i 0.827605400 0.591181136
i 0.804205089 0.564309267
i 0.851005710 0.564309267
i 0.804205089 0.618053006
i 0.851005710 0.618053006
i 0.827605400 0.698668616
i 0.804205089 0.671796746
i 0.851005710 0.671796746
i 0.804205089 0.725540486
i 0.851005710 0.725540486
i 0.827605400 0.806156095
i 0.804205089 0.779284225
i 0.851005710 0.779284225
i 0.804205089 0.833027965
i 0.851005710 0.833027965
tris
t 54 52 53
t 54 51 52
t 54 50 51
t 54 49 50
t 54 48 49
t 54 47 48
t 54 46 47
t 54 45 46
t 54 44 45
t 54 43 44
t 54 42 43
t 54 41 42
t 54 40 41
t 54 39 40
t 54 38 39
t 54 37 38
t 54 36 37
t 54 35 36
t 54 34 35
t 54 33 34
t 54 32 33
t 54 31 32
t 54 30 31
t 54 29 30
t 54 28 29
t 54 27 28
t 85 86 87
t 85 87 88
t 85 88 89
t 85 89 90
t 85 90 91
t 85 91 92
t 85 92 93
t 85 93 94
t 85 94 95
t 85 95 96
t 85 96 97
t 85 97 98
t 85 98 99
t 85 99 100
t 85 100 101
t 85 101 102
t 85 102 103
t 85 103 104
t 85 104 105
t 85 105 106
t 85 106 107
t 85 107 108
t 85 108 109
t 85 109 110
t 85 110 111
t 85 111 112
t 54 434 27
t 54 435 434
t 54 436 435
t 54 437 436
t 54 438 437
t 54 439 438
t 54 440 439
t 54 441 440
t 54 442 441
t 54 443 442
t 54 444 443
t 54 445 444
t 54 446 445
t 54 447 446
t 54 448 447
t 54 449 448
t 54 450 449
t 54 451 450
t 54 452 451
t 54 453 452
t 54 454 453
t 54 455 454
t 54 456 455
t 54 457 456
t 54 458 457
t 54 459 458
t 54 460 459
t 54 461 460
t 54 462 461
t 54 463 462
t 54 464 463
t 54 465 464
t 54 466 465
t 54 467 466
t 54 468 467
t 54 469 468
t 54 470 469
t 54 471 470
t 54 472 471
t 54 473 472
t 54 474 473
t 54 475 474
t 54 476 475
t 54 477 476
t 54 478 477
t 54 479 478
t 54 480 479
t 54 55 480
t 55 481 480
t 55 56 481
t 56 482 481
t 56 483 482
t 56 57 483
t 57 484 483
t 57 58 484
t 58 485 484
t 58 486 485
t 58 59 486
t 59 487 486
t 59 60 487
t 60 488 487
t 60 489 488
t 60 61 489
t 61 490 489
t 61 62 490
t 62 491 490
t 62 492 491
t 62 63 492
t 63 493 492
t 63 64 493
t 64 494 493
t 64 495 494
t 64 65 495
t 65 496 495
t 65 66 496
t 66 497 496
t 66 498 497
t 66 67 498
t 67 499 498
t 67 68 499
t 68 500 499
t 68 501 500
t 68 69 501
t 69 502 501
t 69 70 502
t 70 503 502
t 70 504 503
t 70 71 504
t 71 505 504
t 71 72 505
t 72 506 505
t 72 507 506
t 72 73 507
t 73 508 507
t 73 74 508
t 74 509 508
t 74 510 509
t 74 75 510
t 75 511 510
t 75 76 511
t 76 512 511
t 76 513 512
t 76 77 513
t 77 514 513
t 77 78 514
t 78 515 514
t 78 516 515
t 78 79 516
t 79 517 516
t 79 80 517
t 80 518 517
t 80 519 518
t 80 81 519
t 81 520 519
t 81 82 520
t 82 521 520
t 82 522 521
t 82 83 522
t 83 523 522
t 83 84 523
t 84 524 523
t 84 525 524
t 84 526 525
t 84 85 526
t 85 527 526
t 85 528 527
t 85 112 528
t 27 25 26
t 27 24 25
t 27 23 24
t 27 22 23
t 27 21 22
t 27 20 21
t 27 19 20
t 27 18 19
t 27 17 18
t 27 16 17
t 27 15 16
t 27 14 15
t 27 13 14
t 27 12 13
t 27 11 12
t 27 10 11
t 27 9 10
t 27 8 9
t 27 7 8
t 27 6 7
t 27 5 6
t 27 4 5
t 27 3 4
t 27 2 3
t 27 1 2
t 27 0 1
t 27 195 0
t 27 194 195
t 27 193 194
t 27 192 193
t 27 191 192
t 27 190 191
t 27 189 190
t 27 188 189
t 27 187 188
t 27 186 187
t 27 185 186
t 27 184 185
t 27 183 184
t 27 182 183
t 27 181 182
t 27 180 181
t 27 179 180
t 27 178 179
t 27 177 178
t 27 176 177
t 27 175 176
t 27 174 175
t 27 173 174
t 27 172 173
t 27 171 172
t 27 170 171
t 27 169 170
t 27 168 169
t 27 167 168
t 27 166 167
t 27 165 166
t 27 164 165
t 27 163 164
t 27 162 163
t 27 161 162
t 27 160 161
t 27 159 160
t 27 158 159
t 27 157 158
t 27 156 157
t 27 155 156
t 27 154 155
t 27 153 154
t 27 152 153
t 27 151 152
t 27 150 151
t 27 149 150
t 27 148 149
t 27 147 148
t 27 146 147
t 27 145 146
t 27 144 145
t 27 143 144
t 27 142 143
t 27 141 142
t 27 140 141
t 112 113 114
t 112 114 115
t 112 115 116
t 112 116 117
t 112 117 118
t 112 118 119
t 112 119 120
t 112 120 121
t 112 121 122
t 112 122 123
t 112 123 124
t 112 124 125
t 112 125 126
t 112 126 127
t 112 127 128
t 112 128 129
t 112 129 130
t 112 130 131
t 112 131 132
t 112 132 133
t 112 133 134
t 112 134 135
t 112 135 136
t 112 136 137
t 112 137 138
t 112 138 139
t 112 139 140
t 27 434 140
t 434 435 140
t 435 436 140
t 436 437 140
t 437 438 140
t 438 439 140
t 439 440 140
t 440 441 140
t 441 442 140
t 442 443 140
t 443 444 140
t 444 445 140
t 445 446 140
t 446 447 140
t 447 448 140
t 448 449 140
t 449 450 140
t 450 451 140
t 451 452 140
t 452 453 140
t 453 454 140
t 454 455 140
t 455 456 140
t 456 457 140
t 457 458 140
t 458 459 140
t 459 460 140
t 460 461 140
t 461 462 140
t 462 463 140
t 463 464 140
t 464 465 140
t 465 466 140
t 466 467 140
t 467 468 140
t 468 469 140
t 469 470 140
t 470 471 140
t 471 472 140
t 472 473 140
t 473 474 140
t 474 475 140
t 475 476 140
t 476 477 140
t 477 478 140
t 478 479 140
t 479 480 140
t 480 481 140
t 481 482 140
t 482 483 140
t 483 484 140
t 484 485 140
t 485 486 140
t 486 487 140
t 487 488 140
t 488 489 140
t 489 490 140
t 490 491 140
t 491 492 140
t 492 493 140
t 493 494 140
t 494 495 140
t 495 496 140
t 496 497 140
t 497 498 140
t 498 499 140
t 499 500 140
t 500 501 140
t 501 502 140
t 502 503 140
t 503 504 140
t 504 505 140
t 505 506 140
t 506 507 140
t 507 508 140
t 508 509 140
t 509 510 140
t 510 511 140
t 511 512 140
t 512 513 140
t 513 514 140
t 514 515 140
t 515 516 140
t 516 517 140
t 517 518 140
t 518 519 140
t 519 520 140
t 520 521 140
t 521 522 140
t 522 523 140
t 523 524 140
t 524 525 140
t 525 526 140
t 526 527 140
t 527 528 140
t 528 112 140
