type=Nurbs forward=true n_boundary=220 n_holes=0 n_interior=332 n_tris=1032 label=brep62542_f24_Nurbs(deg=3/3, cps=4x7)
boundary
b 0.818308677 0.403726443
b 0.816200090 0.408284040
b 0.814068475 0.412842789
b 0.811915429 0.417403154
b 0.809742439 0.421965592
b 0.807550841 0.426530566
b 0.805341824 0.431098542
b 0.803116430 0.435669988
b 0.800875559 0.440245380
b 0.798619972 0.444825193
b 0.796350297 0.449409907
b 0.794067024 0.454000007
b 0.791770520 0.458595977
b 0.789461022 0.463198307
b 0.787138646 0.467807487
b 0.784803390 0.472424011
b 0.782455134 0.477048374
b 0.780093648 0.481681074
b 0.777718590 0.486322610
b 0.775329465 0.490973411
b 0.772925169 0.495633093
b 0.770504443 0.500300739
b 0.768066304 0.504975425
b 0.765610051 0.509656222
b 0.763135253 0.514342200
b 0.760641741 0.519032429
b 0.758129606 0.523725977
b 0.755599215 0.528421887
b 0.753051228 0.533119166
b 0.750486552 0.537816816
b 0.747906329 0.542513843
b 0.745311927 0.547209253
b 0.742704927 0.551902056
b 0.740087116 0.556591263
b 0.737460473 0.561275887
b 0.734827165 0.565954947
b 0.732189529 0.570627463
b 0.729550052 0.575292468
b 0.726910500 0.579949527
b 0.724271282 0.584599023
b 0.721632579 0.589241409
b 0.718994455 0.593877138
b 0.716356861 0.598506659
b 0.713719643 0.603130424
b 0.711082545 0.607748878
b 0.708445212 0.612362468
b 0.705807198 0.616971638
b 0.703167968 0.621576830
b 0.700526901 0.626178484
b 0.697883299 0.630777036
b 0.695236384 0.635372923
b 0.692585310 0.639966575
b 0.689929197 0.644558397
b 0.687267137 0.649148766
b 0.684598169 0.653738059
b 0.681921285 0.658326648
b 0.672772364 0.658326536
b 0.663649184 0.658326568
b 0.654550269 0.658326730
b 0.645474178 0.658327009
b 0.636419504 0.658327390
b 0.627384869 0.658327859
b 0.618368919 0.658328404
b 0.609370320 0.658329009
b 0.600387756 0.658329661
b 0.591419923 0.658330346
b 0.582465525 0.658331051
b 0.573523273 0.658331761
b 0.564591878 0.658332463
b 0.555670048 0.658333143
b 0.546756487 0.658333787
b 0.537849887 0.658334381
b 0.528948927 0.658334912
b 0.520052271 0.658335366
b 0.511158558 0.658335730
b 0.502266424 0.658336002
b 0.493374523 0.658336189
b 0.484481530 0.658336296
b 0.475586144 0.658336331
b 0.466687075 0.658336298
b 0.457783045 0.658336204
b 0.448872786 0.658336054
b 0.439955033 0.658335856
b 0.431028522 0.658335614
b 0.422091983 0.658335336
b 0.413144142 0.658335027
b 0.404183713 0.658334692
b 0.395209394 0.658334339
b 0.386219866 0.658333973
b 0.377213785 0.658333600
b 0.368189782 0.658333226
b 0.359146457 0.658332858
b 0.350082374 0.658332501
b 0.340996066 0.658332158
b 0.331886054 0.658331828
b 0.322750871 0.658331509
b 0.313589056 0.658331198
b 0.304399146 0.658330894
b 0.295179681 0.658330594
b 0.285929191 0.658330297
b 0.276646198 0.658330001
b 0.267329209 0.658329702
b 0.257976716 0.658329400
b 0.248587184 0.658329093
b 0.239159057 0.658328778
b 0.229690743 0.658328453
b 0.220180619 0.658328116
b 0.210627019 0.658327765
b 0.201028233 0.658327399
b 0.191382503 0.658327014
b 0.181688015 0.658326610
b 0.181690363 0.653745371
b 0.181696740 0.649162521
b 0.181706153 0.644577738
b 0.181717655 0.639990697
b 0.181730345 0.635401071
b 0.181743366 0.630808509
b 0.181755919 0.626212636
b 0.181767263 0.621613075
b 0.181776725 0.617009443
b 0.181783701 0.612401357
b 0.181787657 0.607788431
b 0.181788136 0.603170276
b 0.181784759 0.598546502
b 0.181777229 0.593916716
b 0.181765336 0.589280523
b 0.181748958 0.584637529
b 0.181728066 0.579987334
b 0.181702728 0.575329539
b 0.181673205 0.570663810
b 0.181640865 0.565990591
b 0.181607636 0.561310828
b 0.181575271 0.556625479
b 0.181545333 0.551935506
b 0.181519183 0.547241871
b 0.181497975 0.542545543
b 0.181482644 0.537847490
b 0.181473902 0.533148681
b 0.181472229 0.528450089
b 0.181477863 0.523752686
b 0.181490779 0.519057442
b 0.181510484 0.514365296
b 0.181536091 0.509677164
b 0.181566455 0.504993959
b 0.181600176 0.500316594
b 0.181635590 0.495645981
b 0.181670764 0.490983027
b 0.181703511 0.486328630
b 0.181732205 0.481683207
b 0.181756443 0.477046435
b 0.181776023 0.472417927
b 0.181790847 0.467797300
b 0.181800916 0.463184172
b 0.181806339 0.458578163
b 0.181807327 0.453978895
b 0.181804199 0.449385993
b 0.181797379 0.444799084
b 0.181787402 0.440217797
b 0.181774911 0.435641765
b 0.181760660 0.431070623
b 0.181745515 0.426504010
b 0.181730454 0.421941567
b 0.181716572 0.417382940
b 0.181705075 0.412827776
b 0.181697288 0.408275728
b 0.181694519 0.403726443
b 0.193934646 0.403726359
b 0.206097672 0.403726231
b 0.218187296 0.403726075
b 0.230207063 0.403725911
b 0.242160380 0.403725755
b 0.254050531 0.403725625
b 0.265880693 0.403725540
b 0.277653951 0.403725516
b 0.289373313 0.403725572
b 0.301041723 0.403725725
b 0.312662075 0.403725994
b 0.324237225 0.403726394
b 0.335770006 0.403726946
b 0.347263240 0.403727665
b 0.358719747 0.403728569
b 0.370142362 0.403729677
b 0.381533943 0.403731005
b 0.392897387 0.403732572
b 0.404235633 0.403734391
b 0.415551640 0.403736428
b 0.426848286 0.403738615
b 0.438128357 0.403740888
b 0.449394561 0.403743178
b 0.460649537 0.403745421
b 0.471895872 0.403747550
b 0.483136110 0.403749497
b 0.494372764 0.403751198
b 0.505608332 0.403752585
b 0.516845305 0.403753592
b 0.528086182 0.403754153
b 0.539333478 0.403754200
b 0.550589743 0.403753668
b 0.561857568 0.403752490
b 0.573139601 0.403750598
b 0.584438556 0.403747926
b 0.595757231 0.403744407
b 0.607098515 0.403739975
b 0.618465335 0.403734672
b 0.629860542 0.403728707
b 0.641286928 0.403722304
b 0.652747250 0.403715686
b 0.664244236 0.403709077
b 0.675780597 0.403702701
b 0.687359043 0.403696783
b 0.698982292 0.403691546
b 0.710653081 0.403687216
b 0.722374183 0.403684019
b 0.734148418 0.403682180
b 0.745978662 0.403681926
b 0.757867870 0.403683484
b 0.769819082 0.403687082
b 0.781835439 0.403692948
b 0.793920204 0.403701310
b 0.806076769 0.403712398
interior
i 0.261076785 0.435513727
i 0.340681341 0.435513727
i 0.420285897 0.435513727
i 0.499890453 0.435513727
i 0.579495009 0.435513727
i 0.659099565 0.435513727
i 0.738704121 0.435513727
i 0.261076785 0.467345527
i 0.340681341 0.467345527
i 0.420285897 0.467345527
i 0.499890453 0.467345527
i 0.579495009 0.467345527
i 0.659099565 0.467345527
i 0.738704121 0.467345527
i 0.261076785 0.499177328
i 0.340681341 0.499177328
i 0.420285897 0.499177328
i 0.499890453 0.499177328
i 0.579495009 0.499177328
i 0.659099565 0.499177328
i 0.738704121 0.499177328
i 0.261076785 0.531009129
i 0.340681341 0.531009129
i 0.420285897 0.531009129
i 0.499890453 0.531009129
i 0.579495009 0.531009129
i 0.659099565 0.531009129
i 0.738704121 0.531009129
i 0.261076785 0.562840929
i 0.340681341 0.562840929
i 0.420285897 0.562840929
i 0.499890453 0.562840929
i 0.579495009 0.562840929
i 0.659099565 0.562840929
i 0.738704121 0.562840929
i 0.261076785 0.594672730
i 0.340681341 0.594672730
i 0.420285897 0.594672730
i 0.499890453 0.594672730
i 0.579495009 0.594672730
i 0.659099565 0.594672730
i 0.261076785 0.626504530
i 0.340681341 0.626504530
i 0.420285897 0.626504530
i 0.499890453 0.626504530
i 0.579495009 0.626504530
i 0.659099565 0.626504530
i 0.221274507 0.419597827
i 0.201373368 0.411639876
i 0.241175646 0.411639876
i 0.201373368 0.427555777
i 0.241175646 0.427555777
i 0.221274507 0.451429627
i 0.201373368 0.443471677
i 0.241175646 0.443471677
i 0.201373368 0.459387577
i 0.241175646 0.459387577
i 0.221274507 0.483261428
i 0.201373368 0.475303478
i 0.241175646 0.475303478
i 0.201373368 0.491219378
i 0.241175646 0.491219378
i 0.221274507 0.515093228
i 0.201373368 0.507135278
i 0.241175646 0.507135278
i 0.201373368 0.523051178
i 0.241175646 0.523051178
i 0.221274507 0.546925029
i 0.201373368 0.538967079
i 0.241175646 0.538967079
i 0.201373368 0.554882979
i 0.241175646 0.554882979
i 0.221274507 0.578756829
i 0.201373368 0.570798879
i 0.241175646 0.570798879
i 0.201373368 0.586714779
i 0.241175646 0.586714779
i 0.221274507 0.610588630
i 0.201373368 0.602630680
i 0.241175646 0.602630680
i 0.201373368 0.618546580
i 0.241175646 0.618546580
i 0.221274507 0.642420430
i 0.201373368 0.634462480
i 0.241175646 0.634462480
i 0.201373368 0.650378381
i 0.241175646 0.650378381
i 0.300879063 0.419597827
i 0.280977924 0.411639876
i 0.320780202 0.411639876
i 0.280977924 0.427555777
i 0.320780202 0.427555777
i 0.300879063 0.451429627
i 0.280977924 0.443471677
i 0.320780202 0.443471677
i 0.280977924 0.459387577
i 0.320780202 0.459387577
i 0.300879063 0.483261428
i 0.280977924 0.475303478
i 0.320780202 0.475303478
i 0.280977924 0.491219378
i 0.320780202 0.491219378
i 0.300879063 0.515093228
i 0.280977924 0.507135278
i 0.320780202 0.507135278
i 0.280977924 0.523051178
i 0.320780202 0.523051178
i 0.300879063 0.546925029
i 0.280977924 0.538967079
i 0.320780202 0.538967079
i 0.280977924 0.554882979
i 0.320780202 0.554882979
i 0.300879063 0.578756829
i 0.280977924 0.570798879
i 0.320780202 0.570798879
i 0.280977924 0.586714779
i 0.320780202 0.586714779
i 0.300879063 0.610588630
i 0.280977924 0.602630680
i 0.320780202 0.602630680
i 0.280977924 0.618546580
i 0.320780202 0.618546580
i 0.300879063 0.642420430
i 0.280977924 0.634462480
i 0.320780202 0.634462480
i 0.280977924 0.650378381
i 0.320780202 0.650378381
i 0.380483619 0.419597827
i 0.360582480 0.411639876
i 0.400384758 0.411639876
i 0.360582480 0.427555777
i 0.400384758 0.427555777
i 0.380483619 0.451429627
i 0.360582480 0.443471677
i 0.400384758 0.443471677
i 0.360582480 0.459387577
i 0.400384758 0.459387577
i 0.380483619 0.483261428
i 0.360582480 0.475303478
i 0.400384758 0.475303478
i 0.360582480 0.491219378
i 0.400384758 0.491219378
i 0.380483619 0.515093228
i 0.360582480 0.507135278
i 0.400384758 0.507135278
i 0.360582480 0.523051178
i 0.400384758 0.523051178
i 0.380483619 0.546925029
i 0.360582480 0.538967079
i 0.400384758 0.538967079
i 0.360582480 0.554882979
i 0.400384758 0.554882979
i 0.380483619 0.578756829
i 0.360582480 0.570798879
i 0.400384758 0.570798879
i 0.360582480 0.586714779
i 0.400384758 0.586714779
i 0.380483619 0.610588630
i 0.360582480 0.602630680
i 0.400384758 0.602630680
i 0.360582480 0.618546580
i 0.400384758 0.618546580
i 0.380483619 0.642420430
i 0.360582480 0.634462480
i 0.400384758 0.634462480
i 0.360582480 0.650378381
i 0.400384758 0.650378381
i 0.460088175 0.419597827
i 0.440187036 0.411639876
i 0.479989314 0.411639876
i 0.440187036 0.427555777
i 0.479989314 0.427555777
i 0.460088175 0.451429627
i 0.440187036 0.443471677
i 0.479989314 0.443471677
i 0.440187036 0.459387577
i 0.479989314 0.459387577
i 0.460088175 0.483261428
i 0.440187036 0.475303478
i 0.479989314 0.475303478
i 0.440187036 0.491219378
i 0.479989314 0.491219378
i 0.460088175 0.515093228
i 0.440187036 0.507135278
i 0.479989314 0.507135278
i 0.440187036 0.523051178
i 0.479989314 0.523051178
i 0.460088175 0.546925029
i 0.440187036 0.538967079
i 0.479989314 0.538967079
i 0.440187036 0.554882979
i 0.479989314 0.554882979
i 0.460088175 0.578756829
i 0.440187036 0.570798879
i 0.479989314 0.570798879
i 0.440187036 0.586714779
i 0.479989314 0.586714779
i 0.460088175 0.610588630
i 0.440187036 0.602630680
i 0.479989314 0.602630680
i 0.440187036 0.618546580
i 0.479989314 0.618546580
i 0.460088175 0.642420430
i 0.440187036 0.634462480
i 0.479989314 0.634462480
i 0.440187036 0.650378381
i 0.479989314 0.650378381
i 0.539692731 0.419597827
i 0.519791592 0.411639876
i 0.559593870 0.411639876
i 0.519791592 0.427555777
i 0.559593870 0.427555777
i 0.539692731 0.451429627
i 0.519791592 0.443471677
i 0.559593870 0.443471677
i 0.519791592 0.459387577
i 0.559593870 0.459387577
i 0.539692731 0.483261428
i 0.519791592 0.475303478
i 0.559593870 0.475303478
i 0.519791592 0.491219378
i 0.559593870 0.491219378
i 0.539692731 0.515093228
i 0.519791592 0.507135278
i 0.559593870 0.507135278
i 0.519791592 0.523051178
i 0.559593870 0.523051178
i 0.539692731 0.546925029
i 0.519791592 0.538967079
i 0.559593870 0.538967079
i 0.519791592 0.554882979
i 0.559593870 0.554882979
i 0.539692731 0.578756829
i 0.519791592 0.570798879
i 0.559593870 0.570798879
i 0.519791592 0.586714779
i 0.559593870 0.586714779
i 0.539692731 0.610588630
i 0.519791592 0.602630680
i 0.559593870 0.602630680
i 0.519791592 0.618546580
i 0.559593870 0.618546580
i 0.539692731 0.642420430
i 0.519791592 0.634462480
i 0.559593870 0.634462480
i 0.519791592 0.650378381
i 0.559593870 0.650378381
i 0.619297287 0.419597827
i 0.599396148 0.411639876
i 0.639198426 0.411639876
i 0.599396148 0.427555777
i 0.639198426 0.427555777
i 0.619297287 0.451429627
i 0.599396148 0.443471677
i 0.639198426 0.443471677
i 0.599396148 0.459387577
i 0.639198426 0.459387577
i 0.619297287 0.483261428
i 0.599396148 0.475303478
i 0.639198426 0.475303478
i 0.599396148 0.491219378
i 0.639198426 0.491219378
i 0.619297287 0.515093228
i 0.599396148 0.507135278
i 0.639198426 0.507135278
i 0.599396148 0.523051178
i 0.639198426 0.523051178
i 0.619297287 0.546925029
i 0.599396148 0.538967079
i 0.639198426 0.538967079
i 0.599396148 0.554882979
i 0.639198426 0.554882979
i 0.619297287 0.578756829
i 0.599396148 0.570798879
i 0.639198426 0.570798879
i 0.599396148 0.586714779
i 0.639198426 0.586714779
i 0.619297287 0.610588630
i 0.599396148 0.602630680
i 0.639198426 0.602630680
i 0.599396148 0.618546580
i 0.639198426 0.618546580
i 0.619297287 0.642420430
i 0.599396148 0.634462480
i 0.639198426 0.634462480
i 0.599396148 0.650378381
i 0.639198426 0.650378381
i 0.698901843 0.419597827
i 0.679000704 0.411639876
i 0.718802982 0.411639876
i 0.679000704 0.427555777
i 0.718802982 0.427555777
i 0.698901843 0.451429627
i 0.679000704 0.443471677
i 0.718802982 0.443471677
i 0.679000704 0.459387577
i 0.718802982 0.459387577
i 0.698901843 0.483261428
i 0.679000704 0.475303478
i 0.718802982 0.475303478
i 0.679000704 0.491219378
i 0.718802982 0.491219378
i 0.698901843 0.515093228
i 0.679000704 0.507135278
i 0.718802982 0.507135278
i 0.679000704 0.523051178
i 0.718802982 0.523051178
i 0.698901843 0.546925029
i 0.679000704 0.538967079
i 0.718802982 0.538967079
i 0.679000704 0.554882979
i 0.718802982 0.554882979
i 0.698901843 0.578756829
i 0.679000704 0.570798879
i 0.718802982 0.570798879
i 0.679000704 0.586714779
i 0.718802982 0.586714779
i 0.698901843 0.610588630
i 0.679000704 0.602630680
i 0.679000704 0.618546580
i 0.778506399 0.419597827
i 0.758605260 0.411639876
i 0.798407538 0.411639876
i 0.758605260 0.427555777
i 0.798407538 0.427555777
i 0.778506399 0.451429627
i 0.758605260 0.443471677
i 0.798407538 0.443471677
i 0.758605260 0.459387577
i 0.778506399 0.483261428
i 0.758605260 0.475303478
i 0.758605260 0.491219378
tris
t 214 212 213
t 214 211 212
t 214 210 211
t 214 209 210
t 214 208 209
t 214 207 208
t 214 206 207
t 214 205 206
t 214 204 205
t 214 203 204
t 214 202 203
t 214 201 202
t 214 200 201
t 214 199 200
t 214 198 199
t 214 197 198
t 214 196 197
t 214 195 196
t 214 194 195
t 214 193 194
t 214 192 193
t 214 191 192
t 214 190 191
t 214 189 190
t 214 188 189
t 214 187 188
t 214 186 187
t 214 185 186
t 214 184 185
t 214 183 184
t 214 182 183
t 214 181 182
t 214 180 181
t 214 179 180
t 214 178 179
t 214 177 178
t 214 176 177
t 214 215 216
t 214 216 217
t 214 217 218
t 214 218 219
t 214 219 0
t 214 0 1
t 214 1 2
t 214 2 3
t 214 3 4
t 214 4 5
t 214 5 6
t 214 6 7
t 214 7 8
t 214 8 9
t 214 9 10
t 214 552 176
t 214 553 552
t 214 554 553
t 214 555 554
t 214 556 555
t 214 557 556
t 214 558 557
t 214 559 558
t 214 560 559
t 214 561 560
t 214 562 561
t 214 563 562
t 214 564 563
t 214 565 564
t 214 566 565
t 214 567 566
t 214 568 567
t 214 569 568
t 214 570 569
t 214 571 570
t 214 572 571
t 214 573 572
t 214 574 573
t 214 575 574
t 214 576 575
t 214 577 576
t 214 578 577
t 214 579 578
t 214 580 579
t 214 581 580
t 214 582 581
t 214 583 582
t 214 584 583
t 214 585 584
t 214 586 585
t 214 587 586
t 214 588 587
t 214 589 588
t 214 590 589
t 214 591 590
t 214 592 591
t 214 593 592
t 214 594 593
t 214 595 594
t 214 596 595
t 214 597 596
t 214 598 597
t 214 599 598
t 214 600 599
t 214 601 600
t 214 602 601
t 214 603 602
t 214 604 603
t 214 605 604
t 214 606 605
t 214 607 606
t 214 608 607
t 214 609 608
t 214 610 609
t 214 611 610
t 214 612 611
t 214 613 612
t 214 614 613
t 214 615 614
t 214 616 615
t 214 617 616
t 214 618 617
t 214 619 618
t 214 620 619
t 214 621 620
t 214 622 621
t 214 623 622
t 214 624 623
t 214 625 624
t 214 626 625
t 214 627 626
t 214 628 627
t 214 629 628
t 214 630 629
t 214 631 630
t 214 632 631
t 214 633 632
t 214 634 633
t 214 635 634
t 214 636 635
t 214 637 636
t 214 638 637
t 214 639 638
t 214 640 639
t 214 641 640
t 214 642 641
t 214 643 642
t 214 644 643
t 214 645 644
t 214 646 645
t 214 647 646
t 214 648 647
t 214 649 648
t 214 650 649
t 214 651 650
t 214 652 651
t 214 653 652
t 214 654 653
t 214 655 654
t 214 656 655
t 214 657 656
t 214 658 657
t 214 659 658
t 214 660 659
t 214 661 660
t 214 662 661
t 214 663 662
t 214 664 663
t 214 665 664
t 214 666 665
t 214 667 666
t 214 668 667
t 214 669 668
t 214 670 669
t 214 671 670
t 214 672 671
t 214 673 672
t 214 674 673
t 214 675 674
t 214 676 675
t 214 677 676
t 214 678 677
t 214 679 678
t 214 10 679
t 176 174 175
t 176 173 174
t 176 172 173
t 176 171 172
t 176 170 171
t 176 169 170
t 176 168 169
t 176 167 168
t 176 166 167
t 176 165 166
t 176 164 165
t 176 163 164
t 176 162 163
t 176 161 162
t 176 160 161
t 176 159 160
t 176 158 159
t 176 157 158
t 176 156 157
t 176 155 156
t 176 154 155
t 176 153 154
t 176 152 153
t 176 151 152
t 176 150 151
t 176 149 150
t 176 148 149
t 176 147 148
t 176 146 147
t 176 145 146
t 176 144 145
t 176 143 144
t 176 142 143
t 176 141 142
t 176 140 141
t 176 139 140
t 176 138 139
t 10 11 12
t 10 12 13
t 10 13 14
t 10 14 15
t 10 15 16
t 10 16 17
t 10 17 18
t 10 18 19
t 10 19 20
t 10 20 21
t 10 21 22
t 10 22 23
t 10 23 24
t 10 24 25
t 10 25 26
t 10 26 27
t 176 680 138
t 176 681 680
t 176 682 681
t 176 683 682
t 176 684 683
t 176 685 684
t 176 686 685
t 176 687 686
t 176 688 687
t 176 689 688
t 176 690 689
t 176 691 690
t 176 692 691
t 176 693 692
t 176 694 693
t 176 695 694
t 176 696 695
t 176 697 696
t 176 698 697
t 176 699 698
t 176 700 699
t 176 701 700
t 176 702 701
t 176 703 702
t 176 704 703
t 176 705 704
t 176 706 705
t 176 707 706
t 176 708 707
t 176 709 708
t 176 710 709
t 176 711 710
t 176 712 711
t 176 713 712
t 176 714 713
t 176 715 714
t 176 716 715
t 176 717 716
t 176 718 717
t 176 719 718
t 176 720 719
t 176 721 720
t 176 722 721
t 176 723 722
t 176 724 723
t 176 725 724
t 176 726 725
t 176 727 726
t 176 728 727
t 176 729 728
t 176 730 729
t 176 731 730
t 176 732 731
t 176 733 732
t 176 734 733
t 176 735 734
t 176 736 735
t 176 737 736
t 176 738 737
t 176 739 738
t 176 740 739
t 176 741 740
t 176 742 741
t 176 743 742
t 176 744 743
t 176 745 744
t 176 746 745
t 176 747 746
t 176 748 747
t 176 749 748
t 176 750 749
t 176 751 750
t 176 752 751
t 176 753 752
t 176 552 753
t 552 754 753
t 552 553 754
t 553 755 754
t 553 554 755
t 554 756 755
t 554 555 756
t 555 757 756
t 555 556 757
t 556 758 757
t 556 557 758
t 557 759 758
t 557 558 759
t 558 760 759
t 558 559 760
t 559 761 760
t 559 560 761
t 560 762 761
t 560 561 762
t 561 763 762
t 561 562 763
t 562 764 763
t 562 563 764
t 563 765 764
t 563 564 765
t 564 766 765
t 564 565 766
t 565 767 766
t 565 566 767
t 566 768 767
t 566 567 768
t 567 769 768
t 567 568 769
t 568 770 769
t 568 569 770
t 569 771 770
t 569 570 771
t 570 772 771
t 570 571 772
t 571 773 772
t 571 572 773
t 572 774 773
t 572 573 774
t 573 775 774
t 573 574 775
t 574 776 775
t 574 575 776
t 575 777 776
t 575 576 777
t 576 778 777
t 576 577 778
t 577 779 778
t 577 578 779
t 578 780 779
t 578 579 780
t 579 781 780
t 579 580 781
t 580 782 781
t 580 581 782
t 581 783 782
t 581 582 783
t 582 784 783
t 582 583 784
t 583 785 784
t 583 584 785
t 584 786 785
t 584 585 786
t 585 787 786
t 585 586 787
t 586 788 787
t 586 587 788
t 587 789 788
t 587 588 789
t 588 790 789
t 588 589 790
t 589 791 790
t 589 590 791
t 590 792 791
t 590 591 792
t 591 793 792
t 591 592 793
t 592 794 793
t 592 593 794
t 593 795 794
t 593 594 795
t 594 796 795
t 594 595 796
t 595 797 796
t 595 596 797
t 596 798 797
t 596 597 798
t 597 799 798
t 597 598 799
t 598 800 799
t 598 599 800
t 599 801 800
t 599 600 801
t 600 802 801
t 600 601 802
t 601 803 802
t 601 602 803
t 602 804 803
t 602 603 804
t 603 805 804
t 603 604 805
t 604 806 805
t 604 605 806
t 605 807 806
t 605 606 807
t 606 808 807
t 606 607 808
t 607 809 808
t 607 608 809
t 608 810 809
t 608 609 810
t 609 811 810
t 609 610 811
t 610 812 811
t 610 611 812
t 611 813 812
t 611 612 813
t 612 814 813
t 612 613 814
t 613 815 814
t 613 614 815
t 614 816 815
t 614 615 816
t 615 817 816
t 615 616 817
t 616 818 817
t 616 617 818
t 617 819 818
t 617 618 819
t 618 820 819
t 618 619 820
t 619 821 820
t 619 620 821
t 620 822 821
t 620 621 822
t 621 823 822
t 621 622 823
t 622 824 823
t 622 623 824
t 623 825 824
t 623 624 825
t 624 826 825
t 624 625 826
t 625 827 826
t 625 626 827
t 626 828 827
t 626 627 828
t 627 829 828
t 627 628 829
t 628 830 829
t 628 629 830
t 629 831 830
t 629 630 831
t 630 832 831
t 630 631 832
t 631 833 832
t 631 632 833
t 632 834 833
t 632 633 834
t 633 835 834
t 633 634 835
t 634 836 835
t 634 635 836
t 635 837 836
t 635 636 837
t 636 838 837
t 636 637 838
t 637 839 838
t 637 638 839
t 638 840 839
t 638 639 840
t 639 841 840
t 639 640 841
t 640 842 841
t 640 641 842
t 641 843 842
t 641 642 843
t 642 844 843
t 642 643 844
t 643 845 844
t 643 644 845
t 644 846 845
t 644 645 846
t 645 847 846
t 645 646 847
t 646 848 847
t 646 647 848
t 647 849 848
t 647 648 849
t 648 850 849
t 648 649 850
t 649 851 850
t 649 650 851
t 650 852 851
t 650 651 852
t 651 853 852
t 651 652 853
t 652 854 853
t 652 653 854
t 653 855 854
t 653 654 855
t 654 856 855
t 654 655 856
t 655 857 856
t 655 656 857
t 656 858 857
t 656 657 858
t 657 859 858
t 657 658 859
t 658 860 859
t 658 659 860
t 659 27 860
t 659 660 27
t 660 661 27
t 661 662 27
t 662 663 27
t 663 664 27
t 664 665 27
t 665 666 27
t 666 667 27
t 667 668 27
t 668 669 27
t 669 670 27
t 670 671 27
t 671 672 27
t 672 673 27
t 673 674 27
t 674 675 27
t 675 676 27
t 676 677 27
t 677 678 27
t 678 679 27
t 679 10 27
t 138 136 137
t 138 135 136
t 138 134 135
t 138 133 134
t 138 132 133
t 138 131 132
t 138 130 131
t 138 129 130
t 138 128 129
t 138 127 128
t 138 126 127
t 138 125 126
t 138 124 125
t 138 123 124
t 138 122 123
t 138 121 122
t 138 120 121
t 138 119 120
t 138 118 119
t 138 117 118
t 138 116 117
t 138 115 116
t 138 114 115
t 138 113 114
t 138 112 113
t 138 111 112
t 138 110 111
t 138 109 110
t 138 108 109
t 27 28 29
t 27 29 30
t 27 30 31
t 27 31 32
t 27 32 33
t 27 33 34
t 27 34 35
t 27 35 36
t 27 36 37
t 27 37 38
t 27 38 39
t 27 39 40
t 27 40 41
t 27 41 42
t 27 42 43
t 27 43 44
t 27 44 45
t 27 45 46
t 27 46 47
t 27 47 48
t 27 48 49
t 27 49 50
t 27 50 51
t 27 51 52
t 138 680 108
t 680 681 108
t 681 682 108
t 682 683 108
t 683 684 108
t 684 685 108
t 685 686 108
t 686 687 108
t 687 688 108
t 688 689 108
t 689 690 108
t 690 691 108
t 691 692 108
t 692 693 108
t 693 694 108
t 694 695 108
t 695 696 108
t 696 697 108
t 697 698 108
t 698 699 108
t 699 700 108
t 700 701 108
t 701 702 108
t 702 703 108
t 703 704 108
t 704 705 108
t 705 706 108
t 706 707 108
t 707 708 108
t 708 709 108
t 709 710 108
t 710 711 108
t 711 712 108
t 712 713 108
t 713 714 108
t 714 715 108
t 715 716 108
t 716 717 108
t 717 718 108
t 718 719 108
t 719 720 108
t 720 721 108
t 721 722 108
t 722 723 108
t 723 724 108
t 724 725 108
t 725 726 108
t 726 727 108
t 727 728 108
t 728 729 108
t 729 730 108
t 730 731 108
t 731 732 108
t 732 733 108
t 733 861 108
t 733 734 861
t 734 862 861
t 734 735 862
t 735 863 862
t 735 736 863
t 736 864 863
t 736 737 864
t 737 865 864
t 737 738 865
t 738 866 865
t 738 739 866
t 739 867 866
t 739 740 867
t 740 868 867
t 740 741 868
t 741 869 868
t 741 742 869
t 742 870 869
t 742 743 870
t 743 871 870
t 743 744 871
t 744 872 871
t 744 745 872
t 745 873 872
t 745 746 873
t 746 874 873
t 746 747 874
t 747 875 874
t 747 748 875
t 748 876 875
t 748 749 876
t 749 877 876
t 749 750 877
t 750 878 877
t 750 751 878
t 751 879 878
t 751 752 879
t 752 880 879
t 752 753 880
t 753 881 880
t 753 754 881
t 754 882 881
t 754 755 882
t 755 883 882
t 755 756 883
t 756 884 883
t 756 757 884
t 757 885 884
t 757 758 885
t 758 886 885
t 758 759 886
t 759 887 886
t 759 760 887
t 760 888 887
t 760 761 888
t 761 889 888
t 761 762 889
t 762 890 889
t 762 763 890
t 763 891 890
t 763 764 891
t 764 892 891
t 764 765 892
t 765 893 892
t 765 766 893
t 766 894 893
t 766 767 894
t 767 895 894
t 767 768 895
t 768 896 895
t 768 769 896
t 769 897 896
t 769 770 897
t 770 898 897
t 770 771 898
t 771 899 898
t 771 772 899
t 772 900 899
t 772 773 900
t 773 901 900
t 773 774 901
t 774 902 901
t 774 775 902
t 775 903 902
t 775 776 903
t 776 904 903
t 776 777 904
t 777 905 904
t 777 778 905
t 778 906 905
t 778 779 906
t 779 907 906
t 779 780 907
t 780 908 907
t 780 781 908
t 781 909 908
t 781 782 909
t 782 910 909
t 782 783 910
t 783 911 910
t 783 784 911
t 784 912 911
t 784 785 912
t 785 913 912
t 785 786 913
t 786 914 913
t 786 787 914
t 787 915 914
t 787 788 915
t 788 916 915
t 788 789 916
t 789 917 916
t 789 790 917
t 790 918 917
t 790 791 918
t 791 919 918
t 791 792 919
t 792 920 919
t 792 793 920
t 793 921 920
t 793 794 921
t 794 922 921
t 794 795 922
t 795 923 922
t 795 796 923
t 796 924 923
t 796 797 924
t 797 925 924
t 797 798 925
t 798 926 925
t 798 799 926
t 799 927 926
t 799 800 927
t 800 928 927
t 800 801 928
t 801 929 928
t 801 802 929
t 802 930 929
t 802 803 930
t 803 931 930
t 803 804 931
t 804 932 931
t 804 805 932
t 805 933 932
t 805 806 933
t 806 934 933
t 806 807 934
t 807 935 934
t 807 808 935
t 808 936 935
t 808 809 936
t 809 937 936
t 809 810 937
t 810 938 937
t 810 811 938
t 811 939 938
t 811 812 939
t 812 940 939
t 812 813 940
t 813 941 940
t 813 814 941
t 814 942 941
t 814 815 942
t 815 943 942
t 815 816 943
t 816 944 943
t 816 817 944
t 817 945 944
t 817 818 945
t 818 946 945
t 818 819 946
t 819 947 946
t 819 820 947
t 820 948 947
t 820 821 948
t 821 949 948
t 821 822 949
t 822 950 949
t 822 823 950
t 823 951 950
t 823 824 951
t 824 952 951
t 824 825 952
t 825 953 952
t 825 826 953
t 826 954 953
t 826 827 954
t 827 955 954
t 827 828 955
t 828 956 955
t 828 829 956
t 829 957 956
t 829 830 957
t 830 958 957
t 830 831 958
t 831 52 958
t 831 832 52
t 832 833 52
t 833 834 52
t 834 835 52
t 835 836 52
t 836 837 52
t 837 838 52
t 838 839 52
t 839 840 52
t 840 841 52
t 841 842 52
t 842 843 52
t 843 844 52
t 844 845 52
t 845 846 52
t 846 847 52
t 847 848 52
t 848 849 52
t 849 850 52
t 850 851 52
t 851 852 52
t 852 853 52
t 853 854 52
t 854 855 52
t 855 856 52
t 856 857 52
t 857 858 52
t 858 859 52
t 859 860 52
t 860 27 52
t 108 106 107
t 108 105 106
t 108 104 105
t 108 103 104
t 108 102 103
t 108 101 102
t 108 100 101
t 108 99 100
t 108 98 99
t 108 97 98
t 108 96 97
t 108 95 96
t 108 94 95
t 108 93 94
t 108 92 93
t 108 91 92
t 108 90 91
t 108 89 90
t 108 88 89
t 108 87 88
t 108 86 87
t 108 85 86
t 108 84 85
t 108 83 84
t 108 82 83
t 108 81 82
t 108 80 81
t 108 79 80
t 108 78 79
t 52 53 54
t 52 54 55
t 52 55 56
t 52 56 57
t 52 57 58
t 52 58 59
t 52 59 60
t 52 60 61
t 52 61 62
t 52 62 63
t 52 63 64
t 52 64 65
t 52 65 66
t 52 66 67
t 52 67 68
t 52 68 69
t 52 69 70
t 52 70 71
t 52 71 72
t 52 72 73
t 52 73 74
t 52 74 75
t 52 75 76
t 52 76 77
t 52 77 78
t 108 861 78
t 861 862 78
t 862 863 78
t 863 864 78
t 864 865 78
t 865 866 78
t 866 867 78
t 867 868 78
t 868 869 78
t 869 870 78
t 870 871 78
t 871 872 78
t 872 873 78
t 873 874 78
t 874 875 78
t 875 876 78
t 876 877 78
t 877 878 78
t 878 879 78
t 879 880 78
t 880 881 78
t 881 882 78
t 882 883 78
t 883 884 78
t 884 885 78
t 885 886 78
t 886 887 78
t 887 888 78
t 888 889 78
t 889 890 78
t 890 891 78
t 891 892 78
t 892 893 78
t 893 894 78
t 894 895 78
t 895 896 78
t 896 897 78
t 897 898 78
t 898 899 78
t 899 900 78
t 900 901 78
t 901 902 78
t 902 903 78
t 903 904 78
t 904 905 78
t 905 906 78
t 906 907 78
t 907 908 78
t 908 909 78
t 909 910 78
t 910 911 78
t 911 912 78
t 912 913 78
t 913 914 78
t 914 915 78
t 915 916 78
t 916 917 78
t 917 918 78
t 918 919 78
t 919 920 78
t 920 921 78
t 921 922 78
t 922 923 78
t 923 924 78
t 924 925 78
t 925 926 78
t 926 927 78
t 927 928 78
t 928 929 78
t 929 930 78
t 930 931 78
t 931 932 78
t 932 933 78
t 933 934 78
t 934 935 78
t 935 936 78
t 936 937 78
t 937 938 78
t 938 939 78
t 939 940 78
t 940 941 78
t 941 942 78
t 942 943 78
t 943 944 78
t 944 945 78
t 945 946 78
t 946 947 78
t 947 948 78
t 948 949 78
t 949 950 78
t 950 951 78
t 951 952 78
t 952 953 78
t 953 954 78
t 954 955 78
t 955 956 78
t 956 957 78
t 957 958 78
t 958 52 78
