type=Cone forward=true n_boundary=197 n_holes=0 n_interior=99 n_tris=294 label=brep32629_f82_Cone
boundary
b 1.144390255 0.018004083
b 1.144847012 0.018016297
b 1.145298714 0.018036592
b 1.145745497 0.018064917
b 1.146187496 0.018101220
b 1.146624845 0.018145452
b 1.147057679 0.018197561
b 1.147486134 0.018257497
b 1.147910343 0.018325208
b 1.148330444 0.018400644
b 1.148746569 0.018483753
b 1.149158855 0.018574486
b 1.149567435 0.018672791
b 1.149972444 0.018778617
b 1.150373845 0.018891904
b 1.150771269 0.019012577
b 1.151164311 0.019140556
b 1.151552563 0.019275763
b 1.151935619 0.019418120
b 1.152313074 0.019567548
b 1.152684521 0.019723968
b 1.153049554 0.019887303
b 1.153407766 0.020057473
b 1.153758752 0.020234401
b 1.154102104 0.020418007
b 1.154437417 0.020608214
b 1.154764284 0.020804942
b 1.155082303 0.021008109
b 1.155391171 0.021217546
b 1.155690682 0.021432995
b 1.155980634 0.021654192
b 1.156260828 0.021880878
b 1.156531062 0.022112789
b 1.156791134 0.022349665
b 1.157040843 0.022591243
b 1.157279989 0.022837262
b 1.157508370 0.023087459
b 1.157725785 0.023341573
b 1.157932033 0.023599343
b 1.158126912 0.023860506
b 1.158310222 0.024124801
b 1.158481767 0.024391990
b 1.158641396 0.024662050
b 1.158788983 0.024935070
b 1.158924400 0.025211138
b 1.159047521 0.025490341
b 1.159158220 0.025772768
b 1.159256370 0.026058508
b 1.159341844 0.026347649
b 1.159414516 0.026640279
b 1.159474259 0.026936487
b 1.159520946 0.027236362
b 1.159554450 0.027539991
b 1.159574646 0.027847462
b 1.159581406 0.028158866
b 1.124999729 0.018000000
b 1.124739127 0.017320248
b 1.124476739 0.016641425
b 1.124212549 0.015963530
b 1.123946539 0.015286563
b 1.123678691 0.014610524
b 1.123408988 0.013935412
b 1.123137412 0.013261226
b 1.122863944 0.012587967
b 1.122588566 0.011915634
b 1.122311258 0.011244225
b 1.122032002 0.010573742
b 1.121750779 0.009904183
b 1.121467568 0.009235548
b 1.121182351 0.008567837
b 1.120895106 0.007901048
b 1.120605814 0.007235182
b 1.120314453 0.006570238
b 1.120021003 0.005906216
b 1.119725443 0.005243115
b 1.119427750 0.004580936
b 1.119127905 0.003919682
b 1.118825883 0.003259355
b 1.118521663 0.002599957
b 1.118215223 0.001941490
b 1.117906539 0.001283956
b 1.117595589 0.000627357
b 1.117282349 -0.000028304
b 1.116966794 -0.000683025
b 1.116648902 -0.001336805
b 1.116328647 -0.001989641
b 1.116006005 -0.002641530
b 1.115680951 -0.003292472
b 1.115353458 -0.003942463
b 1.115023503 -0.004591501
b 1.114691058 -0.005239585
b 1.114356097 -0.005886712
b 1.114018593 -0.006532880
b 1.113678519 -0.007178088
b 1.113335845 -0.007822336
b 1.112990545 -0.008465624
b 1.112642587 -0.009107953
b 1.112291943 -0.009749323
b 1.111938583 -0.010389734
b 1.111582475 -0.011029187
b 1.111223588 -0.011667681
b 1.110861892 -0.012305218
b 1.110497354 -0.012941797
b 1.110129942 -0.013577420
b 1.109759623 -0.014212085
b 1.109386362 -0.014845793
b 1.109010127 -0.015478546
b 1.108630883 -0.016110343
b 1.108248595 -0.016741184
b 1.107863227 -0.017371069
b 1.107474744 -0.018000000
b 1.109215987 -0.018000000
b 1.110957230 -0.018000000
b 1.112698473 -0.018000000
b 1.114439717 -0.018000000
b 1.116180960 -0.018000000
b 1.117922203 -0.018000000
b 1.119663446 -0.018000000
b 1.121404690 -0.018000000
b 1.123145933 -0.018000000
b 1.124887176 -0.018000000
b 1.126628419 -0.018000000
b 1.128369662 -0.018000000
b 1.130110906 -0.018000000
b 1.131852149 -0.018000000
b 1.133593392 -0.018000000
b 1.135334635 -0.018000000
b 1.137075879 -0.018000000
b 1.138817122 -0.018000000
b 1.140558365 -0.018000000
b 1.142299608 -0.018000000
b 1.144040852 -0.018000000
b 1.145782095 -0.018000000
b 1.147523338 -0.018000000
b 1.149264581 -0.018000000
b 1.151005825 -0.018000000
b 1.152747068 -0.018000000
b 1.154488311 -0.018000000
b 1.156229554 -0.018000000
b 1.157970797 -0.018000000
b 1.159712041 -0.018000000
b 1.161453284 -0.018000000
b 1.161065415 -0.017372069
b 1.160680628 -0.016743147
b 1.160298887 -0.016113233
b 1.159920158 -0.015482326
b 1.159544407 -0.014850426
b 1.159171600 -0.014217533
b 1.158801703 -0.013583648
b 1.158434684 -0.012948768
b 1.158070512 -0.012312895
b 1.157709153 -0.011676027
b 1.157350577 -0.011038165
b 1.156994753 -0.010399309
b 1.156641651 -0.009759457
b 1.156291241 -0.009118610
b 1.155943492 -0.008476768
b 1.155598377 -0.007833929
b 1.155255867 -0.007190095
b 1.154915933 -0.006545264
b 1.154578547 -0.005899436
b 1.154243683 -0.005252613
b 1.153911314 -0.004604797
b 1.153581415 -0.003955989
b 1.153253959 -0.003306192
b 1.152928921 -0.002655407
b 1.152606277 -0.002003638
b 1.152286002 -0.001350885
b 1.151968071 -0.000697151
b 1.151652460 -0.000042438
b 1.151339147 0.000613253
b 1.151028106 0.001269918
b 1.150719316 0.001927556
b 1.150412754 0.002586166
b 1.150108397 0.003245744
b 1.149806222 0.003906289
b 1.149506208 0.004567799
b 1.149208334 0.005230271
b 1.148912577 0.005893705
b 1.148618917 0.006558098
b 1.148327334 0.007223451
b 1.148037805 0.007889764
b 1.147750311 0.008557038
b 1.147464833 0.009225274
b 1.147181349 0.009894471
b 1.146899841 0.010564630
b 1.146620289 0.011235752
b 1.146342675 0.011907836
b 1.146066979 0.012580884
b 1.145793183 0.013254896
b 1.145521269 0.013929872
b 1.145251219 0.014605813
b 1.144983015 0.015282718
b 1.144716639 0.015960589
b 1.144452074 0.016639427
b 1.144189302 0.017319230
b 1.143928308 0.018000000
interior
i 1.111972955 -0.015115071
i 1.116471167 -0.015115071
i 1.120969379 -0.015115071
i 1.125467590 -0.015115071
i 1.129965802 -0.015115071
i 1.134464014 -0.015115071
i 1.138962225 -0.015115071
i 1.143460437 -0.015115071
i 1.147958649 -0.015115071
i 1.152456861 -0.015115071
i 1.156955072 -0.015115071
i 1.111972955 -0.012230142
i 1.116471167 -0.012230142
i 1.120969379 -0.012230142
i 1.125467590 -0.012230142
i 1.129965802 -0.012230142
i 1.134464014 -0.012230142
i 1.138962225 -0.012230142
i 1.143460437 -0.012230142
i 1.147958649 -0.012230142
i 1.152456861 -0.012230142
i 1.156955072 -0.012230142
i 1.116471167 -0.009345213
i 1.120969379 -0.009345213
i 1.125467590 -0.009345213
i 1.129965802 -0.009345213
i 1.134464014 -0.009345213
i 1.138962225 -0.009345213
i 1.143460437 -0.009345213
i 1.147958649 -0.009345213
i 1.152456861 -0.009345213
i 1.116471167 -0.006460284
i 1.120969379 -0.006460284
i 1.125467590 -0.006460284
i 1.129965802 -0.006460284
i 1.134464014 -0.006460284
i 1.138962225 -0.006460284
i 1.143460437 -0.006460284
i 1.147958649 -0.006460284
i 1.152456861 -0.006460284
i 1.116471167 -0.003575355
i 1.120969379 -0.003575355
i 1.125467590 -0.003575355
i 1.129965802 -0.003575355
i 1.134464014 -0.003575355
i 1.138962225 -0.003575355
i 1.143460437 -0.003575355
i 1.147958649 -0.003575355
i 1.152456861 -0.003575355
i 1.120969379 -0.000690425
i 1.125467590 -0.000690425
i 1.129965802 -0.000690425
i 1.134464014 -0.000690425
i 1.138962225 -0.000690425
i 1.143460437 -0.000690425
i 1.147958649 -0.000690425
i 1.120969379 0.002194504
i 1.125467590 0.002194504
i 1.129965802 0.002194504
i 1.134464014 0.002194504
i 1.138962225 0.002194504
i 1.143460437 0.002194504
i 1.147958649 0.002194504
i 1.120969379 0.005079433
i 1.125467590 0.005079433
i 1.129965802 0.005079433
i 1.134464014 0.005079433
i 1.138962225 0.005079433
i 1.143460437 0.005079433
i 1.147958649 0.005079433
i 1.125467590 0.007964362
i 1.129965802 0.007964362
i 1.134464014 0.007964362
i 1.138962225 0.007964362
i 1.143460437 0.007964362
i 1.125467590 0.010849291
i 1.129965802 0.010849291
i 1.134464014 0.010849291
i 1.138962225 0.010849291
i 1.143460437 0.010849291
i 1.125467590 0.013734220
i 1.129965802 0.013734220
i 1.134464014 0.013734220
i 1.138962225 0.013734220
i 1.143460437 0.013734220
i 1.125467590 0.016619149
i 1.129965802 0.016619149
i 1.134464014 0.016619149
i 1.138962225 0.016619149
i 1.143460437 0.016619149
i 1.134464014 0.019504078
i 1.138962225 0.019504078
i 1.143460437 0.019504078
i 1.147958649 0.019504078
i 1.143460437 0.022389007
i 1.147958649 0.022389007
i 1.152456861 0.022389007
i 1.152456861 0.025273936
i 1.156955072 0.025273936
tris
t 295 0 1
t 1 2 3
t 3 4 5
t 5 6 7
t 7 8 9
t 9 10 11
t 11 12 13
t 13 14 15
t 15 16 17
t 17 18 19
t 19 20 21
t 21 22 23
t 23 24 25
t 25 26 27
t 27 28 29
t 29 30 31
t 31 32 33
t 33 34 35
t 35 36 37
t 37 38 39
t 39 40 41
t 41 42 43
t 43 44 45
t 45 46 47
t 47 48 49
t 49 50 51
t 51 52 53
t 53 54 55
t 109 110 111
t 140 141 142
t 206 207 208
t 217 218 219
t 226 227 228
t 235 236 237
t 244 245 246
t 251 252 253
t 258 259 260
t 265 266 267
t 270 271 272
t 275 276 277
t 280 281 282
t 285 286 287
t 289 290 291
t 292 293 294
t 295 1 3
t 3 5 7
t 7 9 11
t 11 13 15
t 15 17 19
t 19 21 23
t 23 25 27
t 27 29 31
t 31 33 35
t 35 37 39
t 39 41 43
t 43 45 47
t 47 49 51
t 51 53 55
t 108 109 111
t 139 140 142
t 205 206 208
t 216 217 219
t 225 226 228
t 234 235 237
t 243 244 246
t 250 251 253
t 257 258 260
t 264 265 267
t 269 270 272
t 274 275 277
t 279 280 282
t 284 285 287
t 288 289 291
t 291 292 294
t 295 3 7
t 7 11 15
t 15 19 23
t 23 27 31
t 31 35 39
t 39 43 47
t 107 108 111
t 138 139 142
t 195 196 197
t 204 205 208
t 215 216 219
t 224 225 228
t 233 234 237
t 242 243 246
t 249 250 253
t 256 257 260
t 263 264 267
t 268 269 272
t 273 274 277
t 278 279 282
t 283 284 287
t 287 288 291
t 295 7 15
t 15 23 31
t 31 39 47
t 106 107 111
t 137 138 142
t 194 195 197
t 203 204 208
t 214 215 219
t 223 224 228
t 232 233 237
t 241 242 246
t 248 249 253
t 255 256 260
t 262 263 267
t 267 268 272
t 272 273 277
t 277 278 282
t 282 283 287
t 295 15 31
t 31 47 51
t 105 106 111
t 136 137 142
t 202 203 208
t 213 214 219
t 222 223 228
t 231 232 237
t 240 241 246
t 247 248 253
t 254 255 260
t 261 262 267
t 295 31 51
t 104 105 111
t 135 136 142
t 201 202 208
t 212 213 219
t 221 222 228
t 230 231 237
t 239 240 246
t 246 247 253
t 253 254 260
t 260 261 267
t 294 295 51
t 103 104 111
t 134 135 142
t 200 201 208
t 211 212 219
t 220 221 228
t 229 230 237
t 238 239 246
t 260 267 272
t 294 51 55
t 102 103 111
t 133 134 142
t 193 194 197
t 199 200 208
t 210 211 219
t 219 220 228
t 228 229 237
t 237 238 246
t 260 272 277
t 291 294 55
t 101 102 111
t 132 133 142
t 192 193 197
t 198 199 208
t 209 210 219
t 237 246 253
t 260 277 282
t 282 287 55
t 287 291 55
t 100 101 111
t 131 132 142
t 191 192 197
t 197 198 208
t 208 209 219
t 237 253 260
t 260 282 55
t 99 100 111
t 130 131 142
t 190 191 197
t 208 219 228
t 260 55 56
t 98 99 111
t 129 130 142
t 189 190 197
t 208 228 237
t 260 56 57
t 97 98 111
t 128 129 142
t 188 189 197
t 260 57 58
t 96 97 111
t 127 128 142
t 187 188 197
t 260 58 59
t 95 96 111
t 126 127 142
t 186 187 197
t 260 59 60
t 94 95 111
t 125 126 142
t 185 186 197
t 260 60 61
t 93 94 111
t 124 125 142
t 184 185 197
t 260 61 62
t 92 93 111
t 123 124 142
t 183 184 197
t 260 62 63
t 91 92 111
t 122 123 142
t 182 183 197
t 260 63 64
t 90 91 111
t 121 122 142
t 181 182 197
t 260 64 65
t 89 90 111
t 120 121 142
t 180 181 197
t 260 65 66
t 88 89 111
t 119 120 142
t 179 180 197
t 260 66 67
t 87 88 111
t 118 119 142
t 178 179 197
t 260 67 68
t 86 87 111
t 117 118 142
t 177 178 197
t 260 68 69
t 85 86 111
t 116 117 142
t 176 177 197
t 260 69 70
t 84 85 111
t 115 116 142
t 175 176 197
t 260 70 71
t 83 84 111
t 114 115 142
t 174 175 197
t 260 71 72
t 82 83 111
t 113 114 142
t 173 174 197
t 260 72 73
t 81 82 111
t 112 113 142
t 172 173 197
t 208 237 73
t 237 260 73
t 80 81 111
t 111 112 142
t 171 172 197
t 208 73 74
t 79 80 111
t 111 142 143
t 170 171 197
t 208 74 75
t 78 79 111
t 111 143 144
t 169 170 197
t 208 75 76
t 77 78 111
t 111 144 145
t 168 169 197
t 208 76 77
t 111 145 146
t 167 168 197
t 208 77 111
t 111 146 147
t 166 167 197
t 197 208 111
t 111 147 148
t 165 166 197
t 197 111 148
t 164 165 197
t 197 148 149
t 163 164 197
t 197 149 150
t 162 163 197
t 197 150 151
t 161 162 197
t 197 151 152
t 160 161 197
t 197 152 153
t 159 160 197
t 197 153 154
t 158 159 197
t 197 154 155
t 157 158 197
t 197 155 156
t 156 157 197
