type=Nurbs forward=false n_boundary=142 n_holes=0 n_interior=113 n_tris=181 label=brep62542_f101_Nurbs(deg=3/3, cps=4x5)
boundary
b 0.919864278 0.000000000
b 0.919864278 0.877085457
b 0.892344567 0.877085457
b 0.864912148 0.877085457
b 0.837560670 0.877085457
b 0.810283853 0.877085457
b 0.783075485 0.877085457
b 0.755929413 0.877085457
b 0.728839540 0.877085457
b 0.701799820 0.877085457
b 0.674804249 0.877085457
b 0.647846864 0.877085457
b 0.620921732 0.877085457
b 0.594022952 0.877085457
b 0.567144644 0.877085457
b 0.540280946 0.877085457
b 0.513426009 0.877085457
b 0.486573991 0.877085457
b 0.459719054 0.877085457
b 0.432855356 0.877085457
b 0.405977048 0.877085457
b 0.379078268 0.877085457
b 0.352153136 0.877085457
b 0.325195751 0.877085457
b 0.298200180 0.877085457
b 0.271160460 0.877085457
b 0.244070587 0.877085457
b 0.216924515 0.877085457
b 0.189716147 0.877085457
b 0.162439330 0.877085457
b 0.135087852 0.877085457
b 0.107655433 0.877085457
b 0.080135722 0.877085515
b 0.080135722 0.861138506
b 0.080135722 0.845191496
b 0.080135722 0.829244487
b 0.080135722 0.813297478
b 0.080135722 0.797350468
b 0.080135722 0.781403459
b 0.080135722 0.765456449
b 0.080135722 0.749509440
b 0.080135722 0.733562431
b 0.080135722 0.717615421
b 0.080135722 0.701668412
b 0.080135722 0.685721403
b 0.080135722 0.669774393
b 0.080135722 0.653827384
b 0.080135722 0.637880375
b 0.080135722 0.621933365
b 0.080135722 0.605986356
b 0.080135722 0.590039346
b 0.080135722 0.574092337
b 0.080135722 0.558145328
b 0.080135722 0.542198318
b 0.080135722 0.526251309
b 0.080135722 0.510304300
b 0.080135722 0.494357290
b 0.080135722 0.478410281
b 0.080135722 0.462463272
b 0.080135722 0.446516262
b 0.080135722 0.430569253
b 0.080135722 0.414622243
b 0.080135722 0.398675234
b 0.080135722 0.382728225
b 0.080135722 0.366781215
b 0.080135722 0.350834206
b 0.080135722 0.334887197
b 0.080135722 0.318940187
b 0.080135722 0.302993178
b 0.080135722 0.287046169
b 0.080135722 0.271099159
b 0.080135722 0.255152150
b 0.080135722 0.239205140
b 0.080135722 0.223258131
b 0.080135722 0.207311122
b 0.080135722 0.191364112
b 0.080135722 0.175417103
b 0.080135722 0.159470094
b 0.080135722 0.143523084
b 0.080135722 0.127576075
b 0.080135722 0.111629066
b 0.080135722 0.095682056
b 0.080135722 0.079735047
b 0.080135722 0.063788037
b 0.080135722 0.047841028
b 0.080135722 0.031894019
b 0.080135722 0.015947009
b 0.080135722 0.000000000
b 0.095657931 -0.000000550
b 0.111151515 -0.000001042
b 0.126617642 -0.000001476
b 0.142057462 -0.000001850
b 0.157472112 -0.000002163
b 0.172862715 -0.000002414
b 0.188230380 -0.000002602
b 0.203576210 -0.000002726
b 0.218901297 -0.000002785
b 0.234206725 -0.000002777
b 0.249493573 -0.000002703
b 0.264762918 -0.000002560
b 0.280015831 -0.000002347
b 0.295253384 -0.000002065
b 0.310476649 -0.000001710
b 0.325686698 -0.000001284
b 0.340884607 -0.000000783
b 0.356071458 -0.000000208
b 0.371248337 0.000000441
b 0.386416328 0.000001151
b 0.401576508 0.000001896
b 0.416729940 0.000002655
b 0.431877677 0.000003402
b 0.447020767 0.000004114
b 0.462160249 0.000004767
b 0.477297157 0.000005337
b 0.492432524 0.000005800
b 0.507567378 0.000006133
b 0.522702747 0.000006312
b 0.537839660 0.000006312
b 0.552979149 0.000006110
b 0.568122248 0.000005683
b 0.583269997 0.000005005
b 0.598423442 0.000004054
b 0.613583639 0.000002806
b 0.628751649 0.000001237
b 0.643928549 -0.000000677
b 0.659115424 -0.000002915
b 0.674313359 -0.000005388
b 0.689523434 -0.000008001
b 0.704746724 -0.000010662
b 0.719984302 -0.000013274
b 0.735237239 -0.000015745
b 0.750506605 -0.000017980
b 0.765793471 -0.000019884
b 0.781098913 -0.000021363
b 0.796424008 -0.000022323
b 0.811769840 -0.000022670
b 0.827137502 -0.000022309
b 0.842528093 -0.000021145
b 0.857942722 -0.000019086
b 0.873382513 -0.000016036
b 0.888848600 -0.000011901
b 0.904342133 -0.000006587
interior
i 0.185101791 0.109615854
i 0.290067861 0.109615854
i 0.395033930 0.109615854
i 0.500000000 0.109615854
i 0.604966070 0.109615854
i 0.709932139 0.109615854
i 0.814898209 0.109615854
i 0.185101791 0.219254377
i 0.290067861 0.219254377
i 0.395033930 0.219254377
i 0.500000000 0.219254377
i 0.604966070 0.219254377
i 0.709932139 0.219254377
i 0.814898209 0.219254377
i 0.185101791 0.328892900
i 0.290067861 0.328892900
i 0.395033930 0.328892900
i 0.500000000 0.328892900
i 0.604966070 0.328892900
i 0.709932139 0.328892900
i 0.814898209 0.328892900
i 0.185101791 0.438531423
i 0.290067861 0.438531423
i 0.395033930 0.438531423
i 0.500000000 0.438531423
i 0.604966070 0.438531423
i 0.709932139 0.438531423
i 0.814898209 0.438531423
i 0.185101791 0.548169946
i 0.290067861 0.548169946
i 0.395033930 0.548169946
i 0.500000000 0.548169946
i 0.604966070 0.548169946
i 0.709932139 0.548169946
i 0.814898209 0.548169946
i 0.185101791 0.657808469
i 0.290067861 0.657808469
i 0.395033930 0.657808469
i 0.500000000 0.657808469
i 0.604966070 0.657808469
i 0.709932139 0.657808469
i 0.814898209 0.657808469
i 0.185101791 0.767446992
i 0.290067861 0.767446992
i 0.395033930 0.767446992
i 0.500000000 0.767446992
i 0.604966070 0.767446992
i 0.709932139 0.767446992
i 0.814898209 0.767446992
i 0.132618756 0.054796592
i 0.132618756 0.164435115
i 0.132618756 0.274073638
i 0.132618756 0.383712161
i 0.132618756 0.493350684
i 0.132618756 0.602989207
i 0.132618756 0.712627730
i 0.132618756 0.822266253
i 0.237584826 0.054796592
i 0.237584826 0.164435115
i 0.237584826 0.274073638
i 0.237584826 0.383712161
i 0.237584826 0.493350684
i 0.237584826 0.602989207
i 0.237584826 0.712627730
i 0.237584826 0.822266253
i 0.342550896 0.054796592
i 0.342550896 0.164435115
i 0.342550896 0.274073638
i 0.342550896 0.383712161
i 0.342550896 0.493350684
i 0.342550896 0.602989207
i 0.342550896 0.712627730
i 0.342550896 0.822266253
i 0.447516965 0.054796592
i 0.447516965 0.164435115
i 0.447516965 0.274073638
i 0.447516965 0.383712161
i 0.447516965 0.493350684
i 0.447516965 0.602989207
i 0.447516965 0.712627730
i 0.447516965 0.822266253
i 0.552483035 0.054796592
i 0.552483035 0.164435115
i 0.552483035 0.274073638
i 0.552483035 0.383712161
i 0.552483035 0.493350684
i 0.552483035 0.602989207
i 0.552483035 0.712627730
i 0.552483035 0.822266253
i 0.657449104 0.054796592
i 0.657449104 0.164435115
i 0.657449104 0.274073638
i 0.657449104 0.383712161
i 0.657449104 0.493350684
i 0.657449104 0.602989207
i 0.657449104 0.712627730
i 0.657449104 0.822266253
i 0.762415174 0.054796592
i 0.762415174 0.164435115
i 0.762415174 0.274073638
i 0.762415174 0.383712161
i 0.762415174 0.493350684
i 0.762415174 0.602989207
i 0.762415174 0.712627730
i 0.762415174 0.822266253
i 0.867381244 0.054796592
i 0.867381244 0.164435115
i 0.867381244 0.274073638
i 0.867381244 0.383712161
i 0.867381244 0.493350684
i 0.867381244 0.602989207
i 0.867381244 0.712627730
i 0.867381244 0.822266253
tris
t 254 0 1
t 31 32 33
t 86 87 88
t 88 89 90
t 90 91 92
t 92 93 94
t 94 95 96
t 96 97 98
t 98 99 100
t 100 101 102
t 102 103 104
t 104 105 106
t 106 107 108
t 131 132 133
t 133 134 135
t 135 136 137
t 137 138 139
t 139 140 141
t 147 148 149
t 168 169 170
t 182 183 184
t 206 207 208
t 238 239 240
t 246 247 248
t 1 2 254
t 2 3 254
t 30 31 33
t 86 88 90
t 90 92 94
t 94 96 98
t 98 100 102
t 102 104 106
t 106 108 109
t 127 129 131
t 131 133 135
t 135 137 139
t 139 141 142
t 246 248 249
t 253 254 3
t 30 33 34
t 82 83 90
t 83 84 90
t 84 85 90
t 85 86 90
t 90 94 98
t 98 102 106
t 106 109 110
t 131 135 139
t 246 249 250
t 252 253 3
t 25 26 34
t 26 27 34
t 27 28 34
t 28 29 34
t 29 30 34
t 90 98 106
t 126 127 139
t 127 128 139
t 128 129 139
t 129 130 139
t 130 131 139
t 246 250 251
t 251 252 3
t 16 17 34
t 17 18 34
t 18 19 34
t 19 20 34
t 20 21 34
t 21 22 34
t 22 23 34
t 23 24 34
t 24 25 34
t 90 106 110
t 125 126 139
t 3 4 251
t 4 5 251
t 5 6 34
t 6 7 34
t 7 8 34
t 8 9 34
t 9 10 34
t 10 11 34
t 11 12 34
t 12 13 34
t 13 14 34
t 14 15 34
t 15 16 34
t 90 110 111
t 124 125 139
t 90 111 112
t 123 124 139
t 58 59 90
t 59 60 90
t 60 61 90
t 61 62 90
t 62 63 90
t 63 64 90
t 64 65 90
t 65 66 90
t 66 67 90
t 67 68 90
t 68 69 90
t 69 70 90
t 70 71 90
t 71 72 90
t 72 73 90
t 73 74 90
t 74 75 90
t 75 76 90
t 76 77 90
t 77 78 90
t 78 79 90
t 79 80 90
t 80 81 90
t 81 82 90
t 90 112 113
t 122 123 139
t 56 57 90
t 57 58 90
t 90 113 114
t 121 122 139
t 54 55 90
t 55 56 90
t 90 114 115
t 121 139 142
t 52 53 90
t 53 54 90
t 120 121 142
t 51 52 90
t 119 120 142
t 49 50 90
t 50 51 90
t 118 119 142
t 47 48 90
t 48 49 90
t 117 118 142
t 46 47 90
t 116 117 142
t 45 46 90
t 115 116 142
t 44 45 90
t 90 115 142
t 43 44 90
t 42 43 90
t 40 41 90
t 41 42 90
t 39 40 90
t 37 38 90
t 38 39 90
t 36 37 90
t 34 35 90
t 35 36 90
t 238 240 246
t 142 147 149
t 149 155 156
t 156 162 163
t 163 168 170
t 170 176 177
t 177 182 184
t 206 208 214
t 214 215 222
t 222 223 230
t 230 231 238
t 90 142 149
t 90 149 156
t 90 156 163
t 170 198 199
t 246 251 5
t 34 90 163
t 170 199 206
t 238 246 5
t 34 163 170
t 230 238 5
t 34 170 206
t 222 230 5
t 5 34 206
t 214 222 5
t 5 206 214
t 198 170 177
t 198 177 184
t 198 184 190
