type=Nurbs forward=true n_boundary=196 n_holes=0 n_interior=113 n_tris=224 label=brep47598_f245_Nurbs(deg=3/3, cps=7x10)
boundary
b 1.000076865 0.018181321
b 1.000276726 0.036364124
b 1.000553158 0.054547734
b 1.000859620 0.072731655
b 1.001150128 0.090915571
b 1.001379860 0.109099352
b 1.001511518 0.127282993
b 1.001541854 0.145466303
b 1.001479449 0.163649053
b 1.001333078 0.181831085
b 1.001111522 0.200012316
b 1.000823406 0.218192739
b 1.000478175 0.236372654
b 1.000093894 0.254554110
b 0.999699883 0.272738480
b 0.999337846 0.290924592
b 0.999047871 0.309110801
b 0.998866493 0.327295271
b 0.998822512 0.345476161
b 0.998895378 0.363653550
b 0.999036605 0.381828931
b 0.999201221 0.400003988
b 0.999348425 0.418180553
b 0.999441656 0.436360589
b 0.999450299 0.454546077
b 0.999376983 0.472737385
b 0.999249306 0.490933401
b 0.999093985 0.509132886
b 0.998955573 0.527333478
b 0.998893834 0.545531478
b 0.998960970 0.563722841
b 0.999155498 0.581905592
b 0.999421153 0.600080826
b 0.999702577 0.618250512
b 0.999950019 0.636417355
b 1.000137083 0.654585172
b 1.000255070 0.672758073
b 1.000306419 0.690937216
b 1.000305241 0.709119565
b 1.000264469 0.727301757
b 1.000194692 0.745480501
b 1.000102434 0.763653641
b 0.999979356 0.781827873
b 0.999825274 0.800010158
b 0.999663602 0.818199143
b 0.999518093 0.836392198
b 0.999409810 0.854586441
b 0.999357143 0.872778779
b 0.999375822 0.890965934
b 0.999468254 0.909145603
b 0.999605471 0.927318855
b 0.999755319 0.945487900
b 0.999888346 0.963655506
b 0.999977865 0.981824955
b 1.000000000 1.000000000
b 0.981790957 1.000027471
b 0.963585426 1.000052857
b 0.945383533 1.000076085
b 0.927185350 1.000097081
b 0.908990896 1.000115770
b 0.890800137 1.000132076
b 0.872612985 1.000145922
b 0.854429302 1.000157232
b 0.836248897 1.000165928
b 0.818071530 1.000171933
b 0.799896906 1.000175166
b 0.781724686 1.000175552
b 0.763554477 1.000173009
b 0.745385837 1.000167462
b 0.727218212 1.000158997
b 0.709050930 1.000148021
b 0.690883367 1.000134992
b 0.672714966 1.000120377
b 0.654545239 1.000104659
b 0.636373768 1.000088328
b 0.618200206 1.000071890
b 0.600024277 1.000055857
b 0.581845782 1.000040755
b 0.563664594 1.000027120
b 0.545480666 1.000015496
b 0.527294026 1.000006437
b 0.509104784 1.000000504
b 0.490913140 0.999998246
b 0.472719633 0.999999696
b 0.454525042 1.000004367
b 0.436330083 1.000011737
b 0.418135396 1.000021274
b 0.399941545 1.000032434
b 0.381749013 1.000044663
b 0.363558206 1.000057400
b 0.345369447 1.000070074
b 0.327182978 1.000082106
b 0.308998959 1.000092911
b 0.290817465 1.000101898
b 0.272638488 1.000108469
b 0.254461934 1.000112025
b 0.236287589 1.000112039
b 0.218114878 1.000108672
b 0.199943114 1.000102443
b 0.181771690 1.000093881
b 0.163600074 1.000083523
b 0.145427816 1.000071911
b 0.127254548 1.000059590
b 0.109079983 1.000047112
b 0.090903918 1.000035029
b 0.072726235 1.000023897
b 0.054546904 1.000014273
b 0.036365978 1.000006712
b 0.018183599 1.000001770
b 0.000000000 1.000000000
b -0.000000000 0.967740959
b -0.000000000 0.935482142
b -0.000000000 0.903224955
b -0.000000000 0.870969014
b -0.000000000 0.838712994
b -0.000000000 0.806455472
b -0.000000000 0.774195761
b -0.000000000 0.741934758
b -0.000000000 0.709674757
b -0.000000000 0.677416709
b -0.000000000 0.645160108
b -0.000000000 0.612903911
b -0.000000000 0.580647266
b -0.000000000 0.548389433
b -0.000000000 0.516130059
b -0.000000000 0.483870035
b -0.000000000 0.451611578
b -0.000000000 0.419355670
b -0.000000000 0.387101439
b -0.000000000 0.354847000
b -0.000000000 0.322590304
b -0.000000000 0.290329988
b -0.000000000 0.258066235
b -0.000000000 0.225801547
b -0.000000000 0.193539251
b -0.000000000 0.161280544
b -0.000000000 0.129024750
b -0.000000000 0.096770187
b 0.000000000 0.064515027
b 0.000000000 0.032258148
b 0.000000000 0.000000000
b 0.018181819 0.000000000
b 0.036363637 0.000000000
b 0.054545456 0.000000000
b 0.072727275 0.000000000
b 0.090909093 0.000000000
b 0.109090912 0.000000000
b 0.127272730 0.000000000
b 0.145454549 0.000000000
b 0.163636368 0.000000000
b 0.181818186 0.000000000
b 0.200000005 0.000000000
b 0.218181824 0.000000000
b 0.236363642 0.000000000
b 0.254545461 0.000000000
b 0.272727279 0.000000000
b 0.290909098 0.000000000
b 0.309090917 0.000000000
b 0.327272735 0.000000000
b 0.345454554 0.000000000
b 0.363636373 0.000000000
b 0.381818191 0.000000000
b 0.400000010 0.000000000
b 0.418181828 0.000000000
b 0.436363647 0.000000000
b 0.454545466 0.000000000
b 0.472727284 0.000000000
b 0.490909103 0.000000000
b 0.509090922 0.000000000
b 0.527272740 0.000000000
b 0.545454559 0.000000000
b 0.563636377 0.000000000
b 0.581818196 0.000000000
b 0.600000015 0.000000000
b 0.618181833 0.000000000
b 0.636363652 0.000000000
b 0.654545471 0.000000000
b 0.672727289 0.000000000
b 0.690909108 0.000000000
b 0.709090926 0.000000000
b 0.727272745 0.000000000
b 0.745454564 0.000000000
b 0.763636382 0.000000000
b 0.781818201 0.000000000
b 0.800000020 0.000000000
b 0.818181838 0.000000000
b 0.836363657 0.000000000
b 0.854545475 0.000000000
b 0.872727294 0.000000000
b 0.890909113 0.000000000
b 0.909090931 0.000000000
b 0.927272750 0.000000000
b 0.945454569 0.000000000
b 0.963636387 0.000000000
b 0.981818206 0.000000000
b 1.000000024 0.000000000
interior
i 0.125192732 0.125021944
i 0.250385463 0.125021944
i 0.375578195 0.125021944
i 0.500770927 0.125021944
i 0.625963658 0.125021944
i 0.751156390 0.125021944
i 0.876349122 0.125021944
i 0.125192732 0.250043888
i 0.250385463 0.250043888
i 0.375578195 0.250043888
i 0.500770927 0.250043888
i 0.625963658 0.250043888
i 0.751156390 0.250043888
i 0.876349122 0.250043888
i 0.125192732 0.375065832
i 0.250385463 0.375065832
i 0.375578195 0.375065832
i 0.500770927 0.375065832
i 0.625963658 0.375065832
i 0.751156390 0.375065832
i 0.876349122 0.375065832
i 0.125192732 0.500087776
i 0.250385463 0.500087776
i 0.375578195 0.500087776
i 0.500770927 0.500087776
i 0.625963658 0.500087776
i 0.751156390 0.500087776
i 0.876349122 0.500087776
i 0.125192732 0.625109720
i 0.250385463 0.625109720
i 0.375578195 0.625109720
i 0.500770927 0.625109720
i 0.625963658 0.625109720
i 0.751156390 0.625109720
i 0.876349122 0.625109720
i 0.125192732 0.750131664
i 0.250385463 0.750131664
i 0.375578195 0.750131664
i 0.500770927 0.750131664
i 0.625963658 0.750131664
i 0.751156390 0.750131664
i 0.876349122 0.750131664
i 0.125192732 0.875153608
i 0.250385463 0.875153608
i 0.375578195 0.875153608
i 0.500770927 0.875153608
i 0.625963658 0.875153608
i 0.751156390 0.875153608
i 0.876349122 0.875153608
i 0.062596366 0.062510972
i 0.062596366 0.187532916
i 0.062596366 0.312554860
i 0.062596366 0.437576804
i 0.062596366 0.562598748
i 0.062596366 0.687620692
i 0.062596366 0.812642636
i 0.062596366 0.937664580
i 0.187789098 0.062510972
i 0.187789098 0.187532916
i 0.187789098 0.312554860
i 0.187789098 0.437576804
i 0.187789098 0.562598748
i 0.187789098 0.687620692
i 0.187789098 0.812642636
i 0.187789098 0.937664580
i 0.312981829 0.062510972
i 0.312981829 0.187532916
i 0.312981829 0.312554860
i 0.312981829 0.437576804
i 0.312981829 0.562598748
i 0.312981829 0.687620692
i 0.312981829 0.812642636
i 0.312981829 0.937664580
i 0.438174561 0.062510972
i 0.438174561 0.187532916
i 0.438174561 0.312554860
i 0.438174561 0.437576804
i 0.438174561 0.562598748
i 0.438174561 0.687620692
i 0.438174561 0.812642636
i 0.438174561 0.937664580
i 0.563367293 0.062510972
i 0.563367293 0.187532916
i 0.563367293 0.312554860
i 0.563367293 0.437576804
i 0.563367293 0.562598748
i 0.563367293 0.687620692
i 0.563367293 0.812642636
i 0.563367293 0.937664580
i 0.688560024 0.062510972
i 0.688560024 0.187532916
i 0.688560024 0.312554860
i 0.688560024 0.437576804
i 0.688560024 0.562598748
i 0.688560024 0.687620692
i 0.688560024 0.812642636
i 0.688560024 0.937664580
i 0.813752756 0.062510972
i 0.813752756 0.187532916
i 0.813752756 0.312554860
i 0.813752756 0.437576804
i 0.813752756 0.562598748
i 0.813752756 0.687620692
i 0.813752756 0.812642636
i 0.813752756 0.937664580
i 0.938945488 0.062510972
i 0.938945488 0.187532916
i 0.938945488 0.312554860
i 0.938945488 0.437576804
i 0.938945488 0.562598748
i 0.938945488 0.687620692
i 0.938945488 0.812642636
i 0.938945488 0.937664580
tris
t 140 141 139
t 141 138 139
t 141 137 138
t 141 136 137
t 141 135 136
t 141 142 135
t 142 143 135
t 143 144 135
t 144 145 135
t 145 146 135
t 146 147 135
t 147 148 135
t 148 149 135
t 149 150 135
t 150 151 135
t 151 152 135
t 152 153 135
t 153 309 135
t 153 154 309
t 154 155 309
t 155 156 309
t 156 157 309
t 157 158 309
t 158 159 309
t 159 160 309
t 160 161 309
t 161 162 309
t 162 163 309
t 163 164 309
t 164 165 309
t 165 166 309
t 166 167 309
t 167 310 309
t 167 168 310
t 168 169 310
t 169 170 310
t 170 171 310
t 171 172 310
t 172 173 310
t 173 174 310
t 174 175 310
t 175 176 310
t 176 177 310
t 177 178 310
t 178 179 310
t 179 180 310
t 180 181 310
t 181 311 310
t 181 182 311
t 182 183 311
t 183 184 311
t 184 185 311
t 185 186 311
t 186 187 311
t 187 188 311
t 188 189 311
t 189 190 311
t 190 191 311
t 191 192 311
t 192 193 311
t 193 194 311
t 194 8 311
t 194 7 8
t 194 6 7
t 194 5 6
t 194 4 5
t 194 3 4
t 194 2 3
t 194 1 2
t 194 0 1
t 194 195 0
t 135 309 134
t 309 133 134
t 309 132 133
t 309 131 132
t 309 130 131
t 309 312 130
t 309 310 312
t 310 313 312
t 310 311 313
t 311 314 313
t 311 17 314
t 311 16 17
t 311 15 16
t 311 14 15
t 311 13 14
t 311 12 13
t 311 11 12
t 311 10 11
t 311 9 10
t 311 8 9
t 130 312 129
t 312 128 129
t 312 127 128
t 312 126 127
t 312 125 126
t 312 315 125
t 312 313 315
t 313 316 315
t 313 314 316
t 314 317 316
t 314 26 317
t 314 25 26
t 314 24 25
t 314 23 24
t 314 22 23
t 314 21 22
t 314 20 21
t 314 19 20
t 314 18 19
t 314 17 18
t 125 315 124
t 315 123 124
t 315 122 123
t 315 121 122
t 315 120 121
t 315 318 120
t 315 316 318
t 316 319 318
t 316 317 319
t 317 320 319
t 317 35 320
t 317 34 35
t 317 33 34
t 317 32 33
t 317 31 32
t 317 30 31
t 317 29 30
t 317 28 29
t 317 27 28
t 317 26 27
t 120 318 119
t 318 118 119
t 318 117 118
t 318 116 117
t 318 115 116
t 318 114 115
t 318 113 114
t 318 112 113
t 318 111 112
t 318 110 111
t 318 321 110
t 318 319 321
t 319 322 321
t 319 320 322
t 320 323 322
t 320 53 323
t 320 52 53
t 320 51 52
t 320 50 51
t 320 49 50
t 320 48 49
t 320 47 48
t 320 46 47
t 320 45 46
t 320 44 45
t 320 43 44
t 320 42 43
t 320 41 42
t 320 40 41
t 320 39 40
t 320 38 39
t 320 37 38
t 320 36 37
t 320 35 36
t 110 321 109
t 321 108 109
t 321 107 108
t 321 106 107
t 321 105 106
t 321 104 105
t 321 103 104
t 321 102 103
t 321 101 102
t 321 100 101
t 321 99 100
t 321 98 99
t 321 97 98
t 321 96 97
t 321 95 96
t 321 94 95
t 321 93 94
t 321 92 93
t 321 91 92
t 321 90 91
t 321 89 90
t 321 88 89
t 321 87 88
t 321 86 87
t 321 85 86
t 321 84 85
t 321 83 84
t 321 82 83
t 321 322 82
t 322 81 82
t 322 80 81
t 322 79 80
t 322 78 79
t 322 77 78
t 322 76 77
t 322 75 76
t 322 74 75
t 322 73 74
t 322 72 73
t 322 71 72
t 322 70 71
t 322 69 70
t 322 68 69
t 322 323 68
t 323 67 68
t 323 66 67
t 323 65 66
t 323 64 65
t 323 63 64
t 323 62 63
t 323 61 62
t 323 60 61
t 323 59 60
t 323 58 59
t 323 57 58
t 323 56 57
t 323 55 56
t 323 54 55
t 323 53 54
