type=Sphere forward=true n_boundary=93 n_holes=0 n_interior=53 n_tris=144 label=brep47598_f221_Sphere
boundary
b 4.712388980 1.570796327
b 4.732925408 1.574417183
b 4.753462373 1.578036511
b 4.774000415 1.581652787
b 4.794540068 1.585264483
b 4.815081866 1.588870075
b 4.835626339 1.592468042
b 4.856174012 1.596056864
b 4.876725406 1.599635024
b 4.897281035 1.603201008
b 4.917841408 1.606753306
b 4.938407025 1.610290415
b 4.958978377 1.613810833
b 4.979555948 1.617313065
b 5.000140210 1.620795624
b 5.020731625 1.624257025
b 5.041330645 1.627695795
b 5.061937707 1.631110465
b 5.082553236 1.634499574
b 5.103177646 1.637861673
b 5.123811332 1.641195317
b 5.144454677 1.644499076
b 5.165108048 1.647771525
b 5.185771794 1.651011254
b 5.206446248 1.654216862
b 5.227131726 1.657386961
b 5.247828525 1.660520175
b 5.268536924 1.663615141
b 5.289257181 1.666670510
b 5.309989535 1.669684946
b 5.330734207 1.672657130
b 5.351491393 1.675585756
b 5.339095840 1.706549310
b 5.326594994 1.737492086
b 5.313963316 1.768409025
b 5.301174307 1.799294865
b 5.288200304 1.830144097
b 5.275012249 1.860950919
b 5.261579450 1.891709176
b 5.247869308 1.922412307
b 5.233847022 1.953053277
b 5.219475260 1.983624500
b 5.204713791 2.014117760
b 5.189519070 2.044524110
b 5.173843775 2.074833765
b 5.157636286 2.105035978
b 5.140840085 2.135118891
b 5.123393094 2.165069371
b 5.105226906 2.194872813
b 5.086265931 2.224512911
b 5.066426418 2.253971400
b 5.045615357 2.283227738
b 5.023729244 2.312258746
b 5.000652709 2.341038183
b 4.976256989 2.369536239
b 4.950398283 2.397718952
b 4.922915980 2.425547515
b 4.893630850 2.452977466
b 4.862343264 2.479957753
b 4.828831614 2.506429648
b 4.792851182 2.532325505
b 4.754133816 2.557567368
b 4.712388980 2.582065446
b 4.712388980 2.549443862
b 4.712388980 2.516822277
b 4.712388980 2.484200693
b 4.712388980 2.451579108
b 4.712388980 2.418957524
b 4.712388980 2.386335939
b 4.712388980 2.353714355
b 4.712388980 2.321092770
b 4.712388980 2.288471186
b 4.712388980 2.255849601
b 4.712388980 2.223228017
b 4.712388980 2.190606432
b 4.712388980 2.157984848
b 4.712388980 2.125363263
b 4.712388980 2.092741679
b 4.712388980 2.060120094
b 4.712388980 2.027498510
b 4.712388980 1.994876925
b 4.712388980 1.962255341
b 4.712388980 1.929633756
b 4.712388980 1.897012172
b 4.712388980 1.864390587
b 4.712388980 1.831769003
b 4.712388980 1.799147418
b 4.712388980 1.766525834
b 4.712388980 1.733904249
b 4.712388980 1.701282665
b 4.712388980 1.668661080
b 4.712388980 1.636039496
b 4.712388980 1.603417911
interior
i 4.765647515 1.697204967
i 4.818906049 1.697204967
i 4.872164583 1.697204967
i 4.925423118 1.697204967
i 4.978681652 1.697204967
i 5.031940187 1.697204967
i 5.085198721 1.697204967
i 5.138457255 1.697204967
i 5.191715790 1.697204967
i 5.244974324 1.697204967
i 5.298232858 1.697204967
i 4.765647515 1.823613607
i 4.818906049 1.823613607
i 4.872164583 1.823613607
i 4.925423118 1.823613607
i 4.978681652 1.823613607
i 5.031940187 1.823613607
i 5.085198721 1.823613607
i 5.138457255 1.823613607
i 5.191715790 1.823613607
i 5.244974324 1.823613607
i 4.765647515 1.950022247
i 4.818906049 1.950022247
i 4.872164583 1.950022247
i 4.925423118 1.950022247
i 4.978681652 1.950022247
i 5.031940187 1.950022247
i 5.085198721 1.950022247
i 5.138457255 1.950022247
i 5.191715790 1.950022247
i 4.765647515 2.076430886
i 4.818906049 2.076430886
i 4.872164583 2.076430886
i 4.925423118 2.076430886
i 4.978681652 2.076430886
i 5.031940187 2.076430886
i 5.085198721 2.076430886
i 5.138457255 2.076430886
i 4.765647515 2.202839526
i 4.818906049 2.202839526
i 4.872164583 2.202839526
i 4.925423118 2.202839526
i 4.978681652 2.202839526
i 5.031940187 2.202839526
i 5.085198721 2.202839526
i 4.765647515 2.329248166
i 4.818906049 2.329248166
i 4.872164583 2.329248166
i 4.925423118 2.329248166
i 4.978681652 2.329248166
i 4.765647515 2.455656806
i 4.818906049 2.455656806
i 4.872164583 2.455656806
tris
t 30 31 32
t 32 33 34
t 34 35 36
t 36 37 38
t 38 39 40
t 40 41 42
t 42 43 44
t 44 45 46
t 46 47 48
t 48 49 50
t 50 51 52
t 52 53 54
t 54 55 56
t 56 57 58
t 58 59 60
t 60 61 62
t 91 92 93
t 102 103 104
t 112 113 114
t 121 122 123
t 129 130 131
t 136 137 138
t 141 142 143
t 29 30 32
t 32 34 36
t 36 38 40
t 40 42 44
t 44 46 48
t 48 50 52
t 52 54 56
t 56 58 60
t 60 62 63
t 90 91 93
t 101 102 104
t 111 112 114
t 120 121 123
t 128 129 131
t 135 136 138
t 140 141 143
t 28 29 32
t 32 36 40
t 40 44 48
t 48 52 56
t 60 63 64
t 89 90 93
t 100 101 104
t 110 111 114
t 119 120 123
t 127 128 131
t 134 135 138
t 139 140 143
t 27 28 32
t 32 40 48
t 60 64 65
t 88 89 93
t 99 100 104
t 109 110 114
t 118 119 123
t 126 127 131
t 133 134 138
t 138 139 143
t 26 27 32
t 32 48 56
t 60 65 66
t 87 88 93
t 98 99 104
t 108 109 114
t 117 118 123
t 125 126 131
t 132 133 138
t 25 26 32
t 60 66 67
t 86 87 93
t 97 98 104
t 107 108 114
t 116 117 123
t 124 125 131
t 131 132 138
t 24 25 32
t 60 67 68
t 85 86 93
t 96 97 104
t 106 107 114
t 115 116 123
t 123 124 131
t 23 24 32
t 60 68 69
t 84 85 93
t 95 96 104
t 105 106 114
t 114 115 123
t 22 23 32
t 60 69 70
t 83 84 93
t 94 95 104
t 104 105 114
t 21 22 32
t 82 83 93
t 93 94 104
t 20 21 32
t 81 82 93
t 19 20 32
t 80 81 93
t 18 19 32
t 79 80 93
t 17 18 32
t 78 79 93
t 16 17 32
t 77 78 93
t 15 16 32
t 76 77 93
t 14 15 32
t 75 76 93
t 13 14 32
t 74 75 93
t 12 13 32
t 73 74 93
t 11 12 32
t 72 73 93
t 10 11 32
t 71 72 93
t 9 10 32
t 70 71 93
t 8 9 32
t 70 93 104
t 145 0 1
t 7 8 32
t 70 104 114
t 145 1 2
t 6 7 32
t 70 114 123
t 145 2 3
t 5 6 32
t 70 123 131
t 145 3 4
t 4 5 32
t 70 131 138
t 145 4 32
t 70 138 143
t 145 32 56
t 60 70 143
t 145 56 60
t 60 143 144
t 144 145 60
