type=Cylinder forward=true n_boundary=88 n_holes=0 n_interior=11 n_tris=86 label=brep62542_f38_Cylinder
boundary
b -3.141592654 -0.050000000
b -3.040250955 -0.050000000
b -2.938909257 -0.050000000
b -2.837567558 -0.050000000
b -2.736225860 -0.050000000
b -2.634884161 -0.050000000
b -2.533542463 -0.050000000
b -2.432200764 -0.050000000
b -2.330859066 -0.050000000
b -2.229517367 -0.050000000
b -2.128175669 -0.050000000
b -2.026833970 -0.050000000
b -1.925492272 -0.050000000
b -1.824150573 -0.050000000
b -1.722808875 -0.050000000
b -1.621467176 -0.050000000
b -1.520125478 -0.050000000
b -1.418783779 -0.050000000
b -1.317442081 -0.050000000
b -1.216100382 -0.050000000
b -1.114758684 -0.050000000
b -1.013416985 -0.050000000
b -0.912075287 -0.050000000
b -0.810733588 -0.050000000
b -0.709391890 -0.050000000
b -0.608050191 -0.050000000
b -0.506708493 -0.050000000
b -0.405366794 -0.050000000
b -0.304025096 -0.050000000
b -0.202683397 -0.050000000
b -0.101341699 -0.050000000
b 0.000000000 -0.050000000
b 0.000000000 0.053428600
b -0.052007963 0.051480821
b -0.105111591 0.049497655
b -0.159214524 0.047488649
b -0.214231863 0.045463351
b -0.270094287 0.043431308
b -0.326752121 0.041402065
b -0.384179194 0.039385172
b -0.442343578 0.037390660
b -0.501137599 0.035429900
b -0.560437010 0.033514494
b -0.620121001 0.031656042
b -0.680079114 0.029866144
b -0.740218099 0.028156401
b -0.800468312 0.026538395
b -0.860765240 0.025021443
b -0.920996022 0.023610464
b -0.981010457 0.022309870
b -1.040632302 0.021124073
b -1.099668509 0.020057488
b -1.157918681 0.019114526
b -1.215187700 0.018299524
b -1.271445025 0.017613370
b -1.326875956 0.017052169
b -1.381670236 0.016611671
b -1.436002675 0.016287626
b -1.490030560 0.016075787
b -1.543891432 0.015971903
b -1.597701221 0.015971903
b -1.651562094 0.016075787
b -1.705589979 0.016287626
b -1.759922417 0.016611671
b -1.814716698 0.017052169
b -1.870147628 0.017613370
b -1.926404954 0.018299524
b -1.983673972 0.019114526
b -2.041924144 0.020057488
b -2.100960352 0.021124073
b -2.160582197 0.022309870
b -2.220596631 0.023610464
b -2.280827413 0.025021443
b -2.341124342 0.026538395
b -2.401374555 0.028156401
b -2.461513540 0.029866144
b -2.521471653 0.031656042
b -2.581155643 0.033514494
b -2.640455054 0.035429900
b -2.699249075 0.037390660
b -2.757413460 0.039385172
b -2.814840532 0.041402065
b -2.871498367 0.043431308
b -2.927360790 0.045463351
b -2.982378130 0.047488649
b -3.036481062 0.049497655
b -3.089584690 0.051480821
b -3.141592654 0.053428600
interior
i -2.879793266 0.001714300
i -2.617993878 0.001714300
i -2.356194490 0.001714300
i -2.094395102 0.001714300
i -1.832595715 0.001714300
i -1.570796327 0.001714300
i -1.308996939 0.001714300
i -1.047197551 0.001714300
i -0.785398163 0.001714300
i -0.523598776 0.001714300
i -0.261799388 0.001714300
tris
t 0 86 87
t 0 1 86
t 1 85 86
t 1 84 85
t 1 2 84
t 2 83 84
t 2 82 83
t 2 3 82
t 3 81 82
t 3 80 81
t 3 4 80
t 4 79 80
t 4 78 79
t 4 5 78
t 5 77 78
t 5 6 77
t 6 76 77
t 6 75 76
t 6 7 75
t 7 74 75
t 7 73 74
t 7 8 73
t 8 72 73
t 8 9 72
t 9 71 72
t 9 70 71
t 9 10 70
t 10 69 70
t 10 68 69
t 10 11 68
t 11 67 68
t 11 66 67
t 11 12 66
t 12 65 66
t 12 13 65
t 13 64 65
t 13 63 64
t 13 14 63
t 14 62 63
t 14 61 62
t 14 15 61
t 15 60 61
t 15 59 60
t 15 16 59
t 16 58 59
t 16 57 58
t 16 17 57
t 17 56 57
t 17 55 56
t 17 18 55
t 18 54 55
t 18 19 54
t 19 53 54
t 19 52 53
t 19 20 52
t 20 51 52
t 20 50 51
t 20 21 50
t 21 49 50
t 21 48 49
t 21 22 48
t 22 47 48
t 22 23 47
t 23 46 47
t 23 45 46
t 23 24 45
t 24 44 45
t 24 43 44
t 24 25 43
t 25 42 43
t 25 26 42
t 26 41 42
t 26 40 41
t 26 27 40
t 27 39 40
t 27 38 39
t 27 28 38
t 28 37 38
t 28 36 37
t 28 29 36
t 29 35 36
t 29 34 35
t 29 30 34
t 30 33 34
t 30 31 33
t 31 32 33
