type=Nurbs forward=true n_boundary=228 n_holes=0 n_interior=49 n_tris=244 label=brep47598_f2_Nurbs(deg=3/3, cps=7x8)
boundary
b 0.981818924 0.999985766
b 0.963637805 0.999986223
b 0.945456634 0.999986934
b 0.927275410 0.999987860
b 0.909094131 0.999988961
b 0.890912794 0.999990197
b 0.872731400 0.999991529
b 0.854549944 0.999992917
b 0.836368427 0.999994321
b 0.818186846 0.999995703
b 0.800005199 0.999997021
b 0.781823484 0.999998237
b 0.763641700 0.999999312
b 0.745459844 1.000000204
b 0.727277917 1.000000894
b 0.709095923 1.000001396
b 0.690913869 1.000001730
b 0.672731759 1.000001916
b 0.654549600 1.000001972
b 0.636367397 1.000001919
b 0.618185155 1.000001776
b 0.600002879 1.000001563
b 0.581820575 1.000001298
b 0.563638249 1.000001001
b 0.545455905 1.000000693
b 0.527273548 1.000000393
b 0.509091184 1.000000120
b 0.490908817 0.999999894
b 0.472726452 0.999999722
b 0.454544095 0.999999599
b 0.436361751 0.999999521
b 0.418179424 0.999999481
b 0.399997120 0.999999474
b 0.381814844 0.999999496
b 0.363632602 0.999999541
b 0.345450398 0.999999603
b 0.327268239 0.999999677
b 0.309086130 0.999999757
b 0.290904076 0.999999839
b 0.272722083 0.999999917
b 0.254540156 0.999999985
b 0.236358301 1.000000039
b 0.218176517 1.000000077
b 0.199994803 1.000000102
b 0.181813156 1.000000115
b 0.163631575 1.000000118
b 0.145450058 1.000000113
b 0.127268602 1.000000102
b 0.109087207 1.000000086
b 0.090905870 1.000000067
b 0.072724589 1.000000048
b 0.054543363 1.000000030
b 0.036362191 1.000000015
b 0.018181070 1.000000004
b 0.000000000 1.000000000
b 0.000000023 0.983050847
b 0.000000067 0.966101694
b 0.000000125 0.949152541
b 0.000000189 0.932203389
b 0.000000252 0.915254238
b 0.000000310 0.898305087
b 0.000000359 0.881355937
b 0.000000394 0.864406788
b 0.000000415 0.847457639
b 0.000000419 0.830508490
b 0.000000406 0.813559340
b 0.000000378 0.796610190
b 0.000000335 0.779661039
b 0.000000281 0.762711886
b 0.000000220 0.745762733
b 0.000000156 0.728813578
b 0.000000094 0.711864421
b 0.000000043 0.694915264
b 0.000000009 0.677966106
b 0.000000001 0.661016947
b 0.000000021 0.644067789
b 0.000000062 0.627118633
b 0.000000116 0.610169477
b 0.000000175 0.593220323
b 0.000000233 0.576271171
b 0.000000285 0.559322020
b 0.000000328 0.542372871
b 0.000000359 0.525423722
b 0.000000374 0.508474574
b 0.000000374 0.491525426
b 0.000000359 0.474576278
b 0.000000328 0.457627129
b 0.000000285 0.440677980
b 0.000000233 0.423728829
b 0.000000175 0.406779677
b 0.000000116 0.389830523
b 0.000000062 0.372881367
b 0.000000021 0.355932211
b 0.000000001 0.338983053
b 0.000000009 0.322033894
b 0.000000043 0.305084736
b 0.000000094 0.288135579
b 0.000000156 0.271186422
b 0.000000220 0.254237267
b 0.000000281 0.237288114
b 0.000000335 0.220338961
b 0.000000378 0.203389810
b 0.000000406 0.186440660
b 0.000000419 0.169491510
b 0.000000415 0.152542361
b 0.000000394 0.135593212
b 0.000000359 0.118644063
b 0.000000310 0.101694913
b 0.000000252 0.084745762
b 0.000000189 0.067796611
b 0.000000125 0.050847459
b 0.000000067 0.033898306
b 0.000000023 0.016949153
b 0.000000001 -0.000000000
b 0.018315638 0.000000000
b 0.036596989 0.000000000
b 0.054847328 0.000000000
b 0.073069981 0.000000000
b 0.091268316 0.000000000
b 0.109445738 0.000000000
b 0.127605686 0.000000000
b 0.145751626 0.000000000
b 0.163887047 0.000000000
b 0.182015455 0.000000000
b 0.200140370 0.000000000
b 0.218265320 0.000000000
b 0.236393835 0.000000000
b 0.254529435 -0.000000000
b 0.272674302 -0.000000000
b 0.290828018 -0.000000000
b 0.308989867 -0.000000000
b 0.327159130 0.000000000
b 0.345335088 0.000000000
b 0.363517021 0.000000000
b 0.381704211 0.000000000
b 0.399895942 0.000000000
b 0.418091502 0.000000000
b 0.436290180 0.000000000
b 0.454491273 0.000000000
b 0.472694082 0.000000000
b 0.490897914 0.000000000
b 0.509102086 0.000000000
b 0.527305918 0.000000000
b 0.545508727 0.000000000
b 0.563709820 0.000000000
b 0.581908498 0.000000000
b 0.600104058 0.000000000
b 0.618295789 0.000000000
b 0.636482979 0.000000000
b 0.654664912 0.000000000
b 0.672840870 0.000000000
b 0.691010133 -0.000000000
b 0.709171982 -0.000000000
b 0.727325698 -0.000000000
b 0.745470565 -0.000000000
b 0.763606165 0.000000000
b 0.781734681 0.000000000
b 0.799859630 0.000000000
b 0.817984545 0.000000000
b 0.836112953 0.000000000
b 0.854248374 0.000000000
b 0.872394315 0.000000000
b 0.890554263 0.000000000
b 0.908731685 0.000000000
b 0.926930019 0.000000000
b 0.945152672 0.000000000
b 0.963403012 0.000000000
b 0.981684363 0.000000000
b 1.000000000 -0.000000000
b 0.999999998 0.016948787
b 0.999999993 0.033897574
b 0.999999986 0.050846361
b 0.999999979 0.067795147
b 0.999999972 0.084743932
b 0.999999966 0.101692717
b 0.999999961 0.118641501
b 0.999999957 0.135590284
b 0.999999955 0.152539067
b 0.999999954 0.169487850
b 0.999999956 0.186436634
b 0.999999959 0.203385418
b 0.999999963 0.220334203
b 0.999999969 0.237282989
b 0.999999976 0.254231777
b 0.999999983 0.271180566
b 0.999999990 0.288129356
b 0.999999995 0.305078148
b 0.999999999 0.322026940
b 1.000000000 0.338975732
b 0.999999998 0.355924524
b 0.999999993 0.372873315
b 0.999999987 0.389822104
b 0.999999981 0.406770892
b 0.999999974 0.423719678
b 0.999999969 0.440668463
b 0.999999964 0.457617247
b 0.999999961 0.474566029
b 0.999999959 0.491514811
b 0.999999959 0.508463593
b 0.999999961 0.525412375
b 0.999999964 0.542361158
b 0.999999969 0.559309941
b 0.999999974 0.576258726
b 0.999999981 0.593207513
b 0.999999987 0.610156300
b 0.999999993 0.627105090
b 0.999999998 0.644053880
b 1.000000000 0.661002672
b 0.999999999 0.677951465
b 0.999999995 0.694900257
b 0.999999990 0.711849048
b 0.999999983 0.728797839
b 0.999999976 0.745746628
b 0.999999969 0.762695415
b 0.999999963 0.779644202
b 0.999999959 0.796592987
b 0.999999956 0.813541771
b 0.999999954 0.830490554
b 0.999999955 0.847439338
b 0.999999957 0.864388121
b 0.999999961 0.881336904
b 0.999999966 0.898285688
b 0.999999972 0.915234472
b 0.999999979 0.932183258
b 0.999999986 0.949132044
b 0.999999993 0.966080830
b 0.999999997 0.983029618
b 1.000000000 0.999978405
interior
i 0.875000000 0.875001726
i 0.750000000 0.875001726
i 0.875000000 0.750001479
i 0.875000000 0.625001233
i 0.875000000 0.500000986
i 0.875000000 0.375000740
i 0.875000000 0.250000493
i 0.875000000 0.125000247
i 0.750000000 0.125000247
i 0.750000000 0.250000493
i 0.625000000 0.125000247
i 0.500000000 0.125000247
i 0.375000000 0.125000247
i 0.250000000 0.125000247
i 0.125000000 0.125000247
i 0.125000000 0.250000493
i 0.125000000 0.375000740
i 0.250000000 0.250000493
i 0.375000000 0.250000493
i 0.500000000 0.250000493
i 0.625000000 0.250000493
i 0.750000000 0.375000740
i 0.625000000 0.375000740
i 0.750000000 0.500000986
i 0.750000000 0.625001233
i 0.625000000 0.500000986
i 0.500000000 0.375000740
i 0.375000000 0.375000740
i 0.250000000 0.375000740
i 0.125000000 0.500000986
i 0.250000000 0.500000986
i 0.125000000 0.625001233
i 0.125000000 0.750001479
i 0.125000000 0.875001726
i 0.250000000 0.875001726
i 0.250000000 0.750001479
i 0.250000000 0.625001233
i 0.375000000 0.500000986
i 0.500000000 0.500000986
i 0.375000000 0.625001233
i 0.375000000 0.750001479
i 0.375000000 0.875001726
i 0.500000000 0.875001726
i 0.625000000 0.875001726
i 0.500000000 0.750001479
i 0.500000000 0.625001233
i 0.625000000 0.625001233
i 0.625000000 0.750001479
i 0.750000000 0.750001479
tris
t 113 114 112
t 114 111 112
t 114 110 111
t 114 109 110
t 114 108 109
t 114 107 108
t 114 106 107
t 114 105 106
t 114 104 105
t 114 103 104
t 114 102 103
t 114 101 102
t 114 100 101
t 114 99 100
t 114 115 99
t 115 116 99
t 116 117 99
t 117 118 99
t 118 119 99
t 119 120 99
t 120 121 99
t 121 122 99
t 122 123 99
t 123 124 99
t 124 125 99
t 125 126 99
t 126 277 99
t 126 127 277
t 127 128 277
t 128 129 277
t 129 130 277
t 130 131 277
t 131 132 277
t 132 133 277
t 133 134 277
t 134 135 277
t 135 136 277
t 136 137 277
t 137 138 277
t 138 139 277
t 139 140 277
t 140 278 277
t 140 141 278
t 141 142 278
t 142 143 278
t 143 144 278
t 144 145 278
t 145 146 278
t 146 147 278
t 147 148 278
t 148 149 278
t 149 150 278
t 150 151 278
t 151 152 278
t 152 153 278
t 153 154 278
t 154 279 278
t 154 155 279
t 155 156 279
t 156 157 279
t 157 158 279
t 158 159 279
t 159 160 279
t 160 161 279
t 161 162 279
t 162 163 279
t 163 164 279
t 164 165 279
t 165 166 279
t 166 167 279
t 167 182 279
t 167 181 182
t 167 180 181
t 167 179 180
t 167 178 179
t 167 177 178
t 167 176 177
t 167 175 176
t 167 174 175
t 167 173 174
t 167 172 173
t 167 171 172
t 167 170 171
t 167 169 170
t 167 168 169
t 99 277 98
t 277 97 98
t 277 96 97
t 277 95 96
t 277 94 95
t 277 93 94
t 277 92 93
t 277 91 92
t 277 90 91
t 277 89 90
t 277 88 89
t 277 87 88
t 277 86 87
t 277 85 86
t 277 84 85
t 277 280 84
t 277 278 280
t 278 281 280
t 278 279 281
t 279 282 281
t 279 197 282
t 279 196 197
t 279 195 196
t 279 194 195
t 279 193 194
t 279 192 193
t 279 191 192
t 279 190 191
t 279 189 190
t 279 188 189
t 279 187 188
t 279 186 187
t 279 185 186
t 279 184 185
t 279 183 184
t 279 182 183
t 84 280 83
t 280 82 83
t 280 81 82
t 280 80 81
t 280 79 80
t 280 78 79
t 280 77 78
t 280 76 77
t 280 75 76
t 280 74 75
t 280 73 74
t 280 72 73
t 280 71 72
t 280 70 71
t 280 69 70
t 280 68 69
t 280 67 68
t 280 66 67
t 280 65 66
t 280 64 65
t 280 63 64
t 280 62 63
t 280 61 62
t 280 60 61
t 280 59 60
t 280 58 59
t 280 57 58
t 280 56 57
t 280 55 56
t 280 283 55
t 280 281 283
t 281 284 283
t 281 282 284
t 282 285 284
t 282 226 285
t 282 225 226
t 282 224 225
t 282 223 224
t 282 222 223
t 282 221 222
t 282 220 221
t 282 219 220
t 282 218 219
t 282 217 218
t 282 216 217
t 282 215 216
t 282 214 215
t 282 213 214
t 282 212 213
t 282 211 212
t 282 210 211
t 282 209 210
t 282 208 209
t 282 207 208
t 282 206 207
t 282 205 206
t 282 204 205
t 282 203 204
t 282 202 203
t 282 201 202
t 282 200 201
t 282 199 200
t 282 198 199
t 282 197 198
t 55 283 54
t 283 53 54
t 283 52 53
t 283 51 52
t 283 50 51
t 283 49 50
t 283 48 49
t 283 47 48
t 283 46 47
t 283 45 46
t 283 44 45
t 283 43 44
t 283 42 43
t 283 41 42
t 283 40 41
t 283 39 40
t 283 38 39
t 283 37 38
t 283 36 37
t 283 35 36
t 283 34 35
t 283 33 34
t 283 32 33
t 283 31 32
t 283 30 31
t 283 29 30
t 283 28 29
t 283 27 28
t 283 284 27
t 284 26 27
t 284 25 26
t 284 24 25
t 284 23 24
t 284 22 23
t 284 21 22
t 284 20 21
t 284 19 20
t 284 18 19
t 284 17 18
t 284 16 17
t 284 15 16
t 284 14 15
t 284 13 14
t 284 285 13
t 285 12 13
t 285 11 12
t 285 10 11
t 285 9 10
t 285 8 9
t 285 7 8
t 285 6 7
t 285 5 6
t 285 4 5
t 285 3 4
t 285 2 3
t 285 1 2
t 285 0 1
t 285 227 0
t 285 226 227
