type=Nurbs forward=false n_boundary=141 n_holes=0 n_interior=218 n_tris=503 label=brep47598_f189_Nurbs(deg=3/3, cps=4x12)
boundary
b 0.876834476 0.977442629
b 0.851485123 0.954956499
b 0.826601960 0.932546783
b 0.802156600 0.910219106
b 0.778122765 0.887979425
b 0.754475845 0.865833896
b 0.731192483 0.843788738
b 0.708250189 0.821850094
b 0.685632614 0.800024902
b 0.663339221 0.778323402
b 0.641373663 0.756757418
b 0.619740939 0.735339823
b 0.598446756 0.714084455
b 0.577496862 0.693005999
b 0.556896340 0.672119836
b 0.536648896 0.651441782
b 0.516755917 0.630981706
b 0.497218081 0.610739552
b 0.478038074 0.590715729
b 0.459220315 0.570912169
b 0.440770397 0.551332256
b 0.422694468 0.531980705
b 0.404998618 0.512863426
b 0.387688277 0.493987050
b 0.370768548 0.475350825
b 0.354245816 0.456946352
b 0.338128405 0.438766764
b 0.322426213 0.420807184
b 0.307150220 0.403064655
b 0.292311952 0.385538040
b 0.277922912 0.368227897
b 0.263993889 0.351135589
b 0.250533877 0.334254124
b 0.237552788 0.317571497
b 0.225063111 0.301077929
b 0.213079534 0.284765997
b 0.201618434 0.268630580
b 0.190697304 0.252668783
b 0.180334100 0.236879844
b 0.170544893 0.221263410
b 0.161332660 0.205807826
b 0.152697479 0.190496686
b 0.144643974 0.175315344
b 0.137181147 0.160251017
b 0.130322097 0.145292817
b 0.124083652 0.130431798
b 0.118485909 0.115661005
b 0.113547404 0.100974796
b 0.109266778 0.086366052
b 0.105638566 0.071827696
b 0.102660539 0.057353409
b 0.100333467 0.042937683
b 0.098660833 0.028575872
b 0.097648505 0.014264240
b 0.097304363 0.000000000
b 0.125296517 -0.000017461
b 0.152864845 -0.000017461
b 0.180046249 -0.000017461
b 0.206875837 -0.000017461
b 0.233387110 -0.000017461
b 0.259612138 -0.000017461
b 0.285581730 -0.000017461
b 0.311325580 -0.000017461
b 0.336872416 -0.000017461
b 0.362250129 -0.000017461
b 0.387485904 -0.000017461
b 0.412606331 -0.000017461
b 0.437637529 -0.000017461
b 0.462605247 -0.000017461
b 0.487534979 -0.000017461
b 0.512452061 -0.000017461
b 0.537381779 -0.000017461
b 0.562349471 -0.000017461
b 0.587380629 -0.000017461
b 0.612501004 -0.000017461
b 0.637736711 -0.000017461
b 0.663114345 -0.000017461
b 0.688661086 -0.000017461
b 0.714404826 -0.000017461
b 0.740374293 -0.000017461
b 0.766599182 -0.000017461
b 0.793110298 -0.000017461
b 0.819939712 -0.000017461
b 0.847120925 -0.000017461
b 0.874689043 -0.000017461
b 0.902680977 0.000000000
b 0.902679261 0.014286668
b 0.902677029 0.028619978
b 0.902675902 0.043004047
b 0.902676748 0.057443420
b 0.902679596 0.071943034
b 0.902683560 0.086508194
b 0.902686757 0.101144538
b 0.902686240 0.115857997
b 0.902680181 0.130655030
b 0.902672175 0.145542984
b 0.902665778 0.160529988
b 0.902663211 0.175624931
b 0.902665267 0.190837415
b 0.902671231 0.206177701
b 0.902678817 0.221656666
b 0.902684135 0.237285720
b 0.902684583 0.253074020
b 0.902682222 0.269026256
b 0.902679328 0.285147524
b 0.902677644 0.301443940
b 0.902678233 0.317922660
b 0.902681348 0.334591896
b 0.902686314 0.351460924
b 0.902691443 0.368539965
b 0.902695004 0.385835163
b 0.902696620 0.403346993
b 0.902696516 0.421076432
b 0.902695240 0.439025488
b 0.902693483 0.457197281
b 0.902691898 0.475596114
b 0.902690939 0.494227544
b 0.902690647 0.513098024
b 0.902689786 0.532207608
b 0.902687134 0.551550531
b 0.902682624 0.571121594
b 0.902677112 0.590916518
b 0.902672098 0.610932061
b 0.902669454 0.631166124
b 0.902671166 0.651617846
b 0.902678606 0.672286640
b 0.902688638 0.693162642
b 0.902697291 0.714230470
b 0.902702578 0.735475079
b 0.902704082 0.756881991
b 0.902702504 0.778437441
b 0.902699204 0.800128506
b 0.902695757 0.821943216
b 0.902693295 0.843871117
b 0.902691306 0.865905114
b 0.902689197 0.888039087
b 0.902686869 0.910266936
b 0.902684546 0.932582658
b 0.902682597 0.954980422
b 0.902681361 0.977454633
b 0.902680977 1.000000000
interior
i 0.197979328 0.124984721
i 0.298654293 0.124984721
i 0.399329257 0.124984721
i 0.500004222 0.124984721
i 0.600679187 0.124984721
i 0.701354152 0.124984721
i 0.802029117 0.124984721
i 0.197979328 0.249986904
i 0.298654293 0.249986904
i 0.399329257 0.249986904
i 0.500004222 0.249986904
i 0.600679187 0.249986904
i 0.701354152 0.249986904
i 0.802029117 0.249986904
i 0.298654293 0.374989087
i 0.399329257 0.374989087
i 0.500004222 0.374989087
i 0.600679187 0.374989087
i 0.701354152 0.374989087
i 0.802029117 0.374989087
i 0.399329257 0.499991269
i 0.500004222 0.499991269
i 0.600679187 0.499991269
i 0.701354152 0.499991269
i 0.802029117 0.499991269
i 0.600679187 0.624993452
i 0.701354152 0.624993452
i 0.802029117 0.624993452
i 0.701354152 0.749995635
i 0.802029117 0.749995635
i 0.802029117 0.874997817
i 0.147641845 0.062483630
i 0.122473104 0.031233084
i 0.172810586 0.031233084
i 0.122473104 0.093734176
i 0.172810586 0.093734176
i 0.248316810 0.062483630
i 0.223148069 0.031233084
i 0.273485551 0.031233084
i 0.223148069 0.093734176
i 0.273485551 0.093734176
i 0.248316810 0.187485813
i 0.223148069 0.156235267
i 0.273485551 0.156235267
i 0.223148069 0.218736358
i 0.273485551 0.218736358
i 0.248316810 0.312487995
i 0.223148069 0.281237450
i 0.273485551 0.281237450
i 0.273485551 0.343738541
i 0.348991775 0.062483630
i 0.323823034 0.031233084
i 0.374160516 0.031233084
i 0.323823034 0.093734176
i 0.374160516 0.093734176
i 0.348991775 0.187485813
i 0.323823034 0.156235267
i 0.374160516 0.156235267
i 0.323823034 0.218736358
i 0.374160516 0.218736358
i 0.348991775 0.312487995
i 0.323823034 0.281237450
i 0.374160516 0.281237450
i 0.323823034 0.343738541
i 0.374160516 0.343738541
i 0.348991775 0.437490178
i 0.323823034 0.406239632
i 0.374160516 0.406239632
i 0.374160516 0.468740724
i 0.449666740 0.062483630
i 0.424497999 0.031233084
i 0.474835481 0.031233084
i 0.424497999 0.093734176
i 0.474835481 0.093734176
i 0.449666740 0.187485813
i 0.424497999 0.156235267
i 0.474835481 0.156235267
i 0.424497999 0.218736358
i 0.474835481 0.218736358
i 0.449666740 0.312487995
i 0.424497999 0.281237450
i 0.474835481 0.281237450
i 0.424497999 0.343738541
i 0.474835481 0.343738541
i 0.449666740 0.437490178
i 0.424497999 0.406239632
i 0.474835481 0.406239632
i 0.424497999 0.468740724
i 0.474835481 0.468740724
i 0.550341705 0.062483630
i 0.525172964 0.031233084
i 0.575510446 0.031233084
i 0.525172964 0.093734176
i 0.575510446 0.093734176
i 0.550341705 0.187485813
i 0.525172964 0.156235267
i 0.575510446 0.156235267
i 0.525172964 0.218736358
i 0.575510446 0.218736358
i 0.550341705 0.312487995
i 0.525172964 0.281237450
i 0.575510446 0.281237450
i 0.525172964 0.343738541
i 0.575510446 0.343738541
i 0.550341705 0.437490178
i 0.525172964 0.406239632
i 0.575510446 0.406239632
i 0.525172964 0.468740724
i 0.575510446 0.468740724
i 0.550341705 0.562492361
i 0.525172964 0.531241815
i 0.575510446 0.531241815
i 0.525172964 0.593742906
i 0.575510446 0.593742906
i 0.651016670 0.062483630
i 0.625847929 0.031233084
i 0.676185411 0.031233084
i 0.625847929 0.093734176
i 0.676185411 0.093734176
i 0.651016670 0.187485813
i 0.625847929 0.156235267
i 0.676185411 0.156235267
i 0.625847929 0.218736358
i 0.676185411 0.218736358
i 0.651016670 0.312487995
i 0.625847929 0.281237450
i 0.676185411 0.281237450
i 0.625847929 0.343738541
i 0.676185411 0.343738541
i 0.651016670 0.437490178
i 0.625847929 0.406239632
i 0.676185411 0.406239632
i 0.625847929 0.468740724
i 0.676185411 0.468740724
i 0.651016670 0.562492361
i 0.625847929 0.531241815
i 0.676185411 0.531241815
i 0.625847929 0.593742906
i 0.676185411 0.593742906
i 0.651016670 0.687494543
i 0.625847929 0.656243998
i 0.676185411 0.656243998
i 0.625847929 0.718745089
i 0.676185411 0.718745089
i 0.751691635 0.062483630
i 0.726522894 0.031233084
i 0.776860376 0.031233084
i 0.726522894 0.093734176
i 0.776860376 0.093734176
i 0.751691635 0.187485813
i 0.726522894 0.156235267
i 0.776860376 0.156235267
i 0.726522894 0.218736358
i 0.776860376 0.218736358
i 0.751691635 0.312487995
i 0.726522894 0.281237450
i 0.776860376 0.281237450
i 0.726522894 0.343738541
i 0.776860376 0.343738541
i 0.751691635 0.437490178
i 0.726522894 0.406239632
i 0.776860376 0.406239632
i 0.726522894 0.468740724
i 0.776860376 0.468740724
i 0.751691635 0.562492361
i 0.726522894 0.531241815
i 0.776860376 0.531241815
i 0.726522894 0.593742906
i 0.776860376 0.593742906
i 0.751691635 0.687494543
i 0.726522894 0.656243998
i 0.776860376 0.656243998
i 0.726522894 0.718745089
i 0.776860376 0.718745089
i 0.751691635 0.812496726
i 0.726522894 0.781246180
i 0.776860376 0.781246180
i 0.726522894 0.843747272
i 0.776860376 0.843747272
i 0.852366600 0.062483630
i 0.827197859 0.031233084
i 0.877535341 0.031233084
i 0.827197859 0.093734176
i 0.877535341 0.093734176
i 0.852366600 0.187485813
i 0.827197859 0.156235267
i 0.877535341 0.156235267
i 0.827197859 0.218736358
i 0.877535341 0.218736358
i 0.852366600 0.312487995
i 0.827197859 0.281237450
i 0.877535341 0.281237450
i 0.827197859 0.343738541
i 0.877535341 0.343738541
i 0.852366600 0.437490178
i 0.827197859 0.406239632
i 0.877535341 0.406239632
i 0.827197859 0.468740724
i 0.877535341 0.468740724
i 0.852366600 0.562492361
i 0.827197859 0.531241815
i 0.877535341 0.531241815
i 0.827197859 0.593742906
i 0.877535341 0.593742906
i 0.852366600 0.687494543
i 0.827197859 0.656243998
i 0.877535341 0.656243998
i 0.827197859 0.718745089
i 0.877535341 0.718745089
i 0.852366600 0.812496726
i 0.827197859 0.781246180
i 0.877535341 0.781246180
i 0.827197859 0.843747272
i 0.877535341 0.843747272
i 0.852366600 0.937498909
i 0.827197859 0.906248363
i 0.877535341 0.906248363
i 0.877535341 0.968749454
tris
t 55 53 54
t 55 52 53
t 55 51 52
t 55 50 51
t 55 49 50
t 55 48 49
t 55 47 48
t 55 46 47
t 55 45 46
t 55 44 45
t 55 43 44
t 55 42 43
t 55 41 42
t 55 40 41
t 55 39 40
t 55 38 39
t 84 85 86
t 84 86 87
t 84 87 88
t 84 88 89
t 84 89 90
t 84 90 91
t 84 91 92
t 84 92 93
t 84 93 94
t 84 94 95
t 84 95 96
t 84 96 97
t 84 97 98
t 84 98 99
t 84 99 100
t 84 100 101
t 55 56 38
t 56 57 38
t 57 359 38
t 57 360 359
t 57 58 360
t 58 361 360
t 58 362 361
t 58 363 362
t 58 59 363
t 59 364 363
t 59 365 364
t 59 366 365
t 59 60 366
t 60 367 366
t 60 368 367
t 60 369 368
t 60 61 369
t 61 370 369
t 61 371 370
t 61 372 371
t 61 62 372
t 62 373 372
t 62 374 373
t 62 63 374
t 63 375 374
t 63 376 375
t 63 377 376
t 63 64 377
t 64 378 377
t 64 379 378
t 64 65 379
t 65 380 379
t 65 381 380
t 65 382 381
t 65 66 382
t 66 383 382
t 66 384 383
t 66 67 384
t 67 385 384
t 67 386 385
t 67 387 386
t 67 68 387
t 68 388 387
t 68 389 388
t 68 69 389
t 69 390 389
t 69 391 390
t 69 70 391
t 70 392 391
t 70 393 392
t 70 394 393
t 70 71 394
t 71 395 394
t 71 396 395
t 71 72 396
t 72 397 396
t 72 398 397
t 72 73 398
t 73 399 398
t 73 400 399
t 73 74 400
t 74 401 400
t 74 402 401
t 74 75 402
t 75 403 402
t 75 404 403
t 75 76 404
t 76 405 404
t 76 406 405
t 76 407 406
t 76 77 407
t 77 408 407
t 77 409 408
t 77 78 409
t 78 410 409
t 78 411 410
t 78 79 411
t 79 412 411
t 79 413 412
t 79 80 413
t 80 414 413
t 80 415 414
t 80 81 415
t 81 416 415
t 81 417 416
t 81 82 417
t 82 418 417
t 82 419 418
t 82 83 419
t 83 420 419
t 83 421 420
t 83 84 421
t 84 422 421
t 84 423 422
t 84 424 423
t 84 425 424
t 84 426 425
t 84 427 426
t 84 428 427
t 84 429 428
t 84 430 429
t 84 431 430
t 84 432 431
t 84 433 432
t 84 434 433
t 84 435 434
t 84 101 435
t 38 36 37
t 38 35 36
t 38 34 35
t 38 33 34
t 38 32 33
t 38 31 32
t 38 30 31
t 38 29 30
t 38 28 29
t 38 27 28
t 38 26 27
t 38 25 26
t 38 24 25
t 38 23 24
t 101 102 103
t 101 103 104
t 101 104 105
t 101 105 106
t 101 106 107
t 101 107 108
t 101 108 109
t 101 109 110
t 101 110 111
t 101 111 112
t 101 112 113
t 101 113 114
t 101 114 115
t 101 115 116
t 38 359 23
t 359 360 23
t 360 361 23
t 361 362 23
t 362 363 23
t 363 364 23
t 364 365 23
t 365 366 23
t 366 367 23
t 367 368 23
t 368 369 23
t 369 370 23
t 370 371 23
t 371 372 23
t 372 373 23
t 373 374 23
t 374 375 23
t 375 376 23
t 376 377 23
t 377 378 23
t 378 379 23
t 379 380 23
t 380 381 23
t 381 382 23
t 382 436 23
t 382 383 436
t 383 437 436
t 383 384 437
t 384 438 437
t 384 385 438
t 385 439 438
t 385 386 439
t 386 440 439
t 386 387 440
t 387 441 440
t 387 388 441
t 388 442 441
t 388 389 442
t 389 443 442
t 389 390 443
t 390 444 443
t 390 391 444
t 391 445 444
t 391 392 445
t 392 446 445
t 392 393 446
t 393 447 446
t 393 394 447
t 394 448 447
t 394 395 448
t 395 449 448
t 395 396 449
t 396 450 449
t 396 397 450
t 397 451 450
t 397 398 451
t 398 452 451
t 398 399 452
t 399 453 452
t 399 400 453
t 400 454 453
t 400 401 454
t 401 455 454
t 401 402 455
t 402 456 455
t 402 403 456
t 403 457 456
t 403 404 457
t 404 458 457
t 404 405 458
t 405 459 458
t 405 406 459
t 406 460 459
t 406 407 460
t 407 461 460
t 407 408 461
t 408 462 461
t 408 409 462
t 409 463 462
t 409 410 463
t 410 464 463
t 410 411 464
t 411 465 464
t 411 412 465
t 412 466 465
t 412 413 466
t 413 467 466
t 413 414 467
t 414 468 467
t 414 415 468
t 415 469 468
t 415 416 469
t 416 470 469
t 416 417 470
t 417 471 470
t 417 418 471
t 418 472 471
t 418 419 472
t 419 473 472
t 419 420 473
t 420 474 473
t 420 421 474
t 421 475 474
t 421 422 475
t 422 476 475
t 422 423 476
t 423 477 476
t 423 424 477
t 424 478 477
t 424 425 478
t 425 479 478
t 425 426 479
t 426 480 479
t 426 427 480
t 427 481 480
t 427 428 481
t 428 482 481
t 428 429 482
t 429 483 482
t 429 430 483
t 430 484 483
t 430 431 484
t 431 485 484
t 431 432 485
t 432 486 485
t 432 433 486
t 433 487 486
t 433 434 487
t 434 488 487
t 434 435 488
t 435 489 488
t 435 490 489
t 435 101 490
t 101 491 490
t 101 492 491
t 101 493 492
t 101 494 493
t 101 495 494
t 101 116 495
t 23 21 22
t 23 20 21
t 23 19 20
t 23 18 19
t 23 17 18
t 23 16 17
t 23 15 16
t 23 14 15
t 23 13 14
t 23 12 13
t 23 11 12
t 116 117 118
t 116 118 119
t 116 119 120
t 116 120 121
t 116 121 122
t 116 122 123
t 116 123 124
t 116 124 125
t 116 125 126
t 116 126 127
t 116 127 128
t 23 436 11
t 436 437 11
t 437 438 11
t 438 439 11
t 439 440 11
t 440 441 11
t 441 442 11
t 442 443 11
t 443 444 11
t 444 445 11
t 445 446 11
t 446 447 11
t 447 448 11
t 448 449 11
t 449 450 11
t 450 451 11
t 451 452 11
t 452 453 11
t 453 454 11
t 454 455 11
t 455 456 11
t 456 457 11
t 457 496 11
t 457 458 496
t 458 497 496
t 458 459 497
t 459 498 497
t 459 460 498
t 460 499 498
t 460 461 499
t 461 500 499
t 461 462 500
t 462 501 500
t 462 463 501
t 463 502 501
t 463 464 502
t 464 503 502
t 464 465 503
t 465 504 503
t 465 466 504
t 466 505 504
t 466 467 505
t 467 506 505
t 467 468 506
t 468 507 506
t 468 469 507
t 469 508 507
t 469 470 508
t 470 509 508
t 470 471 509
t 471 510 509
t 471 472 510
t 472 511 510
t 472 473 511
t 473 512 511
t 473 474 512
t 474 513 512
t 474 475 513
t 475 514 513
t 475 476 514
t 476 515 514
t 476 477 515
t 477 516 515
t 477 478 516
t 478 517 516
t 478 479 517
t 479 518 517
t 479 480 518
t 480 519 518
t 480 481 519
t 481 520 519
t 481 482 520
t 482 521 520
t 482 483 521
t 483 522 521
t 483 484 522
t 484 523 522
t 484 485 523
t 485 524 523
t 485 486 524
t 486 525 524
t 486 487 525
t 487 526 525
t 487 488 526
t 488 527 526
t 488 489 527
t 489 528 527
t 489 490 528
t 490 529 528
t 490 491 529
t 491 530 529
t 491 492 530
t 492 531 530
t 492 493 531
t 493 532 531
t 493 494 532
t 494 533 532
t 494 495 533
t 495 534 533
t 495 535 534
t 495 116 535
t 116 536 535
t 116 537 536
t 116 538 537
t 116 539 538
t 116 540 539
t 116 128 540
t 11 9 10
t 11 8 9
t 11 7 8
t 11 6 7
t 11 5 6
t 11 4 5
t 11 3 4
t 11 2 3
t 11 1 2
t 11 0 1
t 11 140 0
t 128 129 130
t 128 130 131
t 128 131 132
t 128 132 133
t 128 133 134
t 128 134 135
t 128 135 136
t 128 136 137
t 128 137 138
t 128 138 139
t 128 139 140
t 11 496 140
t 496 497 140
t 497 498 140
t 498 499 140
t 499 500 140
t 500 501 140
t 501 502 140
t 502 503 140
t 503 504 140
t 504 505 140
t 505 506 140
t 506 507 140
t 507 508 140
t 508 509 140
t 509 510 140
t 510 511 140
t 511 512 140
t 512 513 140
t 513 514 140
t 514 515 140
t 515 516 140
t 516 517 140
t 517 518 140
t 518 519 140
t 519 520 140
t 520 521 140
t 521 522 140
t 522 523 140
t 523 524 140
t 524 525 140
t 525 526 140
t 526 527 140
t 527 528 140
t 528 529 140
t 529 530 140
t 530 531 140
t 531 532 140
t 532 533 140
t 533 534 140
t 534 535 140
t 535 536 140
t 536 537 140
t 537 538 140
t 538 539 140
t 539 540 140
t 540 128 140
