type=Nurbs forward=false n_boundary=172 n_holes=0 n_interior=241 n_tris=344 label=brep47598_f121_Nurbs(deg=3/3, cps=4x8)
boundary
b 0.043188203 1.000000000
b 0.043347147 0.981751502
b 0.043503184 0.963505241
b 0.043656312 0.945261086
b 0.043806530 0.927018904
b 0.043953838 0.908778565
b 0.044098234 0.890539937
b 0.044239718 0.872302887
b 0.044378290 0.854067284
b 0.044513950 0.835832995
b 0.044646697 0.817599887
b 0.044776531 0.799367829
b 0.044903454 0.781136688
b 0.045027466 0.762906330
b 0.045148568 0.744676623
b 0.045266761 0.726447435
b 0.045382046 0.708218632
b 0.045494425 0.689990081
b 0.045603899 0.671761650
b 0.045710470 0.653533232
b 0.045814143 0.635305023
b 0.045914920 0.617077412
b 0.046012807 0.598850795
b 0.046107804 0.580625569
b 0.046199915 0.562402130
b 0.046289141 0.544180878
b 0.046375481 0.525962212
b 0.046458937 0.507746533
b 0.046539506 0.489534241
b 0.046617188 0.471325738
b 0.046691979 0.453121428
b 0.046763878 0.434921711
b 0.046832879 0.416726993
b 0.046898978 0.398537677
b 0.046962170 0.380354167
b 0.047022448 0.362176866
b 0.047079806 0.344006179
b 0.047134235 0.325842507
b 0.047185731 0.307686047
b 0.047234290 0.289536684
b 0.047279910 0.271394276
b 0.047322591 0.253258680
b 0.047362330 0.235129759
b 0.047399126 0.217007373
b 0.047432980 0.198891386
b 0.047463888 0.180781662
b 0.047491853 0.162678066
b 0.047516872 0.144580465
b 0.047538946 0.126488729
b 0.047558075 0.108402726
b 0.047574259 0.090322328
b 0.047587500 0.072247407
b 0.047597797 0.054177838
b 0.047605152 0.036113495
b 0.047609565 0.018054257
b 0.047611038 0.000000000
b 0.079176955 0.000000000
b 0.110267371 0.000000000
b 0.140923809 0.000000000
b 0.171185770 0.000000000
b 0.201090954 0.000000000
b 0.230675462 0.000000000
b 0.259973979 0.000000000
b 0.289019947 0.000000000
b 0.317845727 0.000000000
b 0.346482746 0.000000000
b 0.374961640 0.000000000
b 0.403312389 0.000000000
b 0.431564442 0.000000000
b 0.459746846 0.000000000
b 0.487888364 0.000000000
b 0.516017592 0.000000000
b 0.544163075 0.000000000
b 0.572353425 0.000000000
b 0.600617437 0.000000000
b 0.628984206 0.000000000
b 0.657483250 0.000000000
b 0.686144629 0.000000000
b 0.714999083 0.000000000
b 0.744078160 0.000000000
b 0.773414359 0.000000000
b 0.803041288 0.000000000
b 0.832993817 0.000000000
b 0.863308257 0.000000000
b 0.894022546 0.000000000
b 0.925176452 0.000000000
b 0.956811797 0.000000000
b 0.956812083 0.018085511
b 0.956812838 0.036167278
b 0.956813919 0.054246226
b 0.956815197 0.072323282
b 0.956816554 0.090399374
b 0.956817889 0.108475438
b 0.956819110 0.126552407
b 0.956820140 0.144631220
b 0.956820917 0.162712818
b 0.956821390 0.180798143
b 0.956821521 0.198888139
b 0.956821288 0.216983754
b 0.956820679 0.235085934
b 0.956819697 0.253195628
b 0.956818359 0.271313786
b 0.956816693 0.289441360
b 0.956814742 0.307579300
b 0.956812563 0.325728559
b 0.956810226 0.343889994
b 0.956807837 0.362063355
b 0.956805504 0.380247675
b 0.956803325 0.398441976
b 0.956801383 0.416645277
b 0.956799747 0.434856594
b 0.956798472 0.453074945
b 0.956797601 0.471299347
b 0.956797159 0.489528816
b 0.956797162 0.507762367
b 0.956797608 0.525999017
b 0.956798484 0.544237783
b 0.956799761 0.562477683
b 0.956801399 0.580717735
b 0.956803341 0.598956960
b 0.956805518 0.617194379
b 0.956807847 0.635429016
b 0.956810231 0.653659897
b 0.956812560 0.671886061
b 0.956814731 0.690107255
b 0.956816673 0.708324321
b 0.956818331 0.726538194
b 0.956819663 0.744749810
b 0.956820640 0.762960107
b 0.956821246 0.781170021
b 0.956821478 0.799380490
b 0.956821347 0.817592451
b 0.956820876 0.835806843
b 0.956820103 0.854024601
b 0.956819078 0.872246662
b 0.956817863 0.890473962
b 0.956816534 0.908707435
b 0.956815183 0.926948014
b 0.956813911 0.945196631
b 0.956812834 0.963454216
b 0.956812082 0.981721697
b 0.956811797 1.000000000
b 0.925035876 1.000000000
b 0.893745523 1.000000000
b 0.862898367 1.000000000
b 0.832454126 1.000000000
b 0.802374376 1.000000000
b 0.772622347 1.000000000
b 0.743162731 1.000000000
b 0.713961503 1.000000000
b 0.684985759 1.000000000
b 0.656203558 1.000000000
b 0.627583780 1.000000000
b 0.599095984 1.000000000
b 0.570710280 1.000000000
b 0.542397201 1.000000000
b 0.514127579 1.000000000
b 0.485872421 1.000000000
b 0.457602799 1.000000000
b 0.429289720 1.000000000
b 0.400904016 1.000000000
b 0.372416220 1.000000000
b 0.343796442 1.000000000
b 0.315014241 1.000000000
b 0.286038497 1.000000000
b 0.256837269 1.000000000
b 0.227377653 1.000000000
b 0.197625624 1.000000000
b 0.167545874 1.000000000
b 0.137101633 1.000000000
b 0.106254477 1.000000000
b 0.074964124 1.000000000
interior
i 0.157392368 0.125000000
i 0.271596532 0.125000000
i 0.385800697 0.125000000
i 0.500004862 0.125000000
i 0.614209027 0.125000000
i 0.728413192 0.125000000
i 0.842617357 0.125000000
i 0.157392368 0.250000000
i 0.271596532 0.250000000
i 0.385800697 0.250000000
i 0.500004862 0.250000000
i 0.614209027 0.250000000
i 0.728413192 0.250000000
i 0.842617357 0.250000000
i 0.157392368 0.375000000
i 0.271596532 0.375000000
i 0.385800697 0.375000000
i 0.500004862 0.375000000
i 0.614209027 0.375000000
i 0.728413192 0.375000000
i 0.842617357 0.375000000
i 0.157392368 0.500000000
i 0.271596532 0.500000000
i 0.385800697 0.500000000
i 0.500004862 0.500000000
i 0.614209027 0.500000000
i 0.728413192 0.500000000
i 0.842617357 0.500000000
i 0.157392368 0.625000000
i 0.271596532 0.625000000
i 0.385800697 0.625000000
i 0.500004862 0.625000000
i 0.614209027 0.625000000
i 0.728413192 0.625000000
i 0.842617357 0.625000000
i 0.157392368 0.750000000
i 0.271596532 0.750000000
i 0.385800697 0.750000000
i 0.500004862 0.750000000
i 0.614209027 0.750000000
i 0.728413192 0.750000000
i 0.842617357 0.750000000
i 0.157392368 0.875000000
i 0.271596532 0.875000000
i 0.385800697 0.875000000
i 0.500004862 0.875000000
i 0.614209027 0.875000000
i 0.728413192 0.875000000
i 0.842617357 0.875000000
i 0.100290285 0.062500000
i 0.100290285 0.187500000
i 0.100290285 0.312500000
i 0.100290285 0.437500000
i 0.100290285 0.562500000
i 0.100290285 0.687500000
i 0.071739244 0.656250000
i 0.128841326 0.656250000
i 0.071739244 0.718750000
i 0.128841326 0.718750000
i 0.100290285 0.812500000
i 0.071739244 0.781250000
i 0.128841326 0.781250000
i 0.071739244 0.843750000
i 0.128841326 0.843750000
i 0.100290285 0.937500000
i 0.214494450 0.062500000
i 0.214494450 0.187500000
i 0.185943409 0.156250000
i 0.243045491 0.156250000
i 0.185943409 0.218750000
i 0.243045491 0.218750000
i 0.214494450 0.312500000
i 0.185943409 0.281250000
i 0.243045491 0.281250000
i 0.185943409 0.343750000
i 0.243045491 0.343750000
i 0.214494450 0.437500000
i 0.185943409 0.406250000
i 0.243045491 0.406250000
i 0.185943409 0.468750000
i 0.243045491 0.468750000
i 0.214494450 0.562500000
i 0.185943409 0.531250000
i 0.243045491 0.531250000
i 0.185943409 0.593750000
i 0.243045491 0.593750000
i 0.214494450 0.687500000
i 0.185943409 0.656250000
i 0.243045491 0.656250000
i 0.185943409 0.718750000
i 0.243045491 0.718750000
i 0.214494450 0.812500000
i 0.185943409 0.781250000
i 0.243045491 0.781250000
i 0.185943409 0.843750000
i 0.243045491 0.843750000
i 0.214494450 0.937500000
i 0.328698615 0.062500000
i 0.300147574 0.031250000
i 0.357249656 0.031250000
i 0.300147574 0.093750000
i 0.357249656 0.093750000
i 0.328698615 0.187500000
i 0.300147574 0.156250000
i 0.357249656 0.156250000
i 0.300147574 0.218750000
i 0.357249656 0.218750000
i 0.328698615 0.312500000
i 0.300147574 0.281250000
i 0.357249656 0.281250000
i 0.300147574 0.343750000
i 0.357249656 0.343750000
i 0.328698615 0.437500000
i 0.300147574 0.406250000
i 0.357249656 0.406250000
i 0.300147574 0.468750000
i 0.357249656 0.468750000
i 0.328698615 0.562500000
i 0.300147574 0.531250000
i 0.357249656 0.531250000
i 0.300147574 0.593750000
i 0.357249656 0.593750000
i 0.328698615 0.687500000
i 0.300147574 0.656250000
i 0.357249656 0.656250000
i 0.300147574 0.718750000
i 0.357249656 0.718750000
i 0.328698615 0.812500000
i 0.300147574 0.781250000
i 0.357249656 0.781250000
i 0.300147574 0.843750000
i 0.357249656 0.843750000
i 0.328698615 0.937500000
i 0.300147574 0.906250000
i 0.357249656 0.906250000
i 0.300147574 0.968750000
i 0.357249656 0.968750000
i 0.442902780 0.062500000
i 0.442902780 0.187500000
i 0.414351738 0.156250000
i 0.471453821 0.156250000
i 0.414351738 0.218750000
i 0.471453821 0.218750000
i 0.442902780 0.312500000
i 0.414351738 0.281250000
i 0.471453821 0.281250000
i 0.414351738 0.343750000
i 0.471453821 0.343750000
i 0.442902780 0.437500000
i 0.442902780 0.562500000
i 0.414351738 0.531250000
i 0.471453821 0.531250000
i 0.414351738 0.593750000
i 0.471453821 0.593750000
i 0.442902780 0.687500000
i 0.414351738 0.656250000
i 0.471453821 0.656250000
i 0.414351738 0.718750000
i 0.471453821 0.718750000
i 0.442902780 0.812500000
i 0.414351738 0.781250000
i 0.471453821 0.781250000
i 0.414351738 0.843750000
i 0.471453821 0.843750000
i 0.442902780 0.937500000
i 0.414351738 0.906250000
i 0.471453821 0.906250000
i 0.414351738 0.968750000
i 0.471453821 0.968750000
i 0.557106945 0.062500000
i 0.528555903 0.031250000
i 0.585657986 0.031250000
i 0.528555903 0.093750000
i 0.585657986 0.093750000
i 0.557106945 0.187500000
i 0.528555903 0.156250000
i 0.585657986 0.156250000
i 0.528555903 0.218750000
i 0.585657986 0.218750000
i 0.557106945 0.312500000
i 0.528555903 0.281250000
i 0.585657986 0.281250000
i 0.528555903 0.343750000
i 0.585657986 0.343750000
i 0.557106945 0.437500000
i 0.528555903 0.406250000
i 0.585657986 0.406250000
i 0.528555903 0.468750000
i 0.585657986 0.468750000
i 0.557106945 0.562500000
i 0.528555903 0.531250000
i 0.585657986 0.531250000
i 0.528555903 0.593750000
i 0.585657986 0.593750000
i 0.557106945 0.687500000
i 0.528555903 0.656250000
i 0.585657986 0.656250000
i 0.528555903 0.718750000
i 0.585657986 0.718750000
i 0.557106945 0.812500000
i 0.528555903 0.781250000
i 0.585657986 0.781250000
i 0.528555903 0.843750000
i 0.585657986 0.843750000
i 0.557106945 0.937500000
i 0.528555903 0.906250000
i 0.585657986 0.906250000
i 0.528555903 0.968750000
i 0.585657986 0.968750000
i 0.671311109 0.062500000
i 0.671311109 0.187500000
i 0.671311109 0.312500000
i 0.671311109 0.437500000
i 0.671311109 0.562500000
i 0.671311109 0.687500000
i 0.671311109 0.812500000
i 0.671311109 0.937500000
i 0.785515274 0.062500000
i 0.785515274 0.187500000
i 0.785515274 0.312500000
i 0.785515274 0.437500000
i 0.785515274 0.562500000
i 0.785515274 0.687500000
i 0.785515274 0.812500000
i 0.785515274 0.937500000
i 0.899719439 0.062500000
i 0.871168398 0.031250000
i 0.928270480 0.031250000
i 0.871168398 0.093750000
i 0.928270480 0.093750000
i 0.899719439 0.187500000
i 0.899719439 0.312500000
i 0.899719439 0.437500000
i 0.899719439 0.562500000
i 0.899719439 0.687500000
i 0.871168398 0.656250000
i 0.928270480 0.656250000
i 0.871168398 0.718750000
i 0.928270480 0.718750000
i 0.899719439 0.812500000
i 0.899719439 0.937500000
tris
t 55 53 54
t 55 52 53
t 55 51 52
t 55 50 51
t 55 49 50
t 55 48 49
t 55 47 48
t 55 46 47
t 55 45 46
t 55 44 45
t 55 43 44
t 55 42 43
t 55 41 42
t 55 40 41
t 55 39 40
t 55 38 39
t 55 37 38
t 55 36 37
t 55 35 36
t 55 34 35
t 55 33 34
t 55 32 33
t 55 31 32
t 55 30 31
t 55 29 30
t 55 28 29
t 86 87 88
t 86 88 89
t 86 89 90
t 86 90 91
t 86 91 92
t 86 92 93
t 86 93 94
t 86 94 95
t 86 95 96
t 86 96 97
t 86 97 98
t 86 98 99
t 86 99 100
t 86 100 101
t 86 101 102
t 86 102 103
t 86 103 104
t 86 104 105
t 86 105 106
t 86 106 107
t 86 107 108
t 86 108 109
t 86 109 110
t 86 110 111
t 86 111 112
t 86 112 113
t 55 413 28
t 55 414 413
t 55 415 414
t 55 416 415
t 55 417 416
t 55 418 417
t 55 419 418
t 55 420 419
t 55 421 420
t 55 422 421
t 55 423 422
t 55 424 423
t 55 425 424
t 55 426 425
t 55 427 426
t 55 428 427
t 55 429 428
t 55 430 429
t 55 431 430
t 55 432 431
t 55 433 432
t 55 434 433
t 55 435 434
t 55 436 435
t 55 437 436
t 55 438 437
t 55 439 438
t 55 440 439
t 55 56 440
t 56 441 440
t 56 442 441
t 56 57 442
t 57 443 442
t 57 444 443
t 57 58 444
t 58 445 444
t 58 446 445
t 58 59 446
t 59 447 446
t 59 448 447
t 59 60 448
t 60 449 448
t 60 450 449
t 60 61 450
t 61 451 450
t 61 452 451
t 61 62 452
t 62 453 452
t 62 454 453
t 62 63 454
t 63 455 454
t 63 456 455
t 63 64 456
t 64 457 456
t 64 458 457
t 64 65 458
t 65 459 458
t 65 460 459
t 65 66 460
t 66 461 460
t 66 462 461
t 66 67 462
t 67 463 462
t 67 464 463
t 67 68 464
t 68 465 464
t 68 466 465
t 68 69 466
t 69 467 466
t 69 468 467
t 69 70 468
t 70 469 468
t 70 470 469
t 70 71 470
t 71 471 470
t 71 472 471
t 71 72 472
t 72 473 472
t 72 474 473
t 72 73 474
t 73 475 474
t 73 476 475
t 73 74 476
t 74 477 476
t 74 478 477
t 74 75 478
t 75 479 478
t 75 480 479
t 75 76 480
t 76 481 480
t 76 482 481
t 76 77 482
t 77 483 482
t 77 484 483
t 77 78 484
t 78 485 484
t 78 486 485
t 78 79 486
t 79 487 486
t 79 488 487
t 79 80 488
t 80 489 488
t 80 490 489
t 80 81 490
t 81 491 490
t 81 492 491
t 81 82 492
t 82 493 492
t 82 494 493
t 82 83 494
t 83 495 494
t 83 496 495
t 83 84 496
t 84 497 496
t 84 498 497
t 84 85 498
t 85 499 498
t 85 113 499
t 85 86 113
t 28 26 27
t 28 25 26
t 28 24 25
t 28 23 24
t 28 22 23
t 28 21 22
t 28 20 21
t 28 19 20
t 28 18 19
t 28 17 18
t 28 16 17
t 28 15 16
t 28 14 15
t 28 13 14
t 28 12 13
t 28 11 12
t 28 10 11
t 28 9 10
t 28 8 9
t 28 7 8
t 28 6 7
t 28 5 6
t 28 4 5
t 28 3 4
t 28 2 3
t 28 1 2
t 28 0 1
t 113 114 115
t 113 115 116
t 113 116 117
t 113 117 118
t 113 118 119
t 113 119 120
t 113 120 121
t 113 121 122
t 113 122 123
t 113 123 124
t 113 124 125
t 113 125 126
t 113 126 127
t 113 127 128
t 113 128 129
t 113 129 130
t 113 130 131
t 113 131 132
t 113 132 133
t 113 133 134
t 113 134 135
t 113 135 136
t 113 136 137
t 113 137 138
t 113 138 139
t 113 139 140
t 113 140 141
t 28 413 0
t 413 414 0
t 414 415 0
t 415 416 0
t 416 417 0
t 417 418 0
t 418 419 0
t 419 420 0
t 420 421 0
t 421 422 0
t 422 423 0
t 423 424 0
t 424 425 0
t 425 426 0
t 426 427 0
t 427 428 0
t 428 429 0
t 429 430 0
t 430 431 0
t 431 432 0
t 432 433 0
t 433 434 0
t 434 435 0
t 435 436 0
t 436 437 0
t 437 438 0
t 438 439 0
t 439 440 0
t 440 171 0
t 440 441 171
t 441 442 171
t 442 170 171
t 442 443 170
t 443 444 170
t 444 169 170
t 444 445 169
t 445 446 169
t 446 168 169
t 446 447 168
t 447 448 168
t 448 167 168
t 448 449 167
t 449 450 167
t 450 166 167
t 450 451 166
t 451 452 166
t 452 165 166
t 452 453 165
t 453 454 165
t 454 164 165
t 454 455 164
t 455 456 164
t 456 163 164
t 456 457 163
t 457 458 163
t 458 162 163
t 458 459 162
t 459 460 162
t 460 161 162
t 460 461 161
t 461 462 161
t 462 160 161
t 462 463 160
t 463 464 160
t 464 159 160
t 464 465 159
t 465 466 159
t 466 158 159
t 466 467 158
t 467 468 158
t 468 157 158
t 468 469 157
t 469 470 157
t 470 156 157
t 470 471 156
t 471 472 156
t 472 155 156
t 472 473 155
t 473 474 155
t 474 154 155
t 474 475 154
t 475 476 154
t 476 153 154
t 476 477 153
t 477 478 153
t 478 152 153
t 478 479 152
t 479 480 152
t 480 151 152
t 480 481 151
t 481 482 151
t 482 150 151
t 482 483 150
t 483 484 150
t 484 149 150
t 484 485 149
t 485 486 149
t 486 148 149
t 486 487 148
t 487 488 148
t 488 147 148
t 488 489 147
t 489 490 147
t 490 146 147
t 490 491 146
t 491 492 146
t 492 145 146
t 492 493 145
t 493 494 145
t 494 144 145
t 494 495 144
t 495 496 144
t 496 143 144
t 496 497 143
t 497 498 143
t 498 142 143
t 498 499 142
t 499 113 142
t 113 141 142
