type=Nurbs forward=true n_boundary=196 n_holes=0 n_interior=234 n_tris=384 label=brep47598_f193_Nurbs(deg=3/3, cps=4x7)
boundary
b 0.845283066 0.851099427
b 0.832604896 0.851142416
b 0.819938866 0.851189910
b 0.807284532 0.851241899
b 0.794641450 0.851298374
b 0.782009180 0.851359324
b 0.769387283 0.851424741
b 0.756775324 0.851494616
b 0.744172868 0.851568938
b 0.731579481 0.851647700
b 0.718994731 0.851730893
b 0.706418187 0.851818506
b 0.693849418 0.851910531
b 0.681287991 0.852006959
b 0.668733477 0.852107781
b 0.656185443 0.852212989
b 0.643643456 0.852322573
b 0.631107084 0.852436526
b 0.618575891 0.852554837
b 0.606049440 0.852677498
b 0.593527302 0.852804500
b 0.581009053 0.852935832
b 0.568494274 0.853071482
b 0.555982545 0.853211440
b 0.543473451 0.853355694
b 0.530966577 0.853504236
b 0.518461511 0.853657052
b 0.505957840 0.853814134
b 0.493455153 0.853975471
b 0.480953041 0.854141051
b 0.468451092 0.854310865
b 0.455948897 0.854484902
b 0.443446045 0.854663152
b 0.430942124 0.854845604
b 0.418436722 0.855032249
b 0.405929426 0.855223075
b 0.393419820 0.855418074
b 0.380907487 0.855617233
b 0.368391999 0.855820544
b 0.355872917 0.856027992
b 0.343349800 0.856239566
b 0.330822207 0.856455253
b 0.318289697 0.856675040
b 0.305751830 0.856898914
b 0.293208164 0.857126865
b 0.280658256 0.857358878
b 0.268101663 0.857594942
b 0.255537938 0.857835044
b 0.242966634 0.858079173
b 0.230387303 0.858327315
b 0.217799490 0.858579459
b 0.205202743 0.858835592
b 0.192596602 0.859095703
b 0.179980606 0.859359780
b 0.167354291 0.859627810
b 0.154717186 0.859899781
b 0.154717244 0.844635047
b 0.154717395 0.829356294
b 0.154717611 0.814063300
b 0.154717865 0.798755844
b 0.154718136 0.783433703
b 0.154718403 0.768096654
b 0.154718648 0.752744474
b 0.154718854 0.737376939
b 0.154719009 0.721993827
b 0.154719100 0.706594912
b 0.154719118 0.691179970
b 0.154719056 0.675748777
b 0.154718908 0.660301108
b 0.154718680 0.644836748
b 0.154718382 0.629355483
b 0.154718024 0.613857101
b 0.154717619 0.598341390
b 0.154717177 0.582808134
b 0.154716713 0.567257165
b 0.154716249 0.551688808
b 0.154715811 0.536103710
b 0.154715421 0.520502524
b 0.154715095 0.504885902
b 0.154714844 0.489254496
b 0.154714675 0.473608958
b 0.154714592 0.457949939
b 0.154714594 0.442278092
b 0.154714676 0.426594067
b 0.154714832 0.410898517
b 0.154715052 0.395192092
b 0.154715325 0.379475442
b 0.154715635 0.363749219
b 0.154715968 0.348014072
b 0.154716304 0.332270652
b 0.154716631 0.316519606
b 0.154716935 0.300761578
b 0.154717205 0.284997206
b 0.154717431 0.269226807
b 0.154717614 0.253450203
b 0.154717754 0.237667174
b 0.154717854 0.221877498
b 0.154717917 0.206080953
b 0.154717946 0.190277319
b 0.154717945 0.174466374
b 0.154717918 0.158647896
b 0.154717870 0.142821663
b 0.154717807 0.126987454
b 0.154717734 0.111145047
b 0.154717655 0.095294220
b 0.154717576 0.079434751
b 0.154717502 0.063566418
b 0.154717437 0.047688999
b 0.154717387 0.031802271
b 0.154717354 0.015906012
b 0.154717343 0.000000000
b 0.161023487 0.000000000
b 0.167326712 0.000000000
b 0.173627072 0.000000000
b 0.179924623 0.000000000
b 0.186219421 0.000000000
b 0.192511520 0.000000000
b 0.198800977 0.000000000
b 0.205087845 0.000000000
b 0.211372181 0.000000000
b 0.217654039 0.000000000
b 0.223933474 0.000000000
b 0.230210540 0.000000000
b 0.236485294 0.000000000
b 0.242757788 0.000000000
b 0.249028078 0.000000000
b 0.255296218 0.000000000
b 0.261562263 0.000000000
b 0.267826267 0.000000000
b 0.274088284 0.000000000
b 0.280348368 0.000000000
b 0.286606574 0.000000000
b 0.292862955 0.000000000
b 0.299117566 0.000000000
b 0.305370460 0.000000000
b 0.311621692 0.000000000
b 0.317871315 0.000000000
b 0.324119383 0.000000000
b 0.330365950 0.000000000
b 0.336611068 0.000000000
b 0.342854793 0.000000000
b 0.349097178 0.000000000
b 0.358197839 0.015738111
b 0.367291865 0.031466764
b 0.376379614 0.047186179
b 0.385461440 0.062896580
b 0.394537700 0.078598187
b 0.403608749 0.094291222
b 0.412674942 0.109975908
b 0.421736632 0.125652465
b 0.430794175 0.141321116
b 0.439847923 0.156982081
b 0.448898230 0.172635583
b 0.457945446 0.188281842
b 0.466989924 0.203921080
b 0.476032015 0.219553518
b 0.485072068 0.235179377
b 0.494110431 0.250798879
b 0.503147455 0.266412244
b 0.512183484 0.282019694
b 0.521218842 0.297621407
b 0.530253552 0.313217065
b 0.539287452 0.328806031
b 0.548320374 0.344387661
b 0.557352148 0.359961310
b 0.566382602 0.375526328
b 0.575411562 0.391082065
b 0.584438856 0.406627871
b 0.593464313 0.422163095
b 0.602487761 0.437687085
b 0.611509033 0.453199192
b 0.620527961 0.468698763
b 0.629544380 0.484185149
b 0.638558127 0.499657696
b 0.647569041 0.515115754
b 0.656576965 0.530558671
b 0.665581742 0.545985795
b 0.674583222 0.561396475
b 0.683581259 0.576790063
b 0.692575891 0.592166235
b 0.701567433 0.607525160
b 0.710556227 0.622867053
b 0.719542611 0.638192127
b 0.728526924 0.653500596
b 0.737509504 0.668792672
b 0.746490687 0.684068570
b 0.755470800 0.699328510
b 0.764450165 0.714572717
b 0.773429104 0.729801414
b 0.782407934 0.745014825
b 0.791386972 0.760213174
b 0.800366534 0.775396683
b 0.809346931 0.790565576
b 0.818328475 0.805720075
b 0.827311475 0.820860401
b 0.836296237 0.835986778
interior
i 0.241035651 0.107487473
i 0.327356711 0.107487473
i 0.241035651 0.214974945
i 0.327356711 0.214974945
i 0.413677770 0.214974945
i 0.241035651 0.322462418
i 0.327356711 0.322462418
i 0.413677770 0.322462418
i 0.499998829 0.322462418
i 0.241035651 0.429949890
i 0.327356711 0.429949890
i 0.413677770 0.429949890
i 0.499998829 0.429949890
i 0.586319888 0.429949890
i 0.241035651 0.537437363
i 0.327356711 0.537437363
i 0.413677770 0.537437363
i 0.499998829 0.537437363
i 0.586319888 0.537437363
i 0.241035651 0.644924836
i 0.327356711 0.644924836
i 0.413677770 0.644924836
i 0.499998829 0.644924836
i 0.586319888 0.644924836
i 0.672640948 0.644924836
i 0.241035651 0.752412308
i 0.327356711 0.752412308
i 0.413677770 0.752412308
i 0.499998829 0.752412308
i 0.586319888 0.752412308
i 0.672640948 0.752412308
i 0.758962007 0.752412308
i 0.197875122 0.053743736
i 0.176294857 0.026871868
i 0.219455387 0.026871868
i 0.176294857 0.080615604
i 0.219455387 0.080615604
i 0.197875122 0.161231209
i 0.176294857 0.134359341
i 0.219455387 0.134359341
i 0.176294857 0.188103077
i 0.219455387 0.188103077
i 0.197875122 0.268718681
i 0.176294857 0.241846813
i 0.219455387 0.241846813
i 0.176294857 0.295590550
i 0.219455387 0.295590550
i 0.197875122 0.376206154
i 0.176294857 0.349334286
i 0.219455387 0.349334286
i 0.176294857 0.403078022
i 0.219455387 0.403078022
i 0.197875122 0.483693627
i 0.176294857 0.456821759
i 0.219455387 0.456821759
i 0.176294857 0.510565495
i 0.219455387 0.510565495
i 0.197875122 0.591181099
i 0.176294857 0.564309231
i 0.219455387 0.564309231
i 0.176294857 0.618052967
i 0.219455387 0.618052967
i 0.197875122 0.698668572
i 0.176294857 0.671796704
i 0.219455387 0.671796704
i 0.176294857 0.725540440
i 0.219455387 0.725540440
i 0.197875122 0.806156044
i 0.176294857 0.779284176
i 0.219455387 0.779284176
i 0.176294857 0.833027913
i 0.219455387 0.833027913
i 0.284196181 0.053743736
i 0.262615916 0.026871868
i 0.305776446 0.026871868
i 0.262615916 0.080615604
i 0.305776446 0.080615604
i 0.284196181 0.161231209
i 0.262615916 0.134359341
i 0.305776446 0.134359341
i 0.262615916 0.188103077
i 0.305776446 0.188103077
i 0.284196181 0.268718681
i 0.262615916 0.241846813
i 0.305776446 0.241846813
i 0.262615916 0.295590550
i 0.305776446 0.295590550
i 0.284196181 0.376206154
i 0.262615916 0.349334286
i 0.305776446 0.349334286
i 0.262615916 0.403078022
i 0.305776446 0.403078022
i 0.284196181 0.483693627
i 0.262615916 0.456821759
i 0.305776446 0.456821759
i 0.262615916 0.510565495
i 0.305776446 0.510565495
i 0.284196181 0.591181099
i 0.262615916 0.564309231
i 0.305776446 0.564309231
i 0.262615916 0.618052967
i 0.305776446 0.618052967
i 0.284196181 0.698668572
i 0.262615916 0.671796704
i 0.305776446 0.671796704
i 0.262615916 0.725540440
i 0.305776446 0.725540440
i 0.284196181 0.806156044
i 0.262615916 0.779284176
i 0.305776446 0.779284176
i 0.262615916 0.833027913
i 0.305776446 0.833027913
i 0.370517240 0.053743736
i 0.348936975 0.026871868
i 0.348936975 0.080615604
i 0.392097505 0.080615604
i 0.370517240 0.161231209
i 0.348936975 0.134359341
i 0.392097505 0.134359341
i 0.348936975 0.188103077
i 0.392097505 0.188103077
i 0.370517240 0.268718681
i 0.348936975 0.241846813
i 0.392097505 0.241846813
i 0.348936975 0.295590550
i 0.392097505 0.295590550
i 0.370517240 0.376206154
i 0.348936975 0.349334286
i 0.392097505 0.349334286
i 0.348936975 0.403078022
i 0.392097505 0.403078022
i 0.370517240 0.483693627
i 0.348936975 0.456821759
i 0.392097505 0.456821759
i 0.348936975 0.510565495
i 0.392097505 0.510565495
i 0.370517240 0.591181099
i 0.348936975 0.564309231
i 0.392097505 0.564309231
i 0.348936975 0.618052967
i 0.392097505 0.618052967
i 0.370517240 0.698668572
i 0.348936975 0.671796704
i 0.392097505 0.671796704
i 0.348936975 0.725540440
i 0.392097505 0.725540440
i 0.370517240 0.806156044
i 0.348936975 0.779284176
i 0.392097505 0.779284176
i 0.348936975 0.833027913
i 0.392097505 0.833027913
i 0.456838300 0.268718681
i 0.435258035 0.241846813
i 0.478418564 0.241846813
i 0.435258035 0.295590550
i 0.478418564 0.295590550
i 0.456838300 0.376206154
i 0.435258035 0.349334286
i 0.478418564 0.349334286
i 0.435258035 0.403078022
i 0.478418564 0.403078022
i 0.456838300 0.483693627
i 0.435258035 0.456821759
i 0.478418564 0.456821759
i 0.435258035 0.510565495
i 0.478418564 0.510565495
i 0.456838300 0.591181099
i 0.435258035 0.564309231
i 0.478418564 0.564309231
i 0.435258035 0.618052967
i 0.478418564 0.618052967
i 0.456838300 0.698668572
i 0.435258035 0.671796704
i 0.478418564 0.671796704
i 0.435258035 0.725540440
i 0.478418564 0.725540440
i 0.456838300 0.806156044
i 0.435258035 0.779284176
i 0.478418564 0.779284176
i 0.435258035 0.833027913
i 0.478418564 0.833027913
i 0.543159359 0.376206154
i 0.521579094 0.349334286
i 0.521579094 0.403078022
i 0.564739624 0.403078022
i 0.543159359 0.483693627
i 0.521579094 0.456821759
i 0.564739624 0.456821759
i 0.521579094 0.510565495
i 0.564739624 0.510565495
i 0.543159359 0.591181099
i 0.521579094 0.564309231
i 0.564739624 0.564309231
i 0.521579094 0.618052967
i 0.564739624 0.618052967
i 0.543159359 0.698668572
i 0.521579094 0.671796704
i 0.564739624 0.671796704
i 0.521579094 0.725540440
i 0.564739624 0.725540440
i 0.543159359 0.806156044
i 0.521579094 0.779284176
i 0.564739624 0.779284176
i 0.521579094 0.833027913
i 0.564739624 0.833027913
i 0.629480418 0.591181099
i 0.607900153 0.564309231
i 0.651060683 0.564309231
i 0.607900153 0.618052967
i 0.651060683 0.618052967
i 0.629480418 0.698668572
i 0.607900153 0.671796704
i 0.651060683 0.671796704
i 0.607900153 0.725540440
i 0.651060683 0.725540440
i 0.629480418 0.806156044
i 0.607900153 0.779284176
i 0.651060683 0.779284176
i 0.607900153 0.833027913
i 0.651060683 0.833027913
i 0.715801477 0.698668572
i 0.694221212 0.671796704
i 0.737381742 0.671796704
i 0.694221212 0.725540440
i 0.737381742 0.725540440
i 0.715801477 0.806156044
i 0.694221212 0.779284176
i 0.737381742 0.779284176
i 0.694221212 0.833027913
i 0.737381742 0.833027913
i 0.802122537 0.806156044
i 0.780542272 0.779284176
i 0.780542272 0.833027913
i 0.823702801 0.833027913
tris
t 110 108 109
t 110 107 108
t 110 106 107
t 110 105 106
t 110 104 105
t 110 103 104
t 110 102 103
t 110 101 102
t 110 100 101
t 110 99 100
t 110 98 99
t 110 97 98
t 110 96 97
t 110 95 96
t 110 94 95
t 110 93 94
t 110 92 93
t 110 91 92
t 110 90 91
t 110 89 90
t 110 88 89
t 110 87 88
t 110 86 87
t 110 85 86
t 110 84 85
t 110 83 84
t 141 142 143
t 141 143 144
t 141 144 145
t 141 145 146
t 141 146 147
t 141 147 148
t 141 148 149
t 141 149 150
t 141 150 151
t 141 151 152
t 141 152 153
t 141 153 154
t 141 154 155
t 141 155 156
t 141 156 157
t 141 157 158
t 141 158 159
t 141 159 160
t 141 160 161
t 141 161 162
t 141 162 163
t 141 163 164
t 141 164 165
t 141 165 166
t 141 166 167
t 141 167 168
t 110 430 83
t 110 431 430
t 110 432 431
t 110 433 432
t 110 111 433
t 111 434 433
t 111 112 434
t 112 435 434
t 112 436 435
t 112 113 436
t 113 437 436
t 113 114 437
t 114 438 437
t 114 439 438
t 114 115 439
t 115 440 439
t 115 116 440
t 116 441 440
t 116 442 441
t 116 117 442
t 117 443 442
t 117 118 443
t 118 444 443
t 118 445 444
t 118 119 445
t 119 446 445
t 119 120 446
t 120 447 446
t 120 448 447
t 120 121 448
t 121 449 448
t 121 122 449
t 122 450 449
t 122 451 450
t 122 123 451
t 123 452 451
t 123 124 452
t 124 453 452
t 124 454 453
t 124 125 454
t 125 455 454
t 125 126 455
t 126 456 455
t 126 457 456
t 126 127 457
t 127 458 457
t 127 128 458
t 128 459 458
t 128 460 459
t 128 129 460
t 129 461 460
t 129 130 461
t 130 462 461
t 130 463 462
t 130 131 463
t 131 464 463
t 131 132 464
t 132 465 464
t 132 466 465
t 132 133 466
t 133 467 466
t 133 134 467
t 134 468 467
t 134 469 468
t 134 135 469
t 135 470 469
t 135 136 470
t 136 471 470
t 136 472 471
t 136 137 472
t 137 473 472
t 137 138 473
t 138 474 473
t 138 475 474
t 138 139 475
t 139 476 475
t 139 140 476
t 140 477 476
t 140 478 477
t 140 141 478
t 141 479 478
t 141 480 479
t 141 481 480
t 141 482 481
t 141 483 482
t 141 484 483
t 141 485 484
t 141 486 485
t 141 487 486
t 141 488 487
t 141 489 488
t 141 490 489
t 141 491 490
t 141 492 491
t 141 493 492
t 141 494 493
t 141 495 494
t 141 496 495
t 141 497 496
t 141 498 497
t 141 499 498
t 141 500 499
t 141 501 500
t 141 502 501
t 141 503 502
t 141 504 503
t 141 505 504
t 141 506 505
t 141 507 506
t 141 508 507
t 141 509 508
t 141 510 509
t 141 511 510
t 141 512 511
t 141 513 512
t 141 514 513
t 141 515 514
t 141 516 515
t 141 517 516
t 141 518 517
t 141 519 518
t 141 520 519
t 141 521 520
t 141 522 521
t 141 523 522
t 141 524 523
t 141 168 524
t 83 81 82
t 83 80 81
t 83 79 80
t 83 78 79
t 83 77 78
t 83 76 77
t 83 75 76
t 83 74 75
t 83 73 74
t 83 72 73
t 83 71 72
t 83 70 71
t 83 69 70
t 83 68 69
t 83 67 68
t 83 66 67
t 83 65 66
t 83 64 65
t 83 63 64
t 83 62 63
t 83 61 62
t 83 60 61
t 83 59 60
t 83 58 59
t 83 57 58
t 83 56 57
t 83 55 56
t 168 169 170
t 168 170 171
t 168 171 172
t 168 172 173
t 168 173 174
t 168 174 175
t 168 175 176
t 168 176 177
t 168 177 178
t 168 178 179
t 168 179 180
t 168 180 181
t 168 181 182
t 168 182 183
t 168 183 184
t 168 184 185
t 168 185 186
t 168 186 187
t 168 187 188
t 168 188 189
t 168 189 190
t 168 190 191
t 168 191 192
t 168 192 193
t 168 193 194
t 168 194 195
t 168 195 0
t 168 0 1
t 168 1 2
t 168 2 3
t 168 3 4
t 168 4 5
t 168 5 6
t 168 6 7
t 168 7 8
t 168 8 9
t 168 9 10
t 168 10 11
t 168 11 12
t 168 12 13
t 168 13 14
t 168 14 15
t 168 15 16
t 168 16 17
t 168 17 18
t 168 18 19
t 168 19 20
t 168 20 21
t 168 21 22
t 168 22 23
t 168 23 24
t 168 24 25
t 168 25 26
t 168 26 27
t 168 27 28
t 168 28 29
t 168 29 30
t 168 30 31
t 168 31 32
t 168 32 33
t 168 33 34
t 168 34 35
t 168 35 36
t 168 36 37
t 168 37 38
t 168 38 39
t 168 39 40
t 168 40 41
t 168 41 42
t 168 42 43
t 168 43 44
t 168 44 45
t 168 45 46
t 168 46 47
t 168 47 48
t 168 48 49
t 168 49 50
t 168 50 51
t 168 51 52
t 168 52 53
t 168 53 54
t 168 54 55
t 83 430 55
t 430 431 55
t 431 432 55
t 432 433 55
t 433 434 55
t 434 435 55
t 435 436 55
t 436 437 55
t 437 438 55
t 438 439 55
t 439 440 55
t 440 441 55
t 441 442 55
t 442 443 55
t 443 444 55
t 444 445 55
t 445 446 55
t 446 447 55
t 447 448 55
t 448 449 55
t 449 450 55
t 450 451 55
t 451 452 55
t 452 453 55
t 453 454 55
t 454 455 55
t 455 456 55
t 456 457 55
t 457 458 55
t 458 459 55
t 459 460 55
t 460 461 55
t 461 462 55
t 462 463 55
t 463 464 55
t 464 465 55
t 465 466 55
t 466 467 55
t 467 468 55
t 468 469 55
t 469 470 55
t 470 471 55
t 471 472 55
t 472 473 55
t 473 474 55
t 474 475 55
t 475 476 55
t 476 477 55
t 477 478 55
t 478 479 55
t 479 480 55
t 480 481 55
t 481 482 55
t 482 483 55
t 483 484 55
t 484 485 55
t 485 486 55
t 486 487 55
t 487 488 55
t 488 489 55
t 489 490 55
t 490 491 55
t 491 492 55
t 492 493 55
t 493 494 55
t 494 495 55
t 495 496 55
t 496 497 55
t 497 498 55
t 498 499 55
t 499 500 55
t 500 501 55
t 501 502 55
t 502 503 55
t 503 504 55
t 504 505 55
t 505 506 55
t 506 507 55
t 507 508 55
t 508 509 55
t 509 510 55
t 510 511 55
t 511 512 55
t 512 513 55
t 513 514 55
t 514 515 55
t 515 516 55
t 516 517 55
t 517 518 55
t 518 519 55
t 519 520 55
t 520 521 55
t 521 522 55
t 522 523 55
t 523 524 55
t 524 168 55
