type=Nurbs forward=true n_boundary=220 n_holes=0 n_interior=113 n_tris=224 label=brep62542_f256_Nurbs(deg=3/3, cps=6x6)
boundary
b 0.987079235 0.997377111
b 0.969362170 0.997377161
b 0.951645101 0.997377212
b 0.933928029 0.997377263
b 0.916210954 0.997377313
b 0.898493876 0.997377364
b 0.880776795 0.997377414
b 0.863059710 0.997377465
b 0.845342623 0.997377515
b 0.827625533 0.997377564
b 0.809908439 0.997377614
b 0.792191343 0.997377664
b 0.774474244 0.997377713
b 0.756757141 0.997377762
b 0.739040036 0.997377811
b 0.721322928 0.997377860
b 0.703605817 0.997377908
b 0.685888704 0.997377956
b 0.668171587 0.997378004
b 0.650454467 0.997378051
b 0.632737345 0.997378099
b 0.615020220 0.997378145
b 0.597303091 0.997378192
b 0.579585960 0.997378238
b 0.561868827 0.997378284
b 0.544151690 0.997378329
b 0.526434550 0.997378374
b 0.508717408 0.997378418
b 0.491000263 0.997378463
b 0.473283115 0.997378506
b 0.455565965 0.997378549
b 0.437848812 0.997378592
b 0.420131657 0.997378634
b 0.402414499 0.997378675
b 0.384697340 0.997378716
b 0.366980177 0.997378757
b 0.349263013 0.997378797
b 0.331545846 0.997378836
b 0.313828677 0.997378874
b 0.296111506 0.997378912
b 0.278394333 0.997378950
b 0.260677158 0.997378986
b 0.242959980 0.997379022
b 0.225242800 0.997379057
b 0.207525618 0.997379091
b 0.189808434 0.997379125
b 0.172091248 0.997379158
b 0.154374059 0.997379189
b 0.136656869 0.997379221
b 0.118939676 0.997379251
b 0.101222482 0.997379280
b 0.083505285 0.997379309
b 0.065788086 0.997379336
b 0.048070885 0.997379363
b 0.030353682 0.997379388
b 0.030418010 0.987684637
b 0.030478413 0.977836047
b 0.030535109 0.967829228
b 0.030588325 0.957659690
b 0.030638295 0.947322855
b 0.030685264 0.936814066
b 0.030729483 0.926128607
b 0.030771215 0.915261723
b 0.030810729 0.904208646
b 0.030848304 0.892964627
b 0.030884228 0.881524971
b 0.030918796 0.869885083
b 0.030952311 0.858040524
b 0.030985081 0.845987067
b 0.031017419 0.833720773
b 0.031049644 0.821238067
b 0.031082075 0.808535840
b 0.031115028 0.795611545
b 0.031148817 0.782463233
b 0.031183742 0.769088745
b 0.031220088 0.755486124
b 0.031258132 0.741654361
b 0.031298134 0.727593561
b 0.031340334 0.713305103
b 0.031384945 0.698791796
b 0.031432147 0.684058040
b 0.031482077 0.669109966
b 0.031534828 0.653955561
b 0.031590435 0.638604763
b 0.031648876 0.623069527
b 0.031710058 0.607363830
b 0.031773820 0.591503638
b 0.031839923 0.575506811
b 0.031908053 0.559392950
b 0.031977817 0.543183177
b 0.032048752 0.526899879
b 0.032120322 0.510566405
b 0.032191918 0.494207112
b 0.032262964 0.477826056
b 0.032333029 0.461395434
b 0.032401736 0.444884048
b 0.032468750 0.428259156
b 0.032533770 0.411485774
b 0.032596527 0.394525831
b 0.032656781 0.377337139
b 0.032714320 0.359872078
b 0.032768956 0.342075872
b 0.032820525 0.323884263
b 0.032868886 0.305220274
b 0.032913926 0.285989552
b 0.032955554 0.266073425
b 0.032993714 0.245318109
b 0.033028382 0.223517030
b 0.033059584 0.200379992
b 0.033087413 0.175474722
b 0.050731403 0.173848324
b 0.068373520 0.172375232
b 0.086013853 0.171050254
b 0.103652492 0.169867852
b 0.121289523 0.168822169
b 0.138925032 0.167907041
b 0.156559104 0.167116027
b 0.174191823 0.166442434
b 0.191823273 0.165879343
b 0.209453536 0.165419640
b 0.227082696 0.165056044
b 0.244710836 0.164781136
b 0.262338039 0.164587388
b 0.279964390 0.164467190
b 0.297589975 0.164412876
b 0.315214880 0.164416749
b 0.332839196 0.164471103
b 0.350463013 0.164568243
b 0.368086428 0.164700793
b 0.385709571 0.164864781
b 0.403332578 0.165058383
b 0.420955564 0.165279771
b 0.438578628 0.165527067
b 0.456201847 0.165798351
b 0.473825278 0.166091658
b 0.491448960 0.166404979
b 0.509072909 0.166736240
b 0.526697100 0.167082897
b 0.544321487 0.167442004
b 0.561946033 0.167810658
b 0.579570714 0.168186012
b 0.597195516 0.168565286
b 0.614820438 0.168945765
b 0.632445490 0.169324803
b 0.650070695 0.169699823
b 0.667696087 0.170068321
b 0.685321713 0.170427904
b 0.702947610 0.170778570
b 0.720573787 0.171123921
b 0.738200250 0.171467825
b 0.755827009 0.171814108
b 0.773454072 0.172166543
b 0.791081452 0.172528857
b 0.808709159 0.172904723
b 0.826337207 0.173297758
b 0.843965606 0.173711519
b 0.861594371 0.174149501
b 0.879223511 0.174615131
b 0.896853039 0.175111763
b 0.914482965 0.175642675
b 0.932113296 0.176211063
b 0.949744041 0.176820036
b 0.967375204 0.177472612
b 0.985006789 0.178171713
b 1.002638794 0.178920157
b 1.002715651 0.203751929
b 1.002791632 0.226853741
b 1.002866751 0.248643967
b 1.002941014 0.269405216
b 1.003014415 0.289339602
b 1.003086941 0.308598157
b 1.003158576 0.327297788
b 1.003229297 0.345531693
b 1.003299075 0.363376089
b 1.003367879 0.380894731
b 1.003435670 0.398142073
b 1.003502408 0.415165542
b 1.003568042 0.432007225
b 1.003632522 0.448705162
b 1.003695786 0.465294364
b 1.003757767 0.481807644
b 1.003818391 0.498276317
b 1.003877568 0.514724015
b 1.003935178 0.531136828
b 1.003991102 0.547488760
b 1.004045234 0.563754874
b 1.004097483 0.579911589
b 1.004147773 0.595936973
b 1.004196045 0.611810984
b 1.004242252 0.627515628
b 1.004286366 0.643035063
b 1.004328371 0.658355631
b 1.004368264 0.673465832
b 1.004406054 0.688356261
b 1.004441759 0.703019492
b 1.004475408 0.717449949
b 1.004507038 0.731643748
b 1.004536688 0.745598532
b 1.004564407 0.759313307
b 1.004590246 0.772788267
b 1.004614258 0.786024644
b 1.004636498 0.799024549
b 1.004657025 0.811790780
b 1.004675894 0.824326672
b 1.004693165 0.836636063
b 1.004708894 0.848723202
b 1.004723138 0.860592658
b 1.004735953 0.872249243
b 1.004747392 0.883697942
b 1.004757508 0.894943858
b 1.004766352 0.905992158
b 1.004773974 0.916848037
b 1.004780422 0.927516680
b 1.004785741 0.938003232
b 1.004789975 0.948312780
b 1.004793167 0.958450327
b 1.004795357 0.968420785
b 1.004796584 0.978228955
b 1.004796886 0.987879525
b 1.004796297 0.997377060
interior
i 0.152159083 0.268533690
i 0.273964483 0.268533690
i 0.395769884 0.268533690
i 0.517575284 0.268533690
i 0.639380685 0.268533690
i 0.761186085 0.268533690
i 0.882991486 0.268533690
i 0.152159083 0.372654504
i 0.273964483 0.372654504
i 0.395769884 0.372654504
i 0.517575284 0.372654504
i 0.639380685 0.372654504
i 0.761186085 0.372654504
i 0.882991486 0.372654504
i 0.152159083 0.476775318
i 0.273964483 0.476775318
i 0.395769884 0.476775318
i 0.517575284 0.476775318
i 0.639380685 0.476775318
i 0.761186085 0.476775318
i 0.882991486 0.476775318
i 0.152159083 0.580896132
i 0.273964483 0.580896132
i 0.395769884 0.580896132
i 0.517575284 0.580896132
i 0.639380685 0.580896132
i 0.761186085 0.580896132
i 0.882991486 0.580896132
i 0.152159083 0.685016946
i 0.273964483 0.685016946
i 0.395769884 0.685016946
i 0.517575284 0.685016946
i 0.639380685 0.685016946
i 0.761186085 0.685016946
i 0.882991486 0.685016946
i 0.152159083 0.789137760
i 0.273964483 0.789137760
i 0.395769884 0.789137760
i 0.517575284 0.789137760
i 0.639380685 0.789137760
i 0.761186085 0.789137760
i 0.882991486 0.789137760
i 0.152159083 0.893258574
i 0.273964483 0.893258574
i 0.395769884 0.893258574
i 0.517575284 0.893258574
i 0.639380685 0.893258574
i 0.761186085 0.893258574
i 0.882991486 0.893258574
i 0.091256382 0.216473283
i 0.091256382 0.320594097
i 0.091256382 0.424714911
i 0.091256382 0.528835725
i 0.091256382 0.632956539
i 0.091256382 0.737077353
i 0.091256382 0.841198167
i 0.091256382 0.945318981
i 0.213061783 0.216473283
i 0.213061783 0.320594097
i 0.213061783 0.424714911
i 0.213061783 0.528835725
i 0.213061783 0.632956539
i 0.213061783 0.737077353
i 0.213061783 0.841198167
i 0.213061783 0.945318981
i 0.334867183 0.216473283
i 0.334867183 0.320594097
i 0.334867183 0.424714911
i 0.334867183 0.528835725
i 0.334867183 0.632956539
i 0.334867183 0.737077353
i 0.334867183 0.841198167
i 0.334867183 0.945318981
i 0.456672584 0.216473283
i 0.456672584 0.320594097
i 0.456672584 0.424714911
i 0.456672584 0.528835725
i 0.456672584 0.632956539
i 0.456672584 0.737077353
i 0.456672584 0.841198167
i 0.456672584 0.945318981
i 0.578477984 0.216473283
i 0.578477984 0.320594097
i 0.578477984 0.424714911
i 0.578477984 0.528835725
i 0.578477984 0.632956539
i 0.578477984 0.737077353
i 0.578477984 0.841198167
i 0.578477984 0.945318981
i 0.700283385 0.216473283
i 0.700283385 0.320594097
i 0.700283385 0.424714911
i 0.700283385 0.528835725
i 0.700283385 0.632956539
i 0.700283385 0.737077353
i 0.700283385 0.841198167
i 0.700283385 0.945318981
i 0.822088785 0.216473283
i 0.822088785 0.320594097
i 0.822088785 0.424714911
i 0.822088785 0.528835725
i 0.822088785 0.632956539
i 0.822088785 0.737077353
i 0.822088785 0.841198167
i 0.822088785 0.945318981
i 0.943894186 0.216473283
i 0.943894186 0.320594097
i 0.943894186 0.424714911
i 0.943894186 0.528835725
i 0.943894186 0.632956539
i 0.943894186 0.737077353
i 0.943894186 0.841198167
i 0.943894186 0.945318981
tris
t 109 110 108
t 110 107 108
t 110 106 107
t 110 105 106
t 110 104 105
t 110 103 104
t 110 102 103
t 110 101 102
t 110 100 101
t 110 99 100
t 110 98 99
t 110 97 98
t 110 96 97
t 110 95 96
t 110 94 95
t 110 93 94
t 110 92 93
t 110 91 92
t 110 90 91
t 110 89 90
t 110 88 89
t 110 87 88
t 110 86 87
t 110 85 86
t 110 84 85
t 110 83 84
t 110 82 83
t 110 81 82
t 110 80 81
t 110 79 80
t 110 78 79
t 110 77 78
t 110 76 77
t 110 75 76
t 110 74 75
t 110 73 74
t 110 72 73
t 110 71 72
t 110 70 71
t 110 69 70
t 110 68 69
t 110 67 68
t 110 66 67
t 110 65 66
t 110 64 65
t 110 63 64
t 110 62 63
t 110 61 62
t 110 60 61
t 110 59 60
t 110 58 59
t 110 57 58
t 110 56 57
t 110 55 56
t 110 111 55
t 111 112 55
t 112 113 55
t 113 114 55
t 114 115 55
t 115 116 55
t 116 117 55
t 117 118 55
t 118 119 55
t 119 120 55
t 120 121 55
t 121 122 55
t 122 333 55
t 122 123 333
t 123 124 333
t 124 125 333
t 125 126 333
t 126 127 333
t 127 128 333
t 128 129 333
t 129 130 333
t 130 131 333
t 131 132 333
t 132 133 333
t 133 134 333
t 134 135 333
t 135 136 333
t 136 334 333
t 136 137 334
t 137 138 334
t 138 139 334
t 139 140 334
t 140 141 334
t 141 142 334
t 142 143 334
t 143 144 334
t 144 145 334
t 145 146 334
t 146 147 334
t 147 148 334
t 148 149 334
t 149 150 334
t 150 335 334
t 150 151 335
t 151 152 335
t 152 153 335
t 153 154 335
t 154 155 335
t 155 156 335
t 156 157 335
t 157 158 335
t 158 159 335
t 159 160 335
t 160 161 335
t 161 162 335
t 162 163 335
t 163 218 335
t 163 217 218
t 163 216 217
t 163 215 216
t 163 214 215
t 163 213 214
t 163 212 213
t 163 211 212
t 163 210 211
t 163 209 210
t 163 208 209
t 163 207 208
t 163 206 207
t 163 205 206
t 163 204 205
t 163 203 204
t 163 202 203
t 163 201 202
t 163 200 201
t 163 199 200
t 163 198 199
t 163 197 198
t 163 196 197
t 163 195 196
t 163 194 195
t 163 193 194
t 163 192 193
t 163 191 192
t 163 190 191
t 163 189 190
t 163 188 189
t 163 187 188
t 163 186 187
t 163 185 186
t 163 184 185
t 163 183 184
t 163 182 183
t 163 181 182
t 163 180 181
t 163 179 180
t 163 178 179
t 163 177 178
t 163 176 177
t 163 175 176
t 163 174 175
t 163 173 174
t 163 172 173
t 163 171 172
t 163 170 171
t 163 169 170
t 163 168 169
t 163 167 168
t 163 166 167
t 163 165 166
t 163 164 165
t 55 333 54
t 333 53 54
t 333 52 53
t 333 51 52
t 333 50 51
t 333 49 50
t 333 48 49
t 333 47 48
t 333 46 47
t 333 45 46
t 333 44 45
t 333 43 44
t 333 42 43
t 333 41 42
t 333 40 41
t 333 39 40
t 333 38 39
t 333 37 38
t 333 36 37
t 333 35 36
t 333 34 35
t 333 33 34
t 333 32 33
t 333 31 32
t 333 30 31
t 333 29 30
t 333 28 29
t 333 27 28
t 333 334 27
t 334 26 27
t 334 25 26
t 334 24 25
t 334 23 24
t 334 22 23
t 334 21 22
t 334 20 21
t 334 19 20
t 334 18 19
t 334 17 18
t 334 16 17
t 334 15 16
t 334 14 15
t 334 13 14
t 334 335 13
t 335 12 13
t 335 11 12
t 335 10 11
t 335 9 10
t 335 8 9
t 335 7 8
t 335 6 7
t 335 5 6
t 335 4 5
t 335 3 4
t 335 2 3
t 335 1 2
t 335 0 1
t 335 219 0
t 335 218 219
