type=Nurbs forward=true n_boundary=203 n_holes=1 n_interior=43 n_tris=356 label=brep62542_f66_Nurbs(deg=3/3, cps=4x4)
boundary
b 0.770716371 0.978595533
b 0.746592873 0.978595533
b 0.722532783 0.978595533
b 0.698529770 0.978595533
b 0.674577564 0.978595533
b 0.650669947 0.978595533
b 0.626800746 0.978595533
b 0.602963826 0.978595533
b 0.579153087 0.978595533
b 0.555362455 0.978595533
b 0.531585877 0.978595533
b 0.507817313 0.978595533
b 0.484050732 0.978595533
b 0.460280105 0.978595533
b 0.436499399 0.978595533
b 0.412702569 0.978595533
b 0.388883557 0.978595533
b 0.365036280 0.978595533
b 0.341154627 0.978595533
b 0.317232450 0.978595533
b 0.293263563 0.978595533
b 0.269241730 0.978595533
b 0.245160660 0.978595533
b 0.221014002 0.978595533
b 0.196795336 0.978595533
b 0.172498168 0.978595533
b 0.148115921 0.978595533
b 0.123641930 0.978595533
b 0.099069430 0.978595533
b 0.074391555 0.978595533
b 0.049601323 0.978595533
b 0.049601323 0.944648648
b 0.049601323 0.911357468
b 0.049601323 0.878661614
b 0.049601323 0.846504351
b 0.049601323 0.814832161
b 0.049601323 0.783594356
b 0.049601323 0.752742733
b 0.049601323 0.722231254
b 0.049601323 0.692015756
b 0.049601323 0.662053683
b 0.049601323 0.632303834
b 0.049601323 0.602726135
b 0.049601323 0.573281412
b 0.049601323 0.543931185
b 0.049601323 0.514637461
b 0.049601323 0.485362539
b 0.049601323 0.456068815
b 0.049601323 0.426718588
b 0.049601323 0.397273865
b 0.049601323 0.367696166
b 0.049601323 0.337946317
b 0.049601323 0.307984244
b 0.049601323 0.277768746
b 0.049601323 0.247257267
b 0.049601323 0.216405644
b 0.049601323 0.185167839
b 0.049601323 0.153495649
b 0.049601323 0.121338386
b 0.049601323 0.088642532
b 0.049601323 0.055351352
b 0.049601323 0.021404467
b 0.068701745 0.021422472
b 0.087653551 0.021476612
b 0.106461211 0.021566207
b 0.125129263 0.021690630
b 0.143662301 0.021849306
b 0.162064953 0.022041716
b 0.180341872 0.022267393
b 0.198497716 0.022525926
b 0.216537137 0.022816956
b 0.234464764 0.023140180
b 0.252285190 0.023495347
b 0.270002964 0.023882262
b 0.287622569 0.024300779
b 0.305148422 0.024750808
b 0.322584851 0.025232310
b 0.339936093 0.025745295
b 0.357206281 0.026289826
b 0.374399431 0.026866014
b 0.391519138 0.027474000
b 0.408565406 0.028113751
b 0.425536025 0.028785090
b 0.442428833 0.029487809
b 0.459241760 0.030221673
b 0.475972828 0.030986426
b 0.492620159 0.031781783
b 0.509181972 0.032607438
b 0.525656590 0.033463064
b 0.542042439 0.034348308
b 0.558338051 0.035262800
b 0.574542065 0.036206150
b 0.590653225 0.037177948
b 0.606670385 0.038177768
b 0.622592505 0.039205167
b 0.638418652 0.040259687
b 0.654148003 0.041340855
b 0.669779837 0.042448185
b 0.685313557 0.043581181
b 0.700749731 0.044739436
b 0.716090605 0.045922712
b 0.731338546 0.047130804
b 0.746495890 0.048363529
b 0.761564941 0.049620729
b 0.776547966 0.050902263
b 0.791447192 0.052208016
b 0.806264805 0.053537891
b 0.821002947 0.054891809
b 0.835663711 0.056269715
b 0.850249144 0.057671571
b 0.864761240 0.059097355
b 0.879201942 0.060547066
b 0.893573138 0.062020720
b 0.907876661 0.063518347
b 0.922114289 0.065039996
b 0.936287740 0.066585731
b 0.950398677 0.068155629
b 0.950398677 0.084093638
b 0.950398677 0.099892750
b 0.950398677 0.115559384
b 0.950398677 0.131099775
b 0.950398677 0.146519982
b 0.950398677 0.161825902
b 0.950398677 0.177023275
b 0.950398677 0.192117698
b 0.950398677 0.207114633
b 0.950398677 0.222019413
b 0.950398677 0.236837250
b 0.950398677 0.251573248
b 0.950398677 0.266232403
b 0.950398677 0.280819615
b 0.950398677 0.295339696
b 0.950398677 0.309797370
b 0.950398677 0.324197288
b 0.950398677 0.338544026
b 0.950398677 0.352842099
b 0.950398677 0.367095958
b 0.950398677 0.381310005
b 0.950398677 0.395488591
b 0.950398677 0.409636026
b 0.950398677 0.423756582
b 0.950398677 0.437854498
b 0.950398677 0.451933988
b 0.950398677 0.465999243
b 0.950398677 0.480054437
b 0.950398677 0.494103732
b 0.950398677 0.508151284
b 0.950398677 0.522201246
b 0.945580625 0.527073556
b 0.940816604 0.532032772
b 0.936108705 0.537079120
b 0.931458893 0.542212873
b 0.926869016 0.547434350
b 0.922340809 0.552743918
b 0.917875899 0.558141999
b 0.913475806 0.563629068
b 0.909141731 0.569205996
b 0.904874210 0.574874613
b 0.900673630 0.580636977
b 0.896540328 0.586495232
b 0.892474590 0.592451611
b 0.888476656 0.598508440
b 0.884546724 0.604668134
b 0.880684955 0.610933205
b 0.876891638 0.617306458
b 0.873167313 0.623791165
b 0.869512491 0.630390783
b 0.865927629 0.637108923
b 0.862413133 0.643949353
b 0.858969363 0.650916004
b 0.855596633 0.658012969
b 0.852295240 0.665244480
b 0.849066093 0.672614146
b 0.845910816 0.680124807
b 0.842830984 0.687779472
b 0.839828083 0.695581380
b 0.836903517 0.703534008
b 0.834058617 0.711641078
b 0.831294647 0.719906564
b 0.828612841 0.728334703
b 0.826014866 0.736930041
b 0.823502720 0.745697509
b 0.821078341 0.754642425
b 0.818743599 0.763770515
b 0.816500311 0.773087922
b 0.814350250 0.782601223
b 0.812295157 0.792317440
b 0.810336857 0.802243643
b 0.808478235 0.812383317
b 0.806722740 0.822738105
b 0.805073793 0.833310099
b 0.803534799 0.844101894
b 0.802109164 0.855116609
b 0.800800318 0.866357919
b 0.799611732 0.877830079
b 0.798546979 0.889537891
b 0.797609954 0.901486401
b 0.796804745 0.913681176
b 0.796135571 0.926128490
b 0.795606808 0.938835361
b 0.795223014 0.951809594
b 0.794988964 0.965059818
b 0.794909672 0.978595533
hole 0
h 0.691308623 0.454054685
h 0.685091182 0.459797759
h 0.678570097 0.465204795
h 0.671803368 0.470272385
h 0.664846546 0.474996372
h 0.657749247 0.479373334
h 0.650528392 0.483411462
h 0.643185563 0.487124654
h 0.635722538 0.490526674
h 0.628142017 0.493630661
h 0.620458503 0.496440743
h 0.612696566 0.498952757
h 0.604880521 0.501161889
h 0.597034134 0.503063031
h 0.589180037 0.504655463
h 0.581339631 0.505946006
h 0.573534415 0.506941907
h 0.565786168 0.507650106
h 0.558107251 0.508076528
h 0.550479332 0.508224729
h 0.542878211 0.508098009
h 0.535279891 0.507699893
h 0.527662776 0.507032768
h 0.520019677 0.506090494
h 0.512348681 0.504863515
h 0.504647389 0.503342234
h 0.496914124 0.501517260
h 0.489164268 0.499382408
h 0.481426009 0.496933601
h 0.473727883 0.494166388
h 0.466098802 0.491076238
h 0.458577491 0.487673527
h 0.451217037 0.483988841
h 0.444073937 0.480053574
h 0.437207363 0.475898444
h 0.430662733 0.471547149
h 0.424445208 0.467006850
h 0.418554140 0.462282197
h 0.412989592 0.457377892
h 0.407755518 0.452300123
h 0.402872922 0.447062323
h 0.398369553 0.441680115
h 0.394275043 0.436169041
h 0.390620369 0.430545236
h 0.387432130 0.424831751
h 0.384735021 0.419055961
h 0.382555530 0.413245541
h 0.380921360 0.407428517
h 0.379847271 0.401635519
h 0.379332686 0.395900190
h 0.379376175 0.390256875
h 0.379975902 0.384740389
h 0.381125871 0.379375899
h 0.382811948 0.374168208
h 0.385017779 0.369119951
h 0.387725570 0.364234093
h 0.391471594 0.358786009
h 0.395868488 0.353554753
h 0.400889320 0.348554788
h 0.406504101 0.343800898
h 0.412680915 0.339307212
h 0.419395551 0.335080813
h 0.426626555 0.331125389
h 0.434350099 0.327444679
h 0.442539109 0.324042568
h 0.451147936 0.320925638
h 0.460113276 0.318102582
h 0.469368045 0.315581545
h 0.478842463 0.313369851
h 0.488485758 0.311468633
h 0.498281867 0.309869634
h 0.508218077 0.308563605
h 0.518281798 0.307541177
h 0.528461566 0.306796283
h 0.538748617 0.306333663
h 0.549133920 0.306160153
h 0.559607559 0.306282512
h 0.570151098 0.306706591
h 0.580696604 0.307432594
h 0.591157309 0.308457584
h 0.601447498 0.309777427
h 0.611485435 0.311386832
h 0.621224345 0.313279388
h 0.630643675 0.315448198
h 0.639725217 0.317886249
h 0.648452542 0.320586568
h 0.656810215 0.323547166
h 0.664783120 0.326772818
h 0.672357217 0.330268770
h 0.679519657 0.334040274
h 0.686250470 0.338090745
h 0.692510260 0.342418824
h 0.698259039 0.347022320
h 0.703459715 0.351899031
h 0.708077221 0.357044422
h 0.712075118 0.362441958
h 0.715419067 0.368071598
h 0.718078095 0.373913746
h 0.720025386 0.379948351
h 0.721248362 0.386145252
h 0.721743236 0.392468556
h 0.721507471 0.398883100
h 0.720540129 0.405354282
h 0.718866496 0.411839902
h 0.716538914 0.418289041
h 0.713608063 0.424650740
h 0.710121136 0.430874513
h 0.706118388 0.436926252
h 0.701630412 0.442804908
h 0.696685081 0.448513431
interior
i 0.162200993 0.141053350
i 0.274800662 0.141053350
i 0.387400331 0.141053350
i 0.500000000 0.141053350
i 0.612599669 0.141053350
i 0.725199338 0.141053350
i 0.837799007 0.141053350
i 0.162200993 0.260702233
i 0.274800662 0.260702233
i 0.387400331 0.260702233
i 0.500000000 0.260702233
i 0.612599669 0.260702233
i 0.725199338 0.260702233
i 0.837799007 0.260702233
i 0.162200993 0.380351117
i 0.274800662 0.380351117
i 0.725199338 0.380351117
i 0.837799007 0.380351117
i 0.162200993 0.500000000
i 0.274800662 0.500000000
i 0.387400331 0.500000000
i 0.612599669 0.500000000
i 0.725199338 0.500000000
i 0.837799007 0.500000000
i 0.162200993 0.619648883
i 0.274800662 0.619648883
i 0.387400331 0.619648883
i 0.500000000 0.619648883
i 0.612599669 0.619648883
i 0.725199338 0.619648883
i 0.837799007 0.619648883
i 0.162200993 0.739297767
i 0.274800662 0.739297767
i 0.387400331 0.739297767
i 0.500000000 0.739297767
i 0.612599669 0.739297767
i 0.725199338 0.739297767
i 0.162200993 0.858946650
i 0.274800662 0.858946650
i 0.387400331 0.858946650
i 0.500000000 0.858946650
i 0.612599669 0.858946650
i 0.725199338 0.858946650
tris
t 318 319 320
t 325 326 327
t 329 330 331
t 335 336 337
t 342 343 344
t 348 349 350
t 203 204 205
t 205 206 207
t 207 208 209
t 209 210 211
t 211 212 213
t 213 214 215
t 215 216 217
t 217 218 219
t 219 220 221
t 221 222 223
t 223 224 225
t 225 226 227
t 227 228 229
t 229 230 231
t 231 232 233
t 233 234 235
t 235 236 237
t 237 238 239
t 239 240 241
t 241 242 243
t 243 244 245
t 245 246 247
t 247 248 249
t 249 250 251
t 251 252 253
t 253 254 255
t 255 256 257
t 257 258 259
t 259 260 261
t 261 262 263
t 263 264 265
t 265 266 267
t 267 268 269
t 269 270 271
t 271 272 273
t 273 274 275
t 275 276 277
t 277 278 279
t 279 280 281
t 281 282 283
t 283 284 285
t 285 286 287
t 287 288 289
t 289 290 291
t 291 292 293
t 293 294 295
t 295 296 297
t 297 298 299
t 299 300 301
t 301 302 303
t 303 304 305
t 305 306 307
t 307 308 309
t 309 310 311
t 311 312 313
t 313 57 58
t 60 61 62
t 62 63 64
t 64 65 66
t 66 67 68
t 68 69 70
t 70 71 72
t 72 73 74
t 74 75 76
t 76 77 78
t 78 79 80
t 80 81 82
t 82 83 84
t 84 85 86
t 86 87 88
t 88 89 90
t 90 91 92
t 92 93 94
t 94 95 96
t 96 97 98
t 98 99 100
t 100 101 102
t 102 103 104
t 104 105 106
t 106 107 108
t 108 109 110
t 110 111 112
t 112 113 114
t 114 115 116
t 146 147 148
t 201 202 0
t 28 29 31
t 29 30 31
t 317 318 320
t 324 325 327
t 328 329 331
t 334 335 337
t 341 342 344
t 347 348 350
t 203 205 207
t 207 209 211
t 211 213 215
t 215 217 219
t 219 221 223
t 223 225 227
t 227 229 231
t 231 233 235
t 235 237 239
t 239 241 243
t 243 245 247
t 247 249 251
t 251 253 255
t 255 257 259
t 259 261 263
t 263 265 267
t 267 269 271
t 271 273 275
t 275 277 279
t 279 281 283
t 283 285 287
t 287 289 291
t 291 293 295
t 295 297 299
t 299 301 303
t 303 305 307
t 307 309 311
t 58 59 313
t 59 60 313
t 60 62 64
t 64 66 68
t 68 70 72
t 72 74 76
t 76 78 80
t 80 82 84
t 84 86 88
t 88 90 92
t 92 94 96
t 96 98 100
t 100 102 104
t 104 106 108
t 108 110 112
t 112 114 116
t 146 148 149
t 200 201 0
t 28 31 32
t 57 313 314
t 316 317 320
t 323 324 327
t 327 328 331
t 333 334 337
t 340 341 344
t 346 347 350
t 203 207 211
t 211 215 219
t 219 223 227
t 227 231 235
t 235 239 243
t 243 247 251
t 251 255 259
t 259 263 267
t 267 271 275
t 275 279 283
t 283 287 291
t 291 295 299
t 299 303 307
t 313 60 64
t 64 68 72
t 72 76 80
t 80 84 88
t 88 92 96
t 96 100 104
t 104 108 112
t 112 116 117
t 142 143 149
t 143 144 149
t 144 145 149
t 145 146 149
t 199 200 0
t 28 32 33
t 50 51 314
t 51 52 314
t 52 53 314
t 53 54 314
t 54 55 314
t 55 56 314
t 56 57 314
t 315 316 320
t 322 323 327
t 332 333 337
t 339 340 344
t 345 346 350
t 203 211 219
t 219 227 235
t 235 243 251
t 251 259 267
t 267 275 283
t 283 291 299
t 299 307 311
t 311 313 64
t 64 72 80
t 80 88 96
t 96 104 112
t 117 118 112
t 118 119 112
t 119 120 112
t 120 121 112
t 121 122 112
t 122 123 112
t 123 124 112
t 137 138 149
t 138 139 149
t 139 140 149
t 140 141 149
t 141 142 149
t 198 199 0
t 33 34 28
t 34 35 28
t 314 315 320
t 321 322 327
t 331 332 337
t 338 339 344
t 344 345 350
t 203 219 235
t 235 251 267
t 267 283 299
t 299 311 64
t 64 80 96
t 96 112 124
t 124 125 149
t 125 126 149
t 126 127 149
t 127 128 149
t 128 129 149
t 129 130 149
t 130 131 149
t 131 132 149
t 132 133 149
t 133 134 149
t 134 135 149
t 135 136 149
t 136 137 149
t 197 198 0
t 35 36 28
t 36 37 28
t 37 38 28
t 38 39 28
t 39 40 28
t 40 41 28
t 41 42 28
t 42 43 28
t 43 44 28
t 44 45 28
t 45 46 28
t 46 47 28
t 47 48 28
t 48 49 28
t 49 50 28
t 50 314 320
t 320 321 327
t 337 338 344
t 203 235 267
t 299 64 96
t 96 124 149
t 196 197 0
t 28 50 320
t 203 267 299
t 299 96 149
t 195 196 0
t 28 320 327
t 355 203 299
t 299 149 150
t 194 195 0
t 28 327 331
t 299 150 151
t 193 194 0
t 28 331 337
t 299 151 152
t 192 193 0
t 28 337 344
t 299 152 153
t 191 192 0
t 28 344 350
t 299 153 154
t 190 191 0
t 0 1 350
t 1 2 350
t 2 3 350
t 3 4 350
t 4 5 350
t 5 6 350
t 6 7 350
t 7 8 350
t 8 9 350
t 9 10 350
t 10 11 350
t 11 12 350
t 12 13 350
t 13 14 350
t 14 15 350
t 15 16 350
t 16 17 350
t 17 18 350
t 18 19 350
t 19 20 350
t 20 21 350
t 21 22 350
t 22 23 350
t 23 24 350
t 24 25 350
t 25 26 350
t 26 27 350
t 27 28 350
t 299 154 155
t 189 190 0
t 0 350 351
t 299 155 156
t 188 189 0
t 0 351 352
t 299 156 157
t 187 188 0
t 0 352 353
t 299 157 158
t 186 187 0
t 0 353 354
t 299 158 159
t 185 186 0
t 0 354 355
t 299 159 160
t 185 0 355
t 299 160 161
t 184 185 355
t 299 161 162
t 183 184 355
t 355 299 162
t 182 183 355
t 355 162 163
t 181 182 355
t 355 163 164
t 180 181 355
t 355 164 165
t 179 180 355
t 355 165 166
t 178 179 355
t 355 166 167
t 177 178 355
t 355 167 168
t 176 177 355
t 355 168 169
t 175 176 355
t 355 169 170
t 174 175 355
t 355 170 171
t 173 174 355
t 355 171 172
t 172 173 355
