type=Nurbs forward=true n_boundary=220 n_holes=0 n_interior=54 n_tris=230 label=brep47598_f229_Nurbs(deg=3/3, cps=6x6)
boundary
b 1.004789581 0.163567525
b 1.004787855 0.191521837
b 1.004785195 0.216915461
b 1.004781636 0.240483723
b 1.004777196 0.262678873
b 1.004771877 0.283803373
b 1.004765673 0.304072061
b 1.004758568 0.323644727
b 1.004750540 0.342644697
b 1.004741561 0.361170139
b 1.004731598 0.379301326
b 1.004720609 0.397105488
b 1.004708548 0.414640202
b 1.004695364 0.431955825
b 1.004680996 0.449097305
b 1.004665376 0.466105574
b 1.004648429 0.483018665
b 1.004630068 0.499872625
b 1.004610183 0.516691998
b 1.004588599 0.533458779
b 1.004565143 0.550144524
b 1.004539660 0.566721848
b 1.004512019 0.583165085
b 1.004482111 0.599450617
b 1.004449848 0.615557119
b 1.004415169 0.631465719
b 1.004378031 0.647160072
b 1.004338414 0.662626359
b 1.004296317 0.677853227
b 1.004251756 0.692831668
b 1.004204760 0.707554870
b 1.004155374 0.722018034
b 1.004103651 0.736218174
b 1.004049655 0.750153920
b 1.003993454 0.763825310
b 1.003935123 0.777233602
b 1.003874742 0.790381087
b 1.003812390 0.803270922
b 1.003748150 0.815907178
b 1.003682101 0.828294788
b 1.003614322 0.840439127
b 1.003544891 0.852345879
b 1.003473883 0.864020948
b 1.003401372 0.875470383
b 1.003327430 0.886700313
b 1.003252124 0.897716893
b 1.003175521 0.908526261
b 1.003097683 0.919134501
b 1.003018670 0.929547613
b 1.002938538 0.939771492
b 1.002857343 0.949811908
b 1.002775134 0.959674492
b 1.002691961 0.969364728
b 1.002607868 0.978887944
b 1.002522900 0.988249308
b 1.002437095 0.997453823
b 0.984861173 0.997625626
b 0.967285551 0.997784282
b 0.949710231 0.997930829
b 0.932135212 0.998066316
b 0.914560491 0.998191799
b 0.896986063 0.998308346
b 0.879411918 0.998417033
b 0.861838046 0.998518946
b 0.844264437 0.998615180
b 0.826691076 0.998706841
b 0.809117949 0.998795043
b 0.791545042 0.998880910
b 0.773972339 0.998965573
b 0.756399824 0.999050176
b 0.738827481 0.999135869
b 0.721255294 0.999223812
b 0.703683250 0.999315172
b 0.686111333 0.999411127
b 0.668539530 0.999512762
b 0.650967822 0.999620000
b 0.633396192 0.999732000
b 0.615824640 0.999847893
b 0.598253174 0.999966790
b 0.580681817 1.000087787
b 0.563110602 1.000209962
b 0.545539574 1.000332380
b 0.527968790 1.000454087
b 0.510398317 1.000574114
b 0.492828232 1.000691482
b 0.475258605 1.000805278
b 0.457689468 1.000914693
b 0.440120832 1.001018936
b 0.422552688 1.001117225
b 0.404985004 1.001208788
b 0.387417729 1.001292860
b 0.369850792 1.001368686
b 0.352284098 1.001435508
b 0.334717498 1.001492032
b 0.317150774 1.001536111
b 0.299583704 1.001565498
b 0.282016070 1.001577921
b 0.264447651 1.001571079
b 0.246878229 1.001542643
b 0.229307584 1.001490254
b 0.211735497 1.001411520
b 0.194161747 1.001304017
b 0.176586114 1.001165288
b 0.159008372 1.000992837
b 0.141428298 1.000784134
b 0.123845663 1.000536608
b 0.106260238 1.000247649
b 0.088671788 0.999914607
b 0.071080077 0.999534786
b 0.053484865 0.999105438
b 0.035885907 0.998623764
b 0.035895746 0.989508202
b 0.035901412 0.980236237
b 0.035903158 0.970802959
b 0.035901249 0.961203288
b 0.035895961 0.951431981
b 0.035887581 0.941483631
b 0.035876409 0.931352680
b 0.035862755 0.921033424
b 0.035846943 0.910520030
b 0.035829308 0.899806554
b 0.035810199 0.888886968
b 0.035789976 0.877755185
b 0.035769012 0.866405103
b 0.035747688 0.854830648
b 0.035726400 0.843025835
b 0.035705548 0.830984831
b 0.035685542 0.818702044
b 0.035666794 0.806172208
b 0.035649717 0.793390471
b 0.035634721 0.780352178
b 0.035622203 0.767053108
b 0.035612555 0.753489858
b 0.035606147 0.739660014
b 0.035603325 0.725562345
b 0.035604404 0.711196996
b 0.035609650 0.696565701
b 0.035619281 0.681671982
b 0.035633442 0.666521351
b 0.035652206 0.651121487
b 0.035675553 0.635482382
b 0.035703362 0.619616454
b 0.035735402 0.603538595
b 0.035771322 0.587266167
b 0.035810645 0.570818914
b 0.035852768 0.554218814
b 0.035896959 0.537489833
b 0.035942367 0.520657648
b 0.035988022 0.503749578
b 0.036032897 0.486789141
b 0.036076293 0.469759956
b 0.036117729 0.452625898
b 0.036156783 0.435348647
b 0.036193075 0.417886856
b 0.036226272 0.400195021
b 0.036256075 0.382222045
b 0.036282224 0.363909382
b 0.036304488 0.345188524
b 0.036322671 0.325977507
b 0.036336610 0.306175871
b 0.036346172 0.285657123
b 0.036351266 0.264256949
b 0.036351841 0.241753766
b 0.036347904 0.217834472
b 0.036339536 0.192028651
b 0.036326936 0.163566205
b 0.053935148 0.163566217
b 0.071543367 0.163566228
b 0.089151592 0.163566239
b 0.106759823 0.163566250
b 0.124368061 0.163566260
b 0.141976304 0.163566271
b 0.159584554 0.163566282
b 0.177192810 0.163566293
b 0.194801073 0.163566304
b 0.212409342 0.163566315
b 0.230017618 0.163566327
b 0.247625900 0.163566338
b 0.265234188 0.163566351
b 0.282842483 0.163566363
b 0.300450785 0.163566376
b 0.318059093 0.163566390
b 0.335667408 0.163566404
b 0.353275730 0.163566419
b 0.370884058 0.163566434
b 0.388492393 0.163566450
b 0.406100736 0.163566467
b 0.423709085 0.163566484
b 0.441317442 0.163566503
b 0.458925805 0.163566522
b 0.476534176 0.163566542
b 0.494142555 0.163566563
b 0.511750941 0.163566586
b 0.529359337 0.163566609
b 0.546967741 0.163566633
b 0.564576155 0.163566658
b 0.582184577 0.163566685
b 0.599793009 0.163566712
b 0.617401451 0.163566740
b 0.635009901 0.163566768
b 0.652618361 0.163566798
b 0.670226830 0.163566828
b 0.687835309 0.163566860
b 0.705443796 0.163566892
b 0.723052294 0.163566924
b 0.740660800 0.163566958
b 0.758269317 0.163566992
b 0.775877843 0.163567026
b 0.793486378 0.163567061
b 0.811094923 0.163567097
b 0.828703478 0.163567134
b 0.846312043 0.163567171
b 0.863920617 0.163567208
b 0.881529202 0.163567246
b 0.899137796 0.163567285
b 0.916746401 0.163567324
b 0.934355016 0.163567363
b 0.951963641 0.163567403
b 0.969572277 0.163567443
b 0.987180924 0.163567484
interior
i 0.156751607 0.268317670
i 0.277899889 0.268317670
i 0.399048171 0.268317670
i 0.520196453 0.268317670
i 0.641344735 0.268317670
i 0.762493017 0.268317670
i 0.883641299 0.268317670
i 0.156751607 0.373069134
i 0.277899889 0.373069134
i 0.399048171 0.373069134
i 0.520196453 0.373069134
i 0.641344735 0.373069134
i 0.762493017 0.373069134
i 0.883641299 0.373069134
i 0.156751607 0.477820598
i 0.277899889 0.477820598
i 0.399048171 0.477820598
i 0.520196453 0.477820598
i 0.641344735 0.477820598
i 0.762493017 0.477820598
i 0.883641299 0.477820598
i 0.156751607 0.582572063
i 0.277899889 0.582572063
i 0.399048171 0.582572063
i 0.520196453 0.582572063
i 0.641344735 0.582572063
i 0.762493017 0.582572063
i 0.883641299 0.582572063
i 0.156751607 0.687323527
i 0.277899889 0.687323527
i 0.399048171 0.687323527
i 0.520196453 0.687323527
i 0.641344735 0.687323527
i 0.762493017 0.687323527
i 0.883641299 0.687323527
i 0.156751607 0.792074992
i 0.277899889 0.792074992
i 0.399048171 0.792074992
i 0.520196453 0.792074992
i 0.641344735 0.792074992
i 0.762493017 0.792074992
i 0.883641299 0.792074992
i 0.156751607 0.896826456
i 0.277899889 0.896826456
i 0.399048171 0.896826456
i 0.520196453 0.896826456
i 0.641344735 0.896826456
i 0.762493017 0.896826456
i 0.883641299 0.896826456
i 0.096177466 0.634947795
i 0.096177466 0.739699259
i 0.217325748 0.634947795
i 0.217325748 0.739699259
i 0.338474030 0.634947795
tris
t 165 166 164
t 166 163 164
t 166 162 163
t 166 161 162
t 166 160 161
t 166 159 160
t 166 158 159
t 166 157 158
t 166 156 157
t 166 155 156
t 166 154 155
t 166 153 154
t 166 152 153
t 166 167 152
t 167 168 152
t 168 169 152
t 169 170 152
t 170 171 152
t 171 172 152
t 172 173 152
t 173 174 152
t 174 175 152
t 175 176 152
t 176 177 152
t 177 178 152
t 178 274 152
t 178 179 274
t 179 180 274
t 180 181 274
t 181 182 274
t 182 183 274
t 183 184 274
t 184 185 274
t 185 186 274
t 186 187 274
t 187 188 274
t 188 189 274
t 189 190 274
t 190 191 274
t 191 192 274
t 192 275 274
t 192 193 275
t 193 194 275
t 194 195 275
t 195 196 275
t 196 197 275
t 197 198 275
t 198 199 275
t 199 200 275
t 200 201 275
t 201 202 275
t 202 203 275
t 203 204 275
t 204 205 275
t 205 206 275
t 206 276 275
t 206 207 276
t 207 208 276
t 208 209 276
t 209 210 276
t 210 211 276
t 211 212 276
t 212 213 276
t 213 214 276
t 214 215 276
t 215 216 276
t 216 217 276
t 217 218 276
t 218 219 276
t 219 13 276
t 219 12 13
t 219 11 12
t 219 10 11
t 219 9 10
t 219 8 9
t 219 7 8
t 219 6 7
t 219 5 6
t 219 4 5
t 219 3 4
t 219 2 3
t 219 1 2
t 219 0 1
t 152 274 151
t 274 150 151
t 274 149 150
t 274 148 149
t 274 147 148
t 274 146 147
t 274 145 146
t 274 144 145
t 274 143 144
t 274 142 143
t 274 141 142
t 274 140 141
t 274 139 140
t 274 138 139
t 274 137 138
t 274 136 137
t 274 135 136
t 274 134 135
t 274 133 134
t 274 132 133
t 274 131 132
t 274 130 131
t 274 129 130
t 274 128 129
t 274 127 128
t 274 126 127
t 274 125 126
t 274 124 125
t 274 123 124
t 274 122 123
t 274 121 122
t 274 120 121
t 274 119 120
t 274 118 119
t 274 117 118
t 274 116 117
t 274 115 116
t 274 114 115
t 274 113 114
t 274 112 113
t 274 111 112
t 274 277 111
t 274 275 277
t 275 278 277
t 275 276 278
t 276 279 278
t 276 54 279
t 276 53 54
t 276 52 53
t 276 51 52
t 276 50 51
t 276 49 50
t 276 48 49
t 276 47 48
t 276 46 47
t 276 45 46
t 276 44 45
t 276 43 44
t 276 42 43
t 276 41 42
t 276 40 41
t 276 39 40
t 276 38 39
t 276 37 38
t 276 36 37
t 276 35 36
t 276 34 35
t 276 33 34
t 276 32 33
t 276 31 32
t 276 30 31
t 276 29 30
t 276 28 29
t 276 27 28
t 276 26 27
t 276 25 26
t 276 24 25
t 276 23 24
t 276 22 23
t 276 21 22
t 276 20 21
t 276 19 20
t 276 18 19
t 276 17 18
t 276 16 17
t 276 15 16
t 276 14 15
t 276 13 14
t 111 277 110
t 277 109 110
t 277 108 109
t 277 107 108
t 277 106 107
t 277 105 106
t 277 104 105
t 277 103 104
t 277 102 103
t 277 101 102
t 277 100 101
t 277 99 100
t 277 98 99
t 277 97 98
t 277 96 97
t 277 95 96
t 277 94 95
t 277 93 94
t 277 92 93
t 277 91 92
t 277 90 91
t 277 89 90
t 277 88 89
t 277 87 88
t 277 86 87
t 277 85 86
t 277 84 85
t 277 83 84
t 277 278 83
t 278 82 83
t 278 81 82
t 278 80 81
t 278 79 80
t 278 78 79
t 278 77 78
t 278 76 77
t 278 75 76
t 278 74 75
t 278 73 74
t 278 72 73
t 278 71 72
t 278 70 71
t 278 69 70
t 278 279 69
t 279 68 69
t 279 67 68
t 279 66 67
t 279 65 66
t 279 64 65
t 279 63 64
t 279 62 63
t 279 61 62
t 279 60 61
t 279 59 60
t 279 58 59
t 279 57 58
t 279 56 57
t 279 55 56
t 279 54 55
