type=Nurbs forward=true n_boundary=172 n_holes=0 n_interior=355 n_tris=790 label=brep47598_f170_Nurbs(deg=3/3, cps=4x11)
boundary
b 0.201275375 -0.000000000
b 0.226164539 -0.000000000
b 0.250668717 -0.000000000
b 0.274827542 -0.000000000
b 0.298678662 -0.000000000
b 0.322257991 -0.000000000
b 0.345599939 -0.000000000
b 0.368737620 -0.000000000
b 0.391703052 -0.000000000
b 0.414527336 -0.000000000
b 0.437240834 -0.000000000
b 0.459873329 -0.000000000
b 0.482454183 -0.000000000
b 0.505012495 -0.000000000
b 0.527577244 -0.000000000
b 0.550177445 -0.000000000
b 0.572842295 -0.000000000
b 0.595601324 -0.000000000
b 0.618484552 -0.000000000
b 0.641522648 -0.000000000
b 0.664747101 -0.000000000
b 0.688190391 -0.000000000
b 0.711886184 -0.000000000
b 0.735869530 -0.000000000
b 0.760177085 -0.000000000
b 0.784847348 -0.000000000
b 0.809920919 -0.000000000
b 0.835440797 -0.000000000
b 0.861452690 -0.000000000
b 0.888005378 -0.000000000
b 0.915151109 -0.000000000
b 0.915176244 0.018833620
b 0.915235050 0.037497960
b 0.915306031 0.056017245
b 0.915372131 0.074416316
b 0.915420618 0.092720428
b 0.915442997 0.110955073
b 0.915434940 0.129145818
b 0.915396245 0.147318141
b 0.915330808 0.165497281
b 0.915246350 0.183707993
b 0.915151109 0.201973418
b 0.915054292 0.220310058
b 0.914965519 0.238712128
b 0.914892631 0.257168009
b 0.914841553 0.275665788
b 0.914816282 0.294193359
b 0.914818870 0.312738513
b 0.914849421 0.331289035
b 0.914905971 0.349832833
b 0.914982254 0.368358662
b 0.915067972 0.386856413
b 0.915151109 0.405316732
b 0.915220448 0.423733272
b 0.915273465 0.442108988
b 0.915310595 0.460448918
b 0.915333026 0.478757856
b 0.915342656 0.497040327
b 0.915341921 0.515300570
b 0.915330914 0.533542901
b 0.915307481 0.551771968
b 0.915270092 0.569992505
b 0.915217975 0.588209294
b 0.915151109 0.606427123
b 0.915072136 0.624648867
b 0.914991436 0.642869484
b 0.914920176 0.661081194
b 0.914868030 0.679275361
b 0.914840583 0.697442645
b 0.914839118 0.715573335
b 0.914863225 0.733657518
b 0.914910909 0.751685150
b 0.914978559 0.769646142
b 0.915060928 0.787530440
b 0.915151109 0.805328105
b 0.915240542 0.823034575
b 0.915320798 0.840666251
b 0.915384040 0.858245897
b 0.915422218 0.875798127
b 0.915431062 0.893347999
b 0.915410428 0.910920719
b 0.915364307 0.928541492
b 0.915300839 0.946235360
b 0.915232360 0.964027041
b 0.915175467 0.981940748
b 0.915151109 1.000000000
b 0.885026781 1.000000000
b 0.855627303 1.000000000
b 0.826881820 1.000000000
b 0.798724625 1.000000000
b 0.771094506 1.000000000
b 0.743934165 1.000000000
b 0.717189702 1.000000000
b 0.690810159 1.000000000
b 0.664747101 1.000000000
b 0.638954241 1.000000000
b 0.613387098 1.000000000
b 0.588002675 1.000000000
b 0.562759166 1.000000000
b 0.537615671 1.000000000
b 0.512531932 1.000000000
b 0.487468068 1.000000000
b 0.462384329 1.000000000
b 0.437240834 1.000000000
b 0.411997325 1.000000000
b 0.386612902 1.000000000
b 0.361045759 1.000000000
b 0.335252899 1.000000000
b 0.309189841 1.000000000
b 0.282810298 1.000000000
b 0.256065835 1.000000000
b 0.228905494 1.000000000
b 0.201275375 1.000000000
b 0.173118180 1.000000000
b 0.144372697 1.000000000
b 0.114973219 1.000000000
b 0.084848891 1.000000000
b 0.084889018 0.981967246
b 0.085007109 0.963944914
b 0.085202822 0.945930221
b 0.085475780 0.927920473
b 0.085825567 0.909913075
b 0.086251732 0.891905543
b 0.086753789 0.873895511
b 0.087331226 0.855880742
b 0.087983497 0.837859139
b 0.088710080 0.819828931
b 0.089510726 0.801789529
b 0.090385101 0.783740520
b 0.091332113 0.765681272
b 0.092350480 0.747611297
b 0.093438920 0.729530308
b 0.094596158 0.711438211
b 0.095820921 0.693335101
b 0.097111947 0.675221256
b 0.098468004 0.657097025
b 0.099888034 0.638961929
b 0.101371052 0.620814887
b 0.102916046 0.602654645
b 0.104521800 0.584479996
b 0.106186378 0.566290579
b 0.107907687 0.548086545
b 0.109683666 0.529868390
b 0.111512285 0.511636942
b 0.113391567 0.493393303
b 0.115319759 0.475138181
b 0.117295219 0.456871828
b 0.119316296 0.438594318
b 0.121381322 0.420305553
b 0.123488617 0.402005271
b 0.125636300 0.383693406
b 0.127821778 0.365371419
b 0.130042345 0.347041655
b 0.132295382 0.328707014
b 0.134578458 0.310370729
b 0.136889266 0.292036106
b 0.139225531 0.273706516
b 0.141585006 0.255385380
b 0.143965465 0.237076154
b 0.146364702 0.218782307
b 0.148780526 0.200507306
b 0.151210837 0.182253539
b 0.153653882 0.164019268
b 0.156108080 0.145800786
b 0.158571916 0.127592999
b 0.161043855 0.109390670
b 0.163522349 0.091188541
b 0.166005847 0.072981370
b 0.168492806 0.054763967
b 0.170981698 0.036531229
b 0.173471026 0.018278177
b 0.175959329 -0.000000000
interior
i 0.188673155 0.125000000
i 0.292497418 0.125000000
i 0.396321681 0.125000000
i 0.500145944 0.125000000
i 0.603970207 0.125000000
i 0.707794470 0.125000000
i 0.811618733 0.125000000
i 0.188673155 0.250000000
i 0.292497418 0.250000000
i 0.396321681 0.250000000
i 0.500145944 0.250000000
i 0.603970207 0.250000000
i 0.707794470 0.250000000
i 0.811618733 0.250000000
i 0.188673155 0.375000000
i 0.292497418 0.375000000
i 0.396321681 0.375000000
i 0.500145944 0.375000000
i 0.603970207 0.375000000
i 0.707794470 0.375000000
i 0.811618733 0.375000000
i 0.188673155 0.500000000
i 0.292497418 0.500000000
i 0.396321681 0.500000000
i 0.500145944 0.500000000
i 0.603970207 0.500000000
i 0.707794470 0.500000000
i 0.811618733 0.500000000
i 0.188673155 0.625000000
i 0.292497418 0.625000000
i 0.396321681 0.625000000
i 0.500145944 0.625000000
i 0.603970207 0.625000000
i 0.707794470 0.625000000
i 0.811618733 0.625000000
i 0.188673155 0.750000000
i 0.292497418 0.750000000
i 0.396321681 0.750000000
i 0.500145944 0.750000000
i 0.603970207 0.750000000
i 0.707794470 0.750000000
i 0.811618733 0.750000000
i 0.188673155 0.875000000
i 0.292497418 0.875000000
i 0.396321681 0.875000000
i 0.500145944 0.875000000
i 0.603970207 0.875000000
i 0.707794470 0.875000000
i 0.811618733 0.875000000
i 0.136761023 0.312500000
i 0.162717089 0.281250000
i 0.162717089 0.343750000
i 0.136761023 0.437500000
i 0.162717089 0.406250000
i 0.162717089 0.468750000
i 0.136761023 0.562500000
i 0.110804957 0.531250000
i 0.162717089 0.531250000
i 0.110804957 0.593750000
i 0.162717089 0.593750000
i 0.136761023 0.687500000
i 0.110804957 0.656250000
i 0.162717089 0.656250000
i 0.110804957 0.718750000
i 0.162717089 0.718750000
i 0.136761023 0.812500000
i 0.110804957 0.781250000
i 0.162717089 0.781250000
i 0.110804957 0.843750000
i 0.162717089 0.843750000
i 0.136761023 0.937500000
i 0.110804957 0.906250000
i 0.162717089 0.906250000
i 0.110804957 0.968750000
i 0.162717089 0.968750000
i 0.240585286 0.062500000
i 0.214629220 0.031250000
i 0.266541352 0.031250000
i 0.214629220 0.093750000
i 0.266541352 0.093750000
i 0.240585286 0.187500000
i 0.214629220 0.156250000
i 0.266541352 0.156250000
i 0.214629220 0.218750000
i 0.266541352 0.218750000
i 0.240585286 0.312500000
i 0.214629220 0.281250000
i 0.266541352 0.281250000
i 0.214629220 0.343750000
i 0.266541352 0.343750000
i 0.240585286 0.437500000
i 0.214629220 0.406250000
i 0.266541352 0.406250000
i 0.214629220 0.468750000
i 0.266541352 0.468750000
i 0.240585286 0.562500000
i 0.214629220 0.531250000
i 0.266541352 0.531250000
i 0.214629220 0.593750000
i 0.266541352 0.593750000
i 0.240585286 0.687500000
i 0.214629220 0.656250000
i 0.266541352 0.656250000
i 0.214629220 0.718750000
i 0.266541352 0.718750000
i 0.240585286 0.812500000
i 0.214629220 0.781250000
i 0.266541352 0.781250000
i 0.214629220 0.843750000
i 0.266541352 0.843750000
i 0.240585286 0.937500000
i 0.214629220 0.906250000
i 0.266541352 0.906250000
i 0.214629220 0.968750000
i 0.266541352 0.968750000
i 0.344409549 0.062500000
i 0.318453484 0.031250000
i 0.370365615 0.031250000
i 0.318453484 0.093750000
i 0.370365615 0.093750000
i 0.344409549 0.187500000
i 0.318453484 0.156250000
i 0.370365615 0.156250000
i 0.318453484 0.218750000
i 0.370365615 0.218750000
i 0.344409549 0.312500000
i 0.318453484 0.281250000
i 0.370365615 0.281250000
i 0.318453484 0.343750000
i 0.370365615 0.343750000
i 0.344409549 0.437500000
i 0.318453484 0.406250000
i 0.370365615 0.406250000
i 0.318453484 0.468750000
i 0.370365615 0.468750000
i 0.344409549 0.562500000
i 0.318453484 0.531250000
i 0.370365615 0.531250000
i 0.318453484 0.593750000
i 0.370365615 0.593750000
i 0.344409549 0.687500000
i 0.318453484 0.656250000
i 0.370365615 0.656250000
i 0.318453484 0.718750000
i 0.370365615 0.718750000
i 0.344409549 0.812500000
i 0.318453484 0.781250000
i 0.370365615 0.781250000
i 0.318453484 0.843750000
i 0.370365615 0.843750000
i 0.344409549 0.937500000
i 0.318453484 0.906250000
i 0.370365615 0.906250000
i 0.318453484 0.968750000
i 0.370365615 0.968750000
i 0.448233812 0.062500000
i 0.422277747 0.031250000
i 0.474189878 0.031250000
i 0.422277747 0.093750000
i 0.474189878 0.093750000
i 0.448233812 0.187500000
i 0.422277747 0.156250000
i 0.474189878 0.156250000
i 0.422277747 0.218750000
i 0.474189878 0.218750000
i 0.448233812 0.312500000
i 0.422277747 0.281250000
i 0.474189878 0.281250000
i 0.422277747 0.343750000
i 0.474189878 0.343750000
i 0.448233812 0.437500000
i 0.422277747 0.406250000
i 0.474189878 0.406250000
i 0.422277747 0.468750000
i 0.474189878 0.468750000
i 0.448233812 0.562500000
i 0.422277747 0.531250000
i 0.474189878 0.531250000
i 0.422277747 0.593750000
i 0.474189878 0.593750000
i 0.448233812 0.687500000
i 0.422277747 0.656250000
i 0.474189878 0.656250000
i 0.422277747 0.718750000
i 0.474189878 0.718750000
i 0.448233812 0.812500000
i 0.422277747 0.781250000
i 0.474189878 0.781250000
i 0.422277747 0.843750000
i 0.474189878 0.843750000
i 0.448233812 0.937500000
i 0.422277747 0.906250000
i 0.474189878 0.906250000
i 0.422277747 0.968750000
i 0.474189878 0.968750000
i 0.552058076 0.062500000
i 0.526102010 0.031250000
i 0.578014141 0.031250000
i 0.526102010 0.093750000
i 0.578014141 0.093750000
i 0.552058076 0.187500000
i 0.526102010 0.156250000
i 0.578014141 0.156250000
i 0.526102010 0.218750000
i 0.578014141 0.218750000
i 0.552058076 0.312500000
i 0.526102010 0.281250000
i 0.578014141 0.281250000
i 0.526102010 0.343750000
i 0.578014141 0.343750000
i 0.552058076 0.437500000
i 0.526102010 0.406250000
i 0.578014141 0.406250000
i 0.526102010 0.468750000
i 0.578014141 0.468750000
i 0.552058076 0.562500000
i 0.526102010 0.531250000
i 0.578014141 0.531250000
i 0.526102010 0.593750000
i 0.578014141 0.593750000
i 0.552058076 0.687500000
i 0.526102010 0.656250000
i 0.578014141 0.656250000
i 0.526102010 0.718750000
i 0.578014141 0.718750000
i 0.552058076 0.812500000
i 0.526102010 0.781250000
i 0.578014141 0.781250000
i 0.526102010 0.843750000
i 0.578014141 0.843750000
i 0.552058076 0.937500000
i 0.526102010 0.906250000
i 0.578014141 0.906250000
i 0.526102010 0.968750000
i 0.578014141 0.968750000
i 0.655882339 0.062500000
i 0.629926273 0.031250000
i 0.681838405 0.031250000
i 0.629926273 0.093750000
i 0.681838405 0.093750000
i 0.655882339 0.187500000
i 0.629926273 0.156250000
i 0.681838405 0.156250000
i 0.629926273 0.218750000
i 0.681838405 0.218750000
i 0.655882339 0.312500000
i 0.629926273 0.281250000
i 0.681838405 0.281250000
i 0.629926273 0.343750000
i 0.681838405 0.343750000
i 0.655882339 0.437500000
i 0.629926273 0.406250000
i 0.681838405 0.406250000
i 0.629926273 0.468750000
i 0.681838405 0.468750000
i 0.655882339 0.562500000
i 0.629926273 0.531250000
i 0.681838405 0.531250000
i 0.629926273 0.593750000
i 0.681838405 0.593750000
i 0.655882339 0.687500000
i 0.629926273 0.656250000
i 0.681838405 0.656250000
i 0.629926273 0.718750000
i 0.681838405 0.718750000
i 0.655882339 0.812500000
i 0.629926273 0.781250000
i 0.681838405 0.781250000
i 0.629926273 0.843750000
i 0.681838405 0.843750000
i 0.655882339 0.937500000
i 0.629926273 0.906250000
i 0.681838405 0.906250000
i 0.629926273 0.968750000
i 0.681838405 0.968750000
i 0.759706602 0.062500000
i 0.733750536 0.031250000
i 0.785662668 0.031250000
i 0.733750536 0.093750000
i 0.785662668 0.093750000
i 0.759706602 0.187500000
i 0.733750536 0.156250000
i 0.785662668 0.156250000
i 0.733750536 0.218750000
i 0.785662668 0.218750000
i 0.759706602 0.312500000
i 0.733750536 0.281250000
i 0.785662668 0.281250000
i 0.733750536 0.343750000
i 0.785662668 0.343750000
i 0.759706602 0.437500000
i 0.733750536 0.406250000
i 0.785662668 0.406250000
i 0.733750536 0.468750000
i 0.785662668 0.468750000
i 0.759706602 0.562500000
i 0.733750536 0.531250000
i 0.785662668 0.531250000
i 0.733750536 0.593750000
i 0.785662668 0.593750000
i 0.759706602 0.687500000
i 0.733750536 0.656250000
i 0.785662668 0.656250000
i 0.733750536 0.718750000
i 0.785662668 0.718750000
i 0.759706602 0.812500000
i 0.733750536 0.781250000
i 0.785662668 0.781250000
i 0.733750536 0.843750000
i 0.785662668 0.843750000
i 0.759706602 0.937500000
i 0.733750536 0.906250000
i 0.785662668 0.906250000
i 0.733750536 0.968750000
i 0.785662668 0.968750000
i 0.863530865 0.062500000
i 0.837574799 0.031250000
i 0.889486931 0.031250000
i 0.837574799 0.093750000
i 0.889486931 0.093750000
i 0.863530865 0.187500000
i 0.837574799 0.156250000
i 0.889486931 0.156250000
i 0.837574799 0.218750000
i 0.889486931 0.218750000
i 0.863530865 0.312500000
i 0.837574799 0.281250000
i 0.889486931 0.281250000
i 0.837574799 0.343750000
i 0.889486931 0.343750000
i 0.863530865 0.437500000
i 0.837574799 0.406250000
i 0.889486931 0.406250000
i 0.837574799 0.468750000
i 0.889486931 0.468750000
i 0.863530865 0.562500000
i 0.837574799 0.531250000
i 0.889486931 0.531250000
i 0.837574799 0.593750000
i 0.889486931 0.593750000
i 0.863530865 0.687500000
i 0.837574799 0.656250000
i 0.889486931 0.656250000
i 0.837574799 0.718750000
i 0.889486931 0.718750000
i 0.863530865 0.812500000
i 0.837574799 0.781250000
i 0.889486931 0.781250000
i 0.837574799 0.843750000
i 0.889486931 0.843750000
i 0.863530865 0.937500000
i 0.837574799 0.906250000
i 0.889486931 0.906250000
i 0.837574799 0.968750000
i 0.889486931 0.968750000
tris
t 171 169 170
t 171 168 169
t 171 167 168
t 171 166 167
t 171 165 166
t 171 164 165
t 171 163 164
t 171 162 163
t 171 161 162
t 171 160 161
t 171 159 160
t 171 158 159
t 30 31 32
t 30 32 33
t 30 33 34
t 30 34 35
t 30 35 36
t 30 36 37
t 30 37 38
t 30 38 39
t 30 39 40
t 30 40 41
t 30 41 42
t 30 42 43
t 171 527 158
t 171 528 527
t 171 529 528
t 171 530 529
t 171 531 530
t 171 532 531
t 171 533 532
t 171 534 533
t 171 535 534
t 171 536 535
t 171 537 536
t 171 538 537
t 171 539 538
t 171 540 539
t 171 541 540
t 171 0 541
t 0 542 541
t 0 1 542
t 1 543 542
t 1 544 543
t 1 2 544
t 2 545 544
t 2 546 545
t 2 3 546
t 3 547 546
t 3 548 547
t 3 4 548
t 4 549 548
t 4 550 549
t 4 5 550
t 5 551 550
t 5 552 551
t 5 6 552
t 6 553 552
t 6 554 553
t 6 7 554
t 7 555 554
t 7 556 555
t 7 8 556
t 8 557 556
t 8 558 557
t 8 9 558
t 9 559 558
t 9 10 559
t 10 560 559
t 10 11 560
t 11 561 560
t 11 562 561
t 11 12 562
t 12 563 562
t 12 564 563
t 12 13 564
t 13 565 564
t 13 566 565
t 13 14 566
t 14 567 566
t 14 568 567
t 14 15 568
t 15 569 568
t 15 570 569
t 15 16 570
t 16 571 570
t 16 572 571
t 16 17 572
t 17 573 572
t 17 574 573
t 17 18 574
t 18 575 574
t 18 576 575
t 18 19 576
t 19 577 576
t 19 20 577
t 20 578 577
t 20 21 578
t 21 579 578
t 21 580 579
t 21 22 580
t 22 581 580
t 22 582 581
t 22 23 582
t 23 583 582
t 23 584 583
t 23 24 584
t 24 585 584
t 24 586 585
t 24 25 586
t 25 587 586
t 25 588 587
t 25 26 588
t 26 589 588
t 26 590 589
t 26 27 590
t 27 591 590
t 27 592 591
t 27 28 592
t 28 593 592
t 28 594 593
t 28 29 594
t 29 595 594
t 29 596 595
t 29 597 596
t 29 598 597
t 29 599 598
t 29 600 599
t 29 601 600
t 29 602 601
t 29 603 602
t 29 604 603
t 29 605 604
t 29 606 605
t 29 607 606
t 29 43 607
t 29 30 43
t 158 156 157
t 158 155 156
t 158 154 155
t 158 153 154
t 158 152 153
t 158 151 152
t 158 150 151
t 158 149 150
t 158 148 149
t 158 147 148
t 158 146 147
t 158 145 146
t 158 144 145
t 43 44 45
t 43 45 46
t 43 46 47
t 43 47 48
t 43 48 49
t 43 49 50
t 43 50 51
t 43 51 52
t 43 52 53
t 43 53 54
t 43 54 55
t 43 55 56
t 43 56 57
t 158 608 144
t 158 609 608
t 158 610 609
t 158 611 610
t 158 612 611
t 158 613 612
t 158 614 613
t 158 615 614
t 158 616 615
t 158 617 616
t 158 618 617
t 158 619 618
t 158 620 619
t 158 621 620
t 158 622 621
t 158 527 622
t 527 623 622
t 527 528 623
t 528 624 623
t 528 529 624
t 529 625 624
t 529 530 625
t 530 626 625
t 530 531 626
t 531 627 626
t 531 532 627
t 532 628 627
t 532 533 628
t 533 629 628
t 533 534 629
t 534 630 629
t 534 535 630
t 535 631 630
t 535 536 631
t 536 632 631
t 536 537 632
t 537 633 632
t 537 538 633
t 538 634 633
t 538 539 634
t 539 635 634
t 539 540 635
t 540 636 635
t 540 541 636
t 541 637 636
t 541 542 637
t 542 638 637
t 542 543 638
t 543 639 638
t 543 544 639
t 544 640 639
t 544 545 640
t 545 641 640
t 545 546 641
t 546 642 641
t 546 547 642
t 547 643 642
t 547 548 643
t 548 644 643
t 548 549 644
t 549 645 644
t 549 550 645
t 550 646 645
t 550 551 646
t 551 647 646
t 551 552 647
t 552 648 647
t 552 553 648
t 553 649 648
t 553 554 649
t 554 650 649
t 554 555 650
t 555 651 650
t 555 556 651
t 556 652 651
t 556 557 652
t 557 653 652
t 557 558 653
t 558 654 653
t 558 559 654
t 559 655 654
t 559 560 655
t 560 656 655
t 560 561 656
t 561 657 656
t 561 562 657
t 562 658 657
t 562 563 658
t 563 659 658
t 563 564 659
t 564 660 659
t 564 565 660
t 565 661 660
t 565 566 661
t 566 662 661
t 566 567 662
t 567 663 662
t 567 568 663
t 568 664 663
t 568 569 664
t 569 665 664
t 569 570 665
t 570 666 665
t 570 571 666
t 571 667 666
t 571 572 667
t 572 668 667
t 572 573 668
t 573 669 668
t 573 574 669
t 574 670 669
t 574 575 670
t 575 671 670
t 575 576 671
t 576 672 671
t 576 577 672
t 577 673 672
t 577 578 673
t 578 674 673
t 578 579 674
t 579 675 674
t 579 580 675
t 580 676 675
t 580 581 676
t 581 677 676
t 581 582 677
t 582 678 677
t 582 583 678
t 583 679 678
t 583 584 679
t 584 680 679
t 584 585 680
t 585 681 680
t 585 586 681
t 586 682 681
t 586 587 682
t 587 683 682
t 587 588 683
t 588 684 683
t 588 589 684
t 589 685 684
t 589 590 685
t 590 686 685
t 590 591 686
t 591 687 686
t 591 592 687
t 592 688 687
t 592 593 688
t 593 689 688
t 593 594 689
t 594 690 689
t 594 595 690
t 595 691 690
t 595 596 691
t 596 692 691
t 596 597 692
t 597 693 692
t 597 598 693
t 598 694 693
t 598 599 694
t 599 695 694
t 599 600 695
t 600 696 695
t 600 601 696
t 601 697 696
t 601 602 697
t 602 698 697
t 602 603 698
t 603 699 698
t 603 604 699
t 604 700 699
t 604 605 700
t 605 701 700
t 605 606 701
t 606 702 701
t 606 607 702
t 607 703 702
t 607 43 703
t 43 704 703
t 43 705 704
t 43 706 705
t 43 707 706
t 43 708 707
t 43 709 708
t 43 710 709
t 43 711 710
t 43 712 711
t 43 713 712
t 43 714 713
t 43 715 714
t 43 716 715
t 43 717 716
t 43 718 717
t 43 719 718
t 43 720 719
t 43 721 720
t 43 722 721
t 43 723 722
t 43 724 723
t 43 725 724
t 43 726 725
t 43 727 726
t 43 728 727
t 43 57 728
t 144 142 143
t 144 141 142
t 144 140 141
t 144 139 140
t 144 138 139
t 144 137 138
t 144 136 137
t 144 135 136
t 144 134 135
t 144 133 134
t 144 132 133
t 144 131 132
t 144 130 131
t 57 58 59
t 57 59 60
t 57 60 61
t 57 61 62
t 57 62 63
t 57 63 64
t 57 64 65
t 57 65 66
t 57 66 67
t 57 67 68
t 57 68 69
t 57 69 70
t 57 70 71
t 144 729 130
t 144 730 729
t 144 731 730
t 144 732 731
t 144 733 732
t 144 734 733
t 144 735 734
t 144 736 735
t 144 737 736
t 144 738 737
t 144 739 738
t 144 740 739
t 144 741 740
t 144 742 741
t 144 608 742
t 608 743 742
t 608 609 743
t 609 744 743
t 609 610 744
t 610 745 744
t 610 611 745
t 611 746 745
t 611 612 746
t 612 747 746
t 612 613 747
t 613 748 747
t 613 614 748
t 614 749 748
t 614 615 749
t 615 750 749
t 615 616 750
t 616 751 750
t 616 617 751
t 617 752 751
t 617 618 752
t 618 753 752
t 618 619 753
t 619 754 753
t 619 620 754
t 620 755 754
t 620 621 755
t 621 756 755
t 621 622 756
t 622 757 756
t 622 623 757
t 623 758 757
t 623 624 758
t 624 759 758
t 624 625 759
t 625 760 759
t 625 626 760
t 626 761 760
t 626 627 761
t 627 762 761
t 627 628 762
t 628 763 762
t 628 629 763
t 629 764 763
t 629 630 764
t 630 765 764
t 630 631 765
t 631 766 765
t 631 632 766
t 632 767 766
t 632 633 767
t 633 768 767
t 633 634 768
t 634 769 768
t 634 635 769
t 635 770 769
t 635 636 770
t 636 771 770
t 636 637 771
t 637 772 771
t 637 638 772
t 638 773 772
t 638 639 773
t 639 774 773
t 639 640 774
t 640 775 774
t 640 641 775
t 641 776 775
t 641 642 776
t 642 777 776
t 642 643 777
t 643 778 777
t 643 644 778
t 644 779 778
t 644 645 779
t 645 780 779
t 645 646 780
t 646 781 780
t 646 647 781
t 647 782 781
t 647 648 782
t 648 783 782
t 648 649 783
t 649 784 783
t 649 650 784
t 650 785 784
t 650 651 785
t 651 786 785
t 651 652 786
t 652 787 786
t 652 653 787
t 653 788 787
t 653 654 788
t 654 789 788
t 654 655 789
t 655 790 789
t 655 656 790
t 656 791 790
t 656 657 791
t 657 792 791
t 657 658 792
t 658 793 792
t 658 659 793
t 659 794 793
t 659 660 794
t 660 795 794
t 660 661 795
t 661 796 795
t 661 662 796
t 662 797 796
t 662 663 797
t 663 798 797
t 663 664 798
t 664 799 798
t 664 665 799
t 665 800 799
t 665 666 800
t 666 801 800
t 666 667 801
t 667 802 801
t 667 668 802
t 668 803 802
t 668 669 803
t 669 804 803
t 669 670 804
t 670 805 804
t 670 671 805
t 671 806 805
t 671 672 806
t 672 807 806
t 672 673 807
t 673 808 807
t 673 674 808
t 674 809 808
t 674 675 809
t 675 810 809
t 675 676 810
t 676 811 810
t 676 677 811
t 677 812 811
t 677 678 812
t 678 813 812
t 678 679 813
t 679 814 813
t 679 680 814
t 680 815 814
t 680 681 815
t 681 816 815
t 681 682 816
t 682 817 816
t 682 683 817
t 683 818 817
t 683 684 818
t 684 819 818
t 684 685 819
t 685 820 819
t 685 686 820
t 686 821 820
t 686 687 821
t 687 822 821
t 687 688 822
t 688 823 822
t 688 689 823
t 689 824 823
t 689 690 824
t 690 825 824
t 690 691 825
t 691 826 825
t 691 692 826
t 692 827 826
t 692 693 827
t 693 828 827
t 693 694 828
t 694 829 828
t 694 695 829
t 695 830 829
t 695 696 830
t 696 831 830
t 696 697 831
t 697 832 831
t 697 698 832
t 698 833 832
t 698 699 833
t 699 834 833
t 699 700 834
t 700 835 834
t 700 701 835
t 701 836 835
t 701 702 836
t 702 71 836
t 702 703 71
t 703 704 71
t 704 705 71
t 705 706 71
t 706 707 71
t 707 708 71
t 708 709 71
t 709 710 71
t 710 711 71
t 711 712 71
t 712 713 71
t 713 714 71
t 714 715 71
t 715 716 71
t 716 717 71
t 717 718 71
t 718 719 71
t 719 720 71
t 720 721 71
t 721 722 71
t 722 723 71
t 723 724 71
t 724 725 71
t 725 726 71
t 726 727 71
t 727 728 71
t 728 57 71
t 130 128 129
t 130 127 128
t 130 126 127
t 130 125 126
t 130 124 125
t 130 123 124
t 130 122 123
t 130 121 122
t 130 120 121
t 130 119 120
t 130 118 119
t 130 117 118
t 130 116 117
t 71 72 73
t 71 73 74
t 71 74 75
t 71 75 76
t 71 76 77
t 71 77 78
t 71 78 79
t 71 79 80
t 71 80 81
t 71 81 82
t 71 82 83
t 71 83 84
t 71 84 85
t 130 729 116
t 729 730 116
t 730 731 116
t 731 732 116
t 732 733 116
t 733 734 116
t 734 735 116
t 735 736 116
t 736 737 116
t 737 738 116
t 738 739 116
t 739 740 116
t 740 741 116
t 741 742 116
t 742 743 116
t 743 115 116
t 743 744 115
t 744 745 115
t 745 746 115
t 746 747 115
t 747 748 115
t 748 749 115
t 749 750 115
t 750 751 115
t 751 752 115
t 752 753 115
t 753 754 115
t 754 755 115
t 755 756 115
t 756 757 115
t 757 758 115
t 758 114 115
t 758 759 114
t 759 760 114
t 760 761 114
t 761 762 114
t 762 763 114
t 763 764 114
t 764 765 114
t 765 766 114
t 766 767 114
t 767 768 114
t 768 769 114
t 769 770 114
t 770 113 114
t 770 771 113
t 771 772 113
t 772 773 113
t 773 112 113
t 773 774 112
t 774 775 112
t 775 111 112
t 775 776 111
t 776 777 111
t 777 110 111
t 777 778 110
t 778 779 110
t 779 109 110
t 779 780 109
t 780 781 109
t 781 108 109
t 781 782 108
t 782 783 108
t 783 107 108
t 783 784 107
t 784 785 107
t 785 106 107
t 785 786 106
t 786 787 106
t 787 105 106
t 787 788 105
t 788 789 105
t 789 104 105
t 789 790 104
t 790 791 104
t 791 103 104
t 791 792 103
t 792 793 103
t 793 102 103
t 793 794 102
t 794 795 102
t 795 101 102
t 795 796 101
t 796 797 101
t 797 100 101
t 797 798 100
t 798 799 100
t 799 99 100
t 799 800 99
t 800 801 99
t 801 98 99
t 801 802 98
t 802 803 98
t 803 97 98
t 803 804 97
t 804 805 97
t 805 96 97
t 805 806 96
t 806 807 96
t 807 95 96
t 807 808 95
t 808 809 95
t 809 94 95
t 809 810 94
t 810 811 94
t 811 93 94
t 811 812 93
t 812 813 93
t 813 92 93
t 813 814 92
t 814 815 92
t 815 91 92
t 815 816 91
t 816 817 91
t 817 90 91
t 817 818 90
t 818 819 90
t 819 89 90
t 819 820 89
t 820 821 89
t 821 88 89
t 821 822 88
t 822 823 88
t 823 87 88
t 823 824 87
t 824 825 87
t 825 86 87
t 825 826 86
t 826 827 86
t 827 828 86
t 828 829 86
t 829 830 86
t 830 831 86
t 831 832 86
t 832 833 86
t 833 834 86
t 834 835 86
t 835 836 86
t 836 71 86
t 71 85 86
