type=Nurbs forward=true n_boundary=165 n_holes=0 n_interior=203 n_tris=803 label=brep62542_f90_Nurbs(deg=3/3, cps=4x20)
boundary
b 0.863974105 0.986636541
b 0.843677595 0.973457579
b 0.823497431 0.960495901
b 0.803732784 0.947783840
b 0.784667382 0.935342418
b 0.766521000 0.923101869
b 0.749496771 0.910948240
b 0.733811221 0.898767891
b 0.719648841 0.886448961
b 0.706973142 0.873912742
b 0.695575932 0.861111350
b 0.685230374 0.847998383
b 0.675676618 0.834524629
b 0.666627262 0.820665970
b 0.657775342 0.806442377
b 0.648826640 0.791878402
b 0.639509608 0.776999494
b 0.629625015 0.761820368
b 0.619222129 0.746321130
b 0.608404235 0.730476180
b 0.597251874 0.714260341
b 0.585840797 0.697651173
b 0.574352980 0.680641662
b 0.562949971 0.663229896
b 0.551746146 0.645413715
b 0.540808574 0.627188840
b 0.530097241 0.608529330
b 0.519446933 0.589394767
b 0.508599012 0.569742859
b 0.497234646 0.549531493
b 0.485245077 0.528751069
b 0.472747762 0.507432763
b 0.459854379 0.485604863
b 0.446644729 0.463287087
b 0.433029895 0.440560178
b 0.418731880 0.417681996
b 0.403784553 0.394936873
b 0.388574887 0.372592964
b 0.373689699 0.350862406
b 0.359196304 0.329746047
b 0.344947210 0.309182609
b 0.330849726 0.289091927
b 0.316776094 0.269384145
b 0.302639723 0.249876316
b 0.288201028 0.230328928
b 0.273262791 0.210513532
b 0.257621690 0.190207173
b 0.241191506 0.169254039
b 0.224139885 0.147565804
b 0.206511047 0.125074219
b 0.188254226 0.101733596
b 0.169459806 0.077529383
b 0.150618749 0.052503964
b 0.132518104 0.026667683
b 0.116073204 -0.000000239
b 0.130705369 -0.000011577
b 0.145263115 -0.000023416
b 0.159749737 -0.000035743
b 0.174168432 -0.000048546
b 0.188522311 -0.000061815
b 0.202814414 -0.000075538
b 0.217047718 -0.000089702
b 0.231225153 -0.000104298
b 0.245349609 -0.000119312
b 0.259423948 -0.000134733
b 0.273451015 -0.000150550
b 0.287433650 -0.000166751
b 0.301374694 -0.000183325
b 0.315277003 -0.000200259
b 0.329143423 -0.000217545
b 0.342976705 -0.000235177
b 0.356779526 -0.000253150
b 0.370554491 -0.000271461
b 0.384304156 -0.000290103
b 0.398031027 -0.000309073
b 0.411737580 -0.000328365
b 0.425426266 -0.000347976
b 0.439099525 -0.000367899
b 0.452759791 -0.000388130
b 0.466409508 -0.000408665
b 0.480051136 -0.000429499
b 0.493687164 -0.000450626
b 0.507320122 -0.000472041
b 0.520952664 -0.000493741
b 0.534587512 -0.000515720
b 0.548227347 -0.000537975
b 0.561874815 -0.000560502
b 0.575532538 -0.000583296
b 0.589203119 -0.000606354
b 0.602889157 -0.000629670
b 0.616593255 -0.000653240
b 0.630318029 -0.000677060
b 0.644066118 -0.000701125
b 0.657840196 -0.000725431
b 0.671642978 -0.000749973
b 0.685477238 -0.000774747
b 0.699345809 -0.000799745
b 0.713251581 -0.000824953
b 0.727197436 -0.000850348
b 0.741186246 -0.000875907
b 0.755220879 -0.000901609
b 0.769304212 -0.000927431
b 0.783439137 -0.000953351
b 0.797628576 -0.000979345
b 0.811875489 -0.001005390
b 0.826182883 -0.001031463
b 0.840553829 -0.001057541
b 0.854991467 -0.001083599
b 0.869499020 -0.001109615
b 0.884079809 -0.001135563
b 0.884128217 0.016844541
b 0.884211441 0.034480381
b 0.884260827 0.051772784
b 0.884239108 0.068721885
b 0.884140361 0.085327636
b 0.884031626 0.101596504
b 0.883975729 0.117540429
b 0.883963665 0.133167786
b 0.883985554 0.148485205
b 0.884034892 0.163497842
b 0.884079809 0.178210365
b 0.884068193 0.192636636
b 0.884057288 0.206826521
b 0.884086738 0.220839006
b 0.884136653 0.234732669
b 0.884125498 0.248565135
b 0.884016762 0.262393873
b 0.883889628 0.276268157
b 0.883825037 0.290228378
b 0.883855537 0.304315539
b 0.883963170 0.318571230
b 0.884079809 0.333037159
b 0.884131793 0.347749709
b 0.884135386 0.362726309
b 0.884120045 0.377981348
b 0.884103378 0.393531117
b 0.884089143 0.409393850
b 0.884066035 0.425588796
b 0.884027543 0.442124669
b 0.883986807 0.459002083
b 0.883964603 0.476223381
b 0.883986357 0.493793191
b 0.884079809 0.511717586
b 0.884253224 0.530000987
b 0.884429314 0.548648978
b 0.884510686 0.567668148
b 0.884417926 0.587065115
b 0.884198677 0.606841463
b 0.883974045 0.626998282
b 0.883780224 0.647537369
b 0.883600736 0.668459020
b 0.883510541 0.689762887
b 0.883638217 0.711450525
b 0.884079809 0.733522417
b 0.884759234 0.755974463
b 0.885336077 0.778801186
b 0.885541940 0.801991039
b 0.885228367 0.825529457
b 0.884495731 0.849404648
b 0.883693744 0.873609751
b 0.883149756 0.898155210
b 0.883117312 0.923064330
b 0.883465528 0.948343131
b 0.883881751 0.973988960
b 0.884079809 1.000000000
interior
i 0.212256796 0.124006382
i 0.308440388 0.124006382
i 0.404623980 0.124006382
i 0.500807572 0.124006382
i 0.596991164 0.124006382
i 0.693174756 0.124006382
i 0.789358348 0.124006382
i 0.308440388 0.249148328
i 0.404623980 0.249148328
i 0.500807572 0.249148328
i 0.596991164 0.249148328
i 0.693174756 0.249148328
i 0.789358348 0.249148328
i 0.404623980 0.374290273
i 0.500807572 0.374290273
i 0.596991164 0.374290273
i 0.693174756 0.374290273
i 0.789358348 0.374290273
i 0.500807572 0.499432218
i 0.596991164 0.499432218
i 0.693174756 0.499432218
i 0.789358348 0.499432218
i 0.596991164 0.624574164
i 0.693174756 0.624574164
i 0.789358348 0.624574164
i 0.693174756 0.749716109
i 0.789358348 0.749716109
i 0.789358348 0.874858055
i 0.164165000 0.061435410
i 0.140119102 0.030149923
i 0.188210898 0.030149923
i 0.188210898 0.092720896
i 0.260348592 0.061435410
i 0.236302694 0.030149923
i 0.284394490 0.030149923
i 0.236302694 0.092720896
i 0.284394490 0.092720896
i 0.260348592 0.186577355
i 0.236302694 0.155291869
i 0.284394490 0.155291869
i 0.284394490 0.217862841
i 0.356532184 0.061435410
i 0.332486286 0.030149923
i 0.380578082 0.030149923
i 0.332486286 0.092720896
i 0.380578082 0.092720896
i 0.356532184 0.186577355
i 0.332486286 0.155291869
i 0.380578082 0.155291869
i 0.332486286 0.217862841
i 0.380578082 0.217862841
i 0.356532184 0.311719300
i 0.332486286 0.280433814
i 0.380578082 0.280433814
i 0.380578082 0.343004787
i 0.452715776 0.061435410
i 0.428669878 0.030149923
i 0.476761674 0.030149923
i 0.428669878 0.092720896
i 0.476761674 0.092720896
i 0.452715776 0.186577355
i 0.428669878 0.155291869
i 0.476761674 0.155291869
i 0.428669878 0.217862841
i 0.476761674 0.217862841
i 0.452715776 0.311719300
i 0.428669878 0.280433814
i 0.476761674 0.280433814
i 0.428669878 0.343004787
i 0.476761674 0.343004787
i 0.452715776 0.436861246
i 0.428669878 0.405575759
i 0.476761674 0.405575759
i 0.476761674 0.468146732
i 0.548899368 0.061435410
i 0.524853470 0.030149923
i 0.572945266 0.030149923
i 0.524853470 0.092720896
i 0.572945266 0.092720896
i 0.548899368 0.186577355
i 0.524853470 0.155291869
i 0.572945266 0.155291869
i 0.524853470 0.217862841
i 0.572945266 0.217862841
i 0.548899368 0.311719300
i 0.524853470 0.280433814
i 0.572945266 0.280433814
i 0.524853470 0.343004787
i 0.572945266 0.343004787
i 0.548899368 0.436861246
i 0.524853470 0.405575759
i 0.572945266 0.405575759
i 0.524853470 0.468146732
i 0.572945266 0.468146732
i 0.548899368 0.562003191
i 0.524853470 0.530717705
i 0.572945266 0.530717705
i 0.524853470 0.593288677
i 0.572945266 0.593288677
i 0.645082960 0.061435410
i 0.621037062 0.030149923
i 0.669128858 0.030149923
i 0.621037062 0.092720896
i 0.669128858 0.092720896
i 0.645082960 0.186577355
i 0.621037062 0.155291869
i 0.669128858 0.155291869
i 0.621037062 0.217862841
i 0.669128858 0.217862841
i 0.645082960 0.311719300
i 0.621037062 0.280433814
i 0.669128858 0.280433814
i 0.621037062 0.343004787
i 0.669128858 0.343004787
i 0.645082960 0.436861246
i 0.621037062 0.405575759
i 0.669128858 0.405575759
i 0.621037062 0.468146732
i 0.669128858 0.468146732
i 0.645082960 0.562003191
i 0.621037062 0.530717705
i 0.669128858 0.530717705
i 0.621037062 0.593288677
i 0.669128858 0.593288677
i 0.645082960 0.687145137
i 0.621037062 0.655859650
i 0.669128858 0.655859650
i 0.621037062 0.718430623
i 0.669128858 0.718430623
i 0.741266552 0.061435410
i 0.717220654 0.030149923
i 0.765312450 0.030149923
i 0.717220654 0.092720896
i 0.765312450 0.092720896
i 0.741266552 0.186577355
i 0.717220654 0.155291869
i 0.765312450 0.155291869
i 0.717220654 0.217862841
i 0.765312450 0.217862841
i 0.741266552 0.311719300
i 0.717220654 0.280433814
i 0.765312450 0.280433814
i 0.717220654 0.343004787
i 0.765312450 0.343004787
i 0.741266552 0.436861246
i 0.717220654 0.405575759
i 0.765312450 0.405575759
i 0.717220654 0.468146732
i 0.765312450 0.468146732
i 0.741266552 0.562003191
i 0.717220654 0.530717705
i 0.765312450 0.530717705
i 0.717220654 0.593288677
i 0.765312450 0.593288677
i 0.741266552 0.687145137
i 0.717220654 0.655859650
i 0.765312450 0.655859650
i 0.717220654 0.718430623
i 0.765312450 0.718430623
i 0.741266552 0.812287082
i 0.717220654 0.781001596
i 0.765312450 0.781001596
i 0.717220654 0.843572568
i 0.765312450 0.843572568
i 0.837450144 0.061435410
i 0.813404246 0.030149923
i 0.861496042 0.030149923
i 0.813404246 0.092720896
i 0.861496042 0.092720896
i 0.837450144 0.186577355
i 0.813404246 0.155291869
i 0.861496042 0.155291869
i 0.813404246 0.217862841
i 0.861496042 0.217862841
i 0.837450144 0.311719300
i 0.813404246 0.280433814
i 0.861496042 0.280433814
i 0.813404246 0.343004787
i 0.861496042 0.343004787
i 0.837450144 0.436861246
i 0.813404246 0.405575759
i 0.861496042 0.405575759
i 0.813404246 0.468146732
i 0.861496042 0.468146732
i 0.837450144 0.562003191
i 0.813404246 0.530717705
i 0.861496042 0.530717705
i 0.813404246 0.593288677
i 0.861496042 0.593288677
i 0.837450144 0.687145137
i 0.813404246 0.655859650
i 0.861496042 0.655859650
i 0.813404246 0.718430623
i 0.861496042 0.718430623
i 0.837450144 0.812287082
i 0.813404246 0.781001596
i 0.861496042 0.781001596
i 0.813404246 0.843572568
i 0.861496042 0.843572568
i 0.837450144 0.937429027
i 0.813404246 0.906143541
i 0.861496042 0.906143541
i 0.861496042 0.968714514
tris
t 54 55 368
t 55 56 368
t 56 57 368
t 57 58 368
t 58 59 368
t 59 60 368
t 60 61 368
t 61 62 368
t 62 382 368
t 62 63 382
t 63 383 382
t 63 384 383
t 63 64 384
t 64 385 384
t 64 386 385
t 64 65 386
t 65 387 386
t 65 66 387
t 66 388 387
t 66 389 388
t 66 67 389
t 67 390 389
t 67 391 390
t 67 68 391
t 68 392 391
t 68 393 392
t 68 69 393
t 69 394 393
t 69 395 394
t 69 70 395
t 70 396 395
t 70 397 396
t 70 71 397
t 71 398 397
t 71 399 398
t 71 72 399
t 72 400 399
t 72 401 400
t 72 73 401
t 73 402 401
t 73 403 402
t 73 74 403
t 74 404 403
t 74 405 404
t 74 75 405
t 75 406 405
t 75 407 406
t 75 76 407
t 76 408 407
t 76 409 408
t 76 77 409
t 77 410 409
t 77 411 410
t 77 78 411
t 78 412 411
t 78 413 412
t 78 79 413
t 79 414 413
t 79 415 414
t 79 80 415
t 80 416 415
t 80 417 416
t 80 81 417
t 81 418 417
t 81 419 418
t 81 82 419
t 82 420 419
t 82 421 420
t 82 422 421
t 82 83 422
t 83 423 422
t 83 424 423
t 83 84 424
t 84 425 424
t 84 426 425
t 84 85 426
t 85 427 426
t 85 428 427
t 85 86 428
t 86 429 428
t 86 430 429
t 86 431 430
t 86 87 431
t 87 432 431
t 87 433 432
t 87 88 433
t 88 434 433
t 88 435 434
t 88 89 435
t 89 436 435
t 89 437 436
t 89 90 437
t 90 438 437
t 90 439 438
t 90 440 439
t 90 91 440
t 91 441 440
t 91 442 441
t 91 92 442
t 92 443 442
t 92 444 443
t 92 445 444
t 92 93 445
t 93 446 445
t 93 447 446
t 93 94 447
t 94 448 447
t 94 449 448
t 94 450 449
t 94 95 450
t 95 451 450
t 95 452 451
t 95 96 452
t 96 453 452
t 96 454 453
t 96 97 454
t 97 455 454
t 97 456 455
t 97 98 456
t 98 457 456
t 98 458 457
t 98 99 458
t 99 459 458
t 99 460 459
t 99 100 460
t 100 461 460
t 100 369 461
t 100 101 369
t 101 102 369
t 102 103 369
t 103 104 369
t 104 105 369
t 105 106 369
t 106 107 369
t 107 108 369
t 108 109 369
t 54 368 53
t 53 368 52
t 52 368 51
t 51 368 50
t 50 368 49
t 49 368 370
t 109 110 369
t 110 111 369
t 111 112 369
t 112 113 369
t 113 114 369
t 114 115 369
t 115 116 369
t 116 117 369
t 117 371 369
t 368 382 370
t 382 383 370
t 383 384 370
t 384 385 370
t 385 386 370
t 386 387 370
t 387 388 370
t 388 389 370
t 389 390 370
t 390 391 370
t 391 392 370
t 392 462 370
t 392 393 462
t 393 463 462
t 393 394 463
t 394 464 463
t 394 395 464
t 395 465 464
t 395 396 465
t 396 466 465
t 396 397 466
t 397 467 466
t 397 398 467
t 398 468 467
t 398 399 468
t 399 469 468
t 399 400 469
t 400 470 469
t 400 401 470
t 401 471 470
t 401 402 471
t 402 472 471
t 402 403 472
t 403 473 472
t 403 404 473
t 404 474 473
t 404 405 474
t 405 475 474
t 405 406 475
t 406 476 475
t 406 407 476
t 407 477 476
t 407 408 477
t 408 478 477
t 408 409 478
t 409 479 478
t 409 410 479
t 410 480 479
t 410 411 480
t 411 481 480
t 411 412 481
t 412 482 481
t 412 413 482
t 413 483 482
t 413 414 483
t 414 484 483
t 414 415 484
t 415 485 484
t 415 416 485
t 416 486 485
t 416 417 486
t 417 487 486
t 417 418 487
t 418 488 487
t 418 419 488
t 419 489 488
t 419 420 489
t 420 490 489
t 420 421 490
t 421 491 490
t 421 422 491
t 422 492 491
t 422 423 492
t 423 493 492
t 423 424 493
t 424 494 493
t 424 425 494
t 425 495 494
t 425 426 495
t 426 496 495
t 426 427 496
t 427 497 496
t 427 428 497
t 428 498 497
t 428 429 498
t 429 499 498
t 429 430 499
t 430 500 499
t 430 431 500
t 431 501 500
t 431 432 501
t 432 502 501
t 432 433 502
t 433 503 502
t 433 434 503
t 434 504 503
t 434 435 504
t 435 505 504
t 435 436 505
t 436 506 505
t 436 437 506
t 437 507 506
t 437 438 507
t 438 508 507
t 438 439 508
t 439 509 508
t 439 440 509
t 440 510 509
t 440 441 510
t 441 511 510
t 441 442 511
t 442 512 511
t 442 443 512
t 443 513 512
t 443 444 513
t 444 514 513
t 444 445 514
t 445 515 514
t 445 446 515
t 446 516 515
t 446 447 516
t 447 517 516
t 447 448 517
t 448 518 517
t 448 449 518
t 449 519 518
t 449 450 519
t 450 520 519
t 450 451 520
t 451 521 520
t 451 452 521
t 452 522 521
t 452 453 522
t 453 523 522
t 453 454 523
t 454 524 523
t 454 455 524
t 455 525 524
t 455 456 525
t 456 526 525
t 456 457 526
t 457 527 526
t 457 458 527
t 458 528 527
t 458 459 528
t 459 529 528
t 459 460 529
t 460 530 529
t 460 461 530
t 461 531 530
t 461 369 531
t 369 532 531
t 369 533 532
t 369 371 533
t 49 370 48
t 48 370 47
t 47 370 46
t 46 370 45
t 45 370 44
t 44 370 372
t 117 118 371
t 118 119 371
t 119 120 371
t 120 121 371
t 121 122 371
t 122 123 371
t 123 124 371
t 124 125 371
t 125 373 371
t 370 462 372
t 462 463 372
t 463 464 372
t 464 465 372
t 465 466 372
t 466 467 372
t 467 468 372
t 468 469 372
t 469 470 372
t 470 471 372
t 471 472 372
t 472 473 372
t 473 474 372
t 474 534 372
t 474 475 534
t 475 535 534
t 475 476 535
t 476 536 535
t 476 477 536
t 477 537 536
t 477 478 537
t 478 538 537
t 478 479 538
t 479 539 538
t 479 480 539
t 480 540 539
t 480 481 540
t 481 541 540
t 481 482 541
t 482 542 541
t 482 483 542
t 483 543 542
t 483 484 543
t 484 544 543
t 484 485 544
t 485 545 544
t 485 486 545
t 486 546 545
t 486 487 546
t 487 547 546
t 487 488 547
t 488 548 547
t 488 489 548
t 489 549 548
t 489 490 549
t 490 550 549
t 490 491 550
t 491 551 550
t 491 492 551
t 492 552 551
t 492 493 552
t 493 553 552
t 493 494 553
t 494 554 553
t 494 495 554
t 495 555 554
t 495 496 555
t 496 556 555
t 496 497 556
t 497 557 556
t 497 498 557
t 498 558 557
t 498 499 558
t 499 559 558
t 499 500 559
t 500 560 559
t 500 501 560
t 501 561 560
t 501 502 561
t 502 562 561
t 502 503 562
t 503 563 562
t 503 504 563
t 504 564 563
t 504 505 564
t 505 565 564
t 505 506 565
t 506 566 565
t 506 507 566
t 507 567 566
t 507 508 567
t 508 568 567
t 508 509 568
t 509 569 568
t 509 510 569
t 510 570 569
t 510 511 570
t 511 571 570
t 511 512 571
t 512 572 571
t 512 513 572
t 513 573 572
t 513 514 573
t 514 574 573
t 514 515 574
t 515 575 574
t 515 516 575
t 516 576 575
t 516 517 576
t 517 577 576
t 517 518 577
t 518 578 577
t 518 519 578
t 519 579 578
t 519 520 579
t 520 580 579
t 520 521 580
t 521 581 580
t 521 522 581
t 522 582 581
t 522 523 582
t 523 583 582
t 523 524 583
t 524 584 583
t 524 525 584
t 525 585 584
t 525 526 585
t 526 586 585
t 526 527 586
t 527 587 586
t 527 528 587
t 528 588 587
t 528 529 588
t 529 589 588
t 529 530 589
t 530 590 589
t 530 531 590
t 531 591 590
t 531 532 591
t 532 592 591
t 532 533 592
t 533 593 592
t 533 371 593
t 371 373 593
t 44 372 43
t 43 372 42
t 42 372 41
t 41 372 40
t 40 372 39
t 39 372 38
t 38 372 374
t 125 126 373
t 126 127 373
t 127 128 373
t 128 129 373
t 129 130 373
t 130 131 373
t 131 132 373
t 132 133 373
t 133 375 373
t 372 534 374
t 534 535 374
t 535 536 374
t 536 537 374
t 537 538 374
t 538 539 374
t 539 540 374
t 540 541 374
t 541 542 374
t 542 543 374
t 543 544 374
t 544 545 374
t 545 546 374
t 546 547 374
t 547 548 374
t 548 549 374
t 549 594 374
t 549 550 594
t 550 595 594
t 550 551 595
t 551 596 595
t 551 552 596
t 552 597 596
t 552 553 597
t 553 598 597
t 553 554 598
t 554 599 598
t 554 555 599
t 555 600 599
t 555 556 600
t 556 601 600
t 556 557 601
t 557 602 601
t 557 558 602
t 558 603 602
t 558 559 603
t 559 604 603
t 559 560 604
t 560 605 604
t 560 561 605
t 561 606 605
t 561 562 606
t 562 607 606
t 562 563 607
t 563 608 607
t 563 564 608
t 564 609 608
t 564 565 609
t 565 610 609
t 565 566 610
t 566 611 610
t 566 567 611
t 567 612 611
t 567 568 612
t 568 613 612
t 568 569 613
t 569 614 613
t 569 570 614
t 570 615 614
t 570 571 615
t 571 616 615
t 571 572 616
t 572 617 616
t 572 573 617
t 573 618 617
t 573 574 618
t 574 619 618
t 574 575 619
t 575 620 619
t 575 576 620
t 576 621 620
t 576 577 621
t 577 622 621
t 577 578 622
t 578 623 622
t 578 579 623
t 579 624 623
t 579 580 624
t 580 625 624
t 580 581 625
t 581 626 625
t 581 582 626
t 582 627 626
t 582 583 627
t 583 628 627
t 583 584 628
t 584 629 628
t 584 585 629
t 585 630 629
t 585 586 630
t 586 631 630
t 586 587 631
t 587 632 631
t 587 588 632
t 588 633 632
t 588 589 633
t 589 634 633
t 589 590 634
t 590 635 634
t 590 591 635
t 591 636 635
t 591 375 636
t 591 592 375
t 592 593 375
t 593 373 375
t 38 374 37
t 37 374 36
t 36 374 35
t 35 374 34
t 34 374 33
t 33 374 32
t 32 374 376
t 133 134 375
t 134 135 375
t 135 136 375
t 136 137 375
t 137 138 375
t 138 139 375
t 139 140 375
t 140 141 375
t 141 377 375
t 374 594 376
t 594 595 376
t 595 596 376
t 596 597 376
t 597 598 376
t 598 599 376
t 599 600 376
t 600 601 376
t 601 602 376
t 602 603 376
t 603 604 376
t 604 605 376
t 605 606 376
t 606 607 376
t 607 608 376
t 608 609 376
t 609 610 376
t 610 637 376
t 610 611 637
t 611 638 637
t 611 612 638
t 612 639 638
t 612 613 639
t 613 640 639
t 613 614 640
t 614 641 640
t 614 615 641
t 615 642 641
t 615 616 642
t 616 643 642
t 616 617 643
t 617 644 643
t 617 618 644
t 618 645 644
t 618 619 645
t 619 646 645
t 619 620 646
t 620 647 646
t 620 621 647
t 621 648 647
t 621 622 648
t 622 649 648
t 622 623 649
t 623 650 649
t 623 624 650
t 624 651 650
t 624 625 651
t 625 652 651
t 625 626 652
t 626 653 652
t 626 627 653
t 627 654 653
t 627 628 654
t 628 655 654
t 628 629 655
t 629 656 655
t 629 630 656
t 630 657 656
t 630 631 657
t 631 658 657
t 631 632 658
t 632 659 658
t 632 633 659
t 633 660 659
t 633 634 660
t 634 661 660
t 634 377 661
t 634 635 377
t 635 636 377
t 636 375 377
t 32 376 31
t 31 376 30
t 30 376 29
t 29 376 28
t 28 376 27
t 27 376 26
t 26 376 25
t 25 376 378
t 141 142 377
t 142 143 377
t 143 144 377
t 144 145 377
t 145 146 377
t 146 147 377
t 147 379 377
t 376 637 378
t 637 638 378
t 638 639 378
t 639 640 378
t 640 641 378
t 641 642 378
t 642 643 378
t 643 644 378
t 644 645 378
t 645 646 378
t 646 647 378
t 647 648 378
t 648 649 378
t 649 662 378
t 649 650 662
t 650 663 662
t 650 651 663
t 651 664 663
t 651 652 664
t 652 665 664
t 652 653 665
t 653 666 665
t 653 654 666
t 654 667 666
t 654 655 667
t 655 668 667
t 655 656 668
t 656 669 668
t 656 657 669
t 657 670 669
t 657 658 670
t 658 671 670
t 658 659 671
t 659 672 671
t 659 660 672
t 660 673 672
t 660 661 673
t 661 674 673
t 661 377 674
t 377 675 674
t 377 676 675
t 377 379 676
t 25 378 24
t 24 378 23
t 23 378 22
t 22 378 21
t 21 378 20
t 20 378 19
t 19 378 18
t 18 378 380
t 147 148 379
t 148 149 379
t 149 150 379
t 150 151 379
t 151 152 379
t 152 153 379
t 153 381 379
t 378 662 380
t 662 663 380
t 663 664 380
t 664 665 380
t 665 666 380
t 666 667 380
t 667 668 380
t 668 669 380
t 669 670 380
t 670 677 380
t 670 671 677
t 671 678 677
t 671 672 678
t 672 679 678
t 672 673 679
t 673 680 679
t 673 674 680
t 674 681 680
t 674 675 681
t 675 682 681
t 675 676 682
t 676 683 682
t 676 379 683
t 379 684 683
t 379 685 684
t 379 686 685
t 379 687 686
t 379 381 687
t 18 380 17
t 17 380 16
t 16 380 15
t 15 380 14
t 14 380 13
t 13 380 12
t 12 380 11
t 11 380 10
t 10 380 9
t 9 380 8
t 8 380 7
t 7 380 6
t 6 380 5
t 5 380 4
t 4 380 3
t 3 380 2
t 2 380 1
t 1 380 0
t 0 380 164
t 153 154 381
t 154 155 381
t 155 156 381
t 156 157 381
t 157 158 381
t 158 159 381
t 159 160 381
t 160 161 381
t 161 162 381
t 162 163 381
t 163 164 381
t 380 677 164
t 677 678 164
t 678 679 164
t 679 680 164
t 680 681 164
t 681 682 164
t 682 683 164
t 683 684 164
t 684 685 164
t 685 686 164
t 686 687 164
t 687 381 164
