type=Cylinder forward=true n_boundary=150 n_holes=0 n_interior=33 n_tris=148 label=brep62542_f87_Cylinder
boundary
b 0.000000000 -0.000000000
b -0.101341699 -0.000000000
b -0.202683397 -0.000000000
b -0.304025096 -0.000000000
b -0.405366794 -0.000000000
b -0.506708493 -0.000000000
b -0.608050191 -0.000000000
b -0.709391890 -0.000000000
b -0.810733588 -0.000000000
b -0.912075287 -0.000000000
b -1.013416985 -0.000000000
b -1.114758684 -0.000000000
b -1.216100382 -0.000000000
b -1.317442081 -0.000000000
b -1.418783779 -0.000000000
b -1.520125478 -0.000000000
b -1.621467176 -0.000000000
b -1.722808875 -0.000000000
b -1.824150573 -0.000000000
b -1.925492272 -0.000000000
b -2.026833970 -0.000000000
b -2.128175669 -0.000000000
b -2.229517367 -0.000000000
b -2.330859066 -0.000000000
b -2.432200764 -0.000000000
b -2.533542463 -0.000000000
b -2.634884161 -0.000000000
b -2.736225860 -0.000000000
b -2.837567558 -0.000000000
b -2.938909257 -0.000000000
b -3.040250955 -0.000000000
b -3.141592654 -0.000000000
b -3.141592654 -0.050000000
b -3.111778822 -0.050000000
b -3.081964991 -0.050000000
b -3.052151160 -0.050000000
b -3.022337329 -0.050000000
b -2.992523497 -0.050000000
b -2.962709666 -0.050000000
b -2.932895835 -0.050000000
b -2.903082004 -0.050000000
b -2.873268172 -0.050000000
b -2.843454341 -0.050000000
b -2.813640510 -0.050000000
b -2.783826678 -0.050000000
b -2.754012847 -0.050000000
b -2.724199016 -0.050000000
b -2.694385185 -0.050000000
b -2.664571353 -0.050000000
b -2.634757522 -0.050000000
b -2.604943691 -0.050000000
b -2.575129860 -0.050000000
b -2.545316028 -0.050000000
b -2.515502197 -0.050000000
b -2.485688366 -0.050000000
b -2.455874535 -0.050000000
b -2.426060703 -0.050000000
b -2.396246872 -0.050000000
b -2.366433041 -0.050000000
b -2.336619210 -0.050000000
b -2.306805378 -0.050000000
b -2.276991547 -0.050000000
b -2.247177716 -0.050000000
b -2.217363885 -0.050000000
b -2.195489237 -0.054915038
b -2.173848054 -0.059717345
b -2.152425385 -0.064406248
b -2.131206861 -0.068981080
b -2.110175282 -0.073441521
b -2.089308527 -0.077787787
b -2.068584400 -0.082020141
b -2.047981461 -0.086138691
b -2.027482097 -0.090141731
b -2.007071058 -0.094026387
b -1.986733252 -0.097789764
b -1.966452404 -0.101429225
b -1.946207072 -0.104943155
b -1.925974762 -0.108330195
b -1.905732440 -0.111589046
b -1.885402114 -0.114722017
b -1.864819191 -0.117737005
b -1.843810286 -0.120642389
b -1.822212384 -0.123444642
b -1.799991794 -0.126128071
b -1.777197498 -0.128662688
b -1.753878427 -0.131018262
b -1.730037914 -0.133165311
b -1.705500986 -0.135077338
b -1.680044892 -0.136728593
b -1.653446546 -0.138093069
b -1.625637572 -0.139129344
b -1.596788349 -0.139772108
b -1.567083298 -0.139953994
b -1.536718588 -0.139614015
b -1.506122609 -0.138765329
b -1.475883435 -0.137468930
b -1.446597000 -0.135786612
b -1.418700109 -0.133773821
b -1.391992559 -0.131460636
b -1.366118317 -0.128870788
b -1.340729840 -0.126028065
b -1.315647822 -0.122959459
b -1.290946570 -0.119696931
b -1.266722721 -0.116272871
b -1.243061470 -0.112718035
b -1.219913272 -0.109044203
b -1.197142522 -0.105250912
b -1.174613845 -0.101337497
b -1.152207783 -0.097303108
b -1.129860931 -0.093146170
b -1.107523302 -0.088864923
b -1.085144734 -0.084457614
b -1.062680567 -0.079922796
b -1.040094492 -0.075259495
b -1.017350491 -0.070466780
b -0.994413245 -0.065543819
b -0.971258789 -0.060490961
b -0.947869934 -0.055309314
b -0.924228769 -0.050000000
b -0.894414938 -0.050000000
b -0.864601107 -0.050000000
b -0.834787275 -0.050000000
b -0.804973444 -0.050000000
b -0.775159613 -0.050000000
b -0.745345781 -0.050000000
b -0.715531950 -0.050000000
b -0.685718119 -0.050000000
b -0.655904288 -0.050000000
b -0.626090456 -0.050000000
b -0.596276625 -0.050000000
b -0.566462794 -0.050000000
b -0.536648963 -0.050000000
b -0.506835131 -0.050000000
b -0.477021300 -0.050000000
b -0.447207469 -0.050000000
b -0.417393638 -0.050000000
b -0.387579806 -0.050000000
b -0.357765975 -0.050000000
b -0.327952144 -0.050000000
b -0.298138313 -0.050000000
b -0.268324481 -0.050000000
b -0.238510650 -0.050000000
b -0.208696819 -0.050000000
b -0.178882988 -0.050000000
b -0.149069156 -0.050000000
b -0.119255325 -0.050000000
b -0.089441494 -0.050000000
b -0.059627663 -0.050000000
b -0.029813831 -0.050000000
b 0.000000000 -0.050000000
interior
i -1.832595715 -0.116628328
i -1.570796327 -0.116628328
i -1.308996939 -0.116628328
i -1.832595715 -0.093302663
i -1.570796327 -0.093302663
i -1.308996939 -0.093302663
i -2.094395102 -0.069976997
i -1.832595715 -0.069976997
i -1.570796327 -0.069976997
i -1.308996939 -0.069976997
i -1.047197551 -0.069976997
i -2.879793266 -0.046651331
i -2.617993878 -0.046651331
i -2.356194490 -0.046651331
i -2.094395102 -0.046651331
i -1.832595715 -0.046651331
i -1.570796327 -0.046651331
i -1.308996939 -0.046651331
i -1.047197551 -0.046651331
i -0.785398163 -0.046651331
i -0.523598776 -0.046651331
i -0.261799388 -0.046651331
i -2.879793266 -0.023325666
i -2.617993878 -0.023325666
i -2.356194490 -0.023325666
i -2.094395102 -0.023325666
i -1.832595715 -0.023325666
i -1.570796327 -0.023325666
i -1.308996939 -0.023325666
i -1.047197551 -0.023325666
i -0.785398163 -0.023325666
i -0.523598776 -0.023325666
i -0.261799388 -0.023325666
tris
t 32 33 31
t 33 34 31
t 34 35 31
t 35 30 31
t 35 36 30
t 36 37 30
t 37 38 30
t 38 29 30
t 38 39 29
t 39 40 29
t 40 41 29
t 41 42 29
t 42 28 29
t 42 43 28
t 43 44 28
t 44 45 28
t 45 27 28
t 45 46 27
t 46 47 27
t 47 48 27
t 48 26 27
t 48 49 26
t 49 50 26
t 50 51 26
t 51 52 26
t 52 25 26
t 52 53 25
t 53 54 25
t 54 55 25
t 55 24 25
t 55 56 24
t 56 57 24
t 57 58 24
t 58 59 24
t 59 23 24
t 59 60 23
t 60 61 23
t 61 62 23
t 62 22 23
t 62 63 22
t 63 64 22
t 64 65 22
t 65 66 22
t 66 67 22
t 67 21 22
t 67 68 21
t 68 69 21
t 69 70 21
t 70 71 21
t 71 72 21
t 72 20 21
t 72 73 20
t 73 74 20
t 74 75 20
t 75 76 20
t 76 77 20
t 77 19 20
t 77 78 19
t 78 79 19
t 79 80 19
t 80 81 19
t 81 18 19
t 81 82 18
t 82 83 18
t 83 84 18
t 84 85 18
t 85 86 18
t 86 17 18
t 86 87 17
t 87 88 17
t 88 89 17
t 89 90 17
t 90 16 17
t 90 91 16
t 91 92 16
t 92 93 16
t 93 15 16
t 93 94 15
t 94 95 15
t 95 96 15
t 96 14 15
t 96 97 14
t 97 98 14
t 98 99 14
t 99 100 14
t 100 13 14
t 100 101 13
t 101 102 13
t 102 103 13
t 103 104 13
t 104 105 13
t 105 12 13
t 105 106 12
t 106 107 12
t 107 108 12
t 108 109 12
t 109 11 12
t 109 110 11
t 110 111 11
t 111 112 11
t 112 113 11
t 113 114 11
t 114 10 11
t 114 115 10
t 115 116 10
t 116 117 10
t 117 118 10
t 118 9 10
t 118 119 9
t 119 120 9
t 120 121 9
t 121 8 9
t 121 122 8
t 122 123 8
t 123 124 8
t 124 125 8
t 125 7 8
t 125 126 7
t 126 127 7
t 127 128 7
t 128 6 7
t 128 129 6
t 129 130 6
t 130 131 6
t 131 132 6
t 132 5 6
t 132 133 5
t 133 134 5
t 134 135 5
t 135 4 5
t 135 136 4
t 136 137 4
t 137 138 4
t 138 3 4
t 138 139 3
t 139 140 3
t 140 141 3
t 141 142 3
t 142 2 3
t 142 143 2
t 143 144 2
t 144 145 2
t 145 1 2
t 145 146 1
t 146 147 1
t 147 148 1
t 148 149 1
t 149 0 1
