type=Nurbs forward=true n_boundary=243 n_holes=0 n_interior=25 n_tris=673 label=brep62542_f133_Nurbs(deg=3/3, cps=5x8)
boundary
b 0.135855114 0.060649292
b 0.135901105 0.073807893
b 0.136041463 0.087155401
b 0.136279961 0.100686830
b 0.136620358 0.114397141
b 0.137066399 0.128281242
b 0.137621816 0.142333990
b 0.138290322 0.156550190
b 0.139075895 0.170926766
b 0.139983294 0.185466566
b 0.141017439 0.200173399
b 0.142183286 0.215051005
b 0.143485822 0.230103046
b 0.144930072 0.245333108
b 0.146521095 0.260744683
b 0.148264313 0.276339751
b 0.150165808 0.292117449
b 0.152231745 0.308076516
b 0.154468304 0.324215610
b 0.156881670 0.340533308
b 0.159478034 0.357028104
b 0.162263602 0.373698400
b 0.165245110 0.390542164
b 0.168430033 0.407556792
b 0.171825906 0.424739569
b 0.175440270 0.442087701
b 0.179280675 0.459598317
b 0.183354673 0.477268467
b 0.187669829 0.495095001
b 0.192233840 0.513071840
b 0.197054526 0.531190009
b 0.202139685 0.549440398
b 0.207497093 0.567813889
b 0.213134504 0.586301363
b 0.219059644 0.604893708
b 0.225280203 0.623581686
b 0.231803640 0.642354217
b 0.238637237 0.661198944
b 0.245788245 0.680103569
b 0.253263868 0.699055895
b 0.261071281 0.718043835
b 0.269217631 0.737055423
b 0.277710527 0.756079164
b 0.286561830 0.775106681
b 0.295785643 0.794131246
b 0.305396155 0.813146249
b 0.315407622 0.832145192
b 0.325834364 0.851121691
b 0.336690763 0.870069478
b 0.347989859 0.888979443
b 0.359736572 0.907825419
b 0.371932860 0.926575506
b 0.384580676 0.945198397
b 0.397681996 0.963663394
b 0.411238834 0.981940412
b 0.425253270 0.999999985
b 0.417521179 0.999999985
b 0.409789104 0.999999983
b 0.402057043 0.999999980
b 0.394324997 0.999999977
b 0.386592966 0.999999974
b 0.378860948 0.999999970
b 0.371128943 0.999999966
b 0.363396951 0.999999963
b 0.355664971 0.999999960
b 0.347933002 0.999999958
b 0.340201045 0.999999957
b 0.332469097 0.999999957
b 0.324737160 0.999999958
b 0.317005232 0.999999961
b 0.309273313 0.999999966
b 0.301541402 0.999999974
b 0.293809498 0.999999983
b 0.286077601 0.999999995
b 0.278345711 1.000000010
b 0.270613827 1.000000028
b 0.262881952 1.000000047
b 0.255150087 1.000000067
b 0.247418234 1.000000088
b 0.239686393 1.000000108
b 0.231954566 1.000000126
b 0.224222756 1.000000143
b 0.216490962 1.000000157
b 0.208759188 1.000000168
b 0.201027434 1.000000174
b 0.193295702 1.000000176
b 0.185563994 1.000000171
b 0.177832311 1.000000161
b 0.170100655 1.000000142
b 0.162369028 1.000000116
b 0.154637431 1.000000081
b 0.146905866 1.000000036
b 0.139174334 0.999999980
b 0.131442837 0.999999914
b 0.123711370 0.999999839
b 0.115979930 0.999999756
b 0.108248515 0.999999668
b 0.100517122 0.999999574
b 0.092785746 0.999999477
b 0.085054385 0.999999379
b 0.077323035 0.999999281
b 0.069591694 0.999999184
b 0.061860358 0.999999090
b 0.054129022 0.999999001
b 0.046397686 0.999998918
b 0.038666343 0.999998843
b 0.030934992 0.999998777
b 0.023203629 0.999998722
b 0.015472250 0.999998680
b 0.007740852 0.999998652
b 0.000009432 0.999998641
b 0.000000001 0.974357648
b 0.000000081 0.948716655
b 0.000000170 0.923075667
b 0.000000251 0.897434684
b 0.000000311 0.871793704
b 0.000000341 0.846152726
b 0.000000337 0.820511748
b 0.000000300 0.794870766
b 0.000000235 0.769229779
b 0.000000151 0.743588784
b 0.000000063 0.717947782
b -0.000000010 0.692306773
b -0.000000046 0.666665761
b -0.000000024 0.641024750
b 0.000000035 0.615383745
b 0.000000110 0.589742749
b 0.000000183 0.564101762
b 0.000000239 0.538460782
b 0.000000269 0.512819807
b 0.000000269 0.487178834
b 0.000000239 0.461537859
b 0.000000183 0.435896879
b 0.000000110 0.410255891
b 0.000000035 0.384614896
b -0.000000024 0.358973891
b -0.000000046 0.333332880
b -0.000000010 0.307691868
b 0.000000063 0.282050859
b 0.000000151 0.256409857
b 0.000000235 0.230768862
b 0.000000300 0.205127875
b 0.000000337 0.179486893
b 0.000000341 0.153845915
b 0.000000311 0.128204937
b 0.000000251 0.102563957
b 0.000000170 0.076922974
b 0.000000081 0.051281985
b 0.000000001 0.025640993
b 0.000008639 0.000000000
b 0.002478607 0.000000000
b 0.004948572 0.000000000
b 0.007418532 0.000000000
b 0.009888488 0.000000000
b 0.012358441 0.000000000
b 0.014828390 0.000000000
b 0.017298336 0.000000000
b 0.019768278 0.000000000
b 0.022238217 0.000000000
b 0.024708153 0.000000000
b 0.027178087 0.000000000
b 0.029648018 0.000000000
b 0.032117946 0.000000000
b 0.034587872 0.000000000
b 0.037057796 0.000000000
b 0.039527718 0.000000000
b 0.041997638 0.000000000
b 0.044467556 0.000000000
b 0.046937473 0.000000000
b 0.049407389 0.000000000
b 0.051877304 0.000000000
b 0.054347217 0.000000000
b 0.056817130 0.000000000
b 0.059287041 0.000000000
b 0.061756953 0.000000000
b 0.064226864 0.000000000
b 0.066696774 0.000000000
b 0.069166685 0.000000000
b 0.071636596 0.000000000
b 0.074106507 0.000000000
b 0.076576418 0.000000000
b 0.079046330 0.000000000
b 0.081516243 0.000000000
b 0.083986157 0.000000000
b 0.086456071 0.000000000
b 0.088925987 0.000000000
b 0.091395904 0.000000000
b 0.093865823 0.000000000
b 0.096335743 0.000000000
b 0.098805666 0.000000000
b 0.101275590 0.000000000
b 0.103745516 0.000000000
b 0.106215445 0.000000000
b 0.108685376 0.000000000
b 0.111155309 0.000000000
b 0.113625246 0.000000000
b 0.116095185 0.000000000
b 0.118565127 0.000000000
b 0.121035073 0.000000000
b 0.123505022 0.000000000
b 0.125974974 0.000000000
b 0.128444930 0.000000000
b 0.130914890 0.000000000
b 0.133384854 0.000000000
b 0.135854972 -0.000000000
b 0.135854973 0.001555110
b 0.135854975 0.003110220
b 0.135854976 0.004665330
b 0.135854978 0.006220440
b 0.135854980 0.007775551
b 0.135854982 0.009330661
b 0.135854985 0.010885771
b 0.135854987 0.012440881
b 0.135854990 0.013995991
b 0.135854993 0.015551101
b 0.135854996 0.017106211
b 0.135854999 0.018661321
b 0.135855002 0.020216432
b 0.135855005 0.021771542
b 0.135855009 0.023326652
b 0.135855012 0.024881762
b 0.135855016 0.026436872
b 0.135855020 0.027991982
b 0.135855023 0.029547092
b 0.135855027 0.031102202
b 0.135855031 0.032657313
b 0.135855035 0.034212423
b 0.135855040 0.035767533
b 0.135855044 0.037322643
b 0.135855048 0.038877753
b 0.135855053 0.040432863
b 0.135855057 0.041987973
b 0.135855062 0.043543083
b 0.135855066 0.045098193
b 0.135855071 0.046653303
b 0.135855075 0.048208413
b 0.135855080 0.049763523
b 0.135855085 0.051318633
b 0.135855090 0.052873743
b 0.135855094 0.054428853
b 0.135855099 0.055983963
b 0.135855104 0.057539073
b 0.135855109 0.059094182
interior
i 0.053156619 0.125000022
i 0.106313283 0.125000022
i 0.053156619 0.250000044
i 0.106313283 0.250000044
i 0.053156619 0.375000066
i 0.106313283 0.375000066
i 0.159469948 0.375000066
i 0.053156619 0.500000088
i 0.106313283 0.500000088
i 0.159469948 0.500000088
i 0.053156619 0.625000110
i 0.106313283 0.625000110
i 0.159469948 0.625000110
i 0.212626612 0.625000110
i 0.053156619 0.750000132
i 0.106313283 0.750000132
i 0.159469948 0.750000132
i 0.212626612 0.750000132
i 0.265783277 0.750000132
i 0.053156619 0.875000154
i 0.106313283 0.875000154
i 0.159469948 0.875000154
i 0.212626612 0.875000154
i 0.265783277 0.875000154
i 0.318939941 0.875000154
tris
t 149 147 148
t 149 146 147
t 149 145 146
t 149 144 145
t 149 143 144
t 149 142 143
t 149 141 142
t 149 140 141
t 149 139 140
t 149 138 139
t 149 137 138
t 149 136 137
t 204 205 206
t 204 206 207
t 204 207 208
t 204 208 209
t 204 209 210
t 204 210 211
t 204 211 212
t 204 212 213
t 204 213 214
t 204 214 215
t 204 215 216
t 204 216 217
t 204 217 218
t 204 218 219
t 204 219 220
t 204 220 221
t 204 221 222
t 204 222 223
t 204 223 224
t 204 224 225
t 204 225 226
t 204 226 227
t 204 227 228
t 204 228 229
t 204 229 230
t 204 230 231
t 204 231 232
t 204 232 233
t 204 233 234
t 204 234 235
t 204 235 236
t 204 236 237
t 204 237 238
t 204 238 239
t 204 239 240
t 204 240 241
t 204 241 242
t 204 242 0
t 204 0 1
t 204 1 2
t 204 2 3
t 204 3 4
t 204 4 5
t 204 5 6
t 204 6 7
t 204 7 8
t 204 8 9
t 204 9 10
t 204 10 11
t 204 11 12
t 204 12 13
t 204 13 14
t 204 14 15
t 204 15 16
t 204 16 17
t 204 17 18
t 149 268 136
t 149 269 268
t 149 150 269
t 150 270 269
t 150 151 270
t 151 271 270
t 151 152 271
t 152 272 271
t 152 273 272
t 152 153 273
t 153 274 273
t 153 154 274
t 154 275 274
t 154 155 275
t 155 276 275
t 155 277 276
t 155 156 277
t 156 278 277
t 156 157 278
t 157 279 278
t 157 158 279
t 158 280 279
t 158 281 280
t 158 159 281
t 159 282 281
t 159 160 282
t 160 283 282
t 160 161 283
t 161 284 283
t 161 285 284
t 161 162 285
t 162 286 285
t 162 163 286
t 163 287 286
t 163 164 287
t 164 288 287
t 164 289 288
t 164 165 289
t 165 290 289
t 165 166 290
t 166 291 290
t 166 167 291
t 167 292 291
t 167 293 292
t 167 168 293
t 168 294 293
t 168 169 294
t 169 295 294
t 169 170 295
t 170 296 295
t 170 297 296
t 170 171 297
t 171 298 297
t 171 172 298
t 172 299 298
t 172 173 299
t 173 300 299
t 173 174 300
t 174 301 300
t 174 302 301
t 174 175 302
t 175 303 302
t 175 176 303
t 176 304 303
t 176 177 304
t 177 305 304
t 177 306 305
t 177 178 306
t 178 307 306
t 178 179 307
t 179 308 307
t 179 180 308
t 180 309 308
t 180 310 309
t 180 181 310
t 181 311 310
t 181 182 311
t 182 312 311
t 182 183 312
t 183 313 312
t 183 314 313
t 183 184 314
t 184 315 314
t 184 185 315
t 185 316 315
t 185 186 316
t 186 317 316
t 186 318 317
t 186 187 318
t 187 319 318
t 187 188 319
t 188 320 319
t 188 189 320
t 189 321 320
t 189 322 321
t 189 190 322
t 190 323 322
t 190 191 323
t 191 324 323
t 191 192 324
t 192 325 324
t 192 326 325
t 192 193 326
t 193 327 326
t 193 194 327
t 194 328 327
t 194 195 328
t 195 329 328
t 195 330 329
t 195 196 330
t 196 331 330
t 196 197 331
t 197 332 331
t 197 198 332
t 198 333 332
t 198 199 333
t 199 334 333
t 199 335 334
t 199 200 335
t 200 336 335
t 200 201 336
t 201 337 336
t 201 202 337
t 202 338 337
t 202 339 338
t 202 203 339
t 203 340 339
t 203 204 340
t 204 341 340
t 204 342 341
t 204 343 342
t 204 344 343
t 204 345 344
t 204 346 345
t 204 347 346
t 204 348 347
t 204 349 348
t 204 350 349
t 204 351 350
t 204 352 351
t 204 353 352
t 204 354 353
t 204 355 354
t 204 356 355
t 204 357 356
t 204 358 357
t 204 359 358
t 204 360 359
t 204 18 360
t 136 134 135
t 136 133 134
t 136 132 133
t 136 131 132
t 136 130 131
t 136 129 130
t 136 128 129
t 136 127 128
t 136 126 127
t 136 125 126
t 136 124 125
t 136 123 124
t 18 19 20
t 18 20 21
t 18 21 22
t 18 22 23
t 18 23 24
t 18 24 25
t 18 25 26
t 18 26 27
t 18 27 28
t 18 28 29
t 18 29 30
t 18 30 31
t 18 31 32
t 18 32 33
t 18 33 34
t 18 34 35
t 18 35 36
t 18 36 37
t 136 268 123
t 268 361 123
t 268 269 361
t 269 362 361
t 269 270 362
t 270 363 362
t 270 271 363
t 271 364 363
t 271 272 364
t 272 365 364
t 272 273 365
t 273 366 365
t 273 274 366
t 274 367 366
t 274 275 367
t 275 368 367
t 275 276 368
t 276 369 368
t 276 277 369
t 277 370 369
t 277 278 370
t 278 371 370
t 278 279 371
t 279 372 371
t 279 280 372
t 280 373 372
t 280 281 373
t 281 374 373
t 281 282 374
t 282 375 374
t 282 283 375
t 283 376 375
t 283 284 376
t 284 377 376
t 284 285 377
t 285 378 377
t 285 286 378
t 286 379 378
t 286 287 379
t 287 380 379
t 287 288 380
t 288 381 380
t 288 289 381
t 289 382 381
t 289 290 382
t 290 383 382
t 290 291 383
t 291 384 383
t 291 292 384
t 292 385 384
t 292 293 385
t 293 386 385
t 293 294 386
t 294 387 386
t 294 295 387
t 295 388 387
t 295 296 388
t 296 389 388
t 296 297 389
t 297 390 389
t 297 298 390
t 298 391 390
t 298 299 391
t 299 392 391
t 299 300 392
t 300 393 392
t 300 301 393
t 301 394 393
t 301 302 394
t 302 395 394
t 302 303 395
t 303 396 395
t 303 304 396
t 304 397 396
t 304 305 397
t 305 398 397
t 305 306 398
t 306 399 398
t 306 307 399
t 307 400 399
t 307 308 400
t 308 401 400
t 308 309 401
t 309 402 401
t 309 310 402
t 310 403 402
t 310 311 403
t 311 404 403
t 311 312 404
t 312 405 404
t 312 313 405
t 313 406 405
t 313 314 406
t 314 407 406
t 314 315 407
t 315 408 407
t 315 316 408
t 316 409 408
t 316 317 409
t 317 410 409
t 317 318 410
t 318 411 410
t 318 319 411
t 319 412 411
t 319 320 412
t 320 413 412
t 320 321 413
t 321 414 413
t 321 322 414
t 322 415 414
t 322 323 415
t 323 416 415
t 323 324 416
t 324 417 416
t 324 325 417
t 325 418 417
t 325 326 418
t 326 419 418
t 326 327 419
t 327 420 419
t 327 328 420
t 328 421 420
t 328 329 421
t 329 422 421
t 329 330 422
t 330 423 422
t 330 331 423
t 331 424 423
t 331 332 424
t 332 425 424
t 332 333 425
t 333 426 425
t 333 334 426
t 334 427 426
t 334 335 427
t 335 428 427
t 335 336 428
t 336 429 428
t 336 337 429
t 337 430 429
t 337 338 430
t 338 431 430
t 338 339 431
t 339 432 431
t 339 340 432
t 340 433 432
t 340 341 433
t 341 434 433
t 341 342 434
t 342 435 434
t 342 343 435
t 343 436 435
t 343 344 436
t 344 437 436
t 344 345 437
t 345 438 437
t 345 346 438
t 346 439 438
t 346 347 439
t 347 440 439
t 347 348 440
t 348 441 440
t 348 349 441
t 349 442 441
t 349 350 442
t 350 443 442
t 350 351 443
t 351 444 443
t 351 352 444
t 352 445 444
t 352 353 445
t 353 446 445
t 353 354 446
t 354 447 446
t 354 355 447
t 355 448 447
t 355 356 448
t 356 449 448
t 356 357 449
t 357 450 449
t 357 358 450
t 358 451 450
t 358 359 451
t 359 452 451
t 359 360 452
t 360 453 452
t 360 18 453
t 18 454 453
t 18 455 454
t 18 456 455
t 18 457 456
t 18 458 457
t 18 459 458
t 18 460 459
t 18 461 460
t 18 462 461
t 18 463 462
t 18 464 463
t 18 465 464
t 18 466 465
t 18 467 466
t 18 468 467
t 18 469 468
t 18 470 469
t 18 471 470
t 18 472 471
t 18 473 472
t 18 474 473
t 18 475 474
t 18 476 475
t 18 477 476
t 18 478 477
t 18 479 478
t 18 480 479
t 18 481 480
t 18 482 481
t 18 483 482
t 18 37 483
t 123 121 122
t 123 120 121
t 123 119 120
t 123 118 119
t 123 117 118
t 123 116 117
t 123 115 116
t 123 114 115
t 123 113 114
t 123 112 113
t 123 111 112
t 123 110 111
t 123 109 110
t 123 108 109
t 123 107 108
t 123 106 107
t 123 105 106
t 123 104 105
t 123 103 104
t 123 102 103
t 123 101 102
t 123 100 101
t 123 99 100
t 123 98 99
t 123 97 98
t 123 96 97
t 123 95 96
t 123 94 95
t 123 93 94
t 123 92 93
t 123 91 92
t 123 90 91
t 37 38 39
t 37 39 40
t 37 40 41
t 37 41 42
t 37 42 43
t 37 43 44
t 37 44 45
t 37 45 46
t 37 46 47
t 37 47 48
t 37 48 49
t 37 49 50
t 37 50 51
t 37 51 52
t 37 52 53
t 37 53 54
t 37 54 55
t 37 55 56
t 37 56 57
t 37 57 58
t 37 58 59
t 37 59 60
t 37 60 61
t 37 61 62
t 37 62 63
t 37 63 64
t 37 64 65
t 37 65 66
t 37 66 67
t 37 67 68
t 37 68 69
t 37 69 70
t 37 70 71
t 37 71 72
t 37 72 73
t 37 73 74
t 37 74 75
t 37 75 76
t 37 76 77
t 37 77 78
t 123 361 90
t 361 362 90
t 362 363 90
t 363 364 90
t 364 365 90
t 365 366 90
t 366 367 90
t 367 368 90
t 368 369 90
t 369 370 90
t 370 371 90
t 371 372 90
t 372 373 90
t 373 374 90
t 374 375 90
t 375 376 90
t 376 377 90
t 377 378 90
t 378 379 90
t 379 380 90
t 380 381 90
t 381 382 90
t 382 383 90
t 383 384 90
t 384 385 90
t 385 386 90
t 386 387 90
t 387 388 90
t 388 389 90
t 389 390 90
t 390 391 90
t 391 392 90
t 392 393 90
t 393 394 90
t 394 395 90
t 395 396 90
t 396 397 90
t 397 398 90
t 398 399 90
t 399 400 90
t 400 401 90
t 401 402 90
t 402 403 90
t 403 404 90
t 404 405 90
t 405 406 90
t 406 407 90
t 407 408 90
t 408 409 90
t 409 410 90
t 410 411 90
t 411 412 90
t 412 413 90
t 413 414 90
t 414 415 90
t 415 416 90
t 416 417 90
t 417 418 90
t 418 419 90
t 419 420 90
t 420 421 90
t 421 422 90
t 422 423 90
t 423 424 90
t 424 425 90
t 425 426 90
t 426 427 90
t 427 428 90
t 428 429 90
t 429 430 90
t 430 431 90
t 431 432 90
t 432 433 90
t 433 434 90
t 434 435 90
t 435 436 90
t 436 437 90
t 437 438 90
t 438 439 90
t 439 440 90
t 440 441 90
t 441 442 90
t 442 443 90
t 443 444 90
t 444 445 90
t 445 446 90
t 446 447 90
t 447 448 90
t 448 449 90
t 449 450 90
t 450 451 90
t 451 452 90
t 452 453 90
t 453 454 90
t 454 455 90
t 455 456 90
t 456 457 90
t 457 458 90
t 458 459 90
t 459 89 90
t 459 460 89
t 460 461 89
t 461 462 89
t 462 88 89
t 462 463 88
t 463 464 88
t 464 465 88
t 465 87 88
t 465 466 87
t 466 467 87
t 467 468 87
t 468 86 87
t 468 469 86
t 469 470 86
t 470 471 86
t 471 85 86
t 471 472 85
t 472 473 85
t 473 84 85
t 473 474 84
t 474 475 84
t 475 476 84
t 476 83 84
t 476 477 83
t 477 478 83
t 478 82 83
t 478 479 82
t 479 480 82
t 480 81 82
t 480 481 81
t 481 482 81
t 482 483 81
t 483 80 81
t 483 37 80
t 37 79 80
t 37 78 79
