type=Torus forward=true n_boundary=117 n_holes=0 n_interior=435 n_tris=359 label=brep47598_f197_Torus
boundary
b 3.141592654 5.445045706
b 3.174221825 5.446370158
b 3.205809411 5.451239962
b 3.236353706 5.459398645
b 3.265863461 5.470605391
b 3.294352258 5.484640511
b 3.321807471 5.501345491
b 3.348207878 5.520594752
b 3.373539772 5.542272618
b 3.397794855 5.566272322
b 3.420943864 5.592461219
b 3.442940043 5.620679230
b 3.463742920 5.650769996
b 3.483318604 5.682585432
b 3.501654281 5.716035217
b 3.518766482 5.751125054
b 3.534675694 5.787889932
b 3.549403103 5.826385377
b 3.562948536 5.866594396
b 3.575244893 5.908222149
b 3.586214443 5.950922558
b 3.595781243 5.994362100
b 3.603883023 6.038246938
b 3.610540924 6.082428091
b 3.615804392 6.126813167
b 3.619717108 6.171312607
b 3.622316235 6.215841211
b 3.623621240 6.260364452
b 3.623637343 6.304887591
b 3.622364434 6.349418164
b 3.619797067 6.393961511
b 3.615915328 6.438483390
b 3.610681304 6.482899191
b 3.604050511 6.527120106
b 3.595972658 6.571054611
b 3.586425889 6.614553745
b 3.575472193 6.657321354
b 3.563187253 6.699021204
b 3.549648502 6.739304496
b 3.534922918 6.777873839
b 3.519011642 6.814710318
b 3.501894847 6.849867664
b 3.483553476 6.883379059
b 3.463972362 6.915248675
b 3.443164242 6.945386913
b 3.421162006 6.973647628
b 3.398005063 6.999876212
b 3.373739090 7.023914049
b 3.348392830 7.045628752
b 3.321974725 7.064912667
b 3.294498697 7.081649176
b 3.265986220 7.095711766
b 3.236450074 7.106941082
b 3.205876578 7.115116729
b 3.174256885 7.119997117
b 3.141592654 7.121324909
b 3.141592654 7.094288147
b 3.141592654 7.067251386
b 3.141592654 7.040214625
b 3.141592654 7.013177863
b 3.141592654 6.986141102
b 3.141592654 6.959104341
b 3.141592654 6.932067579
b 3.141592654 6.905030818
b 3.141592654 6.877994057
b 3.141592654 6.850957295
b 3.141592654 6.823920534
b 3.141592654 6.796883773
b 3.141592654 6.769847011
b 3.141592654 6.742810250
b 3.141592654 6.715773489
b 3.141592654 6.688736727
b 3.141592654 6.661699966
b 3.141592654 6.634663205
b 3.141592654 6.607626443
b 3.141592654 6.580589682
b 3.141592654 6.553552921
b 3.141592654 6.526516159
b 3.141592654 6.499479398
b 3.141592654 6.472442637
b 3.141592654 6.445405875
b 3.141592654 6.418369114
b 3.141592654 6.391332353
b 3.141592654 6.364295591
b 3.141592654 6.337258830
b 3.141592654 6.310222069
b 3.141592654 6.283185307
b 3.141592654 6.256148546
b 3.141592654 6.229111785
b 3.141592654 6.202075023
b 3.141592654 6.175038262
b 3.141592654 6.148001501
b 3.141592654 6.120964739
b 3.141592654 6.093927978
b 3.141592654 6.066891216
b 3.141592654 6.039854455
b 3.141592654 6.012817694
b 3.141592654 5.985780932
b 3.141592654 5.958744171
b 3.141592654 5.931707410
b 3.141592654 5.904670648
b 3.141592654 5.877633887
b 3.141592654 5.850597126
b 3.141592654 5.823560364
b 3.141592654 5.796523603
b 3.141592654 5.769486842
b 3.141592654 5.742450080
b 3.141592654 5.715413319
b 3.141592654 5.688376558
b 3.141592654 5.661339796
b 3.141592654 5.634303035
b 3.141592654 5.607266274
b 3.141592654 5.580229512
b 3.141592654 5.553192751
b 3.141592654 5.526155990
b 3.141592654 5.499119228
b 3.141592654 5.472082467
interior
i 3.161677849 5.514890673
i 3.181763044 5.514890673
i 3.201848240 5.514890673
i 3.221933435 5.514890673
i 3.242018631 5.514890673
i 3.262103826 5.514890673
i 3.282189021 5.514890673
i 3.302274217 5.514890673
i 3.322359412 5.514890673
i 3.161677849 5.584735639
i 3.181763044 5.584735639
i 3.201848240 5.584735639
i 3.221933435 5.584735639
i 3.242018631 5.584735639
i 3.262103826 5.584735639
i 3.282189021 5.584735639
i 3.302274217 5.584735639
i 3.322359412 5.584735639
i 3.342444608 5.584735639
i 3.362529803 5.584735639
i 3.382614998 5.584735639
i 3.402700194 5.584735639
i 3.161677849 5.654580606
i 3.181763044 5.654580606
i 3.201848240 5.654580606
i 3.221933435 5.654580606
i 3.242018631 5.654580606
i 3.262103826 5.654580606
i 3.282189021 5.654580606
i 3.302274217 5.654580606
i 3.322359412 5.654580606
i 3.342444608 5.654580606
i 3.362529803 5.654580606
i 3.382614998 5.654580606
i 3.402700194 5.654580606
i 3.422785389 5.654580606
i 3.442870584 5.654580606
i 3.462955780 5.654580606
i 3.161677849 5.724425573
i 3.181763044 5.724425573
i 3.201848240 5.724425573
i 3.221933435 5.724425573
i 3.242018631 5.724425573
i 3.262103826 5.724425573
i 3.282189021 5.724425573
i 3.302274217 5.724425573
i 3.322359412 5.724425573
i 3.342444608 5.724425573
i 3.362529803 5.724425573
i 3.382614998 5.724425573
i 3.402700194 5.724425573
i 3.422785389 5.724425573
i 3.442870584 5.724425573
i 3.462955780 5.724425573
i 3.483040975 5.724425573
i 3.161677849 5.794270540
i 3.181763044 5.794270540
i 3.201848240 5.794270540
i 3.221933435 5.794270540
i 3.242018631 5.794270540
i 3.262103826 5.794270540
i 3.282189021 5.794270540
i 3.302274217 5.794270540
i 3.322359412 5.794270540
i 3.342444608 5.794270540
i 3.362529803 5.794270540
i 3.382614998 5.794270540
i 3.402700194 5.794270540
i 3.422785389 5.794270540
i 3.442870584 5.794270540
i 3.462955780 5.794270540
i 3.483040975 5.794270540
i 3.503126171 5.794270540
i 3.523211366 5.794270540
i 3.161677849 5.864115506
i 3.181763044 5.864115506
i 3.201848240 5.864115506
i 3.221933435 5.864115506
i 3.242018631 5.864115506
i 3.262103826 5.864115506
i 3.282189021 5.864115506
i 3.302274217 5.864115506
i 3.322359412 5.864115506
i 3.342444608 5.864115506
i 3.362529803 5.864115506
i 3.382614998 5.864115506
i 3.402700194 5.864115506
i 3.422785389 5.864115506
i 3.442870584 5.864115506
i 3.462955780 5.864115506
i 3.483040975 5.864115506
i 3.503126171 5.864115506
i 3.523211366 5.864115506
i 3.543296561 5.864115506
i 3.161677849 5.933960473
i 3.181763044 5.933960473
i 3.201848240 5.933960473
i 3.221933435 5.933960473
i 3.242018631 5.933960473
i 3.262103826 5.933960473
i 3.282189021 5.933960473
i 3.302274217 5.933960473
i 3.322359412 5.933960473
i 3.342444608 5.933960473
i 3.362529803 5.933960473
i 3.382614998 5.933960473
i 3.402700194 5.933960473
i 3.422785389 5.933960473
i 3.442870584 5.933960473
i 3.462955780 5.933960473
i 3.483040975 5.933960473
i 3.503126171 5.933960473
i 3.523211366 5.933960473
i 3.543296561 5.933960473
i 3.563381757 5.933960473
i 3.161677849 6.003805440
i 3.181763044 6.003805440
i 3.201848240 6.003805440
i 3.221933435 6.003805440
i 3.242018631 6.003805440
i 3.262103826 6.003805440
i 3.282189021 6.003805440
i 3.302274217 6.003805440
i 3.322359412 6.003805440
i 3.342444608 6.003805440
i 3.362529803 6.003805440
i 3.382614998 6.003805440
i 3.402700194 6.003805440
i 3.422785389 6.003805440
i 3.442870584 6.003805440
i 3.462955780 6.003805440
i 3.483040975 6.003805440
i 3.503126171 6.003805440
i 3.523211366 6.003805440
i 3.543296561 6.003805440
i 3.563381757 6.003805440
i 3.583466952 6.003805440
i 3.161677849 6.073650407
i 3.181763044 6.073650407
i 3.201848240 6.073650407
i 3.221933435 6.073650407
i 3.242018631 6.073650407
i 3.262103826 6.073650407
i 3.282189021 6.073650407
i 3.302274217 6.073650407
i 3.322359412 6.073650407
i 3.342444608 6.073650407
i 3.362529803 6.073650407
i 3.382614998 6.073650407
i 3.402700194 6.073650407
i 3.422785389 6.073650407
i 3.442870584 6.073650407
i 3.462955780 6.073650407
i 3.483040975 6.073650407
i 3.503126171 6.073650407
i 3.523211366 6.073650407
i 3.543296561 6.073650407
i 3.563381757 6.073650407
i 3.583466952 6.073650407
i 3.603552148 6.073650407
i 3.161677849 6.143495374
i 3.181763044 6.143495374
i 3.201848240 6.143495374
i 3.221933435 6.143495374
i 3.242018631 6.143495374
i 3.262103826 6.143495374
i 3.282189021 6.143495374
i 3.302274217 6.143495374
i 3.322359412 6.143495374
i 3.342444608 6.143495374
i 3.362529803 6.143495374
i 3.382614998 6.143495374
i 3.402700194 6.143495374
i 3.422785389 6.143495374
i 3.442870584 6.143495374
i 3.462955780 6.143495374
i 3.483040975 6.143495374
i 3.503126171 6.143495374
i 3.523211366 6.143495374
i 3.543296561 6.143495374
i 3.563381757 6.143495374
i 3.583466952 6.143495374
i 3.603552148 6.143495374
i 3.161677849 6.213340340
i 3.181763044 6.213340340
i 3.201848240 6.213340340
i 3.221933435 6.213340340
i 3.242018631 6.213340340
i 3.262103826 6.213340340
i 3.282189021 6.213340340
i 3.302274217 6.213340340
i 3.322359412 6.213340340
i 3.342444608 6.213340340
i 3.362529803 6.213340340
i 3.382614998 6.213340340
i 3.402700194 6.213340340
i 3.422785389 6.213340340
i 3.442870584 6.213340340
i 3.462955780 6.213340340
i 3.483040975 6.213340340
i 3.503126171 6.213340340
i 3.523211366 6.213340340
i 3.543296561 6.213340340
i 3.563381757 6.213340340
i 3.583466952 6.213340340
i 3.603552148 6.213340340
i 3.161677849 6.283185307
i 3.181763044 6.283185307
i 3.201848240 6.283185307
i 3.221933435 6.283185307
i 3.242018631 6.283185307
i 3.262103826 6.283185307
i 3.282189021 6.283185307
i 3.302274217 6.283185307
i 3.322359412 6.283185307
i 3.342444608 6.283185307
i 3.362529803 6.283185307
i 3.382614998 6.283185307
i 3.402700194 6.283185307
i 3.422785389 6.283185307
i 3.442870584 6.283185307
i 3.462955780 6.283185307
i 3.483040975 6.283185307
i 3.503126171 6.283185307
i 3.523211366 6.283185307
i 3.543296561 6.283185307
i 3.563381757 6.283185307
i 3.583466952 6.283185307
i 3.603552148 6.283185307
i 3.161677849 6.353030274
i 3.181763044 6.353030274
i 3.201848240 6.353030274
i 3.221933435 6.353030274
i 3.242018631 6.353030274
i 3.262103826 6.353030274
i 3.282189021 6.353030274
i 3.302274217 6.353030274
i 3.322359412 6.353030274
i 3.342444608 6.353030274
i 3.362529803 6.353030274
i 3.382614998 6.353030274
i 3.402700194 6.353030274
i 3.422785389 6.353030274
i 3.442870584 6.353030274
i 3.462955780 6.353030274
i 3.483040975 6.353030274
i 3.503126171 6.353030274
i 3.523211366 6.353030274
i 3.543296561 6.353030274
i 3.563381757 6.353030274
i 3.583466952 6.353030274
i 3.603552148 6.353030274
i 3.161677849 6.422875241
i 3.181763044 6.422875241
i 3.201848240 6.422875241
i 3.221933435 6.422875241
i 3.242018631 6.422875241
i 3.262103826 6.422875241
i 3.282189021 6.422875241
i 3.302274217 6.422875241
i 3.322359412 6.422875241
i 3.342444608 6.422875241
i 3.362529803 6.422875241
i 3.382614998 6.422875241
i 3.402700194 6.422875241
i 3.422785389 6.422875241
i 3.442870584 6.422875241
i 3.462955780 6.422875241
i 3.483040975 6.422875241
i 3.503126171 6.422875241
i 3.523211366 6.422875241
i 3.543296561 6.422875241
i 3.563381757 6.422875241
i 3.583466952 6.422875241
i 3.603552148 6.422875241
i 3.161677849 6.492720208
i 3.181763044 6.492720208
i 3.201848240 6.492720208
i 3.221933435 6.492720208
i 3.242018631 6.492720208
i 3.262103826 6.492720208
i 3.282189021 6.492720208
i 3.302274217 6.492720208
i 3.322359412 6.492720208
i 3.342444608 6.492720208
i 3.362529803 6.492720208
i 3.382614998 6.492720208
i 3.402700194 6.492720208
i 3.422785389 6.492720208
i 3.442870584 6.492720208
i 3.462955780 6.492720208
i 3.483040975 6.492720208
i 3.503126171 6.492720208
i 3.523211366 6.492720208
i 3.543296561 6.492720208
i 3.563381757 6.492720208
i 3.583466952 6.492720208
i 3.603552148 6.492720208
i 3.161677849 6.562565174
i 3.181763044 6.562565174
i 3.201848240 6.562565174
i 3.221933435 6.562565174
i 3.242018631 6.562565174
i 3.262103826 6.562565174
i 3.282189021 6.562565174
i 3.302274217 6.562565174
i 3.322359412 6.562565174
i 3.342444608 6.562565174
i 3.362529803 6.562565174
i 3.382614998 6.562565174
i 3.402700194 6.562565174
i 3.422785389 6.562565174
i 3.442870584 6.562565174
i 3.462955780 6.562565174
i 3.483040975 6.562565174
i 3.503126171 6.562565174
i 3.523211366 6.562565174
i 3.543296561 6.562565174
i 3.563381757 6.562565174
i 3.583466952 6.562565174
i 3.161677849 6.632410141
i 3.181763044 6.632410141
i 3.201848240 6.632410141
i 3.221933435 6.632410141
i 3.242018631 6.632410141
i 3.262103826 6.632410141
i 3.282189021 6.632410141
i 3.302274217 6.632410141
i 3.322359412 6.632410141
i 3.342444608 6.632410141
i 3.362529803 6.632410141
i 3.382614998 6.632410141
i 3.402700194 6.632410141
i 3.422785389 6.632410141
i 3.442870584 6.632410141
i 3.462955780 6.632410141
i 3.483040975 6.632410141
i 3.503126171 6.632410141
i 3.523211366 6.632410141
i 3.543296561 6.632410141
i 3.563381757 6.632410141
i 3.161677849 6.702255108
i 3.181763044 6.702255108
i 3.201848240 6.702255108
i 3.221933435 6.702255108
i 3.242018631 6.702255108
i 3.262103826 6.702255108
i 3.282189021 6.702255108
i 3.302274217 6.702255108
i 3.322359412 6.702255108
i 3.342444608 6.702255108
i 3.362529803 6.702255108
i 3.382614998 6.702255108
i 3.402700194 6.702255108
i 3.422785389 6.702255108
i 3.442870584 6.702255108
i 3.462955780 6.702255108
i 3.483040975 6.702255108
i 3.503126171 6.702255108
i 3.523211366 6.702255108
i 3.543296561 6.702255108
i 3.161677849 6.772100075
i 3.181763044 6.772100075
i 3.201848240 6.772100075
i 3.221933435 6.772100075
i 3.242018631 6.772100075
i 3.262103826 6.772100075
i 3.282189021 6.772100075
i 3.302274217 6.772100075
i 3.322359412 6.772100075
i 3.342444608 6.772100075
i 3.362529803 6.772100075
i 3.382614998 6.772100075
i 3.402700194 6.772100075
i 3.422785389 6.772100075
i 3.442870584 6.772100075
i 3.462955780 6.772100075
i 3.483040975 6.772100075
i 3.503126171 6.772100075
i 3.523211366 6.772100075
i 3.161677849 6.841945041
i 3.181763044 6.841945041
i 3.201848240 6.841945041
i 3.221933435 6.841945041
i 3.242018631 6.841945041
i 3.262103826 6.841945041
i 3.282189021 6.841945041
i 3.302274217 6.841945041
i 3.322359412 6.841945041
i 3.342444608 6.841945041
i 3.362529803 6.841945041
i 3.382614998 6.841945041
i 3.402700194 6.841945041
i 3.422785389 6.841945041
i 3.442870584 6.841945041
i 3.462955780 6.841945041
i 3.483040975 6.841945041
i 3.161677849 6.911790008
i 3.181763044 6.911790008
i 3.201848240 6.911790008
i 3.221933435 6.911790008
i 3.242018631 6.911790008
i 3.262103826 6.911790008
i 3.282189021 6.911790008
i 3.302274217 6.911790008
i 3.322359412 6.911790008
i 3.342444608 6.911790008
i 3.362529803 6.911790008
i 3.382614998 6.911790008
i 3.402700194 6.911790008
i 3.422785389 6.911790008
i 3.442870584 6.911790008
i 3.462955780 6.911790008
i 3.161677849 6.981634975
i 3.181763044 6.981634975
i 3.201848240 6.981634975
i 3.221933435 6.981634975
i 3.242018631 6.981634975
i 3.262103826 6.981634975
i 3.282189021 6.981634975
i 3.302274217 6.981634975
i 3.322359412 6.981634975
i 3.342444608 6.981634975
i 3.362529803 6.981634975
i 3.382614998 6.981634975
i 3.402700194 6.981634975
i 3.161677849 7.051479942
i 3.181763044 7.051479942
i 3.201848240 7.051479942
i 3.221933435 7.051479942
i 3.242018631 7.051479942
i 3.262103826 7.051479942
i 3.282189021 7.051479942
i 3.302274217 7.051479942
i 3.322359412 7.051479942
tris
t 0 115 116
t 0 114 115
t 0 113 114
t 0 112 113
t 0 111 112
t 0 110 111
t 0 109 110
t 0 108 109
t 0 107 108
t 0 1 2
t 0 2 3
t 0 3 4
t 0 4 5
t 0 5 6
t 0 6 7
t 0 7 8
t 0 8 9
t 0 9 10
t 0 552 107
t 0 553 552
t 0 554 553
t 0 555 554
t 0 556 555
t 0 557 556
t 0 558 557
t 0 559 558
t 0 560 559
t 0 561 560
t 0 562 561
t 0 563 562
t 0 564 563
t 0 565 564
t 0 566 565
t 0 567 566
t 0 568 567
t 0 569 568
t 0 10 569
t 107 105 106
t 107 104 105
t 107 103 104
t 107 102 103
t 107 101 102
t 107 100 101
t 107 99 100
t 107 98 99
t 107 97 98
t 10 11 12
t 10 12 13
t 10 13 14
t 10 14 15
t 10 15 16
t 10 16 17
t 10 17 18
t 10 18 19
t 10 19 20
t 10 20 21
t 107 552 97
t 552 570 97
t 552 553 570
t 553 571 570
t 553 554 571
t 554 572 571
t 554 555 572
t 555 573 572
t 555 556 573
t 556 574 573
t 556 557 574
t 557 575 574
t 557 558 575
t 558 576 575
t 558 559 576
t 559 577 576
t 559 560 577
t 560 578 577
t 560 561 578
t 561 579 578
t 561 562 579
t 562 580 579
t 562 563 580
t 563 581 580
t 563 564 581
t 564 582 581
t 564 565 582
t 565 583 582
t 565 566 583
t 566 584 583
t 566 567 584
t 567 585 584
t 567 568 585
t 568 586 585
t 568 569 586
t 569 587 586
t 569 10 587
t 10 588 587
t 10 589 588
t 10 590 589
t 10 591 590
t 10 592 591
t 10 593 592
t 10 594 593
t 10 595 594
t 10 596 595
t 10 597 596
t 10 598 597
t 10 599 598
t 10 600 599
t 10 601 600
t 10 602 601
t 10 603 602
t 10 604 603
t 10 605 604
t 10 606 605
t 10 607 606
t 10 608 607
t 10 609 608
t 10 21 609
t 97 95 96
t 97 94 95
t 97 93 94
t 97 92 93
t 97 91 92
t 97 90 91
t 97 89 90
t 97 88 89
t 97 87 88
t 97 86 87
t 97 85 86
t 97 84 85
t 97 83 84
t 97 82 83
t 97 81 82
t 97 80 81
t 97 79 80
t 97 78 79
t 97 77 78
t 97 76 77
t 21 22 23
t 21 23 24
t 21 24 25
t 21 25 26
t 21 26 27
t 21 27 28
t 21 28 29
t 21 29 30
t 21 30 31
t 21 31 32
t 21 32 33
t 97 570 76
t 570 610 76
t 570 571 610
t 571 611 610
t 571 572 611
t 572 612 611
t 572 573 612
t 573 613 612
t 573 574 613
t 574 614 613
t 574 575 614
t 575 615 614
t 575 576 615
t 576 616 615
t 576 577 616
t 577 617 616
t 577 578 617
t 578 618 617
t 578 579 618
t 579 619 618
t 579 580 619
t 580 620 619
t 580 581 620
t 581 621 620
t 581 582 621
t 582 622 621
t 582 583 622
t 583 623 622
t 583 584 623
t 584 624 623
t 584 585 624
t 585 625 624
t 585 586 625
t 586 626 625
t 586 587 626
t 587 627 626
t 587 588 627
t 588 628 627
t 588 589 628
t 589 629 628
t 589 590 629
t 590 630 629
t 590 591 630
t 591 631 630
t 591 592 631
t 592 632 631
t 592 593 632
t 593 633 632
t 593 594 633
t 594 634 633
t 594 595 634
t 595 635 634
t 595 596 635
t 596 636 635
t 596 597 636
t 597 637 636
t 597 598 637
t 598 638 637
t 598 599 638
t 599 639 638
t 599 600 639
t 600 640 639
t 600 601 640
t 601 641 640
t 601 602 641
t 602 642 641
t 602 603 642
t 603 643 642
t 603 604 643
t 604 644 643
t 604 605 644
t 605 645 644
t 605 606 645
t 606 646 645
t 606 607 646
t 607 647 646
t 607 608 647
t 608 648 647
t 608 609 648
t 609 649 648
t 609 21 649
t 21 650 649
t 21 651 650
t 21 652 651
t 21 33 652
t 76 74 75
t 76 73 74
t 76 72 73
t 76 71 72
t 76 70 71
t 76 69 70
t 76 68 69
t 76 67 68
t 76 66 67
t 33 34 35
t 33 35 36
t 33 36 37
t 33 37 38
t 33 38 39
t 33 39 40
t 33 40 41
t 33 41 42
t 33 42 43
t 33 43 44
t 76 610 66
t 610 653 66
t 610 611 653
t 611 654 653
t 611 612 654
t 612 655 654
t 612 613 655
t 613 656 655
t 613 614 656
t 614 657 656
t 614 615 657
t 615 658 657
t 615 616 658
t 616 659 658
t 616 617 659
t 617 660 659
t 617 618 660
t 618 661 660
t 618 619 661
t 619 662 661
t 619 620 662
t 620 663 662
t 620 621 663
t 621 664 663
t 621 622 664
t 622 665 664
t 622 623 665
t 623 666 665
t 623 624 666
t 624 667 666
t 624 625 667
t 625 668 667
t 625 626 668
t 626 669 668
t 626 627 669
t 627 670 669
t 627 628 670
t 628 671 670
t 628 629 671
t 629 672 671
t 629 630 672
t 630 673 672
t 630 631 673
t 631 44 673
t 631 632 44
t 632 633 44
t 633 634 44
t 634 635 44
t 635 636 44
t 636 637 44
t 637 638 44
t 638 639 44
t 639 640 44
t 640 641 44
t 641 642 44
t 642 643 44
t 643 644 44
t 644 645 44
t 645 646 44
t 646 647 44
t 647 648 44
t 648 649 44
t 649 650 44
t 650 651 44
t 651 652 44
t 652 33 44
t 66 64 65
t 66 63 64
t 66 62 63
t 66 61 62
t 66 60 61
t 66 59 60
t 66 58 59
t 66 57 58
t 66 56 57
t 66 55 56
t 44 45 46
t 44 46 47
t 44 47 48
t 44 48 49
t 44 49 50
t 44 50 51
t 44 51 52
t 44 52 53
t 44 53 54
t 44 54 55
t 66 653 55
t 653 654 55
t 654 655 55
t 655 656 55
t 656 657 55
t 657 658 55
t 658 659 55
t 659 660 55
t 660 661 55
t 661 662 55
t 662 663 55
t 663 664 55
t 664 665 55
t 665 666 55
t 666 667 55
t 667 668 55
t 668 669 55
t 669 670 55
t 670 671 55
t 671 672 55
t 672 673 55
t 673 44 55
