type=Cylinder forward=true n_boundary=158 n_holes=0 n_interior=58 n_tris=156 label=brep47598_f95_Cylinder
boundary
b 0.184536373 0.253351859
b 0.182769587 0.261069169
b 0.180959830 0.268798647
b 0.179106322 0.276537262
b 0.177208285 0.284281987
b 0.175264937 0.292029792
b 0.173275498 0.299777648
b 0.171239185 0.307522527
b 0.169155137 0.315261404
b 0.167022285 0.322991269
b 0.164839526 0.330709116
b 0.162605754 0.338411937
b 0.160319864 0.346096724
b 0.157980747 0.353760471
b 0.155587293 0.361400169
b 0.153138389 0.369012808
b 0.150632719 0.376595077
b 0.148068607 0.384143137
b 0.145444337 0.391653094
b 0.142758192 0.399121058
b 0.140008451 0.406543133
b 0.137193390 0.413915428
b 0.134311284 0.421234049
b 0.131360411 0.428495052
b 0.128339295 0.435692780
b 0.125246750 0.442819514
b 0.122081605 0.449867412
b 0.118842684 0.456828632
b 0.115528806 0.463695331
b 0.112138785 0.470459667
b 0.108671433 0.477113798
b 0.105125540 0.483649790
b 0.101499640 0.490058167
b 0.097792048 0.496328170
b 0.094001067 0.502449005
b 0.090124987 0.508409876
b 0.086162095 0.514199986
b 0.082110666 0.519808541
b 0.077968969 0.525224743
b 0.073735472 0.530437471
b 0.069410657 0.535432389
b 0.064996145 0.540193337
b 0.060493561 0.544704133
b 0.055904519 0.548948598
b 0.051230623 0.552910550
b 0.046473463 0.556573810
b 0.041634621 0.559922195
b 0.036715447 0.562939459
b 0.031715924 0.565608937
b 0.026635507 0.567913807
b 0.021473638 0.569837247
b 0.016229745 0.571362433
b 0.010903241 0.572472543
b 0.005493530 0.573150754
b 0.000000000 0.573380244
b 0.000000000 0.000000000
b 0.004862954 0.000000000
b 0.009725907 0.000000000
b 0.014588861 0.000000000
b 0.019451815 0.000000000
b 0.024314768 0.000000000
b 0.029177722 0.000000000
b 0.034040676 0.000000000
b 0.038903629 0.000000000
b 0.043766583 0.000000000
b 0.048629537 0.000000000
b 0.053492490 0.000000000
b 0.058355444 0.000000000
b 0.063218398 0.000000000
b 0.068081351 0.000000000
b 0.072944305 0.000000000
b 0.077807259 0.000000000
b 0.082670213 0.000000000
b 0.087533166 0.000000000
b 0.092396120 0.000000000
b 0.097259074 0.000000000
b 0.102122027 0.000000000
b 0.106984981 0.000000000
b 0.111847935 0.000000000
b 0.116710888 0.000000000
b 0.121573842 0.000000000
b 0.126436796 0.000000000
b 0.131299749 0.000000000
b 0.136162703 0.000000000
b 0.141025657 0.000000000
b 0.145888610 0.000000000
b 0.150751564 0.000000000
b 0.155614518 0.000000000
b 0.160477471 0.000000000
b 0.165340425 0.000000000
b 0.170203379 0.000000000
b 0.175066332 0.000000000
b 0.179929286 0.000000000
b 0.184792240 0.000000000
b 0.189655193 0.000000000
b 0.194518147 0.000000000
b 0.199381101 0.000000000
b 0.204244054 0.000000000
b 0.209107008 0.000000000
b 0.213969962 0.000000000
b 0.218832915 0.000000000
b 0.223695869 0.000000000
b 0.228558823 0.000000000
b 0.228000836 0.004185904
b 0.227436414 0.008385163
b 0.226865491 0.012597602
b 0.226288000 0.016823045
b 0.225703875 0.021061315
b 0.225113050 0.025312236
b 0.224515458 0.029575633
b 0.223911033 0.033851328
b 0.223299709 0.038139147
b 0.222681419 0.042438913
b 0.222056097 0.046750449
b 0.221423676 0.051073580
b 0.220784091 0.055408130
b 0.220137274 0.059753922
b 0.219483159 0.064110780
b 0.218821680 0.068478529
b 0.218152770 0.072856992
b 0.217476364 0.077245992
b 0.216792391 0.081645358
b 0.216100761 0.086054952
b 0.215401370 0.090474659
b 0.214694109 0.094904366
b 0.213978875 0.099343960
b 0.213255560 0.103793327
b 0.212524058 0.108252353
b 0.211784264 0.112720925
b 0.211036072 0.117198929
b 0.210279374 0.121686251
b 0.209514066 0.126182777
b 0.208740040 0.130688395
b 0.207957191 0.135202990
b 0.207165412 0.139726449
b 0.206364598 0.144258659
b 0.205554641 0.148799504
b 0.204735435 0.153348873
b 0.203906875 0.157906651
b 0.203068853 0.162472723
b 0.202221269 0.167046864
b 0.201364032 0.171628683
b 0.200497051 0.176217771
b 0.199620234 0.180813723
b 0.198733491 0.185416131
b 0.197836730 0.190024588
b 0.196929859 0.194638687
b 0.196012789 0.199258022
b 0.195085428 0.203882184
b 0.194147683 0.208510767
b 0.193199464 0.213143364
b 0.192240680 0.217779568
b 0.191271238 0.222418972
b 0.190291048 0.227061169
b 0.189300017 0.231705752
b 0.188298054 0.236352314
b 0.187285067 0.241000447
b 0.186260964 0.245649745
interior
i 0.019046569 0.071672530
i 0.038093137 0.071672530
i 0.057139706 0.071672530
i 0.076186274 0.071672530
i 0.095232843 0.071672530
i 0.114279411 0.071672530
i 0.133325980 0.071672530
i 0.152372549 0.071672530
i 0.171419117 0.071672530
i 0.190465686 0.071672530
i 0.209512254 0.071672530
i 0.019046569 0.143345061
i 0.038093137 0.143345061
i 0.057139706 0.143345061
i 0.076186274 0.143345061
i 0.095232843 0.143345061
i 0.114279411 0.143345061
i 0.133325980 0.143345061
i 0.152372549 0.143345061
i 0.171419117 0.143345061
i 0.190465686 0.143345061
i 0.019046569 0.215017591
i 0.038093137 0.215017591
i 0.057139706 0.215017591
i 0.076186274 0.215017591
i 0.095232843 0.215017591
i 0.114279411 0.215017591
i 0.133325980 0.215017591
i 0.152372549 0.215017591
i 0.171419117 0.215017591
i 0.190465686 0.215017591
i 0.019046569 0.286690122
i 0.038093137 0.286690122
i 0.057139706 0.286690122
i 0.076186274 0.286690122
i 0.095232843 0.286690122
i 0.114279411 0.286690122
i 0.133325980 0.286690122
i 0.152372549 0.286690122
i 0.171419117 0.286690122
i 0.019046569 0.358362652
i 0.038093137 0.358362652
i 0.057139706 0.358362652
i 0.076186274 0.358362652
i 0.095232843 0.358362652
i 0.114279411 0.358362652
i 0.133325980 0.358362652
i 0.152372549 0.358362652
i 0.019046569 0.430035183
i 0.038093137 0.430035183
i 0.057139706 0.430035183
i 0.076186274 0.430035183
i 0.095232843 0.430035183
i 0.114279411 0.430035183
i 0.019046569 0.501707713
i 0.038093137 0.501707713
i 0.057139706 0.501707713
i 0.076186274 0.501707713
tris
t 55 56 54
t 56 53 54
t 56 57 53
t 57 52 53
t 57 58 52
t 58 51 52
t 58 59 51
t 59 50 51
t 59 60 50
t 60 49 50
t 60 61 49
t 61 48 49
t 61 62 48
t 62 47 48
t 62 63 47
t 63 46 47
t 63 64 46
t 64 45 46
t 64 65 45
t 65 44 45
t 65 66 44
t 66 43 44
t 66 67 43
t 67 42 43
t 67 68 42
t 68 41 42
t 68 69 41
t 69 40 41
t 69 70 40
t 70 39 40
t 70 71 39
t 71 38 39
t 71 37 38
t 71 72 37
t 72 36 37
t 72 73 36
t 73 35 36
t 73 74 35
t 74 34 35
t 74 75 34
t 75 33 34
t 75 32 33
t 75 76 32
t 76 31 32
t 76 77 31
t 77 30 31
t 77 78 30
t 78 29 30
t 78 28 29
t 78 79 28
t 79 27 28
t 79 80 27
t 80 26 27
t 80 25 26
t 80 81 25
t 81 24 25
t 81 82 24
t 82 23 24
t 82 22 23
t 82 83 22
t 83 21 22
t 83 20 21
t 83 84 20
t 84 19 20
t 84 18 19
t 84 85 18
t 85 17 18
t 85 16 17
t 85 86 16
t 86 15 16
t 86 14 15
t 86 87 14
t 87 13 14
t 87 12 13
t 87 88 12
t 88 11 12
t 88 10 11
t 88 89 10
t 89 9 10
t 89 8 9
t 89 90 8
t 90 7 8
t 90 6 7
t 90 91 6
t 91 5 6
t 91 4 5
t 91 3 4
t 91 92 3
t 92 2 3
t 92 1 2
t 92 0 1
t 92 93 0
t 93 157 0
t 93 156 157
t 93 155 156
t 93 154 155
t 93 94 154
t 94 153 154
t 94 152 153
t 94 151 152
t 94 150 151
t 94 149 150
t 94 95 149
t 95 148 149
t 95 147 148
t 95 146 147
t 95 145 146
t 95 144 145
t 95 96 144
t 96 143 144
t 96 142 143
t 96 141 142
t 96 140 141
t 96 139 140
t 96 138 139
t 96 97 138
t 97 137 138
t 97 136 137
t 97 135 136
t 97 134 135
t 97 133 134
t 97 132 133
t 97 98 132
t 98 131 132
t 98 130 131
t 98 129 130
t 98 128 129
t 98 127 128
t 98 126 127
t 98 99 126
t 99 125 126
t 99 124 125
t 99 123 124
t 99 122 123
t 99 121 122
t 99 120 121
t 99 119 120
t 99 118 119
t 99 100 118
t 100 117 118
t 100 116 117
t 100 115 116
t 100 114 115
t 100 113 114
t 100 112 113
t 100 111 112
t 100 101 111
t 101 110 111
t 101 109 110
t 101 108 109
t 101 107 108
t 101 106 107
t 101 105 106
t 101 104 105
t 101 103 104
t 101 102 103
