type=Nurbs forward=true n_boundary=165 n_holes=0 n_interior=203 n_tris=819 label=brep47598_f84_Nurbs(deg=3/3, cps=4x20)
boundary
b 0.130500980 -0.001109615
b 0.145008533 -0.001083599
b 0.159446171 -0.001057541
b 0.173817117 -0.001031463
b 0.188124511 -0.001005390
b 0.202371424 -0.000979345
b 0.216560863 -0.000953351
b 0.230695788 -0.000927431
b 0.244779121 -0.000901609
b 0.258813754 -0.000875907
b 0.272802564 -0.000850348
b 0.286748419 -0.000824953
b 0.300654191 -0.000799745
b 0.314522762 -0.000774747
b 0.328357022 -0.000749973
b 0.342159804 -0.000725431
b 0.355933882 -0.000701125
b 0.369681971 -0.000677060
b 0.383406745 -0.000653240
b 0.397110843 -0.000629670
b 0.410796881 -0.000606354
b 0.424467462 -0.000583296
b 0.438125185 -0.000560502
b 0.451772653 -0.000537975
b 0.465412488 -0.000515720
b 0.479047336 -0.000493741
b 0.492679878 -0.000472041
b 0.506312836 -0.000450626
b 0.519948864 -0.000429499
b 0.533590492 -0.000408665
b 0.547240209 -0.000388130
b 0.560900475 -0.000367899
b 0.574573734 -0.000347976
b 0.588262420 -0.000328365
b 0.601968973 -0.000309073
b 0.615695844 -0.000290103
b 0.629445509 -0.000271461
b 0.643220474 -0.000253150
b 0.657023295 -0.000235177
b 0.670856577 -0.000217545
b 0.684722997 -0.000200259
b 0.698625306 -0.000183325
b 0.712566350 -0.000166751
b 0.726548985 -0.000150550
b 0.740576052 -0.000134733
b 0.754650391 -0.000119312
b 0.768774847 -0.000104298
b 0.782952282 -0.000089702
b 0.797185587 -0.000075538
b 0.811477689 -0.000061815
b 0.825831568 -0.000048546
b 0.840250263 -0.000035743
b 0.854736885 -0.000023416
b 0.869294631 -0.000011577
b 0.883926796 -0.000000239
b 0.867481896 0.026667683
b 0.849381253 0.052503964
b 0.830540194 0.077529383
b 0.811745774 0.101733596
b 0.793488953 0.125074219
b 0.775860115 0.147565804
b 0.758808494 0.169254039
b 0.742378310 0.190207173
b 0.726737209 0.210513532
b 0.711798972 0.230328928
b 0.697360277 0.249876316
b 0.683223906 0.269384145
b 0.669150273 0.289091927
b 0.655052790 0.309182609
b 0.640803696 0.329746047
b 0.626310301 0.350862406
b 0.611425113 0.372592964
b 0.596215449 0.394936873
b 0.581268124 0.417681996
b 0.566970107 0.440560178
b 0.553355271 0.463287087
b 0.540145621 0.485604863
b 0.527252238 0.507432763
b 0.514754923 0.528751069
b 0.502765354 0.549531493
b 0.491400988 0.569742859
b 0.480553067 0.589394767
b 0.469902759 0.608529330
b 0.459191426 0.627188840
b 0.448253854 0.645413715
b 0.437050029 0.663229896
b 0.425647020 0.680641662
b 0.414159203 0.697651173
b 0.402748126 0.714260341
b 0.391595765 0.730476180
b 0.380777871 0.746321130
b 0.370374985 0.761820368
b 0.360490392 0.776999494
b 0.351173360 0.791878402
b 0.342224658 0.806442377
b 0.333372738 0.820665970
b 0.324323382 0.834524629
b 0.314769626 0.847998383
b 0.304424068 0.861111350
b 0.293026858 0.873912742
b 0.280351159 0.886448961
b 0.266188779 0.898767891
b 0.250503229 0.910948240
b 0.233479000 0.923101869
b 0.215332618 0.935342418
b 0.196267216 0.947783840
b 0.176502569 0.960495901
b 0.156322405 0.973457579
b 0.136025895 0.986636541
b 0.115920191 1.000000000
b 0.116118249 0.973988960
b 0.116534472 0.948343131
b 0.116882688 0.923064330
b 0.116850244 0.898155210
b 0.116306256 0.873609751
b 0.115504269 0.849404648
b 0.114771633 0.825529457
b 0.114458060 0.801991039
b 0.114663923 0.778801186
b 0.115240766 0.755974463
b 0.115920191 0.733522417
b 0.116361783 0.711450525
b 0.116489459 0.689762887
b 0.116399264 0.668459020
b 0.116219776 0.647537369
b 0.116025955 0.626998282
b 0.115801323 0.606841463
b 0.115582074 0.587065115
b 0.115489314 0.567668148
b 0.115570686 0.548648978
b 0.115746776 0.530000987
b 0.115920191 0.511717586
b 0.116013643 0.493793191
b 0.116035397 0.476223381
b 0.116013193 0.459002083
b 0.115972457 0.442124669
b 0.115933965 0.425588796
b 0.115910857 0.409393850
b 0.115896622 0.393531117
b 0.115879955 0.377981348
b 0.115864614 0.362726309
b 0.115868207 0.347749709
b 0.115920191 0.333037159
b 0.116036830 0.318571230
b 0.116144463 0.304315539
b 0.116174963 0.290228378
b 0.116110372 0.276268157
b 0.115983238 0.262393873
b 0.115874502 0.248565135
b 0.115863347 0.234732669
b 0.115913262 0.220839006
b 0.115942712 0.206826521
b 0.115931807 0.192636636
b 0.115920191 0.178210365
b 0.115965108 0.163497842
b 0.116014446 0.148485205
b 0.116036335 0.133167786
b 0.116024271 0.117540429
b 0.115968374 0.101596504
b 0.115859639 0.085327636
b 0.115760892 0.068721885
b 0.115739173 0.051772784
b 0.115788559 0.034480381
b 0.115871783 0.016844541
b 0.115920191 -0.001135563
interior
i 0.210641652 0.124006382
i 0.306825244 0.124006382
i 0.403008836 0.124006382
i 0.499192428 0.124006382
i 0.595376020 0.124006382
i 0.691559612 0.124006382
i 0.787743204 0.124006382
i 0.210641652 0.249148328
i 0.306825244 0.249148328
i 0.403008836 0.249148328
i 0.499192428 0.249148328
i 0.595376020 0.249148328
i 0.691559612 0.249148328
i 0.210641652 0.374290273
i 0.306825244 0.374290273
i 0.403008836 0.374290273
i 0.499192428 0.374290273
i 0.595376020 0.374290273
i 0.210641652 0.499432218
i 0.306825244 0.499432218
i 0.403008836 0.499432218
i 0.499192428 0.499432218
i 0.210641652 0.624574164
i 0.306825244 0.624574164
i 0.403008836 0.624574164
i 0.210641652 0.749716109
i 0.306825244 0.749716109
i 0.210641652 0.874858055
i 0.162549856 0.061435410
i 0.138503958 0.030149923
i 0.186595754 0.030149923
i 0.138503958 0.092720896
i 0.186595754 0.092720896
i 0.162549856 0.186577355
i 0.138503958 0.155291869
i 0.186595754 0.155291869
i 0.138503958 0.217862841
i 0.186595754 0.217862841
i 0.162549856 0.311719300
i 0.138503958 0.280433814
i 0.186595754 0.280433814
i 0.138503958 0.343004787
i 0.186595754 0.343004787
i 0.162549856 0.436861246
i 0.138503958 0.405575759
i 0.186595754 0.405575759
i 0.138503958 0.468146732
i 0.186595754 0.468146732
i 0.162549856 0.562003191
i 0.138503958 0.530717705
i 0.186595754 0.530717705
i 0.138503958 0.593288677
i 0.186595754 0.593288677
i 0.162549856 0.687145137
i 0.138503958 0.655859650
i 0.186595754 0.655859650
i 0.138503958 0.718430623
i 0.186595754 0.718430623
i 0.162549856 0.812287082
i 0.138503958 0.781001596
i 0.186595754 0.781001596
i 0.138503958 0.843572568
i 0.186595754 0.843572568
i 0.162549856 0.937429027
i 0.138503958 0.906143541
i 0.186595754 0.906143541
i 0.138503958 0.968714514
i 0.258733448 0.061435410
i 0.234687550 0.030149923
i 0.282779346 0.030149923
i 0.234687550 0.092720896
i 0.282779346 0.092720896
i 0.258733448 0.186577355
i 0.234687550 0.155291869
i 0.282779346 0.155291869
i 0.234687550 0.217862841
i 0.282779346 0.217862841
i 0.258733448 0.311719300
i 0.234687550 0.280433814
i 0.282779346 0.280433814
i 0.234687550 0.343004787
i 0.282779346 0.343004787
i 0.258733448 0.436861246
i 0.234687550 0.405575759
i 0.282779346 0.405575759
i 0.234687550 0.468146732
i 0.282779346 0.468146732
i 0.258733448 0.562003191
i 0.234687550 0.530717705
i 0.282779346 0.530717705
i 0.234687550 0.593288677
i 0.282779346 0.593288677
i 0.258733448 0.687145137
i 0.234687550 0.655859650
i 0.282779346 0.655859650
i 0.234687550 0.718430623
i 0.282779346 0.718430623
i 0.258733448 0.812287082
i 0.234687550 0.781001596
i 0.282779346 0.781001596
i 0.234687550 0.843572568
i 0.282779346 0.843572568
i 0.354917040 0.061435410
i 0.330871142 0.030149923
i 0.378962938 0.030149923
i 0.330871142 0.092720896
i 0.378962938 0.092720896
i 0.354917040 0.186577355
i 0.330871142 0.155291869
i 0.378962938 0.155291869
i 0.330871142 0.217862841
i 0.378962938 0.217862841
i 0.354917040 0.311719300
i 0.330871142 0.280433814
i 0.378962938 0.280433814
i 0.330871142 0.343004787
i 0.378962938 0.343004787
i 0.354917040 0.436861246
i 0.330871142 0.405575759
i 0.378962938 0.405575759
i 0.330871142 0.468146732
i 0.378962938 0.468146732
i 0.354917040 0.562003191
i 0.330871142 0.530717705
i 0.378962938 0.530717705
i 0.330871142 0.593288677
i 0.378962938 0.593288677
i 0.354917040 0.687145137
i 0.330871142 0.655859650
i 0.378962938 0.655859650
i 0.330871142 0.718430623
i 0.378962938 0.718430623
i 0.451100632 0.061435410
i 0.427054734 0.030149923
i 0.475146530 0.030149923
i 0.427054734 0.092720896
i 0.475146530 0.092720896
i 0.451100632 0.186577355
i 0.427054734 0.155291869
i 0.475146530 0.155291869
i 0.427054734 0.217862841
i 0.475146530 0.217862841
i 0.451100632 0.311719300
i 0.427054734 0.280433814
i 0.475146530 0.280433814
i 0.427054734 0.343004787
i 0.475146530 0.343004787
i 0.451100632 0.436861246
i 0.427054734 0.405575759
i 0.475146530 0.405575759
i 0.427054734 0.468146732
i 0.475146530 0.468146732
i 0.451100632 0.562003191
i 0.427054734 0.530717705
i 0.475146530 0.530717705
i 0.427054734 0.593288677
i 0.475146530 0.593288677
i 0.547284224 0.061435410
i 0.523238326 0.030149923
i 0.571330122 0.030149923
i 0.523238326 0.092720896
i 0.571330122 0.092720896
i 0.547284224 0.186577355
i 0.523238326 0.155291869
i 0.571330122 0.155291869
i 0.523238326 0.217862841
i 0.571330122 0.217862841
i 0.547284224 0.311719300
i 0.523238326 0.280433814
i 0.571330122 0.280433814
i 0.523238326 0.343004787
i 0.571330122 0.343004787
i 0.547284224 0.436861246
i 0.523238326 0.405575759
i 0.571330122 0.405575759
i 0.523238326 0.468146732
i 0.643467816 0.061435410
i 0.619421918 0.030149923
i 0.667513714 0.030149923
i 0.619421918 0.092720896
i 0.667513714 0.092720896
i 0.643467816 0.186577355
i 0.619421918 0.155291869
i 0.667513714 0.155291869
i 0.619421918 0.217862841
i 0.667513714 0.217862841
i 0.643467816 0.311719300
i 0.619421918 0.280433814
i 0.667513714 0.280433814
i 0.619421918 0.343004787
i 0.739651408 0.061435410
i 0.715605510 0.030149923
i 0.763697306 0.030149923
i 0.715605510 0.092720896
i 0.763697306 0.092720896
i 0.739651408 0.186577355
i 0.715605510 0.155291869
i 0.763697306 0.155291869
i 0.715605510 0.217862841
i 0.835835000 0.061435410
i 0.811789102 0.030149923
i 0.859880898 0.030149923
i 0.811789102 0.092720896
tris
t 164 0 368
t 0 1 368
t 1 2 368
t 2 3 368
t 3 4 368
t 4 5 368
t 5 6 368
t 6 7 368
t 7 8 368
t 8 382 368
t 8 9 382
t 9 383 382
t 9 384 383
t 9 10 384
t 10 385 384
t 10 386 385
t 10 11 386
t 11 387 386
t 11 388 387
t 11 12 388
t 12 389 388
t 12 390 389
t 12 13 390
t 13 391 390
t 13 392 391
t 13 393 392
t 13 14 393
t 14 394 393
t 14 395 394
t 14 15 395
t 15 396 395
t 15 397 396
t 15 398 397
t 15 16 398
t 16 399 398
t 16 400 399
t 16 17 400
t 17 401 400
t 17 402 401
t 17 403 402
t 17 18 403
t 18 404 403
t 18 405 404
t 18 19 405
t 19 406 405
t 19 407 406
t 19 20 407
t 20 408 407
t 20 409 408
t 20 21 409
t 21 410 409
t 21 411 410
t 21 412 411
t 21 22 412
t 22 413 412
t 22 414 413
t 22 23 414
t 23 415 414
t 23 416 415
t 23 24 416
t 24 417 416
t 24 418 417
t 24 25 418
t 25 419 418
t 25 420 419
t 25 421 420
t 25 26 421
t 26 422 421
t 26 423 422
t 26 27 423
t 27 424 423
t 27 425 424
t 27 28 425
t 28 426 425
t 28 427 426
t 28 29 427
t 29 428 427
t 29 429 428
t 29 30 429
t 30 430 429
t 30 431 430
t 30 31 431
t 31 432 431
t 31 433 432
t 31 32 433
t 32 434 433
t 32 435 434
t 32 33 435
t 33 436 435
t 33 437 436
t 33 34 437
t 34 438 437
t 34 439 438
t 34 35 439
t 35 440 439
t 35 441 440
t 35 36 441
t 36 442 441
t 36 443 442
t 36 37 443
t 37 444 443
t 37 445 444
t 37 38 445
t 38 446 445
t 38 447 446
t 38 39 447
t 39 448 447
t 39 449 448
t 39 40 449
t 40 450 449
t 40 451 450
t 40 41 451
t 41 452 451
t 41 453 452
t 41 42 453
t 42 454 453
t 42 43 454
t 43 455 454
t 43 456 455
t 43 44 456
t 44 457 456
t 44 458 457
t 44 369 458
t 44 45 369
t 45 46 369
t 46 47 369
t 47 48 369
t 48 49 369
t 49 50 369
t 50 51 369
t 51 52 369
t 52 53 369
t 53 54 369
t 164 368 163
t 163 368 162
t 162 368 161
t 161 368 160
t 160 368 159
t 159 368 158
t 158 368 157
t 157 368 156
t 156 368 370
t 54 55 369
t 55 56 369
t 56 57 369
t 57 58 369
t 58 59 369
t 59 371 369
t 368 459 370
t 368 460 459
t 368 382 460
t 382 461 460
t 382 383 461
t 383 462 461
t 383 384 462
t 384 463 462
t 384 385 463
t 385 464 463
t 385 386 464
t 386 465 464
t 386 387 465
t 387 466 465
t 387 388 466
t 388 467 466
t 388 389 467
t 389 468 467
t 389 390 468
t 390 469 468
t 390 391 469
t 391 470 469
t 391 392 470
t 392 471 470
t 392 393 471
t 393 472 471
t 393 394 472
t 394 473 472
t 394 395 473
t 395 474 473
t 395 396 474
t 396 475 474
t 396 397 475
t 397 476 475
t 397 398 476
t 398 477 476
t 398 399 477
t 399 478 477
t 399 400 478
t 400 479 478
t 400 401 479
t 401 480 479
t 401 402 480
t 402 481 480
t 402 403 481
t 403 482 481
t 403 404 482
t 404 483 482
t 404 405 483
t 405 484 483
t 405 406 484
t 406 485 484
t 406 407 485
t 407 486 485
t 407 408 486
t 408 487 486
t 408 409 487
t 409 488 487
t 409 410 488
t 410 489 488
t 410 411 489
t 411 490 489
t 411 412 490
t 412 491 490
t 412 413 491
t 413 492 491
t 413 414 492
t 414 493 492
t 414 415 493
t 415 494 493
t 415 416 494
t 416 495 494
t 416 417 495
t 417 496 495
t 417 418 496
t 418 497 496
t 418 419 497
t 419 498 497
t 419 420 498
t 420 499 498
t 420 421 499
t 421 500 499
t 421 422 500
t 422 501 500
t 422 423 501
t 423 502 501
t 423 424 502
t 424 503 502
t 424 425 503
t 425 504 503
t 425 426 504
t 426 505 504
t 426 427 505
t 427 506 505
t 427 428 506
t 428 507 506
t 428 429 507
t 429 508 507
t 429 430 508
t 430 509 508
t 430 431 509
t 431 510 509
t 431 432 510
t 432 511 510
t 432 433 511
t 433 512 511
t 433 434 512
t 434 513 512
t 434 435 513
t 435 514 513
t 435 436 514
t 436 515 514
t 436 437 515
t 437 516 515
t 437 438 516
t 438 517 516
t 438 439 517
t 439 518 517
t 439 440 518
t 440 519 518
t 440 441 519
t 441 520 519
t 441 442 520
t 442 521 520
t 442 443 521
t 443 522 521
t 443 444 522
t 444 523 522
t 444 445 523
t 445 524 523
t 445 446 524
t 446 525 524
t 446 447 525
t 447 526 525
t 447 448 526
t 448 527 526
t 448 371 527
t 448 449 371
t 449 450 371
t 450 451 371
t 451 452 371
t 452 453 371
t 453 454 371
t 454 455 371
t 455 456 371
t 456 457 371
t 457 458 371
t 458 369 371
t 156 370 155
t 155 370 154
t 154 370 153
t 153 370 152
t 152 370 151
t 151 370 150
t 150 370 149
t 149 370 148
t 148 370 372
t 59 60 371
t 60 61 371
t 61 62 371
t 62 63 371
t 63 64 371
t 64 373 371
t 370 528 372
t 370 459 528
t 459 529 528
t 459 460 529
t 460 530 529
t 460 461 530
t 461 531 530
t 461 462 531
t 462 532 531
t 462 463 532
t 463 533 532
t 463 464 533
t 464 534 533
t 464 465 534
t 465 535 534
t 465 466 535
t 466 536 535
t 466 467 536
t 467 537 536
t 467 468 537
t 468 538 537
t 468 469 538
t 469 539 538
t 469 470 539
t 470 540 539
t 470 471 540
t 471 541 540
t 471 472 541
t 472 542 541
t 472 473 542
t 473 543 542
t 473 474 543
t 474 544 543
t 474 475 544
t 475 545 544
t 475 476 545
t 476 546 545
t 476 477 546
t 477 547 546
t 477 478 547
t 478 548 547
t 478 479 548
t 479 549 548
t 479 480 549
t 480 550 549
t 480 481 550
t 481 551 550
t 481 482 551
t 482 552 551
t 482 483 552
t 483 553 552
t 483 484 553
t 484 554 553
t 484 485 554
t 485 555 554
t 485 486 555
t 486 556 555
t 486 487 556
t 487 557 556
t 487 488 557
t 488 558 557
t 488 489 558
t 489 559 558
t 489 490 559
t 490 560 559
t 490 491 560
t 491 561 560
t 491 492 561
t 492 562 561
t 492 493 562
t 493 563 562
t 493 494 563
t 494 564 563
t 494 495 564
t 495 565 564
t 495 496 565
t 496 566 565
t 496 497 566
t 497 567 566
t 497 498 567
t 498 568 567
t 498 499 568
t 499 569 568
t 499 500 569
t 500 570 569
t 500 501 570
t 501 571 570
t 501 502 571
t 502 572 571
t 502 503 572
t 503 573 572
t 503 504 573
t 504 574 573
t 504 505 574
t 505 575 574
t 505 506 575
t 506 576 575
t 506 507 576
t 507 577 576
t 507 508 577
t 508 578 577
t 508 509 578
t 509 579 578
t 509 510 579
t 510 580 579
t 510 511 580
t 511 581 580
t 511 512 581
t 512 582 581
t 512 513 582
t 513 583 582
t 513 514 583
t 514 584 583
t 514 515 584
t 515 585 584
t 515 516 585
t 516 586 585
t 516 373 586
t 516 517 373
t 517 518 373
t 518 519 373
t 519 520 373
t 520 521 373
t 521 522 373
t 522 523 373
t 523 524 373
t 524 525 373
t 525 526 373
t 526 527 373
t 527 371 373
t 148 372 147
t 147 372 146
t 146 372 145
t 145 372 144
t 144 372 143
t 143 372 142
t 142 372 141
t 141 372 140
t 140 372 374
t 64 65 373
t 65 66 373
t 66 67 373
t 67 68 373
t 68 69 373
t 69 70 373
t 70 375 373
t 372 528 374
t 528 587 374
t 528 529 587
t 529 588 587
t 529 530 588
t 530 589 588
t 530 531 589
t 531 590 589
t 531 532 590
t 532 591 590
t 532 533 591
t 533 592 591
t 533 534 592
t 534 593 592
t 534 535 593
t 535 594 593
t 535 536 594
t 536 595 594
t 536 537 595
t 537 596 595
t 537 538 596
t 538 597 596
t 538 539 597
t 539 598 597
t 539 540 598
t 540 599 598
t 540 541 599
t 541 600 599
t 541 542 600
t 542 601 600
t 542 543 601
t 543 602 601
t 543 544 602
t 544 603 602
t 544 545 603
t 545 604 603
t 545 546 604
t 546 605 604
t 546 547 605
t 547 606 605
t 547 548 606
t 548 607 606
t 548 549 607
t 549 608 607
t 549 550 608
t 550 609 608
t 550 551 609
t 551 610 609
t 551 552 610
t 552 611 610
t 552 553 611
t 553 612 611
t 553 554 612
t 554 613 612
t 554 555 613
t 555 614 613
t 555 556 614
t 556 615 614
t 556 557 615
t 557 616 615
t 557 558 616
t 558 617 616
t 558 559 617
t 559 618 617
t 559 560 618
t 560 619 618
t 560 561 619
t 561 620 619
t 561 562 620
t 562 621 620
t 562 563 621
t 563 622 621
t 563 564 622
t 564 623 622
t 564 565 623
t 565 624 623
t 565 566 624
t 566 625 624
t 566 567 625
t 567 626 625
t 567 568 626
t 568 627 626
t 568 569 627
t 569 628 627
t 569 570 628
t 570 629 628
t 570 571 629
t 571 630 629
t 571 572 630
t 572 631 630
t 572 573 631
t 573 632 631
t 573 375 632
t 573 574 375
t 574 575 375
t 575 576 375
t 576 577 375
t 577 578 375
t 578 579 375
t 579 580 375
t 580 581 375
t 581 582 375
t 582 583 375
t 583 584 375
t 584 585 375
t 585 586 375
t 586 373 375
t 140 374 139
t 139 374 138
t 138 374 137
t 137 374 136
t 136 374 135
t 135 374 134
t 134 374 133
t 133 374 132
t 132 374 376
t 70 71 375
t 71 72 375
t 72 73 375
t 73 74 375
t 74 75 375
t 75 76 375
t 76 377 375
t 374 587 376
t 587 633 376
t 587 588 633
t 588 634 633
t 588 589 634
t 589 635 634
t 589 590 635
t 590 636 635
t 590 591 636
t 591 637 636
t 591 592 637
t 592 638 637
t 592 593 638
t 593 639 638
t 593 594 639
t 594 640 639
t 594 595 640
t 595 641 640
t 595 596 641
t 596 642 641
t 596 597 642
t 597 643 642
t 597 598 643
t 598 644 643
t 598 599 644
t 599 645 644
t 599 600 645
t 600 646 645
t 600 601 646
t 601 647 646
t 601 602 647
t 602 648 647
t 602 603 648
t 603 649 648
t 603 604 649
t 604 650 649
t 604 605 650
t 605 651 650
t 605 606 651
t 606 652 651
t 606 607 652
t 607 653 652
t 607 608 653
t 608 654 653
t 608 609 654
t 609 655 654
t 609 610 655
t 610 656 655
t 610 611 656
t 611 657 656
t 611 612 657
t 612 658 657
t 612 613 658
t 613 659 658
t 613 614 659
t 614 660 659
t 614 615 660
t 615 661 660
t 615 616 661
t 616 662 661
t 616 617 662
t 617 663 662
t 617 618 663
t 618 664 663
t 618 619 664
t 619 665 664
t 619 377 665
t 619 620 377
t 620 621 377
t 621 622 377
t 622 623 377
t 623 624 377
t 624 625 377
t 625 626 377
t 626 627 377
t 627 628 377
t 628 629 377
t 629 630 377
t 630 631 377
t 631 632 377
t 632 375 377
t 132 376 131
t 131 376 130
t 130 376 129
t 129 376 128
t 128 376 127
t 127 376 126
t 126 376 378
t 76 77 377
t 77 78 377
t 78 79 377
t 79 80 377
t 80 81 377
t 81 82 377
t 82 83 377
t 83 379 377
t 376 633 378
t 633 666 378
t 633 634 666
t 634 667 666
t 634 635 667
t 635 668 667
t 635 636 668
t 636 669 668
t 636 637 669
t 637 670 669
t 637 638 670
t 638 671 670
t 638 639 671
t 639 672 671
t 639 640 672
t 640 673 672
t 640 641 673
t 641 674 673
t 641 642 674
t 642 675 674
t 642 643 675
t 643 676 675
t 643 644 676
t 644 677 676
t 644 645 677
t 645 678 677
t 645 646 678
t 646 679 678
t 646 647 679
t 647 680 679
t 647 648 680
t 648 681 680
t 648 649 681
t 649 682 681
t 649 650 682
t 650 683 682
t 650 651 683
t 651 684 683
t 651 379 684
t 651 652 379
t 652 653 379
t 653 654 379
t 654 655 379
t 655 656 379
t 656 657 379
t 657 658 379
t 658 659 379
t 659 660 379
t 660 661 379
t 661 662 379
t 662 663 379
t 663 664 379
t 664 665 379
t 665 377 379
t 126 378 125
t 125 378 124
t 124 378 123
t 123 378 122
t 122 378 121
t 121 378 120
t 120 378 380
t 83 84 379
t 84 85 379
t 85 86 379
t 86 87 379
t 87 88 379
t 88 89 379
t 89 90 379
t 90 381 379
t 378 685 380
t 378 686 685
t 378 666 686
t 666 687 686
t 666 667 687
t 667 688 687
t 667 668 688
t 668 689 688
t 668 669 689
t 669 690 689
t 669 670 690
t 670 691 690
t 670 671 691
t 671 692 691
t 671 672 692
t 672 693 692
t 672 673 693
t 673 694 693
t 673 674 694
t 674 695 694
t 674 381 695
t 674 675 381
t 675 676 381
t 676 677 381
t 677 678 381
t 678 679 381
t 679 680 381
t 680 681 381
t 681 682 381
t 682 683 381
t 683 684 381
t 684 379 381
t 120 380 119
t 119 380 118
t 118 380 117
t 117 380 116
t 116 380 115
t 115 380 114
t 114 380 113
t 113 380 112
t 112 380 111
t 111 380 110
t 110 380 109
t 90 91 381
t 91 92 381
t 92 93 381
t 93 94 381
t 94 95 381
t 95 96 381
t 96 97 381
t 97 98 381
t 98 99 381
t 99 100 381
t 100 101 381
t 101 102 381
t 102 103 381
t 103 104 381
t 104 105 381
t 105 106 381
t 106 107 381
t 107 108 381
t 108 109 381
t 380 685 109
t 685 686 109
t 686 687 109
t 687 688 109
t 688 689 109
t 689 690 109
t 690 691 109
t 691 692 109
t 692 693 109
t 693 694 109
t 694 695 109
t 695 381 109
