type=Nurbs forward=false n_boundary=179 n_holes=0 n_interior=197 n_tris=1983 label=brep47598_f14_Nurbs(deg=3/3, cps=4x4)
boundary
b 0.039760341 0.728715816
b 0.039760341 0.705808258
b 0.039760341 0.683068614
b 0.039760341 0.660477296
b 0.039760341 0.638015203
b 0.039760341 0.615663658
b 0.039760341 0.593404337
b 0.039760341 0.571219214
b 0.039760341 0.549090499
b 0.039760341 0.527000583
b 0.039760341 0.504931978
b 0.039760341 0.482867263
b 0.039760341 0.460789030
b 0.039760341 0.438679829
b 0.039760341 0.416522112
b 0.039760341 0.394298175
b 0.039760341 0.371990106
b 0.039760341 0.349579722
b 0.039760341 0.327048511
b 0.039760341 0.304377570
b 0.039760341 0.281547536
b 0.039760341 0.258538524
b 0.039760341 0.235330049
b 0.039760341 0.211900952
b 0.039760341 0.188229317
b 0.039760341 0.164292388
b 0.039760341 0.140066469
b 0.039760341 0.115526829
b 0.039760341 0.090647589
b 0.039760341 0.065401606
b 0.039760341 0.039760341
b 0.072405241 0.039760341
b 0.104419583 0.039760341
b 0.135861432 0.039760341
b 0.166785347 0.039760341
b 0.197242795 0.039760341
b 0.227282516 0.039760341
b 0.256950867 0.039760341
b 0.286292120 0.039760341
b 0.315348744 0.039760341
b 0.344161664 0.039760341
b 0.372770498 0.039760341
b 0.401213785 0.039760341
b 0.429529196 0.039760341
b 0.457753735 0.039760341
b 0.485923939 0.039760341
b 0.514076061 0.039760341
b 0.542246265 0.039760341
b 0.570470804 0.039760341
b 0.598786215 0.039760341
b 0.627229502 0.039760341
b 0.655838336 0.039760341
b 0.684651256 0.039760341
b 0.713707880 0.039760341
b 0.743049133 0.039760341
b 0.772717484 0.039760341
b 0.802757205 0.039760341
b 0.833214653 0.039760341
b 0.864138568 0.039760341
b 0.895580417 0.039760341
b 0.927594759 0.039760341
b 0.960239659 0.039760341
b 0.960239659 0.072405241
b 0.960239659 0.104419583
b 0.960239659 0.135861432
b 0.960239659 0.166785347
b 0.960239659 0.197242795
b 0.960239659 0.227282516
b 0.960239659 0.256950867
b 0.960239659 0.286292120
b 0.960239659 0.315348744
b 0.960239659 0.344161664
b 0.960239659 0.372770498
b 0.960239659 0.401213785
b 0.960239659 0.429529196
b 0.960239659 0.457753735
b 0.960239659 0.485923939
b 0.960239659 0.514076061
b 0.960239659 0.542246265
b 0.960239659 0.570470804
b 0.960239659 0.598786215
b 0.960239659 0.627229502
b 0.960239659 0.655838336
b 0.960239659 0.684651256
b 0.960239659 0.713707880
b 0.960239659 0.743049133
b 0.960239659 0.772717484
b 0.960239659 0.802757205
b 0.960239659 0.833214653
b 0.960239659 0.864138568
b 0.960239659 0.895580417
b 0.960239659 0.927594759
b 0.960239659 0.960239659
b 0.951716683 0.960239659
b 0.943239081 0.960239659
b 0.934805768 0.960239659
b 0.926415675 0.960239659
b 0.918067754 0.960239659
b 0.909760973 0.960239659
b 0.901494317 0.960239659
b 0.893266791 0.960239659
b 0.885077411 0.960239659
b 0.876925212 0.960239659
b 0.868809244 0.960239659
b 0.860728571 0.960239659
b 0.852682271 0.960239659
b 0.844669435 0.960239659
b 0.836689169 0.960239659
b 0.828740591 0.960239659
b 0.820822832 0.960239659
b 0.812935034 0.960239659
b 0.805076351 0.960239659
b 0.797245949 0.960239659
b 0.789443003 0.960239659
b 0.781666701 0.960239659
b 0.773916239 0.960239659
b 0.766190825 0.960239659
b 0.758489673 0.960239659
b 0.750812009 0.960239659
b 0.743157067 0.960239659
b 0.735524090 0.960239659
b 0.727912327 0.960239659
b 0.720321038 0.960239659
b 0.712749487 0.960239659
b 0.701228584 0.955636767
b 0.689734994 0.950879383
b 0.678265966 0.945977958
b 0.666818634 0.940942807
b 0.655390011 0.935784092
b 0.643976980 0.930511805
b 0.632576282 0.925135754
b 0.621184507 0.919665541
b 0.609798084 0.914110551
b 0.598413405 0.908480335
b 0.587027620 0.902786831
b 0.575638205 0.897042876
b 0.564242607 0.891261130
b 0.552838231 0.885454060
b 0.541422428 0.879633916
b 0.529992477 0.873812712
b 0.518545577 0.868002209
b 0.507078827 0.862213902
b 0.495589225 0.856459044
b 0.484073828 0.850749109
b 0.472529879 0.845095788
b 0.460954764 0.839510729
b 0.449346007 0.834005504
b 0.437701251 0.828591597
b 0.426018249 0.823280371
b 0.414294852 0.818083056
b 0.402528992 0.813010729
b 0.390718587 0.808074204
b 0.378859538 0.803282114
b 0.366945709 0.798641072
b 0.354970891 0.794157710
b 0.342928893 0.789838773
b 0.330813536 0.785691136
b 0.318618652 0.781721808
b 0.306338075 0.777937943
b 0.293965647 0.774346847
b 0.281495250 0.770955986
b 0.268923186 0.767773212
b 0.256249644 0.764806733
b 0.243475379 0.762064637
b 0.230601387 0.759554817
b 0.217628888 0.757284942
b 0.204559310 0.755262430
b 0.191394274 0.753494425
b 0.178135573 0.751987785
b 0.164785147 0.750749066
b 0.151342941 0.749782683
b 0.137803663 0.749088426
b 0.124161063 0.748665570
b 0.110408695 0.748513579
b 0.096539914 0.748632114
b 0.082547866 0.749021028
b 0.068425483 0.749680369
b 0.054165480 0.750610367
b 0.039760341 0.751811432
interior
i 0.154820256 0.154820256
i 0.269880171 0.154820256
i 0.384940085 0.154820256
i 0.500000000 0.154820256
i 0.615059915 0.154820256
i 0.730119829 0.154820256
i 0.845179744 0.154820256
i 0.154820256 0.269880171
i 0.269880171 0.269880171
i 0.384940085 0.269880171
i 0.500000000 0.269880171
i 0.615059915 0.269880171
i 0.730119829 0.269880171
i 0.845179744 0.269880171
i 0.154820256 0.384940085
i 0.269880171 0.384940085
i 0.384940085 0.384940085
i 0.500000000 0.384940085
i 0.615059915 0.384940085
i 0.730119829 0.384940085
i 0.845179744 0.384940085
i 0.154820256 0.500000000
i 0.269880171 0.500000000
i 0.384940085 0.500000000
i 0.500000000 0.500000000
i 0.615059915 0.500000000
i 0.730119829 0.500000000
i 0.845179744 0.500000000
i 0.154820256 0.615059915
i 0.269880171 0.615059915
i 0.384940085 0.615059915
i 0.500000000 0.615059915
i 0.615059915 0.615059915
i 0.730119829 0.615059915
i 0.845179744 0.615059915
i 0.154820256 0.730119829
i 0.269880171 0.730119829
i 0.384940085 0.730119829
i 0.500000000 0.730119829
i 0.615059915 0.730119829
i 0.730119829 0.730119829
i 0.845179744 0.730119829
i 0.500000000 0.845179744
i 0.615059915 0.845179744
i 0.730119829 0.845179744
i 0.845179744 0.845179744
i 0.097290299 0.097290299
i 0.097290299 0.212350213
i 0.068525320 0.183585235
i 0.126055277 0.183585235
i 0.068525320 0.241115192
i 0.126055277 0.241115192
i 0.097290299 0.327410128
i 0.097290299 0.442470043
i 0.097290299 0.557529957
i 0.097290299 0.672589872
i 0.068525320 0.643824893
i 0.126055277 0.643824893
i 0.068525320 0.701354851
i 0.126055277 0.701354851
i 0.212350213 0.097290299
i 0.212350213 0.212350213
i 0.212350213 0.327410128
i 0.212350213 0.442470043
i 0.212350213 0.557529957
i 0.212350213 0.672589872
i 0.183585235 0.643824893
i 0.241115192 0.643824893
i 0.183585235 0.701354851
i 0.241115192 0.701354851
i 0.327410128 0.097290299
i 0.327410128 0.212350213
i 0.327410128 0.327410128
i 0.327410128 0.442470043
i 0.298645149 0.413705064
i 0.356175107 0.413705064
i 0.298645149 0.471235021
i 0.356175107 0.471235021
i 0.327410128 0.557529957
i 0.298645149 0.528764979
i 0.356175107 0.528764979
i 0.298645149 0.586294936
i 0.356175107 0.586294936
i 0.327410128 0.672589872
i 0.298645149 0.643824893
i 0.356175107 0.643824893
i 0.298645149 0.701354851
i 0.356175107 0.701354851
i 0.442470043 0.097290299
i 0.413705064 0.068525320
i 0.471235021 0.068525320
i 0.413705064 0.126055277
i 0.471235021 0.126055277
i 0.442470043 0.212350213
i 0.442470043 0.327410128
i 0.442470043 0.442470043
i 0.413705064 0.413705064
i 0.471235021 0.413705064
i 0.413705064 0.471235021
i 0.471235021 0.471235021
i 0.442470043 0.557529957
i 0.442470043 0.672589872
i 0.413705064 0.643824893
i 0.471235021 0.643824893
i 0.413705064 0.701354851
i 0.471235021 0.701354851
i 0.442470043 0.787649787
i 0.413705064 0.758884808
i 0.471235021 0.758884808
i 0.471235021 0.816414765
i 0.557529957 0.097290299
i 0.557529957 0.212350213
i 0.557529957 0.327410128
i 0.557529957 0.442470043
i 0.528764979 0.413705064
i 0.586294936 0.413705064
i 0.528764979 0.471235021
i 0.586294936 0.471235021
i 0.557529957 0.557529957
i 0.528764979 0.528764979
i 0.586294936 0.528764979
i 0.528764979 0.586294936
i 0.586294936 0.586294936
i 0.557529957 0.672589872
i 0.557529957 0.787649787
i 0.672589872 0.097290299
i 0.643824893 0.068525320
i 0.701354851 0.068525320
i 0.643824893 0.126055277
i 0.701354851 0.126055277
i 0.672589872 0.212350213
i 0.672589872 0.327410128
i 0.643824893 0.298645149
i 0.701354851 0.298645149
i 0.643824893 0.356175107
i 0.701354851 0.356175107
i 0.672589872 0.442470043
i 0.672589872 0.557529957
i 0.643824893 0.528764979
i 0.701354851 0.528764979
i 0.643824893 0.586294936
i 0.701354851 0.586294936
i 0.672589872 0.672589872
i 0.643824893 0.643824893
i 0.701354851 0.643824893
i 0.643824893 0.701354851
i 0.701354851 0.701354851
i 0.672589872 0.787649787
i 0.672589872 0.902709701
i 0.787649787 0.097290299
i 0.787649787 0.212350213
i 0.787649787 0.327410128
i 0.758884808 0.298645149
i 0.816414765 0.298645149
i 0.758884808 0.356175107
i 0.816414765 0.356175107
i 0.787649787 0.442470043
i 0.758884808 0.413705064
i 0.816414765 0.413705064
i 0.758884808 0.471235021
i 0.816414765 0.471235021
i 0.787649787 0.557529957
i 0.787649787 0.672589872
i 0.758884808 0.643824893
i 0.816414765 0.643824893
i 0.758884808 0.701354851
i 0.816414765 0.701354851
i 0.787649787 0.787649787
i 0.758884808 0.758884808
i 0.816414765 0.758884808
i 0.758884808 0.816414765
i 0.816414765 0.816414765
i 0.787649787 0.902709701
i 0.902709701 0.097290299
i 0.873944723 0.068525320
i 0.931474680 0.068525320
i 0.873944723 0.126055277
i 0.931474680 0.126055277
i 0.902709701 0.212350213
i 0.902709701 0.327410128
i 0.902709701 0.442470043
i 0.873944723 0.413705064
i 0.931474680 0.413705064
i 0.873944723 0.471235021
i 0.931474680 0.471235021
i 0.902709701 0.557529957
i 0.902709701 0.672589872
i 0.873944723 0.643824893
i 0.931474680 0.643824893
i 0.873944723 0.701354851
i 0.931474680 0.701354851
i 0.902709701 0.787649787
i 0.873944723 0.758884808
i 0.931474680 0.758884808
i 0.873944723 0.816414765
i 0.931474680 0.816414765
i 0.902709701 0.902709701
tris
t 30 28 29
t 30 27 28
t 30 26 27
t 61 62 63
t 61 63 64
t 30 376 26
t 30 377 376
t 30 31 377
t 31 378 377
t 31 379 378
t 31 380 379
t 31 32 380
t 32 381 380
t 32 382 381
t 32 383 382
t 32 33 383
t 33 384 383
t 33 385 384
t 33 386 385
t 33 387 386
t 33 34 387
t 34 388 387
t 34 389 388
t 34 390 389
t 34 35 390
t 35 391 390
t 35 392 391
t 35 393 392
t 35 36 393
t 36 394 393
t 36 395 394
t 36 396 395
t 36 397 396
t 36 37 397
t 37 398 397
t 37 399 398
t 37 400 399
t 37 38 400
t 38 401 400
t 38 402 401
t 38 403 402
t 38 39 403
t 39 404 403
t 39 405 404
t 39 406 405
t 39 407 406
t 39 40 407
t 40 408 407
t 40 409 408
t 40 410 409
t 40 41 410
t 41 411 410
t 41 412 411
t 41 413 412
t 41 42 413
t 42 414 413
t 42 415 414
t 42 416 415
t 42 417 416
t 42 43 417
t 43 418 417
t 43 419 418
t 43 420 419
t 43 44 420
t 44 421 420
t 44 422 421
t 44 423 422
t 44 424 423
t 44 45 424
t 45 425 424
t 45 426 425
t 45 427 426
t 45 46 427
t 46 428 427
t 46 429 428
t 46 430 429
t 46 431 430
t 46 47 431
t 47 432 431
t 47 433 432
t 47 434 433
t 47 48 434
t 48 435 434
t 48 436 435
t 48 437 436
t 48 438 437
t 48 49 438
t 49 439 438
t 49 440 439
t 49 441 440
t 49 50 441
t 50 442 441
t 50 443 442
t 50 444 443
t 50 445 444
t 50 51 445
t 51 446 445
t 51 447 446
t 51 448 447
t 51 52 448
t 52 449 448
t 52 450 449
t 52 451 450
t 52 452 451
t 52 53 452
t 53 453 452
t 53 454 453
t 53 455 454
t 53 456 455
t 53 54 456
t 54 457 456
t 54 458 457
t 54 459 458
t 54 460 459
t 54 461 460
t 54 55 461
t 55 462 461
t 55 463 462
t 55 464 463
t 55 465 464
t 55 466 465
t 55 56 466
t 56 467 466
t 56 468 467
t 56 469 468
t 56 470 469
t 56 471 470
t 56 57 471
t 57 472 471
t 57 473 472
t 57 474 473
t 57 475 474
t 57 476 475
t 57 58 476
t 58 477 476
t 58 478 477
t 58 479 478
t 58 480 479
t 58 481 480
t 58 59 481
t 59 482 481
t 59 483 482
t 59 484 483
t 59 485 484
t 59 486 485
t 59 60 486
t 60 487 486
t 60 488 487
t 60 489 488
t 60 490 489
t 60 61 490
t 61 64 490
t 26 24 25
t 26 23 24
t 26 22 23
t 26 21 22
t 64 65 66
t 64 66 67
t 64 67 68
t 26 376 21
t 376 491 21
t 376 377 491
t 377 492 491
t 377 378 492
t 378 493 492
t 378 379 493
t 379 494 493
t 379 380 494
t 380 495 494
t 380 381 495
t 381 496 495
t 381 382 496
t 382 497 496
t 382 383 497
t 383 498 497
t 383 384 498
t 384 499 498
t 384 385 499
t 385 500 499
t 385 386 500
t 386 501 500
t 386 387 501
t 387 502 501
t 387 388 502
t 388 503 502
t 388 389 503
t 389 504 503
t 389 390 504
t 390 505 504
t 390 391 505
t 391 506 505
t 391 392 506
t 392 507 506
t 392 393 507
t 393 508 507
t 393 394 508
t 394 509 508
t 394 395 509
t 395 510 509
t 395 396 510
t 396 511 510
t 396 397 511
t 397 512 511
t 397 398 512
t 398 513 512
t 398 399 513
t 399 514 513
t 399 400 514
t 400 515 514
t 400 401 515
t 401 516 515
t 401 402 516
t 402 517 516
t 402 403 517
t 403 518 517
t 403 404 518
t 404 519 518
t 404 405 519
t 405 520 519
t 405 406 520
t 406 521 520
t 406 407 521
t 407 522 521
t 407 408 522
t 408 523 522
t 408 409 523
t 409 524 523
t 409 410 524
t 410 525 524
t 410 411 525
t 411 526 525
t 411 412 526
t 412 527 526
t 412 413 527
t 413 528 527
t 413 414 528
t 414 529 528
t 414 415 529
t 415 530 529
t 415 416 530
t 416 531 530
t 416 417 531
t 417 532 531
t 417 418 532
t 418 533 532
t 418 419 533
t 419 534 533
t 419 420 534
t 420 535 534
t 420 421 535
t 421 536 535
t 421 422 536
t 422 537 536
t 422 423 537
t 423 538 537
t 423 424 538
t 424 539 538
t 424 425 539
t 425 540 539
t 425 426 540
t 426 541 540
t 426 427 541
t 427 542 541
t 427 428 542
t 428 543 542
t 428 429 543
t 429 544 543
t 429 430 544
t 430 545 544
t 430 431 545
t 431 546 545
t 431 432 546
t 432 547 546
t 432 433 547
t 433 548 547
t 433 434 548
t 434 549 548
t 434 435 549
t 435 550 549
t 435 436 550
t 436 551 550
t 436 437 551
t 437 552 551
t 437 438 552
t 438 553 552
t 438 439 553
t 439 554 553
t 439 440 554
t 440 555 554
t 440 441 555
t 441 556 555
t 441 442 556
t 442 557 556
t 442 443 557
t 443 558 557
t 443 444 558
t 444 559 558
t 444 445 559
t 445 560 559
t 445 446 560
t 446 561 560
t 446 447 561
t 447 562 561
t 447 448 562
t 448 563 562
t 448 449 563
t 449 564 563
t 449 450 564
t 450 565 564
t 450 451 565
t 451 566 565
t 451 452 566
t 452 567 566
t 452 453 567
t 453 568 567
t 453 454 568
t 454 569 568
t 454 455 569
t 455 570 569
t 455 456 570
t 456 571 570
t 456 457 571
t 457 572 571
t 457 458 572
t 458 573 572
t 458 459 573
t 459 574 573
t 459 460 574
t 460 575 574
t 460 461 575
t 461 576 575
t 461 462 576
t 462 577 576
t 462 463 577
t 463 578 577
t 463 464 578
t 464 579 578
t 464 465 579
t 465 580 579
t 465 466 580
t 466 581 580
t 466 467 581
t 467 582 581
t 467 468 582
t 468 583 582
t 468 469 583
t 469 584 583
t 469 470 584
t 470 585 584
t 470 471 585
t 471 586 585
t 471 472 586
t 472 587 586
t 472 473 587
t 473 588 587
t 473 474 588
t 474 589 588
t 474 475 589
t 475 590 589
t 475 476 590
t 476 591 590
t 476 477 591
t 477 592 591
t 477 478 592
t 478 593 592
t 478 479 593
t 479 594 593
t 479 480 594
t 480 595 594
t 480 481 595
t 481 596 595
t 481 482 596
t 482 597 596
t 482 483 597
t 483 598 597
t 483 484 598
t 484 599 598
t 484 485 599
t 485 600 599
t 485 486 600
t 486 601 600
t 486 487 601
t 487 602 601
t 487 488 602
t 488 603 602
t 488 489 603
t 489 604 603
t 489 490 604
t 490 605 604
t 490 64 605
t 64 68 605
t 21 19 20
t 21 18 19
t 21 17 18
t 21 16 17
t 68 69 70
t 68 70 71
t 68 71 72
t 21 491 16
t 491 606 16
t 491 492 606
t 492 607 606
t 492 493 607
t 493 608 607
t 493 494 608
t 494 609 608
t 494 495 609
t 495 610 609
t 495 496 610
t 496 611 610
t 496 497 611
t 497 612 611
t 497 498 612
t 498 613 612
t 498 499 613
t 499 614 613
t 499 500 614
t 500 615 614
t 500 501 615
t 501 616 615
t 501 502 616
t 502 617 616
t 502 503 617
t 503 618 617
t 503 504 618
t 504 619 618
t 504 505 619
t 505 620 619
t 505 506 620
t 506 621 620
t 506 507 621
t 507 622 621
t 507 508 622
t 508 623 622
t 508 509 623
t 509 624 623
t 509 510 624
t 510 625 624
t 510 511 625
t 511 626 625
t 511 512 626
t 512 627 626
t 512 513 627
t 513 628 627
t 513 514 628
t 514 629 628
t 514 515 629
t 515 630 629
t 515 516 630
t 516 631 630
t 516 517 631
t 517 632 631
t 517 518 632
t 518 633 632
t 518 519 633
t 519 634 633
t 519 520 634
t 520 635 634
t 520 521 635
t 521 636 635
t 521 522 636
t 522 637 636
t 522 523 637
t 523 638 637
t 523 524 638
t 524 639 638
t 524 525 639
t 525 640 639
t 525 526 640
t 526 641 640
t 526 527 641
t 527 642 641
t 527 528 642
t 528 643 642
t 528 529 643
t 529 644 643
t 529 530 644
t 530 645 644
t 530 531 645
t 531 646 645
t 531 532 646
t 532 647 646
t 532 533 647
t 533 648 647
t 533 534 648
t 534 649 648
t 534 535 649
t 535 650 649
t 535 536 650
t 536 651 650
t 536 537 651
t 537 652 651
t 537 538 652
t 538 653 652
t 538 539 653
t 539 654 653
t 539 540 654
t 540 655 654
t 540 541 655
t 541 656 655
t 541 542 656
t 542 657 656
t 542 543 657
t 543 658 657
t 543 544 658
t 544 659 658
t 544 545 659
t 545 660 659
t 545 546 660
t 546 661 660
t 546 547 661
t 547 662 661
t 547 548 662
t 548 663 662
t 548 549 663
t 549 664 663
t 549 550 664
t 550 665 664
t 550 551 665
t 551 666 665
t 551 552 666
t 552 667 666
t 552 553 667
t 553 668 667
t 553 554 668
t 554 669 668
t 554 555 669
t 555 670 669
t 555 556 670
t 556 671 670
t 556 557 671
t 557 672 671
t 557 558 672
t 558 673 672
t 558 559 673
t 559 674 673
t 559 560 674
t 560 675 674
t 560 561 675
t 561 676 675
t 561 562 676
t 562 677 676
t 562 563 677
t 563 678 677
t 563 564 678
t 564 679 678
t 564 565 679
t 565 680 679
t 565 566 680
t 566 681 680
t 566 567 681
t 567 682 681
t 567 568 682
t 568 683 682
t 568 569 683
t 569 684 683
t 569 570 684
t 570 685 684
t 570 571 685
t 571 686 685
t 571 572 686
t 572 687 686
t 572 573 687
t 573 688 687
t 573 574 688
t 574 689 688
t 574 575 689
t 575 690 689
t 575 576 690
t 576 691 690
t 576 577 691
t 577 692 691
t 577 578 692
t 578 693 692
t 578 579 693
t 579 694 693
t 579 580 694
t 580 695 694
t 580 581 695
t 581 696 695
t 581 582 696
t 582 697 696
t 582 583 697
t 583 698 697
t 583 584 698
t 584 699 698
t 584 585 699
t 585 700 699
t 585 586 700
t 586 701 700
t 586 587 701
t 587 702 701
t 587 588 702
t 588 703 702
t 588 589 703
t 589 704 703
t 589 590 704
t 590 705 704
t 590 591 705
t 591 706 705
t 591 592 706
t 592 707 706
t 592 593 707
t 593 708 707
t 593 594 708
t 594 709 708
t 594 595 709
t 595 710 709
t 595 596 710
t 596 711 710
t 596 597 711
t 597 712 711
t 597 598 712
t 598 713 712
t 598 599 713
t 599 714 713
t 599 600 714
t 600 715 714
t 600 601 715
t 601 716 715
t 601 602 716
t 602 717 716
t 602 603 717
t 603 718 717
t 603 604 718
t 604 719 718
t 604 605 719
t 605 720 719
t 605 68 720
t 68 72 720
t 16 14 15
t 16 13 14
t 16 12 13
t 16 11 12
t 72 73 74
t 72 74 75
t 72 75 76
t 16 606 11
t 606 721 11
t 606 607 721
t 607 722 721
t 607 608 722
t 608 723 722
t 608 609 723
t 609 724 723
t 609 610 724
t 610 725 724
t 610 611 725
t 611 726 725
t 611 612 726
t 612 727 726
t 612 613 727
t 613 728 727
t 613 614 728
t 614 729 728
t 614 615 729
t 615 730 729
t 615 616 730
t 616 731 730
t 616 617 731
t 617 732 731
t 617 618 732
t 618 733 732
t 618 619 733
t 619 734 733
t 619 620 734
t 620 735 734
t 620 621 735
t 621 736 735
t 621 622 736
t 622 737 736
t 622 623 737
t 623 738 737
t 623 624 738
t 624 739 738
t 624 625 739
t 625 740 739
t 625 626 740
t 626 741 740
t 626 627 741
t 627 742 741
t 627 628 742
t 628 743 742
t 628 629 743
t 629 744 743
t 629 630 744
t 630 745 744
t 630 631 745
t 631 746 745
t 631 632 746
t 632 747 746
t 632 633 747
t 633 748 747
t 633 634 748
t 634 749 748
t 634 635 749
t 635 750 749
t 635 636 750
t 636 751 750
t 636 637 751
t 637 752 751
t 637 638 752
t 638 753 752
t 638 639 753
t 639 754 753
t 639 640 754
t 640 755 754
t 640 641 755
t 641 756 755
t 641 642 756
t 642 757 756
t 642 643 757
t 643 758 757
t 643 644 758
t 644 759 758
t 644 645 759
t 645 760 759
t 645 646 760
t 646 761 760
t 646 647 761
t 647 762 761
t 647 648 762
t 648 763 762
t 648 649 763
t 649 764 763
t 649 650 764
t 650 765 764
t 650 651 765
t 651 766 765
t 651 652 766
t 652 767 766
t 652 653 767
t 653 768 767
t 653 654 768
t 654 769 768
t 654 655 769
t 655 770 769
t 655 656 770
t 656 771 770
t 656 657 771
t 657 772 771
t 657 658 772
t 658 773 772
t 658 659 773
t 659 774 773
t 659 660 774
t 660 775 774
t 660 661 775
t 661 776 775
t 661 662 776
t 662 777 776
t 662 663 777
t 663 778 777
t 663 664 778
t 664 779 778
t 664 665 779
t 665 780 779
t 665 666 780
t 666 781 780
t 666 667 781
t 667 782 781
t 667 668 782
t 668 783 782
t 668 669 783
t 669 784 783
t 669 670 784
t 670 785 784
t 670 671 785
t 671 786 785
t 671 672 786
t 672 787 786
t 672 673 787
t 673 788 787
t 673 674 788
t 674 789 788
t 674 675 789
t 675 790 789
t 675 676 790
t 676 791 790
t 676 677 791
t 677 792 791
t 677 678 792
t 678 793 792
t 678 679 793
t 679 794 793
t 679 680 794
t 680 795 794
t 680 681 795
t 681 796 795
t 681 682 796
t 682 797 796
t 682 683 797
t 683 798 797
t 683 684 798
t 684 799 798
t 684 685 799
t 685 800 799
t 685 686 800
t 686 801 800
t 686 687 801
t 687 802 801
t 687 688 802
t 688 803 802
t 688 689 803
t 689 804 803
t 689 690 804
t 690 805 804
t 690 691 805
t 691 806 805
t 691 692 806
t 692 807 806
t 692 693 807
t 693 808 807
t 693 694 808
t 694 809 808
t 694 695 809
t 695 810 809
t 695 696 810
t 696 811 810
t 696 697 811
t 697 812 811
t 697 698 812
t 698 813 812
t 698 699 813
t 699 814 813
t 699 700 814
t 700 815 814
t 700 701 815
t 701 816 815
t 701 702 816
t 702 817 816
t 702 703 817
t 703 818 817
t 703 704 818
t 704 819 818
t 704 705 819
t 705 820 819
t 705 706 820
t 706 821 820
t 706 707 821
t 707 822 821
t 707 708 822
t 708 823 822
t 708 709 823
t 709 824 823
t 709 710 824
t 710 825 824
t 710 711 825
t 711 826 825
t 711 712 826
t 712 827 826
t 712 713 827
t 713 828 827
t 713 714 828
t 714 829 828
t 714 715 829
t 715 830 829
t 715 716 830
t 716 831 830
t 716 717 831
t 717 832 831
t 717 718 832
t 718 833 832
t 718 719 833
t 719 834 833
t 719 720 834
t 720 835 834
t 720 76 835
t 720 72 76
t 11 9 10
t 11 8 9
t 11 7 8
t 11 6 7
t 76 77 78
t 76 78 79
t 76 79 80
t 11 721 6
t 721 836 6
t 721 722 836
t 722 837 836
t 722 723 837
t 723 838 837
t 723 724 838
t 724 839 838
t 724 725 839
t 725 840 839
t 725 726 840
t 726 841 840
t 726 727 841
t 727 842 841
t 727 728 842
t 728 843 842
t 728 729 843
t 729 844 843
t 729 730 844
t 730 845 844
t 730 731 845
t 731 846 845
t 731 732 846
t 732 847 846
t 732 733 847
t 733 848 847
t 733 734 848
t 734 849 848
t 734 735 849
t 735 850 849
t 735 736 850
t 736 851 850
t 736 737 851
t 737 852 851
t 737 738 852
t 738 853 852
t 738 739 853
t 739 854 853
t 739 740 854
t 740 855 854
t 740 741 855
t 741 856 855
t 741 742 856
t 742 857 856
t 742 743 857
t 743 858 857
t 743 744 858
t 744 859 858
t 744 745 859
t 745 860 859
t 745 746 860
t 746 861 860
t 746 747 861
t 747 862 861
t 747 748 862
t 748 863 862
t 748 749 863
t 749 864 863
t 749 750 864
t 750 865 864
t 750 751 865
t 751 866 865
t 751 752 866
t 752 867 866
t 752 753 867
t 753 868 867
t 753 754 868
t 754 869 868
t 754 755 869
t 755 870 869
t 755 756 870
t 756 871 870
t 756 757 871
t 757 872 871
t 757 758 872
t 758 873 872
t 758 759 873
t 759 874 873
t 759 760 874
t 760 875 874
t 760 761 875
t 761 876 875
t 761 762 876
t 762 877 876
t 762 763 877
t 763 878 877
t 763 764 878
t 764 879 878
t 764 765 879
t 765 880 879
t 765 766 880
t 766 881 880
t 766 767 881
t 767 882 881
t 767 768 882
t 768 883 882
t 768 769 883
t 769 884 883
t 769 770 884
t 770 885 884
t 770 771 885
t 771 886 885
t 771 772 886
t 772 887 886
t 772 773 887
t 773 888 887
t 773 774 888
t 774 889 888
t 774 775 889
t 775 890 889
t 775 776 890
t 776 891 890
t 776 777 891
t 777 892 891
t 777 778 892
t 778 893 892
t 778 779 893
t 779 894 893
t 779 780 894
t 780 895 894
t 780 781 895
t 781 896 895
t 781 782 896
t 782 897 896
t 782 783 897
t 783 898 897
t 783 784 898
t 784 899 898
t 784 785 899
t 785 900 899
t 785 786 900
t 786 901 900
t 786 787 901
t 787 902 901
t 787 788 902
t 788 903 902
t 788 789 903
t 789 904 903
t 789 790 904
t 790 905 904
t 790 791 905
t 791 906 905
t 791 792 906
t 792 907 906
t 792 793 907
t 793 908 907
t 793 794 908
t 794 909 908
t 794 795 909
t 795 910 909
t 795 796 910
t 796 911 910
t 796 797 911
t 797 912 911
t 797 798 912
t 798 913 912
t 798 799 913
t 799 914 913
t 799 800 914
t 800 915 914
t 800 801 915
t 801 916 915
t 801 802 916
t 802 917 916
t 802 803 917
t 803 918 917
t 803 804 918
t 804 919 918
t 804 805 919
t 805 920 919
t 805 806 920
t 806 921 920
t 806 807 921
t 807 922 921
t 807 808 922
t 808 923 922
t 808 809 923
t 809 924 923
t 809 810 924
t 810 925 924
t 810 811 925
t 811 926 925
t 811 812 926
t 812 927 926
t 812 813 927
t 813 928 927
t 813 814 928
t 814 929 928
t 814 815 929
t 815 930 929
t 815 816 930
t 816 931 930
t 816 817 931
t 817 932 931
t 817 818 932
t 818 933 932
t 818 819 933
t 819 934 933
t 819 820 934
t 820 935 934
t 820 821 935
t 821 936 935
t 821 822 936
t 822 937 936
t 822 823 937
t 823 938 937
t 823 824 938
t 824 939 938
t 824 825 939
t 825 940 939
t 825 826 940
t 826 941 940
t 826 827 941
t 827 942 941
t 827 828 942
t 828 943 942
t 828 829 943
t 829 944 943
t 829 830 944
t 830 945 944
t 830 831 945
t 831 946 945
t 831 832 946
t 832 947 946
t 832 833 947
t 833 948 947
t 833 834 948
t 834 949 948
t 834 835 949
t 835 950 949
t 835 80 950
t 835 76 80
t 6 4 5
t 6 3 4
t 6 2 3
t 6 1 2
t 6 0 1
t 80 81 82
t 80 82 83
t 80 83 84
t 6 836 0
t 836 951 0
t 836 837 951
t 837 952 951
t 837 838 952
t 838 953 952
t 838 839 953
t 839 954 953
t 839 840 954
t 840 955 954
t 840 841 955
t 841 956 955
t 841 842 956
t 842 957 956
t 842 843 957
t 843 958 957
t 843 844 958
t 844 959 958
t 844 845 959
t 845 960 959
t 845 846 960
t 846 961 960
t 846 847 961
t 847 962 961
t 847 848 962
t 848 963 962
t 848 849 963
t 849 964 963
t 849 850 964
t 850 965 964
t 850 851 965
t 851 966 965
t 851 852 966
t 852 967 966
t 852 853 967
t 853 968 967
t 853 854 968
t 854 969 968
t 854 855 969
t 855 970 969
t 855 856 970
t 856 971 970
t 856 857 971
t 857 972 971
t 857 858 972
t 858 973 972
t 858 859 973
t 859 974 973
t 859 860 974
t 860 975 974
t 860 861 975
t 861 976 975
t 861 862 976
t 862 977 976
t 862 863 977
t 863 978 977
t 863 864 978
t 864 979 978
t 864 865 979
t 865 980 979
t 865 866 980
t 866 981 980
t 866 867 981
t 867 982 981
t 867 868 982
t 868 983 982
t 868 869 983
t 869 984 983
t 869 870 984
t 870 985 984
t 870 871 985
t 871 986 985
t 871 872 986
t 872 987 986
t 872 873 987
t 873 988 987
t 873 874 988
t 874 989 988
t 874 875 989
t 875 990 989
t 875 876 990
t 876 991 990
t 876 877 991
t 877 992 991
t 877 878 992
t 878 993 992
t 878 879 993
t 879 994 993
t 879 880 994
t 880 995 994
t 880 881 995
t 881 996 995
t 881 882 996
t 882 997 996
t 882 883 997
t 883 998 997
t 883 884 998
t 884 999 998
t 884 885 999
t 885 1000 999
t 885 886 1000
t 886 1001 1000
t 886 887 1001
t 887 1002 1001
t 887 888 1002
t 888 1003 1002
t 888 889 1003
t 889 1004 1003
t 889 890 1004
t 890 1005 1004
t 890 891 1005
t 891 1006 1005
t 891 892 1006
t 892 1007 1006
t 892 893 1007
t 893 1008 1007
t 893 894 1008
t 894 1009 1008
t 894 895 1009
t 895 1010 1009
t 895 896 1010
t 896 1011 1010
t 896 897 1011
t 897 1012 1011
t 897 898 1012
t 898 1013 1012
t 898 899 1013
t 899 1014 1013
t 899 900 1014
t 900 1015 1014
t 900 901 1015
t 901 1016 1015
t 901 902 1016
t 902 1017 1016
t 902 903 1017
t 903 1018 1017
t 903 904 1018
t 904 1019 1018
t 904 905 1019
t 905 1020 1019
t 905 906 1020
t 906 1021 1020
t 906 907 1021
t 907 1022 1021
t 907 908 1022
t 908 1023 1022
t 908 909 1023
t 909 1024 1023
t 909 910 1024
t 910 1025 1024
t 910 911 1025
t 911 1026 1025
t 911 912 1026
t 912 1027 1026
t 912 913 1027
t 913 1028 1027
t 913 914 1028
t 914 1029 1028
t 914 915 1029
t 915 1030 1029
t 915 916 1030
t 916 1031 1030
t 916 917 1031
t 917 1032 1031
t 917 918 1032
t 918 1033 1032
t 918 919 1033
t 919 1034 1033
t 919 920 1034
t 920 1035 1034
t 920 921 1035
t 921 1036 1035
t 921 922 1036
t 922 1037 1036
t 922 923 1037
t 923 1038 1037
t 923 924 1038
t 924 1039 1038
t 924 925 1039
t 925 1040 1039
t 925 926 1040
t 926 1041 1040
t 926 927 1041
t 927 1042 1041
t 927 928 1042
t 928 1043 1042
t 928 929 1043
t 929 1044 1043
t 929 930 1044
t 930 1045 1044
t 930 931 1045
t 931 1046 1045
t 931 932 1046
t 932 1047 1046
t 932 933 1047
t 933 1048 1047
t 933 934 1048
t 934 1049 1048
t 934 935 1049
t 935 1050 1049
t 935 936 1050
t 936 1051 1050
t 936 937 1051
t 937 1052 1051
t 937 938 1052
t 938 1053 1052
t 938 939 1053
t 939 1054 1053
t 939 940 1054
t 940 1055 1054
t 940 941 1055
t 941 1056 1055
t 941 942 1056
t 942 1057 1056
t 942 943 1057
t 943 1058 1057
t 943 944 1058
t 944 1059 1058
t 944 945 1059
t 945 1060 1059
t 945 946 1060
t 946 1061 1060
t 946 947 1061
t 947 1062 1061
t 947 948 1062
t 948 1063 1062
t 948 949 1063
t 949 1064 1063
t 949 950 1064
t 950 1065 1064
t 950 84 1065
t 950 80 84
t 0 177 178
t 0 176 177
t 0 175 176
t 0 174 175
t 0 173 174
t 0 172 173
t 0 171 172
t 0 170 171
t 0 169 170
t 0 168 169
t 0 167 168
t 0 166 167
t 0 165 166
t 0 164 165
t 0 163 164
t 0 162 163
t 84 85 86
t 0 951 162
t 951 952 162
t 952 953 162
t 953 954 162
t 954 955 162
t 955 956 162
t 956 957 162
t 957 958 162
t 958 959 162
t 959 960 162
t 960 961 162
t 961 962 162
t 962 963 162
t 963 964 162
t 964 965 162
t 965 966 162
t 966 967 162
t 967 968 162
t 968 969 162
t 969 970 162
t 970 971 162
t 971 972 162
t 972 973 162
t 973 1066 162
t 973 974 1066
t 974 1067 1066
t 974 975 1067
t 975 1068 1067
t 975 976 1068
t 976 1069 1068
t 976 977 1069
t 977 1070 1069
t 977 978 1070
t 978 1071 1070
t 978 979 1071
t 979 1072 1071
t 979 980 1072
t 980 1073 1072
t 980 981 1073
t 981 1074 1073
t 981 982 1074
t 982 1075 1074
t 982 983 1075
t 983 1076 1075
t 983 984 1076
t 984 1077 1076
t 984 985 1077
t 985 1078 1077
t 985 986 1078
t 986 1079 1078
t 986 987 1079
t 987 1080 1079
t 987 988 1080
t 988 1081 1080
t 988 989 1081
t 989 1082 1081
t 989 990 1082
t 990 1083 1082
t 990 991 1083
t 991 1084 1083
t 991 992 1084
t 992 1085 1084
t 992 993 1085
t 993 1086 1085
t 993 994 1086
t 994 1087 1086
t 994 995 1087
t 995 1088 1087
t 995 996 1088
t 996 1089 1088
t 996 997 1089
t 997 1090 1089
t 997 998 1090
t 998 1091 1090
t 998 999 1091
t 999 1092 1091
t 999 1000 1092
t 1000 1093 1092
t 1000 1001 1093
t 1001 1094 1093
t 1001 1002 1094
t 1002 1095 1094
t 1002 1003 1095
t 1003 1096 1095
t 1003 1004 1096
t 1004 1097 1096
t 1004 1005 1097
t 1005 1098 1097
t 1005 1006 1098
t 1006 1099 1098
t 1006 1007 1099
t 1007 1100 1099
t 1007 1008 1100
t 1008 1101 1100
t 1008 1009 1101
t 1009 1102 1101
t 1009 1010 1102
t 1010 1103 1102
t 1010 1011 1103
t 1011 1104 1103
t 1011 1012 1104
t 1012 1105 1104
t 1012 1013 1105
t 1013 1106 1105
t 1013 1014 1106
t 1014 1107 1106
t 1014 1015 1107
t 1015 1108 1107
t 1015 1016 1108
t 1016 1109 1108
t 1016 1017 1109
t 1017 1110 1109
t 1017 1018 1110
t 1018 1111 1110
t 1018 1019 1111
t 1019 1112 1111
t 1019 1020 1112
t 1020 1113 1112
t 1020 1021 1113
t 1021 1114 1113
t 1021 1022 1114
t 1022 1115 1114
t 1022 1023 1115
t 1023 1116 1115
t 1023 1024 1116
t 1024 1117 1116
t 1024 1025 1117
t 1025 1118 1117
t 1025 1026 1118
t 1026 1119 1118
t 1026 1027 1119
t 1027 1120 1119
t 1027 1028 1120
t 1028 1121 1120
t 1028 1029 1121
t 1029 1122 1121
t 1029 1030 1122
t 1030 1123 1122
t 1030 1031 1123
t 1031 1124 1123
t 1031 1032 1124
t 1032 1125 1124
t 1032 1033 1125
t 1033 1126 1125
t 1033 1034 1126
t 1034 1127 1126
t 1034 1035 1127
t 1035 1128 1127
t 1035 1036 1128
t 1036 1129 1128
t 1036 1037 1129
t 1037 1130 1129
t 1037 1038 1130
t 1038 1131 1130
t 1038 1039 1131
t 1039 1132 1131
t 1039 1040 1132
t 1040 1133 1132
t 1040 1041 1133
t 1041 1134 1133
t 1041 1042 1134
t 1042 1135 1134
t 1042 1043 1135
t 1043 1136 1135
t 1043 1044 1136
t 1044 1137 1136
t 1044 1045 1137
t 1045 1138 1137
t 1045 1046 1138
t 1046 1139 1138
t 1046 1047 1139
t 1047 1140 1139
t 1047 1048 1140
t 1048 1141 1140
t 1048 1049 1141
t 1049 1142 1141
t 1049 1050 1142
t 1050 1143 1142
t 1050 1051 1143
t 1051 1144 1143
t 1051 1052 1144
t 1052 1145 1144
t 1052 1053 1145
t 1053 1146 1145
t 1053 1054 1146
t 1054 1147 1146
t 1054 1055 1147
t 1055 1148 1147
t 1055 1056 1148
t 1056 1149 1148
t 1056 1057 1149
t 1057 1150 1149
t 1057 1058 1150
t 1058 1151 1150
t 1058 1059 1151
t 1059 1152 1151
t 1059 1060 1152
t 1060 1153 1152
t 1060 1061 1153
t 1061 1154 1153
t 1061 1062 1154
t 1062 1155 1154
t 1062 1063 1155
t 1063 1156 1155
t 1063 1064 1156
t 1064 1157 1156
t 1064 1065 1157
t 1065 1158 1157
t 1065 86 1158
t 1065 84 86
t 162 160 161
t 162 159 160
t 162 158 159
t 162 157 158
t 162 156 157
t 162 155 156
t 162 154 155
t 162 153 154
t 162 152 153
t 162 151 152
t 162 150 151
t 162 149 150
t 162 148 149
t 162 147 148
t 162 146 147
t 162 145 146
t 162 144 145
t 86 87 88
t 162 1066 144
t 1066 1067 144
t 1067 1068 144
t 1068 1069 144
t 1069 1070 144
t 1070 1071 144
t 1071 1072 144
t 1072 1073 144
t 1073 1074 144
t 1074 1075 144
t 1075 1076 144
t 1076 1077 144
t 1077 1078 144
t 1078 1079 144
t 1079 1080 144
t 1080 1081 144
t 1081 1082 144
t 1082 1083 144
t 1083 1084 144
t 1084 1085 144
t 1085 1086 144
t 1086 1087 144
t 1087 1088 144
t 1088 1089 144
t 1089 1090 144
t 1090 1091 144
t 1091 1092 144
t 1092 1159 144
t 1092 1093 1159
t 1093 1160 1159
t 1093 1094 1160
t 1094 1161 1160
t 1094 1095 1161
t 1095 1162 1161
t 1095 1096 1162
t 1096 1163 1162
t 1096 1097 1163
t 1097 1164 1163
t 1097 1098 1164
t 1098 1165 1164
t 1098 1099 1165
t 1099 1166 1165
t 1099 1100 1166
t 1100 1167 1166
t 1100 1101 1167
t 1101 1168 1167
t 1101 1102 1168
t 1102 1169 1168
t 1102 1103 1169
t 1103 1170 1169
t 1103 1104 1170
t 1104 1171 1170
t 1104 1105 1171
t 1105 1172 1171
t 1105 1106 1172
t 1106 1173 1172
t 1106 1107 1173
t 1107 1174 1173
t 1107 1108 1174
t 1108 1175 1174
t 1108 1109 1175
t 1109 1176 1175
t 1109 1110 1176
t 1110 1177 1176
t 1110 1111 1177
t 1111 1178 1177
t 1111 1112 1178
t 1112 1179 1178
t 1112 1113 1179
t 1113 1180 1179
t 1113 1114 1180
t 1114 1181 1180
t 1114 1115 1181
t 1115 1182 1181
t 1115 1116 1182
t 1116 1183 1182
t 1116 1117 1183
t 1117 1184 1183
t 1117 1118 1184
t 1118 1185 1184
t 1118 1119 1185
t 1119 1186 1185
t 1119 1120 1186
t 1120 1187 1186
t 1120 1121 1187
t 1121 1188 1187
t 1121 1122 1188
t 1122 1189 1188
t 1122 1123 1189
t 1123 1190 1189
t 1123 1124 1190
t 1124 1191 1190
t 1124 1125 1191
t 1125 1192 1191
t 1125 1126 1192
t 1126 1193 1192
t 1126 1127 1193
t 1127 1194 1193
t 1127 1128 1194
t 1128 1195 1194
t 1128 1129 1195
t 1129 1196 1195
t 1129 1130 1196
t 1130 1197 1196
t 1130 1131 1197
t 1131 1198 1197
t 1131 1132 1198
t 1132 1199 1198
t 1132 1133 1199
t 1133 1200 1199
t 1133 1134 1200
t 1134 1201 1200
t 1134 1135 1201
t 1135 1202 1201
t 1135 1136 1202
t 1136 1203 1202
t 1136 1137 1203
t 1137 1204 1203
t 1137 1138 1204
t 1138 1205 1204
t 1138 1139 1205
t 1139 1206 1205
t 1139 1140 1206
t 1140 1207 1206
t 1140 1141 1207
t 1141 1208 1207
t 1141 1142 1208
t 1142 1209 1208
t 1142 1143 1209
t 1143 1210 1209
t 1143 1144 1210
t 1144 1211 1210
t 1144 1145 1211
t 1145 1212 1211
t 1145 1146 1212
t 1146 1213 1212
t 1146 1147 1213
t 1147 1214 1213
t 1147 1148 1214
t 1148 1215 1214
t 1148 1149 1215
t 1149 1216 1215
t 1149 1150 1216
t 1150 1217 1216
t 1150 1151 1217
t 1151 1218 1217
t 1151 1152 1218
t 1152 1219 1218
t 1152 1153 1219
t 1153 1220 1219
t 1153 1154 1220
t 1154 1221 1220
t 1154 1155 1221
t 1155 1222 1221
t 1155 1156 1222
t 1156 1223 1222
t 1156 1157 1223
t 1157 1224 1223
t 1157 1158 1224
t 1158 1225 1224
t 1158 88 1225
t 1158 86 88
t 144 142 143
t 144 141 142
t 144 140 141
t 144 139 140
t 144 138 139
t 144 137 138
t 144 136 137
t 144 135 136
t 144 134 135
t 88 89 90
t 144 1159 134
t 1159 1160 134
t 1160 1161 134
t 1161 1162 134
t 1162 1163 134
t 1163 1164 134
t 1164 1165 134
t 1165 1166 134
t 1166 1167 134
t 1167 1168 134
t 1168 1169 134
t 1169 1170 134
t 1170 1171 134
t 1171 1172 134
t 1172 1173 134
t 1173 1226 134
t 1173 1174 1226
t 1174 1227 1226
t 1174 1175 1227
t 1175 1228 1227
t 1175 1176 1228
t 1176 1229 1228
t 1176 1177 1229
t 1177 1230 1229
t 1177 1178 1230
t 1178 1231 1230
t 1178 1179 1231
t 1179 1232 1231
t 1179 1180 1232
t 1180 1233 1232
t 1180 1181 1233
t 1181 1234 1233
t 1181 1182 1234
t 1182 1235 1234
t 1182 1183 1235
t 1183 1236 1235
t 1183 1184 1236
t 1184 1237 1236
t 1184 1185 1237
t 1185 1238 1237
t 1185 1186 1238
t 1186 1239 1238
t 1186 1187 1239
t 1187 1240 1239
t 1187 1188 1240
t 1188 1241 1240
t 1188 1189 1241
t 1189 1242 1241
t 1189 1190 1242
t 1190 1243 1242
t 1190 1191 1243
t 1191 1244 1243
t 1191 1192 1244
t 1192 1245 1244
t 1192 1193 1245
t 1193 1246 1245
t 1193 1194 1246
t 1194 1247 1246
t 1194 1195 1247
t 1195 1248 1247
t 1195 1196 1248
t 1196 1249 1248
t 1196 1197 1249
t 1197 1250 1249
t 1197 1198 1250
t 1198 1251 1250
t 1198 1199 1251
t 1199 1252 1251
t 1199 1200 1252
t 1200 1253 1252
t 1200 1201 1253
t 1201 1254 1253
t 1201 1202 1254
t 1202 1255 1254
t 1202 1203 1255
t 1203 1256 1255
t 1203 1204 1256
t 1204 1257 1256
t 1204 1205 1257
t 1205 1258 1257
t 1205 1206 1258
t 1206 1259 1258
t 1206 1207 1259
t 1207 1260 1259
t 1207 1208 1260
t 1208 1261 1260
t 1208 1209 1261
t 1209 1262 1261
t 1209 1210 1262
t 1210 1263 1262
t 1210 1211 1263
t 1211 1264 1263
t 1211 1212 1264
t 1212 1265 1264
t 1212 1213 1265
t 1213 1266 1265
t 1213 1214 1266
t 1214 1267 1266
t 1214 1215 1267
t 1215 1268 1267
t 1215 1216 1268
t 1216 1269 1268
t 1216 1217 1269
t 1217 1270 1269
t 1217 1218 1270
t 1218 1271 1270
t 1218 1219 1271
t 1219 1272 1271
t 1219 1220 1272
t 1220 1273 1272
t 1220 1221 1273
t 1221 1274 1273
t 1221 1222 1274
t 1222 1275 1274
t 1222 1223 1275
t 1223 1276 1275
t 1223 1224 1276
t 1224 1277 1276
t 1224 1225 1277
t 1225 1278 1277
t 1225 90 1278
t 1225 88 90
t 134 132 133
t 134 131 132
t 134 130 131
t 134 129 130
t 134 128 129
t 134 127 128
t 134 126 127
t 134 125 126
t 134 124 125
t 134 123 124
t 90 91 92
t 134 1226 123
t 1226 1227 123
t 1227 1228 123
t 1228 1229 123
t 1229 1230 123
t 1230 1231 123
t 1231 1232 123
t 1232 1233 123
t 1233 1234 123
t 1234 1235 123
t 1235 1236 123
t 1236 1237 123
t 1237 1238 123
t 1238 1239 123
t 1239 1240 123
t 1240 1241 123
t 1241 1242 123
t 1242 122 123
t 1242 1243 122
t 1243 121 122
t 1243 1244 121
t 1244 120 121
t 1244 1245 120
t 1245 1246 120
t 1246 119 120
t 1246 1247 119
t 1247 118 119
t 1247 1248 118
t 1248 117 118
t 1248 1249 117
t 1249 116 117
t 1249 1250 116
t 1250 1251 116
t 1251 115 116
t 1251 1252 115
t 1252 114 115
t 1252 1253 114
t 1253 113 114
t 1253 1254 113
t 1254 112 113
t 1254 1255 112
t 1255 1256 112
t 1256 111 112
t 1256 1257 111
t 1257 110 111
t 1257 1258 110
t 1258 109 110
t 1258 1259 109
t 1259 108 109
t 1259 1260 108
t 1260 1261 108
t 1261 107 108
t 1261 1262 107
t 1262 106 107
t 1262 1263 106
t 1263 105 106
t 1263 1264 105
t 1264 104 105
t 1264 1265 104
t 1265 1266 104
t 1266 103 104
t 1266 1267 103
t 1267 102 103
t 1267 1268 102
t 1268 101 102
t 1268 1269 101
t 1269 100 101
t 1269 1270 100
t 1270 1271 100
t 1271 99 100
t 1271 1272 99
t 1272 98 99
t 1272 1273 98
t 1273 97 98
t 1273 1274 97
t 1274 96 97
t 1274 1275 96
t 1275 1276 96
t 1276 95 96
t 1276 1277 95
t 1277 94 95
t 1277 1278 94
t 1278 93 94
t 1278 92 93
t 1278 90 92
