type=Nurbs forward=true n_boundary=203 n_holes=1 n_interior=43 n_tris=357 label=brep47598_f92_Nurbs(deg=3/3, cps=4x4)
boundary
b 0.950398677 0.491848716
b 0.950398677 0.505896268
b 0.950398677 0.519945563
b 0.950398677 0.534000757
b 0.950398677 0.548066012
b 0.950398677 0.562145502
b 0.950398677 0.576243418
b 0.950398677 0.590363974
b 0.950398677 0.604511409
b 0.950398677 0.618689995
b 0.950398677 0.632904042
b 0.950398677 0.647157901
b 0.950398677 0.661455974
b 0.950398677 0.675802712
b 0.950398677 0.690202630
b 0.950398677 0.704660304
b 0.950398677 0.719180385
b 0.950398677 0.733767597
b 0.950398677 0.748426752
b 0.950398677 0.763162750
b 0.950398677 0.777980587
b 0.950398677 0.792885367
b 0.950398677 0.807882302
b 0.950398677 0.822976725
b 0.950398677 0.838174098
b 0.950398677 0.853480018
b 0.950398677 0.868900225
b 0.950398677 0.884440616
b 0.950398677 0.900107250
b 0.950398677 0.915906362
b 0.950398677 0.931844371
b 0.936287740 0.933414269
b 0.922114289 0.934960004
b 0.907876661 0.936481653
b 0.893573138 0.937979280
b 0.879201942 0.939452934
b 0.864761240 0.940902645
b 0.850249144 0.942328429
b 0.835663711 0.943730285
b 0.821002947 0.945108191
b 0.806264805 0.946462109
b 0.791447192 0.947791984
b 0.776547966 0.949097737
b 0.761564941 0.950379271
b 0.746495890 0.951636471
b 0.731338546 0.952869196
b 0.716090605 0.954077288
b 0.700749731 0.955260564
b 0.685313557 0.956418819
b 0.669779837 0.957551815
b 0.654148003 0.958659145
b 0.638418652 0.959740313
b 0.622592505 0.960794833
b 0.606670385 0.961822232
b 0.590653225 0.962822052
b 0.574542065 0.963793850
b 0.558338051 0.964737200
b 0.542042439 0.965651692
b 0.525656590 0.966536936
b 0.509181972 0.967392562
b 0.492620159 0.968218217
b 0.475972828 0.969013574
b 0.459241760 0.969778327
b 0.442428833 0.970512191
b 0.425536025 0.971214910
b 0.408565406 0.971886249
b 0.391519138 0.972526000
b 0.374399431 0.973133986
b 0.357206281 0.973710174
b 0.339936093 0.974254705
b 0.322584851 0.974767690
b 0.305148422 0.975249192
b 0.287622569 0.975699221
b 0.270002964 0.976117738
b 0.252285190 0.976504653
b 0.234464764 0.976859820
b 0.216537137 0.977183044
b 0.198497716 0.977474074
b 0.180341872 0.977732607
b 0.162064953 0.977958284
b 0.143662301 0.978150694
b 0.125129263 0.978309370
b 0.106461211 0.978433793
b 0.087653551 0.978523388
b 0.068701745 0.978577528
b 0.049601323 0.978595533
b 0.049601323 0.944648648
b 0.049601323 0.911357468
b 0.049601323 0.878661614
b 0.049601323 0.846504351
b 0.049601323 0.814832161
b 0.049601323 0.783594356
b 0.049601323 0.752742733
b 0.049601323 0.722231254
b 0.049601323 0.692015756
b 0.049601323 0.662053683
b 0.049601323 0.632303834
b 0.049601323 0.602726135
b 0.049601323 0.573281412
b 0.049601323 0.543931185
b 0.049601323 0.514637461
b 0.049601323 0.485362539
b 0.049601323 0.456068815
b 0.049601323 0.426718588
b 0.049601323 0.397273865
b 0.049601323 0.367696166
b 0.049601323 0.337946317
b 0.049601323 0.307984244
b 0.049601323 0.277768746
b 0.049601323 0.247257267
b 0.049601323 0.216405644
b 0.049601323 0.185167839
b 0.049601323 0.153495649
b 0.049601323 0.121338386
b 0.049601323 0.088642532
b 0.049601323 0.055351352
b 0.049601323 0.021404467
b 0.074391555 0.021404467
b 0.099069430 0.021404467
b 0.123641930 0.021404467
b 0.148115921 0.021404467
b 0.172498168 0.021404467
b 0.196795336 0.021404467
b 0.221014002 0.021404467
b 0.245160660 0.021404467
b 0.269241730 0.021404467
b 0.293263563 0.021404467
b 0.317232450 0.021404467
b 0.341154627 0.021404467
b 0.365036280 0.021404467
b 0.388883557 0.021404467
b 0.412702569 0.021404467
b 0.436499399 0.021404467
b 0.460280105 0.021404467
b 0.484050732 0.021404467
b 0.507817313 0.021404467
b 0.531585877 0.021404467
b 0.555362455 0.021404467
b 0.579153087 0.021404467
b 0.602963826 0.021404467
b 0.626800746 0.021404467
b 0.650669947 0.021404467
b 0.674577564 0.021404467
b 0.698529770 0.021404467
b 0.722532783 0.021404467
b 0.746592873 0.021404467
b 0.770716371 0.021404467
b 0.794909672 0.021404467
b 0.794988964 0.034940182
b 0.795223014 0.048190406
b 0.795606808 0.061164639
b 0.796135571 0.073871510
b 0.796804745 0.086318824
b 0.797609954 0.098513599
b 0.798546979 0.110462109
b 0.799611732 0.122169921
b 0.800800318 0.133642081
b 0.802109164 0.144883391
b 0.803534799 0.155898106
b 0.805073793 0.166689901
b 0.806722740 0.177261895
b 0.808478235 0.187616683
b 0.810336857 0.197756357
b 0.812295157 0.207682560
b 0.814350250 0.217398777
b 0.816500311 0.226912078
b 0.818743599 0.236229485
b 0.821078341 0.245357575
b 0.823502720 0.254302491
b 0.826014866 0.263069959
b 0.828612841 0.271665297
b 0.831294647 0.280093436
b 0.834058617 0.288358922
b 0.836903517 0.296465992
b 0.839828083 0.304418620
b 0.842830984 0.312220528
b 0.845910816 0.319875193
b 0.849066093 0.327385854
b 0.852295240 0.334755520
b 0.855596633 0.341987031
b 0.858969363 0.349083996
b 0.862413133 0.356050647
b 0.865927629 0.362891077
b 0.869512491 0.369609217
b 0.873167313 0.376208835
b 0.876891638 0.382693542
b 0.880684955 0.389066795
b 0.884546724 0.395331866
b 0.888476656 0.401491560
b 0.892474590 0.407548389
b 0.896540328 0.413504768
b 0.900673630 0.419363023
b 0.904874210 0.425125387
b 0.909141731 0.430794004
b 0.913475806 0.436370932
b 0.917875899 0.441858001
b 0.922340809 0.447256082
b 0.926869016 0.452565650
b 0.931458893 0.457787127
b 0.936108705 0.462920880
b 0.940816604 0.467967228
b 0.945580625 0.472926444
b 0.950398677 0.477798754
hole 0
h 0.387725570 0.635765907
h 0.385017779 0.630880049
h 0.382811948 0.625831792
h 0.381125871 0.620624101
h 0.379975902 0.615259611
h 0.379376175 0.609743125
h 0.379332686 0.604099810
h 0.379847271 0.598364481
h 0.380921360 0.592571483
h 0.382555530 0.586754459
h 0.384735021 0.580944039
h 0.387432130 0.575168249
h 0.390620369 0.569454764
h 0.394275043 0.563830959
h 0.398369553 0.558319885
h 0.402872922 0.552937677
h 0.407755518 0.547699877
h 0.412989592 0.542622108
h 0.418554140 0.537717803
h 0.424445208 0.532993150
h 0.430662733 0.528452851
h 0.437207363 0.524101556
h 0.444073937 0.519946426
h 0.451217037 0.516011159
h 0.458577491 0.512326473
h 0.466098802 0.508923762
h 0.473727883 0.505833612
h 0.481426009 0.503066399
h 0.489164268 0.500617592
h 0.496914124 0.498482740
h 0.504647389 0.496657766
h 0.512348681 0.495136485
h 0.520019677 0.493909506
h 0.527662776 0.492967232
h 0.535279891 0.492300107
h 0.542878211 0.491901991
h 0.550479332 0.491775271
h 0.558107251 0.491923472
h 0.565786168 0.492349894
h 0.573534415 0.493058093
h 0.581339631 0.494053994
h 0.589180037 0.495344537
h 0.597034134 0.496936969
h 0.604880521 0.498838111
h 0.612696566 0.501047243
h 0.620458503 0.503559257
h 0.628142017 0.506369339
h 0.635722538 0.509473326
h 0.643185563 0.512875346
h 0.650528392 0.516588538
h 0.657749247 0.520626666
h 0.664846546 0.525003628
h 0.671803368 0.529727615
h 0.678570097 0.534795205
h 0.685091182 0.540202241
h 0.691308623 0.545945315
h 0.696685081 0.551486569
h 0.701630412 0.557195092
h 0.706118388 0.563073748
h 0.710121136 0.569125487
h 0.713608063 0.575349260
h 0.716538914 0.581710959
h 0.718866496 0.588160098
h 0.720540129 0.594645718
h 0.721507471 0.601116900
h 0.721743236 0.607531444
h 0.721248362 0.613854748
h 0.720025386 0.620051649
h 0.718078095 0.626086254
h 0.715419067 0.631928402
h 0.712075118 0.637558042
h 0.708077221 0.642955578
h 0.703459715 0.648100969
h 0.698259039 0.652977680
h 0.692510260 0.657581176
h 0.686250470 0.661909255
h 0.679519657 0.665959726
h 0.672357217 0.669731230
h 0.664783120 0.673227182
h 0.656810215 0.676452834
h 0.648452542 0.679413432
h 0.639725217 0.682113751
h 0.630643675 0.684551802
h 0.621224345 0.686720612
h 0.611485435 0.688613168
h 0.601447498 0.690222573
h 0.591157309 0.691542416
h 0.580696604 0.692567406
h 0.570151098 0.693293409
h 0.559607559 0.693717488
h 0.549133920 0.693839847
h 0.538748617 0.693666337
h 0.528461566 0.693203717
h 0.518281798 0.692458823
h 0.508218077 0.691436395
h 0.498281867 0.690130366
h 0.488485758 0.688531367
h 0.478842463 0.686630149
h 0.469368045 0.684418455
h 0.460113276 0.681897418
h 0.451147936 0.679074362
h 0.442539109 0.675957432
h 0.434350099 0.672555321
h 0.426626555 0.668874611
h 0.419395551 0.664919187
h 0.412680915 0.660692788
h 0.406504101 0.656199102
h 0.400889320 0.651445212
h 0.395868488 0.646445247
h 0.391471594 0.641213991
interior
i 0.162200993 0.141053350
i 0.274800662 0.141053350
i 0.387400331 0.141053350
i 0.500000000 0.141053350
i 0.612599669 0.141053350
i 0.725199338 0.141053350
i 0.162200993 0.260702233
i 0.274800662 0.260702233
i 0.387400331 0.260702233
i 0.500000000 0.260702233
i 0.612599669 0.260702233
i 0.725199338 0.260702233
i 0.162200993 0.380351117
i 0.274800662 0.380351117
i 0.387400331 0.380351117
i 0.500000000 0.380351117
i 0.612599669 0.380351117
i 0.725199338 0.380351117
i 0.837799007 0.380351117
i 0.162200993 0.500000000
i 0.274800662 0.500000000
i 0.387400331 0.500000000
i 0.612599669 0.500000000
i 0.725199338 0.500000000
i 0.837799007 0.500000000
i 0.162200993 0.619648883
i 0.274800662 0.619648883
i 0.725199338 0.619648883
i 0.837799007 0.619648883
i 0.162200993 0.739297767
i 0.274800662 0.739297767
i 0.387400331 0.739297767
i 0.500000000 0.739297767
i 0.612599669 0.739297767
i 0.725199338 0.739297767
i 0.837799007 0.739297767
i 0.162200993 0.858946650
i 0.274800662 0.858946650
i 0.387400331 0.858946650
i 0.500000000 0.858946650
i 0.612599669 0.858946650
i 0.725199338 0.858946650
i 0.837799007 0.858946650
tris
t 29 30 31
t 28 32 33
t 34 35 25
t 24 36 37
t 24 38 39
t 24 40 41
t 24 42 43
t 24 44 45
t 24 46 47
t 24 48 49
t 50 51 24
t 52 53 24
t 54 55 24
t 56 57 41
t 57 58 59
t 60 61 89
t 62 63 89
t 64 65 89
t 66 67 351
t 68 69 310
t 70 71 310
t 72 73 57
t 74 75 89
t 76 77 89
t 78 79 89
t 88 80 81
t 86 82 83
t 84 85 86
t 97 209 208
t 209 97 98
t 115 116 117
t 201 202 0
t 32 29 31
t 36 25 35
t 39 40 24
t 43 44 24
t 47 48 24
t 52 24 51
t 56 41 55
t 60 89 59
t 64 89 63
t 68 310 67
t 72 57 71
t 76 89 75
t 79 80 88
t 84 86 83
t 96 208 207
t 209 98 210
t 115 117 118
t 146 148 149
t 146 147 148
t 200 201 0
t 37 26 33
t 26 27 33
t 27 28 33
t 28 29 32
t 37 38 24
t 45 46 24
t 54 24 53
t 62 89 61
t 70 310 69
t 78 89 77
t 86 81 82
t 83 87 81
t 87 88 81
t 79 88 89
t 95 207 206
t 210 98 211
t 115 118 114
t 143 149 142
t 144 149 143
t 145 149 144
t 146 149 145
t 199 200 0
t 34 25 33
t 50 24 49
t 66 310 65
t 74 89 73
t 93 203 92
t 93 204 203
t 94 204 93
t 94 205 204
t 95 205 94
t 95 206 205
t 95 96 207
t 96 97 338
t 211 98 99
t 114 119 113
t 114 118 119
t 136 108 135
t 137 108 136
t 138 108 137
t 139 108 138
t 139 149 315
t 140 149 139
t 141 149 140
t 142 149 141
t 199 0 1
t 41 42 24
t 311 91 312
t 92 203 312
t 211 99 212
t 113 120 121
t 113 119 120
t 112 122 111
t 111 122 123
t 111 123 110
t 110 123 124
t 110 124 125
t 110 125 109
t 126 109 125
t 127 109 126
t 128 109 127
t 129 109 128
t 130 109 129
t 131 109 130
t 132 109 131
t 133 109 132
t 134 109 133
t 135 108 134
t 199 1 198
t 4 5 273
t 273 193 194
t 193 273 192
t 5 6 273
t 273 191 192
t 6 7 273
t 7 8 273
t 9 273 8
t 10 273 9
t 11 273 10
t 12 273 11
t 13 273 12
t 14 273 13
t 15 273 14
t 16 273 15
t 274 16 17
t 275 17 18
t 18 19 275
t 19 20 276
t 20 21 277
t 21 22 348
t 22 23 279
t 279 23 24
t 282 24 347
t 24 25 36
t 92 312 91
t 212 99 100
t 238 159 160
t 237 158 159
t 236 157 158
t 156 157 235
t 155 156 235
t 154 155 234
t 153 154 233
t 109 152 153
t 109 151 152
t 109 150 151
t 109 149 150
t 113 121 112
t 112 121 122
t 198 1 197
t 310 91 311
t 212 100 213
t 239 160 161
t 197 1 2
t 310 90 91
t 213 100 214
t 240 161 162
t 197 2 196
t 65 90 350
t 214 100 101
t 153 233 318
t 196 2 3
t 65 89 90
t 214 101 215
t 240 162 163
t 196 3 195
t 69 309 308
t 215 101 332
t 241 163 164
t 273 195 3
t 69 308 307
t 215 102 216
t 109 233 232
t 3 4 273
t 69 307 306
t 216 102 217
t 242 164 165
t 273 194 195
t 69 306 305
t 217 102 103
t 243 165 166
t 273 190 191
t 69 305 65
t 217 103 218
t 109 232 231
t 6 272 271
t 65 305 304
t 218 103 333
t 109 231 230
t 6 271 270
t 65 304 303
t 218 104 219
t 228 109 229
t 6 270 269
t 65 303 302
t 219 104 220
t 227 109 228
t 6 269 268
t 65 302 301
t 220 104 105
t 226 108 227
t 6 267 266
t 65 301 300
t 220 105 221
t 225 108 226
t 6 266 265
t 65 300 299
t 221 105 222
t 224 107 225
t 6 265 264
t 65 299 352
t 222 105 106
t 225 107 108
t 6 264 190
t 57 299 345
t 222 106 223
t 227 108 109
t 57 298 297
t 223 106 325
t 223 107 224
t 57 297 296
t 229 109 230
t 57 296 295
t 154 234 233
t 57 295 294
t 155 235 234
t 57 294 293
t 236 235 157
t 57 293 292
t 237 236 158
t 57 292 291
t 238 237 159
t 57 291 290
t 239 238 160
t 57 290 289
t 240 239 161
t 57 289 288
t 241 240 163
t 57 288 287
t 242 241 164
t 57 287 286
t 243 242 165
t 57 286 285
t 244 243 166
t 57 285 284
t 244 166 167
t 57 284 283
t 244 167 168
t 57 283 282
t 244 168 245
t 282 281 24
t 245 168 169
t 24 281 280
t 245 169 246
t 280 279 24
t 246 169 170
t 22 279 278
t 246 170 247
t 21 278 277
t 247 170 171
t 20 277 276
t 247 171 248
t 19 276 275
t 248 171 172
t 275 274 17
t 248 172 173
t 274 273 16
t 248 173 249
t 6 268 267
t 249 173 174
t 190 264 263
t 249 174 250
t 190 263 262
t 250 174 175
t 190 262 261
t 250 175 251
t 190 261 260
t 251 175 176
t 190 260 189
t 251 176 177
t 189 260 259
t 251 177 252
t 189 259 188
t 252 177 178
t 188 259 187
t 252 178 253
t 187 259 258
t 253 178 179
t 187 258 186
t 253 179 180
t 186 258 257
t 253 180 254
t 186 257 185
t 254 180 181
t 185 257 184
t 254 181 255
t 184 257 336
t 255 181 182
t 184 256 183
t 255 182 183
t 255 183 256
t 149 108 315
t 108 139 315
t 233 109 319
t 109 153 318
t 109 318 319
t 318 233 323
t 233 319 320
t 319 318 320
t 233 320 321
t 320 318 321
t 233 321 322
t 321 318 322
t 233 322 323
t 322 318 323
t 106 107 325
t 107 223 325
t 101 102 332
t 102 215 332
t 103 104 333
t 104 218 333
t 257 256 336
t 256 184 336
t 97 208 338
t 208 96 338
t 90 310 343
t 310 65 343
t 299 298 345
t 298 57 345
t 24 57 355
t 57 282 353
t 22 278 348
t 278 21 348
t 90 343 350
t 343 65 350
t 67 310 351
t 310 66 351
t 299 57 352
t 57 65 352
t 282 347 353
t 347 57 353
t 57 347 354
t 347 24 354
t 57 354 355
t 354 24 355
