type=Cylinder forward=true n_boundary=66 n_holes=1 n_interior=50 n_tris=226 label=brep1576_f13_Cylinder
boundary
b -3.040250955 0.048250000
b -2.938909257 0.048250000
b -2.837567558 0.048250000
b -2.736225860 0.048250000
b -2.634884161 0.048250000
b -2.533542463 0.048250000
b -2.432200764 0.048250000
b -2.330859066 0.048250000
b -2.229517367 0.048250000
b -2.128175669 0.048250000
b -2.026833970 0.048250000
b -1.925492272 0.048250000
b -1.824150573 0.048250000
b -1.722808875 0.048250000
b -1.621467176 0.048250000
b -1.520125478 0.048250000
b -1.418783779 0.048250000
b -1.317442081 0.048250000
b -1.216100382 0.048250000
b -1.114758684 0.048250000
b -1.013416985 0.048250000
b -0.912075287 0.048250000
b -0.810733588 0.048250000
b -0.709391890 0.048250000
b -0.608050191 0.048250000
b -0.506708493 0.048250000
b -0.405366794 0.048250000
b -0.304025096 0.048250000
b -0.202683397 0.048250000
b -0.101341699 0.048250000
b 0.000000000 0.048250000
b 0.000000000 0.847036797
b 0.000000000 0.857643398
b -0.101341699 0.857643398
b -0.202683397 0.857643398
b -0.304025096 0.857643398
b -0.405366794 0.857643398
b -0.506708493 0.857643398
b -0.608050191 0.857643398
b -0.709391890 0.857643398
b -0.810733588 0.857643398
b -0.912075287 0.857643398
b -1.013416985 0.857643398
b -1.114758684 0.857643398
b -1.216100382 0.857643398
b -1.317442081 0.857643398
b -1.418783779 0.857643398
b -1.520125478 0.857643398
b -1.621467176 0.857643398
b -1.722808875 0.857643398
b -1.824150573 0.857643398
b -1.925492272 0.857643398
b -2.026833970 0.857643398
b -2.128175669 0.857643398
b -2.229517367 0.857643398
b -2.330859066 0.857643398
b -2.432200764 0.857643398
b -2.533542463 0.857643398
b -2.634884161 0.857643398
b -2.736225860 0.857643398
b -2.837567558 0.857643398
b -2.938909257 0.857643398
b -3.040250955 0.857643398
b -3.141592654 0.857643398
b -3.141592654 0.847036797
b -3.141592654 0.048250000
hole 0
h 4.446094963 0.513250000
h 4.446527310 0.506145157
h 4.447823281 0.499122216
h 4.449981283 0.492171208
h 4.452999744 0.485282164
h 4.456876315 0.478448139
h 4.461602186 0.471686890
h 4.467165497 0.465028237
h 4.473554520 0.458502081
h 4.480757093 0.452138148
h 4.488749766 0.445962786
h 4.497498996 0.439999293
h 4.506971213 0.434270852
h 4.517133126 0.428800632
h 4.527945020 0.423610435
h 4.539356243 0.418719804
h 4.551315484 0.414148067
h 4.563771912 0.409914552
h 4.576675059 0.406036243
h 4.589974302 0.402522673
h 4.603619206 0.399381897
h 4.617559705 0.396621970
h 4.631747151 0.394250309
h 4.646139380 0.392270250
h 4.660696769 0.390683530
h 4.675379862 0.389491878
h 4.690149657 0.388696957
h 4.704970226 0.388299486
h 4.719807734 0.388299485
h 4.734628359 0.388696957
h 4.749398265 0.389491891
h 4.764081510 0.390683569
h 4.778639057 0.392270320
h 4.793031415 0.394250408
h 4.807218923 0.396622090
h 4.821159401 0.399382025
h 4.834804228 0.402522799
h 4.848103371 0.406036365
h 4.861006430 0.409914673
h 4.873462812 0.414148195
h 4.885422041 0.418719945
h 4.896833271 0.423610594
h 4.907645178 0.428800809
h 4.917807095 0.434271046
h 4.927279303 0.439999501
h 4.936028517 0.445963011
h 4.944021169 0.452138391
h 4.951223720 0.458502350
h 4.957612722 0.465028534
h 4.963176008 0.471687210
h 4.967901847 0.478448466
h 4.971778375 0.485282477
h 4.974796784 0.492171479
h 4.976954734 0.499122418
h 4.978250666 0.506145268
h 4.978682998 0.513250000
h 4.446094963 0.513250000
h 4.446527310 0.506145157
h 4.447823281 0.499122216
h 4.449981283 0.492171208
h 4.452999744 0.485282164
h 4.456876315 0.478448139
h 4.461602186 0.471686890
h 4.467165497 0.465028237
h 4.473554520 0.458502081
h 4.480757093 0.452138148
h 4.488749766 0.445962786
h 4.497498996 0.439999293
h 4.506971213 0.434270852
h 4.517133126 0.428800632
h 4.527945020 0.423610435
h 4.539356243 0.418719804
h 4.551315484 0.414148067
h 4.563771912 0.409914552
h 4.576675059 0.406036243
h 4.589974302 0.402522673
h 4.603619206 0.399381897
h 4.617559705 0.396621970
h 4.631747151 0.394250309
h 4.646139380 0.392270250
h 4.660696769 0.390683530
h 4.675379862 0.389491878
h 4.690149657 0.388696957
h 4.704970226 0.388299486
h 4.719807734 0.388299485
h 4.734628359 0.388696957
h 4.749398265 0.389491891
h 4.764081510 0.390683569
h 4.778639057 0.392270320
h 4.793031415 0.394250408
h 4.807218923 0.396622090
h 4.821159401 0.399382025
h 4.834804228 0.402522799
h 4.848103371 0.406036365
h 4.861006430 0.409914673
h 4.873462812 0.414148195
h 4.885422041 0.418719945
h 4.896833271 0.423610594
h 4.907645178 0.428800809
h 4.917807095 0.434271046
h 4.927279303 0.439999501
h 4.936028517 0.445963011
h 4.944021169 0.452138391
h 4.951223720 0.458502350
h 4.957612722 0.465028534
h 4.963176008 0.471687210
h 4.967901847 0.478448466
h 4.971778375 0.485282477
h 4.974796784 0.492171479
h 4.976954734 0.499122418
h 4.978250666 0.506145268
h 4.978682998 0.513250000
interior
i -2.851582809 0.183148900
i -2.561572964 0.183148900
i -2.271563120 0.183148900
i -1.981553275 0.183148900
i -1.691543430 0.183148900
i -1.401533585 0.183148900
i -1.111523741 0.183148900
i -0.821513896 0.183148900
i -0.531504051 0.183148900
i -0.241494207 0.183148900
i -2.851582809 0.318047799
i -2.561572964 0.318047799
i -2.271563120 0.318047799
i -1.981553275 0.318047799
i -1.691543430 0.318047799
i -1.401533585 0.318047799
i -1.111523741 0.318047799
i -0.821513896 0.318047799
i -0.531504051 0.318047799
i -0.241494207 0.318047799
i -2.851582809 0.452946699
i -2.561572964 0.452946699
i -2.271563120 0.452946699
i -1.981553275 0.452946699
i -1.691543430 0.452946699
i -1.401533585 0.452946699
i -1.111523741 0.452946699
i -0.821513896 0.452946699
i -0.531504051 0.452946699
i -0.241494207 0.452946699
i -2.851582809 0.587845599
i -2.561572964 0.587845599
i -2.271563120 0.587845599
i -1.981553275 0.587845599
i -1.691543430 0.587845599
i -1.401533585 0.587845599
i -1.111523741 0.587845599
i -0.821513896 0.587845599
i -0.531504051 0.587845599
i -0.241494207 0.587845599
i -2.851582809 0.722744499
i -2.561572964 0.722744499
i -2.271563120 0.722744499
i -1.981553275 0.722744499
i -1.691543430 0.722744499
i -1.401533585 0.722744499
i -1.111523741 0.722744499
i -0.821513896 0.722744499
i -0.531504051 0.722744499
i -0.241494207 0.722744499
tris
t 186 187 188
t 196 197 198
t 206 207 208
t 216 217 218
t 66 67 68
t 68 69 70
t 70 71 72
t 72 73 74
t 74 75 76
t 76 77 78
t 78 79 80
t 80 81 82
t 82 83 84
t 84 85 86
t 86 87 88
t 88 89 90
t 90 91 92
t 92 93 94
t 94 95 96
t 96 97 98
t 98 99 100
t 100 101 102
t 102 103 104
t 104 105 106
t 106 107 108
t 108 109 110
t 110 111 112
t 112 113 114
t 114 115 116
t 116 117 118
t 118 119 120
t 123 124 125
t 125 126 127
t 127 128 129
t 129 130 131
t 131 132 133
t 133 134 135
t 135 136 137
t 137 138 139
t 139 140 141
t 141 142 143
t 143 144 145
t 145 146 147
t 147 148 149
t 149 150 151
t 151 152 153
t 153 154 155
t 155 156 157
t 157 158 159
t 159 160 161
t 161 162 163
t 163 164 165
t 165 166 167
t 167 168 169
t 169 170 171
t 171 172 173
t 173 174 175
t 175 176 177
t 29 30 31
t 31 32 33
t 62 63 64
t 64 65 178
t 185 186 188
t 195 196 198
t 205 206 208
t 215 216 218
t 66 68 70
t 70 72 74
t 74 76 78
t 78 80 82
t 82 84 86
t 86 88 90
t 90 92 94
t 94 96 98
t 98 100 102
t 102 104 106
t 106 108 110
t 110 112 114
t 114 116 118
t 118 120 121
t 123 125 127
t 127 129 131
t 131 133 135
t 135 137 139
t 139 141 143
t 143 145 147
t 147 149 151
t 151 153 155
t 155 157 159
t 159 161 163
t 163 165 167
t 167 169 171
t 171 173 175
t 175 177 178
t 178 65 0
t 28 29 31
t 31 33 34
t 61 62 64
t 184 185 188
t 194 195 198
t 204 205 208
t 214 215 218
t 66 70 74
t 74 78 82
t 82 86 90
t 90 94 98
t 98 102 106
t 106 110 114
t 114 118 121
t 123 127 131
t 131 135 139
t 139 143 147
t 147 151 155
t 155 159 163
t 163 167 171
t 171 175 178
t 178 0 1
t 27 28 31
t 31 34 35
t 60 61 64
t 183 184 188
t 193 194 198
t 203 204 208
t 213 214 218
t 66 74 82
t 82 90 98
t 98 106 114
t 123 131 139
t 139 147 155
t 155 163 171
t 178 1 2
t 26 27 31
t 31 35 36
t 59 60 64
t 182 183 188
t 192 193 198
t 202 203 208
t 212 213 218
t 66 82 98
t 98 114 121
t 123 139 155
t 155 171 178
t 178 2 3
t 25 26 31
t 31 36 37
t 58 59 64
t 181 182 188
t 191 192 198
t 201 202 208
t 211 212 218
t 66 98 121
t 121 122 123
t 178 3 4
t 24 25 31
t 31 37 38
t 57 58 64
t 180 181 188
t 190 191 198
t 200 201 208
t 210 211 218
t 227 66 121
t 121 123 155
t 178 4 5
t 23 24 31
t 31 38 39
t 56 57 64
t 179 180 188
t 189 190 198
t 199 200 208
t 209 210 218
t 155 178 5
t 22 23 31
t 31 39 40
t 55 56 64
t 178 179 188
t 188 189 198
t 198 199 208
t 208 209 218
t 155 5 6
t 21 22 31
t 31 40 41
t 54 55 64
t 64 178 188
t 155 6 7
t 20 21 31
t 31 41 42
t 53 54 64
t 64 188 198
t 155 7 8
t 19 20 31
t 31 42 43
t 52 53 64
t 64 198 208
t 155 8 9
t 18 19 31
t 31 43 44
t 51 52 64
t 64 208 218
t 155 9 10
t 17 18 31
t 31 44 45
t 50 51 64
t 64 218 219
t 155 10 11
t 16 17 31
t 31 45 46
t 49 50 64
t 64 219 220
t 155 11 12
t 15 16 31
t 31 46 47
t 48 49 64
t 64 220 221
t 155 12 13
t 31 47 48
t 48 64 221
t 155 13 14
t 31 48 221
t 155 14 15
t 31 221 222
t 31 222 223
t 31 223 224
t 31 224 225
t 31 225 226
t 31 226 227
t 15 31 227
