type=Sphere forward=true n_boundary=93 n_holes=0 n_interior=53 n_tris=144 label=brep47598_f132_Sphere
boundary
b 5.339095939 1.706549063
b 5.326595091 1.737491847
b 5.313963410 1.768408794
b 5.301174400 1.799294643
b 5.288200395 1.830143884
b 5.275012338 1.860950714
b 5.261579537 1.891708980
b 5.247869393 1.922412119
b 5.233847105 1.953053097
b 5.219475341 1.983624329
b 5.204713870 2.014117598
b 5.189519148 2.044523956
b 5.173843852 2.074833620
b 5.157636360 2.105035842
b 5.140840158 2.135118763
b 5.123393165 2.165069252
b 5.105226975 2.194872702
b 5.086265999 2.224512809
b 5.066426483 2.253971306
b 5.045615420 2.283227652
b 5.023729304 2.312258669
b 5.000652766 2.341038114
b 4.976257043 2.369536179
b 4.950398333 2.397718900
b 4.922916025 2.425547470
b 4.893630890 2.452977429
b 4.862343298 2.479957725
b 4.828831642 2.506429627
b 4.792851201 2.532325491
b 4.754133827 2.557567361
b 4.712388980 2.582065446
b 4.712388561 2.549443862
b 4.712388180 2.516822277
b 4.712387832 2.484200693
b 4.712387512 2.451579108
b 4.712387217 2.418957524
b 4.712386943 2.386335939
b 4.712386687 2.353714355
b 4.712386447 2.321092770
b 4.712386222 2.288471186
b 4.712386009 2.255849601
b 4.712385806 2.223228017
b 4.712385614 2.190606432
b 4.712385431 2.157984848
b 4.712385255 2.125363263
b 4.712385086 2.092741679
b 4.712384924 2.060120094
b 4.712384767 2.027498510
b 4.712384615 1.994876925
b 4.712384467 1.962255341
b 4.712384324 1.929633756
b 4.712384184 1.897012172
b 4.712384047 1.864390587
b 4.712383912 1.831769003
b 4.712383780 1.799147418
b 4.712383650 1.766525834
b 4.712383521 1.733904249
b 4.712383394 1.701282665
b 4.712383268 1.668661080
b 4.712383143 1.636039496
b 4.712383018 1.603417911
b 4.712388980 1.570796327
b 4.732925457 1.574416904
b 4.753462422 1.578036233
b 4.774000464 1.581652508
b 4.794540117 1.585264204
b 4.815081915 1.588869797
b 4.835626388 1.592467764
b 4.856174061 1.596056585
b 4.876725454 1.599634745
b 4.897281084 1.603200729
b 4.917841456 1.606753027
b 4.938407073 1.610290136
b 4.958978425 1.613810554
b 4.979555995 1.617312786
b 5.000140257 1.620795345
b 5.020731672 1.624256746
b 5.041330691 1.627695516
b 5.061937753 1.631110186
b 5.082553282 1.634499295
b 5.103177691 1.637861393
b 5.123811377 1.641195038
b 5.144454722 1.644498796
b 5.165108092 1.647771245
b 5.185771838 1.651010974
b 5.206446292 1.654216583
b 5.227131769 1.657386682
b 5.247828568 1.660519895
b 5.268536966 1.663614861
b 5.289257222 1.666670230
b 5.309989576 1.669684666
b 5.330734247 1.672656849
b 5.351491432 1.675585476
interior
i 4.765642053 1.697204967
i 4.818901087 1.697204967
i 4.872160122 1.697204967
i 4.925419156 1.697204967
i 4.978678191 1.697204967
i 5.031937225 1.697204967
i 5.085196260 1.697204967
i 5.138455294 1.697204967
i 5.191714329 1.697204967
i 5.244973363 1.697204967
i 5.298232398 1.697204967
i 4.765642053 1.823613607
i 4.818901087 1.823613607
i 4.872160122 1.823613607
i 4.925419156 1.823613607
i 4.978678191 1.823613607
i 5.031937225 1.823613607
i 5.085196260 1.823613607
i 5.138455294 1.823613607
i 5.191714329 1.823613607
i 5.244973363 1.823613607
i 4.765642053 1.950022247
i 4.818901087 1.950022247
i 4.872160122 1.950022247
i 4.925419156 1.950022247
i 4.978678191 1.950022247
i 5.031937225 1.950022247
i 5.085196260 1.950022247
i 5.138455294 1.950022247
i 5.191714329 1.950022247
i 4.765642053 2.076430886
i 4.818901087 2.076430886
i 4.872160122 2.076430886
i 4.925419156 2.076430886
i 4.978678191 2.076430886
i 5.031937225 2.076430886
i 5.085196260 2.076430886
i 5.138455294 2.076430886
i 4.765642053 2.202839526
i 4.818901087 2.202839526
i 4.872160122 2.202839526
i 4.925419156 2.202839526
i 4.978678191 2.202839526
i 5.031937225 2.202839526
i 5.085196260 2.202839526
i 4.765642053 2.329248166
i 4.818901087 2.329248166
i 4.872160122 2.329248166
i 4.925419156 2.329248166
i 4.978678191 2.329248166
i 4.765642053 2.455656806
i 4.818901087 2.455656806
i 4.872160122 2.455656806
tris
t 0 1 2
t 2 3 4
t 4 5 6
t 6 7 8
t 8 9 10
t 10 11 12
t 12 13 14
t 14 15 16
t 16 17 18
t 18 19 20
t 20 21 22
t 22 23 24
t 24 25 26
t 26 27 28
t 28 29 30
t 30 31 32
t 32 33 34
t 34 35 36
t 36 37 38
t 38 39 40
t 40 41 42
t 42 43 44
t 44 45 46
t 46 47 48
t 48 49 50
t 50 51 52
t 52 53 54
t 54 55 56
t 56 57 58
t 60 59 62
t 60 61 62
t 91 92 93
t 102 103 104
t 112 113 114
t 121 122 123
t 129 130 131
t 136 137 138
t 141 142 143
t 145 0 2
t 2 4 6
t 6 8 10
t 10 12 14
t 14 16 18
t 18 20 22
t 22 24 26
t 26 28 30
t 30 32 34
t 34 36 38
t 38 40 42
t 42 44 46
t 46 48 50
t 50 52 54
t 54 56 58
t 59 58 62
t 90 91 93
t 101 102 104
t 111 112 114
t 120 121 123
t 128 129 131
t 135 136 138
t 140 141 143
t 145 2 6
t 6 10 14
t 14 18 22
t 26 30 34
t 34 38 42
t 42 46 50
t 50 54 58
t 58 62 63
t 89 90 93
t 100 101 104
t 110 111 114
t 119 120 123
t 127 128 131
t 134 135 138
t 139 140 143
t 145 6 14
t 14 22 26
t 34 42 50
t 50 58 63
t 88 89 93
t 99 100 104
t 109 110 114
t 118 119 123
t 126 127 131
t 133 134 138
t 138 139 143
t 145 14 26
t 34 50 63
t 87 88 93
t 98 99 104
t 108 109 114
t 117 118 123
t 125 126 131
t 132 133 138
t 144 145 26
t 86 87 93
t 97 98 104
t 107 108 114
t 116 117 123
t 124 125 131
t 131 132 138
t 143 144 26
t 85 86 93
t 96 97 104
t 106 107 114
t 115 116 123
t 123 124 131
t 143 26 34
t 84 85 93
t 95 96 104
t 105 106 114
t 114 115 123
t 138 143 34
t 83 84 93
t 94 95 104
t 104 105 114
t 131 138 34
t 82 83 93
t 93 94 104
t 123 131 34
t 81 82 93
t 114 123 34
t 80 81 93
t 104 114 34
t 79 80 93
t 93 104 34
t 78 79 93
t 93 34 63
t 77 78 93
t 93 63 64
t 76 77 93
t 93 64 65
t 75 76 93
t 93 65 66
t 74 75 93
t 93 66 67
t 73 74 93
t 93 67 68
t 72 73 93
t 93 68 69
t 71 72 93
t 93 69 70
t 70 71 93
