type=Cone forward=true n_boundary=197 n_holes=0 n_interior=99 n_tris=294 label=brep32629_f51_Cone
boundary
b 2.017054881 0.018004083
b 2.017511638 0.018016297
b 2.017963340 0.018036592
b 2.018410123 0.018064917
b 2.018852122 0.018101220
b 2.019289471 0.018145452
b 2.019722305 0.018197561
b 2.020150760 0.018257497
b 2.020574969 0.018325208
b 2.020995070 0.018400644
b 2.021411195 0.018483753
b 2.021823481 0.018574486
b 2.022232061 0.018672791
b 2.022637070 0.018778617
b 2.023038471 0.018891904
b 2.023435895 0.019012577
b 2.023828937 0.019140556
b 2.024217189 0.019275763
b 2.024600245 0.019418120
b 2.024977700 0.019567548
b 2.025349147 0.019723968
b 2.025714180 0.019887303
b 2.026072392 0.020057473
b 2.026423378 0.020234401
b 2.026766730 0.020418007
b 2.027102043 0.020608214
b 2.027428910 0.020804942
b 2.027746929 0.021008109
b 2.028055797 0.021217546
b 2.028355308 0.021432995
b 2.028645260 0.021654192
b 2.028925454 0.021880878
b 2.029195688 0.022112789
b 2.029455760 0.022349665
b 2.029705469 0.022591243
b 2.029944615 0.022837262
b 2.030172996 0.023087459
b 2.030390411 0.023341573
b 2.030596659 0.023599343
b 2.030791538 0.023860506
b 2.030974848 0.024124801
b 2.031146393 0.024391990
b 2.031306022 0.024662050
b 2.031453609 0.024935070
b 2.031589026 0.025211138
b 2.031712147 0.025490341
b 2.031822846 0.025772768
b 2.031920996 0.026058508
b 2.032006470 0.026347649
b 2.032079142 0.026640279
b 2.032138885 0.026936487
b 2.032185572 0.027236362
b 2.032219076 0.027539991
b 2.032239272 0.027847462
b 2.032246032 0.028158866
b 1.997664355 0.018000000
b 1.997403753 0.017320248
b 1.997141365 0.016641425
b 1.996877175 0.015963530
b 1.996611165 0.015286563
b 1.996343317 0.014610524
b 1.996073614 0.013935412
b 1.995802038 0.013261226
b 1.995528570 0.012587967
b 1.995253192 0.011915634
b 1.994975884 0.011244225
b 1.994696628 0.010573742
b 1.994415405 0.009904183
b 1.994132194 0.009235548
b 1.993846977 0.008567837
b 1.993559732 0.007901048
b 1.993270440 0.007235182
b 1.992979079 0.006570238
b 1.992685629 0.005906216
b 1.992390069 0.005243115
b 1.992092376 0.004580936
b 1.991792531 0.003919682
b 1.991490509 0.003259355
b 1.991186289 0.002599957
b 1.990879849 0.001941490
b 1.990571165 0.001283956
b 1.990260215 0.000627357
b 1.989946975 -0.000028304
b 1.989631420 -0.000683025
b 1.989313528 -0.001336805
b 1.988993273 -0.001989641
b 1.988670631 -0.002641530
b 1.988345577 -0.003292472
b 1.988018084 -0.003942463
b 1.987688129 -0.004591501
b 1.987355684 -0.005239585
b 1.987020723 -0.005886712
b 1.986683219 -0.006532880
b 1.986343145 -0.007178088
b 1.986000471 -0.007822336
b 1.985655171 -0.008465624
b 1.985307213 -0.009107953
b 1.984956569 -0.009749323
b 1.984603209 -0.010389734
b 1.984247101 -0.011029187
b 1.983888214 -0.011667681
b 1.983526518 -0.012305218
b 1.983161980 -0.012941797
b 1.982794568 -0.013577420
b 1.982424249 -0.014212085
b 1.982050988 -0.014845793
b 1.981674753 -0.015478546
b 1.981295509 -0.016110343
b 1.980913221 -0.016741184
b 1.980527853 -0.017371069
b 1.980139370 -0.018000000
b 1.981880613 -0.018000000
b 1.983621856 -0.018000000
b 1.985363099 -0.018000000
b 1.987104343 -0.018000000
b 1.988845586 -0.018000000
b 1.990586829 -0.018000000
b 1.992328072 -0.018000000
b 1.994069316 -0.018000000
b 1.995810559 -0.018000000
b 1.997551802 -0.018000000
b 1.999293045 -0.018000000
b 2.001034288 -0.018000000
b 2.002775532 -0.018000000
b 2.004516775 -0.018000000
b 2.006258018 -0.018000000
b 2.007999261 -0.018000000
b 2.009740505 -0.018000000
b 2.011481748 -0.018000000
b 2.013222991 -0.018000000
b 2.014964234 -0.018000000
b 2.016705478 -0.018000000
b 2.018446721 -0.018000000
b 2.020187964 -0.018000000
b 2.021929207 -0.018000000
b 2.023670451 -0.018000000
b 2.025411694 -0.018000000
b 2.027152937 -0.018000000
b 2.028894180 -0.018000000
b 2.030635423 -0.018000000
b 2.032376667 -0.018000000
b 2.034117910 -0.018000000
b 2.033730041 -0.017372069
b 2.033345254 -0.016743147
b 2.032963513 -0.016113233
b 2.032584784 -0.015482326
b 2.032209033 -0.014850426
b 2.031836226 -0.014217533
b 2.031466329 -0.013583648
b 2.031099310 -0.012948768
b 2.030735137 -0.012312895
b 2.030373779 -0.011676027
b 2.030015203 -0.011038165
b 2.029659379 -0.010399309
b 2.029306277 -0.009759457
b 2.028955867 -0.009118610
b 2.028608118 -0.008476768
b 2.028263003 -0.007833929
b 2.027920493 -0.007190095
b 2.027580559 -0.006545264
b 2.027243173 -0.005899436
b 2.026908309 -0.005252613
b 2.026575940 -0.004604797
b 2.026246041 -0.003955989
b 2.025918585 -0.003306192
b 2.025593547 -0.002655407
b 2.025270903 -0.002003638
b 2.024950628 -0.001350885
b 2.024632697 -0.000697151
b 2.024317086 -0.000042438
b 2.024003773 0.000613253
b 2.023692732 0.001269918
b 2.023383942 0.001927556
b 2.023077380 0.002586166
b 2.022773023 0.003245744
b 2.022470848 0.003906289
b 2.022170834 0.004567799
b 2.021872960 0.005230271
b 2.021577203 0.005893705
b 2.021283543 0.006558098
b 2.020991960 0.007223451
b 2.020702431 0.007889764
b 2.020414937 0.008557038
b 2.020129459 0.009225274
b 2.019845975 0.009894471
b 2.019564467 0.010564630
b 2.019284915 0.011235752
b 2.019007301 0.011907836
b 2.018731605 0.012580884
b 2.018457809 0.013254896
b 2.018185895 0.013929872
b 2.017915845 0.014605813
b 2.017647641 0.015282718
b 2.017381265 0.015960589
b 2.017116700 0.016639427
b 2.016853928 0.017319230
b 2.016592934 0.018000000
interior
i 1.984637581 -0.015115071
i 1.989135793 -0.015115071
i 1.993634005 -0.015115071
i 1.998132216 -0.015115071
i 2.002630428 -0.015115071
i 2.007128640 -0.015115071
i 2.011626851 -0.015115071
i 2.016125063 -0.015115071
i 2.020623275 -0.015115071
i 2.025121487 -0.015115071
i 2.029619698 -0.015115071
i 1.984637581 -0.012230142
i 1.989135793 -0.012230142
i 1.993634005 -0.012230142
i 1.998132216 -0.012230142
i 2.002630428 -0.012230142
i 2.007128640 -0.012230142
i 2.011626851 -0.012230142
i 2.016125063 -0.012230142
i 2.020623275 -0.012230142
i 2.025121487 -0.012230142
i 2.029619698 -0.012230142
i 1.989135793 -0.009345213
i 1.993634005 -0.009345213
i 1.998132216 -0.009345213
i 2.002630428 -0.009345213
i 2.007128640 -0.009345213
i 2.011626851 -0.009345213
i 2.016125063 -0.009345213
i 2.020623275 -0.009345213
i 2.025121487 -0.009345213
i 1.989135793 -0.006460284
i 1.993634005 -0.006460284
i 1.998132216 -0.006460284
i 2.002630428 -0.006460284
i 2.007128640 -0.006460284
i 2.011626851 -0.006460284
i 2.016125063 -0.006460284
i 2.020623275 -0.006460284
i 2.025121487 -0.006460284
i 1.989135793 -0.003575355
i 1.993634005 -0.003575355
i 1.998132216 -0.003575355
i 2.002630428 -0.003575355
i 2.007128640 -0.003575355
i 2.011626851 -0.003575355
i 2.016125063 -0.003575355
i 2.020623275 -0.003575355
i 2.025121487 -0.003575355
i 1.993634005 -0.000690425
i 1.998132216 -0.000690425
i 2.002630428 -0.000690425
i 2.007128640 -0.000690425
i 2.011626851 -0.000690425
i 2.016125063 -0.000690425
i 2.020623275 -0.000690425
i 1.993634005 0.002194504
i 1.998132216 0.002194504
i 2.002630428 0.002194504
i 2.007128640 0.002194504
i 2.011626851 0.002194504
i 2.016125063 0.002194504
i 2.020623275 0.002194504
i 1.993634005 0.005079433
i 1.998132216 0.005079433
i 2.002630428 0.005079433
i 2.007128640 0.005079433
i 2.011626851 0.005079433
i 2.016125063 0.005079433
i 2.020623275 0.005079433
i 1.998132216 0.007964362
i 2.002630428 0.007964362
i 2.007128640 0.007964362
i 2.011626851 0.007964362
i 2.016125063 0.007964362
i 1.998132216 0.010849291
i 2.002630428 0.010849291
i 2.007128640 0.010849291
i 2.011626851 0.010849291
i 2.016125063 0.010849291
i 1.998132216 0.013734220
i 2.002630428 0.013734220
i 2.007128640 0.013734220
i 2.011626851 0.013734220
i 2.016125063 0.013734220
i 1.998132216 0.016619149
i 2.002630428 0.016619149
i 2.007128640 0.016619149
i 2.011626851 0.016619149
i 2.016125063 0.016619149
i 2.007128640 0.019504078
i 2.011626851 0.019504078
i 2.016125063 0.019504078
i 2.020623275 0.019504078
i 2.016125063 0.022389007
i 2.020623275 0.022389007
i 2.025121487 0.022389007
i 2.025121487 0.025273936
i 2.029619698 0.025273936
tris
t 295 0 1
t 1 2 3
t 3 4 5
t 5 6 7
t 7 8 9
t 9 10 11
t 11 12 13
t 13 14 15
t 15 16 17
t 17 18 19
t 19 20 21
t 21 22 23
t 23 24 25
t 25 26 27
t 27 28 29
t 29 30 31
t 31 32 33
t 33 34 35
t 35 36 37
t 37 38 39
t 39 40 41
t 41 42 43
t 43 44 45
t 45 46 47
t 47 48 49
t 49 50 51
t 51 52 53
t 53 54 55
t 109 110 111
t 140 141 142
t 206 207 208
t 217 218 219
t 226 227 228
t 235 236 237
t 244 245 246
t 251 252 253
t 258 259 260
t 265 266 267
t 270 271 272
t 275 276 277
t 280 281 282
t 285 286 287
t 289 290 291
t 292 293 294
t 295 1 3
t 3 5 7
t 7 9 11
t 11 13 15
t 15 17 19
t 19 21 23
t 23 25 27
t 27 29 31
t 31 33 35
t 35 37 39
t 39 41 43
t 43 45 47
t 47 49 51
t 51 53 55
t 108 109 111
t 139 140 142
t 205 206 208
t 216 217 219
t 225 226 228
t 234 235 237
t 243 244 246
t 250 251 253
t 257 258 260
t 264 265 267
t 269 270 272
t 274 275 277
t 279 280 282
t 284 285 287
t 288 289 291
t 291 292 294
t 295 3 7
t 7 11 15
t 15 19 23
t 23 27 31
t 31 35 39
t 39 43 47
t 107 108 111
t 138 139 142
t 195 196 197
t 204 205 208
t 215 216 219
t 224 225 228
t 233 234 237
t 242 243 246
t 249 250 253
t 256 257 260
t 263 264 267
t 268 269 272
t 273 274 277
t 278 279 282
t 283 284 287
t 287 288 291
t 295 7 15
t 15 23 31
t 31 39 47
t 106 107 111
t 137 138 142
t 194 195 197
t 203 204 208
t 214 215 219
t 223 224 228
t 232 233 237
t 241 242 246
t 248 249 253
t 255 256 260
t 262 263 267
t 267 268 272
t 272 273 277
t 277 278 282
t 282 283 287
t 295 15 31
t 31 47 51
t 105 106 111
t 136 137 142
t 202 203 208
t 213 214 219
t 222 223 228
t 231 232 237
t 240 241 246
t 247 248 253
t 254 255 260
t 261 262 267
t 295 31 51
t 104 105 111
t 135 136 142
t 201 202 208
t 212 213 219
t 221 222 228
t 230 231 237
t 239 240 246
t 246 247 253
t 253 254 260
t 260 261 267
t 294 295 51
t 103 104 111
t 134 135 142
t 200 201 208
t 211 212 219
t 220 221 228
t 229 230 237
t 238 239 246
t 260 267 272
t 294 51 55
t 102 103 111
t 133 134 142
t 193 194 197
t 199 200 208
t 210 211 219
t 219 220 228
t 228 229 237
t 237 238 246
t 260 272 277
t 291 294 55
t 101 102 111
t 132 133 142
t 192 193 197
t 198 199 208
t 209 210 219
t 237 246 253
t 260 277 282
t 282 287 55
t 287 291 55
t 100 101 111
t 131 132 142
t 191 192 197
t 197 198 208
t 208 209 219
t 237 253 260
t 260 282 55
t 99 100 111
t 130 131 142
t 190 191 197
t 208 219 228
t 260 55 56
t 98 99 111
t 129 130 142
t 189 190 197
t 208 228 237
t 260 56 57
t 97 98 111
t 128 129 142
t 188 189 197
t 260 57 58
t 96 97 111
t 127 128 142
t 187 188 197
t 260 58 59
t 95 96 111
t 126 127 142
t 186 187 197
t 260 59 60
t 94 95 111
t 125 126 142
t 185 186 197
t 260 60 61
t 93 94 111
t 124 125 142
t 184 185 197
t 260 61 62
t 92 93 111
t 123 124 142
t 183 184 197
t 260 62 63
t 91 92 111
t 122 123 142
t 182 183 197
t 260 63 64
t 90 91 111
t 121 122 142
t 181 182 197
t 260 64 65
t 89 90 111
t 120 121 142
t 180 181 197
t 260 65 66
t 88 89 111
t 119 120 142
t 179 180 197
t 260 66 67
t 87 88 111
t 118 119 142
t 178 179 197
t 260 67 68
t 86 87 111
t 117 118 142
t 177 178 197
t 260 68 69
t 85 86 111
t 116 117 142
t 176 177 197
t 260 69 70
t 84 85 111
t 115 116 142
t 175 176 197
t 260 70 71
t 83 84 111
t 114 115 142
t 174 175 197
t 260 71 72
t 82 83 111
t 113 114 142
t 173 174 197
t 260 72 73
t 81 82 111
t 112 113 142
t 172 173 197
t 208 237 73
t 237 260 73
t 80 81 111
t 111 112 142
t 171 172 197
t 208 73 74
t 79 80 111
t 111 142 143
t 170 171 197
t 208 74 75
t 78 79 111
t 111 143 144
t 169 170 197
t 208 75 76
t 77 78 111
t 111 144 145
t 168 169 197
t 208 76 77
t 111 145 146
t 167 168 197
t 208 77 111
t 111 146 147
t 166 167 197
t 197 208 111
t 111 147 148
t 165 166 197
t 197 111 148
t 164 165 197
t 197 148 149
t 163 164 197
t 197 149 150
t 162 163 197
t 197 150 151
t 161 162 197
t 197 151 152
t 160 161 197
t 197 152 153
t 159 160 197
t 197 153 154
t 158 159 197
t 197 154 155
t 157 158 197
t 197 155 156
t 156 157 197
