type=Nurbs forward=true n_boundary=220 n_holes=0 n_interior=369 n_tris=1194 label=brep62542_f60_Nurbs(deg=3/3, cps=4x5)
boundary
b 0.878863649 0.452206879
b 0.863750493 0.452207573
b 0.848735842 0.452208698
b 0.833814932 0.452210178
b 0.818983162 0.452211939
b 0.804236073 0.452213907
b 0.789569329 0.452216008
b 0.774978691 0.452218169
b 0.760459999 0.452220318
b 0.746009157 0.452222381
b 0.731622105 0.452224287
b 0.717294811 0.452225963
b 0.703023246 0.452227337
b 0.688803367 0.452228339
b 0.674631157 0.452228934
b 0.660502744 0.452229159
b 0.646414384 0.452229061
b 0.632362441 0.452228683
b 0.618343366 0.452228071
b 0.604353677 0.452227270
b 0.590389945 0.452226324
b 0.576448774 0.452225279
b 0.562526786 0.452224177
b 0.548620599 0.452223064
b 0.534726815 0.452221984
b 0.520842001 0.452220981
b 0.506962671 0.452220098
b 0.493085268 0.452219380
b 0.479206168 0.452218834
b 0.465321770 0.452218437
b 0.451428538 0.452218165
b 0.437522994 0.452217992
b 0.423601689 0.452217894
b 0.409661196 0.452217846
b 0.395698086 0.452217822
b 0.381708916 0.452217797
b 0.367690205 0.452217748
b 0.353638423 0.452217649
b 0.339549969 0.452217475
b 0.325421152 0.452217201
b 0.311248175 0.452216802
b 0.297027119 0.452216256
b 0.282753995 0.452215575
b 0.268424827 0.452214785
b 0.254035656 0.452213914
b 0.239582517 0.452212990
b 0.225061424 0.452212039
b 0.210468355 0.452211089
b 0.195799225 0.452210167
b 0.181049875 0.452209303
b 0.166216049 0.452208522
b 0.151293373 0.452207853
b 0.136277333 0.452207324
b 0.121163257 0.452206963
b 0.105946287 0.452206798
b 0.105946198 0.451975485
b 0.105945981 0.451744095
b 0.105945645 0.451512628
b 0.105945197 0.451281083
b 0.105944646 0.451049462
b 0.105944000 0.450817763
b 0.105943268 0.450585987
b 0.105942458 0.450354134
b 0.105941578 0.450122204
b 0.105940637 0.449890196
b 0.105939644 0.449658110
b 0.105938606 0.449425947
b 0.105937532 0.449193706
b 0.105936430 0.448961388
b 0.105935310 0.448728992
b 0.105934178 0.448496518
b 0.105933044 0.448263966
b 0.105931917 0.448031337
b 0.105930803 0.447798629
b 0.105929713 0.447565843
b 0.105928654 0.447332980
b 0.105927634 0.447100038
b 0.105926662 0.446867018
b 0.105925747 0.446633919
b 0.105924897 0.446400743
b 0.105924120 0.446167488
b 0.105923425 0.445934155
b 0.105922819 0.445700743
b 0.105922305 0.445467252
b 0.105921878 0.445233683
b 0.105921531 0.445000036
b 0.105921261 0.444766309
b 0.105921061 0.444532504
b 0.105920926 0.444298620
b 0.105920851 0.444064657
b 0.105920832 0.443830615
b 0.105920862 0.443596494
b 0.105920936 0.443362294
b 0.105921050 0.443128015
b 0.105921197 0.442893656
b 0.105921373 0.442659219
b 0.105921572 0.442424701
b 0.105921789 0.442190105
b 0.105922020 0.441955428
b 0.105922257 0.441720672
b 0.105922498 0.441485837
b 0.105922735 0.441250921
b 0.105922965 0.441015926
b 0.105923181 0.440780851
b 0.105923379 0.440545696
b 0.105923553 0.440310461
b 0.105923698 0.440075145
b 0.105923808 0.439839750
b 0.105923877 0.439604274
b 0.105923896 0.439368718
b 0.120858539 0.439368621
b 0.135693753 0.439368396
b 0.150434169 0.439368059
b 0.165084244 0.439367627
b 0.179648286 0.439367117
b 0.194130474 0.439366544
b 0.208534876 0.439365926
b 0.222865470 0.439365280
b 0.237126160 0.439364620
b 0.251320796 0.439363964
b 0.265453187 0.439363327
b 0.279527122 0.439362726
b 0.293546384 0.439362178
b 0.307514768 0.439361698
b 0.321436060 0.439361293
b 0.335313948 0.439360956
b 0.349152003 0.439360674
b 0.362953695 0.439360438
b 0.376722414 0.439360236
b 0.390461484 0.439360057
b 0.404174179 0.439359890
b 0.417863742 0.439359726
b 0.431533397 0.439359552
b 0.445186369 0.439359359
b 0.458825895 0.439359135
b 0.472455244 0.439358869
b 0.486077729 0.439358550
b 0.499696727 0.439358169
b 0.513315663 0.439357721
b 0.526937928 0.439357210
b 0.540566851 0.439356640
b 0.554205712 0.439356013
b 0.567857755 0.439355333
b 0.581526209 0.439354605
b 0.595214302 0.439353832
b 0.608925273 0.439353016
b 0.622662393 0.439352163
b 0.636428976 0.439351275
b 0.650228401 0.439350356
b 0.664064124 0.439349410
b 0.677939696 0.439348440
b 0.691858782 0.439347455
b 0.705825140 0.439346513
b 0.719842531 0.439345695
b 0.733914701 0.439345083
b 0.748045399 0.439344760
b 0.762238392 0.439344809
b 0.776497483 0.439345314
b 0.790826525 0.439346359
b 0.805229445 0.439348027
b 0.819710254 0.439350404
b 0.834273072 0.439353575
b 0.848922145 0.439357627
b 0.863661865 0.439362645
b 0.878496790 0.439368718
b 0.878795993 0.439603254
b 0.879094645 0.439837744
b 0.879392743 0.440072189
b 0.879690283 0.440306588
b 0.879987263 0.440540942
b 0.880283680 0.440775251
b 0.880579531 0.441009516
b 0.880874815 0.441243736
b 0.881169528 0.441477912
b 0.881463668 0.441712044
b 0.881757233 0.441946133
b 0.882050219 0.442180178
b 0.882342624 0.442414180
b 0.882634445 0.442648139
b 0.882925679 0.442882056
b 0.883216324 0.443115930
b 0.883506378 0.443349763
b 0.883795836 0.443583553
b 0.884084696 0.443817302
b 0.884372956 0.444051010
b 0.884660612 0.444284676
b 0.884947661 0.444518302
b 0.885234102 0.444751887
b 0.885519929 0.444985432
b 0.885805142 0.445218937
b 0.886089736 0.445452402
b 0.886373708 0.445685828
b 0.886657056 0.445919214
b 0.886939780 0.446152561
b 0.887221881 0.446385869
b 0.887503364 0.446619139
b 0.887784230 0.446852370
b 0.888064483 0.447085564
b 0.888344126 0.447318719
b 0.888623160 0.447551837
b 0.888901590 0.447784918
b 0.889179417 0.448017962
b 0.889456644 0.448250968
b 0.889733275 0.448483939
b 0.890009311 0.448716872
b 0.890284755 0.448949770
b 0.890559611 0.449182632
b 0.890833879 0.449415459
b 0.891107564 0.449648250
b 0.891380667 0.449881005
b 0.891653191 0.450113727
b 0.891925139 0.450346413
b 0.892196513 0.450579065
b 0.892467316 0.450811683
b 0.892737549 0.451044267
b 0.893007215 0.451276818
b 0.893276318 0.451509335
b 0.893544858 0.451741820
b 0.893812839 0.451974271
b 0.894080263 0.452206690
interior
i 0.204440761 0.440955310
i 0.302960690 0.440955310
i 0.401480618 0.440955310
i 0.500000547 0.440955310
i 0.598520476 0.440955310
i 0.697040405 0.440955310
i 0.795560334 0.440955310
i 0.204440761 0.442565860
i 0.302960690 0.442565860
i 0.401480618 0.442565860
i 0.500000547 0.442565860
i 0.598520476 0.442565860
i 0.697040405 0.442565860
i 0.795560334 0.442565860
i 0.204440761 0.444176410
i 0.302960690 0.444176410
i 0.401480618 0.444176410
i 0.500000547 0.444176410
i 0.598520476 0.444176410
i 0.697040405 0.444176410
i 0.795560334 0.444176410
i 0.204440761 0.445786960
i 0.302960690 0.445786960
i 0.401480618 0.445786960
i 0.500000547 0.445786960
i 0.598520476 0.445786960
i 0.697040405 0.445786960
i 0.795560334 0.445786960
i 0.204440761 0.447397510
i 0.302960690 0.447397510
i 0.401480618 0.447397510
i 0.500000547 0.447397510
i 0.598520476 0.447397510
i 0.697040405 0.447397510
i 0.795560334 0.447397510
i 0.204440761 0.449008060
i 0.302960690 0.449008060
i 0.401480618 0.449008060
i 0.500000547 0.449008060
i 0.598520476 0.449008060
i 0.697040405 0.449008060
i 0.795560334 0.449008060
i 0.204440761 0.450618609
i 0.302960690 0.450618609
i 0.401480618 0.450618609
i 0.500000547 0.450618609
i 0.598520476 0.450618609
i 0.697040405 0.450618609
i 0.795560334 0.450618609
i 0.155180796 0.440150035
i 0.130550814 0.439747398
i 0.179810778 0.439747398
i 0.130550814 0.440552672
i 0.179810778 0.440552672
i 0.155180796 0.441760585
i 0.130550814 0.441357947
i 0.179810778 0.441357947
i 0.130550814 0.442163222
i 0.179810778 0.442163222
i 0.155180796 0.443371135
i 0.130550814 0.442968497
i 0.179810778 0.442968497
i 0.130550814 0.443773772
i 0.179810778 0.443773772
i 0.155180796 0.444981685
i 0.130550814 0.444579047
i 0.179810778 0.444579047
i 0.130550814 0.445384322
i 0.179810778 0.445384322
i 0.155180796 0.446592235
i 0.130550814 0.446189597
i 0.179810778 0.446189597
i 0.130550814 0.446994872
i 0.179810778 0.446994872
i 0.155180796 0.448202785
i 0.130550814 0.447800147
i 0.179810778 0.447800147
i 0.130550814 0.448605422
i 0.179810778 0.448605422
i 0.155180796 0.449813335
i 0.130550814 0.449410697
i 0.179810778 0.449410697
i 0.130550814 0.450215972
i 0.179810778 0.450215972
i 0.155180796 0.451423884
i 0.130550814 0.451021247
i 0.179810778 0.451021247
i 0.130550814 0.451826522
i 0.179810778 0.451826522
i 0.253700725 0.440150035
i 0.229070743 0.439747398
i 0.278330707 0.439747398
i 0.229070743 0.440552672
i 0.278330707 0.440552672
i 0.253700725 0.441760585
i 0.229070743 0.441357947
i 0.278330707 0.441357947
i 0.229070743 0.442163222
i 0.278330707 0.442163222
i 0.253700725 0.443371135
i 0.229070743 0.442968497
i 0.278330707 0.442968497
i 0.229070743 0.443773772
i 0.278330707 0.443773772
i 0.253700725 0.444981685
i 0.229070743 0.444579047
i 0.278330707 0.444579047
i 0.229070743 0.445384322
i 0.278330707 0.445384322
i 0.253700725 0.446592235
i 0.229070743 0.446189597
i 0.278330707 0.446189597
i 0.229070743 0.446994872
i 0.278330707 0.446994872
i 0.253700725 0.448202785
i 0.229070743 0.447800147
i 0.278330707 0.447800147
i 0.229070743 0.448605422
i 0.278330707 0.448605422
i 0.253700725 0.449813335
i 0.229070743 0.449410697
i 0.278330707 0.449410697
i 0.229070743 0.450215972
i 0.278330707 0.450215972
i 0.253700725 0.451423884
i 0.229070743 0.451021247
i 0.278330707 0.451021247
i 0.229070743 0.451826522
i 0.278330707 0.451826522
i 0.352220654 0.440150035
i 0.327590672 0.439747398
i 0.376850636 0.439747398
i 0.327590672 0.440552672
i 0.376850636 0.440552672
i 0.352220654 0.441760585
i 0.327590672 0.441357947
i 0.376850636 0.441357947
i 0.327590672 0.442163222
i 0.376850636 0.442163222
i 0.352220654 0.443371135
i 0.327590672 0.442968497
i 0.376850636 0.442968497
i 0.327590672 0.443773772
i 0.376850636 0.443773772
i 0.352220654 0.444981685
i 0.327590672 0.444579047
i 0.376850636 0.444579047
i 0.327590672 0.445384322
i 0.376850636 0.445384322
i 0.352220654 0.446592235
i 0.327590672 0.446189597
i 0.376850636 0.446189597
i 0.327590672 0.446994872
i 0.376850636 0.446994872
i 0.352220654 0.448202785
i 0.327590672 0.447800147
i 0.376850636 0.447800147
i 0.327590672 0.448605422
i 0.376850636 0.448605422
i 0.352220654 0.449813335
i 0.327590672 0.449410697
i 0.376850636 0.449410697
i 0.327590672 0.450215972
i 0.376850636 0.450215972
i 0.352220654 0.451423884
i 0.327590672 0.451021247
i 0.376850636 0.451021247
i 0.327590672 0.451826522
i 0.376850636 0.451826522
i 0.450740583 0.440150035
i 0.426110601 0.439747398
i 0.475370565 0.439747398
i 0.426110601 0.440552672
i 0.475370565 0.440552672
i 0.450740583 0.441760585
i 0.426110601 0.441357947
i 0.475370565 0.441357947
i 0.426110601 0.442163222
i 0.475370565 0.442163222
i 0.450740583 0.443371135
i 0.426110601 0.442968497
i 0.475370565 0.442968497
i 0.426110601 0.443773772
i 0.475370565 0.443773772
i 0.450740583 0.444981685
i 0.426110601 0.444579047
i 0.475370565 0.444579047
i 0.426110601 0.445384322
i 0.475370565 0.445384322
i 0.450740583 0.446592235
i 0.426110601 0.446189597
i 0.475370565 0.446189597
i 0.426110601 0.446994872
i 0.475370565 0.446994872
i 0.450740583 0.448202785
i 0.426110601 0.447800147
i 0.475370565 0.447800147
i 0.426110601 0.448605422
i 0.475370565 0.448605422
i 0.450740583 0.449813335
i 0.426110601 0.449410697
i 0.475370565 0.449410697
i 0.426110601 0.450215972
i 0.475370565 0.450215972
i 0.450740583 0.451423884
i 0.426110601 0.451021247
i 0.475370565 0.451021247
i 0.426110601 0.451826522
i 0.475370565 0.451826522
i 0.549260512 0.440150035
i 0.524630529 0.439747398
i 0.573890494 0.439747398
i 0.524630529 0.440552672
i 0.573890494 0.440552672
i 0.549260512 0.441760585
i 0.524630529 0.441357947
i 0.573890494 0.441357947
i 0.524630529 0.442163222
i 0.573890494 0.442163222
i 0.549260512 0.443371135
i 0.524630529 0.442968497
i 0.573890494 0.442968497
i 0.524630529 0.443773772
i 0.573890494 0.443773772
i 0.549260512 0.444981685
i 0.524630529 0.444579047
i 0.573890494 0.444579047
i 0.524630529 0.445384322
i 0.573890494 0.445384322
i 0.549260512 0.446592235
i 0.524630529 0.446189597
i 0.573890494 0.446189597
i 0.524630529 0.446994872
i 0.573890494 0.446994872
i 0.549260512 0.448202785
i 0.524630529 0.447800147
i 0.573890494 0.447800147
i 0.524630529 0.448605422
i 0.573890494 0.448605422
i 0.549260512 0.449813335
i 0.524630529 0.449410697
i 0.573890494 0.449410697
i 0.524630529 0.450215972
i 0.573890494 0.450215972
i 0.549260512 0.451423884
i 0.524630529 0.451021247
i 0.573890494 0.451021247
i 0.524630529 0.451826522
i 0.573890494 0.451826522
i 0.647780441 0.440150035
i 0.623150458 0.439747398
i 0.672410423 0.439747398
i 0.623150458 0.440552672
i 0.672410423 0.440552672
i 0.647780441 0.441760585
i 0.623150458 0.441357947
i 0.672410423 0.441357947
i 0.623150458 0.442163222
i 0.672410423 0.442163222
i 0.647780441 0.443371135
i 0.623150458 0.442968497
i 0.672410423 0.442968497
i 0.623150458 0.443773772
i 0.672410423 0.443773772
i 0.647780441 0.444981685
i 0.623150458 0.444579047
i 0.672410423 0.444579047
i 0.623150458 0.445384322
i 0.672410423 0.445384322
i 0.647780441 0.446592235
i 0.623150458 0.446189597
i 0.672410423 0.446189597
i 0.623150458 0.446994872
i 0.672410423 0.446994872
i 0.647780441 0.448202785
i 0.623150458 0.447800147
i 0.672410423 0.447800147
i 0.623150458 0.448605422
i 0.672410423 0.448605422
i 0.647780441 0.449813335
i 0.623150458 0.449410697
i 0.672410423 0.449410697
i 0.623150458 0.450215972
i 0.672410423 0.450215972
i 0.647780441 0.451423884
i 0.623150458 0.451021247
i 0.672410423 0.451021247
i 0.623150458 0.451826522
i 0.672410423 0.451826522
i 0.746300369 0.440150035
i 0.721670387 0.439747398
i 0.770930352 0.439747398
i 0.721670387 0.440552672
i 0.770930352 0.440552672
i 0.746300369 0.441760585
i 0.721670387 0.441357947
i 0.770930352 0.441357947
i 0.721670387 0.442163222
i 0.770930352 0.442163222
i 0.746300369 0.443371135
i 0.721670387 0.442968497
i 0.770930352 0.442968497
i 0.721670387 0.443773772
i 0.770930352 0.443773772
i 0.746300369 0.444981685
i 0.721670387 0.444579047
i 0.770930352 0.444579047
i 0.721670387 0.445384322
i 0.770930352 0.445384322
i 0.746300369 0.446592235
i 0.721670387 0.446189597
i 0.770930352 0.446189597
i 0.721670387 0.446994872
i 0.770930352 0.446994872
i 0.746300369 0.448202785
i 0.721670387 0.447800147
i 0.770930352 0.447800147
i 0.721670387 0.448605422
i 0.770930352 0.448605422
i 0.746300369 0.449813335
i 0.721670387 0.449410697
i 0.770930352 0.449410697
i 0.721670387 0.450215972
i 0.770930352 0.450215972
i 0.746300369 0.451423884
i 0.721670387 0.451021247
i 0.770930352 0.451021247
i 0.721670387 0.451826522
i 0.770930352 0.451826522
i 0.844820298 0.440150035
i 0.820190316 0.439747398
i 0.869450280 0.439747398
i 0.820190316 0.440552672
i 0.869450280 0.440552672
i 0.844820298 0.441760585
i 0.820190316 0.441357947
i 0.869450280 0.441357947
i 0.820190316 0.442163222
i 0.869450280 0.442163222
i 0.844820298 0.443371135
i 0.820190316 0.442968497
i 0.869450280 0.442968497
i 0.820190316 0.443773772
i 0.869450280 0.443773772
i 0.844820298 0.444981685
i 0.820190316 0.444579047
i 0.869450280 0.444579047
i 0.820190316 0.445384322
i 0.869450280 0.445384322
i 0.844820298 0.446592235
i 0.820190316 0.446189597
i 0.869450280 0.446189597
i 0.820190316 0.446994872
i 0.869450280 0.446994872
i 0.844820298 0.448202785
i 0.820190316 0.447800147
i 0.869450280 0.447800147
i 0.820190316 0.448605422
i 0.869450280 0.448605422
i 0.844820298 0.449813335
i 0.820190316 0.449410697
i 0.869450280 0.449410697
i 0.820190316 0.450215972
i 0.869450280 0.450215972
i 0.844820298 0.451423884
i 0.820190316 0.451021247
i 0.869450280 0.451021247
i 0.820190316 0.451826522
i 0.869450280 0.451826522
tris
t 109 110 589
t 110 597 589
t 110 598 597
t 110 111 598
t 111 599 598
t 111 600 599
t 111 112 600
t 112 601 600
t 112 602 601
t 112 113 602
t 113 603 602
t 113 604 603
t 113 114 604
t 114 605 604
t 114 606 605
t 114 115 606
t 115 607 606
t 115 608 607
t 115 116 608
t 116 609 608
t 116 610 609
t 116 117 610
t 117 611 610
t 117 612 611
t 117 118 612
t 118 613 612
t 118 614 613
t 118 119 614
t 119 615 614
t 119 616 615
t 119 120 616
t 120 617 616
t 120 618 617
t 120 121 618
t 121 619 618
t 121 620 619
t 121 122 620
t 122 621 620
t 122 622 621
t 122 123 622
t 123 623 622
t 123 624 623
t 123 124 624
t 124 625 624
t 124 626 625
t 124 125 626
t 125 627 626
t 125 628 627
t 125 126 628
t 126 629 628
t 126 630 629
t 126 127 630
t 127 631 630
t 127 632 631
t 127 128 632
t 128 633 632
t 128 634 633
t 128 129 634
t 129 635 634
t 129 636 635
t 129 130 636
t 130 637 636
t 130 638 637
t 130 131 638
t 131 639 638
t 131 640 639
t 131 132 640
t 132 641 640
t 132 642 641
t 132 133 642
t 133 643 642
t 133 644 643
t 133 134 644
t 134 645 644
t 134 646 645
t 134 135 646
t 135 647 646
t 135 648 647
t 135 136 648
t 136 649 648
t 136 650 649
t 136 137 650
t 137 651 650
t 137 652 651
t 137 138 652
t 138 653 652
t 138 654 653
t 138 139 654
t 139 655 654
t 139 656 655
t 139 140 656
t 140 657 656
t 140 658 657
t 140 141 658
t 141 659 658
t 141 660 659
t 141 142 660
t 142 661 660
t 142 662 661
t 142 143 662
t 143 663 662
t 143 664 663
t 143 144 664
t 144 665 664
t 144 666 665
t 144 145 666
t 145 667 666
t 145 668 667
t 145 146 668
t 146 669 668
t 146 670 669
t 146 147 670
t 147 671 670
t 147 672 671
t 147 148 672
t 148 673 672
t 148 674 673
t 148 149 674
t 149 675 674
t 149 676 675
t 149 150 676
t 150 677 676
t 150 678 677
t 150 151 678
t 151 679 678
t 151 680 679
t 151 152 680
t 152 681 680
t 152 682 681
t 152 153 682
t 153 683 682
t 153 684 683
t 153 154 684
t 154 685 684
t 154 686 685
t 154 155 686
t 155 687 686
t 155 688 687
t 155 156 688
t 156 689 688
t 156 690 689
t 156 157 690
t 157 691 690
t 157 692 691
t 157 158 692
t 158 693 692
t 158 694 693
t 158 159 694
t 159 695 694
t 159 696 695
t 159 160 696
t 160 697 696
t 160 698 697
t 160 161 698
t 161 699 698
t 161 700 699
t 161 162 700
t 162 701 700
t 162 163 701
t 163 702 701
t 163 703 702
t 163 590 703
t 163 164 590
t 109 589 108
t 108 589 107
t 107 589 106
t 106 589 105
t 105 589 104
t 104 589 103
t 103 589 102
t 102 589 101
t 101 589 100
t 100 589 99
t 99 589 98
t 98 589 97
t 97 589 96
t 96 589 591
t 164 165 590
t 165 166 590
t 166 167 590
t 167 168 590
t 168 169 590
t 169 170 590
t 170 171 590
t 171 172 590
t 172 173 590
t 173 174 590
t 174 175 590
t 175 176 590
t 176 177 590
t 177 592 590
t 589 597 591
t 597 704 591
t 597 598 704
t 598 705 704
t 598 599 705
t 599 706 705
t 599 600 706
t 600 707 706
t 600 601 707
t 601 708 707
t 601 602 708
t 602 709 708
t 602 603 709
t 603 710 709
t 603 604 710
t 604 711 710
t 604 605 711
t 605 712 711
t 605 606 712
t 606 713 712
t 606 607 713
t 607 714 713
t 607 608 714
t 608 715 714
t 608 609 715
t 609 716 715
t 609 610 716
t 610 717 716
t 610 611 717
t 611 718 717
t 611 612 718
t 612 719 718
t 612 613 719
t 613 720 719
t 613 614 720
t 614 721 720
t 614 615 721
t 615 722 721
t 615 616 722
t 616 723 722
t 616 617 723
t 617 724 723
t 617 618 724
t 618 725 724
t 618 619 725
t 619 726 725
t 619 620 726
t 620 727 726
t 620 621 727
t 621 728 727
t 621 622 728
t 622 729 728
t 622 623 729
t 623 730 729
t 623 624 730
t 624 731 730
t 624 625 731
t 625 732 731
t 625 626 732
t 626 733 732
t 626 627 733
t 627 734 733
t 627 628 734
t 628 735 734
t 628 629 735
t 629 736 735
t 629 630 736
t 630 737 736
t 630 631 737
t 631 738 737
t 631 632 738
t 632 739 738
t 632 633 739
t 633 740 739
t 633 634 740
t 634 741 740
t 634 635 741
t 635 742 741
t 635 636 742
t 636 743 742
t 636 637 743
t 637 744 743
t 637 638 744
t 638 745 744
t 638 639 745
t 639 746 745
t 639 640 746
t 640 747 746
t 640 641 747
t 641 748 747
t 641 642 748
t 642 749 748
t 642 643 749
t 643 750 749
t 643 644 750
t 644 751 750
t 644 645 751
t 645 752 751
t 645 646 752
t 646 753 752
t 646 647 753
t 647 754 753
t 647 648 754
t 648 755 754
t 648 649 755
t 649 756 755
t 649 650 756
t 650 757 756
t 650 651 757
t 651 758 757
t 651 652 758
t 652 759 758
t 652 653 759
t 653 760 759
t 653 654 760
t 654 761 760
t 654 655 761
t 655 762 761
t 655 656 762
t 656 763 762
t 656 657 763
t 657 764 763
t 657 658 764
t 658 765 764
t 658 659 765
t 659 766 765
t 659 660 766
t 660 767 766
t 660 661 767
t 661 768 767
t 661 662 768
t 662 769 768
t 662 663 769
t 663 770 769
t 663 664 770
t 664 771 770
t 664 665 771
t 665 772 771
t 665 666 772
t 666 773 772
t 666 667 773
t 667 774 773
t 667 668 774
t 668 775 774
t 668 669 775
t 669 776 775
t 669 670 776
t 670 777 776
t 670 671 777
t 671 778 777
t 671 672 778
t 672 779 778
t 672 673 779
t 673 780 779
t 673 674 780
t 674 781 780
t 674 675 781
t 675 782 781
t 675 676 782
t 676 783 782
t 676 677 783
t 677 784 783
t 677 678 784
t 678 785 784
t 678 679 785
t 679 786 785
t 679 680 786
t 680 787 786
t 680 681 787
t 681 788 787
t 681 682 788
t 682 789 788
t 682 683 789
t 683 790 789
t 683 684 790
t 684 791 790
t 684 685 791
t 685 792 791
t 685 686 792
t 686 793 792
t 686 687 793
t 687 794 793
t 687 688 794
t 688 795 794
t 688 689 795
t 689 796 795
t 689 690 796
t 690 797 796
t 690 691 797
t 691 798 797
t 691 692 798
t 692 799 798
t 692 693 799
t 693 800 799
t 693 694 800
t 694 801 800
t 694 695 801
t 695 802 801
t 695 696 802
t 696 803 802
t 696 697 803
t 697 804 803
t 697 698 804
t 698 805 804
t 698 699 805
t 699 806 805
t 699 700 806
t 700 807 806
t 700 701 807
t 701 808 807
t 701 702 808
t 702 809 808
t 702 703 809
t 703 810 809
t 703 590 810
t 590 811 810
t 590 812 811
t 590 813 812
t 590 814 813
t 590 592 814
t 96 591 95
t 95 591 94
t 94 591 93
t 93 591 92
t 92 591 91
t 91 591 90
t 90 591 89
t 89 591 88
t 88 591 87
t 87 591 86
t 86 591 85
t 85 591 84
t 84 591 83
t 83 591 82
t 82 591 593
t 177 178 592
t 178 179 592
t 179 180 592
t 180 181 592
t 181 182 592
t 182 183 592
t 183 184 592
t 184 185 592
t 185 186 592
t 186 187 592
t 187 188 592
t 188 189 592
t 189 190 592
t 190 191 592
t 191 594 592
t 591 704 593
t 704 815 593
t 704 705 815
t 705 816 815
t 705 706 816
t 706 817 816
t 706 707 817
t 707 818 817
t 707 708 818
t 708 819 818
t 708 709 819
t 709 820 819
t 709 710 820
t 710 821 820
t 710 711 821
t 711 822 821
t 711 712 822
t 712 823 822
t 712 713 823
t 713 824 823
t 713 714 824
t 714 825 824
t 714 715 825
t 715 826 825
t 715 716 826
t 716 827 826
t 716 717 827
t 717 828 827
t 717 718 828
t 718 829 828
t 718 719 829
t 719 830 829
t 719 720 830
t 720 831 830
t 720 721 831
t 721 832 831
t 721 722 832
t 722 833 832
t 722 723 833
t 723 834 833
t 723 724 834
t 724 835 834
t 724 725 835
t 725 836 835
t 725 726 836
t 726 837 836
t 726 727 837
t 727 838 837
t 727 728 838
t 728 839 838
t 728 729 839
t 729 840 839
t 729 730 840
t 730 841 840
t 730 731 841
t 731 842 841
t 731 732 842
t 732 843 842
t 732 733 843
t 733 844 843
t 733 734 844
t 734 845 844
t 734 735 845
t 735 846 845
t 735 736 846
t 736 847 846
t 736 737 847
t 737 848 847
t 737 738 848
t 738 849 848
t 738 739 849
t 739 850 849
t 739 740 850
t 740 851 850
t 740 741 851
t 741 852 851
t 741 742 852
t 742 853 852
t 742 743 853
t 743 854 853
t 743 744 854
t 744 855 854
t 744 745 855
t 745 856 855
t 745 746 856
t 746 857 856
t 746 747 857
t 747 858 857
t 747 748 858
t 748 859 858
t 748 749 859
t 749 860 859
t 749 750 860
t 750 861 860
t 750 751 861
t 751 862 861
t 751 752 862
t 752 863 862
t 752 753 863
t 753 864 863
t 753 754 864
t 754 865 864
t 754 755 865
t 755 866 865
t 755 756 866
t 756 867 866
t 756 757 867
t 757 868 867
t 757 758 868
t 758 869 868
t 758 759 869
t 759 870 869
t 759 760 870
t 760 871 870
t 760 761 871
t 761 872 871
t 761 762 872
t 762 873 872
t 762 763 873
t 763 874 873
t 763 764 874
t 764 875 874
t 764 765 875
t 765 876 875
t 765 766 876
t 766 877 876
t 766 767 877
t 767 878 877
t 767 768 878
t 768 879 878
t 768 769 879
t 769 880 879
t 769 770 880
t 770 881 880
t 770 771 881
t 771 882 881
t 771 772 882
t 772 883 882
t 772 773 883
t 773 884 883
t 773 774 884
t 774 885 884
t 774 775 885
t 775 886 885
t 775 776 886
t 776 887 886
t 776 777 887
t 777 888 887
t 777 778 888
t 778 889 888
t 778 779 889
t 779 890 889
t 779 780 890
t 780 891 890
t 780 781 891
t 781 892 891
t 781 782 892
t 782 893 892
t 782 783 893
t 783 894 893
t 783 784 894
t 784 895 894
t 784 785 895
t 785 896 895
t 785 786 896
t 786 897 896
t 786 787 897
t 787 898 897
t 787 788 898
t 788 899 898
t 788 789 899
t 789 900 899
t 789 790 900
t 790 901 900
t 790 791 901
t 791 902 901
t 791 792 902
t 792 903 902
t 792 793 903
t 793 904 903
t 793 794 904
t 794 905 904
t 794 795 905
t 795 906 905
t 795 796 906
t 796 907 906
t 796 797 907
t 797 908 907
t 797 798 908
t 798 909 908
t 798 799 909
t 799 910 909
t 799 800 910
t 800 911 910
t 800 801 911
t 801 912 911
t 801 802 912
t 802 913 912
t 802 803 913
t 803 914 913
t 803 804 914
t 804 915 914
t 804 805 915
t 805 916 915
t 805 806 916
t 806 917 916
t 806 807 917
t 807 918 917
t 807 808 918
t 808 919 918
t 808 809 919
t 809 920 919
t 809 810 920
t 810 921 920
t 810 811 921
t 811 922 921
t 811 812 922
t 812 923 922
t 812 813 923
t 813 924 923
t 813 814 924
t 814 925 924
t 814 592 925
t 592 926 925
t 592 927 926
t 592 928 927
t 592 929 928
t 592 930 929
t 592 931 930
t 592 932 931
t 592 933 932
t 592 934 933
t 592 935 934
t 592 936 935
t 592 937 936
t 592 938 937
t 592 594 938
t 82 593 81
t 81 593 80
t 80 593 79
t 79 593 78
t 78 593 77
t 77 593 76
t 76 593 75
t 75 593 74
t 74 593 73
t 73 593 72
t 72 593 71
t 71 593 70
t 70 593 69
t 69 593 68
t 68 593 595
t 191 192 594
t 192 193 594
t 193 194 594
t 194 195 594
t 195 196 594
t 196 197 594
t 197 198 594
t 198 199 594
t 199 200 594
t 200 201 594
t 201 202 594
t 202 203 594
t 203 204 594
t 204 205 594
t 205 596 594
t 593 815 595
t 815 939 595
t 815 816 939
t 816 940 939
t 816 817 940
t 817 941 940
t 817 818 941
t 818 942 941
t 818 819 942
t 819 943 942
t 819 820 943
t 820 944 943
t 820 821 944
t 821 945 944
t 821 822 945
t 822 946 945
t 822 823 946
t 823 947 946
t 823 824 947
t 824 948 947
t 824 825 948
t 825 949 948
t 825 826 949
t 826 950 949
t 826 827 950
t 827 951 950
t 827 828 951
t 828 952 951
t 828 829 952
t 829 953 952
t 829 830 953
t 830 954 953
t 830 831 954
t 831 955 954
t 831 832 955
t 832 956 955
t 832 833 956
t 833 957 956
t 833 834 957
t 834 958 957
t 834 835 958
t 835 959 958
t 835 836 959
t 836 960 959
t 836 837 960
t 837 961 960
t 837 838 961
t 838 962 961
t 838 839 962
t 839 963 962
t 839 840 963
t 840 964 963
t 840 841 964
t 841 965 964
t 841 842 965
t 842 966 965
t 842 843 966
t 843 967 966
t 843 844 967
t 844 968 967
t 844 845 968
t 845 969 968
t 845 846 969
t 846 970 969
t 846 847 970
t 847 971 970
t 847 848 971
t 848 972 971
t 848 849 972
t 849 973 972
t 849 850 973
t 850 974 973
t 850 851 974
t 851 975 974
t 851 852 975
t 852 976 975
t 852 853 976
t 853 977 976
t 853 854 977
t 854 978 977
t 854 855 978
t 855 979 978
t 855 856 979
t 856 980 979
t 856 857 980
t 857 981 980
t 857 858 981
t 858 982 981
t 858 859 982
t 859 983 982
t 859 860 983
t 860 984 983
t 860 861 984
t 861 985 984
t 861 862 985
t 862 986 985
t 862 863 986
t 863 987 986
t 863 864 987
t 864 988 987
t 864 865 988
t 865 989 988
t 865 866 989
t 866 990 989
t 866 867 990
t 867 991 990
t 867 868 991
t 868 992 991
t 868 869 992
t 869 993 992
t 869 870 993
t 870 994 993
t 870 871 994
t 871 995 994
t 871 872 995
t 872 996 995
t 872 873 996
t 873 997 996
t 873 874 997
t 874 998 997
t 874 875 998
t 875 999 998
t 875 876 999
t 876 1000 999
t 876 877 1000
t 877 1001 1000
t 877 878 1001
t 878 1002 1001
t 878 879 1002
t 879 1003 1002
t 879 880 1003
t 880 1004 1003
t 880 881 1004
t 881 1005 1004
t 881 882 1005
t 882 1006 1005
t 882 883 1006
t 883 1007 1006
t 883 884 1007
t 884 1008 1007
t 884 885 1008
t 885 1009 1008
t 885 886 1009
t 886 1010 1009
t 886 887 1010
t 887 1011 1010
t 887 888 1011
t 888 1012 1011
t 888 889 1012
t 889 1013 1012
t 889 890 1013
t 890 1014 1013
t 890 891 1014
t 891 1015 1014
t 891 892 1015
t 892 1016 1015
t 892 893 1016
t 893 1017 1016
t 893 894 1017
t 894 1018 1017
t 894 895 1018
t 895 1019 1018
t 895 896 1019
t 896 1020 1019
t 896 897 1020
t 897 1021 1020
t 897 898 1021
t 898 1022 1021
t 898 899 1022
t 899 1023 1022
t 899 900 1023
t 900 1024 1023
t 900 901 1024
t 901 1025 1024
t 901 902 1025
t 902 1026 1025
t 902 903 1026
t 903 1027 1026
t 903 904 1027
t 904 1028 1027
t 904 905 1028
t 905 1029 1028
t 905 906 1029
t 906 1030 1029
t 906 907 1030
t 907 1031 1030
t 907 908 1031
t 908 1032 1031
t 908 909 1032
t 909 1033 1032
t 909 910 1033
t 910 1034 1033
t 910 911 1034
t 911 1035 1034
t 911 912 1035
t 912 1036 1035
t 912 913 1036
t 913 1037 1036
t 913 914 1037
t 914 1038 1037
t 914 915 1038
t 915 1039 1038
t 915 916 1039
t 916 1040 1039
t 916 917 1040
t 917 1041 1040
t 917 918 1041
t 918 1042 1041
t 918 919 1042
t 919 1043 1042
t 919 920 1043
t 920 1044 1043
t 920 921 1044
t 921 1045 1044
t 921 922 1045
t 922 1046 1045
t 922 923 1046
t 923 1047 1046
t 923 924 1047
t 924 1048 1047
t 924 925 1048
t 925 1049 1048
t 925 926 1049
t 926 1050 1049
t 926 927 1050
t 927 1051 1050
t 927 928 1051
t 928 1052 1051
t 928 929 1052
t 929 1053 1052
t 929 930 1053
t 930 1054 1053
t 930 931 1054
t 931 1055 1054
t 931 932 1055
t 932 1056 1055
t 932 933 1056
t 933 1057 1056
t 933 934 1057
t 934 1058 1057
t 934 935 1058
t 935 1059 1058
t 935 936 1059
t 936 1060 1059
t 936 937 1060
t 937 1061 1060
t 937 938 1061
t 938 1062 1061
t 938 594 1062
t 594 1063 1062
t 594 1064 1063
t 594 1065 1064
t 594 1066 1065
t 594 1067 1066
t 594 1068 1067
t 594 1069 1068
t 594 1070 1069
t 594 1071 1070
t 594 1072 1071
t 594 1073 1072
t 594 1074 1073
t 594 1075 1074
t 594 1076 1075
t 594 596 1076
t 68 595 67
t 67 595 66
t 66 595 65
t 65 595 64
t 64 595 63
t 63 595 62
t 62 595 61
t 61 595 60
t 60 595 59
t 59 595 58
t 58 595 57
t 57 595 56
t 56 595 55
t 55 595 54
t 205 206 596
t 206 207 596
t 207 208 596
t 208 209 596
t 209 210 596
t 210 211 596
t 211 212 596
t 212 213 596
t 213 214 596
t 214 215 596
t 215 216 596
t 216 217 596
t 217 218 596
t 218 219 596
t 595 939 54
t 939 940 54
t 940 53 54
t 940 941 53
t 941 942 53
t 942 52 53
t 942 943 52
t 943 944 52
t 944 51 52
t 944 945 51
t 945 946 51
t 946 50 51
t 946 947 50
t 947 948 50
t 948 49 50
t 948 949 49
t 949 950 49
t 950 48 49
t 950 951 48
t 951 952 48
t 952 47 48
t 952 953 47
t 953 954 47
t 954 46 47
t 954 955 46
t 955 956 46
t 956 45 46
t 956 957 45
t 957 958 45
t 958 44 45
t 958 959 44
t 959 960 44
t 960 43 44
t 960 961 43
t 961 962 43
t 962 42 43
t 962 963 42
t 963 964 42
t 964 41 42
t 964 965 41
t 965 966 41
t 966 40 41
t 966 967 40
t 967 968 40
t 968 39 40
t 968 969 39
t 969 970 39
t 970 38 39
t 970 971 38
t 971 972 38
t 972 37 38
t 972 973 37
t 973 974 37
t 974 36 37
t 974 975 36
t 975 976 36
t 976 35 36
t 976 977 35
t 977 978 35
t 978 34 35
t 978 979 34
t 979 980 34
t 980 33 34
t 980 981 33
t 981 982 33
t 982 32 33
t 982 983 32
t 983 984 32
t 984 31 32
t 984 985 31
t 985 986 31
t 986 30 31
t 986 987 30
t 987 988 30
t 988 29 30
t 988 989 29
t 989 990 29
t 990 28 29
t 990 991 28
t 991 992 28
t 992 27 28
t 992 993 27
t 993 994 27
t 994 26 27
t 994 995 26
t 995 996 26
t 996 25 26
t 996 997 25
t 997 998 25
t 998 24 25
t 998 999 24
t 999 1000 24
t 1000 23 24
t 1000 1001 23
t 1001 1002 23
t 1002 22 23
t 1002 1003 22
t 1003 1004 22
t 1004 21 22
t 1004 1005 21
t 1005 1006 21
t 1006 20 21
t 1006 1007 20
t 1007 1008 20
t 1008 19 20
t 1008 1009 19
t 1009 1010 19
t 1010 18 19
t 1010 1011 18
t 1011 1012 18
t 1012 17 18
t 1012 1013 17
t 1013 1014 17
t 1014 16 17
t 1014 1015 16
t 1015 1016 16
t 1016 15 16
t 1016 1017 15
t 1017 1018 15
t 1018 14 15
t 1018 1019 14
t 1019 1020 14
t 1020 13 14
t 1020 1021 13
t 1021 1022 13
t 1022 12 13
t 1022 1023 12
t 1023 1024 12
t 1024 11 12
t 1024 1025 11
t 1025 1026 11
t 1026 10 11
t 1026 1027 10
t 1027 1028 10
t 1028 9 10
t 1028 1029 9
t 1029 1030 9
t 1030 8 9
t 1030 1031 8
t 1031 1032 8
t 1032 7 8
t 1032 1033 7
t 1033 1034 7
t 1034 6 7
t 1034 1035 6
t 1035 1036 6
t 1036 5 6
t 1036 1037 5
t 1037 1038 5
t 1038 4 5
t 1038 1039 4
t 1039 1040 4
t 1040 3 4
t 1040 1041 3
t 1041 1042 3
t 1042 2 3
t 1042 1043 2
t 1043 1044 2
t 1044 1045 2
t 1045 1 2
t 1045 1046 1
t 1046 1047 1
t 1047 1048 1
t 1048 0 1
t 1048 1049 0
t 1049 1050 0
t 1050 1051 0
t 1051 1052 0
t 1052 1053 0
t 1053 1054 0
t 1054 1055 0
t 1055 1056 0
t 1056 1057 0
t 1057 1058 0
t 1058 1059 0
t 1059 1060 0
t 1060 1061 0
t 1061 1062 0
t 1062 1063 0
t 1063 1064 0
t 1064 1065 0
t 1065 1066 0
t 1066 1067 0
t 1067 1068 0
t 1068 1069 0
t 1069 1070 0
t 1070 1071 0
t 1071 1072 0
t 1072 1073 0
t 1073 1074 0
t 1074 1075 0
t 1075 1076 0
t 1076 596 0
t 596 219 0
