type=Nurbs forward=true n_boundary=220 n_holes=0 n_interior=368 n_tris=874 label=brep47598_f99_Nurbs(deg=3/3, cps=4x7)
boundary
b 0.121136488 0.252616485
b 0.136254072 0.252646360
b 0.151275284 0.252693422
b 0.166204362 0.252753625
b 0.181045427 0.252823237
b 0.195802503 0.252898807
b 0.210479529 0.252977137
b 0.225080378 0.253055260
b 0.239608875 0.253130415
b 0.254068806 0.253200030
b 0.268463942 0.253261700
b 0.282798046 0.253313172
b 0.297074896 0.253352331
b 0.311298298 0.253377196
b 0.325472204 0.253387186
b 0.339600729 0.253384219
b 0.353687875 0.253370374
b 0.367737520 0.253347601
b 0.381753440 0.253317735
b 0.395739325 0.253282508
b 0.409698804 0.253243554
b 0.423635460 0.253202419
b 0.437552849 0.253160571
b 0.451454522 0.253119402
b 0.465344037 0.253080242
b 0.479224983 0.253044359
b 0.493100995 0.253012966
b 0.506975769 0.252987187
b 0.520852943 0.252967119
b 0.534736015 0.252951889
b 0.548628411 0.252940625
b 0.562533510 0.252932488
b 0.576454661 0.252926678
b 0.590395198 0.252922426
b 0.604358456 0.252918992
b 0.618347792 0.252915662
b 0.632366596 0.252911744
b 0.646418313 0.252906572
b 0.660506457 0.252899493
b 0.674634636 0.252889876
b 0.688806559 0.252877101
b 0.703026074 0.252860661
b 0.717297209 0.252840906
b 0.731624030 0.252818604
b 0.746010592 0.252794509
b 0.760460949 0.252769349
b 0.774979178 0.252743838
b 0.789569394 0.252718673
b 0.804235771 0.252694536
b 0.818982561 0.252672098
b 0.833814113 0.252652020
b 0.848734898 0.252634954
b 0.863749525 0.252621547
b 0.878862767 0.252612440
b 0.894079586 0.252608271
b 0.894079417 0.260829911
b 0.894079292 0.269049818
b 0.894079209 0.277267996
b 0.894079164 0.285484448
b 0.894079155 0.293699180
b 0.894079179 0.301912194
b 0.894079233 0.310123495
b 0.894079313 0.318333084
b 0.894079417 0.326540966
b 0.894079541 0.334747141
b 0.894079683 0.342951614
b 0.894079840 0.351154384
b 0.894080009 0.359355454
b 0.894080186 0.367554825
b 0.894080369 0.375752498
b 0.894080554 0.383948472
b 0.894080738 0.392142749
b 0.894080919 0.400335328
b 0.894081092 0.408526209
b 0.894081255 0.416715390
b 0.894081405 0.424902870
b 0.894081537 0.433088649
b 0.894081650 0.441272724
b 0.894081739 0.449455092
b 0.894081800 0.457635753
b 0.894081831 0.465814703
b 0.894081827 0.473991939
b 0.894081786 0.482167457
b 0.894081713 0.490341256
b 0.894081620 0.498513329
b 0.894081522 0.506683668
b 0.894081426 0.514852267
b 0.894081332 0.523019131
b 0.894081240 0.531184263
b 0.894081148 0.539347667
b 0.894081057 0.547509346
b 0.894080966 0.555669304
b 0.894080875 0.563827542
b 0.894080783 0.571984064
b 0.894080690 0.580138872
b 0.894080595 0.588291967
b 0.894080498 0.596443352
b 0.894080398 0.604593028
b 0.894080295 0.612740995
b 0.894080188 0.620887255
b 0.894080077 0.629031808
b 0.894079960 0.637174654
b 0.894079838 0.645315794
b 0.894079709 0.653455226
b 0.894079573 0.661592950
b 0.894079429 0.669728965
b 0.894079276 0.677863271
b 0.894079113 0.685995865
b 0.894078939 0.694126745
b 0.894078753 0.702255911
b 0.879390354 0.702256885
b 0.864798136 0.702260523
b 0.850297699 0.702266382
b 0.835884801 0.702274014
b 0.821555339 0.702282966
b 0.807305334 0.702292779
b 0.793130908 0.702302986
b 0.779028269 0.702313111
b 0.764993695 0.702322668
b 0.751023517 0.702331158
b 0.737114102 0.702338070
b 0.723261841 0.702342879
b 0.709463129 0.702345042
b 0.695714357 0.702344003
b 0.682011922 0.702339676
b 0.668352325 0.702332928
b 0.654732175 0.702324758
b 0.641148175 0.702316194
b 0.627597108 0.702308298
b 0.614075816 0.702302167
b 0.600581190 0.702298938
b 0.587110154 0.702299792
b 0.573659648 0.702305957
b 0.560226617 0.702318715
b 0.546807996 0.702339406
b 0.533400694 0.702369430
b 0.520001580 0.702410258
b 0.506607469 0.702463334
b 0.493215085 0.702527848
b 0.479821132 0.702600610
b 0.466422368 0.702678185
b 0.453015595 0.702756979
b 0.439597638 0.702833221
b 0.426165338 0.702902950
b 0.412715531 0.702961987
b 0.399245035 0.703005925
b 0.385750637 0.703030101
b 0.372229079 0.703029571
b 0.358677038 0.702999090
b 0.345091118 0.702933078
b 0.331467830 0.702825591
b 0.317803616 0.702671551
b 0.304095142 0.702476669
b 0.290339247 0.702252832
b 0.276532800 0.702012748
b 0.262672687 0.701769983
b 0.248755790 0.701539048
b 0.234778980 0.701335501
b 0.220739105 0.701176055
b 0.206632979 0.701078698
b 0.192457376 0.701062824
b 0.178209026 0.701149379
b 0.163884608 0.701361025
b 0.149480756 0.701722316
b 0.134994058 0.702259900
b 0.134786833 0.694004045
b 0.134567418 0.685761995
b 0.134335782 0.677533084
b 0.134091901 0.669316648
b 0.133835758 0.661112027
b 0.133567341 0.652918567
b 0.133286646 0.644735618
b 0.132993673 0.636562535
b 0.132688432 0.628398680
b 0.132370936 0.620243417
b 0.132041206 0.612096120
b 0.131699268 0.603956167
b 0.131345155 0.595822941
b 0.130978906 0.587695833
b 0.130600565 0.579574242
b 0.130210183 0.571457572
b 0.129807815 0.563345235
b 0.129393525 0.555236650
b 0.128967381 0.547131245
b 0.128529454 0.539028454
b 0.128079826 0.530927720
b 0.127618580 0.522828496
b 0.127145805 0.514730240
b 0.126661598 0.506632423
b 0.126166060 0.498534519
b 0.125659320 0.490435948
b 0.125141534 0.482336084
b 0.124612861 0.474234311
b 0.124073315 0.466130030
b 0.123522767 0.458022657
b 0.122961084 0.449911604
b 0.122388143 0.441796282
b 0.121803824 0.433676100
b 0.121208017 0.425550467
b 0.120600617 0.417418790
b 0.119981526 0.409280477
b 0.119350652 0.401134933
b 0.118707912 0.392981565
b 0.118053227 0.384819781
b 0.117386527 0.376648986
b 0.116707748 0.368468589
b 0.116016834 0.360278000
b 0.115313735 0.352076628
b 0.114598409 0.343863888
b 0.113870822 0.335639192
b 0.113130946 0.327401959
b 0.112378759 0.319151608
b 0.111614251 0.310887563
b 0.110837415 0.302609250
b 0.110048252 0.294316100
b 0.109246774 0.286007547
b 0.108432997 0.277683032
b 0.107606947 0.269341998
b 0.106768655 0.260983897
b 0.105918162 0.252608184
interior
i 0.204438621 0.308910923
i 0.302959079 0.308910923
i 0.401479538 0.308910923
i 0.499999996 0.308910923
i 0.598520455 0.308910923
i 0.697040914 0.308910923
i 0.795561372 0.308910923
i 0.204438621 0.365213663
i 0.302959079 0.365213663
i 0.401479538 0.365213663
i 0.499999996 0.365213663
i 0.598520455 0.365213663
i 0.697040914 0.365213663
i 0.795561372 0.365213663
i 0.204438621 0.421516403
i 0.302959079 0.421516403
i 0.401479538 0.421516403
i 0.499999996 0.421516403
i 0.598520455 0.421516403
i 0.697040914 0.421516403
i 0.795561372 0.421516403
i 0.204438621 0.477819142
i 0.302959079 0.477819142
i 0.401479538 0.477819142
i 0.499999996 0.477819142
i 0.598520455 0.477819142
i 0.697040914 0.477819142
i 0.795561372 0.477819142
i 0.204438621 0.534121882
i 0.302959079 0.534121882
i 0.401479538 0.534121882
i 0.499999996 0.534121882
i 0.598520455 0.534121882
i 0.697040914 0.534121882
i 0.795561372 0.534121882
i 0.204438621 0.590424621
i 0.302959079 0.590424621
i 0.401479538 0.590424621
i 0.499999996 0.590424621
i 0.598520455 0.590424621
i 0.697040914 0.590424621
i 0.795561372 0.590424621
i 0.204438621 0.646727361
i 0.302959079 0.646727361
i 0.401479538 0.646727361
i 0.499999996 0.646727361
i 0.598520455 0.646727361
i 0.697040914 0.646727361
i 0.795561372 0.646727361
i 0.155178391 0.280759554
i 0.130548277 0.266683869
i 0.179808506 0.266683869
i 0.130548277 0.294835239
i 0.179808506 0.294835239
i 0.155178391 0.337062293
i 0.130548277 0.322986608
i 0.179808506 0.322986608
i 0.130548277 0.351137978
i 0.179808506 0.351137978
i 0.155178391 0.393365033
i 0.130548277 0.379289348
i 0.179808506 0.379289348
i 0.130548277 0.407440718
i 0.179808506 0.407440718
i 0.155178391 0.449667772
i 0.130548277 0.435592088
i 0.179808506 0.435592088
i 0.130548277 0.463743457
i 0.179808506 0.463743457
i 0.155178391 0.505970512
i 0.130548277 0.491894827
i 0.179808506 0.491894827
i 0.130548277 0.520046197
i 0.179808506 0.520046197
i 0.155178391 0.562273252
i 0.130548277 0.548197567
i 0.179808506 0.548197567
i 0.130548277 0.576348937
i 0.179808506 0.576348937
i 0.155178391 0.618575991
i 0.130548277 0.604500306
i 0.179808506 0.604500306
i 0.130548277 0.632651676
i 0.179808506 0.632651676
i 0.155178391 0.674878731
i 0.130548277 0.660803046
i 0.179808506 0.660803046
i 0.179808506 0.688954416
i 0.253698850 0.280759554
i 0.229068735 0.266683869
i 0.278328965 0.266683869
i 0.229068735 0.294835239
i 0.278328965 0.294835239
i 0.253698850 0.337062293
i 0.229068735 0.322986608
i 0.278328965 0.322986608
i 0.229068735 0.351137978
i 0.278328965 0.351137978
i 0.253698850 0.393365033
i 0.229068735 0.379289348
i 0.278328965 0.379289348
i 0.229068735 0.407440718
i 0.278328965 0.407440718
i 0.253698850 0.449667772
i 0.229068735 0.435592088
i 0.278328965 0.435592088
i 0.229068735 0.463743457
i 0.278328965 0.463743457
i 0.253698850 0.505970512
i 0.229068735 0.491894827
i 0.278328965 0.491894827
i 0.229068735 0.520046197
i 0.278328965 0.520046197
i 0.253698850 0.562273252
i 0.229068735 0.548197567
i 0.278328965 0.548197567
i 0.229068735 0.576348937
i 0.278328965 0.576348937
i 0.253698850 0.618575991
i 0.229068735 0.604500306
i 0.278328965 0.604500306
i 0.229068735 0.632651676
i 0.278328965 0.632651676
i 0.253698850 0.674878731
i 0.229068735 0.660803046
i 0.278328965 0.660803046
i 0.229068735 0.688954416
i 0.278328965 0.688954416
i 0.352219308 0.280759554
i 0.327589194 0.266683869
i 0.376849423 0.266683869
i 0.327589194 0.294835239
i 0.376849423 0.294835239
i 0.352219308 0.337062293
i 0.327589194 0.322986608
i 0.376849423 0.322986608
i 0.327589194 0.351137978
i 0.376849423 0.351137978
i 0.352219308 0.393365033
i 0.327589194 0.379289348
i 0.376849423 0.379289348
i 0.327589194 0.407440718
i 0.376849423 0.407440718
i 0.352219308 0.449667772
i 0.327589194 0.435592088
i 0.376849423 0.435592088
i 0.327589194 0.463743457
i 0.376849423 0.463743457
i 0.352219308 0.505970512
i 0.327589194 0.491894827
i 0.376849423 0.491894827
i 0.327589194 0.520046197
i 0.376849423 0.520046197
i 0.352219308 0.562273252
i 0.327589194 0.548197567
i 0.376849423 0.548197567
i 0.327589194 0.576348937
i 0.376849423 0.576348937
i 0.352219308 0.618575991
i 0.327589194 0.604500306
i 0.376849423 0.604500306
i 0.327589194 0.632651676
i 0.376849423 0.632651676
i 0.352219308 0.674878731
i 0.327589194 0.660803046
i 0.376849423 0.660803046
i 0.327589194 0.688954416
i 0.376849423 0.688954416
i 0.450739767 0.280759554
i 0.426109652 0.266683869
i 0.475369882 0.266683869
i 0.426109652 0.294835239
i 0.475369882 0.294835239
i 0.450739767 0.337062293
i 0.426109652 0.322986608
i 0.475369882 0.322986608
i 0.426109652 0.351137978
i 0.475369882 0.351137978
i 0.450739767 0.393365033
i 0.426109652 0.379289348
i 0.475369882 0.379289348
i 0.426109652 0.407440718
i 0.475369882 0.407440718
i 0.450739767 0.449667772
i 0.426109652 0.435592088
i 0.475369882 0.435592088
i 0.426109652 0.463743457
i 0.475369882 0.463743457
i 0.450739767 0.505970512
i 0.426109652 0.491894827
i 0.475369882 0.491894827
i 0.426109652 0.520046197
i 0.475369882 0.520046197
i 0.450739767 0.562273252
i 0.426109652 0.548197567
i 0.475369882 0.548197567
i 0.426109652 0.576348937
i 0.475369882 0.576348937
i 0.450739767 0.618575991
i 0.426109652 0.604500306
i 0.475369882 0.604500306
i 0.426109652 0.632651676
i 0.475369882 0.632651676
i 0.450739767 0.674878731
i 0.426109652 0.660803046
i 0.475369882 0.660803046
i 0.426109652 0.688954416
i 0.475369882 0.688954416
i 0.549260226 0.280759554
i 0.524630111 0.266683869
i 0.573890340 0.266683869
i 0.524630111 0.294835239
i 0.573890340 0.294835239
i 0.549260226 0.337062293
i 0.524630111 0.322986608
i 0.573890340 0.322986608
i 0.524630111 0.351137978
i 0.573890340 0.351137978
i 0.549260226 0.393365033
i 0.524630111 0.379289348
i 0.573890340 0.379289348
i 0.524630111 0.407440718
i 0.573890340 0.407440718
i 0.549260226 0.449667772
i 0.524630111 0.435592088
i 0.573890340 0.435592088
i 0.524630111 0.463743457
i 0.573890340 0.463743457
i 0.549260226 0.505970512
i 0.524630111 0.491894827
i 0.573890340 0.491894827
i 0.524630111 0.520046197
i 0.573890340 0.520046197
i 0.549260226 0.562273252
i 0.524630111 0.548197567
i 0.573890340 0.548197567
i 0.524630111 0.576348937
i 0.573890340 0.576348937
i 0.549260226 0.618575991
i 0.524630111 0.604500306
i 0.573890340 0.604500306
i 0.524630111 0.632651676
i 0.573890340 0.632651676
i 0.549260226 0.674878731
i 0.524630111 0.660803046
i 0.573890340 0.660803046
i 0.524630111 0.688954416
i 0.573890340 0.688954416
i 0.647780684 0.280759554
i 0.623150570 0.266683869
i 0.672410799 0.266683869
i 0.623150570 0.294835239
i 0.672410799 0.294835239
i 0.647780684 0.337062293
i 0.623150570 0.322986608
i 0.672410799 0.322986608
i 0.623150570 0.351137978
i 0.672410799 0.351137978
i 0.647780684 0.393365033
i 0.623150570 0.379289348
i 0.672410799 0.379289348
i 0.623150570 0.407440718
i 0.672410799 0.407440718
i 0.647780684 0.449667772
i 0.623150570 0.435592088
i 0.672410799 0.435592088
i 0.623150570 0.463743457
i 0.672410799 0.463743457
i 0.647780684 0.505970512
i 0.623150570 0.491894827
i 0.672410799 0.491894827
i 0.623150570 0.520046197
i 0.672410799 0.520046197
i 0.647780684 0.562273252
i 0.623150570 0.548197567
i 0.672410799 0.548197567
i 0.623150570 0.576348937
i 0.672410799 0.576348937
i 0.647780684 0.618575991
i 0.623150570 0.604500306
i 0.672410799 0.604500306
i 0.623150570 0.632651676
i 0.672410799 0.632651676
i 0.647780684 0.674878731
i 0.623150570 0.660803046
i 0.672410799 0.660803046
i 0.623150570 0.688954416
i 0.672410799 0.688954416
i 0.746301143 0.280759554
i 0.721671028 0.266683869
i 0.770931258 0.266683869
i 0.721671028 0.294835239
i 0.770931258 0.294835239
i 0.746301143 0.337062293
i 0.721671028 0.322986608
i 0.770931258 0.322986608
i 0.721671028 0.351137978
i 0.770931258 0.351137978
i 0.746301143 0.393365033
i 0.721671028 0.379289348
i 0.770931258 0.379289348
i 0.721671028 0.407440718
i 0.770931258 0.407440718
i 0.746301143 0.449667772
i 0.721671028 0.435592088
i 0.770931258 0.435592088
i 0.721671028 0.463743457
i 0.770931258 0.463743457
i 0.746301143 0.505970512
i 0.721671028 0.491894827
i 0.770931258 0.491894827
i 0.721671028 0.520046197
i 0.770931258 0.520046197
i 0.746301143 0.562273252
i 0.721671028 0.548197567
i 0.770931258 0.548197567
i 0.721671028 0.576348937
i 0.770931258 0.576348937
i 0.746301143 0.618575991
i 0.721671028 0.604500306
i 0.770931258 0.604500306
i 0.721671028 0.632651676
i 0.770931258 0.632651676
i 0.746301143 0.674878731
i 0.721671028 0.660803046
i 0.770931258 0.660803046
i 0.721671028 0.688954416
i 0.770931258 0.688954416
i 0.844821602 0.280759554
i 0.820191487 0.266683869
i 0.869451716 0.266683869
i 0.820191487 0.294835239
i 0.869451716 0.294835239
i 0.844821602 0.337062293
i 0.820191487 0.322986608
i 0.869451716 0.322986608
i 0.820191487 0.351137978
i 0.869451716 0.351137978
i 0.844821602 0.393365033
i 0.820191487 0.379289348
i 0.869451716 0.379289348
i 0.820191487 0.407440718
i 0.869451716 0.407440718
i 0.844821602 0.449667772
i 0.820191487 0.435592088
i 0.869451716 0.435592088
i 0.820191487 0.463743457
i 0.869451716 0.463743457
i 0.844821602 0.505970512
i 0.820191487 0.491894827
i 0.869451716 0.491894827
i 0.820191487 0.520046197
i 0.869451716 0.520046197
i 0.844821602 0.562273252
i 0.820191487 0.548197567
i 0.869451716 0.548197567
i 0.820191487 0.576348937
i 0.869451716 0.576348937
i 0.844821602 0.618575991
i 0.820191487 0.604500306
i 0.869451716 0.604500306
i 0.820191487 0.632651676
i 0.869451716 0.632651676
i 0.844821602 0.674878731
i 0.820191487 0.660803046
i 0.869451716 0.660803046
i 0.820191487 0.688954416
i 0.869451716 0.688954416
tris
t 219 0 588
t 0 1 588
t 1 2 588
t 2 3 588
t 3 4 588
t 4 5 588
t 5 6 588
t 6 596 588
t 6 7 596
t 7 597 596
t 7 598 597
t 7 8 598
t 8 599 598
t 8 600 599
t 8 9 600
t 9 601 600
t 9 602 601
t 9 10 602
t 10 603 602
t 10 604 603
t 10 11 604
t 11 605 604
t 11 606 605
t 11 12 606
t 12 607 606
t 12 608 607
t 12 13 608
t 13 609 608
t 13 610 609
t 13 14 610
t 14 611 610
t 14 612 611
t 14 15 612
t 15 613 612
t 15 614 613
t 15 16 614
t 16 615 614
t 16 616 615
t 16 17 616
t 17 617 616
t 17 618 617
t 17 18 618
t 18 619 618
t 18 620 619
t 18 19 620
t 19 621 620
t 19 622 621
t 19 20 622
t 20 623 622
t 20 624 623
t 20 21 624
t 21 625 624
t 21 626 625
t 21 22 626
t 22 627 626
t 22 628 627
t 22 23 628
t 23 629 628
t 23 630 629
t 23 24 630
t 24 631 630
t 24 632 631
t 24 25 632
t 25 633 632
t 25 634 633
t 25 26 634
t 26 635 634
t 26 636 635
t 26 637 636
t 26 27 637
t 27 638 637
t 27 639 638
t 27 28 639
t 28 640 639
t 28 641 640
t 28 29 641
t 29 642 641
t 29 643 642
t 29 30 643
t 30 644 643
t 30 645 644
t 30 31 645
t 31 646 645
t 31 647 646
t 31 32 647
t 32 648 647
t 32 649 648
t 32 33 649
t 33 650 649
t 33 651 650
t 33 34 651
t 34 652 651
t 34 653 652
t 34 35 653
t 35 654 653
t 35 655 654
t 35 36 655
t 36 656 655
t 36 657 656
t 36 37 657
t 37 658 657
t 37 659 658
t 37 38 659
t 38 660 659
t 38 661 660
t 38 39 661
t 39 662 661
t 39 663 662
t 39 40 663
t 40 664 663
t 40 665 664
t 40 41 665
t 41 666 665
t 41 667 666
t 41 42 667
t 42 668 667
t 42 669 668
t 42 43 669
t 43 670 669
t 43 671 670
t 43 44 671
t 44 672 671
t 44 673 672
t 44 45 673
t 45 674 673
t 45 675 674
t 45 46 675
t 46 676 675
t 46 677 676
t 46 589 677
t 46 47 589
t 47 48 589
t 48 49 589
t 49 50 589
t 50 51 589
t 51 52 589
t 52 53 589
t 53 54 589
t 219 588 218
t 218 588 217
t 217 588 216
t 216 588 215
t 215 588 214
t 214 588 213
t 213 588 212
t 212 588 211
t 211 588 210
t 210 588 209
t 209 588 208
t 208 588 207
t 207 588 206
t 206 588 590
t 54 55 589
t 55 56 589
t 56 57 589
t 57 58 589
t 58 59 589
t 59 60 589
t 60 61 589
t 61 62 589
t 62 63 589
t 63 64 589
t 64 65 589
t 65 66 589
t 66 67 589
t 67 591 589
t 588 596 590
t 596 597 590
t 597 678 590
t 597 598 678
t 598 679 678
t 598 599 679
t 599 680 679
t 599 600 680
t 600 681 680
t 600 601 681
t 601 682 681
t 601 602 682
t 602 683 682
t 602 603 683
t 603 684 683
t 603 604 684
t 604 685 684
t 604 605 685
t 605 686 685
t 605 606 686
t 606 687 686
t 606 607 687
t 607 688 687
t 607 608 688
t 608 689 688
t 608 609 689
t 609 690 689
t 609 610 690
t 610 691 690
t 610 611 691
t 611 692 691
t 611 612 692
t 612 693 692
t 612 613 693
t 613 694 693
t 613 614 694
t 614 695 694
t 614 615 695
t 615 696 695
t 615 616 696
t 616 697 696
t 616 617 697
t 617 698 697
t 617 618 698
t 618 699 698
t 618 619 699
t 619 700 699
t 619 620 700
t 620 701 700
t 620 621 701
t 621 702 701
t 621 622 702
t 622 703 702
t 622 623 703
t 623 704 703
t 623 624 704
t 624 705 704
t 624 625 705
t 625 706 705
t 625 626 706
t 626 707 706
t 626 627 707
t 627 708 707
t 627 628 708
t 628 709 708
t 628 629 709
t 629 710 709
t 629 630 710
t 630 711 710
t 630 631 711
t 631 712 711
t 631 632 712
t 632 713 712
t 632 633 713
t 633 714 713
t 633 634 714
t 634 715 714
t 634 635 715
t 635 716 715
t 635 636 716
t 636 717 716
t 636 637 717
t 637 718 717
t 637 638 718
t 638 719 718
t 638 639 719
t 639 720 719
t 639 640 720
t 640 721 720
t 640 641 721
t 641 722 721
t 641 642 722
t 642 723 722
t 642 643 723
t 643 724 723
t 643 644 724
t 644 725 724
t 644 645 725
t 645 726 725
t 645 646 726
t 646 727 726
t 646 647 727
t 647 728 727
t 647 648 728
t 648 729 728
t 648 649 729
t 649 730 729
t 649 650 730
t 650 731 730
t 650 651 731
t 651 732 731
t 651 652 732
t 652 733 732
t 652 653 733
t 653 734 733
t 653 654 734
t 654 735 734
t 654 655 735
t 655 736 735
t 655 656 736
t 656 737 736
t 656 657 737
t 657 738 737
t 657 658 738
t 658 739 738
t 658 659 739
t 659 740 739
t 659 660 740
t 660 741 740
t 660 661 741
t 661 742 741
t 661 662 742
t 662 743 742
t 662 663 743
t 663 744 743
t 663 664 744
t 664 745 744
t 664 665 745
t 665 746 745
t 665 666 746
t 666 747 746
t 666 667 747
t 667 748 747
t 667 668 748
t 668 749 748
t 668 669 749
t 669 750 749
t 669 670 750
t 670 751 750
t 670 671 751
t 671 752 751
t 671 672 752
t 672 753 752
t 672 673 753
t 673 754 753
t 673 674 754
t 674 755 754
t 674 675 755
t 675 756 755
t 675 676 756
t 676 757 756
t 676 677 757
t 677 758 757
t 677 589 758
t 589 591 758
t 206 590 205
t 205 590 204
t 204 590 203
t 203 590 202
t 202 590 201
t 201 590 200
t 200 590 199
t 199 590 198
t 198 590 197
t 197 590 196
t 196 590 195
t 195 590 194
t 194 590 193
t 193 590 192
t 192 590 592
t 67 68 591
t 68 69 591
t 69 70 591
t 70 71 591
t 71 72 591
t 72 73 591
t 73 74 591
t 74 75 591
t 75 76 591
t 76 77 591
t 77 78 591
t 78 79 591
t 79 80 591
t 80 81 591
t 81 593 591
t 590 678 592
t 678 679 592
t 679 680 592
t 680 759 592
t 680 681 759
t 681 760 759
t 681 682 760
t 682 761 760
t 682 683 761
t 683 762 761
t 683 684 762
t 684 763 762
t 684 685 763
t 685 764 763
t 685 686 764
t 686 765 764
t 686 687 765
t 687 766 765
t 687 688 766
t 688 767 766
t 688 689 767
t 689 768 767
t 689 690 768
t 690 769 768
t 690 691 769
t 691 770 769
t 691 692 770
t 692 771 770
t 692 693 771
t 693 772 771
t 693 694 772
t 694 773 772
t 694 695 773
t 695 774 773
t 695 696 774
t 696 775 774
t 696 697 775
t 697 776 775
t 697 698 776
t 698 777 776
t 698 699 777
t 699 778 777
t 699 700 778
t 700 779 778
t 700 701 779
t 701 780 779
t 701 702 780
t 702 781 780
t 702 703 781
t 703 782 781
t 703 704 782
t 704 783 782
t 704 705 783
t 705 784 783
t 705 706 784
t 706 785 784
t 706 707 785
t 707 786 785
t 707 708 786
t 708 787 786
t 708 709 787
t 709 788 787
t 709 710 788
t 710 789 788
t 710 711 789
t 711 790 789
t 711 712 790
t 712 791 790
t 712 713 791
t 713 792 791
t 713 714 792
t 714 793 792
t 714 715 793
t 715 794 793
t 715 716 794
t 716 795 794
t 716 717 795
t 717 796 795
t 717 718 796
t 718 797 796
t 718 719 797
t 719 798 797
t 719 720 798
t 720 799 798
t 720 721 799
t 721 800 799
t 721 722 800
t 722 801 800
t 722 723 801
t 723 802 801
t 723 724 802
t 724 803 802
t 724 725 803
t 725 804 803
t 725 726 804
t 726 805 804
t 726 727 805
t 727 806 805
t 727 728 806
t 728 807 806
t 728 729 807
t 729 808 807
t 729 730 808
t 730 809 808
t 730 731 809
t 731 810 809
t 731 732 810
t 732 811 810
t 732 733 811
t 733 812 811
t 733 734 812
t 734 813 812
t 734 735 813
t 735 814 813
t 735 736 814
t 736 815 814
t 736 737 815
t 737 816 815
t 737 738 816
t 738 817 816
t 738 739 817
t 739 818 817
t 739 740 818
t 740 819 818
t 740 741 819
t 741 820 819
t 741 742 820
t 742 821 820
t 742 743 821
t 743 822 821
t 743 744 822
t 744 823 822
t 744 745 823
t 745 824 823
t 745 746 824
t 746 825 824
t 746 747 825
t 747 826 825
t 747 748 826
t 748 827 826
t 748 749 827
t 749 828 827
t 749 750 828
t 750 829 828
t 750 751 829
t 751 830 829
t 751 752 830
t 752 831 830
t 752 753 831
t 753 832 831
t 753 754 832
t 754 833 832
t 754 755 833
t 755 834 833
t 755 756 834
t 756 835 834
t 756 757 835
t 757 836 835
t 757 758 836
t 758 837 836
t 758 593 837
t 758 591 593
t 192 592 191
t 191 592 190
t 190 592 189
t 189 592 188
t 188 592 187
t 187 592 186
t 186 592 185
t 185 592 184
t 184 592 183
t 183 592 182
t 182 592 181
t 181 592 180
t 180 592 179
t 179 592 178
t 178 592 594
t 81 82 593
t 82 83 593
t 83 84 593
t 84 85 593
t 85 86 593
t 86 87 593
t 87 88 593
t 88 89 593
t 89 90 593
t 90 91 593
t 91 92 593
t 92 93 593
t 93 94 593
t 94 95 593
t 95 595 593
t 592 759 594
t 759 760 594
t 760 838 594
t 760 761 838
t 761 839 838
t 761 762 839
t 762 840 839
t 762 763 840
t 763 841 840
t 763 764 841
t 764 842 841
t 764 765 842
t 765 843 842
t 765 766 843
t 766 844 843
t 766 767 844
t 767 845 844
t 767 768 845
t 768 846 845
t 768 769 846
t 769 847 846
t 769 770 847
t 770 848 847
t 770 771 848
t 771 849 848
t 771 772 849
t 772 850 849
t 772 773 850
t 773 851 850
t 773 774 851
t 774 852 851
t 774 775 852
t 775 853 852
t 775 776 853
t 776 854 853
t 776 777 854
t 777 855 854
t 777 778 855
t 778 856 855
t 778 779 856
t 779 857 856
t 779 780 857
t 780 858 857
t 780 781 858
t 781 859 858
t 781 782 859
t 782 860 859
t 782 783 860
t 783 861 860
t 783 784 861
t 784 862 861
t 784 785 862
t 785 863 862
t 785 786 863
t 786 864 863
t 786 787 864
t 787 865 864
t 787 788 865
t 788 866 865
t 788 789 866
t 789 867 866
t 789 790 867
t 790 868 867
t 790 791 868
t 791 869 868
t 791 792 869
t 792 870 869
t 792 793 870
t 793 871 870
t 793 794 871
t 794 872 871
t 794 795 872
t 795 873 872
t 795 796 873
t 796 874 873
t 796 797 874
t 797 875 874
t 797 798 875
t 798 876 875
t 798 799 876
t 799 877 876
t 799 800 877
t 800 878 877
t 800 801 878
t 801 879 878
t 801 802 879
t 802 880 879
t 802 803 880
t 803 881 880
t 803 804 881
t 804 882 881
t 804 805 882
t 805 883 882
t 805 806 883
t 806 884 883
t 806 807 884
t 807 885 884
t 807 808 885
t 808 886 885
t 808 809 886
t 809 887 886
t 809 810 887
t 810 888 887
t 810 811 888
t 811 889 888
t 811 812 889
t 812 890 889
t 812 813 890
t 813 891 890
t 813 814 891
t 814 892 891
t 814 815 892
t 815 893 892
t 815 816 893
t 816 894 893
t 816 817 894
t 817 895 894
t 817 818 895
t 818 896 895
t 818 819 896
t 819 897 896
t 819 820 897
t 820 898 897
t 820 821 898
t 821 899 898
t 821 822 899
t 822 900 899
t 822 823 900
t 823 901 900
t 823 824 901
t 824 902 901
t 824 825 902
t 825 903 902
t 825 826 903
t 826 904 903
t 826 827 904
t 827 905 904
t 827 828 905
t 828 906 905
t 828 829 906
t 829 907 906
t 829 830 907
t 830 908 907
t 830 831 908
t 831 909 908
t 831 832 909
t 832 910 909
t 832 833 910
t 833 911 910
t 833 834 911
t 834 912 911
t 834 835 912
t 835 913 912
t 835 836 913
t 836 914 913
t 836 837 914
t 837 915 914
t 837 595 915
t 837 593 595
t 178 594 177
t 177 594 176
t 176 594 175
t 175 594 174
t 174 594 173
t 173 594 172
t 172 594 171
t 171 594 170
t 170 594 169
t 169 594 168
t 168 594 167
t 167 594 166
t 166 594 165
t 165 594 164
t 95 96 595
t 96 97 595
t 97 98 595
t 98 99 595
t 99 100 595
t 100 101 595
t 101 102 595
t 102 103 595
t 103 104 595
t 104 105 595
t 105 106 595
t 106 107 595
t 107 108 595
t 108 109 595
t 594 163 164
t 594 162 163
t 594 161 162
t 594 160 161
t 594 159 160
t 594 158 159
t 594 157 158
t 594 838 157
t 838 156 157
t 838 839 156
t 839 840 156
t 840 155 156
t 840 841 155
t 841 842 155
t 842 154 155
t 842 843 154
t 843 844 154
t 844 153 154
t 844 845 153
t 845 846 153
t 846 152 153
t 846 847 152
t 847 848 152
t 848 151 152
t 848 849 151
t 849 850 151
t 850 150 151
t 850 851 150
t 851 852 150
t 852 149 150
t 852 853 149
t 853 854 149
t 854 148 149
t 854 855 148
t 855 856 148
t 856 147 148
t 856 857 147
t 857 858 147
t 858 146 147
t 858 859 146
t 859 860 146
t 860 145 146
t 860 861 145
t 861 862 145
t 862 144 145
t 862 863 144
t 863 864 144
t 864 143 144
t 864 865 143
t 865 866 143
t 866 142 143
t 866 867 142
t 867 868 142
t 868 141 142
t 868 869 141
t 869 870 141
t 870 140 141
t 870 871 140
t 871 872 140
t 872 139 140
t 872 873 139
t 873 874 139
t 874 138 139
t 874 875 138
t 875 137 138
t 875 876 137
t 876 877 137
t 877 136 137
t 877 878 136
t 878 879 136
t 879 135 136
t 879 880 135
t 880 881 135
t 881 134 135
t 881 882 134
t 882 883 134
t 883 133 134
t 883 884 133
t 884 885 133
t 885 132 133
t 885 886 132
t 886 887 132
t 887 131 132
t 887 888 131
t 888 889 131
t 889 130 131
t 889 890 130
t 890 891 130
t 891 129 130
t 891 892 129
t 892 893 129
t 893 128 129
t 893 894 128
t 894 895 128
t 895 127 128
t 895 896 127
t 896 897 127
t 897 126 127
t 897 898 126
t 898 899 126
t 899 125 126
t 899 900 125
t 900 901 125
t 901 124 125
t 901 902 124
t 902 903 124
t 903 123 124
t 903 904 123
t 904 905 123
t 905 122 123
t 905 906 122
t 906 907 122
t 907 121 122
t 907 908 121
t 908 909 121
t 909 120 121
t 909 910 120
t 910 911 120
t 911 119 120
t 911 912 119
t 912 913 119
t 913 118 119
t 913 914 118
t 914 915 118
t 915 117 118
t 915 595 117
t 595 116 117
t 595 115 116
t 595 114 115
t 595 113 114
t 595 112 113
t 595 111 112
t 595 110 111
t 595 109 110
