type=Nurbs forward=false n_boundary=212 n_holes=0 n_interior=115 n_tris=303 label=brep62542_f89_Nurbs(deg=3/3, cps=9x17)
boundary
b 0.999999992 0.901460248
b 0.976003266 0.901235227
b 0.952031103 0.900973784
b 0.928082633 0.900680148
b 0.904157366 0.900358756
b 0.880255201 0.900014281
b 0.856376444 0.899651675
b 0.832522021 0.899275062
b 0.808694274 0.898882558
b 0.784896116 0.898470583
b 0.761130708 0.898036190
b 0.737401644 0.897577435
b 0.713714650 0.897098193
b 0.690077114 0.896608243
b 0.666491412 0.896119146
b 0.642957809 0.895642909
b 0.619477311 0.895191557
b 0.596051668 0.894777143
b 0.572683365 0.894411767
b 0.549377565 0.894105520
b 0.526163690 0.893846445
b 0.503090499 0.893615387
b 0.480214610 0.893405369
b 0.457605406 0.893228927
b 0.435344077 0.893114796
b 0.413520598 0.893104494
b 0.392187020 0.893226200
b 0.371358133 0.893489585
b 0.351050014 0.893904205
b 0.331281678 0.894480656
b 0.312075392 0.895231029
b 0.293456609 0.896169302
b 0.275443757 0.897310539
b 0.258044590 0.898668358
b 0.241266548 0.900254638
b 0.225119036 0.902081772
b 0.209612821 0.904162150
b 0.194758048 0.906506203
b 0.180555678 0.909127977
b 0.166990215 0.912045325
b 0.154039837 0.915269778
b 0.141677861 0.918806430
b 0.129873473 0.922654963
b 0.118592737 0.926811005
b 0.107794103 0.931280229
b 0.097417876 0.936087593
b 0.087391876 0.941248513
b 0.077634275 0.946766801
b 0.068055319 0.952636611
b 0.058559500 0.958844793
b 0.049062552 0.965361589
b 0.039518053 0.972118545
b 0.029883126 0.979037856
b 0.020113334 0.986041101
b 0.010165423 0.993052153
b -0.000000000 1.000000000
b 0.004372853 0.991151906
b 0.008926828 0.982638903
b 0.013556788 0.974386046
b 0.018154073 0.966316093
b 0.022609627 0.958341327
b 0.026818329 0.950286874
b 0.030674057 0.941932202
b 0.034070167 0.933056543
b 0.036908739 0.923450513
b 0.039175737 0.913022065
b 0.040935319 0.901786737
b 0.042265520 0.889774085
b 0.043255884 0.877023941
b 0.044008156 0.863613476
b 0.044621241 0.849660013
b 0.045189177 0.835277588
b 0.045805219 0.820576477
b 0.046531742 0.805623973
b 0.047338059 0.790363825
b 0.048182424 0.774722720
b 0.049034713 0.758638320
b 0.049868500 0.742054630
b 0.050625066 0.724906783
b 0.051252437 0.707146537
b 0.051718156 0.688745147
b 0.052010283 0.669692696
b 0.052158547 0.650003997
b 0.052228054 0.629713164
b 0.052296796 0.608858720
b 0.052427530 0.587444844
b 0.052642028 0.565466880
b 0.052914670 0.542930973
b 0.053224130 0.519846073
b 0.053557721 0.496222921
b 0.053945538 0.472156778
b 0.054471686 0.447930440
b 0.055151569 0.423810755
b 0.055921721 0.400028213
b 0.056676593 0.376756245
b 0.057404684 0.353991463
b 0.058124901 0.331685944
b 0.058860105 0.309800012
b 0.059635055 0.288288842
b 0.060444892 0.266992493
b 0.061304184 0.245691782
b 0.062247086 0.224170427
b 0.063285351 0.202201531
b 0.064407689 0.179633831
b 0.065574486 0.156398067
b 0.066769395 0.132428973
b 0.067983988 0.107653327
b 0.069189384 0.082018647
b 0.070307651 0.055530026
b 0.071238713 0.028193091
b 0.071867309 0.000001191
b 0.091614781 0.000000327
b 0.111362288 0.000000329
b 0.131109796 0.000000332
b 0.150857304 0.000000333
b 0.170604811 0.000000335
b 0.190352319 0.000000335
b 0.210099827 0.000000336
b 0.229847335 0.000000337
b 0.249594843 0.000000338
b 0.269342351 0.000000340
b 0.289089859 0.000000343
b 0.308837366 0.000000346
b 0.328584872 0.000000349
b 0.348332379 0.000000352
b 0.368079884 0.000000355
b 0.387827389 0.000000357
b 0.407574895 0.000000358
b 0.427322400 0.000000358
b 0.447069905 0.000000358
b 0.466817410 0.000000359
b 0.486564916 0.000000359
b 0.506312421 0.000000361
b 0.526059927 0.000000364
b 0.545807432 0.000000368
b 0.565554937 0.000000373
b 0.585302441 0.000000377
b 0.605049945 0.000000381
b 0.624797449 0.000000384
b 0.644544952 0.000000386
b 0.664292455 0.000000388
b 0.684039958 0.000000388
b 0.703787462 0.000000389
b 0.723534966 0.000000390
b 0.743282470 0.000000392
b 0.763029974 0.000000395
b 0.782777478 0.000000400
b 0.802524982 0.000000405
b 0.822272485 0.000000410
b 0.842019987 0.000000414
b 0.861767489 0.000000417
b 0.881514991 0.000000420
b 0.901262492 0.000000423
b 0.921009994 0.000000425
b 0.940757495 0.000000427
b 0.960504997 0.000000430
b 0.980252498 0.000000433
b 1.000000000 0.000000000
b 1.000000000 0.016390138
b 1.000000000 0.032780276
b 1.000000000 0.049170414
b 1.000000000 0.065560552
b 1.000000000 0.081950690
b 1.000000000 0.098340829
b 1.000000000 0.114730967
b 1.000000000 0.131121105
b 1.000000000 0.147511243
b 1.000000000 0.163901381
b 1.000000000 0.180291519
b 1.000000000 0.196681657
b 1.000000000 0.213071795
b 1.000000000 0.229461933
b 1.000000000 0.245852071
b 1.000000000 0.262242209
b 1.000000000 0.278632348
b 1.000000000 0.295022486
b 1.000000000 0.311412624
b 1.000000000 0.327802762
b 1.000000000 0.344192900
b 1.000000000 0.360583038
b 1.000000000 0.376973176
b 1.000000000 0.393363314
b 1.000000000 0.409753452
b 1.000000000 0.426143590
b 1.000000000 0.442533728
b 1.000000000 0.458923865
b 1.000000000 0.475314003
b 1.000000000 0.491704142
b 1.000000000 0.508094282
b 1.000000000 0.524484423
b 0.999999999 0.540874565
b 0.999999999 0.557264707
b 0.999999998 0.573654848
b 0.999999998 0.590044988
b 0.999999999 0.606435122
b 1.000000000 0.622825250
b 1.000000001 0.639215367
b 1.000000004 0.655605476
b 1.000000006 0.671995582
b 1.000000007 0.688385691
b 1.000000007 0.704775813
b 1.000000006 0.721165959
b 1.000000003 0.737556144
b 0.999999999 0.753946382
b 0.999999993 0.770336660
b 0.999999991 0.786726889
b 0.999999995 0.803116946
b 1.000000005 0.819506692
b 1.000000014 0.835896237
b 1.000000014 0.852286063
b 1.000000005 0.868676749
b 0.999999994 0.885068742
interior
i 0.125000002 0.125000000
i 0.250000003 0.125000000
i 0.375000005 0.125000000
i 0.500000007 0.125000000
i 0.625000009 0.125000000
i 0.750000010 0.125000000
i 0.875000012 0.125000000
i 0.125000002 0.250000000
i 0.250000003 0.250000000
i 0.375000005 0.250000000
i 0.500000007 0.250000000
i 0.625000009 0.250000000
i 0.750000010 0.250000000
i 0.875000012 0.250000000
i 0.125000002 0.375000000
i 0.250000003 0.375000000
i 0.375000005 0.375000000
i 0.500000007 0.375000000
i 0.625000009 0.375000000
i 0.750000010 0.375000000
i 0.875000012 0.375000000
i 0.125000002 0.500000000
i 0.250000003 0.500000000
i 0.375000005 0.500000000
i 0.500000007 0.500000000
i 0.625000009 0.500000000
i 0.750000010 0.500000000
i 0.875000012 0.500000000
i 0.125000002 0.625000000
i 0.250000003 0.625000000
i 0.375000005 0.625000000
i 0.500000007 0.625000000
i 0.625000009 0.625000000
i 0.750000010 0.625000000
i 0.875000012 0.625000000
i 0.125000002 0.750000000
i 0.250000003 0.750000000
i 0.375000005 0.750000000
i 0.500000007 0.750000000
i 0.625000009 0.750000000
i 0.750000010 0.750000000
i 0.875000012 0.750000000
i 0.125000002 0.875000000
i 0.250000003 0.875000000
i 0.375000005 0.875000000
i 0.500000007 0.875000000
i 0.625000009 0.875000000
i 0.750000010 0.875000000
i 0.875000012 0.875000000
i 0.062500001 0.312500000
i 0.062500001 0.437500000
i 0.062500001 0.812500000
i 0.062500001 0.937500000
i 0.093750001 0.906250000
i 0.031250000 0.968750000
i 0.187500003 0.062500000
i 0.187500003 0.187500000
i 0.187500003 0.312500000
i 0.187500003 0.437500000
i 0.187500003 0.812500000
i 0.312500004 0.062500000
i 0.312500004 0.187500000
i 0.312500004 0.312500000
i 0.312500004 0.437500000
i 0.312500004 0.562500000
i 0.312500004 0.687500000
i 0.312500004 0.812500000
i 0.281250004 0.781250000
i 0.343750005 0.781250000
i 0.281250004 0.843750000
i 0.343750005 0.843750000
i 0.437500006 0.187500000
i 0.437500006 0.312500000
i 0.437500006 0.437500000
i 0.437500006 0.562500000
i 0.437500006 0.687500000
i 0.437500006 0.812500000
i 0.406250006 0.781250000
i 0.468750006 0.781250000
i 0.406250006 0.843750000
i 0.468750006 0.843750000
i 0.562500008 0.312500000
i 0.562500008 0.437500000
i 0.562500008 0.562500000
i 0.562500008 0.687500000
i 0.562500008 0.812500000
i 0.531250007 0.781250000
i 0.593750008 0.781250000
i 0.531250007 0.843750000
i 0.593750008 0.843750000
i 0.687500009 0.312500000
i 0.687500009 0.437500000
i 0.687500009 0.562500000
i 0.687500009 0.687500000
i 0.687500009 0.812500000
i 0.656250009 0.781250000
i 0.718750010 0.781250000
i 0.656250009 0.843750000
i 0.718750010 0.843750000
i 0.812500011 0.437500000
i 0.812500011 0.562500000
i 0.812500011 0.687500000
i 0.812500011 0.812500000
i 0.781250011 0.781250000
i 0.843750012 0.781250000
i 0.781250011 0.843750000
i 0.843750012 0.843750000
i 0.937500013 0.437500000
i 0.937500013 0.562500000
i 0.937500013 0.687500000
i 0.937500013 0.812500000
i 0.906250012 0.781250000
i 0.968750013 0.781250000
i 0.906250012 0.843750000
i 0.968750013 0.843750000
tris
t 325 326 0
t 0 1 2
t 2 3 4
t 4 5 6
t 6 7 8
t 8 9 10
t 10 11 12
t 51 52 53
t 53 54 55
t 55 56 57
t 57 58 59
t 70 71 72
t 72 73 74
t 83 84 85
t 85 86 87
t 87 88 89
t 89 90 91
t 91 92 93
t 94 95 96
t 96 97 98
t 98 99 100
t 100 101 102
t 102 103 104
t 109 110 111
t 156 157 158
t 210 211 212
t 217 218 219
t 245 246 247
t 277 278 279
t 279 280 281
t 287 288 289
t 289 290 291
t 292 293 294
t 296 297 298
t 298 299 300
t 301 302 303
t 305 306 307
t 307 308 309
t 313 314 315
t 315 316 317
t 318 319 320
t 321 322 323
t 323 324 325
t 325 0 2
t 2 4 6
t 6 8 10
t 12 13 10
t 13 14 10
t 51 53 55
t 55 57 59
t 70 72 74
t 82 83 85
t 85 87 89
t 89 91 93
t 94 96 98
t 98 100 102
t 108 109 111
t 158 159 156
t 159 160 156
t 216 217 219
t 244 245 247
t 276 277 279
t 286 287 289
t 295 296 298
t 304 305 307
t 312 313 315
t 318 320 321
t 325 2 6
t 6 10 14
t 50 51 55
t 55 59 60
t 69 70 74
t 82 85 89
t 89 93 94
t 94 98 102
t 107 108 111
t 152 153 160
t 153 154 160
t 154 155 160
t 155 156 160
t 238 239 240
t 243 244 247
t 275 276 279
t 285 286 289
t 294 295 298
t 303 304 307
t 311 312 315
t 318 321 323
t 6 14 15
t 50 55 60
t 69 74 75
t 81 82 89
t 89 94 102
t 106 107 111
t 151 152 160
t 205 206 212
t 206 207 212
t 207 208 212
t 208 209 212
t 209 210 212
t 231 232 233
t 237 238 240
t 242 243 247
t 274 275 279
t 282 283 284
t 284 285 289
t 318 323 325
t 6 15 16
t 49 50 60
t 69 75 76
t 81 89 102
t 105 106 111
t 150 151 160
t 204 205 212
t 224 225 226
t 230 231 233
t 236 237 240
t 241 242 247
t 273 274 279
t 48 49 60
t 69 76 77
t 80 81 102
t 104 105 111
t 149 150 160
t 215 216 219
t 223 224 226
t 229 230 233
t 235 236 240
t 240 241 247
t 272 273 279
t 47 48 60
t 80 102 104
t 104 111 112
t 160 161 149
t 161 162 149
t 162 163 149
t 163 164 149
t 164 165 149
t 165 166 149
t 166 167 149
t 167 168 149
t 168 169 149
t 169 170 149
t 214 215 219
t 222 223 226
t 228 229 233
t 234 235 240
t 46 47 60
t 79 80 104
t 104 112 113
t 138 139 170
t 139 140 170
t 140 141 170
t 141 142 170
t 142 143 170
t 143 144 170
t 144 145 170
t 145 146 170
t 146 147 170
t 147 148 170
t 148 149 170
t 192 193 212
t 193 194 212
t 194 195 212
t 195 196 212
t 196 197 212
t 197 198 212
t 198 199 212
t 199 200 212
t 200 201 212
t 201 202 212
t 202 203 212
t 203 204 212
t 221 222 226
t 233 234 240
t 45 46 60
t 113 114 104
t 114 115 104
t 115 116 104
t 116 117 104
t 117 118 104
t 118 119 104
t 119 120 104
t 120 121 104
t 121 122 104
t 122 123 104
t 123 124 104
t 124 125 104
t 170 171 138
t 171 172 138
t 172 173 138
t 173 174 138
t 174 175 138
t 175 176 138
t 176 177 138
t 177 178 138
t 178 179 138
t 179 180 138
t 180 181 138
t 181 182 138
t 182 183 138
t 183 184 138
t 184 185 138
t 185 186 138
t 186 187 138
t 187 188 138
t 188 189 138
t 189 190 138
t 190 191 138
t 191 192 138
t 192 212 213
t 44 45 60
t 125 126 104
t 126 127 104
t 127 128 104
t 128 129 104
t 129 130 104
t 130 131 104
t 131 132 104
t 132 133 104
t 133 134 104
t 134 135 104
t 135 136 104
t 136 137 104
t 137 138 104
t 138 192 213
t 43 44 60
t 104 138 213
t 42 43 60
t 104 213 214
t 42 60 61
t 41 42 61
t 40 41 61
t 40 61 62
t 104 214 219
t 219 221 226
t 226 228 233
t 271 272 279
t 282 284 289
t 292 294 298
t 301 303 307
t 310 311 315
t 39 40 62
t 104 219 226
t 271 279 281
t 282 289 291
t 292 298 300
t 301 307 309
t 310 315 317
t 39 62 63
t 104 226 233
t 264 266 267
t 38 39 63
t 104 233 247
t 37 38 63
t 37 63 64
t 36 37 64
t 35 36 64
t 35 64 65
t 34 35 65
t 33 34 65
t 32 33 65
t 32 65 66
t 31 32 66
t 30 31 66
t 29 30 66
t 28 29 66
t 28 66 67
t 27 28 67
t 26 27 67
t 25 26 67
t 24 25 67
t 23 24 67
t 22 23 67
t 22 67 68
t 21 22 68
t 20 21 68
t 19 20 68
t 18 19 68
t 17 18 68
t 16 17 68
t 6 16 68
t 79 261 264
t 264 267 271
t 317 325 6
t 6 68 69
t 78 79 264
t 264 271 281
t 310 317 6
t 77 78 264
t 264 281 282
t 309 310 6
t 69 77 264
t 264 282 291
t 301 309 6
t 264 291 292
t 300 301 6
t 264 292 300
t 300 6 69
t 261 79 104
t 247 253 254
t 260 261 104
t 104 247 254
