type=Nurbs forward=false n_boundary=141 n_holes=0 n_interior=218 n_tris=669 label=brep62542_f194_Nurbs(deg=3/3, cps=4x12)
boundary
b 0.125310957 -0.000017461
b 0.152879075 -0.000017461
b 0.180060288 -0.000017461
b 0.206889702 -0.000017461
b 0.233400818 -0.000017461
b 0.259625707 -0.000017461
b 0.285595174 -0.000017461
b 0.311338914 -0.000017461
b 0.336885655 -0.000017461
b 0.362263289 -0.000017461
b 0.387498996 -0.000017461
b 0.412619371 -0.000017461
b 0.437650529 -0.000017461
b 0.462618221 -0.000017461
b 0.487547939 -0.000017461
b 0.512465021 -0.000017461
b 0.537394753 -0.000017461
b 0.562362471 -0.000017461
b 0.587393669 -0.000017461
b 0.612514096 -0.000017461
b 0.637749871 -0.000017461
b 0.663127584 -0.000017461
b 0.688674420 -0.000017461
b 0.714418270 -0.000017461
b 0.740387862 -0.000017461
b 0.766612890 -0.000017461
b 0.793124163 -0.000017461
b 0.819953751 -0.000017461
b 0.847135155 -0.000017461
b 0.874703483 -0.000017461
b 0.902695637 0.000000000
b 0.902351495 0.014264240
b 0.901339167 0.028575872
b 0.899666533 0.042937683
b 0.897339461 0.057353409
b 0.894361434 0.071827696
b 0.890733222 0.086366052
b 0.886452596 0.100974796
b 0.881514091 0.115661005
b 0.875916348 0.130431798
b 0.869677903 0.145292817
b 0.862818853 0.160251017
b 0.855356026 0.175315344
b 0.847302521 0.190496686
b 0.838667340 0.205807826
b 0.829455107 0.221263410
b 0.819665900 0.236879844
b 0.809302696 0.252668783
b 0.798381566 0.268630580
b 0.786920466 0.284765997
b 0.774936889 0.301077929
b 0.762447212 0.317571497
b 0.749466123 0.334254124
b 0.736006111 0.351135589
b 0.722077088 0.368227897
b 0.707688048 0.385538040
b 0.692849780 0.403064655
b 0.677573787 0.420807184
b 0.661871595 0.438766764
b 0.645754184 0.456946352
b 0.629231452 0.475350825
b 0.612311723 0.493987050
b 0.595001382 0.512863426
b 0.577305532 0.531980705
b 0.559229603 0.551332256
b 0.540779685 0.570912169
b 0.521961926 0.590715729
b 0.502781919 0.610739552
b 0.483244083 0.630981706
b 0.463351104 0.651441782
b 0.443103660 0.672119836
b 0.422503138 0.693005999
b 0.401553244 0.714084455
b 0.380259061 0.735339823
b 0.358626337 0.756757418
b 0.336660779 0.778323402
b 0.314367386 0.800024902
b 0.291749811 0.821850094
b 0.268807517 0.843788738
b 0.245524155 0.865833896
b 0.221877235 0.887979425
b 0.197843400 0.910219106
b 0.173398040 0.932546783
b 0.148514877 0.954956499
b 0.123165524 0.977442629
b 0.097319023 1.000000000
b 0.097318639 0.977454633
b 0.097317403 0.954980422
b 0.097315454 0.932582658
b 0.097313131 0.910266936
b 0.097310803 0.888039087
b 0.097308694 0.865905114
b 0.097306705 0.843871117
b 0.097304243 0.821943216
b 0.097300796 0.800128506
b 0.097297496 0.778437441
b 0.097295918 0.756881991
b 0.097297422 0.735475079
b 0.097302709 0.714230470
b 0.097311362 0.693162642
b 0.097321394 0.672286640
b 0.097328834 0.651617846
b 0.097330546 0.631166124
b 0.097327902 0.610932061
b 0.097322888 0.590916518
b 0.097317376 0.571121594
b 0.097312866 0.551550531
b 0.097310214 0.532207608
b 0.097309353 0.513098024
b 0.097309061 0.494227544
b 0.097308102 0.475596114
b 0.097306517 0.457197281
b 0.097304760 0.439025488
b 0.097303484 0.421076432
b 0.097303380 0.403346993
b 0.097304996 0.385835163
b 0.097308557 0.368539965
b 0.097313686 0.351460924
b 0.097318652 0.334591896
b 0.097321767 0.317922660
b 0.097322356 0.301443940
b 0.097320672 0.285147524
b 0.097317778 0.269026256
b 0.097315417 0.253074020
b 0.097315865 0.237285720
b 0.097321183 0.221656666
b 0.097328769 0.206177701
b 0.097334733 0.190837415
b 0.097336789 0.175624931
b 0.097334222 0.160529988
b 0.097327825 0.145542984
b 0.097319819 0.130655030
b 0.097313760 0.115857997
b 0.097313243 0.101144538
b 0.097316440 0.086508194
b 0.097320404 0.071943034
b 0.097323252 0.057443420
b 0.097324098 0.043004047
b 0.097322971 0.028619978
b 0.097320739 0.014286668
b 0.097319023 0.000000000
interior
i 0.197970883 0.124984721
i 0.298645848 0.124984721
i 0.399320813 0.124984721
i 0.499995778 0.124984721
i 0.600670743 0.124984721
i 0.701345707 0.124984721
i 0.802020672 0.124984721
i 0.197970883 0.249986904
i 0.298645848 0.249986904
i 0.399320813 0.249986904
i 0.499995778 0.249986904
i 0.600670743 0.249986904
i 0.701345707 0.249986904
i 0.802020672 0.249986904
i 0.197970883 0.374989087
i 0.298645848 0.374989087
i 0.399320813 0.374989087
i 0.499995778 0.374989087
i 0.600670743 0.374989087
i 0.701345707 0.374989087
i 0.197970883 0.499991269
i 0.298645848 0.499991269
i 0.399320813 0.499991269
i 0.499995778 0.499991269
i 0.600670743 0.499991269
i 0.197970883 0.624993452
i 0.298645848 0.624993452
i 0.399320813 0.624993452
i 0.197970883 0.749995635
i 0.298645848 0.749995635
i 0.197970883 0.874997817
i 0.147633400 0.062483630
i 0.122464659 0.031233084
i 0.172802141 0.031233084
i 0.122464659 0.093734176
i 0.172802141 0.093734176
i 0.147633400 0.187485813
i 0.122464659 0.156235267
i 0.172802141 0.156235267
i 0.122464659 0.218736358
i 0.172802141 0.218736358
i 0.147633400 0.312487995
i 0.122464659 0.281237450
i 0.172802141 0.281237450
i 0.122464659 0.343738541
i 0.172802141 0.343738541
i 0.147633400 0.437490178
i 0.122464659 0.406239632
i 0.172802141 0.406239632
i 0.122464659 0.468740724
i 0.172802141 0.468740724
i 0.147633400 0.562492361
i 0.122464659 0.531241815
i 0.172802141 0.531241815
i 0.122464659 0.593742906
i 0.172802141 0.593742906
i 0.147633400 0.687494543
i 0.122464659 0.656243998
i 0.172802141 0.656243998
i 0.122464659 0.718745089
i 0.172802141 0.718745089
i 0.147633400 0.812496726
i 0.122464659 0.781246180
i 0.172802141 0.781246180
i 0.122464659 0.843747272
i 0.172802141 0.843747272
i 0.147633400 0.937498909
i 0.122464659 0.906248363
i 0.172802141 0.906248363
i 0.122464659 0.968749454
i 0.248308365 0.062483630
i 0.223139624 0.031233084
i 0.273477106 0.031233084
i 0.223139624 0.093734176
i 0.273477106 0.093734176
i 0.248308365 0.187485813
i 0.223139624 0.156235267
i 0.273477106 0.156235267
i 0.223139624 0.218736358
i 0.273477106 0.218736358
i 0.248308365 0.312487995
i 0.223139624 0.281237450
i 0.273477106 0.281237450
i 0.223139624 0.343738541
i 0.273477106 0.343738541
i 0.248308365 0.437490178
i 0.223139624 0.406239632
i 0.273477106 0.406239632
i 0.223139624 0.468740724
i 0.273477106 0.468740724
i 0.248308365 0.562492361
i 0.223139624 0.531241815
i 0.273477106 0.531241815
i 0.223139624 0.593742906
i 0.273477106 0.593742906
i 0.248308365 0.687494543
i 0.223139624 0.656243998
i 0.273477106 0.656243998
i 0.223139624 0.718745089
i 0.273477106 0.718745089
i 0.248308365 0.812496726
i 0.223139624 0.781246180
i 0.273477106 0.781246180
i 0.223139624 0.843747272
i 0.273477106 0.843747272
i 0.348983330 0.062483630
i 0.323814589 0.031233084
i 0.374152071 0.031233084
i 0.323814589 0.093734176
i 0.374152071 0.093734176
i 0.348983330 0.187485813
i 0.323814589 0.156235267
i 0.374152071 0.156235267
i 0.323814589 0.218736358
i 0.374152071 0.218736358
i 0.348983330 0.312487995
i 0.323814589 0.281237450
i 0.374152071 0.281237450
i 0.323814589 0.343738541
i 0.374152071 0.343738541
i 0.348983330 0.437490178
i 0.323814589 0.406239632
i 0.374152071 0.406239632
i 0.323814589 0.468740724
i 0.374152071 0.468740724
i 0.348983330 0.562492361
i 0.323814589 0.531241815
i 0.374152071 0.531241815
i 0.323814589 0.593742906
i 0.374152071 0.593742906
i 0.348983330 0.687494543
i 0.323814589 0.656243998
i 0.374152071 0.656243998
i 0.323814589 0.718745089
i 0.374152071 0.718745089
i 0.449658295 0.062483630
i 0.424489554 0.031233084
i 0.474827036 0.031233084
i 0.424489554 0.093734176
i 0.474827036 0.093734176
i 0.449658295 0.187485813
i 0.424489554 0.156235267
i 0.474827036 0.156235267
i 0.424489554 0.218736358
i 0.474827036 0.218736358
i 0.449658295 0.312487995
i 0.424489554 0.281237450
i 0.474827036 0.281237450
i 0.424489554 0.343738541
i 0.474827036 0.343738541
i 0.449658295 0.437490178
i 0.424489554 0.406239632
i 0.474827036 0.406239632
i 0.424489554 0.468740724
i 0.474827036 0.468740724
i 0.449658295 0.562492361
i 0.424489554 0.531241815
i 0.474827036 0.531241815
i 0.424489554 0.593742906
i 0.474827036 0.593742906
i 0.550333260 0.062483630
i 0.525164519 0.031233084
i 0.575502001 0.031233084
i 0.525164519 0.093734176
i 0.575502001 0.093734176
i 0.550333260 0.187485813
i 0.525164519 0.156235267
i 0.575502001 0.156235267
i 0.525164519 0.218736358
i 0.575502001 0.218736358
i 0.550333260 0.312487995
i 0.525164519 0.281237450
i 0.575502001 0.281237450
i 0.525164519 0.343738541
i 0.575502001 0.343738541
i 0.550333260 0.437490178
i 0.525164519 0.406239632
i 0.575502001 0.406239632
i 0.525164519 0.468740724
i 0.575502001 0.468740724
i 0.651008225 0.062483630
i 0.625839484 0.031233084
i 0.676176966 0.031233084
i 0.625839484 0.093734176
i 0.676176966 0.093734176
i 0.651008225 0.187485813
i 0.625839484 0.156235267
i 0.676176966 0.156235267
i 0.625839484 0.218736358
i 0.676176966 0.218736358
i 0.651008225 0.312487995
i 0.625839484 0.281237450
i 0.676176966 0.281237450
i 0.625839484 0.343738541
i 0.676176966 0.343738541
i 0.651008225 0.437490178
i 0.625839484 0.406239632
i 0.676176966 0.406239632
i 0.625839484 0.468740724
i 0.751683190 0.062483630
i 0.726514449 0.031233084
i 0.776851931 0.031233084
i 0.726514449 0.093734176
i 0.776851931 0.093734176
i 0.751683190 0.187485813
i 0.726514449 0.156235267
i 0.776851931 0.156235267
i 0.726514449 0.218736358
i 0.776851931 0.218736358
i 0.751683190 0.312487995
i 0.726514449 0.281237450
i 0.776851931 0.281237450
i 0.726514449 0.343738541
i 0.852358155 0.062483630
i 0.827189414 0.031233084
i 0.877526896 0.031233084
i 0.827189414 0.093734176
i 0.877526896 0.093734176
tris
t 0 139 140
t 0 138 139
t 0 137 138
t 0 136 137
t 0 135 136
t 0 134 135
t 0 133 134
t 0 132 133
t 0 131 132
t 0 130 131
t 0 129 130
t 29 30 31
t 29 31 32
t 29 32 33
t 29 33 34
t 29 34 35
t 29 35 36
t 29 36 37
t 29 37 38
t 29 38 39
t 29 39 40
t 29 40 41
t 0 359 129
t 0 360 359
t 0 361 360
t 0 362 361
t 0 1 362
t 1 363 362
t 1 364 363
t 1 2 364
t 2 365 364
t 2 366 365
t 2 3 366
t 3 367 366
t 3 368 367
t 3 4 368
t 4 369 368
t 4 370 369
t 4 5 370
t 5 371 370
t 5 372 371
t 5 6 372
t 6 373 372
t 6 374 373
t 6 7 374
t 7 375 374
t 7 376 375
t 7 377 376
t 7 8 377
t 8 378 377
t 8 379 378
t 8 9 379
t 9 380 379
t 9 381 380
t 9 10 381
t 10 382 381
t 10 383 382
t 10 11 383
t 11 384 383
t 11 385 384
t 11 12 385
t 12 386 385
t 12 387 386
t 12 13 387
t 13 388 387
t 13 389 388
t 13 390 389
t 13 14 390
t 14 391 390
t 14 392 391
t 14 15 392
t 15 393 392
t 15 394 393
t 15 16 394
t 16 395 394
t 16 396 395
t 16 397 396
t 16 17 397
t 17 398 397
t 17 399 398
t 17 18 399
t 18 400 399
t 18 401 400
t 18 402 401
t 18 19 402
t 19 403 402
t 19 404 403
t 19 20 404
t 20 405 404
t 20 406 405
t 20 407 406
t 20 21 407
t 21 408 407
t 21 409 408
t 21 22 409
t 22 410 409
t 22 411 410
t 22 412 411
t 22 23 412
t 23 413 412
t 23 414 413
t 23 415 414
t 23 24 415
t 24 416 415
t 24 417 416
t 24 418 417
t 24 25 418
t 25 419 418
t 25 420 419
t 25 421 420
t 25 26 421
t 26 422 421
t 26 423 422
t 26 424 423
t 26 425 424
t 26 27 425
t 27 426 425
t 27 427 426
t 27 428 427
t 27 28 428
t 28 429 428
t 28 430 429
t 28 431 430
t 28 41 431
t 28 29 41
t 129 127 128
t 129 126 127
t 129 125 126
t 129 124 125
t 129 123 124
t 129 122 123
t 129 121 122
t 129 120 121
t 129 119 120
t 41 42 43
t 41 43 44
t 41 44 45
t 41 45 46
t 41 46 47
t 41 47 48
t 41 48 49
t 41 49 50
t 41 50 51
t 129 432 119
t 129 433 432
t 129 434 433
t 129 435 434
t 129 436 435
t 129 437 436
t 129 359 437
t 359 438 437
t 359 360 438
t 360 439 438
t 360 361 439
t 361 440 439
t 361 362 440
t 362 441 440
t 362 363 441
t 363 442 441
t 363 364 442
t 364 443 442
t 364 365 443
t 365 444 443
t 365 366 444
t 366 445 444
t 366 367 445
t 367 446 445
t 367 368 446
t 368 447 446
t 368 369 447
t 369 448 447
t 369 370 448
t 370 449 448
t 370 371 449
t 371 450 449
t 371 372 450
t 372 451 450
t 372 373 451
t 373 452 451
t 373 374 452
t 374 453 452
t 374 375 453
t 375 454 453
t 375 376 454
t 376 455 454
t 376 377 455
t 377 456 455
t 377 378 456
t 378 457 456
t 378 379 457
t 379 458 457
t 379 380 458
t 380 459 458
t 380 381 459
t 381 460 459
t 381 382 460
t 382 461 460
t 382 383 461
t 383 462 461
t 383 384 462
t 384 463 462
t 384 385 463
t 385 464 463
t 385 386 464
t 386 465 464
t 386 387 465
t 387 466 465
t 387 388 466
t 388 467 466
t 388 389 467
t 389 468 467
t 389 390 468
t 390 469 468
t 390 391 469
t 391 470 469
t 391 392 470
t 392 471 470
t 392 393 471
t 393 472 471
t 393 394 472
t 394 473 472
t 394 395 473
t 395 474 473
t 395 396 474
t 396 475 474
t 396 397 475
t 397 476 475
t 397 398 476
t 398 477 476
t 398 399 477
t 399 478 477
t 399 400 478
t 400 479 478
t 400 401 479
t 401 480 479
t 401 402 480
t 402 481 480
t 402 403 481
t 403 482 481
t 403 404 482
t 404 483 482
t 404 405 483
t 405 484 483
t 405 406 484
t 406 485 484
t 406 407 485
t 407 486 485
t 407 408 486
t 408 487 486
t 408 409 487
t 409 488 487
t 409 410 488
t 410 489 488
t 410 411 489
t 411 490 489
t 411 412 490
t 412 491 490
t 412 413 491
t 413 492 491
t 413 414 492
t 414 493 492
t 414 415 493
t 415 494 493
t 415 416 494
t 416 495 494
t 416 417 495
t 417 496 495
t 417 418 496
t 418 51 496
t 418 419 51
t 419 420 51
t 420 421 51
t 421 422 51
t 422 423 51
t 423 424 51
t 424 425 51
t 425 426 51
t 426 427 51
t 427 428 51
t 428 429 51
t 429 430 51
t 430 431 51
t 431 41 51
t 119 117 118
t 119 116 117
t 119 115 116
t 119 114 115
t 119 113 114
t 119 112 113
t 119 111 112
t 119 110 111
t 119 109 110
t 51 52 53
t 51 53 54
t 51 54 55
t 51 55 56
t 51 56 57
t 51 57 58
t 51 58 59
t 51 59 60
t 51 60 61
t 119 497 109
t 119 498 497
t 119 499 498
t 119 500 499
t 119 501 500
t 119 502 501
t 119 503 502
t 119 504 503
t 119 505 504
t 119 506 505
t 119 507 506
t 119 432 507
t 432 508 507
t 432 433 508
t 433 509 508
t 433 434 509
t 434 510 509
t 434 435 510
t 435 511 510
t 435 436 511
t 436 512 511
t 436 437 512
t 437 513 512
t 437 438 513
t 438 514 513
t 438 439 514
t 439 515 514
t 439 440 515
t 440 516 515
t 440 441 516
t 441 517 516
t 441 442 517
t 442 518 517
t 442 443 518
t 443 519 518
t 443 444 519
t 444 520 519
t 444 445 520
t 445 521 520
t 445 446 521
t 446 522 521
t 446 447 522
t 447 523 522
t 447 448 523
t 448 524 523
t 448 449 524
t 449 525 524
t 449 450 525
t 450 526 525
t 450 451 526
t 451 527 526
t 451 452 527
t 452 528 527
t 452 453 528
t 453 529 528
t 453 454 529
t 454 530 529
t 454 455 530
t 455 531 530
t 455 456 531
t 456 532 531
t 456 457 532
t 457 533 532
t 457 458 533
t 458 534 533
t 458 459 534
t 459 535 534
t 459 460 535
t 460 536 535
t 460 461 536
t 461 537 536
t 461 462 537
t 462 538 537
t 462 463 538
t 463 539 538
t 463 464 539
t 464 540 539
t 464 465 540
t 465 541 540
t 465 466 541
t 466 542 541
t 466 467 542
t 467 543 542
t 467 468 543
t 468 544 543
t 468 469 544
t 469 545 544
t 469 470 545
t 470 546 545
t 470 471 546
t 471 547 546
t 471 472 547
t 472 548 547
t 472 473 548
t 473 549 548
t 473 474 549
t 474 550 549
t 474 475 550
t 475 551 550
t 475 476 551
t 476 552 551
t 476 477 552
t 477 553 552
t 477 478 553
t 478 554 553
t 478 479 554
t 479 555 554
t 479 480 555
t 480 556 555
t 480 481 556
t 481 61 556
t 481 482 61
t 482 483 61
t 483 484 61
t 484 485 61
t 485 486 61
t 486 487 61
t 487 488 61
t 488 489 61
t 489 490 61
t 490 491 61
t 491 492 61
t 492 493 61
t 493 494 61
t 494 495 61
t 495 496 61
t 496 51 61
t 109 107 108
t 109 106 107
t 109 105 106
t 109 104 105
t 109 103 104
t 109 102 103
t 109 101 102
t 61 62 63
t 61 63 64
t 61 64 65
t 61 65 66
t 61 66 67
t 61 67 68
t 61 68 69
t 109 497 101
t 497 498 101
t 498 499 101
t 499 500 101
t 500 501 101
t 501 502 101
t 502 503 101
t 503 504 101
t 504 505 101
t 505 506 101
t 506 507 101
t 507 508 101
t 508 509 101
t 509 510 101
t 510 511 101
t 511 512 101
t 512 557 101
t 512 513 557
t 513 558 557
t 513 514 558
t 514 559 558
t 514 515 559
t 515 560 559
t 515 516 560
t 516 561 560
t 516 517 561
t 517 562 561
t 517 518 562
t 518 563 562
t 518 519 563
t 519 564 563
t 519 520 564
t 520 565 564
t 520 521 565
t 521 566 565
t 521 522 566
t 522 567 566
t 522 523 567
t 523 568 567
t 523 524 568
t 524 569 568
t 524 525 569
t 525 570 569
t 525 526 570
t 526 571 570
t 526 527 571
t 527 572 571
t 527 528 572
t 528 573 572
t 528 529 573
t 529 574 573
t 529 530 574
t 530 575 574
t 530 531 575
t 531 576 575
t 531 532 576
t 532 577 576
t 532 533 577
t 533 578 577
t 533 534 578
t 534 579 578
t 534 535 579
t 535 580 579
t 535 536 580
t 536 581 580
t 536 537 581
t 537 582 581
t 537 538 582
t 538 583 582
t 538 539 583
t 539 584 583
t 539 540 584
t 540 585 584
t 540 541 585
t 541 586 585
t 541 542 586
t 542 587 586
t 542 543 587
t 543 588 587
t 543 544 588
t 544 69 588
t 544 545 69
t 545 546 69
t 546 547 69
t 547 548 69
t 548 549 69
t 549 550 69
t 550 551 69
t 551 552 69
t 552 553 69
t 553 554 69
t 554 555 69
t 555 556 69
t 556 61 69
t 101 99 100
t 101 98 99
t 101 97 98
t 101 96 97
t 101 95 96
t 101 94 95
t 101 93 94
t 69 70 71
t 69 71 72
t 69 72 73
t 69 73 74
t 69 74 75
t 69 75 76
t 69 76 77
t 101 589 93
t 101 590 589
t 101 591 590
t 101 592 591
t 101 593 592
t 101 594 593
t 101 595 594
t 101 596 595
t 101 597 596
t 101 598 597
t 101 599 598
t 101 600 599
t 101 601 600
t 101 602 601
t 101 603 602
t 101 604 603
t 101 605 604
t 101 606 605
t 101 557 606
t 557 607 606
t 557 558 607
t 558 608 607
t 558 559 608
t 559 609 608
t 559 560 609
t 560 610 609
t 560 561 610
t 561 611 610
t 561 562 611
t 562 612 611
t 562 563 612
t 563 613 612
t 563 564 613
t 564 614 613
t 564 565 614
t 565 615 614
t 565 566 615
t 566 616 615
t 566 567 616
t 567 617 616
t 567 568 617
t 568 618 617
t 568 569 618
t 569 619 618
t 569 570 619
t 570 620 619
t 570 571 620
t 571 621 620
t 571 572 621
t 572 622 621
t 572 573 622
t 573 623 622
t 573 574 623
t 574 77 623
t 574 575 77
t 575 576 77
t 576 577 77
t 577 578 77
t 578 579 77
t 579 580 77
t 580 581 77
t 581 582 77
t 582 583 77
t 583 584 77
t 584 585 77
t 585 586 77
t 586 587 77
t 587 588 77
t 588 69 77
t 93 91 92
t 93 90 91
t 93 89 90
t 93 88 89
t 93 87 88
t 93 86 87
t 93 85 86
t 77 78 79
t 77 79 80
t 77 80 81
t 77 81 82
t 77 82 83
t 77 83 84
t 77 84 85
t 93 589 85
t 589 590 85
t 590 591 85
t 591 592 85
t 592 593 85
t 593 594 85
t 594 595 85
t 595 596 85
t 596 597 85
t 597 598 85
t 598 599 85
t 599 600 85
t 600 601 85
t 601 602 85
t 602 603 85
t 603 604 85
t 604 605 85
t 605 606 85
t 606 607 85
t 607 608 85
t 608 609 85
t 609 610 85
t 610 611 85
t 611 612 85
t 612 613 85
t 613 614 85
t 614 615 85
t 615 616 85
t 616 617 85
t 617 618 85
t 618 619 85
t 619 620 85
t 620 621 85
t 621 622 85
t 622 623 85
t 623 77 85
