type=Nurbs forward=true n_boundary=172 n_holes=0 n_interior=355 n_tris=1194 label=brep62542_f46_Nurbs(deg=3/3, cps=4x11)
boundary
b 0.773514077 0.000000000
b 0.775669958 0.018761020
b 0.777825709 0.037487167
b 0.779979783 0.056181922
b 0.782130588 0.074848717
b 0.784276503 0.093490914
b 0.786415898 0.112111776
b 0.788547150 0.130714447
b 0.790668656 0.149301930
b 0.792778854 0.167877061
b 0.794876195 0.186442316
b 0.796958894 0.204998651
b 0.799025023 0.223546206
b 0.801072881 0.242083783
b 0.803100854 0.260609651
b 0.805107341 0.279121885
b 0.807090742 0.297618377
b 0.809049448 0.316096853
b 0.810981832 0.334554888
b 0.812886201 0.352989964
b 0.814760480 0.371400001
b 0.816602279 0.389783430
b 0.818409062 0.408138979
b 0.820178442 0.426465984
b 0.821909109 0.444765087
b 0.823600100 0.463036929
b 0.825250519 0.481281792
b 0.826859535 0.499499589
b 0.828426324 0.517689879
b 0.829949568 0.535852076
b 0.831427546 0.553985705
b 0.832858466 0.572090415
b 0.834240483 0.590165968
b 0.835571698 0.608212248
b 0.836850417 0.626229608
b 0.838075971 0.644219776
b 0.839248030 0.662184546
b 0.840366333 0.680125368
b 0.841430229 0.698043223
b 0.842438668 0.715938866
b 0.843390595 0.733813073
b 0.844284969 0.751666647
b 0.845120763 0.769500411
b 0.845896970 0.787315201
b 0.846612602 0.805111865
b 0.847266967 0.822891134
b 0.847860505 0.840653117
b 0.848393442 0.858398341
b 0.848865229 0.876128665
b 0.849275308 0.893846135
b 0.849623194 0.911552845
b 0.849908473 0.929250924
b 0.850130808 0.946942521
b 0.850289942 0.964629797
b 0.850385694 0.982314909
b 0.850417965 1.000000000
b 0.824990824 1.000000000
b 0.800175510 1.000000000
b 0.775912215 1.000000000
b 0.752145479 1.000000000
b 0.728823634 1.000000000
b 0.705898315 1.000000000
b 0.683324028 1.000000000
b 0.661057760 1.000000000
b 0.639058629 1.000000000
b 0.617287564 1.000000000
b 0.595707021 1.000000000
b 0.574280708 1.000000000
b 0.552973336 1.000000000
b 0.531750384 1.000000000
b 0.510577869 1.000000000
b 0.489422131 1.000000000
b 0.468249616 1.000000000
b 0.447026664 1.000000000
b 0.425719292 1.000000000
b 0.404292979 1.000000000
b 0.382712436 1.000000000
b 0.360941371 1.000000000
b 0.338942240 1.000000000
b 0.316675972 1.000000000
b 0.294101685 1.000000000
b 0.271176366 1.000000000
b 0.247854521 1.000000000
b 0.224087785 1.000000000
b 0.199824490 1.000000000
b 0.175009176 1.000000000
b 0.149582035 1.000000000
b 0.149552558 0.982117902
b 0.149487258 0.964347421
b 0.149415281 0.946664376
b 0.149358488 0.929043983
b 0.149331541 0.911461037
b 0.149341962 0.893890083
b 0.149390155 0.876305579
b 0.149469379 0.858682061
b 0.149565701 0.840994303
b 0.149658956 0.823220792
b 0.149734542 0.805363033
b 0.149785707 0.787432222
b 0.149808999 0.769439501
b 0.149804092 0.751395812
b 0.149773701 0.733311808
b 0.149723483 0.715197762
b 0.149661933 0.697063477
b 0.149600285 0.678918208
b 0.149551343 0.660770054
b 0.149519448 0.642620423
b 0.149503335 0.624466662
b 0.149501028 0.606306102
b 0.149509859 0.588136147
b 0.149526479 0.569954290
b 0.149546869 0.551758135
b 0.149566350 0.533545406
b 0.149579594 0.515313976
b 0.149580876 0.497061907
b 0.149569710 0.478788116
b 0.149551183 0.460492058
b 0.149530439 0.442172876
b 0.149512341 0.423829374
b 0.149501390 0.405460021
b 0.149501646 0.387062963
b 0.149516643 0.368636035
b 0.149549307 0.350176774
b 0.149601834 0.331682534
b 0.149669386 0.313155637
b 0.149737004 0.294606476
b 0.149791828 0.276046635
b 0.149824383 0.257488164
b 0.149828632 0.238943471
b 0.149802030 0.220425222
b 0.149745557 0.201946233
b 0.149663762 0.183519371
b 0.149564880 0.165157397
b 0.149464734 0.146862866
b 0.149383332 0.128614277
b 0.149334324 0.110386166
b 0.149324208 0.092152735
b 0.149352334 0.073888013
b 0.149410889 0.055566019
b 0.149484836 0.037160929
b 0.149551819 0.018647249
b 0.149582035 -0.000000000
b 0.172495022 0.000000000
b 0.194907436 0.000000000
b 0.216863380 0.000000000
b 0.238404028 0.000000000
b 0.259567960 0.000000000
b 0.280391470 0.000000000
b 0.300908828 0.000000000
b 0.321152530 0.000000000
b 0.341153516 0.000000000
b 0.360941371 0.000000000
b 0.380544512 0.000000000
b 0.399990354 0.000000000
b 0.419305476 0.000000000
b 0.438515764 0.000000000
b 0.457646559 0.000000000
b 0.476722785 0.000000000
b 0.495769087 0.000000000
b 0.514809955 0.000000000
b 0.533869852 0.000000000
b 0.552973336 0.000000000
b 0.572145193 0.000000000
b 0.591410562 0.000000000
b 0.610795070 0.000000000
b 0.630324969 0.000000000
b 0.650027283 0.000000000
b 0.669929966 0.000000000
b 0.690062059 0.000000000
b 0.710453878 0.000000000
b 0.731137200 0.000000000
b 0.752145479 0.000000000
interior
i 0.236960927 0.125000000
i 0.324597647 0.125000000
i 0.412234367 0.125000000
i 0.499871086 0.125000000
i 0.587507806 0.125000000
i 0.675144526 0.125000000
i 0.762781245 0.125000000
i 0.236960927 0.250000000
i 0.324597647 0.250000000
i 0.412234367 0.250000000
i 0.499871086 0.250000000
i 0.587507806 0.250000000
i 0.675144526 0.250000000
i 0.762781245 0.250000000
i 0.236960927 0.375000000
i 0.324597647 0.375000000
i 0.412234367 0.375000000
i 0.499871086 0.375000000
i 0.587507806 0.375000000
i 0.675144526 0.375000000
i 0.762781245 0.375000000
i 0.236960927 0.500000000
i 0.324597647 0.500000000
i 0.412234367 0.500000000
i 0.499871086 0.500000000
i 0.587507806 0.500000000
i 0.675144526 0.500000000
i 0.762781245 0.500000000
i 0.236960927 0.625000000
i 0.324597647 0.625000000
i 0.412234367 0.625000000
i 0.499871086 0.625000000
i 0.587507806 0.625000000
i 0.675144526 0.625000000
i 0.762781245 0.625000000
i 0.236960927 0.750000000
i 0.324597647 0.750000000
i 0.412234367 0.750000000
i 0.499871086 0.750000000
i 0.587507806 0.750000000
i 0.675144526 0.750000000
i 0.762781245 0.750000000
i 0.236960927 0.875000000
i 0.324597647 0.875000000
i 0.412234367 0.875000000
i 0.499871086 0.875000000
i 0.587507806 0.875000000
i 0.675144526 0.875000000
i 0.762781245 0.875000000
i 0.193142567 0.062500000
i 0.171233388 0.031250000
i 0.215051747 0.031250000
i 0.171233388 0.093750000
i 0.215051747 0.093750000
i 0.193142567 0.187500000
i 0.171233388 0.156250000
i 0.215051747 0.156250000
i 0.171233388 0.218750000
i 0.215051747 0.218750000
i 0.193142567 0.312500000
i 0.171233388 0.281250000
i 0.215051747 0.281250000
i 0.171233388 0.343750000
i 0.215051747 0.343750000
i 0.193142567 0.437500000
i 0.171233388 0.406250000
i 0.215051747 0.406250000
i 0.171233388 0.468750000
i 0.215051747 0.468750000
i 0.193142567 0.562500000
i 0.171233388 0.531250000
i 0.215051747 0.531250000
i 0.171233388 0.593750000
i 0.215051747 0.593750000
i 0.193142567 0.687500000
i 0.171233388 0.656250000
i 0.215051747 0.656250000
i 0.171233388 0.718750000
i 0.215051747 0.718750000
i 0.193142567 0.812500000
i 0.171233388 0.781250000
i 0.215051747 0.781250000
i 0.171233388 0.843750000
i 0.215051747 0.843750000
i 0.193142567 0.937500000
i 0.171233388 0.906250000
i 0.215051747 0.906250000
i 0.171233388 0.968750000
i 0.215051747 0.968750000
i 0.280779287 0.062500000
i 0.258870107 0.031250000
i 0.302688467 0.031250000
i 0.258870107 0.093750000
i 0.302688467 0.093750000
i 0.280779287 0.187500000
i 0.258870107 0.156250000
i 0.302688467 0.156250000
i 0.258870107 0.218750000
i 0.302688467 0.218750000
i 0.280779287 0.312500000
i 0.258870107 0.281250000
i 0.302688467 0.281250000
i 0.258870107 0.343750000
i 0.302688467 0.343750000
i 0.280779287 0.437500000
i 0.258870107 0.406250000
i 0.302688467 0.406250000
i 0.258870107 0.468750000
i 0.302688467 0.468750000
i 0.280779287 0.562500000
i 0.258870107 0.531250000
i 0.302688467 0.531250000
i 0.258870107 0.593750000
i 0.302688467 0.593750000
i 0.280779287 0.687500000
i 0.258870107 0.656250000
i 0.302688467 0.656250000
i 0.258870107 0.718750000
i 0.302688467 0.718750000
i 0.280779287 0.812500000
i 0.258870107 0.781250000
i 0.302688467 0.781250000
i 0.258870107 0.843750000
i 0.302688467 0.843750000
i 0.280779287 0.937500000
i 0.258870107 0.906250000
i 0.302688467 0.906250000
i 0.258870107 0.968750000
i 0.302688467 0.968750000
i 0.368416007 0.062500000
i 0.346506827 0.031250000
i 0.390325187 0.031250000
i 0.346506827 0.093750000
i 0.390325187 0.093750000
i 0.368416007 0.187500000
i 0.346506827 0.156250000
i 0.390325187 0.156250000
i 0.346506827 0.218750000
i 0.390325187 0.218750000
i 0.368416007 0.312500000
i 0.346506827 0.281250000
i 0.390325187 0.281250000
i 0.346506827 0.343750000
i 0.390325187 0.343750000
i 0.368416007 0.437500000
i 0.346506827 0.406250000
i 0.390325187 0.406250000
i 0.346506827 0.468750000
i 0.390325187 0.468750000
i 0.368416007 0.562500000
i 0.346506827 0.531250000
i 0.390325187 0.531250000
i 0.346506827 0.593750000
i 0.390325187 0.593750000
i 0.368416007 0.687500000
i 0.346506827 0.656250000
i 0.390325187 0.656250000
i 0.346506827 0.718750000
i 0.390325187 0.718750000
i 0.368416007 0.812500000
i 0.346506827 0.781250000
i 0.390325187 0.781250000
i 0.346506827 0.843750000
i 0.390325187 0.843750000
i 0.368416007 0.937500000
i 0.346506827 0.906250000
i 0.390325187 0.906250000
i 0.346506827 0.968750000
i 0.390325187 0.968750000
i 0.456052727 0.062500000
i 0.434143547 0.031250000
i 0.477961906 0.031250000
i 0.434143547 0.093750000
i 0.477961906 0.093750000
i 0.456052727 0.187500000
i 0.434143547 0.156250000
i 0.477961906 0.156250000
i 0.434143547 0.218750000
i 0.477961906 0.218750000
i 0.456052727 0.312500000
i 0.434143547 0.281250000
i 0.477961906 0.281250000
i 0.434143547 0.343750000
i 0.477961906 0.343750000
i 0.456052727 0.437500000
i 0.434143547 0.406250000
i 0.477961906 0.406250000
i 0.434143547 0.468750000
i 0.477961906 0.468750000
i 0.456052727 0.562500000
i 0.434143547 0.531250000
i 0.477961906 0.531250000
i 0.434143547 0.593750000
i 0.477961906 0.593750000
i 0.456052727 0.687500000
i 0.434143547 0.656250000
i 0.477961906 0.656250000
i 0.434143547 0.718750000
i 0.477961906 0.718750000
i 0.456052727 0.812500000
i 0.434143547 0.781250000
i 0.477961906 0.781250000
i 0.434143547 0.843750000
i 0.477961906 0.843750000
i 0.456052727 0.937500000
i 0.434143547 0.906250000
i 0.477961906 0.906250000
i 0.434143547 0.968750000
i 0.477961906 0.968750000
i 0.543689446 0.062500000
i 0.521780266 0.031250000
i 0.565598626 0.031250000
i 0.521780266 0.093750000
i 0.565598626 0.093750000
i 0.543689446 0.187500000
i 0.521780266 0.156250000
i 0.565598626 0.156250000
i 0.521780266 0.218750000
i 0.565598626 0.218750000
i 0.543689446 0.312500000
i 0.521780266 0.281250000
i 0.565598626 0.281250000
i 0.521780266 0.343750000
i 0.565598626 0.343750000
i 0.543689446 0.437500000
i 0.521780266 0.406250000
i 0.565598626 0.406250000
i 0.521780266 0.468750000
i 0.565598626 0.468750000
i 0.543689446 0.562500000
i 0.521780266 0.531250000
i 0.565598626 0.531250000
i 0.521780266 0.593750000
i 0.565598626 0.593750000
i 0.543689446 0.687500000
i 0.521780266 0.656250000
i 0.565598626 0.656250000
i 0.521780266 0.718750000
i 0.565598626 0.718750000
i 0.543689446 0.812500000
i 0.521780266 0.781250000
i 0.565598626 0.781250000
i 0.521780266 0.843750000
i 0.565598626 0.843750000
i 0.543689446 0.937500000
i 0.521780266 0.906250000
i 0.565598626 0.906250000
i 0.521780266 0.968750000
i 0.565598626 0.968750000
i 0.631326166 0.062500000
i 0.609416986 0.031250000
i 0.653235346 0.031250000
i 0.609416986 0.093750000
i 0.653235346 0.093750000
i 0.631326166 0.187500000
i 0.609416986 0.156250000
i 0.653235346 0.156250000
i 0.609416986 0.218750000
i 0.653235346 0.218750000
i 0.631326166 0.312500000
i 0.609416986 0.281250000
i 0.653235346 0.281250000
i 0.609416986 0.343750000
i 0.653235346 0.343750000
i 0.631326166 0.437500000
i 0.609416986 0.406250000
i 0.653235346 0.406250000
i 0.609416986 0.468750000
i 0.653235346 0.468750000
i 0.631326166 0.562500000
i 0.609416986 0.531250000
i 0.653235346 0.531250000
i 0.609416986 0.593750000
i 0.653235346 0.593750000
i 0.631326166 0.687500000
i 0.609416986 0.656250000
i 0.653235346 0.656250000
i 0.609416986 0.718750000
i 0.653235346 0.718750000
i 0.631326166 0.812500000
i 0.609416986 0.781250000
i 0.653235346 0.781250000
i 0.609416986 0.843750000
i 0.653235346 0.843750000
i 0.631326166 0.937500000
i 0.609416986 0.906250000
i 0.653235346 0.906250000
i 0.609416986 0.968750000
i 0.653235346 0.968750000
i 0.718962886 0.062500000
i 0.697053706 0.031250000
i 0.740872065 0.031250000
i 0.697053706 0.093750000
i 0.740872065 0.093750000
i 0.718962886 0.187500000
i 0.697053706 0.156250000
i 0.740872065 0.156250000
i 0.697053706 0.218750000
i 0.740872065 0.218750000
i 0.718962886 0.312500000
i 0.697053706 0.281250000
i 0.740872065 0.281250000
i 0.697053706 0.343750000
i 0.740872065 0.343750000
i 0.718962886 0.437500000
i 0.697053706 0.406250000
i 0.740872065 0.406250000
i 0.697053706 0.468750000
i 0.740872065 0.468750000
i 0.718962886 0.562500000
i 0.697053706 0.531250000
i 0.740872065 0.531250000
i 0.697053706 0.593750000
i 0.740872065 0.593750000
i 0.718962886 0.687500000
i 0.697053706 0.656250000
i 0.740872065 0.656250000
i 0.697053706 0.718750000
i 0.740872065 0.718750000
i 0.718962886 0.812500000
i 0.697053706 0.781250000
i 0.740872065 0.781250000
i 0.697053706 0.843750000
i 0.740872065 0.843750000
i 0.718962886 0.937500000
i 0.697053706 0.906250000
i 0.740872065 0.906250000
i 0.697053706 0.968750000
i 0.740872065 0.968750000
i 0.806599605 0.312500000
i 0.784690425 0.281250000
i 0.784690425 0.343750000
i 0.806599605 0.437500000
i 0.784690425 0.406250000
i 0.784690425 0.468750000
i 0.806599605 0.562500000
i 0.784690425 0.531250000
i 0.828508785 0.531250000
i 0.784690425 0.593750000
i 0.828508785 0.593750000
i 0.806599605 0.687500000
i 0.784690425 0.656250000
i 0.828508785 0.656250000
i 0.784690425 0.718750000
i 0.828508785 0.718750000
i 0.806599605 0.812500000
i 0.784690425 0.781250000
i 0.828508785 0.781250000
i 0.784690425 0.843750000
i 0.828508785 0.843750000
i 0.806599605 0.937500000
i 0.784690425 0.906250000
i 0.828508785 0.906250000
i 0.784690425 0.968750000
i 0.828508785 0.968750000
tris
t 141 139 140
t 141 138 139
t 141 137 138
t 141 136 137
t 141 135 136
t 141 134 135
t 141 133 134
t 141 132 133
t 0 1 2
t 0 2 3
t 0 3 4
t 0 4 5
t 0 5 6
t 0 6 7
t 0 7 8
t 141 527 132
t 141 528 527
t 141 529 528
t 141 530 529
t 141 531 530
t 141 532 531
t 141 533 532
t 141 534 533
t 141 535 534
t 141 536 535
t 141 537 536
t 141 538 537
t 141 539 538
t 141 540 539
t 141 541 540
t 141 542 541
t 141 543 542
t 141 544 543
t 141 545 544
t 141 546 545
t 141 547 546
t 141 548 547
t 141 549 548
t 141 142 549
t 142 550 549
t 142 551 550
t 142 143 551
t 143 552 551
t 143 553 552
t 143 144 553
t 144 554 553
t 144 555 554
t 144 145 555
t 145 556 555
t 145 557 556
t 145 146 557
t 146 558 557
t 146 559 558
t 146 147 559
t 147 560 559
t 147 561 560
t 147 148 561
t 148 562 561
t 148 563 562
t 148 149 563
t 149 564 563
t 149 565 564
t 149 150 565
t 150 566 565
t 150 151 566
t 151 567 566
t 151 152 567
t 152 568 567
t 152 569 568
t 152 153 569
t 153 570 569
t 153 571 570
t 153 154 571
t 154 572 571
t 154 573 572
t 154 155 573
t 155 574 573
t 155 575 574
t 155 156 575
t 156 576 575
t 156 577 576
t 156 157 577
t 157 578 577
t 157 579 578
t 157 158 579
t 158 580 579
t 158 581 580
t 158 159 581
t 159 582 581
t 159 583 582
t 159 160 583
t 160 584 583
t 160 161 584
t 161 585 584
t 161 162 585
t 162 586 585
t 162 587 586
t 162 163 587
t 163 588 587
t 163 589 588
t 163 164 589
t 164 590 589
t 164 591 590
t 164 165 591
t 165 592 591
t 165 593 592
t 165 166 593
t 166 594 593
t 166 595 594
t 166 167 595
t 167 596 595
t 167 597 596
t 167 168 597
t 168 598 597
t 168 599 598
t 168 169 599
t 169 600 599
t 169 601 600
t 169 170 601
t 170 602 601
t 170 171 602
t 171 603 602
t 171 0 603
t 0 604 603
t 0 605 604
t 0 606 605
t 0 607 606
t 0 608 607
t 0 609 608
t 0 610 609
t 0 611 610
t 0 612 611
t 0 8 612
t 132 130 131
t 132 129 130
t 132 128 129
t 132 127 128
t 132 126 127
t 132 125 126
t 132 124 125
t 132 123 124
t 8 9 10
t 8 10 11
t 8 11 12
t 8 12 13
t 8 13 14
t 8 14 15
t 8 15 16
t 8 16 17
t 132 527 123
t 527 528 123
t 528 529 123
t 529 530 123
t 530 531 123
t 531 532 123
t 532 533 123
t 533 534 123
t 534 613 123
t 534 535 613
t 535 614 613
t 535 536 614
t 536 615 614
t 536 537 615
t 537 616 615
t 537 538 616
t 538 617 616
t 538 539 617
t 539 618 617
t 539 540 618
t 540 619 618
t 540 541 619
t 541 620 619
t 541 542 620
t 542 621 620
t 542 543 621
t 543 622 621
t 543 544 622
t 544 623 622
t 544 545 623
t 545 624 623
t 545 546 624
t 546 625 624
t 546 547 625
t 547 626 625
t 547 548 626
t 548 627 626
t 548 549 627
t 549 628 627
t 549 550 628
t 550 629 628
t 550 551 629
t 551 630 629
t 551 552 630
t 552 631 630
t 552 553 631
t 553 632 631
t 553 554 632
t 554 633 632
t 554 555 633
t 555 634 633
t 555 556 634
t 556 635 634
t 556 557 635
t 557 636 635
t 557 558 636
t 558 637 636
t 558 559 637
t 559 638 637
t 559 560 638
t 560 639 638
t 560 561 639
t 561 640 639
t 561 562 640
t 562 641 640
t 562 563 641
t 563 642 641
t 563 564 642
t 564 643 642
t 564 565 643
t 565 644 643
t 565 566 644
t 566 645 644
t 566 567 645
t 567 646 645
t 567 568 646
t 568 647 646
t 568 569 647
t 569 648 647
t 569 570 648
t 570 649 648
t 570 571 649
t 571 650 649
t 571 572 650
t 572 651 650
t 572 573 651
t 573 652 651
t 573 574 652
t 574 653 652
t 574 575 653
t 575 654 653
t 575 576 654
t 576 655 654
t 576 577 655
t 577 656 655
t 577 578 656
t 578 657 656
t 578 579 657
t 579 658 657
t 579 580 658
t 580 659 658
t 580 581 659
t 581 660 659
t 581 582 660
t 582 661 660
t 582 583 661
t 583 662 661
t 583 584 662
t 584 663 662
t 584 585 663
t 585 664 663
t 585 586 664
t 586 665 664
t 586 587 665
t 587 666 665
t 587 588 666
t 588 667 666
t 588 589 667
t 589 668 667
t 589 590 668
t 590 669 668
t 590 591 669
t 591 670 669
t 591 592 670
t 592 671 670
t 592 593 671
t 593 672 671
t 593 594 672
t 594 673 672
t 594 595 673
t 595 674 673
t 595 596 674
t 596 675 674
t 596 597 675
t 597 676 675
t 597 598 676
t 598 677 676
t 598 599 677
t 599 678 677
t 599 600 678
t 600 679 678
t 600 601 679
t 601 680 679
t 601 602 680
t 602 681 680
t 602 603 681
t 603 682 681
t 603 604 682
t 604 683 682
t 604 605 683
t 605 684 683
t 605 606 684
t 606 685 684
t 606 607 685
t 607 686 685
t 607 608 686
t 608 687 686
t 608 609 687
t 609 688 687
t 609 610 688
t 610 689 688
t 610 611 689
t 611 690 689
t 611 612 690
t 612 691 690
t 612 8 691
t 8 692 691
t 8 693 692
t 8 694 693
t 8 695 694
t 8 696 695
t 8 697 696
t 8 698 697
t 8 699 698
t 8 700 699
t 8 701 700
t 8 17 701
t 123 121 122
t 123 120 121
t 123 119 120
t 123 118 119
t 123 117 118
t 123 116 117
t 123 115 116
t 123 114 115
t 17 18 19
t 17 19 20
t 17 20 21
t 17 21 22
t 17 22 23
t 17 23 24
t 17 24 25
t 17 25 26
t 123 702 114
t 123 703 702
t 123 704 703
t 123 613 704
t 613 705 704
t 613 614 705
t 614 706 705
t 614 615 706
t 615 707 706
t 615 616 707
t 616 708 707
t 616 617 708
t 617 709 708
t 617 618 709
t 618 710 709
t 618 619 710
t 619 711 710
t 619 620 711
t 620 712 711
t 620 621 712
t 621 713 712
t 621 622 713
t 622 714 713
t 622 623 714
t 623 715 714
t 623 624 715
t 624 716 715
t 624 625 716
t 625 717 716
t 625 626 717
t 626 718 717
t 626 627 718
t 627 719 718
t 627 628 719
t 628 720 719
t 628 629 720
t 629 721 720
t 629 630 721
t 630 722 721
t 630 631 722
t 631 723 722
t 631 632 723
t 632 724 723
t 632 633 724
t 633 725 724
t 633 634 725
t 634 726 725
t 634 635 726
t 635 727 726
t 635 636 727
t 636 728 727
t 636 637 728
t 637 729 728
t 637 638 729
t 638 730 729
t 638 639 730
t 639 731 730
t 639 640 731
t 640 732 731
t 640 641 732
t 641 733 732
t 641 642 733
t 642 734 733
t 642 643 734
t 643 735 734
t 643 644 735
t 644 736 735
t 644 645 736
t 645 737 736
t 645 646 737
t 646 738 737
t 646 647 738
t 647 739 738
t 647 648 739
t 648 740 739
t 648 649 740
t 649 741 740
t 649 650 741
t 650 742 741
t 650 651 742
t 651 743 742
t 651 652 743
t 652 744 743
t 652 653 744
t 653 745 744
t 653 654 745
t 654 746 745
t 654 655 746
t 655 747 746
t 655 656 747
t 656 748 747
t 656 657 748
t 657 749 748
t 657 658 749
t 658 750 749
t 658 659 750
t 659 751 750
t 659 660 751
t 660 752 751
t 660 661 752
t 661 753 752
t 661 662 753
t 662 754 753
t 662 663 754
t 663 755 754
t 663 664 755
t 664 756 755
t 664 665 756
t 665 757 756
t 665 666 757
t 666 758 757
t 666 667 758
t 667 759 758
t 667 668 759
t 668 760 759
t 668 669 760
t 669 761 760
t 669 670 761
t 670 762 761
t 670 671 762
t 671 763 762
t 671 672 763
t 672 764 763
t 672 673 764
t 673 765 764
t 673 674 765
t 674 766 765
t 674 675 766
t 675 767 766
t 675 676 767
t 676 768 767
t 676 677 768
t 677 769 768
t 677 678 769
t 678 770 769
t 678 679 770
t 679 771 770
t 679 680 771
t 680 772 771
t 680 681 772
t 681 773 772
t 681 682 773
t 682 774 773
t 682 683 774
t 683 775 774
t 683 684 775
t 684 776 775
t 684 685 776
t 685 777 776
t 685 686 777
t 686 778 777
t 686 687 778
t 687 779 778
t 687 688 779
t 688 780 779
t 688 689 780
t 689 781 780
t 689 690 781
t 690 782 781
t 690 691 782
t 691 783 782
t 691 692 783
t 692 784 783
t 692 693 784
t 693 785 784
t 693 694 785
t 694 786 785
t 694 695 786
t 695 787 786
t 695 696 787
t 696 788 787
t 696 697 788
t 697 789 788
t 697 698 789
t 698 790 789
t 698 699 790
t 699 791 790
t 699 700 791
t 700 792 791
t 700 701 792
t 701 793 792
t 701 17 793
t 17 794 793
t 17 795 794
t 17 796 795
t 17 797 796
t 17 798 797
t 17 799 798
t 17 800 799
t 17 801 800
t 17 802 801
t 17 803 802
t 17 26 803
t 114 112 113
t 114 111 112
t 114 110 111
t 114 109 110
t 114 108 109
t 114 107 108
t 114 106 107
t 114 105 106
t 26 27 28
t 26 28 29
t 26 29 30
t 26 30 31
t 26 31 32
t 26 32 33
t 26 33 34
t 26 34 35
t 26 35 36
t 114 804 105
t 114 805 804
t 114 806 805
t 114 807 806
t 114 808 807
t 114 809 808
t 114 702 809
t 702 810 809
t 702 703 810
t 703 811 810
t 703 704 811
t 704 812 811
t 704 705 812
t 705 813 812
t 705 706 813
t 706 814 813
t 706 707 814
t 707 815 814
t 707 708 815
t 708 816 815
t 708 709 816
t 709 817 816
t 709 710 817
t 710 818 817
t 710 711 818
t 711 819 818
t 711 712 819
t 712 820 819
t 712 713 820
t 713 821 820
t 713 714 821
t 714 822 821
t 714 715 822
t 715 823 822
t 715 716 823
t 716 824 823
t 716 717 824
t 717 825 824
t 717 718 825
t 718 826 825
t 718 719 826
t 719 827 826
t 719 720 827
t 720 828 827
t 720 721 828
t 721 829 828
t 721 722 829
t 722 830 829
t 722 723 830
t 723 831 830
t 723 724 831
t 724 832 831
t 724 725 832
t 725 833 832
t 725 726 833
t 726 834 833
t 726 727 834
t 727 835 834
t 727 728 835
t 728 836 835
t 728 729 836
t 729 837 836
t 729 730 837
t 730 838 837
t 730 731 838
t 731 839 838
t 731 732 839
t 732 840 839
t 732 733 840
t 733 841 840
t 733 734 841
t 734 842 841
t 734 735 842
t 735 843 842
t 735 736 843
t 736 844 843
t 736 737 844
t 737 845 844
t 737 738 845
t 738 846 845
t 738 739 846
t 739 847 846
t 739 740 847
t 740 848 847
t 740 741 848
t 741 849 848
t 741 742 849
t 742 850 849
t 742 743 850
t 743 851 850
t 743 744 851
t 744 852 851
t 744 745 852
t 745 853 852
t 745 746 853
t 746 854 853
t 746 747 854
t 747 855 854
t 747 748 855
t 748 856 855
t 748 749 856
t 749 857 856
t 749 750 857
t 750 858 857
t 750 751 858
t 751 859 858
t 751 752 859
t 752 860 859
t 752 753 860
t 753 861 860
t 753 754 861
t 754 862 861
t 754 755 862
t 755 863 862
t 755 756 863
t 756 864 863
t 756 757 864
t 757 865 864
t 757 758 865
t 758 866 865
t 758 759 866
t 759 867 866
t 759 760 867
t 760 868 867
t 760 761 868
t 761 869 868
t 761 762 869
t 762 870 869
t 762 763 870
t 763 871 870
t 763 764 871
t 764 872 871
t 764 765 872
t 765 873 872
t 765 766 873
t 766 874 873
t 766 767 874
t 767 875 874
t 767 768 875
t 768 876 875
t 768 769 876
t 769 877 876
t 769 770 877
t 770 878 877
t 770 771 878
t 771 879 878
t 771 772 879
t 772 880 879
t 772 773 880
t 773 881 880
t 773 774 881
t 774 882 881
t 774 775 882
t 775 883 882
t 775 776 883
t 776 884 883
t 776 777 884
t 777 885 884
t 777 778 885
t 778 886 885
t 778 779 886
t 779 887 886
t 779 780 887
t 780 888 887
t 780 781 888
t 781 889 888
t 781 782 889
t 782 890 889
t 782 783 890
t 783 891 890
t 783 784 891
t 784 892 891
t 784 785 892
t 785 893 892
t 785 786 893
t 786 894 893
t 786 787 894
t 787 895 894
t 787 788 895
t 788 896 895
t 788 789 896
t 789 897 896
t 789 790 897
t 790 898 897
t 790 791 898
t 791 899 898
t 791 792 899
t 792 900 899
t 792 793 900
t 793 901 900
t 793 794 901
t 794 902 901
t 794 795 902
t 795 903 902
t 795 796 903
t 796 904 903
t 796 797 904
t 797 905 904
t 797 798 905
t 798 906 905
t 798 799 906
t 799 907 906
t 799 800 907
t 800 908 907
t 800 801 908
t 801 909 908
t 801 802 909
t 802 910 909
t 802 803 910
t 803 911 910
t 803 26 911
t 26 912 911
t 26 913 912
t 26 914 913
t 26 915 914
t 26 916 915
t 26 917 916
t 26 918 917
t 26 919 918
t 26 920 919
t 26 921 920
t 26 36 921
t 105 103 104
t 105 102 103
t 105 101 102
t 105 100 101
t 105 99 100
t 105 98 99
t 105 97 98
t 105 96 97
t 36 37 38
t 36 38 39
t 36 39 40
t 36 40 41
t 36 41 42
t 36 42 43
t 36 43 44
t 36 44 45
t 105 804 96
t 804 805 96
t 805 806 96
t 806 807 96
t 807 808 96
t 808 809 96
t 809 810 96
t 810 811 96
t 811 812 96
t 812 813 96
t 813 814 96
t 814 922 96
t 814 815 922
t 815 923 922
t 815 816 923
t 816 924 923
t 816 817 924
t 817 925 924
t 817 818 925
t 818 926 925
t 818 819 926
t 819 927 926
t 819 820 927
t 820 928 927
t 820 821 928
t 821 929 928
t 821 822 929
t 822 930 929
t 822 823 930
t 823 931 930
t 823 824 931
t 824 932 931
t 824 825 932
t 825 933 932
t 825 826 933
t 826 934 933
t 826 827 934
t 827 935 934
t 827 828 935
t 828 936 935
t 828 829 936
t 829 937 936
t 829 830 937
t 830 938 937
t 830 831 938
t 831 939 938
t 831 832 939
t 832 940 939
t 832 833 940
t 833 941 940
t 833 834 941
t 834 942 941
t 834 835 942
t 835 943 942
t 835 836 943
t 836 944 943
t 836 837 944
t 837 945 944
t 837 838 945
t 838 946 945
t 838 839 946
t 839 947 946
t 839 840 947
t 840 948 947
t 840 841 948
t 841 949 948
t 841 842 949
t 842 950 949
t 842 843 950
t 843 951 950
t 843 844 951
t 844 952 951
t 844 845 952
t 845 953 952
t 845 846 953
t 846 954 953
t 846 847 954
t 847 955 954
t 847 848 955
t 848 956 955
t 848 849 956
t 849 957 956
t 849 850 957
t 850 958 957
t 850 851 958
t 851 959 958
t 851 852 959
t 852 960 959
t 852 853 960
t 853 961 960
t 853 854 961
t 854 962 961
t 854 855 962
t 855 963 962
t 855 856 963
t 856 964 963
t 856 857 964
t 857 965 964
t 857 858 965
t 858 966 965
t 858 859 966
t 859 967 966
t 859 860 967
t 860 968 967
t 860 861 968
t 861 969 968
t 861 862 969
t 862 970 969
t 862 863 970
t 863 971 970
t 863 864 971
t 864 972 971
t 864 865 972
t 865 973 972
t 865 866 973
t 866 974 973
t 866 867 974
t 867 975 974
t 867 868 975
t 868 976 975
t 868 869 976
t 869 977 976
t 869 870 977
t 870 978 977
t 870 871 978
t 871 979 978
t 871 872 979
t 872 980 979
t 872 873 980
t 873 981 980
t 873 874 981
t 874 982 981
t 874 875 982
t 875 983 982
t 875 876 983
t 876 984 983
t 876 877 984
t 877 985 984
t 877 878 985
t 878 986 985
t 878 879 986
t 879 987 986
t 879 880 987
t 880 988 987
t 880 881 988
t 881 989 988
t 881 882 989
t 882 990 989
t 882 883 990
t 883 991 990
t 883 884 991
t 884 992 991
t 884 885 992
t 885 993 992
t 885 886 993
t 886 994 993
t 886 887 994
t 887 995 994
t 887 888 995
t 888 996 995
t 888 889 996
t 889 997 996
t 889 890 997
t 890 998 997
t 890 891 998
t 891 999 998
t 891 892 999
t 892 1000 999
t 892 893 1000
t 893 1001 1000
t 893 894 1001
t 894 1002 1001
t 894 895 1002
t 895 1003 1002
t 895 896 1003
t 896 1004 1003
t 896 897 1004
t 897 1005 1004
t 897 898 1005
t 898 1006 1005
t 898 899 1006
t 899 1007 1006
t 899 900 1007
t 900 1008 1007
t 900 901 1008
t 901 1009 1008
t 901 902 1009
t 902 1010 1009
t 902 903 1010
t 903 1011 1010
t 903 904 1011
t 904 1012 1011
t 904 905 1012
t 905 1013 1012
t 905 906 1013
t 906 1014 1013
t 906 907 1014
t 907 1015 1014
t 907 908 1015
t 908 1016 1015
t 908 909 1016
t 909 1017 1016
t 909 910 1017
t 910 1018 1017
t 910 911 1018
t 911 1019 1018
t 911 912 1019
t 912 1020 1019
t 912 913 1020
t 913 1021 1020
t 913 914 1021
t 914 1022 1021
t 914 915 1022
t 915 1023 1022
t 915 916 1023
t 916 1024 1023
t 916 917 1024
t 917 1025 1024
t 917 918 1025
t 918 1026 1025
t 918 919 1026
t 919 1027 1026
t 919 920 1027
t 920 1028 1027
t 920 921 1028
t 921 1029 1028
t 921 36 1029
t 36 1030 1029
t 36 1031 1030
t 36 1032 1031
t 36 1033 1032
t 36 1034 1033
t 36 1035 1034
t 36 1036 1035
t 36 1037 1036
t 36 1038 1037
t 36 45 1038
t 96 94 95
t 96 93 94
t 96 92 93
t 96 91 92
t 96 90 91
t 96 89 90
t 96 88 89
t 96 87 88
t 96 86 87
t 45 46 47
t 45 47 48
t 45 48 49
t 45 49 50
t 45 50 51
t 45 51 52
t 45 52 53
t 45 53 54
t 45 54 55
t 96 922 86
t 922 923 86
t 923 924 86
t 924 925 86
t 925 926 86
t 926 927 86
t 927 928 86
t 928 929 86
t 929 930 86
t 930 931 86
t 931 932 86
t 932 933 86
t 933 934 86
t 934 935 86
t 935 936 86
t 936 937 86
t 937 938 86
t 938 85 86
t 938 939 85
t 939 940 85
t 940 84 85
t 940 941 84
t 941 942 84
t 942 83 84
t 942 943 83
t 943 944 83
t 944 82 83
t 944 945 82
t 945 946 82
t 946 81 82
t 946 947 81
t 947 948 81
t 948 80 81
t 948 949 80
t 949 950 80
t 950 79 80
t 950 951 79
t 951 952 79
t 952 78 79
t 952 953 78
t 953 954 78
t 954 77 78
t 954 955 77
t 955 956 77
t 956 76 77
t 956 957 76
t 957 958 76
t 958 75 76
t 958 959 75
t 959 960 75
t 960 74 75
t 960 961 74
t 961 962 74
t 962 73 74
t 962 963 73
t 963 964 73
t 964 72 73
t 964 965 72
t 965 966 72
t 966 71 72
t 966 967 71
t 967 968 71
t 968 70 71
t 968 969 70
t 969 970 70
t 970 69 70
t 970 971 69
t 971 972 69
t 972 68 69
t 972 973 68
t 973 974 68
t 974 67 68
t 974 975 67
t 975 976 67
t 976 66 67
t 976 977 66
t 977 978 66
t 978 65 66
t 978 979 65
t 979 980 65
t 980 64 65
t 980 981 64
t 981 982 64
t 982 63 64
t 982 983 63
t 983 984 63
t 984 62 63
t 984 985 62
t 985 986 62
t 986 61 62
t 986 987 61
t 987 988 61
t 988 60 61
t 988 989 60
t 989 990 60
t 990 59 60
t 990 991 59
t 991 992 59
t 992 993 59
t 993 58 59
t 993 994 58
t 994 995 58
t 995 996 58
t 996 997 58
t 997 998 58
t 998 999 58
t 999 1000 58
t 1000 1001 58
t 1001 1002 58
t 1002 1003 58
t 1003 1004 58
t 1004 1005 58
t 1005 57 58
t 1005 1006 57
t 1006 1007 57
t 1007 1008 57
t 1008 1009 57
t 1009 1010 57
t 1010 1011 57
t 1011 1012 57
t 1012 1013 57
t 1013 1014 57
t 1014 1015 57
t 1015 1016 57
t 1016 1017 57
t 1017 1018 57
t 1018 1019 57
t 1019 56 57
t 1019 1020 56
t 1020 1021 56
t 1021 1022 56
t 1022 1023 56
t 1023 1024 56
t 1024 1025 56
t 1025 1026 56
t 1026 1027 56
t 1027 1028 56
t 1028 1029 56
t 1029 1030 56
t 1030 1031 56
t 1031 1032 56
t 1032 1033 56
t 1033 1034 56
t 1034 1035 56
t 1035 1036 56
t 1036 1037 56
t 1037 1038 56
t 1038 45 56
t 45 55 56
