type=Torus forward=true n_boundary=174 n_holes=0 n_interior=0 n_tris=172 label=brep32629_f20_Torus
boundary
b 0.638837704 0.000000000
b 0.631402934 0.000000000
b 0.623968164 0.000000000
b 0.616533395 0.000000000
b 0.609098625 0.000000000
b 0.601663856 0.000000000
b 0.594229086 0.000000000
b 0.586794317 0.000000000
b 0.579359547 0.000000000
b 0.571924778 0.000000000
b 0.564490008 0.000000000
b 0.557055239 0.000000000
b 0.549620469 0.000000000
b 0.542185699 0.000000000
b 0.534750930 0.000000000
b 0.527316160 0.000000000
b 0.519881391 0.000000000
b 0.512446621 0.000000000
b 0.505011852 0.000000000
b 0.497577082 0.000000000
b 0.490142313 0.000000000
b 0.482707543 0.000000000
b 0.475272774 0.000000000
b 0.467838004 0.000000000
b 0.460403234 0.000000000
b 0.452968465 0.000000000
b 0.445533695 0.000000000
b 0.438098926 0.000000000
b 0.430664156 0.000000000
b 0.423229387 0.000000000
b 0.415794617 0.000000000
b 0.408359848 0.000000000
b 0.408748765 0.785398163
b 0.408735114 0.770848171
b 0.408721715 0.756355034
b 0.408708569 0.741914309
b 0.408695672 0.727521485
b 0.408683023 0.713171992
b 0.408670621 0.698861212
b 0.408658462 0.684584484
b 0.408646546 0.670337114
b 0.408634871 0.656114378
b 0.408623435 0.641911535
b 0.408612235 0.627723829
b 0.408601271 0.613546498
b 0.408590540 0.599374782
b 0.408580040 0.585203927
b 0.408569771 0.571029192
b 0.408559729 0.556845858
b 0.408549914 0.542649233
b 0.408540323 0.528434658
b 0.408530956 0.514197863
b 0.408521812 0.499938669
b 0.408512894 0.485659562
b 0.408504206 0.471363132
b 0.408495749 0.457052019
b 0.408487525 0.442728906
b 0.408479539 0.428396513
b 0.408471792 0.414057587
b 0.408464286 0.399714897
b 0.408457025 0.385371224
b 0.408450010 0.371029351
b 0.408443245 0.356692060
b 0.408436731 0.342362121
b 0.408430473 0.328042285
b 0.408424471 0.313735276
b 0.408418729 0.299443781
b 0.408413249 0.285170447
b 0.408408034 0.270917871
b 0.408403086 0.256688547
b 0.408398407 0.242482297
b 0.408393998 0.228294842
b 0.408389856 0.214121514
b 0.408385984 0.199957613
b 0.408382379 0.185798413
b 0.408379043 0.171639167
b 0.408375974 0.157475117
b 0.408373173 0.143301499
b 0.408370639 0.129113547
b 0.408368373 0.114906504
b 0.408366374 0.100675628
b 0.408364642 0.086416196
b 0.408363176 0.072123516
b 0.408361978 0.057792927
b 0.408361046 0.043419816
b 0.408360380 0.028999617
b 0.408359981 0.014527825
b 0.408359848 0.000000000
b 0.415794617 0.000000000
b 0.423229387 0.000000000
b 0.430664156 0.000000000
b 0.438098926 0.000000000
b 0.445533695 0.000000000
b 0.452968465 0.000000000
b 0.460403234 0.000000000
b 0.467838004 0.000000000
b 0.475272774 0.000000000
b 0.482707543 0.000000000
b 0.490142313 0.000000000
b 0.497577082 0.000000000
b 0.505011852 0.000000000
b 0.512446621 0.000000000
b 0.519881391 0.000000000
b 0.527316160 0.000000000
b 0.534750930 0.000000000
b 0.542185699 0.000000000
b 0.549620469 0.000000000
b 0.557055239 0.000000000
b 0.564490008 0.000000000
b 0.571924778 0.000000000
b 0.579359547 0.000000000
b 0.586794317 0.000000000
b 0.594229086 0.000000000
b 0.601663856 0.000000000
b 0.609098625 0.000000000
b 0.616533395 0.000000000
b 0.623968164 0.000000000
b 0.631402934 0.000000000
b 0.638837704 0.000000000
b 0.638837570 0.014527825
b 0.638837171 0.028999617
b 0.638836506 0.043419816
b 0.638835574 0.057792927
b 0.638834375 0.072123516
b 0.638832910 0.086416196
b 0.638831177 0.100675628
b 0.638829178 0.114906504
b 0.638826912 0.129113547
b 0.638824378 0.143301499
b 0.638821577 0.157475117
b 0.638818509 0.171639167
b 0.638815172 0.185798413
b 0.638811568 0.199957613
b 0.638807695 0.214121514
b 0.638803554 0.228294842
b 0.638799144 0.242482297
b 0.638794465 0.256688547
b 0.638789517 0.270917871
b 0.638784302 0.285170447
b 0.638778823 0.299443781
b 0.638773080 0.313735276
b 0.638767079 0.328042285
b 0.638760820 0.342362121
b 0.638754307 0.356692060
b 0.638747541 0.371029351
b 0.638740527 0.385371224
b 0.638733265 0.399714897
b 0.638725760 0.414057587
b 0.638718012 0.428396513
b 0.638710026 0.442728906
b 0.638701803 0.457052019
b 0.638693346 0.471363132
b 0.638684657 0.485659562
b 0.638675740 0.499938669
b 0.638666596 0.514197863
b 0.638657228 0.528434658
b 0.638647637 0.542649233
b 0.638637822 0.556845858
b 0.638627780 0.571029192
b 0.638617511 0.585203927
b 0.638607011 0.599374782
b 0.638596280 0.613546498
b 0.638585316 0.627723829
b 0.638574117 0.641911535
b 0.638562680 0.656114378
b 0.638551005 0.670337114
b 0.638539089 0.684584484
b 0.638526931 0.698861212
b 0.638514528 0.713171992
b 0.638501879 0.727521485
b 0.638488982 0.741914309
b 0.638475836 0.756355034
b 0.638462438 0.770848171
b 0.638448786 0.785398163
interior
tris
t 0 172 173
t 0 171 172
t 0 170 171
t 0 169 170
t 0 168 169
t 0 167 168
t 0 166 167
t 0 165 166
t 0 164 165
t 0 163 164
t 0 162 163
t 0 161 162
t 0 160 161
t 0 159 160
t 0 158 159
t 0 157 158
t 0 156 157
t 0 155 156
t 0 154 155
t 0 153 154
t 0 152 153
t 0 151 152
t 0 150 151
t 0 149 150
t 0 148 149
t 0 147 148
t 0 146 147
t 0 145 146
t 0 144 145
t 0 143 144
t 0 142 143
t 0 141 142
t 0 140 141
t 0 139 140
t 0 138 139
t 0 137 138
t 0 136 137
t 0 135 136
t 0 134 135
t 0 133 134
t 0 132 133
t 0 131 132
t 0 130 131
t 0 129 130
t 0 128 129
t 0 127 128
t 0 126 127
t 0 125 126
t 0 124 125
t 0 123 124
t 0 122 123
t 0 121 122
t 0 120 121
t 0 119 120
t 0 118 119
t 0 117 118
t 0 116 117
t 0 115 116
t 0 114 115
t 0 113 114
t 0 112 113
t 0 111 112
t 0 110 111
t 0 109 110
t 0 108 109
t 0 107 108
t 0 106 107
t 0 105 106
t 0 104 105
t 0 103 104
t 0 102 103
t 0 101 102
t 0 100 101
t 0 99 100
t 0 98 99
t 0 97 98
t 0 96 97
t 0 95 96
t 0 94 95
t 0 93 94
t 0 92 93
t 0 91 92
t 0 90 91
t 0 89 90
t 0 88 89
t 0 87 88
t 0 86 87
t 0 85 86
t 0 84 85
t 0 83 84
t 0 82 83
t 0 81 82
t 0 80 81
t 0 79 80
t 0 78 79
t 0 77 78
t 0 76 77
t 0 75 76
t 0 74 75
t 0 73 74
t 0 72 73
t 0 71 72
t 0 70 71
t 0 69 70
t 0 68 69
t 0 67 68
t 0 66 67
t 0 65 66
t 0 64 65
t 0 63 64
t 0 62 63
t 0 61 62
t 0 60 61
t 0 59 60
t 0 58 59
t 0 57 58
t 0 56 57
t 0 55 56
t 0 54 55
t 0 53 54
t 0 52 53
t 0 51 52
t 0 50 51
t 0 49 50
t 0 48 49
t 0 47 48
t 0 46 47
t 0 45 46
t 0 44 45
t 0 43 44
t 0 42 43
t 0 41 42
t 0 40 41
t 0 39 40
t 0 38 39
t 0 37 38
t 0 36 37
t 0 35 36
t 0 34 35
t 0 33 34
t 0 32 33
t 31 32 30
t 30 32 29
t 29 32 28
t 28 32 27
t 27 32 26
t 26 32 25
t 25 32 24
t 24 32 23
t 23 32 22
t 22 32 21
t 21 32 20
t 20 32 19
t 19 32 18
t 18 32 17
t 17 32 16
t 16 32 15
t 15 32 14
t 14 32 13
t 13 32 12
t 12 32 11
t 11 32 10
t 10 32 9
t 9 32 8
t 8 32 7
t 7 32 6
t 6 32 5
t 5 32 4
t 4 32 3
t 3 32 2
t 2 32 1
t 1 32 0
