type=Nurbs forward=false n_boundary=243 n_holes=0 n_interior=25 n_tris=673 label=brep47598_f8_Nurbs(deg=3/3, cps=5x8)
boundary
b 0.417521179 0.999999985
b 0.409789104 0.999999983
b 0.402057043 0.999999980
b 0.394324997 0.999999977
b 0.386592966 0.999999974
b 0.378860948 0.999999970
b 0.371128943 0.999999966
b 0.363396951 0.999999963
b 0.355664971 0.999999960
b 0.347933002 0.999999958
b 0.340201045 0.999999957
b 0.332469097 0.999999957
b 0.324737160 0.999999958
b 0.317005232 0.999999961
b 0.309273313 0.999999966
b 0.301541402 0.999999974
b 0.293809498 0.999999983
b 0.286077601 0.999999995
b 0.278345711 1.000000010
b 0.270613827 1.000000028
b 0.262881952 1.000000047
b 0.255150087 1.000000067
b 0.247418234 1.000000088
b 0.239686393 1.000000108
b 0.231954566 1.000000126
b 0.224222756 1.000000143
b 0.216490962 1.000000157
b 0.208759188 1.000000168
b 0.201027434 1.000000174
b 0.193295702 1.000000176
b 0.185563994 1.000000171
b 0.177832311 1.000000161
b 0.170100655 1.000000142
b 0.162369028 1.000000116
b 0.154637431 1.000000081
b 0.146905866 1.000000036
b 0.139174334 0.999999980
b 0.131442837 0.999999914
b 0.123711370 0.999999839
b 0.115979930 0.999999756
b 0.108248515 0.999999668
b 0.100517122 0.999999574
b 0.092785746 0.999999477
b 0.085054385 0.999999379
b 0.077323035 0.999999281
b 0.069591694 0.999999184
b 0.061860358 0.999999090
b 0.054129022 0.999999001
b 0.046397686 0.999998918
b 0.038666343 0.999998843
b 0.030934992 0.999998777
b 0.023203629 0.999998722
b 0.015472250 0.999998680
b 0.007740852 0.999998652
b 0.000009432 0.999998641
b 0.000000001 0.974357648
b 0.000000081 0.948716655
b 0.000000170 0.923075667
b 0.000000251 0.897434684
b 0.000000311 0.871793704
b 0.000000341 0.846152726
b 0.000000337 0.820511748
b 0.000000300 0.794870766
b 0.000000235 0.769229779
b 0.000000151 0.743588784
b 0.000000063 0.717947782
b -0.000000010 0.692306773
b -0.000000046 0.666665761
b -0.000000024 0.641024750
b 0.000000035 0.615383745
b 0.000000110 0.589742749
b 0.000000183 0.564101762
b 0.000000239 0.538460782
b 0.000000269 0.512819807
b 0.000000269 0.487178834
b 0.000000239 0.461537859
b 0.000000183 0.435896879
b 0.000000110 0.410255891
b 0.000000035 0.384614896
b -0.000000024 0.358973891
b -0.000000046 0.333332880
b -0.000000010 0.307691868
b 0.000000063 0.282050859
b 0.000000151 0.256409857
b 0.000000235 0.230768862
b 0.000000300 0.205127875
b 0.000000337 0.179486893
b 0.000000341 0.153845915
b 0.000000311 0.128204937
b 0.000000251 0.102563957
b 0.000000170 0.076922974
b 0.000000081 0.051281985
b 0.000000001 0.025640993
b 0.000008639 0.000000000
b 0.002478607 0.000000000
b 0.004948572 0.000000000
b 0.007418532 0.000000000
b 0.009888488 0.000000000
b 0.012358441 0.000000000
b 0.014828390 0.000000000
b 0.017298336 0.000000000
b 0.019768278 0.000000000
b 0.022238217 0.000000000
b 0.024708153 0.000000000
b 0.027178087 0.000000000
b 0.029648018 0.000000000
b 0.032117946 0.000000000
b 0.034587872 0.000000000
b 0.037057796 0.000000000
b 0.039527718 0.000000000
b 0.041997638 0.000000000
b 0.044467556 0.000000000
b 0.046937473 0.000000000
b 0.049407389 0.000000000
b 0.051877304 0.000000000
b 0.054347217 0.000000000
b 0.056817130 0.000000000
b 0.059287041 0.000000000
b 0.061756953 0.000000000
b 0.064226864 0.000000000
b 0.066696774 0.000000000
b 0.069166685 0.000000000
b 0.071636596 0.000000000
b 0.074106507 0.000000000
b 0.076576418 0.000000000
b 0.079046330 0.000000000
b 0.081516243 0.000000000
b 0.083986157 0.000000000
b 0.086456071 0.000000000
b 0.088925987 0.000000000
b 0.091395904 0.000000000
b 0.093865823 0.000000000
b 0.096335743 0.000000000
b 0.098805666 0.000000000
b 0.101275590 0.000000000
b 0.103745516 0.000000000
b 0.106215445 0.000000000
b 0.108685376 0.000000000
b 0.111155309 0.000000000
b 0.113625246 0.000000000
b 0.116095185 0.000000000
b 0.118565127 0.000000000
b 0.121035073 0.000000000
b 0.123505022 0.000000000
b 0.125974974 0.000000000
b 0.128444930 0.000000000
b 0.130914890 0.000000000
b 0.133384854 0.000000000
b 0.135854972 -0.000000000
b 0.135854973 0.001555110
b 0.135854975 0.003110220
b 0.135854976 0.004665330
b 0.135854978 0.006220440
b 0.135854980 0.007775551
b 0.135854982 0.009330661
b 0.135854985 0.010885771
b 0.135854987 0.012440881
b 0.135854990 0.013995991
b 0.135854993 0.015551101
b 0.135854996 0.017106211
b 0.135854999 0.018661321
b 0.135855002 0.020216432
b 0.135855005 0.021771542
b 0.135855009 0.023326652
b 0.135855012 0.024881762
b 0.135855016 0.026436872
b 0.135855020 0.027991982
b 0.135855023 0.029547092
b 0.135855027 0.031102202
b 0.135855031 0.032657313
b 0.135855035 0.034212423
b 0.135855040 0.035767533
b 0.135855044 0.037322643
b 0.135855048 0.038877753
b 0.135855053 0.040432863
b 0.135855057 0.041987973
b 0.135855062 0.043543083
b 0.135855066 0.045098193
b 0.135855071 0.046653303
b 0.135855075 0.048208413
b 0.135855080 0.049763523
b 0.135855085 0.051318633
b 0.135855090 0.052873743
b 0.135855094 0.054428853
b 0.135855099 0.055983963
b 0.135855104 0.057539073
b 0.135855109 0.059094182
b 0.135855114 0.060649292
b 0.135901105 0.073807893
b 0.136041463 0.087155401
b 0.136279961 0.100686830
b 0.136620358 0.114397141
b 0.137066399 0.128281242
b 0.137621816 0.142333990
b 0.138290322 0.156550190
b 0.139075895 0.170926766
b 0.139983294 0.185466566
b 0.141017439 0.200173399
b 0.142183286 0.215051005
b 0.143485822 0.230103046
b 0.144930072 0.245333108
b 0.146521095 0.260744683
b 0.148264313 0.276339751
b 0.150165808 0.292117449
b 0.152231745 0.308076516
b 0.154468304 0.324215610
b 0.156881670 0.340533308
b 0.159478034 0.357028104
b 0.162263602 0.373698400
b 0.165245110 0.390542164
b 0.168430033 0.407556792
b 0.171825906 0.424739569
b 0.175440270 0.442087701
b 0.179280675 0.459598317
b 0.183354673 0.477268467
b 0.187669829 0.495095001
b 0.192233840 0.513071840
b 0.197054526 0.531190009
b 0.202139685 0.549440398
b 0.207497093 0.567813889
b 0.213134504 0.586301363
b 0.219059644 0.604893708
b 0.225280203 0.623581686
b 0.231803640 0.642354217
b 0.238637237 0.661198944
b 0.245788245 0.680103569
b 0.253263868 0.699055895
b 0.261071281 0.718043835
b 0.269217631 0.737055423
b 0.277710527 0.756079164
b 0.286561830 0.775106681
b 0.295785643 0.794131246
b 0.305396155 0.813146249
b 0.315407622 0.832145192
b 0.325834364 0.851121691
b 0.336690763 0.870069478
b 0.347989859 0.888979443
b 0.359736572 0.907825419
b 0.371932860 0.926575506
b 0.384580676 0.945198397
b 0.397681996 0.963663394
b 0.411238834 0.981940412
b 0.425253270 0.999999985
interior
i 0.053156619 0.125000022
i 0.106313283 0.125000022
i 0.053156619 0.250000044
i 0.106313283 0.250000044
i 0.053156619 0.375000066
i 0.106313283 0.375000066
i 0.159469948 0.375000066
i 0.053156619 0.500000088
i 0.106313283 0.500000088
i 0.159469948 0.500000088
i 0.053156619 0.625000110
i 0.106313283 0.625000110
i 0.159469948 0.625000110
i 0.212626612 0.625000110
i 0.053156619 0.750000132
i 0.106313283 0.750000132
i 0.159469948 0.750000132
i 0.212626612 0.750000132
i 0.265783277 0.750000132
i 0.053156619 0.875000154
i 0.106313283 0.875000154
i 0.159469948 0.875000154
i 0.212626612 0.875000154
i 0.265783277 0.875000154
i 0.318939941 0.875000154
tris
t 93 91 92
t 93 90 91
t 93 89 90
t 93 88 89
t 93 87 88
t 93 86 87
t 93 85 86
t 93 84 85
t 93 83 84
t 93 82 83
t 93 81 82
t 93 80 81
t 148 149 150
t 148 150 151
t 148 151 152
t 148 152 153
t 148 153 154
t 148 154 155
t 148 155 156
t 148 156 157
t 148 157 158
t 148 158 159
t 148 159 160
t 148 160 161
t 148 161 162
t 148 162 163
t 148 163 164
t 148 164 165
t 148 165 166
t 148 166 167
t 148 167 168
t 148 168 169
t 148 169 170
t 148 170 171
t 148 171 172
t 148 172 173
t 148 173 174
t 148 174 175
t 148 175 176
t 148 176 177
t 148 177 178
t 148 178 179
t 148 179 180
t 148 180 181
t 148 181 182
t 148 182 183
t 148 183 184
t 148 184 185
t 148 185 186
t 148 186 187
t 148 187 188
t 148 188 189
t 148 189 190
t 148 190 191
t 148 191 192
t 148 192 193
t 148 193 194
t 148 194 195
t 148 195 196
t 148 196 197
t 148 197 198
t 148 198 199
t 148 199 200
t 148 200 201
t 148 201 202
t 148 202 203
t 148 203 204
t 148 204 205
t 93 268 80
t 93 269 268
t 93 94 269
t 94 270 269
t 94 95 270
t 95 271 270
t 95 96 271
t 96 272 271
t 96 273 272
t 96 97 273
t 97 274 273
t 97 98 274
t 98 275 274
t 98 99 275
t 99 276 275
t 99 277 276
t 99 100 277
t 100 278 277
t 100 101 278
t 101 279 278
t 101 102 279
t 102 280 279
t 102 281 280
t 102 103 281
t 103 282 281
t 103 104 282
t 104 283 282
t 104 105 283
t 105 284 283
t 105 285 284
t 105 106 285
t 106 286 285
t 106 107 286
t 107 287 286
t 107 108 287
t 108 288 287
t 108 289 288
t 108 109 289
t 109 290 289
t 109 110 290
t 110 291 290
t 110 111 291
t 111 292 291
t 111 293 292
t 111 112 293
t 112 294 293
t 112 113 294
t 113 295 294
t 113 114 295
t 114 296 295
t 114 297 296
t 114 115 297
t 115 298 297
t 115 116 298
t 116 299 298
t 116 117 299
t 117 300 299
t 117 118 300
t 118 301 300
t 118 302 301
t 118 119 302
t 119 303 302
t 119 120 303
t 120 304 303
t 120 121 304
t 121 305 304
t 121 306 305
t 121 122 306
t 122 307 306
t 122 123 307
t 123 308 307
t 123 124 308
t 124 309 308
t 124 310 309
t 124 125 310
t 125 311 310
t 125 126 311
t 126 312 311
t 126 127 312
t 127 313 312
t 127 314 313
t 127 128 314
t 128 315 314
t 128 129 315
t 129 316 315
t 129 130 316
t 130 317 316
t 130 318 317
t 130 131 318
t 131 319 318
t 131 132 319
t 132 320 319
t 132 133 320
t 133 321 320
t 133 322 321
t 133 134 322
t 134 323 322
t 134 135 323
t 135 324 323
t 135 136 324
t 136 325 324
t 136 326 325
t 136 137 326
t 137 327 326
t 137 138 327
t 138 328 327
t 138 139 328
t 139 329 328
t 139 330 329
t 139 140 330
t 140 331 330
t 140 141 331
t 141 332 331
t 141 142 332
t 142 333 332
t 142 143 333
t 143 334 333
t 143 335 334
t 143 144 335
t 144 336 335
t 144 145 336
t 145 337 336
t 145 146 337
t 146 338 337
t 146 339 338
t 146 147 339
t 147 340 339
t 147 148 340
t 148 341 340
t 148 342 341
t 148 343 342
t 148 344 343
t 148 345 344
t 148 346 345
t 148 347 346
t 148 348 347
t 148 349 348
t 148 350 349
t 148 351 350
t 148 352 351
t 148 353 352
t 148 354 353
t 148 355 354
t 148 356 355
t 148 357 356
t 148 358 357
t 148 359 358
t 148 360 359
t 148 205 360
t 80 78 79
t 80 77 78
t 80 76 77
t 80 75 76
t 80 74 75
t 80 73 74
t 80 72 73
t 80 71 72
t 80 70 71
t 80 69 70
t 80 68 69
t 80 67 68
t 205 206 207
t 205 207 208
t 205 208 209
t 205 209 210
t 205 210 211
t 205 211 212
t 205 212 213
t 205 213 214
t 205 214 215
t 205 215 216
t 205 216 217
t 205 217 218
t 205 218 219
t 205 219 220
t 205 220 221
t 205 221 222
t 205 222 223
t 205 223 224
t 80 268 67
t 268 361 67
t 268 269 361
t 269 362 361
t 269 270 362
t 270 363 362
t 270 271 363
t 271 364 363
t 271 272 364
t 272 365 364
t 272 273 365
t 273 366 365
t 273 274 366
t 274 367 366
t 274 275 367
t 275 368 367
t 275 276 368
t 276 369 368
t 276 277 369
t 277 370 369
t 277 278 370
t 278 371 370
t 278 279 371
t 279 372 371
t 279 280 372
t 280 373 372
t 280 281 373
t 281 374 373
t 281 282 374
t 282 375 374
t 282 283 375
t 283 376 375
t 283 284 376
t 284 377 376
t 284 285 377
t 285 378 377
t 285 286 378
t 286 379 378
t 286 287 379
t 287 380 379
t 287 288 380
t 288 381 380
t 288 289 381
t 289 382 381
t 289 290 382
t 290 383 382
t 290 291 383
t 291 384 383
t 291 292 384
t 292 385 384
t 292 293 385
t 293 386 385
t 293 294 386
t 294 387 386
t 294 295 387
t 295 388 387
t 295 296 388
t 296 389 388
t 296 297 389
t 297 390 389
t 297 298 390
t 298 391 390
t 298 299 391
t 299 392 391
t 299 300 392
t 300 393 392
t 300 301 393
t 301 394 393
t 301 302 394
t 302 395 394
t 302 303 395
t 303 396 395
t 303 304 396
t 304 397 396
t 304 305 397
t 305 398 397
t 305 306 398
t 306 399 398
t 306 307 399
t 307 400 399
t 307 308 400
t 308 401 400
t 308 309 401
t 309 402 401
t 309 310 402
t 310 403 402
t 310 311 403
t 311 404 403
t 311 312 404
t 312 405 404
t 312 313 405
t 313 406 405
t 313 314 406
t 314 407 406
t 314 315 407
t 315 408 407
t 315 316 408
t 316 409 408
t 316 317 409
t 317 410 409
t 317 318 410
t 318 411 410
t 318 319 411
t 319 412 411
t 319 320 412
t 320 413 412
t 320 321 413
t 321 414 413
t 321 322 414
t 322 415 414
t 322 323 415
t 323 416 415
t 323 324 416
t 324 417 416
t 324 325 417
t 325 418 417
t 325 326 418
t 326 419 418
t 326 327 419
t 327 420 419
t 327 328 420
t 328 421 420
t 328 329 421
t 329 422 421
t 329 330 422
t 330 423 422
t 330 331 423
t 331 424 423
t 331 332 424
t 332 425 424
t 332 333 425
t 333 426 425
t 333 334 426
t 334 427 426
t 334 335 427
t 335 428 427
t 335 336 428
t 336 429 428
t 336 337 429
t 337 430 429
t 337 338 430
t 338 431 430
t 338 339 431
t 339 432 431
t 339 340 432
t 340 433 432
t 340 341 433
t 341 434 433
t 341 342 434
t 342 435 434
t 342 343 435
t 343 436 435
t 343 344 436
t 344 437 436
t 344 345 437
t 345 438 437
t 345 346 438
t 346 439 438
t 346 347 439
t 347 440 439
t 347 348 440
t 348 441 440
t 348 349 441
t 349 442 441
t 349 350 442
t 350 443 442
t 350 351 443
t 351 444 443
t 351 352 444
t 352 445 444
t 352 353 445
t 353 446 445
t 353 354 446
t 354 447 446
t 354 355 447
t 355 448 447
t 355 356 448
t 356 449 448
t 356 357 449
t 357 450 449
t 357 358 450
t 358 451 450
t 358 359 451
t 359 452 451
t 359 360 452
t 360 453 452
t 360 205 453
t 205 454 453
t 205 455 454
t 205 456 455
t 205 457 456
t 205 458 457
t 205 459 458
t 205 460 459
t 205 461 460
t 205 462 461
t 205 463 462
t 205 464 463
t 205 465 464
t 205 466 465
t 205 467 466
t 205 468 467
t 205 469 468
t 205 470 469
t 205 471 470
t 205 472 471
t 205 473 472
t 205 474 473
t 205 475 474
t 205 476 475
t 205 477 476
t 205 478 477
t 205 479 478
t 205 480 479
t 205 481 480
t 205 482 481
t 205 483 482
t 205 224 483
t 67 65 66
t 67 64 65
t 67 63 64
t 67 62 63
t 67 61 62
t 67 60 61
t 67 59 60
t 67 58 59
t 67 57 58
t 67 56 57
t 67 55 56
t 67 54 55
t 67 53 54
t 67 52 53
t 67 51 52
t 67 50 51
t 67 49 50
t 67 48 49
t 67 47 48
t 67 46 47
t 67 45 46
t 67 44 45
t 67 43 44
t 67 42 43
t 67 41 42
t 67 40 41
t 67 39 40
t 67 38 39
t 67 37 38
t 67 36 37
t 67 35 36
t 67 34 35
t 224 225 226
t 224 226 227
t 224 227 228
t 224 228 229
t 224 229 230
t 224 230 231
t 224 231 232
t 224 232 233
t 224 233 234
t 224 234 235
t 224 235 236
t 224 236 237
t 224 237 238
t 224 238 239
t 224 239 240
t 224 240 241
t 224 241 242
t 224 242 0
t 224 0 1
t 224 1 2
t 224 2 3
t 224 3 4
t 224 4 5
t 224 5 6
t 224 6 7
t 224 7 8
t 224 8 9
t 224 9 10
t 224 10 11
t 224 11 12
t 224 12 13
t 224 13 14
t 224 14 15
t 224 15 16
t 224 16 17
t 224 17 18
t 224 18 19
t 224 19 20
t 224 20 21
t 224 21 22
t 67 361 34
t 361 362 34
t 362 363 34
t 363 364 34
t 364 365 34
t 365 366 34
t 366 367 34
t 367 368 34
t 368 369 34
t 369 370 34
t 370 371 34
t 371 372 34
t 372 373 34
t 373 374 34
t 374 375 34
t 375 376 34
t 376 377 34
t 377 378 34
t 378 379 34
t 379 380 34
t 380 381 34
t 381 382 34
t 382 383 34
t 383 384 34
t 384 385 34
t 385 386 34
t 386 387 34
t 387 388 34
t 388 389 34
t 389 390 34
t 390 391 34
t 391 392 34
t 392 393 34
t 393 394 34
t 394 395 34
t 395 396 34
t 396 397 34
t 397 398 34
t 398 399 34
t 399 400 34
t 400 401 34
t 401 402 34
t 402 403 34
t 403 404 34
t 404 405 34
t 405 406 34
t 406 407 34
t 407 408 34
t 408 409 34
t 409 410 34
t 410 411 34
t 411 412 34
t 412 413 34
t 413 414 34
t 414 415 34
t 415 416 34
t 416 417 34
t 417 418 34
t 418 419 34
t 419 420 34
t 420 421 34
t 421 422 34
t 422 423 34
t 423 424 34
t 424 425 34
t 425 426 34
t 426 427 34
t 427 428 34
t 428 429 34
t 429 430 34
t 430 431 34
t 431 432 34
t 432 433 34
t 433 434 34
t 434 435 34
t 435 436 34
t 436 437 34
t 437 438 34
t 438 439 34
t 439 440 34
t 440 441 34
t 441 442 34
t 442 443 34
t 443 444 34
t 444 445 34
t 445 446 34
t 446 447 34
t 447 448 34
t 448 449 34
t 449 450 34
t 450 451 34
t 451 452 34
t 452 453 34
t 453 454 34
t 454 455 34
t 455 456 34
t 456 457 34
t 457 458 34
t 458 459 34
t 459 33 34
t 459 460 33
t 460 461 33
t 461 462 33
t 462 32 33
t 462 463 32
t 463 464 32
t 464 465 32
t 465 31 32
t 465 466 31
t 466 467 31
t 467 468 31
t 468 30 31
t 468 469 30
t 469 470 30
t 470 471 30
t 471 29 30
t 471 472 29
t 472 473 29
t 473 28 29
t 473 474 28
t 474 475 28
t 475 476 28
t 476 27 28
t 476 477 27
t 477 478 27
t 478 26 27
t 478 479 26
t 479 480 26
t 480 25 26
t 480 481 25
t 481 482 25
t 482 483 25
t 483 24 25
t 483 224 24
t 224 23 24
t 224 22 23
