type=Nurbs forward=false n_boundary=165 n_holes=0 n_interior=78 n_tris=2369 label=brep47598_f176_Nurbs(deg=3/3, cps=4x15)
boundary
b 0.939659743 0.018245183
b 0.939670715 0.036493530
b 0.939684500 0.054739878
b 0.939697865 0.072979026
b 0.939707527 0.091205874
b 0.939707884 0.109417960
b 0.939690603 0.127615789
b 0.939646910 0.145800022
b 0.939581444 0.163970491
b 0.939521996 0.182125440
b 0.939480344 0.200263738
b 0.939466004 0.218384201
b 0.939488218 0.236485495
b 0.939546007 0.254566439
b 0.939614831 0.272626504
b 0.939666878 0.290665370
b 0.939690539 0.308685180
b 0.939702087 0.326692175
b 0.939708404 0.344692225
b 0.939708528 0.362690759
b 0.939701828 0.380693238
b 0.939688115 0.398705142
b 0.939667815 0.416731913
b 0.939645961 0.434778368
b 0.939628167 0.452846164
b 0.939615716 0.470933713
b 0.939609442 0.489039233
b 0.939609991 0.507160945
b 0.939617624 0.525297095
b 0.939630907 0.543446029
b 0.939647552 0.561606263
b 0.939665070 0.579776530
b 0.939680734 0.597956445
b 0.939691709 0.616146231
b 0.939695231 0.634346055
b 0.939691019 0.652555817
b 0.939681653 0.670775184
b 0.939669818 0.689003875
b 0.939658145 0.707241679
b 0.939649040 0.725488443
b 0.939643139 0.743743939
b 0.939640087 0.762007801
b 0.939639534 0.780279412
b 0.939641119 0.798558045
b 0.939644425 0.816843020
b 0.939648993 0.835133704
b 0.939654318 0.853429515
b 0.939659588 0.871729949
b 0.939662666 0.890034760
b 0.939663255 0.908344499
b 0.939662079 0.926660068
b 0.939659870 0.944982409
b 0.939657369 0.963312500
b 0.939655321 0.981651351
b 0.939654483 0.999999997
b 0.922251416 0.999919104
b 0.905095311 0.999838748
b 0.888160612 0.999758918
b 0.871422226 0.999679606
b 0.854855539 0.999600802
b 0.838436417 0.999522495
b 0.822141212 0.999444676
b 0.805946769 0.999367335
b 0.789830424 0.999290461
b 0.773770014 0.999214045
b 0.757743880 0.999138074
b 0.741735474 0.999062560
b 0.725747065 0.998987596
b 0.709785770 0.998913295
b 0.693858879 0.998839768
b 0.677973787 0.998767127
b 0.662137929 0.998695479
b 0.646358716 0.998624932
b 0.630643470 0.998555590
b 0.614999360 0.998487557
b 0.599433346 0.998420935
b 0.583952116 0.998355823
b 0.568558263 0.998292303
b 0.553239044 0.998230387
b 0.537977896 0.998170072
b 0.522758243 0.998111352
b 0.507563498 0.998054222
b 0.492377074 0.997998676
b 0.477182377 0.997944707
b 0.461962818 0.997892307
b 0.446701814 0.997841469
b 0.431382786 0.997792185
b 0.415989174 0.997744445
b 0.400508237 0.997698250
b 0.384942585 0.997653641
b 0.369298927 0.997610665
b 0.353584242 0.997569372
b 0.337805725 0.997529805
b 0.321970724 0.997492007
b 0.306086676 0.997456022
b 0.290161047 0.997421889
b 0.274201262 0.997389647
b 0.258214642 0.997359333
b 0.242208342 0.997330982
b 0.226184656 0.997304620
b 0.210127044 0.997280230
b 0.194013846 0.997257784
b 0.177822903 0.997237255
b 0.161531554 0.997218618
b 0.145116652 0.997201845
b 0.128554557 0.997186910
b 0.111821148 0.997173785
b 0.094891824 0.997162444
b 0.077741511 0.997152860
b 0.060344670 0.997145006
b 0.065362897 0.976059799
b 0.070707365 0.954979897
b 0.076376383 0.933905330
b 0.082369570 0.912836259
b 0.088687914 0.891772965
b 0.095332565 0.870715268
b 0.102305622 0.849661972
b 0.109620514 0.828613909
b 0.117294002 0.807572144
b 0.125344529 0.786537591
b 0.133786607 0.765511729
b 0.142615540 0.744499036
b 0.151829625 0.723504358
b 0.161438579 0.702531363
b 0.171456160 0.681583712
b 0.181898661 0.660665156
b 0.192783610 0.639779471
b 0.204131744 0.618930657
b 0.215973466 0.598123593
b 0.228351694 0.577364132
b 0.241285776 0.556665969
b 0.254697471 0.536075488
b 0.268509671 0.515649896
b 0.282675034 0.495449077
b 0.297176985 0.475534040
b 0.312021281 0.455956682
b 0.327218775 0.436728684
b 0.342779175 0.417853250
b 0.358712252 0.399335687
b 0.375033538 0.381183773
b 0.391759048 0.363404999
b 0.408879311 0.345998228
b 0.426375597 0.328961557
b 0.444226861 0.312294941
b 0.462408521 0.296000697
b 0.480901423 0.280078035
b 0.499728776 0.264503206
b 0.518918518 0.249246564
b 0.538493331 0.234278635
b 0.558470958 0.219570517
b 0.578870799 0.205092784
b 0.599757184 0.190808299
b 0.621205475 0.176677450
b 0.643291685 0.162660231
b 0.666093756 0.148716355
b 0.689682054 0.134799160
b 0.714108821 0.120837338
b 0.739420174 0.106753155
b 0.765662229 0.092468671
b 0.792884758 0.077905913
b 0.821098049 0.063001681
b 0.850126904 0.047749917
b 0.879734551 0.032159179
b 0.909667192 0.016238952
b 0.939655085 -0.000000000
interior
i 0.719867563 0.125000000
i 0.829788046 0.125000000
i 0.609947081 0.249999999
i 0.719867563 0.249999999
i 0.829788046 0.249999999
i 0.390106117 0.374999999
i 0.500026599 0.374999999
i 0.609947081 0.374999999
i 0.719867563 0.374999999
i 0.829788046 0.374999999
i 0.390106117 0.499999999
i 0.500026599 0.499999999
i 0.609947081 0.499999999
i 0.719867563 0.499999999
i 0.829788046 0.499999999
i 0.280185634 0.624999998
i 0.390106117 0.624999998
i 0.500026599 0.624999998
i 0.609947081 0.624999998
i 0.719867563 0.624999998
i 0.829788046 0.624999998
i 0.170265152 0.749999998
i 0.280185634 0.749999998
i 0.390106117 0.749999998
i 0.500026599 0.749999998
i 0.609947081 0.749999998
i 0.719867563 0.749999998
i 0.829788046 0.749999998
i 0.170265152 0.874999998
i 0.280185634 0.874999998
i 0.390106117 0.874999998
i 0.500026599 0.874999998
i 0.609947081 0.874999998
i 0.719867563 0.874999998
i 0.829788046 0.874999998
i 0.115304911 0.937499997
i 0.225225393 0.687499998
i 0.225225393 0.812499998
i 0.225225393 0.937499997
i 0.335145876 0.437499999
i 0.335145876 0.562499998
i 0.335145876 0.687499998
i 0.335145876 0.812499998
i 0.335145876 0.937499997
i 0.445066358 0.312499999
i 0.445066358 0.437499999
i 0.445066358 0.562499998
i 0.445066358 0.687499998
i 0.445066358 0.812499998
i 0.445066358 0.937499997
i 0.554986840 0.312499999
i 0.554986840 0.437499999
i 0.554986840 0.562499998
i 0.554986840 0.687499998
i 0.554986840 0.812499998
i 0.554986840 0.937499997
i 0.664907322 0.187499999
i 0.664907322 0.312499999
i 0.664907322 0.437499999
i 0.664907322 0.562499998
i 0.664907322 0.687499998
i 0.664907322 0.812499998
i 0.664907322 0.937499997
i 0.774827804 0.187499999
i 0.774827804 0.312499999
i 0.774827804 0.437499999
i 0.774827804 0.562499998
i 0.774827804 0.687499998
i 0.774827804 0.812499998
i 0.774827804 0.937499997
i 0.884748287 0.062500000
i 0.884748287 0.187499999
i 0.884748287 0.312499999
i 0.884748287 0.437499999
i 0.884748287 0.562499998
i 0.884748287 0.687499998
i 0.884748287 0.812499998
i 0.884748287 0.937499997
tris
t 164 162 163
t 164 161 162
t 164 160 161
t 164 159 160
t 164 158 159
t 164 157 158
t 164 156 157
t 164 155 156
t 164 0 1
t 164 1 2
t 164 2 3
t 164 3 4
t 164 4 5
t 164 5 6
t 164 243 155
t 164 244 243
t 164 245 244
t 164 246 245
t 164 247 246
t 164 248 247
t 164 249 248
t 164 250 249
t 164 251 250
t 164 252 251
t 164 253 252
t 164 254 253
t 164 255 254
t 164 256 255
t 164 257 256
t 164 258 257
t 164 259 258
t 164 260 259
t 164 261 260
t 164 262 261
t 164 263 262
t 164 264 263
t 164 265 264
t 164 266 265
t 164 267 266
t 164 268 267
t 164 269 268
t 164 270 269
t 164 271 270
t 164 272 271
t 164 273 272
t 164 274 273
t 164 275 274
t 164 276 275
t 164 277 276
t 164 278 277
t 164 279 278
t 164 280 279
t 164 281 280
t 164 282 281
t 164 283 282
t 164 284 283
t 164 285 284
t 164 286 285
t 164 287 286
t 164 288 287
t 164 289 288
t 164 290 289
t 164 291 290
t 164 292 291
t 164 293 292
t 164 294 293
t 164 295 294
t 164 296 295
t 164 297 296
t 164 298 297
t 164 299 298
t 164 6 299
t 155 153 154
t 155 152 153
t 155 151 152
t 155 150 151
t 155 149 150
t 155 148 149
t 155 147 148
t 155 146 147
t 155 145 146
t 6 7 8
t 6 8 9
t 6 9 10
t 6 10 11
t 6 11 12
t 6 12 13
t 6 13 14
t 155 300 145
t 155 301 300
t 155 302 301
t 155 303 302
t 155 304 303
t 155 305 304
t 155 306 305
t 155 307 306
t 155 308 307
t 155 309 308
t 155 310 309
t 155 311 310
t 155 312 311
t 155 313 312
t 155 314 313
t 155 315 314
t 155 316 315
t 155 317 316
t 155 318 317
t 155 319 318
t 155 320 319
t 155 321 320
t 155 322 321
t 155 243 322
t 243 323 322
t 243 244 323
t 244 324 323
t 244 245 324
t 245 325 324
t 245 246 325
t 246 326 325
t 246 247 326
t 247 327 326
t 247 248 327
t 248 328 327
t 248 249 328
t 249 329 328
t 249 250 329
t 250 330 329
t 250 251 330
t 251 331 330
t 251 252 331
t 252 332 331
t 252 253 332
t 253 333 332
t 253 254 333
t 254 334 333
t 254 255 334
t 255 335 334
t 255 256 335
t 256 336 335
t 256 257 336
t 257 337 336
t 257 258 337
t 258 338 337
t 258 259 338
t 259 339 338
t 259 260 339
t 260 340 339
t 260 261 340
t 261 341 340
t 261 262 341
t 262 342 341
t 262 263 342
t 263 343 342
t 263 264 343
t 264 344 343
t 264 265 344
t 265 345 344
t 265 266 345
t 266 346 345
t 266 267 346
t 267 347 346
t 267 268 347
t 268 348 347
t 268 269 348
t 269 349 348
t 269 270 349
t 270 350 349
t 270 271 350
t 271 351 350
t 271 272 351
t 272 352 351
t 272 273 352
t 273 14 352
t 273 274 14
t 274 275 14
t 275 276 14
t 276 277 14
t 277 278 14
t 278 279 14
t 279 280 14
t 280 281 14
t 281 282 14
t 282 283 14
t 283 284 14
t 284 285 14
t 285 286 14
t 286 287 14
t 287 288 14
t 288 289 14
t 289 290 14
t 290 291 14
t 291 292 14
t 292 293 14
t 293 294 14
t 294 295 14
t 295 296 14
t 296 297 14
t 297 298 14
t 298 299 14
t 299 6 14
t 145 143 144
t 145 142 143
t 145 141 142
t 145 140 141
t 145 139 140
t 145 138 139
t 145 137 138
t 14 15 16
t 14 16 17
t 14 17 18
t 14 18 19
t 14 19 20
t 14 20 21
t 14 21 22
t 145 353 137
t 145 354 353
t 145 355 354
t 145 356 355
t 145 357 356
t 145 358 357
t 145 359 358
t 145 360 359
t 145 361 360
t 145 362 361
t 145 363 362
t 145 364 363
t 145 365 364
t 145 366 365
t 145 367 366
t 145 368 367
t 145 369 368
t 145 300 369
t 300 370 369
t 300 301 370
t 301 371 370
t 301 302 371
t 302 372 371
t 302 303 372
t 303 373 372
t 303 304 373
t 304 374 373
t 304 305 374
t 305 375 374
t 305 306 375
t 306 376 375
t 306 307 376
t 307 377 376
t 307 308 377
t 308 378 377
t 308 309 378
t 309 379 378
t 309 310 379
t 310 380 379
t 310 311 380
t 311 381 380
t 311 312 381
t 312 382 381
t 312 313 382
t 313 383 382
t 313 314 383
t 314 384 383
t 314 315 384
t 315 385 384
t 315 316 385
t 316 386 385
t 316 317 386
t 317 387 386
t 317 318 387
t 318 388 387
t 318 319 388
t 319 389 388
t 319 320 389
t 320 390 389
t 320 321 390
t 321 391 390
t 321 322 391
t 322 392 391
t 322 323 392
t 323 393 392
t 323 324 393
t 324 394 393
t 324 325 394
t 325 395 394
t 325 326 395
t 326 396 395
t 326 327 396
t 327 397 396
t 327 328 397
t 328 398 397
t 328 329 398
t 329 399 398
t 329 330 399
t 330 400 399
t 330 331 400
t 331 401 400
t 331 332 401
t 332 402 401
t 332 333 402
t 333 403 402
t 333 334 403
t 334 404 403
t 334 335 404
t 335 405 404
t 335 336 405
t 336 406 405
t 336 337 406
t 337 407 406
t 337 338 407
t 338 408 407
t 338 339 408
t 339 409 408
t 339 340 409
t 340 410 409
t 340 341 410
t 341 411 410
t 341 342 411
t 342 412 411
t 342 343 412
t 343 413 412
t 343 344 413
t 344 414 413
t 344 345 414
t 345 415 414
t 345 346 415
t 346 416 415
t 346 347 416
t 347 417 416
t 347 348 417
t 348 418 417
t 348 349 418
t 349 419 418
t 349 350 419
t 350 420 419
t 350 351 420
t 351 421 420
t 351 352 421
t 352 422 421
t 352 14 422
t 14 423 422
t 14 424 423
t 14 425 424
t 14 426 425
t 14 427 426
t 14 428 427
t 14 429 428
t 14 430 429
t 14 431 430
t 14 432 431
t 14 433 432
t 14 434 433
t 14 435 434
t 14 436 435
t 14 437 436
t 14 438 437
t 14 439 438
t 14 440 439
t 14 441 440
t 14 442 441
t 14 22 442
t 137 135 136
t 137 134 135
t 137 133 134
t 137 132 133
t 137 131 132
t 137 130 131
t 22 23 24
t 22 24 25
t 22 25 26
t 22 26 27
t 22 27 28
t 22 28 29
t 22 29 30
t 137 443 130
t 137 444 443
t 137 445 444
t 137 446 445
t 137 447 446
t 137 448 447
t 137 449 448
t 137 450 449
t 137 451 450
t 137 452 451
t 137 453 452
t 137 454 453
t 137 455 454
t 137 456 455
t 137 353 456
t 353 457 456
t 353 354 457
t 354 458 457
t 354 355 458
t 355 459 458
t 355 356 459
t 356 460 459
t 356 357 460
t 357 461 460
t 357 358 461
t 358 462 461
t 358 359 462
t 359 463 462
t 359 360 463
t 360 464 463
t 360 361 464
t 361 465 464
t 361 362 465
t 362 466 465
t 362 363 466
t 363 467 466
t 363 364 467
t 364 468 467
t 364 365 468
t 365 469 468
t 365 366 469
t 366 470 469
t 366 367 470
t 367 471 470
t 367 368 471
t 368 472 471
t 368 369 472
t 369 473 472
t 369 370 473
t 370 474 473
t 370 371 474
t 371 475 474
t 371 372 475
t 372 476 475
t 372 373 476
t 373 477 476
t 373 374 477
t 374 478 477
t 374 375 478
t 375 479 478
t 375 376 479
t 376 480 479
t 376 377 480
t 377 481 480
t 377 378 481
t 378 482 481
t 378 379 482
t 379 483 482
t 379 380 483
t 380 484 483
t 380 381 484
t 381 485 484
t 381 382 485
t 382 486 485
t 382 383 486
t 383 487 486
t 383 384 487
t 384 488 487
t 384 385 488
t 385 489 488
t 385 386 489
t 386 490 489
t 386 387 490
t 387 491 490
t 387 388 491
t 388 492 491
t 388 389 492
t 389 493 492
t 389 390 493
t 390 494 493
t 390 391 494
t 391 495 494
t 391 392 495
t 392 496 495
t 392 393 496
t 393 497 496
t 393 394 497
t 394 498 497
t 394 395 498
t 395 499 498
t 395 396 499
t 396 500 499
t 396 397 500
t 397 501 500
t 397 398 501
t 398 502 501
t 398 399 502
t 399 503 502
t 399 400 503
t 400 504 503
t 400 401 504
t 401 505 504
t 401 402 505
t 402 506 505
t 402 403 506
t 403 507 506
t 403 404 507
t 404 508 507
t 404 405 508
t 405 509 508
t 405 406 509
t 406 510 509
t 406 407 510
t 407 511 510
t 407 408 511
t 408 512 511
t 408 409 512
t 409 513 512
t 409 410 513
t 410 514 513
t 410 411 514
t 411 515 514
t 411 412 515
t 412 516 515
t 412 413 516
t 413 517 516
t 413 414 517
t 414 518 517
t 414 415 518
t 415 519 518
t 415 416 519
t 416 520 519
t 416 417 520
t 417 521 520
t 417 418 521
t 418 522 521
t 418 419 522
t 419 523 522
t 419 420 523
t 420 524 523
t 420 421 524
t 421 525 524
t 421 422 525
t 422 526 525
t 422 423 526
t 423 527 526
t 423 424 527
t 424 528 527
t 424 425 528
t 425 529 528
t 425 426 529
t 426 530 529
t 426 427 530
t 427 531 530
t 427 428 531
t 428 532 531
t 428 429 532
t 429 533 532
t 429 430 533
t 430 534 533
t 430 431 534
t 431 535 534
t 431 432 535
t 432 536 535
t 432 433 536
t 433 30 536
t 433 434 30
t 434 435 30
t 435 436 30
t 436 437 30
t 437 438 30
t 438 439 30
t 439 440 30
t 440 441 30
t 441 442 30
t 442 22 30
t 130 128 129
t 130 127 128
t 130 126 127
t 130 125 126
t 130 124 125
t 130 123 124
t 30 31 32
t 30 32 33
t 30 33 34
t 30 34 35
t 30 35 36
t 30 36 37
t 30 37 38
t 130 537 123
t 130 538 537
t 130 539 538
t 130 540 539
t 130 541 540
t 130 542 541
t 130 543 542
t 130 544 543
t 130 545 544
t 130 546 545
t 130 547 546
t 130 548 547
t 130 443 548
t 443 549 548
t 443 444 549
t 444 550 549
t 444 445 550
t 445 551 550
t 445 446 551
t 446 552 551
t 446 447 552
t 447 553 552
t 447 448 553
t 448 554 553
t 448 449 554
t 449 555 554
t 449 450 555
t 450 556 555
t 450 451 556
t 451 557 556
t 451 452 557
t 452 558 557
t 452 453 558
t 453 559 558
t 453 454 559
t 454 560 559
t 454 455 560
t 455 561 560
t 455 456 561
t 456 562 561
t 456 457 562
t 457 563 562
t 457 458 563
t 458 564 563
t 458 459 564
t 459 565 564
t 459 460 565
t 460 566 565
t 460 461 566
t 461 567 566
t 461 462 567
t 462 568 567
t 462 463 568
t 463 569 568
t 463 464 569
t 464 570 569
t 464 465 570
t 465 571 570
t 465 466 571
t 466 572 571
t 466 467 572
t 467 573 572
t 467 468 573
t 468 574 573
t 468 469 574
t 469 575 574
t 469 470 575
t 470 576 575
t 470 471 576
t 471 577 576
t 471 472 577
t 472 578 577
t 472 473 578
t 473 579 578
t 473 474 579
t 474 580 579
t 474 475 580
t 475 581 580
t 475 476 581
t 476 582 581
t 476 477 582
t 477 583 582
t 477 478 583
t 478 584 583
t 478 479 584
t 479 585 584
t 479 480 585
t 480 586 585
t 480 481 586
t 481 587 586
t 481 482 587
t 482 588 587
t 482 483 588
t 483 589 588
t 483 484 589
t 484 590 589
t 484 485 590
t 485 591 590
t 485 486 591
t 486 592 591
t 486 487 592
t 487 593 592
t 487 488 593
t 488 594 593
t 488 489 594
t 489 595 594
t 489 490 595
t 490 596 595
t 490 491 596
t 491 597 596
t 491 492 597
t 492 598 597
t 492 493 598
t 493 599 598
t 493 494 599
t 494 600 599
t 494 495 600
t 495 601 600
t 495 496 601
t 496 602 601
t 496 497 602
t 497 603 602
t 497 498 603
t 498 604 603
t 498 499 604
t 499 605 604
t 499 500 605
t 500 606 605
t 500 501 606
t 501 607 606
t 501 502 607
t 502 608 607
t 502 503 608
t 503 609 608
t 503 504 609
t 504 610 609
t 504 505 610
t 505 611 610
t 505 506 611
t 506 612 611
t 506 507 612
t 507 613 612
t 507 508 613
t 508 614 613
t 508 509 614
t 509 615 614
t 509 510 615
t 510 616 615
t 510 511 616
t 511 617 616
t 511 512 617
t 512 618 617
t 512 513 618
t 513 619 618
t 513 514 619
t 514 620 619
t 514 515 620
t 515 621 620
t 515 516 621
t 516 622 621
t 516 517 622
t 517 623 622
t 517 518 623
t 518 624 623
t 518 519 624
t 519 625 624
t 519 520 625
t 520 626 625
t 520 521 626
t 521 627 626
t 521 522 627
t 522 628 627
t 522 523 628
t 523 629 628
t 523 524 629
t 524 630 629
t 524 525 630
t 525 631 630
t 525 526 631
t 526 632 631
t 526 527 632
t 527 633 632
t 527 528 633
t 528 634 633
t 528 529 634
t 529 635 634
t 529 530 635
t 530 636 635
t 530 531 636
t 531 637 636
t 531 532 637
t 532 638 637
t 532 533 638
t 533 639 638
t 533 534 639
t 534 640 639
t 534 535 640
t 535 641 640
t 535 536 641
t 536 642 641
t 536 643 642
t 536 30 643
t 30 644 643
t 30 645 644
t 30 646 645
t 30 38 646
t 123 121 122
t 123 120 121
t 38 39 40
t 38 40 41
t 38 41 42
t 123 647 120
t 123 648 647
t 123 649 648
t 123 650 649
t 123 537 650
t 537 651 650
t 537 538 651
t 538 652 651
t 538 539 652
t 539 653 652
t 539 540 653
t 540 654 653
t 540 541 654
t 541 655 654
t 541 542 655
t 542 656 655
t 542 543 656
t 543 657 656
t 543 544 657
t 544 658 657
t 544 545 658
t 545 659 658
t 545 546 659
t 546 660 659
t 546 547 660
t 547 661 660
t 547 548 661
t 548 662 661
t 548 549 662
t 549 663 662
t 549 550 663
t 550 664 663
t 550 551 664
t 551 665 664
t 551 552 665
t 552 666 665
t 552 553 666
t 553 667 666
t 553 554 667
t 554 668 667
t 554 555 668
t 555 669 668
t 555 556 669
t 556 670 669
t 556 557 670
t 557 671 670
t 557 558 671
t 558 672 671
t 558 559 672
t 559 673 672
t 559 560 673
t 560 674 673
t 560 561 674
t 561 675 674
t 561 562 675
t 562 676 675
t 562 563 676
t 563 677 676
t 563 564 677
t 564 678 677
t 564 565 678
t 565 679 678
t 565 566 679
t 566 680 679
t 566 567 680
t 567 681 680
t 567 568 681
t 568 682 681
t 568 569 682
t 569 683 682
t 569 570 683
t 570 684 683
t 570 571 684
t 571 685 684
t 571 572 685
t 572 686 685
t 572 573 686
t 573 687 686
t 573 574 687
t 574 688 687
t 574 575 688
t 575 689 688
t 575 576 689
t 576 690 689
t 576 577 690
t 577 691 690
t 577 578 691
t 578 692 691
t 578 579 692
t 579 693 692
t 579 580 693
t 580 694 693
t 580 581 694
t 581 695 694
t 581 582 695
t 582 696 695
t 582 583 696
t 583 697 696
t 583 584 697
t 584 698 697
t 584 585 698
t 585 699 698
t 585 586 699
t 586 700 699
t 586 587 700
t 587 701 700
t 587 588 701
t 588 702 701
t 588 589 702
t 589 703 702
t 589 590 703
t 590 704 703
t 590 591 704
t 591 705 704
t 591 592 705
t 592 706 705
t 592 593 706
t 593 707 706
t 593 594 707
t 594 708 707
t 594 595 708
t 595 709 708
t 595 596 709
t 596 710 709
t 596 597 710
t 597 711 710
t 597 598 711
t 598 712 711
t 598 599 712
t 599 713 712
t 599 600 713
t 600 714 713
t 600 601 714
t 601 715 714
t 601 602 715
t 602 716 715
t 602 603 716
t 603 717 716
t 603 604 717
t 604 718 717
t 604 605 718
t 605 719 718
t 605 606 719
t 606 720 719
t 606 607 720
t 607 721 720
t 607 608 721
t 608 722 721
t 608 609 722
t 609 723 722
t 609 610 723
t 610 724 723
t 610 611 724
t 611 725 724
t 611 612 725
t 612 726 725
t 612 613 726
t 613 727 726
t 613 614 727
t 614 728 727
t 614 615 728
t 615 729 728
t 615 616 729
t 616 730 729
t 616 617 730
t 617 731 730
t 617 618 731
t 618 732 731
t 618 619 732
t 619 733 732
t 619 620 733
t 620 734 733
t 620 621 734
t 621 735 734
t 621 622 735
t 622 736 735
t 622 623 736
t 623 737 736
t 623 624 737
t 624 738 737
t 624 625 738
t 625 739 738
t 625 626 739
t 626 740 739
t 626 627 740
t 627 741 740
t 627 628 741
t 628 742 741
t 628 629 742
t 629 743 742
t 629 630 743
t 630 744 743
t 630 631 744
t 631 745 744
t 631 632 745
t 632 746 745
t 632 633 746
t 633 747 746
t 633 634 747
t 634 748 747
t 634 635 748
t 635 749 748
t 635 636 749
t 636 750 749
t 636 637 750
t 637 751 750
t 637 638 751
t 638 42 751
t 638 639 42
t 639 640 42
t 640 641 42
t 641 642 42
t 642 643 42
t 643 644 42
t 644 645 42
t 645 646 42
t 646 38 42
t 120 118 119
t 120 117 118
t 120 116 117
t 42 43 44
t 42 44 45
t 42 45 46
t 120 752 116
t 120 753 752
t 120 754 753
t 120 755 754
t 120 756 755
t 120 757 756
t 120 647 757
t 647 758 757
t 647 648 758
t 648 759 758
t 648 649 759
t 649 760 759
t 649 650 760
t 650 761 760
t 650 651 761
t 651 762 761
t 651 652 762
t 652 763 762
t 652 653 763
t 653 764 763
t 653 654 764
t 654 765 764
t 654 655 765
t 655 766 765
t 655 656 766
t 656 767 766
t 656 657 767
t 657 768 767
t 657 658 768
t 658 769 768
t 658 659 769
t 659 770 769
t 659 660 770
t 660 771 770
t 660 661 771
t 661 772 771
t 661 662 772
t 662 773 772
t 662 663 773
t 663 774 773
t 663 664 774
t 664 775 774
t 664 665 775
t 665 776 775
t 665 666 776
t 666 777 776
t 666 667 777
t 667 778 777
t 667 668 778
t 668 779 778
t 668 669 779
t 669 780 779
t 669 670 780
t 670 781 780
t 670 671 781
t 671 782 781
t 671 672 782
t 672 783 782
t 672 673 783
t 673 784 783
t 673 674 784
t 674 785 784
t 674 675 785
t 675 786 785
t 675 676 786
t 676 787 786
t 676 677 787
t 677 788 787
t 677 678 788
t 678 789 788
t 678 679 789
t 679 790 789
t 679 680 790
t 680 791 790
t 680 681 791
t 681 792 791
t 681 682 792
t 682 793 792
t 682 683 793
t 683 794 793
t 683 684 794
t 684 795 794
t 684 685 795
t 685 796 795
t 685 686 796
t 686 797 796
t 686 687 797
t 687 798 797
t 687 688 798
t 688 799 798
t 688 689 799
t 689 800 799
t 689 690 800
t 690 801 800
t 690 691 801
t 691 802 801
t 691 692 802
t 692 803 802
t 692 693 803
t 693 804 803
t 693 694 804
t 694 805 804
t 694 695 805
t 695 806 805
t 695 696 806
t 696 807 806
t 696 697 807
t 697 808 807
t 697 698 808
t 698 809 808
t 698 699 809
t 699 810 809
t 699 700 810
t 700 811 810
t 700 701 811
t 701 812 811
t 701 702 812
t 702 813 812
t 702 703 813
t 703 814 813
t 703 704 814
t 704 815 814
t 704 705 815
t 705 816 815
t 705 706 816
t 706 817 816
t 706 707 817
t 707 818 817
t 707 708 818
t 708 819 818
t 708 709 819
t 709 820 819
t 709 710 820
t 710 821 820
t 710 711 821
t 711 822 821
t 711 712 822
t 712 823 822
t 712 713 823
t 713 824 823
t 713 714 824
t 714 825 824
t 714 715 825
t 715 826 825
t 715 716 826
t 716 827 826
t 716 717 827
t 717 828 827
t 717 718 828
t 718 829 828
t 718 719 829
t 719 830 829
t 719 720 830
t 720 831 830
t 720 721 831
t 721 832 831
t 721 722 832
t 722 833 832
t 722 723 833
t 723 834 833
t 723 724 834
t 724 835 834
t 724 725 835
t 725 836 835
t 725 726 836
t 726 837 836
t 726 727 837
t 727 838 837
t 727 728 838
t 728 839 838
t 728 729 839
t 729 840 839
t 729 730 840
t 730 841 840
t 730 731 841
t 731 842 841
t 731 732 842
t 732 843 842
t 732 733 843
t 733 844 843
t 733 734 844
t 734 845 844
t 734 735 845
t 735 846 845
t 735 736 846
t 736 847 846
t 736 737 847
t 737 848 847
t 737 738 848
t 738 849 848
t 738 739 849
t 739 850 849
t 739 740 850
t 740 851 850
t 740 741 851
t 741 852 851
t 741 742 852
t 742 853 852
t 742 743 853
t 743 854 853
t 743 744 854
t 744 855 854
t 744 745 855
t 745 856 855
t 745 746 856
t 746 857 856
t 746 747 857
t 747 858 857
t 747 748 858
t 748 859 858
t 748 749 859
t 749 860 859
t 749 750 860
t 750 861 860
t 750 751 861
t 751 862 861
t 751 42 862
t 42 863 862
t 42 864 863
t 42 865 864
t 42 866 865
t 42 867 866
t 42 868 867
t 42 869 868
t 42 46 869
t 116 114 115
t 116 113 114
t 116 870 113
t 116 871 870
t 116 872 871
t 116 873 872
t 116 752 873
t 752 874 873
t 752 753 874
t 753 875 874
t 753 754 875
t 754 876 875
t 754 755 876
t 755 877 876
t 755 756 877
t 756 878 877
t 756 757 878
t 757 879 878
t 757 758 879
t 758 880 879
t 758 759 880
t 759 881 880
t 759 760 881
t 760 882 881
t 760 761 882
t 761 883 882
t 761 762 883
t 762 884 883
t 762 763 884
t 763 885 884
t 763 764 885
t 764 886 885
t 764 765 886
t 765 887 886
t 765 766 887
t 766 888 887
t 766 767 888
t 767 889 888
t 767 768 889
t 768 890 889
t 768 769 890
t 769 891 890
t 769 770 891
t 770 892 891
t 770 771 892
t 771 893 892
t 771 772 893
t 772 894 893
t 772 773 894
t 773 895 894
t 773 774 895
t 774 896 895
t 774 775 896
t 775 897 896
t 775 776 897
t 776 898 897
t 776 777 898
t 777 899 898
t 777 778 899
t 778 900 899
t 778 779 900
t 779 901 900
t 779 780 901
t 780 902 901
t 780 781 902
t 781 903 902
t 781 782 903
t 782 904 903
t 782 783 904
t 783 905 904
t 783 784 905
t 784 906 905
t 784 785 906
t 785 907 906
t 785 786 907
t 786 908 907
t 786 787 908
t 787 909 908
t 787 788 909
t 788 910 909
t 788 789 910
t 789 911 910
t 789 790 911
t 790 912 911
t 790 791 912
t 791 913 912
t 791 792 913
t 792 914 913
t 792 793 914
t 793 915 914
t 793 794 915
t 794 916 915
t 794 795 916
t 795 917 916
t 795 796 917
t 796 918 917
t 796 797 918
t 797 919 918
t 797 798 919
t 798 920 919
t 798 799 920
t 799 921 920
t 799 800 921
t 800 922 921
t 800 801 922
t 801 923 922
t 801 802 923
t 802 924 923
t 802 803 924
t 803 925 924
t 803 804 925
t 804 926 925
t 804 805 926
t 805 927 926
t 805 806 927
t 806 928 927
t 806 807 928
t 807 929 928
t 807 808 929
t 808 930 929
t 808 809 930
t 809 931 930
t 809 810 931
t 810 932 931
t 810 811 932
t 811 933 932
t 811 812 933
t 812 934 933
t 812 813 934
t 813 935 934
t 813 814 935
t 814 936 935
t 814 815 936
t 815 937 936
t 815 816 937
t 816 938 937
t 816 817 938
t 817 939 938
t 817 818 939
t 818 940 939
t 818 819 940
t 819 941 940
t 819 820 941
t 820 942 941
t 820 821 942
t 821 943 942
t 821 822 943
t 822 944 943
t 822 823 944
t 823 945 944
t 823 824 945
t 824 946 945
t 824 825 946
t 825 947 946
t 825 826 947
t 826 948 947
t 826 827 948
t 827 949 948
t 827 828 949
t 828 950 949
t 828 829 950
t 829 951 950
t 829 830 951
t 830 952 951
t 830 831 952
t 831 953 952
t 831 832 953
t 832 954 953
t 832 833 954
t 833 955 954
t 833 834 955
t 834 956 955
t 834 835 956
t 835 957 956
t 835 836 957
t 836 958 957
t 836 837 958
t 837 959 958
t 837 838 959
t 838 960 959
t 838 839 960
t 839 961 960
t 839 840 961
t 840 962 961
t 840 841 962
t 841 963 962
t 841 842 963
t 842 964 963
t 842 843 964
t 843 965 964
t 843 844 965
t 844 966 965
t 844 845 966
t 845 967 966
t 845 846 967
t 846 968 967
t 846 847 968
t 847 969 968
t 847 848 969
t 848 970 969
t 848 849 970
t 849 971 970
t 849 850 971
t 850 972 971
t 850 851 972
t 851 973 972
t 851 852 973
t 852 974 973
t 852 853 974
t 853 975 974
t 853 854 975
t 854 976 975
t 854 855 976
t 855 977 976
t 855 856 977
t 856 978 977
t 856 857 978
t 857 979 978
t 857 858 979
t 858 980 979
t 858 859 980
t 859 981 980
t 859 860 981
t 860 982 981
t 860 861 982
t 861 983 982
t 861 862 983
t 862 984 983
t 862 863 984
t 863 985 984
t 863 864 985
t 864 986 985
t 864 865 986
t 865 987 986
t 865 866 987
t 866 988 987
t 866 867 988
t 867 989 988
t 867 868 989
t 868 990 989
t 868 869 990
t 869 991 990
t 869 46 991
t 113 111 112
t 113 110 111
t 113 109 110
t 113 992 109
t 113 993 992
t 113 994 993
t 113 995 994
t 113 996 995
t 113 870 996
t 870 997 996
t 870 871 997
t 871 998 997
t 871 872 998
t 872 999 998
t 872 873 999
t 873 1000 999
t 873 874 1000
t 874 1001 1000
t 874 875 1001
t 875 1002 1001
t 875 876 1002
t 876 1003 1002
t 876 877 1003
t 877 1004 1003
t 877 878 1004
t 878 1005 1004
t 878 879 1005
t 879 1006 1005
t 879 880 1006
t 880 1007 1006
t 880 881 1007
t 881 1008 1007
t 881 882 1008
t 882 1009 1008
t 882 883 1009
t 883 1010 1009
t 883 884 1010
t 884 1011 1010
t 884 885 1011
t 885 1012 1011
t 885 886 1012
t 886 1013 1012
t 886 887 1013
t 887 1014 1013
t 887 888 1014
t 888 1015 1014
t 888 889 1015
t 889 1016 1015
t 889 890 1016
t 890 1017 1016
t 890 891 1017
t 891 1018 1017
t 891 892 1018
t 892 1019 1018
t 892 893 1019
t 893 1020 1019
t 893 894 1020
t 894 1021 1020
t 894 895 1021
t 895 1022 1021
t 895 896 1022
t 896 1023 1022
t 896 897 1023
t 897 1024 1023
t 897 898 1024
t 898 1025 1024
t 898 899 1025
t 899 1026 1025
t 899 900 1026
t 900 1027 1026
t 900 901 1027
t 901 1028 1027
t 901 902 1028
t 902 1029 1028
t 902 903 1029
t 903 1030 1029
t 903 904 1030
t 904 1031 1030
t 904 905 1031
t 905 1032 1031
t 905 906 1032
t 906 1033 1032
t 906 907 1033
t 907 1034 1033
t 907 908 1034
t 908 1035 1034
t 908 909 1035
t 909 1036 1035
t 909 910 1036
t 910 1037 1036
t 910 911 1037
t 911 1038 1037
t 911 912 1038
t 912 1039 1038
t 912 913 1039
t 913 1040 1039
t 913 914 1040
t 914 1041 1040
t 914 915 1041
t 915 1042 1041
t 915 916 1042
t 916 1043 1042
t 916 917 1043
t 917 1044 1043
t 917 918 1044
t 918 1045 1044
t 918 919 1045
t 919 1046 1045
t 919 920 1046
t 920 1047 1046
t 920 921 1047
t 921 1048 1047
t 921 922 1048
t 922 1049 1048
t 922 923 1049
t 923 1050 1049
t 923 924 1050
t 924 1051 1050
t 924 925 1051
t 925 1052 1051
t 925 926 1052
t 926 1053 1052
t 926 927 1053
t 927 1054 1053
t 927 928 1054
t 928 1055 1054
t 928 929 1055
t 929 1056 1055
t 929 930 1056
t 930 1057 1056
t 930 931 1057
t 931 1058 1057
t 931 932 1058
t 932 1059 1058
t 932 933 1059
t 933 1060 1059
t 933 934 1060
t 934 1061 1060
t 934 935 1061
t 935 1062 1061
t 935 936 1062
t 936 1063 1062
t 936 937 1063
t 937 1064 1063
t 937 938 1064
t 938 1065 1064
t 938 939 1065
t 939 1066 1065
t 939 940 1066
t 940 1067 1066
t 940 941 1067
t 941 1068 1067
t 941 942 1068
t 942 1069 1068
t 942 943 1069
t 943 1070 1069
t 943 944 1070
t 944 1071 1070
t 944 945 1071
t 945 1072 1071
t 945 946 1072
t 946 1073 1072
t 946 947 1073
t 947 1074 1073
t 947 948 1074
t 948 1075 1074
t 948 949 1075
t 949 1076 1075
t 949 950 1076
t 950 1077 1076
t 950 951 1077
t 951 1078 1077
t 951 952 1078
t 952 1079 1078
t 952 953 1079
t 953 1080 1079
t 953 954 1080
t 954 1081 1080
t 954 955 1081
t 955 1082 1081
t 955 956 1082
t 956 1083 1082
t 956 957 1083
t 957 1084 1083
t 957 958 1084
t 958 1085 1084
t 958 959 1085
t 959 1086 1085
t 959 960 1086
t 960 1087 1086
t 960 961 1087
t 961 1088 1087
t 961 962 1088
t 962 1089 1088
t 962 963 1089
t 963 1090 1089
t 963 964 1090
t 964 1091 1090
t 964 965 1091
t 965 1092 1091
t 965 966 1092
t 966 1093 1092
t 966 967 1093
t 967 1094 1093
t 967 968 1094
t 968 1095 1094
t 968 969 1095
t 969 1096 1095
t 969 970 1096
t 970 1097 1096
t 970 971 1097
t 971 1098 1097
t 971 972 1098
t 972 1099 1098
t 972 973 1099
t 973 1100 1099
t 973 974 1100
t 974 1101 1100
t 974 975 1101
t 975 1102 1101
t 975 976 1102
t 976 1103 1102
t 976 977 1103
t 977 1104 1103
t 977 978 1104
t 978 1105 1104
t 978 979 1105
t 979 1106 1105
t 979 980 1106
t 980 1107 1106
t 980 981 1107
t 981 1108 1107
t 981 982 1108
t 982 1109 1108
t 982 983 1109
t 983 1110 1109
t 983 984 1110
t 984 1111 1110
t 984 985 1111
t 985 1112 1111
t 985 986 1112
t 986 1113 1112
t 986 987 1113
t 987 1114 1113
t 987 988 1114
t 988 1115 1114
t 988 989 1115
t 989 1116 1115
t 989 990 1116
t 990 1117 1116
t 990 991 1117
t 991 1118 1117
t 991 46 1118
t 46 1119 1118
t 46 1120 1119
t 46 1121 1120
t 46 47 1121
t 109 107 108
t 109 106 107
t 109 105 106
t 109 104 105
t 109 103 104
t 109 102 103
t 109 101 102
t 109 992 101
t 992 993 101
t 993 994 101
t 994 995 101
t 995 996 101
t 996 997 101
t 997 998 101
t 998 999 101
t 999 1000 101
t 1000 1001 101
t 1001 1002 101
t 1002 1003 101
t 1003 1004 101
t 1004 1005 101
t 1005 1006 101
t 1006 1007 101
t 1007 1008 101
t 1008 1009 101
t 1009 1010 101
t 1010 1011 101
t 1011 1012 101
t 1012 1013 101
t 1013 1014 101
t 1014 1015 101
t 1015 1016 101
t 1016 1017 101
t 1017 1122 101
t 1017 1018 1122
t 1018 1123 1122
t 1018 1019 1123
t 1019 1124 1123
t 1019 1020 1124
t 1020 1125 1124
t 1020 1021 1125
t 1021 1126 1125
t 1021 1022 1126
t 1022 1127 1126
t 1022 1023 1127
t 1023 1128 1127
t 1023 1024 1128
t 1024 1129 1128
t 1024 1025 1129
t 1025 1130 1129
t 1025 1026 1130
t 1026 1131 1130
t 1026 1027 1131
t 1027 1132 1131
t 1027 1028 1132
t 1028 1133 1132
t 1028 1029 1133
t 1029 1134 1133
t 1029 1030 1134
t 1030 1135 1134
t 1030 1031 1135
t 1031 1136 1135
t 1031 1032 1136
t 1032 1137 1136
t 1032 1033 1137
t 1033 1138 1137
t 1033 1034 1138
t 1034 1139 1138
t 1034 1035 1139
t 1035 1140 1139
t 1035 1036 1140
t 1036 1141 1140
t 1036 1037 1141
t 1037 1142 1141
t 1037 1038 1142
t 1038 1143 1142
t 1038 1039 1143
t 1039 1144 1143
t 1039 1040 1144
t 1040 1145 1144
t 1040 1041 1145
t 1041 1146 1145
t 1041 1042 1146
t 1042 1147 1146
t 1042 1043 1147
t 1043 1148 1147
t 1043 1044 1148
t 1044 1149 1148
t 1044 1045 1149
t 1045 1150 1149
t 1045 1046 1150
t 1046 1151 1150
t 1046 1047 1151
t 1047 1152 1151
t 1047 1048 1152
t 1048 1153 1152
t 1048 1049 1153
t 1049 1154 1153
t 1049 1050 1154
t 1050 1155 1154
t 1050 1051 1155
t 1051 1156 1155
t 1051 1052 1156
t 1052 1157 1156
t 1052 1053 1157
t 1053 1158 1157
t 1053 1054 1158
t 1054 1159 1158
t 1054 1055 1159
t 1055 1160 1159
t 1055 1056 1160
t 1056 1161 1160
t 1056 1057 1161
t 1057 1162 1161
t 1057 1058 1162
t 1058 1163 1162
t 1058 1059 1163
t 1059 1164 1163
t 1059 1060 1164
t 1060 1165 1164
t 1060 1061 1165
t 1061 1166 1165
t 1061 1062 1166
t 1062 1167 1166
t 1062 1063 1167
t 1063 1168 1167
t 1063 1064 1168
t 1064 1169 1168
t 1064 1065 1169
t 1065 1170 1169
t 1065 1066 1170
t 1066 1171 1170
t 1066 1067 1171
t 1067 1172 1171
t 1067 1068 1172
t 1068 1173 1172
t 1068 1069 1173
t 1069 1174 1173
t 1069 1070 1174
t 1070 1175 1174
t 1070 1071 1175
t 1071 1176 1175
t 1071 1072 1176
t 1072 1177 1176
t 1072 1073 1177
t 1073 1178 1177
t 1073 1074 1178
t 1074 1179 1178
t 1074 1075 1179
t 1075 1180 1179
t 1075 1076 1180
t 1076 1181 1180
t 1076 1077 1181
t 1077 1182 1181
t 1077 1078 1182
t 1078 1183 1182
t 1078 1079 1183
t 1079 1184 1183
t 1079 1080 1184
t 1080 1185 1184
t 1080 1081 1185
t 1081 1186 1185
t 1081 1082 1186
t 1082 1187 1186
t 1082 1083 1187
t 1083 1188 1187
t 1083 1084 1188
t 1084 1189 1188
t 1084 1085 1189
t 1085 1190 1189
t 1085 1086 1190
t 1086 1191 1190
t 1086 1087 1191
t 1087 1192 1191
t 1087 1088 1192
t 1088 1193 1192
t 1088 1089 1193
t 1089 1194 1193
t 1089 1090 1194
t 1090 1195 1194
t 1090 1091 1195
t 1091 1196 1195
t 1091 1092 1196
t 1092 1197 1196
t 1092 1093 1197
t 1093 1198 1197
t 1093 1094 1198
t 1094 1199 1198
t 1094 1095 1199
t 1095 1200 1199
t 1095 1096 1200
t 1096 1201 1200
t 1096 1097 1201
t 1097 1202 1201
t 1097 1098 1202
t 1098 1203 1202
t 1098 1099 1203
t 1099 1204 1203
t 1099 1100 1204
t 1100 1205 1204
t 1100 1101 1205
t 1101 1206 1205
t 1101 1102 1206
t 1102 1207 1206
t 1102 1103 1207
t 1103 1208 1207
t 1103 1104 1208
t 1104 1209 1208
t 1104 1105 1209
t 1105 1210 1209
t 1105 1106 1210
t 1106 1211 1210
t 1106 1107 1211
t 1107 1212 1211
t 1107 1108 1212
t 1108 1213 1212
t 1108 1109 1213
t 1109 1214 1213
t 1109 1110 1214
t 1110 1215 1214
t 1110 1111 1215
t 1111 1216 1215
t 1111 1112 1216
t 1112 1217 1216
t 1112 1113 1217
t 1113 1218 1217
t 1113 1114 1218
t 1114 1219 1218
t 1114 1115 1219
t 1115 1220 1219
t 1115 1116 1220
t 1116 1221 1220
t 1116 1117 1221
t 1117 1222 1221
t 1117 1118 1222
t 1118 1223 1222
t 1118 1119 1223
t 1119 1224 1223
t 1119 1120 1224
t 1120 1225 1224
t 1120 1121 1225
t 1121 1226 1225
t 1121 47 1226
t 47 1227 1226
t 47 48 1227
t 101 99 100
t 101 98 99
t 101 97 98
t 101 96 97
t 101 95 96
t 101 94 95
t 101 93 94
t 101 92 93
t 101 91 92
t 101 90 91
t 101 89 90
t 101 88 89
t 101 87 88
t 101 86 87
t 101 85 86
t 48 49 50
t 101 1122 85
t 1122 1123 85
t 1123 1124 85
t 1124 1125 85
t 1125 1126 85
t 1126 1127 85
t 1127 1128 85
t 1128 1129 85
t 1129 1130 85
t 1130 1131 85
t 1131 1132 85
t 1132 1133 85
t 1133 1134 85
t 1134 1135 85
t 1135 1136 85
t 1136 1137 85
t 1137 1138 85
t 1138 1139 85
t 1139 1140 85
t 1140 1141 85
t 1141 1142 85
t 1142 1143 85
t 1143 1144 85
t 1144 1145 85
t 1145 1146 85
t 1146 1147 85
t 1147 1148 85
t 1148 1149 85
t 1149 1150 85
t 1150 1151 85
t 1151 1152 85
t 1152 1153 85
t 1153 1154 85
t 1154 1155 85
t 1155 1228 85
t 1155 1156 1228
t 1156 1229 1228
t 1156 1157 1229
t 1157 1230 1229
t 1157 1158 1230
t 1158 1231 1230
t 1158 1159 1231
t 1159 1232 1231
t 1159 1160 1232
t 1160 1233 1232
t 1160 1161 1233
t 1161 1234 1233
t 1161 1162 1234
t 1162 1235 1234
t 1162 1163 1235
t 1163 1236 1235
t 1163 1164 1236
t 1164 1237 1236
t 1164 1165 1237
t 1165 1238 1237
t 1165 1166 1238
t 1166 1239 1238
t 1166 1167 1239
t 1167 1240 1239
t 1167 1168 1240
t 1168 1241 1240
t 1168 1169 1241
t 1169 1242 1241
t 1169 1170 1242
t 1170 1243 1242
t 1170 1171 1243
t 1171 1244 1243
t 1171 1172 1244
t 1172 1245 1244
t 1172 1173 1245
t 1173 1246 1245
t 1173 1174 1246
t 1174 1247 1246
t 1174 1175 1247
t 1175 1248 1247
t 1175 1176 1248
t 1176 1249 1248
t 1176 1177 1249
t 1177 1250 1249
t 1177 1178 1250
t 1178 1251 1250
t 1178 1179 1251
t 1179 1252 1251
t 1179 1180 1252
t 1180 1253 1252
t 1180 1181 1253
t 1181 1254 1253
t 1181 1182 1254
t 1182 1255 1254
t 1182 1183 1255
t 1183 1256 1255
t 1183 1184 1256
t 1184 1257 1256
t 1184 1185 1257
t 1185 1258 1257
t 1185 1186 1258
t 1186 1259 1258
t 1186 1187 1259
t 1187 1260 1259
t 1187 1188 1260
t 1188 1261 1260
t 1188 1189 1261
t 1189 1262 1261
t 1189 1190 1262
t 1190 1263 1262
t 1190 1191 1263
t 1191 1264 1263
t 1191 1192 1264
t 1192 1265 1264
t 1192 1193 1265
t 1193 1266 1265
t 1193 1194 1266
t 1194 1267 1266
t 1194 1195 1267
t 1195 1268 1267
t 1195 1196 1268
t 1196 1269 1268
t 1196 1197 1269
t 1197 1270 1269
t 1197 1198 1270
t 1198 1271 1270
t 1198 1199 1271
t 1199 1272 1271
t 1199 1200 1272
t 1200 1273 1272
t 1200 1201 1273
t 1201 1274 1273
t 1201 1202 1274
t 1202 1275 1274
t 1202 1203 1275
t 1203 1276 1275
t 1203 1204 1276
t 1204 1277 1276
t 1204 1205 1277
t 1205 1278 1277
t 1205 1206 1278
t 1206 1279 1278
t 1206 1207 1279
t 1207 1280 1279
t 1207 1208 1280
t 1208 1281 1280
t 1208 1209 1281
t 1209 1282 1281
t 1209 1210 1282
t 1210 1283 1282
t 1210 1211 1283
t 1211 1284 1283
t 1211 1212 1284
t 1212 1285 1284
t 1212 1213 1285
t 1213 1286 1285
t 1213 1214 1286
t 1214 1287 1286
t 1214 1215 1287
t 1215 1288 1287
t 1215 1216 1288
t 1216 1289 1288
t 1216 1217 1289
t 1217 1290 1289
t 1217 1218 1290
t 1218 1291 1290
t 1218 1219 1291
t 1219 1292 1291
t 1219 1220 1292
t 1220 1293 1292
t 1220 1221 1293
t 1221 1294 1293
t 1221 1222 1294
t 1222 1295 1294
t 1222 1223 1295
t 1223 1296 1295
t 1223 1224 1296
t 1224 1297 1296
t 1224 1225 1297
t 1225 1298 1297
t 1225 1226 1298
t 1226 1299 1298
t 1226 1227 1299
t 1227 1300 1299
t 1227 50 1300
t 1227 48 50
t 85 83 84
t 85 82 83
t 85 81 82
t 85 80 81
t 85 79 80
t 85 78 79
t 85 77 78
t 85 76 77
t 85 75 76
t 85 74 75
t 85 73 74
t 85 72 73
t 85 71 72
t 85 70 71
t 50 51 52
t 85 1228 70
t 1228 1229 70
t 1229 1230 70
t 1230 1231 70
t 1231 1232 70
t 1232 1233 70
t 1233 1234 70
t 1234 1235 70
t 1235 1236 70
t 1236 1237 70
t 1237 1238 70
t 1238 1239 70
t 1239 1240 70
t 1240 1241 70
t 1241 1242 70
t 1242 1243 70
t 1243 1244 70
t 1244 1245 70
t 1245 1246 70
t 1246 1247 70
t 1247 1248 70
t 1248 1249 70
t 1249 1250 70
t 1250 1251 70
t 1251 1252 70
t 1252 1253 70
t 1253 1254 70
t 1254 1301 70
t 1254 1255 1301
t 1255 1302 1301
t 1255 1256 1302
t 1256 1303 1302
t 1256 1257 1303
t 1257 1304 1303
t 1257 1258 1304
t 1258 1305 1304
t 1258 1259 1305
t 1259 1306 1305
t 1259 1260 1306
t 1260 1307 1306
t 1260 1261 1307
t 1261 1308 1307
t 1261 1262 1308
t 1262 1309 1308
t 1262 1263 1309
t 1263 1310 1309
t 1263 1264 1310
t 1264 1311 1310
t 1264 1265 1311
t 1265 1312 1311
t 1265 1266 1312
t 1266 1313 1312
t 1266 1267 1313
t 1267 1314 1313
t 1267 1268 1314
t 1268 1315 1314
t 1268 1269 1315
t 1269 1316 1315
t 1269 1270 1316
t 1270 1317 1316
t 1270 1271 1317
t 1271 1318 1317
t 1271 1272 1318
t 1272 1319 1318
t 1272 1273 1319
t 1273 1320 1319
t 1273 1274 1320
t 1274 1321 1320
t 1274 1275 1321
t 1275 1322 1321
t 1275 1276 1322
t 1276 1323 1322
t 1276 1277 1323
t 1277 1324 1323
t 1277 1278 1324
t 1278 1325 1324
t 1278 1279 1325
t 1279 1326 1325
t 1279 1280 1326
t 1280 1327 1326
t 1280 1281 1327
t 1281 1328 1327
t 1281 1282 1328
t 1282 1329 1328
t 1282 1283 1329
t 1283 1330 1329
t 1283 1284 1330
t 1284 1331 1330
t 1284 1285 1331
t 1285 1332 1331
t 1285 1286 1332
t 1286 1333 1332
t 1286 1287 1333
t 1287 1334 1333
t 1287 1288 1334
t 1288 1335 1334
t 1288 1289 1335
t 1289 1336 1335
t 1289 1290 1336
t 1290 1337 1336
t 1290 1291 1337
t 1291 1338 1337
t 1291 1292 1338
t 1292 1339 1338
t 1292 1293 1339
t 1293 1340 1339
t 1293 1294 1340
t 1294 1341 1340
t 1294 1295 1341
t 1295 1342 1341
t 1295 1296 1342
t 1296 1343 1342
t 1296 1297 1343
t 1297 1344 1343
t 1297 1298 1344
t 1298 1345 1344
t 1298 1299 1345
t 1299 52 1345
t 1299 1300 52
t 1300 50 52
t 70 68 69
t 70 67 68
t 70 66 67
t 70 65 66
t 70 64 65
t 70 63 64
t 70 62 63
t 70 61 62
t 70 60 61
t 70 59 60
t 70 58 59
t 70 57 58
t 70 56 57
t 70 55 56
t 70 54 55
t 52 53 54
t 70 1301 54
t 1301 1302 54
t 1302 1303 54
t 1303 1304 54
t 1304 1305 54
t 1305 1306 54
t 1306 1307 54
t 1307 1308 54
t 1308 1309 54
t 1309 1310 54
t 1310 1311 54
t 1311 1312 54
t 1312 1313 54
t 1313 1314 54
t 1314 1315 54
t 1315 1316 54
t 1316 1317 54
t 1317 1318 54
t 1318 1319 54
t 1319 1320 54
t 1320 1321 54
t 1321 1322 54
t 1322 1323 54
t 1323 1324 54
t 1324 1325 54
t 1325 1326 54
t 1326 1327 54
t 1327 1328 54
t 1328 1329 54
t 1329 1330 54
t 1330 1331 54
t 1331 1332 54
t 1332 1333 54
t 1333 1334 54
t 1334 1335 54
t 1335 1336 54
t 1336 1337 54
t 1337 1338 54
t 1338 1339 54
t 1339 1340 54
t 1340 1341 54
t 1341 1342 54
t 1342 1343 54
t 1343 1344 54
t 1344 1345 54
t 1345 52 54
