type=Cone forward=true n_boundary=172 n_holes=0 n_interior=94 n_tris=263 label=brep32629_f68_Cone
boundary
b 4.983042063 0.018000000
b 4.982431464 0.018000000
b 4.981820865 0.018000000
b 4.981210265 0.018000000
b 4.980599666 0.018000000
b 4.979989067 0.018000000
b 4.979378467 0.018000000
b 4.978767868 0.018000000
b 4.978157269 0.018000000
b 4.977546669 0.018000000
b 4.976936070 0.018000000
b 4.976325471 0.018000000
b 4.975714871 0.018000000
b 4.975104272 0.018000000
b 4.974493673 0.018000000
b 4.973883073 0.018000000
b 4.973272474 0.018000000
b 4.972661875 0.018000000
b 4.972051276 0.018000000
b 4.971440676 0.018000000
b 4.970830077 0.018000000
b 4.970219478 0.018000000
b 4.969608878 0.018000000
b 4.968998279 0.018000000
b 4.968387680 0.018000000
b 4.967777080 0.018000000
b 4.967166481 0.018000000
b 4.966555882 0.018000000
b 4.965945282 0.018000000
b 4.965334683 0.018000000
b 4.964724084 0.018000000
b 4.964463481 0.017320248
b 4.964201093 0.016641425
b 4.963936903 0.015963530
b 4.963670893 0.015286563
b 4.963403046 0.014610524
b 4.963133343 0.013935412
b 4.962861767 0.013261226
b 4.962588298 0.012587967
b 4.962312920 0.011915634
b 4.962035612 0.011244225
b 4.961756357 0.010573742
b 4.961475133 0.009904183
b 4.961191923 0.009235548
b 4.960906705 0.008567837
b 4.960619460 0.007901048
b 4.960330168 0.007235182
b 4.960038807 0.006570238
b 4.959745357 0.005906216
b 4.959449797 0.005243115
b 4.959152105 0.004580936
b 4.958852259 0.003919682
b 4.958550237 0.003259355
b 4.958246018 0.002599957
b 4.957939577 0.001941490
b 4.957630894 0.001283956
b 4.957319943 0.000627357
b 4.957006703 -0.000028304
b 4.956691149 -0.000683025
b 4.956373256 -0.001336805
b 4.956053001 -0.001989641
b 4.955730359 -0.002641530
b 4.955405305 -0.003292472
b 4.955077813 -0.003942463
b 4.954747857 -0.004591501
b 4.954415412 -0.005239585
b 4.954080451 -0.005886712
b 4.953742947 -0.006532880
b 4.953402873 -0.007178088
b 4.953060200 -0.007822336
b 4.952714899 -0.008465624
b 4.952366942 -0.009107953
b 4.952016298 -0.009749323
b 4.951662937 -0.010389734
b 4.951306829 -0.011029187
b 4.950947943 -0.011667681
b 4.950586247 -0.012305218
b 4.950221709 -0.012941797
b 4.949854296 -0.013577420
b 4.949483977 -0.014212085
b 4.949110717 -0.014845793
b 4.948734482 -0.015478546
b 4.948355238 -0.016110343
b 4.947972950 -0.016741184
b 4.947587582 -0.017371069
b 4.947199098 -0.018000000
b 4.948940341 -0.018000000
b 4.950681585 -0.018000000
b 4.952422828 -0.018000000
b 4.954164071 -0.018000000
b 4.955905314 -0.018000000
b 4.957646557 -0.018000000
b 4.959387801 -0.018000000
b 4.961129044 -0.018000000
b 4.962870287 -0.018000000
b 4.964611530 -0.018000000
b 4.966352774 -0.018000000
b 4.968094017 -0.018000000
b 4.969835260 -0.018000000
b 4.971576503 -0.018000000
b 4.973317747 -0.018000000
b 4.975058990 -0.018000000
b 4.976800233 -0.018000000
b 4.978541476 -0.018000000
b 4.980282720 -0.018000000
b 4.982023963 -0.018000000
b 4.983765206 -0.018000000
b 4.985506449 -0.018000000
b 4.987247692 -0.018000000
b 4.988988936 -0.018000000
b 4.990730179 -0.018000000
b 4.992471422 -0.018000000
b 4.994212665 -0.018000000
b 4.995953909 -0.018000000
b 4.997695152 -0.018000000
b 4.999436395 -0.018000000
b 5.001177638 -0.018000000
b 5.000789769 -0.017372069
b 5.000404982 -0.016743147
b 5.000023242 -0.016113233
b 4.999644513 -0.015482326
b 4.999268761 -0.014850426
b 4.998895954 -0.014217533
b 4.998526057 -0.013583648
b 4.998159039 -0.012948768
b 4.997794866 -0.012312895
b 4.997433507 -0.011676027
b 4.997074931 -0.011038165
b 4.996719108 -0.010399309
b 4.996366005 -0.009759457
b 4.996015595 -0.009118610
b 4.995667847 -0.008476768
b 4.995322732 -0.007833929
b 4.994980221 -0.007190095
b 4.994640287 -0.006545264
b 4.994302902 -0.005899436
b 4.993968038 -0.005252613
b 4.993635669 -0.004604797
b 4.993305769 -0.003955989
b 4.992978313 -0.003306192
b 4.992653276 -0.002655407
b 4.992330632 -0.002003638
b 4.992010356 -0.001350885
b 4.991692425 -0.000697151
b 4.991376815 -0.000042438
b 4.991063501 0.000613253
b 4.990752461 0.001269918
b 4.990443671 0.001927556
b 4.990137108 0.002586166
b 4.989832751 0.003245744
b 4.989530576 0.003906289
b 4.989230563 0.004567799
b 4.988932688 0.005230271
b 4.988636932 0.005893705
b 4.988343272 0.006558098
b 4.988051688 0.007223451
b 4.987762159 0.007889764
b 4.987474666 0.008557038
b 4.987189187 0.009225274
b 4.986905703 0.009894471
b 4.986624195 0.010564630
b 4.986344644 0.011235752
b 4.986067029 0.011907836
b 4.985791334 0.012580884
b 4.985517538 0.013254896
b 4.985245624 0.013929872
b 4.984975574 0.014605813
b 4.984707369 0.015282718
b 4.984440993 0.015960589
b 4.984176428 0.016639427
b 4.983913657 0.017319230
b 4.983652663 0.018000000
interior
i 4.951697310 -0.015230769
i 4.956195521 -0.015230769
i 4.960693733 -0.015230769
i 4.965191945 -0.015230769
i 4.969690156 -0.015230769
i 4.974188368 -0.015230769
i 4.978686580 -0.015230769
i 4.983184792 -0.015230769
i 4.987683003 -0.015230769
i 4.992181215 -0.015230769
i 4.996679427 -0.015230769
i 4.951697310 -0.012461538
i 4.956195521 -0.012461538
i 4.960693733 -0.012461538
i 4.965191945 -0.012461538
i 4.969690156 -0.012461538
i 4.974188368 -0.012461538
i 4.978686580 -0.012461538
i 4.983184792 -0.012461538
i 4.987683003 -0.012461538
i 4.992181215 -0.012461538
i 4.996679427 -0.012461538
i 4.956195521 -0.009692308
i 4.960693733 -0.009692308
i 4.965191945 -0.009692308
i 4.969690156 -0.009692308
i 4.974188368 -0.009692308
i 4.978686580 -0.009692308
i 4.983184792 -0.009692308
i 4.987683003 -0.009692308
i 4.992181215 -0.009692308
i 4.956195521 -0.006923077
i 4.960693733 -0.006923077
i 4.965191945 -0.006923077
i 4.969690156 -0.006923077
i 4.974188368 -0.006923077
i 4.978686580 -0.006923077
i 4.983184792 -0.006923077
i 4.987683003 -0.006923077
i 4.992181215 -0.006923077
i 4.956195521 -0.004153846
i 4.960693733 -0.004153846
i 4.965191945 -0.004153846
i 4.969690156 -0.004153846
i 4.974188368 -0.004153846
i 4.978686580 -0.004153846
i 4.983184792 -0.004153846
i 4.987683003 -0.004153846
i 4.992181215 -0.004153846
i 4.956195521 -0.001384615
i 4.960693733 -0.001384615
i 4.965191945 -0.001384615
i 4.969690156 -0.001384615
i 4.974188368 -0.001384615
i 4.978686580 -0.001384615
i 4.983184792 -0.001384615
i 4.987683003 -0.001384615
i 4.992181215 -0.001384615
i 4.960693733 0.001384615
i 4.965191945 0.001384615
i 4.969690156 0.001384615
i 4.974188368 0.001384615
i 4.978686580 0.001384615
i 4.983184792 0.001384615
i 4.987683003 0.001384615
i 4.960693733 0.004153846
i 4.965191945 0.004153846
i 4.969690156 0.004153846
i 4.974188368 0.004153846
i 4.978686580 0.004153846
i 4.983184792 0.004153846
i 4.987683003 0.004153846
i 4.960693733 0.006923077
i 4.965191945 0.006923077
i 4.969690156 0.006923077
i 4.974188368 0.006923077
i 4.978686580 0.006923077
i 4.983184792 0.006923077
i 4.987683003 0.006923077
i 4.965191945 0.009692308
i 4.969690156 0.009692308
i 4.974188368 0.009692308
i 4.978686580 0.009692308
i 4.983184792 0.009692308
i 4.965191945 0.012461538
i 4.969690156 0.012461538
i 4.974188368 0.012461538
i 4.978686580 0.012461538
i 4.983184792 0.012461538
i 4.965191945 0.015230769
i 4.969690156 0.015230769
i 4.974188368 0.015230769
i 4.978686580 0.015230769
i 4.983184792 0.015230769
tris
t 264 265 0
t 29 30 31
t 84 85 86
t 115 116 117
t 181 182 183
t 192 193 194
t 201 202 203
t 210 211 212
t 219 220 221
t 228 229 230
t 235 236 237
t 242 243 244
t 249 250 251
t 254 255 256
t 259 260 261
t 263 264 0
t 28 29 31
t 83 84 86
t 114 115 117
t 180 181 183
t 191 192 194
t 200 201 203
t 209 210 212
t 218 219 221
t 227 228 230
t 234 235 237
t 241 242 244
t 248 249 251
t 253 254 256
t 258 259 261
t 262 263 0
t 27 28 31
t 82 83 86
t 113 114 117
t 179 180 183
t 190 191 194
t 199 200 203
t 208 209 212
t 217 218 221
t 226 227 230
t 233 234 237
t 240 241 244
t 247 248 251
t 252 253 256
t 257 258 261
t 261 262 0
t 26 27 31
t 81 82 86
t 112 113 117
t 178 179 183
t 189 190 194
t 198 199 203
t 207 208 212
t 216 217 221
t 225 226 230
t 232 233 237
t 239 240 244
t 246 247 251
t 251 252 256
t 256 257 261
t 261 0 1
t 25 26 31
t 80 81 86
t 111 112 117
t 177 178 183
t 188 189 194
t 197 198 203
t 206 207 212
t 215 216 221
t 224 225 230
t 231 232 237
t 238 239 244
t 245 246 251
t 261 1 2
t 24 25 31
t 79 80 86
t 110 111 117
t 176 177 183
t 187 188 194
t 196 197 203
t 205 206 212
t 214 215 221
t 223 224 230
t 230 231 237
t 237 238 244
t 244 245 251
t 261 2 3
t 23 24 31
t 78 79 86
t 109 110 117
t 170 171 172
t 175 176 183
t 186 187 194
t 195 196 203
t 204 205 212
t 213 214 221
t 222 223 230
t 244 251 256
t 261 3 4
t 22 23 31
t 77 78 86
t 108 109 117
t 169 170 172
t 174 175 183
t 185 186 194
t 194 195 203
t 203 204 212
t 212 213 221
t 244 256 261
t 261 4 5
t 21 22 31
t 76 77 86
t 107 108 117
t 168 169 172
t 173 174 183
t 184 185 194
t 261 5 6
t 20 21 31
t 75 76 86
t 106 107 117
t 167 168 172
t 172 173 183
t 183 184 194
t 261 6 7
t 19 20 31
t 74 75 86
t 105 106 117
t 166 167 172
t 183 194 203
t 261 7 8
t 18 19 31
t 73 74 86
t 104 105 117
t 165 166 172
t 183 203 212
t 261 8 9
t 17 18 31
t 72 73 86
t 103 104 117
t 164 165 172
t 261 9 10
t 16 17 31
t 71 72 86
t 102 103 117
t 163 164 172
t 261 10 11
t 15 16 31
t 70 71 86
t 101 102 117
t 162 163 172
t 261 11 12
t 14 15 31
t 69 70 86
t 100 101 117
t 161 162 172
t 261 12 13
t 13 14 31
t 68 69 86
t 99 100 117
t 160 161 172
t 261 13 31
t 67 68 86
t 98 99 117
t 159 160 172
t 244 261 31
t 66 67 86
t 97 98 117
t 158 159 172
t 244 31 32
t 65 66 86
t 96 97 117
t 157 158 172
t 244 32 33
t 64 65 86
t 95 96 117
t 156 157 172
t 244 33 34
t 63 64 86
t 94 95 117
t 155 156 172
t 244 34 35
t 62 63 86
t 93 94 117
t 154 155 172
t 244 35 36
t 61 62 86
t 92 93 117
t 153 154 172
t 244 36 37
t 60 61 86
t 91 92 117
t 152 153 172
t 183 212 221
t 244 37 38
t 59 60 86
t 90 91 117
t 151 152 172
t 221 222 230
t 244 38 39
t 58 59 86
t 89 90 117
t 150 151 172
t 221 230 237
t 244 39 40
t 57 58 86
t 88 89 117
t 149 150 172
t 244 40 41
t 56 57 86
t 87 88 117
t 148 149 172
t 221 237 244
t 244 41 42
t 55 56 86
t 86 87 117
t 147 148 172
t 244 42 43
t 54 55 86
t 86 117 118
t 146 147 172
t 244 43 44
t 53 54 86
t 86 118 119
t 145 146 172
t 244 44 45
t 52 53 86
t 86 119 120
t 144 145 172
t 244 45 46
t 51 52 86
t 86 120 121
t 143 144 172
t 244 46 47
t 50 51 86
t 86 121 122
t 142 143 172
t 244 47 48
t 86 122 123
t 141 142 172
t 244 48 49
t 86 123 124
t 140 141 172
t 244 49 50
t 86 124 125
t 139 140 172
t 221 244 50
t 86 125 126
t 138 139 172
t 86 126 127
t 137 138 172
t 86 127 128
t 136 137 172
t 86 128 129
t 135 136 172
t 86 129 130
t 134 135 172
t 86 130 131
t 133 134 172
t 86 131 132
t 132 133 172
t 86 132 172
t 86 172 183
t 50 86 183
