type=Nurbs forward=true n_boundary=220 n_holes=0 n_interior=369 n_tris=1000 label=brep47598_f191_Nurbs(deg=3/3, cps=4x5)
boundary
b 0.178339671 0.452206751
b 0.178557879 0.451974318
b 0.178776372 0.451741852
b 0.178995171 0.451509354
b 0.179214296 0.451276823
b 0.179433767 0.451044259
b 0.179653603 0.450811661
b 0.179873824 0.450579029
b 0.180094452 0.450346363
b 0.180315504 0.450113662
b 0.180537002 0.449880927
b 0.180758965 0.449648156
b 0.180981414 0.449415350
b 0.181204368 0.449182508
b 0.181427848 0.448949629
b 0.181651874 0.448716715
b 0.181876466 0.448483763
b 0.182101644 0.448250774
b 0.182327429 0.448017748
b 0.182553840 0.447784684
b 0.182780876 0.447551583
b 0.183008528 0.447318443
b 0.183236783 0.447085266
b 0.183465630 0.446852050
b 0.183695058 0.446618797
b 0.183925056 0.446385506
b 0.184155612 0.446152177
b 0.184386715 0.445918809
b 0.184618355 0.445685404
b 0.184850519 0.445451961
b 0.185083196 0.445218480
b 0.185316376 0.444984961
b 0.185550047 0.444751404
b 0.185784197 0.444517809
b 0.186018816 0.444284175
b 0.186253892 0.444050504
b 0.186489414 0.443816794
b 0.186725372 0.443583046
b 0.186961758 0.443349260
b 0.187198576 0.443115435
b 0.187435829 0.442881572
b 0.187673519 0.442647669
b 0.187911650 0.442413726
b 0.188150225 0.442179743
b 0.188389247 0.441945721
b 0.188628719 0.441711657
b 0.188868645 0.441477553
b 0.189109029 0.441243407
b 0.189349872 0.441009220
b 0.189591180 0.440774991
b 0.189832955 0.440540719
b 0.190075200 0.440306405
b 0.190317920 0.440072048
b 0.190561118 0.439837648
b 0.190804797 0.439603205
b 0.191048958 0.439368718
b 0.203145660 0.439356778
b 0.215167193 0.439346984
b 0.227117156 0.439339177
b 0.238998992 0.439333200
b 0.250815999 0.439328896
b 0.262571352 0.439326107
b 0.274268118 0.439324680
b 0.285909269 0.439324457
b 0.297497702 0.439325285
b 0.309036252 0.439327008
b 0.320527707 0.439329473
b 0.331974823 0.439332526
b 0.343380336 0.439336015
b 0.354746980 0.439339785
b 0.366077494 0.439343685
b 0.377374645 0.439347561
b 0.388641232 0.439351263
b 0.399880105 0.439354638
b 0.411094179 0.439357544
b 0.422286461 0.439359949
b 0.433459920 0.439361889
b 0.444617426 0.439363403
b 0.455761767 0.439364532
b 0.466895657 0.439365313
b 0.478021755 0.439365784
b 0.489142670 0.439365985
b 0.500260982 0.439365953
b 0.511379247 0.439365728
b 0.522500016 0.439365347
b 0.533625844 0.439364849
b 0.544759304 0.439364273
b 0.555902999 0.439363655
b 0.567059574 0.439363035
b 0.578231733 0.439362452
b 0.589422246 0.439361942
b 0.600633966 0.439361544
b 0.611869844 0.439361297
b 0.623132917 0.439361217
b 0.634426222 0.439361290
b 0.645752747 0.439361498
b 0.657115445 0.439361822
b 0.668517244 0.439362246
b 0.679961061 0.439362752
b 0.691449815 0.439363321
b 0.702986438 0.439363937
b 0.714573892 0.439364581
b 0.726215178 0.439365235
b 0.737913355 0.439365883
b 0.749671551 0.439366505
b 0.761492979 0.439367085
b 0.773380955 0.439367605
b 0.785338908 0.439368045
b 0.797370405 0.439368390
b 0.809479160 0.439368620
b 0.821669060 0.439368718
b 0.821669038 0.439604183
b 0.821668986 0.439839572
b 0.821668908 0.440074884
b 0.821668808 0.440310120
b 0.821668693 0.440545279
b 0.821668570 0.440780361
b 0.821668445 0.441015366
b 0.821668325 0.441250296
b 0.821668219 0.441485149
b 0.821668132 0.441719925
b 0.821668072 0.441954626
b 0.821668047 0.442189250
b 0.821668062 0.442423799
b 0.821668125 0.442658272
b 0.821668244 0.442892668
b 0.821668425 0.443126990
b 0.821668675 0.443361235
b 0.821669002 0.443595405
b 0.821669410 0.443829499
b 0.821669891 0.444063519
b 0.821670421 0.444297462
b 0.821670982 0.444531330
b 0.821671551 0.444765123
b 0.821672107 0.444998841
b 0.821672630 0.445232483
b 0.821673098 0.445466050
b 0.821673490 0.445699542
b 0.821673786 0.445932958
b 0.821673963 0.446166299
b 0.821674001 0.446399564
b 0.821673880 0.446632755
b 0.821673577 0.446865870
b 0.821673072 0.447098910
b 0.821672344 0.447331874
b 0.821671372 0.447564764
b 0.821670134 0.447797578
b 0.821668610 0.448030316
b 0.821666802 0.448262980
b 0.821664751 0.448495568
b 0.821662497 0.448728081
b 0.821660082 0.448960519
b 0.821657549 0.449192882
b 0.821654939 0.449425170
b 0.821652295 0.449657383
b 0.821649659 0.449889522
b 0.821647072 0.450121585
b 0.821644577 0.450353574
b 0.821642215 0.450585488
b 0.821640030 0.450817328
b 0.821638061 0.451049094
b 0.821636353 0.451280785
b 0.821634946 0.451512401
b 0.821633883 0.451743944
b 0.821633205 0.451975412
b 0.821632955 0.452206807
b 0.809213136 0.452206894
b 0.796877395 0.452207082
b 0.784621635 0.452207360
b 0.772441941 0.452207717
b 0.760334557 0.452208142
b 0.748295873 0.452208626
b 0.736322401 0.452209156
b 0.724410760 0.452209724
b 0.712557660 0.452210318
b 0.700759884 0.452210928
b 0.689014272 0.452211543
b 0.677317707 0.452212152
b 0.665667101 0.452212746
b 0.654059376 0.452213314
b 0.642491454 0.452213845
b 0.630960242 0.452214329
b 0.619462619 0.452214755
b 0.607995418 0.452215114
b 0.596555421 0.452215395
b 0.585139412 0.452215602
b 0.573744276 0.452215749
b 0.562367006 0.452215849
b 0.551004687 0.452215913
b 0.539654483 0.452215956
b 0.528313622 0.452215989
b 0.516979379 0.452216027
b 0.505649066 0.452216080
b 0.494320013 0.452216163
b 0.482989559 0.452216289
b 0.471655034 0.452216470
b 0.460313746 0.452216719
b 0.448962970 0.452217048
b 0.437599928 0.452217472
b 0.426221778 0.452218003
b 0.414825599 0.452218654
b 0.403408380 0.452219438
b 0.391966995 0.452220367
b 0.380498244 0.452221430
b 0.368998962 0.452222574
b 0.357466043 0.452223745
b 0.345896427 0.452224887
b 0.334287084 0.452225946
b 0.322635000 0.452226866
b 0.310937166 0.452227591
b 0.299190563 0.452228067
b 0.287392144 0.452228237
b 0.275538825 0.452228046
b 0.263627463 0.452227437
b 0.251654847 0.452226355
b 0.239617675 0.452224743
b 0.227512543 0.452222545
b 0.215335925 0.452219704
b 0.203084153 0.452216163
b 0.190753403 0.452211864
interior
i 0.258756463 0.440937429
i 0.339173254 0.440937429
i 0.419590045 0.440937429
i 0.500006836 0.440937429
i 0.580423628 0.440937429
i 0.660840419 0.440937429
i 0.741257210 0.440937429
i 0.258756463 0.442550402
i 0.339173254 0.442550402
i 0.419590045 0.442550402
i 0.500006836 0.442550402
i 0.580423628 0.442550402
i 0.660840419 0.442550402
i 0.741257210 0.442550402
i 0.258756463 0.444163374
i 0.339173254 0.444163374
i 0.419590045 0.444163374
i 0.500006836 0.444163374
i 0.580423628 0.444163374
i 0.660840419 0.444163374
i 0.741257210 0.444163374
i 0.258756463 0.445776347
i 0.339173254 0.445776347
i 0.419590045 0.445776347
i 0.500006836 0.445776347
i 0.580423628 0.445776347
i 0.660840419 0.445776347
i 0.741257210 0.445776347
i 0.258756463 0.447389319
i 0.339173254 0.447389319
i 0.419590045 0.447389319
i 0.500006836 0.447389319
i 0.580423628 0.447389319
i 0.660840419 0.447389319
i 0.741257210 0.447389319
i 0.258756463 0.449002292
i 0.339173254 0.449002292
i 0.419590045 0.449002292
i 0.500006836 0.449002292
i 0.580423628 0.449002292
i 0.660840419 0.449002292
i 0.741257210 0.449002292
i 0.258756463 0.450615264
i 0.339173254 0.450615264
i 0.419590045 0.450615264
i 0.500006836 0.450615264
i 0.580423628 0.450615264
i 0.660840419 0.450615264
i 0.741257210 0.450615264
i 0.218548067 0.440130943
i 0.198443869 0.439727700
i 0.238652265 0.439727700
i 0.198443869 0.440534186
i 0.238652265 0.440534186
i 0.218548067 0.441743916
i 0.198443869 0.441340673
i 0.238652265 0.441340673
i 0.198443869 0.442147159
i 0.238652265 0.442147159
i 0.218548067 0.443356888
i 0.198443869 0.442953645
i 0.238652265 0.442953645
i 0.198443869 0.443760131
i 0.238652265 0.443760131
i 0.218548067 0.444969861
i 0.198443869 0.444566618
i 0.238652265 0.444566618
i 0.198443869 0.445373104
i 0.238652265 0.445373104
i 0.218548067 0.446582833
i 0.198443869 0.446179590
i 0.238652265 0.446179590
i 0.198443869 0.446986076
i 0.238652265 0.446986076
i 0.218548067 0.448195806
i 0.198443869 0.447792563
i 0.238652265 0.447792563
i 0.198443869 0.448599049
i 0.238652265 0.448599049
i 0.218548067 0.449808778
i 0.198443869 0.449405535
i 0.238652265 0.449405535
i 0.198443869 0.450212021
i 0.238652265 0.450212021
i 0.218548067 0.451421751
i 0.198443869 0.451018507
i 0.238652265 0.451018507
i 0.198443869 0.451824994
i 0.238652265 0.451824994
i 0.298964858 0.440130943
i 0.278860660 0.439727700
i 0.319069056 0.439727700
i 0.278860660 0.440534186
i 0.319069056 0.440534186
i 0.298964858 0.441743916
i 0.278860660 0.441340673
i 0.319069056 0.441340673
i 0.278860660 0.442147159
i 0.319069056 0.442147159
i 0.298964858 0.443356888
i 0.278860660 0.442953645
i 0.319069056 0.442953645
i 0.278860660 0.443760131
i 0.319069056 0.443760131
i 0.298964858 0.444969861
i 0.278860660 0.444566618
i 0.319069056 0.444566618
i 0.278860660 0.445373104
i 0.319069056 0.445373104
i 0.298964858 0.446582833
i 0.278860660 0.446179590
i 0.319069056 0.446179590
i 0.278860660 0.446986076
i 0.319069056 0.446986076
i 0.298964858 0.448195806
i 0.278860660 0.447792563
i 0.319069056 0.447792563
i 0.278860660 0.448599049
i 0.319069056 0.448599049
i 0.298964858 0.449808778
i 0.278860660 0.449405535
i 0.319069056 0.449405535
i 0.278860660 0.450212021
i 0.319069056 0.450212021
i 0.298964858 0.451421751
i 0.278860660 0.451018507
i 0.319069056 0.451018507
i 0.278860660 0.451824994
i 0.319069056 0.451824994
i 0.379381649 0.440130943
i 0.359277452 0.439727700
i 0.399485847 0.439727700
i 0.359277452 0.440534186
i 0.399485847 0.440534186
i 0.379381649 0.441743916
i 0.359277452 0.441340673
i 0.399485847 0.441340673
i 0.359277452 0.442147159
i 0.399485847 0.442147159
i 0.379381649 0.443356888
i 0.359277452 0.442953645
i 0.399485847 0.442953645
i 0.359277452 0.443760131
i 0.399485847 0.443760131
i 0.379381649 0.444969861
i 0.359277452 0.444566618
i 0.399485847 0.444566618
i 0.359277452 0.445373104
i 0.399485847 0.445373104
i 0.379381649 0.446582833
i 0.359277452 0.446179590
i 0.399485847 0.446179590
i 0.359277452 0.446986076
i 0.399485847 0.446986076
i 0.379381649 0.448195806
i 0.359277452 0.447792563
i 0.399485847 0.447792563
i 0.359277452 0.448599049
i 0.399485847 0.448599049
i 0.379381649 0.449808778
i 0.359277452 0.449405535
i 0.399485847 0.449405535
i 0.359277452 0.450212021
i 0.399485847 0.450212021
i 0.379381649 0.451421751
i 0.359277452 0.451018507
i 0.399485847 0.451018507
i 0.359277452 0.451824994
i 0.399485847 0.451824994
i 0.459798441 0.440130943
i 0.439694243 0.439727700
i 0.479902639 0.439727700
i 0.439694243 0.440534186
i 0.479902639 0.440534186
i 0.459798441 0.441743916
i 0.439694243 0.441340673
i 0.479902639 0.441340673
i 0.439694243 0.442147159
i 0.479902639 0.442147159
i 0.459798441 0.443356888
i 0.439694243 0.442953645
i 0.479902639 0.442953645
i 0.439694243 0.443760131
i 0.479902639 0.443760131
i 0.459798441 0.444969861
i 0.439694243 0.444566618
i 0.479902639 0.444566618
i 0.439694243 0.445373104
i 0.479902639 0.445373104
i 0.459798441 0.446582833
i 0.439694243 0.446179590
i 0.479902639 0.446179590
i 0.439694243 0.446986076
i 0.479902639 0.446986076
i 0.459798441 0.448195806
i 0.439694243 0.447792563
i 0.479902639 0.447792563
i 0.439694243 0.448599049
i 0.479902639 0.448599049
i 0.459798441 0.449808778
i 0.439694243 0.449405535
i 0.479902639 0.449405535
i 0.439694243 0.450212021
i 0.479902639 0.450212021
i 0.459798441 0.451421751
i 0.439694243 0.451018507
i 0.479902639 0.451018507
i 0.439694243 0.451824994
i 0.479902639 0.451824994
i 0.540215232 0.440130943
i 0.520111034 0.439727700
i 0.560319430 0.439727700
i 0.520111034 0.440534186
i 0.560319430 0.440534186
i 0.540215232 0.441743916
i 0.520111034 0.441340673
i 0.560319430 0.441340673
i 0.520111034 0.442147159
i 0.560319430 0.442147159
i 0.540215232 0.443356888
i 0.520111034 0.442953645
i 0.560319430 0.442953645
i 0.520111034 0.443760131
i 0.560319430 0.443760131
i 0.540215232 0.444969861
i 0.520111034 0.444566618
i 0.560319430 0.444566618
i 0.520111034 0.445373104
i 0.560319430 0.445373104
i 0.540215232 0.446582833
i 0.520111034 0.446179590
i 0.560319430 0.446179590
i 0.520111034 0.446986076
i 0.560319430 0.446986076
i 0.540215232 0.448195806
i 0.520111034 0.447792563
i 0.560319430 0.447792563
i 0.520111034 0.448599049
i 0.560319430 0.448599049
i 0.540215232 0.449808778
i 0.520111034 0.449405535
i 0.560319430 0.449405535
i 0.520111034 0.450212021
i 0.560319430 0.450212021
i 0.540215232 0.451421751
i 0.520111034 0.451018507
i 0.560319430 0.451018507
i 0.520111034 0.451824994
i 0.560319430 0.451824994
i 0.620632023 0.440130943
i 0.600527825 0.439727700
i 0.640736221 0.439727700
i 0.600527825 0.440534186
i 0.640736221 0.440534186
i 0.620632023 0.441743916
i 0.600527825 0.441340673
i 0.640736221 0.441340673
i 0.600527825 0.442147159
i 0.640736221 0.442147159
i 0.620632023 0.443356888
i 0.600527825 0.442953645
i 0.640736221 0.442953645
i 0.600527825 0.443760131
i 0.640736221 0.443760131
i 0.620632023 0.444969861
i 0.600527825 0.444566618
i 0.640736221 0.444566618
i 0.600527825 0.445373104
i 0.640736221 0.445373104
i 0.620632023 0.446582833
i 0.600527825 0.446179590
i 0.640736221 0.446179590
i 0.600527825 0.446986076
i 0.640736221 0.446986076
i 0.620632023 0.448195806
i 0.600527825 0.447792563
i 0.640736221 0.447792563
i 0.600527825 0.448599049
i 0.640736221 0.448599049
i 0.620632023 0.449808778
i 0.600527825 0.449405535
i 0.640736221 0.449405535
i 0.600527825 0.450212021
i 0.640736221 0.450212021
i 0.620632023 0.451421751
i 0.600527825 0.451018507
i 0.640736221 0.451018507
i 0.600527825 0.451824994
i 0.640736221 0.451824994
i 0.701048815 0.440130943
i 0.680944617 0.439727700
i 0.721153012 0.439727700
i 0.680944617 0.440534186
i 0.721153012 0.440534186
i 0.701048815 0.441743916
i 0.680944617 0.441340673
i 0.721153012 0.441340673
i 0.680944617 0.442147159
i 0.721153012 0.442147159
i 0.701048815 0.443356888
i 0.680944617 0.442953645
i 0.721153012 0.442953645
i 0.680944617 0.443760131
i 0.721153012 0.443760131
i 0.701048815 0.444969861
i 0.680944617 0.444566618
i 0.721153012 0.444566618
i 0.680944617 0.445373104
i 0.721153012 0.445373104
i 0.701048815 0.446582833
i 0.680944617 0.446179590
i 0.721153012 0.446179590
i 0.680944617 0.446986076
i 0.721153012 0.446986076
i 0.701048815 0.448195806
i 0.680944617 0.447792563
i 0.721153012 0.447792563
i 0.680944617 0.448599049
i 0.721153012 0.448599049
i 0.701048815 0.449808778
i 0.680944617 0.449405535
i 0.721153012 0.449405535
i 0.680944617 0.450212021
i 0.721153012 0.450212021
i 0.701048815 0.451421751
i 0.680944617 0.451018507
i 0.721153012 0.451018507
i 0.680944617 0.451824994
i 0.721153012 0.451824994
i 0.781465606 0.440130943
i 0.761361408 0.439727700
i 0.801569804 0.439727700
i 0.761361408 0.440534186
i 0.801569804 0.440534186
i 0.781465606 0.441743916
i 0.761361408 0.441340673
i 0.801569804 0.441340673
i 0.761361408 0.442147159
i 0.801569804 0.442147159
i 0.781465606 0.443356888
i 0.761361408 0.442953645
i 0.801569804 0.442953645
i 0.761361408 0.443760131
i 0.801569804 0.443760131
i 0.781465606 0.444969861
i 0.761361408 0.444566618
i 0.801569804 0.444566618
i 0.761361408 0.445373104
i 0.801569804 0.445373104
i 0.781465606 0.446582833
i 0.761361408 0.446179590
i 0.801569804 0.446179590
i 0.761361408 0.446986076
i 0.801569804 0.446986076
i 0.781465606 0.448195806
i 0.761361408 0.447792563
i 0.801569804 0.447792563
i 0.761361408 0.448599049
i 0.801569804 0.448599049
i 0.781465606 0.449808778
i 0.761361408 0.449405535
i 0.801569804 0.449405535
i 0.761361408 0.450212021
i 0.801569804 0.450212021
i 0.781465606 0.451421751
i 0.761361408 0.451018507
i 0.801569804 0.451018507
i 0.761361408 0.451824994
i 0.801569804 0.451824994
tris
t 63 61 62
t 63 60 61
t 63 59 60
t 63 58 59
t 63 57 58
t 63 56 57
t 63 55 56
t 63 54 55
t 63 53 54
t 63 52 53
t 63 51 52
t 63 50 51
t 63 49 50
t 63 48 49
t 63 47 48
t 63 46 47
t 63 64 65
t 63 65 66
t 63 66 67
t 63 67 68
t 63 68 69
t 63 69 70
t 63 70 71
t 63 71 72
t 63 72 73
t 63 73 74
t 63 74 75
t 63 75 76
t 63 76 77
t 63 77 78
t 63 78 79
t 63 79 80
t 63 80 81
t 63 81 82
t 63 82 83
t 63 83 84
t 63 84 85
t 63 85 86
t 63 86 87
t 63 87 88
t 63 88 89
t 63 89 90
t 63 90 91
t 63 91 92
t 63 92 93
t 63 93 94
t 63 94 95
t 63 95 96
t 63 96 97
t 63 97 98
t 63 98 99
t 63 99 100
t 63 589 46
t 63 590 589
t 63 591 590
t 63 592 591
t 63 593 592
t 63 594 593
t 63 595 594
t 63 596 595
t 63 597 596
t 63 598 597
t 63 599 598
t 63 600 599
t 63 601 600
t 63 602 601
t 63 603 602
t 63 604 603
t 63 605 604
t 63 606 605
t 63 607 606
t 63 608 607
t 63 609 608
t 63 610 609
t 63 611 610
t 63 612 611
t 63 613 612
t 63 614 613
t 63 615 614
t 63 616 615
t 63 617 616
t 63 618 617
t 63 619 618
t 63 620 619
t 63 621 620
t 63 622 621
t 63 623 622
t 63 624 623
t 63 625 624
t 63 626 625
t 63 627 626
t 63 628 627
t 63 629 628
t 63 630 629
t 63 631 630
t 63 632 631
t 63 633 632
t 63 634 633
t 63 635 634
t 63 636 635
t 63 637 636
t 63 638 637
t 63 639 638
t 63 640 639
t 63 641 640
t 63 642 641
t 63 643 642
t 63 644 643
t 63 645 644
t 63 646 645
t 63 647 646
t 63 648 647
t 63 649 648
t 63 650 649
t 63 651 650
t 63 652 651
t 63 653 652
t 63 654 653
t 63 655 654
t 63 656 655
t 63 657 656
t 63 658 657
t 63 659 658
t 63 660 659
t 63 661 660
t 63 662 661
t 63 663 662
t 63 664 663
t 63 665 664
t 63 666 665
t 63 667 666
t 63 668 667
t 63 669 668
t 63 670 669
t 63 671 670
t 63 672 671
t 63 673 672
t 63 674 673
t 63 675 674
t 63 676 675
t 63 677 676
t 63 678 677
t 63 679 678
t 63 680 679
t 63 681 680
t 63 682 681
t 63 683 682
t 63 684 683
t 63 685 684
t 63 686 685
t 63 100 686
t 46 44 45
t 46 43 44
t 46 42 43
t 46 41 42
t 46 40 41
t 46 39 40
t 46 38 39
t 46 37 38
t 46 36 37
t 46 35 36
t 46 34 35
t 46 33 34
t 46 32 33
t 46 31 32
t 46 30 31
t 46 29 30
t 46 28 29
t 100 101 102
t 100 102 103
t 100 103 104
t 100 104 105
t 100 105 106
t 100 106 107
t 100 107 108
t 100 108 109
t 100 109 110
t 100 110 111
t 100 111 112
t 100 112 113
t 100 113 114
t 100 114 115
t 100 115 116
t 100 116 117
t 100 117 118
t 100 118 119
t 100 119 120
t 100 120 121
t 100 121 122
t 100 122 123
t 100 123 124
t 100 124 125
t 100 125 126
t 100 126 127
t 100 127 128
t 100 128 129
t 100 129 130
t 100 130 131
t 100 131 132
t 100 132 133
t 100 133 134
t 100 134 135
t 100 135 136
t 100 136 137
t 46 687 28
t 46 688 687
t 46 689 688
t 46 690 689
t 46 691 690
t 46 692 691
t 46 693 692
t 46 694 693
t 46 695 694
t 46 696 695
t 46 697 696
t 46 698 697
t 46 699 698
t 46 700 699
t 46 701 700
t 46 702 701
t 46 703 702
t 46 704 703
t 46 589 704
t 589 705 704
t 589 590 705
t 590 706 705
t 590 591 706
t 591 707 706
t 591 592 707
t 592 708 707
t 592 593 708
t 593 709 708
t 593 594 709
t 594 710 709
t 594 595 710
t 595 711 710
t 595 596 711
t 596 712 711
t 596 597 712
t 597 713 712
t 597 598 713
t 598 714 713
t 598 599 714
t 599 715 714
t 599 600 715
t 600 716 715
t 600 601 716
t 601 717 716
t 601 602 717
t 602 718 717
t 602 603 718
t 603 719 718
t 603 604 719
t 604 720 719
t 604 605 720
t 605 721 720
t 605 606 721
t 606 722 721
t 606 607 722
t 607 723 722
t 607 608 723
t 608 724 723
t 608 609 724
t 609 725 724
t 609 610 725
t 610 726 725
t 610 611 726
t 611 727 726
t 611 612 727
t 612 728 727
t 612 613 728
t 613 729 728
t 613 614 729
t 614 730 729
t 614 615 730
t 615 731 730
t 615 616 731
t 616 732 731
t 616 617 732
t 617 733 732
t 617 618 733
t 618 734 733
t 618 619 734
t 619 735 734
t 619 620 735
t 620 736 735
t 620 621 736
t 621 737 736
t 621 622 737
t 622 738 737
t 622 623 738
t 623 739 738
t 623 624 739
t 624 740 739
t 624 625 740
t 625 741 740
t 625 626 741
t 626 742 741
t 626 627 742
t 627 743 742
t 627 628 743
t 628 744 743
t 628 629 744
t 629 745 744
t 629 630 745
t 630 746 745
t 630 631 746
t 631 747 746
t 631 632 747
t 632 748 747
t 632 633 748
t 633 749 748
t 633 634 749
t 634 750 749
t 634 635 750
t 635 751 750
t 635 636 751
t 636 752 751
t 636 637 752
t 637 753 752
t 637 638 753
t 638 754 753
t 638 639 754
t 639 755 754
t 639 640 755
t 640 756 755
t 640 641 756
t 641 757 756
t 641 642 757
t 642 758 757
t 642 643 758
t 643 759 758
t 643 644 759
t 644 760 759
t 644 645 760
t 645 761 760
t 645 646 761
t 646 762 761
t 646 647 762
t 647 763 762
t 647 648 763
t 648 764 763
t 648 649 764
t 649 765 764
t 649 650 765
t 650 766 765
t 650 651 766
t 651 767 766
t 651 652 767
t 652 768 767
t 652 653 768
t 653 769 768
t 653 654 769
t 654 770 769
t 654 655 770
t 655 771 770
t 655 656 771
t 656 772 771
t 656 657 772
t 657 773 772
t 657 658 773
t 658 774 773
t 658 659 774
t 659 775 774
t 659 660 775
t 660 776 775
t 660 661 776
t 661 777 776
t 661 662 777
t 662 778 777
t 662 663 778
t 663 779 778
t 663 664 779
t 664 780 779
t 664 665 780
t 665 781 780
t 665 666 781
t 666 782 781
t 666 667 782
t 667 783 782
t 667 668 783
t 668 784 783
t 668 669 784
t 669 785 784
t 669 670 785
t 670 786 785
t 670 671 786
t 671 787 786
t 671 672 787
t 672 788 787
t 672 673 788
t 673 789 788
t 673 674 789
t 674 790 789
t 674 675 790
t 675 791 790
t 675 676 791
t 676 792 791
t 676 677 792
t 677 793 792
t 677 678 793
t 678 794 793
t 678 679 794
t 679 795 794
t 679 680 795
t 680 796 795
t 680 681 796
t 681 797 796
t 681 682 797
t 682 798 797
t 682 683 798
t 683 799 798
t 683 684 799
t 684 800 799
t 684 685 800
t 685 801 800
t 685 686 801
t 686 802 801
t 686 100 802
t 100 803 802
t 100 804 803
t 100 805 804
t 100 806 805
t 100 807 806
t 100 808 807
t 100 809 808
t 100 810 809
t 100 811 810
t 100 812 811
t 100 813 812
t 100 814 813
t 100 815 814
t 100 816 815
t 100 817 816
t 100 818 817
t 100 819 818
t 100 820 819
t 100 821 820
t 100 822 821
t 100 823 822
t 100 824 823
t 100 825 824
t 100 826 825
t 100 827 826
t 100 828 827
t 100 829 828
t 100 830 829
t 100 831 830
t 100 832 831
t 100 833 832
t 100 834 833
t 100 835 834
t 100 836 835
t 100 837 836
t 100 838 837
t 100 839 838
t 100 840 839
t 100 841 840
t 100 842 841
t 100 843 842
t 100 844 843
t 100 137 844
t 28 26 27
t 28 25 26
t 28 24 25
t 28 23 24
t 28 22 23
t 28 21 22
t 28 20 21
t 28 19 20
t 28 18 19
t 28 17 18
t 28 16 17
t 28 15 16
t 28 14 15
t 28 13 14
t 28 12 13
t 28 11 12
t 28 10 11
t 137 138 139
t 137 139 140
t 137 140 141
t 137 141 142
t 137 142 143
t 137 143 144
t 137 144 145
t 137 145 146
t 137 146 147
t 137 147 148
t 137 148 149
t 137 149 150
t 137 150 151
t 137 151 152
t 137 152 153
t 137 153 154
t 137 154 155
t 137 155 156
t 137 156 157
t 137 157 158
t 137 158 159
t 137 159 160
t 137 160 161
t 137 161 162
t 137 162 163
t 137 163 164
t 137 164 165
t 137 165 166
t 137 166 167
t 137 167 168
t 137 168 169
t 137 169 170
t 137 170 171
t 137 171 172
t 137 172 173
t 137 173 174
t 28 845 10
t 28 846 845
t 28 847 846
t 28 848 847
t 28 849 848
t 28 850 849
t 28 851 850
t 28 852 851
t 28 853 852
t 28 854 853
t 28 855 854
t 28 856 855
t 28 857 856
t 28 858 857
t 28 859 858
t 28 860 859
t 28 861 860
t 28 862 861
t 28 687 862
t 687 863 862
t 687 688 863
t 688 864 863
t 688 689 864
t 689 865 864
t 689 690 865
t 690 866 865
t 690 691 866
t 691 867 866
t 691 692 867
t 692 868 867
t 692 693 868
t 693 869 868
t 693 694 869
t 694 870 869
t 694 695 870
t 695 871 870
t 695 696 871
t 696 872 871
t 696 697 872
t 697 873 872
t 697 698 873
t 698 874 873
t 698 699 874
t 699 875 874
t 699 700 875
t 700 876 875
t 700 701 876
t 701 877 876
t 701 702 877
t 702 878 877
t 702 703 878
t 703 879 878
t 703 704 879
t 704 880 879
t 704 705 880
t 705 881 880
t 705 706 881
t 706 882 881
t 706 707 882
t 707 883 882
t 707 708 883
t 708 884 883
t 708 709 884
t 709 885 884
t 709 710 885
t 710 886 885
t 710 711 886
t 711 887 886
t 711 712 887
t 712 888 887
t 712 713 888
t 713 889 888
t 713 714 889
t 714 890 889
t 714 715 890
t 715 891 890
t 715 716 891
t 716 892 891
t 716 717 892
t 717 893 892
t 717 718 893
t 718 894 893
t 718 719 894
t 719 895 894
t 719 720 895
t 720 896 895
t 720 721 896
t 721 897 896
t 721 722 897
t 722 898 897
t 722 723 898
t 723 899 898
t 723 724 899
t 724 900 899
t 724 725 900
t 725 901 900
t 725 726 901
t 726 902 901
t 726 727 902
t 727 903 902
t 727 728 903
t 728 904 903
t 728 729 904
t 729 905 904
t 729 730 905
t 730 906 905
t 730 731 906
t 731 907 906
t 731 732 907
t 732 908 907
t 732 733 908
t 733 909 908
t 733 734 909
t 734 910 909
t 734 735 910
t 735 911 910
t 735 736 911
t 736 912 911
t 736 737 912
t 737 913 912
t 737 738 913
t 738 914 913
t 738 739 914
t 739 915 914
t 739 740 915
t 740 916 915
t 740 741 916
t 741 917 916
t 741 742 917
t 742 918 917
t 742 743 918
t 743 919 918
t 743 744 919
t 744 920 919
t 744 745 920
t 745 921 920
t 745 746 921
t 746 922 921
t 746 747 922
t 747 923 922
t 747 748 923
t 748 924 923
t 748 749 924
t 749 925 924
t 749 750 925
t 750 926 925
t 750 751 926
t 751 927 926
t 751 752 927
t 752 928 927
t 752 753 928
t 753 929 928
t 753 754 929
t 754 930 929
t 754 755 930
t 755 931 930
t 755 756 931
t 756 932 931
t 756 757 932
t 757 933 932
t 757 758 933
t 758 934 933
t 758 759 934
t 759 935 934
t 759 760 935
t 760 936 935
t 760 761 936
t 761 937 936
t 761 762 937
t 762 938 937
t 762 763 938
t 763 939 938
t 763 764 939
t 764 940 939
t 764 765 940
t 765 941 940
t 765 766 941
t 766 942 941
t 766 767 942
t 767 943 942
t 767 768 943
t 768 944 943
t 768 769 944
t 769 945 944
t 769 770 945
t 770 946 945
t 770 771 946
t 771 947 946
t 771 772 947
t 772 948 947
t 772 773 948
t 773 949 948
t 773 774 949
t 774 950 949
t 774 775 950
t 775 951 950
t 775 776 951
t 776 952 951
t 776 777 952
t 777 953 952
t 777 778 953
t 778 954 953
t 778 779 954
t 779 955 954
t 779 780 955
t 780 956 955
t 780 781 956
t 781 957 956
t 781 782 957
t 782 958 957
t 782 783 958
t 783 959 958
t 783 784 959
t 784 960 959
t 784 785 960
t 785 961 960
t 785 786 961
t 786 962 961
t 786 787 962
t 787 963 962
t 787 788 963
t 788 964 963
t 788 789 964
t 789 965 964
t 789 790 965
t 790 966 965
t 790 791 966
t 791 967 966
t 791 792 967
t 792 968 967
t 792 793 968
t 793 969 968
t 793 794 969
t 794 970 969
t 794 795 970
t 795 971 970
t 795 796 971
t 796 972 971
t 796 797 972
t 797 973 972
t 797 798 973
t 798 974 973
t 798 799 974
t 799 975 974
t 799 800 975
t 800 976 975
t 800 801 976
t 801 977 976
t 801 802 977
t 802 978 977
t 802 803 978
t 803 979 978
t 803 804 979
t 804 174 979
t 804 805 174
t 805 806 174
t 806 807 174
t 807 808 174
t 808 809 174
t 809 810 174
t 810 811 174
t 811 812 174
t 812 813 174
t 813 814 174
t 814 815 174
t 815 816 174
t 816 817 174
t 817 818 174
t 818 819 174
t 819 820 174
t 820 821 174
t 821 822 174
t 822 823 174
t 823 824 174
t 824 825 174
t 825 826 174
t 826 827 174
t 827 828 174
t 828 829 174
t 829 830 174
t 830 831 174
t 831 832 174
t 832 833 174
t 833 834 174
t 834 835 174
t 835 836 174
t 836 837 174
t 837 838 174
t 838 839 174
t 839 840 174
t 840 841 174
t 841 842 174
t 842 843 174
t 843 844 174
t 844 137 174
t 10 8 9
t 10 7 8
t 10 6 7
t 10 5 6
t 10 4 5
t 10 3 4
t 10 2 3
t 10 1 2
t 10 0 1
t 10 219 0
t 10 218 219
t 10 217 218
t 10 216 217
t 10 215 216
t 10 214 215
t 10 213 214
t 10 212 213
t 10 211 212
t 174 175 176
t 174 176 177
t 174 177 178
t 174 178 179
t 174 179 180
t 174 180 181
t 174 181 182
t 174 182 183
t 174 183 184
t 174 184 185
t 174 185 186
t 174 186 187
t 174 187 188
t 174 188 189
t 174 189 190
t 174 190 191
t 174 191 192
t 174 192 193
t 174 193 194
t 174 194 195
t 174 195 196
t 174 196 197
t 174 197 198
t 174 198 199
t 174 199 200
t 174 200 201
t 174 201 202
t 174 202 203
t 174 203 204
t 174 204 205
t 174 205 206
t 174 206 207
t 174 207 208
t 174 208 209
t 174 209 210
t 174 210 211
t 10 845 211
t 845 846 211
t 846 847 211
t 847 848 211
t 848 849 211
t 849 850 211
t 850 851 211
t 851 852 211
t 852 853 211
t 853 854 211
t 854 855 211
t 855 856 211
t 856 857 211
t 857 858 211
t 858 859 211
t 859 860 211
t 860 861 211
t 861 862 211
t 862 863 211
t 863 864 211
t 864 865 211
t 865 866 211
t 866 867 211
t 867 868 211
t 868 869 211
t 869 870 211
t 870 871 211
t 871 872 211
t 872 873 211
t 873 874 211
t 874 875 211
t 875 876 211
t 876 877 211
t 877 878 211
t 878 879 211
t 879 880 211
t 880 881 211
t 881 882 211
t 882 883 211
t 883 884 211
t 884 885 211
t 885 886 211
t 886 887 211
t 887 888 211
t 888 889 211
t 889 890 211
t 890 891 211
t 891 892 211
t 892 893 211
t 893 894 211
t 894 895 211
t 895 896 211
t 896 897 211
t 897 898 211
t 898 899 211
t 899 900 211
t 900 901 211
t 901 902 211
t 902 903 211
t 903 904 211
t 904 905 211
t 905 906 211
t 906 907 211
t 907 908 211
t 908 909 211
t 909 910 211
t 910 911 211
t 911 912 211
t 912 913 211
t 913 914 211
t 914 915 211
t 915 916 211
t 916 917 211
t 917 918 211
t 918 919 211
t 919 920 211
t 920 921 211
t 921 922 211
t 922 923 211
t 923 924 211
t 924 925 211
t 925 926 211
t 926 927 211
t 927 928 211
t 928 929 211
t 929 930 211
t 930 931 211
t 931 932 211
t 932 933 211
t 933 934 211
t 934 935 211
t 935 936 211
t 936 937 211
t 937 938 211
t 938 939 211
t 939 940 211
t 940 941 211
t 941 942 211
t 942 943 211
t 943 944 211
t 944 945 211
t 945 946 211
t 946 947 211
t 947 948 211
t 948 949 211
t 949 950 211
t 950 951 211
t 951 952 211
t 952 953 211
t 953 954 211
t 954 955 211
t 955 956 211
t 956 957 211
t 957 958 211
t 958 959 211
t 959 960 211
t 960 961 211
t 961 962 211
t 962 963 211
t 963 964 211
t 964 965 211
t 965 966 211
t 966 967 211
t 967 968 211
t 968 969 211
t 969 970 211
t 970 971 211
t 971 972 211
t 972 973 211
t 973 974 211
t 974 975 211
t 975 976 211
t 976 977 211
t 977 978 211
t 978 979 211
t 979 174 211
