type=Nurbs forward=true n_boundary=172 n_holes=0 n_interior=355 n_tris=1232 label=brep47598_f170_Nurbs(deg=3/3, cps=4x11)
boundary
b 0.201275375 -0.000000000
b 0.226164539 -0.000000000
b 0.250668717 -0.000000000
b 0.274827542 -0.000000000
b 0.298678662 -0.000000000
b 0.322257991 -0.000000000
b 0.345599939 -0.000000000
b 0.368737620 -0.000000000
b 0.391703052 -0.000000000
b 0.414527336 -0.000000000
b 0.437240834 -0.000000000
b 0.459873329 -0.000000000
b 0.482454183 -0.000000000
b 0.505012495 -0.000000000
b 0.527577244 -0.000000000
b 0.550177445 -0.000000000
b 0.572842295 -0.000000000
b 0.595601324 -0.000000000
b 0.618484552 -0.000000000
b 0.641522648 -0.000000000
b 0.664747101 -0.000000000
b 0.688190391 -0.000000000
b 0.711886184 -0.000000000
b 0.735869530 -0.000000000
b 0.760177085 -0.000000000
b 0.784847348 -0.000000000
b 0.809920919 -0.000000000
b 0.835440797 -0.000000000
b 0.861452690 -0.000000000
b 0.888005378 -0.000000000
b 0.915151109 -0.000000000
b 0.915176244 0.018833620
b 0.915235050 0.037497960
b 0.915306031 0.056017245
b 0.915372131 0.074416316
b 0.915420618 0.092720428
b 0.915442997 0.110955073
b 0.915434940 0.129145818
b 0.915396245 0.147318141
b 0.915330808 0.165497281
b 0.915246350 0.183707993
b 0.915151109 0.201973418
b 0.915054292 0.220310058
b 0.914965519 0.238712128
b 0.914892631 0.257168009
b 0.914841553 0.275665788
b 0.914816282 0.294193359
b 0.914818870 0.312738513
b 0.914849421 0.331289035
b 0.914905971 0.349832833
b 0.914982254 0.368358662
b 0.915067972 0.386856413
b 0.915151109 0.405316732
b 0.915220448 0.423733272
b 0.915273465 0.442108988
b 0.915310595 0.460448918
b 0.915333026 0.478757856
b 0.915342656 0.497040327
b 0.915341921 0.515300570
b 0.915330914 0.533542901
b 0.915307481 0.551771968
b 0.915270092 0.569992505
b 0.915217975 0.588209294
b 0.915151109 0.606427123
b 0.915072136 0.624648867
b 0.914991436 0.642869484
b 0.914920176 0.661081194
b 0.914868030 0.679275361
b 0.914840583 0.697442645
b 0.914839118 0.715573335
b 0.914863225 0.733657518
b 0.914910909 0.751685150
b 0.914978559 0.769646142
b 0.915060928 0.787530440
b 0.915151109 0.805328105
b 0.915240542 0.823034575
b 0.915320798 0.840666251
b 0.915384040 0.858245897
b 0.915422218 0.875798127
b 0.915431062 0.893347999
b 0.915410428 0.910920719
b 0.915364307 0.928541492
b 0.915300839 0.946235360
b 0.915232360 0.964027041
b 0.915175467 0.981940748
b 0.915151109 1.000000000
b 0.885026781 1.000000000
b 0.855627303 1.000000000
b 0.826881820 1.000000000
b 0.798724625 1.000000000
b 0.771094506 1.000000000
b 0.743934165 1.000000000
b 0.717189702 1.000000000
b 0.690810159 1.000000000
b 0.664747101 1.000000000
b 0.638954241 1.000000000
b 0.613387098 1.000000000
b 0.588002675 1.000000000
b 0.562759166 1.000000000
b 0.537615671 1.000000000
b 0.512531932 1.000000000
b 0.487468068 1.000000000
b 0.462384329 1.000000000
b 0.437240834 1.000000000
b 0.411997325 1.000000000
b 0.386612902 1.000000000
b 0.361045759 1.000000000
b 0.335252899 1.000000000
b 0.309189841 1.000000000
b 0.282810298 1.000000000
b 0.256065835 1.000000000
b 0.228905494 1.000000000
b 0.201275375 1.000000000
b 0.173118180 1.000000000
b 0.144372697 1.000000000
b 0.114973219 1.000000000
b 0.084848891 1.000000000
b 0.084889018 0.981967246
b 0.085007109 0.963944914
b 0.085202822 0.945930221
b 0.085475780 0.927920473
b 0.085825567 0.909913075
b 0.086251732 0.891905543
b 0.086753789 0.873895511
b 0.087331226 0.855880742
b 0.087983497 0.837859139
b 0.088710080 0.819828931
b 0.089510726 0.801789529
b 0.090385101 0.783740520
b 0.091332113 0.765681272
b 0.092350480 0.747611297
b 0.093438920 0.729530308
b 0.094596158 0.711438211
b 0.095820921 0.693335101
b 0.097111947 0.675221256
b 0.098468004 0.657097025
b 0.099888034 0.638961929
b 0.101371052 0.620814887
b 0.102916046 0.602654645
b 0.104521800 0.584479996
b 0.106186378 0.566290579
b 0.107907687 0.548086545
b 0.109683666 0.529868390
b 0.111512285 0.511636942
b 0.113391567 0.493393303
b 0.115319759 0.475138181
b 0.117295219 0.456871828
b 0.119316296 0.438594318
b 0.121381322 0.420305553
b 0.123488617 0.402005271
b 0.125636300 0.383693406
b 0.127821778 0.365371419
b 0.130042345 0.347041655
b 0.132295382 0.328707014
b 0.134578458 0.310370729
b 0.136889266 0.292036106
b 0.139225531 0.273706516
b 0.141585006 0.255385380
b 0.143965465 0.237076154
b 0.146364702 0.218782307
b 0.148780526 0.200507306
b 0.151210837 0.182253539
b 0.153653882 0.164019268
b 0.156108080 0.145800786
b 0.158571916 0.127592999
b 0.161043855 0.109390670
b 0.163522349 0.091188541
b 0.166005847 0.072981370
b 0.168492806 0.054763967
b 0.170981698 0.036531229
b 0.173471026 0.018278177
b 0.175959329 -0.000000000
interior
i 0.188673155 0.125000000
i 0.292497418 0.125000000
i 0.396321681 0.125000000
i 0.500145944 0.125000000
i 0.603970207 0.125000000
i 0.707794470 0.125000000
i 0.811618733 0.125000000
i 0.188673155 0.250000000
i 0.292497418 0.250000000
i 0.396321681 0.250000000
i 0.500145944 0.250000000
i 0.603970207 0.250000000
i 0.707794470 0.250000000
i 0.811618733 0.250000000
i 0.188673155 0.375000000
i 0.292497418 0.375000000
i 0.396321681 0.375000000
i 0.500145944 0.375000000
i 0.603970207 0.375000000
i 0.707794470 0.375000000
i 0.811618733 0.375000000
i 0.188673155 0.500000000
i 0.292497418 0.500000000
i 0.396321681 0.500000000
i 0.500145944 0.500000000
i 0.603970207 0.500000000
i 0.707794470 0.500000000
i 0.811618733 0.500000000
i 0.188673155 0.625000000
i 0.292497418 0.625000000
i 0.396321681 0.625000000
i 0.500145944 0.625000000
i 0.603970207 0.625000000
i 0.707794470 0.625000000
i 0.811618733 0.625000000
i 0.188673155 0.750000000
i 0.292497418 0.750000000
i 0.396321681 0.750000000
i 0.500145944 0.750000000
i 0.603970207 0.750000000
i 0.707794470 0.750000000
i 0.811618733 0.750000000
i 0.188673155 0.875000000
i 0.292497418 0.875000000
i 0.396321681 0.875000000
i 0.500145944 0.875000000
i 0.603970207 0.875000000
i 0.707794470 0.875000000
i 0.811618733 0.875000000
i 0.136761023 0.312500000
i 0.162717089 0.281250000
i 0.162717089 0.343750000
i 0.136761023 0.437500000
i 0.162717089 0.406250000
i 0.162717089 0.468750000
i 0.136761023 0.562500000
i 0.110804957 0.531250000
i 0.162717089 0.531250000
i 0.110804957 0.593750000
i 0.162717089 0.593750000
i 0.136761023 0.687500000
i 0.110804957 0.656250000
i 0.162717089 0.656250000
i 0.110804957 0.718750000
i 0.162717089 0.718750000
i 0.136761023 0.812500000
i 0.110804957 0.781250000
i 0.162717089 0.781250000
i 0.110804957 0.843750000
i 0.162717089 0.843750000
i 0.136761023 0.937500000
i 0.110804957 0.906250000
i 0.162717089 0.906250000
i 0.110804957 0.968750000
i 0.162717089 0.968750000
i 0.240585286 0.062500000
i 0.214629220 0.031250000
i 0.266541352 0.031250000
i 0.214629220 0.093750000
i 0.266541352 0.093750000
i 0.240585286 0.187500000
i 0.214629220 0.156250000
i 0.266541352 0.156250000
i 0.214629220 0.218750000
i 0.266541352 0.218750000
i 0.240585286 0.312500000
i 0.214629220 0.281250000
i 0.266541352 0.281250000
i 0.214629220 0.343750000
i 0.266541352 0.343750000
i 0.240585286 0.437500000
i 0.214629220 0.406250000
i 0.266541352 0.406250000
i 0.214629220 0.468750000
i 0.266541352 0.468750000
i 0.240585286 0.562500000
i 0.214629220 0.531250000
i 0.266541352 0.531250000
i 0.214629220 0.593750000
i 0.266541352 0.593750000
i 0.240585286 0.687500000
i 0.214629220 0.656250000
i 0.266541352 0.656250000
i 0.214629220 0.718750000
i 0.266541352 0.718750000
i 0.240585286 0.812500000
i 0.214629220 0.781250000
i 0.266541352 0.781250000
i 0.214629220 0.843750000
i 0.266541352 0.843750000
i 0.240585286 0.937500000
i 0.214629220 0.906250000
i 0.266541352 0.906250000
i 0.214629220 0.968750000
i 0.266541352 0.968750000
i 0.344409549 0.062500000
i 0.318453484 0.031250000
i 0.370365615 0.031250000
i 0.318453484 0.093750000
i 0.370365615 0.093750000
i 0.344409549 0.187500000
i 0.318453484 0.156250000
i 0.370365615 0.156250000
i 0.318453484 0.218750000
i 0.370365615 0.218750000
i 0.344409549 0.312500000
i 0.318453484 0.281250000
i 0.370365615 0.281250000
i 0.318453484 0.343750000
i 0.370365615 0.343750000
i 0.344409549 0.437500000
i 0.318453484 0.406250000
i 0.370365615 0.406250000
i 0.318453484 0.468750000
i 0.370365615 0.468750000
i 0.344409549 0.562500000
i 0.318453484 0.531250000
i 0.370365615 0.531250000
i 0.318453484 0.593750000
i 0.370365615 0.593750000
i 0.344409549 0.687500000
i 0.318453484 0.656250000
i 0.370365615 0.656250000
i 0.318453484 0.718750000
i 0.370365615 0.718750000
i 0.344409549 0.812500000
i 0.318453484 0.781250000
i 0.370365615 0.781250000
i 0.318453484 0.843750000
i 0.370365615 0.843750000
i 0.344409549 0.937500000
i 0.318453484 0.906250000
i 0.370365615 0.906250000
i 0.318453484 0.968750000
i 0.370365615 0.968750000
i 0.448233812 0.062500000
i 0.422277747 0.031250000
i 0.474189878 0.031250000
i 0.422277747 0.093750000
i 0.474189878 0.093750000
i 0.448233812 0.187500000
i 0.422277747 0.156250000
i 0.474189878 0.156250000
i 0.422277747 0.218750000
i 0.474189878 0.218750000
i 0.448233812 0.312500000
i 0.422277747 0.281250000
i 0.474189878 0.281250000
i 0.422277747 0.343750000
i 0.474189878 0.343750000
i 0.448233812 0.437500000
i 0.422277747 0.406250000
i 0.474189878 0.406250000
i 0.422277747 0.468750000
i 0.474189878 0.468750000
i 0.448233812 0.562500000
i 0.422277747 0.531250000
i 0.474189878 0.531250000
i 0.422277747 0.593750000
i 0.474189878 0.593750000
i 0.448233812 0.687500000
i 0.422277747 0.656250000
i 0.474189878 0.656250000
i 0.422277747 0.718750000
i 0.474189878 0.718750000
i 0.448233812 0.812500000
i 0.422277747 0.781250000
i 0.474189878 0.781250000
i 0.422277747 0.843750000
i 0.474189878 0.843750000
i 0.448233812 0.937500000
i 0.422277747 0.906250000
i 0.474189878 0.906250000
i 0.422277747 0.968750000
i 0.474189878 0.968750000
i 0.552058076 0.062500000
i 0.526102010 0.031250000
i 0.578014141 0.031250000
i 0.526102010 0.093750000
i 0.578014141 0.093750000
i 0.552058076 0.187500000
i 0.526102010 0.156250000
i 0.578014141 0.156250000
i 0.526102010 0.218750000
i 0.578014141 0.218750000
i 0.552058076 0.312500000
i 0.526102010 0.281250000
i 0.578014141 0.281250000
i 0.526102010 0.343750000
i 0.578014141 0.343750000
i 0.552058076 0.437500000
i 0.526102010 0.406250000
i 0.578014141 0.406250000
i 0.526102010 0.468750000
i 0.578014141 0.468750000
i 0.552058076 0.562500000
i 0.526102010 0.531250000
i 0.578014141 0.531250000
i 0.526102010 0.593750000
i 0.578014141 0.593750000
i 0.552058076 0.687500000
i 0.526102010 0.656250000
i 0.578014141 0.656250000
i 0.526102010 0.718750000
i 0.578014141 0.718750000
i 0.552058076 0.812500000
i 0.526102010 0.781250000
i 0.578014141 0.781250000
i 0.526102010 0.843750000
i 0.578014141 0.843750000
i 0.552058076 0.937500000
i 0.526102010 0.906250000
i 0.578014141 0.906250000
i 0.526102010 0.968750000
i 0.578014141 0.968750000
i 0.655882339 0.062500000
i 0.629926273 0.031250000
i 0.681838405 0.031250000
i 0.629926273 0.093750000
i 0.681838405 0.093750000
i 0.655882339 0.187500000
i 0.629926273 0.156250000
i 0.681838405 0.156250000
i 0.629926273 0.218750000
i 0.681838405 0.218750000
i 0.655882339 0.312500000
i 0.629926273 0.281250000
i 0.681838405 0.281250000
i 0.629926273 0.343750000
i 0.681838405 0.343750000
i 0.655882339 0.437500000
i 0.629926273 0.406250000
i 0.681838405 0.406250000
i 0.629926273 0.468750000
i 0.681838405 0.468750000
i 0.655882339 0.562500000
i 0.629926273 0.531250000
i 0.681838405 0.531250000
i 0.629926273 0.593750000
i 0.681838405 0.593750000
i 0.655882339 0.687500000
i 0.629926273 0.656250000
i 0.681838405 0.656250000
i 0.629926273 0.718750000
i 0.681838405 0.718750000
i 0.655882339 0.812500000
i 0.629926273 0.781250000
i 0.681838405 0.781250000
i 0.629926273 0.843750000
i 0.681838405 0.843750000
i 0.655882339 0.937500000
i 0.629926273 0.906250000
i 0.681838405 0.906250000
i 0.629926273 0.968750000
i 0.681838405 0.968750000
i 0.759706602 0.062500000
i 0.733750536 0.031250000
i 0.785662668 0.031250000
i 0.733750536 0.093750000
i 0.785662668 0.093750000
i 0.759706602 0.187500000
i 0.733750536 0.156250000
i 0.785662668 0.156250000
i 0.733750536 0.218750000
i 0.785662668 0.218750000
i 0.759706602 0.312500000
i 0.733750536 0.281250000
i 0.785662668 0.281250000
i 0.733750536 0.343750000
i 0.785662668 0.343750000
i 0.759706602 0.437500000
i 0.733750536 0.406250000
i 0.785662668 0.406250000
i 0.733750536 0.468750000
i 0.785662668 0.468750000
i 0.759706602 0.562500000
i 0.733750536 0.531250000
i 0.785662668 0.531250000
i 0.733750536 0.593750000
i 0.785662668 0.593750000
i 0.759706602 0.687500000
i 0.733750536 0.656250000
i 0.785662668 0.656250000
i 0.733750536 0.718750000
i 0.785662668 0.718750000
i 0.759706602 0.812500000
i 0.733750536 0.781250000
i 0.785662668 0.781250000
i 0.733750536 0.843750000
i 0.785662668 0.843750000
i 0.759706602 0.937500000
i 0.733750536 0.906250000
i 0.785662668 0.906250000
i 0.733750536 0.968750000
i 0.785662668 0.968750000
i 0.863530865 0.062500000
i 0.837574799 0.031250000
i 0.889486931 0.031250000
i 0.837574799 0.093750000
i 0.889486931 0.093750000
i 0.863530865 0.187500000
i 0.837574799 0.156250000
i 0.889486931 0.156250000
i 0.837574799 0.218750000
i 0.889486931 0.218750000
i 0.863530865 0.312500000
i 0.837574799 0.281250000
i 0.889486931 0.281250000
i 0.837574799 0.343750000
i 0.889486931 0.343750000
i 0.863530865 0.437500000
i 0.837574799 0.406250000
i 0.889486931 0.406250000
i 0.837574799 0.468750000
i 0.889486931 0.468750000
i 0.863530865 0.562500000
i 0.837574799 0.531250000
i 0.889486931 0.531250000
i 0.837574799 0.593750000
i 0.889486931 0.593750000
i 0.863530865 0.687500000
i 0.837574799 0.656250000
i 0.889486931 0.656250000
i 0.837574799 0.718750000
i 0.889486931 0.718750000
i 0.863530865 0.812500000
i 0.837574799 0.781250000
i 0.889486931 0.781250000
i 0.837574799 0.843750000
i 0.889486931 0.843750000
i 0.863530865 0.937500000
i 0.837574799 0.906250000
i 0.889486931 0.906250000
i 0.837574799 0.968750000
i 0.889486931 0.968750000
tris
t 171 169 170
t 171 168 169
t 171 167 168
t 171 166 167
t 171 165 166
t 171 164 165
t 171 163 164
t 171 162 163
t 30 31 32
t 30 32 33
t 30 33 34
t 30 34 35
t 30 35 36
t 30 36 37
t 30 37 38
t 30 38 39
t 171 527 162
t 171 528 527
t 171 529 528
t 171 530 529
t 171 531 530
t 171 532 531
t 171 533 532
t 171 534 533
t 171 535 534
t 171 536 535
t 171 0 536
t 0 537 536
t 0 1 537
t 1 538 537
t 1 539 538
t 1 2 539
t 2 540 539
t 2 541 540
t 2 3 541
t 3 542 541
t 3 543 542
t 3 4 543
t 4 544 543
t 4 545 544
t 4 5 545
t 5 546 545
t 5 547 546
t 5 6 547
t 6 548 547
t 6 549 548
t 6 7 549
t 7 550 549
t 7 551 550
t 7 8 551
t 8 552 551
t 8 553 552
t 8 9 553
t 9 554 553
t 9 10 554
t 10 555 554
t 10 11 555
t 11 556 555
t 11 557 556
t 11 12 557
t 12 558 557
t 12 559 558
t 12 13 559
t 13 560 559
t 13 561 560
t 13 14 561
t 14 562 561
t 14 563 562
t 14 15 563
t 15 564 563
t 15 565 564
t 15 16 565
t 16 566 565
t 16 567 566
t 16 17 567
t 17 568 567
t 17 569 568
t 17 18 569
t 18 570 569
t 18 571 570
t 18 19 571
t 19 572 571
t 19 20 572
t 20 573 572
t 20 21 573
t 21 574 573
t 21 575 574
t 21 22 575
t 22 576 575
t 22 577 576
t 22 23 577
t 23 578 577
t 23 579 578
t 23 24 579
t 24 580 579
t 24 581 580
t 24 25 581
t 25 582 581
t 25 583 582
t 25 26 583
t 26 584 583
t 26 585 584
t 26 27 585
t 27 586 585
t 27 587 586
t 27 28 587
t 28 588 587
t 28 589 588
t 28 29 589
t 29 590 589
t 29 591 590
t 29 592 591
t 29 593 592
t 29 594 593
t 29 595 594
t 29 596 595
t 29 597 596
t 29 598 597
t 29 599 598
t 29 600 599
t 29 601 600
t 29 602 601
t 29 603 602
t 29 604 603
t 29 605 604
t 29 606 605
t 29 607 606
t 29 608 607
t 29 609 608
t 29 610 609
t 29 611 610
t 29 30 611
t 30 612 611
t 30 613 612
t 30 614 613
t 30 615 614
t 30 616 615
t 30 617 616
t 30 618 617
t 30 619 618
t 30 620 619
t 30 621 620
t 30 622 621
t 30 623 622
t 30 624 623
t 30 625 624
t 30 39 625
t 162 160 161
t 162 159 160
t 162 158 159
t 162 157 158
t 162 156 157
t 162 155 156
t 162 154 155
t 162 153 154
t 39 40 41
t 39 41 42
t 39 42 43
t 39 43 44
t 39 44 45
t 39 45 46
t 39 46 47
t 39 47 48
t 162 626 153
t 162 627 626
t 162 628 627
t 162 629 628
t 162 630 629
t 162 631 630
t 162 632 631
t 162 633 632
t 162 634 633
t 162 635 634
t 162 527 635
t 527 636 635
t 527 528 636
t 528 637 636
t 528 529 637
t 529 638 637
t 529 530 638
t 530 639 638
t 530 531 639
t 531 640 639
t 531 532 640
t 532 641 640
t 532 533 641
t 533 642 641
t 533 534 642
t 534 643 642
t 534 535 643
t 535 644 643
t 535 536 644
t 536 645 644
t 536 537 645
t 537 646 645
t 537 538 646
t 538 647 646
t 538 539 647
t 539 648 647
t 539 540 648
t 540 649 648
t 540 541 649
t 541 650 649
t 541 542 650
t 542 651 650
t 542 543 651
t 543 652 651
t 543 544 652
t 544 653 652
t 544 545 653
t 545 654 653
t 545 546 654
t 546 655 654
t 546 547 655
t 547 656 655
t 547 548 656
t 548 657 656
t 548 549 657
t 549 658 657
t 549 550 658
t 550 659 658
t 550 551 659
t 551 660 659
t 551 552 660
t 552 661 660
t 552 553 661
t 553 662 661
t 553 554 662
t 554 663 662
t 554 555 663
t 555 664 663
t 555 556 664
t 556 665 664
t 556 557 665
t 557 666 665
t 557 558 666
t 558 667 666
t 558 559 667
t 559 668 667
t 559 560 668
t 560 669 668
t 560 561 669
t 561 670 669
t 561 562 670
t 562 671 670
t 562 563 671
t 563 672 671
t 563 564 672
t 564 673 672
t 564 565 673
t 565 674 673
t 565 566 674
t 566 675 674
t 566 567 675
t 567 676 675
t 567 568 676
t 568 677 676
t 568 569 677
t 569 678 677
t 569 570 678
t 570 679 678
t 570 571 679
t 571 680 679
t 571 572 680
t 572 681 680
t 572 573 681
t 573 682 681
t 573 574 682
t 574 683 682
t 574 575 683
t 575 684 683
t 575 576 684
t 576 685 684
t 576 577 685
t 577 686 685
t 577 578 686
t 578 687 686
t 578 579 687
t 579 688 687
t 579 580 688
t 580 689 688
t 580 581 689
t 581 690 689
t 581 582 690
t 582 691 690
t 582 583 691
t 583 692 691
t 583 584 692
t 584 693 692
t 584 585 693
t 585 694 693
t 585 586 694
t 586 695 694
t 586 587 695
t 587 696 695
t 587 588 696
t 588 697 696
t 588 589 697
t 589 698 697
t 589 590 698
t 590 699 698
t 590 591 699
t 591 700 699
t 591 592 700
t 592 701 700
t 592 593 701
t 593 702 701
t 593 594 702
t 594 703 702
t 594 595 703
t 595 704 703
t 595 596 704
t 596 48 704
t 596 597 48
t 597 598 48
t 598 599 48
t 599 600 48
t 600 601 48
t 601 602 48
t 602 603 48
t 603 604 48
t 604 605 48
t 605 606 48
t 606 607 48
t 607 608 48
t 608 609 48
t 609 610 48
t 610 611 48
t 611 612 48
t 612 613 48
t 613 614 48
t 614 615 48
t 615 616 48
t 616 617 48
t 617 618 48
t 618 619 48
t 619 620 48
t 620 621 48
t 621 622 48
t 622 623 48
t 623 624 48
t 624 625 48
t 625 39 48
t 153 151 152
t 153 150 151
t 153 149 150
t 153 148 149
t 153 147 148
t 153 146 147
t 153 145 146
t 153 144 145
t 48 49 50
t 48 50 51
t 48 51 52
t 48 52 53
t 48 53 54
t 48 54 55
t 48 55 56
t 48 56 57
t 153 705 144
t 153 706 705
t 153 707 706
t 153 708 707
t 153 709 708
t 153 710 709
t 153 711 710
t 153 712 711
t 153 713 712
t 153 714 713
t 153 626 714
t 626 715 714
t 626 627 715
t 627 716 715
t 627 628 716
t 628 717 716
t 628 629 717
t 629 718 717
t 629 630 718
t 630 719 718
t 630 631 719
t 631 720 719
t 631 632 720
t 632 721 720
t 632 633 721
t 633 722 721
t 633 634 722
t 634 723 722
t 634 635 723
t 635 724 723
t 635 636 724
t 636 725 724
t 636 637 725
t 637 726 725
t 637 638 726
t 638 727 726
t 638 639 727
t 639 728 727
t 639 640 728
t 640 729 728
t 640 641 729
t 641 730 729
t 641 642 730
t 642 731 730
t 642 643 731
t 643 732 731
t 643 644 732
t 644 733 732
t 644 645 733
t 645 734 733
t 645 646 734
t 646 735 734
t 646 647 735
t 647 736 735
t 647 648 736
t 648 737 736
t 648 649 737
t 649 738 737
t 649 650 738
t 650 739 738
t 650 651 739
t 651 740 739
t 651 652 740
t 652 741 740
t 652 653 741
t 653 742 741
t 653 654 742
t 654 743 742
t 654 655 743
t 655 744 743
t 655 656 744
t 656 745 744
t 656 657 745
t 657 746 745
t 657 658 746
t 658 747 746
t 658 659 747
t 659 748 747
t 659 660 748
t 660 749 748
t 660 661 749
t 661 750 749
t 661 662 750
t 662 751 750
t 662 663 751
t 663 752 751
t 663 664 752
t 664 753 752
t 664 665 753
t 665 754 753
t 665 666 754
t 666 755 754
t 666 667 755
t 667 756 755
t 667 668 756
t 668 757 756
t 668 669 757
t 669 758 757
t 669 670 758
t 670 759 758
t 670 671 759
t 671 760 759
t 671 672 760
t 672 761 760
t 672 673 761
t 673 762 761
t 673 674 762
t 674 763 762
t 674 675 763
t 675 764 763
t 675 676 764
t 676 765 764
t 676 677 765
t 677 766 765
t 677 678 766
t 678 767 766
t 678 679 767
t 679 768 767
t 679 680 768
t 680 769 768
t 680 681 769
t 681 770 769
t 681 682 770
t 682 771 770
t 682 683 771
t 683 772 771
t 683 684 772
t 684 773 772
t 684 685 773
t 685 774 773
t 685 686 774
t 686 775 774
t 686 687 775
t 687 776 775
t 687 688 776
t 688 777 776
t 688 689 777
t 689 778 777
t 689 690 778
t 690 779 778
t 690 691 779
t 691 780 779
t 691 692 780
t 692 781 780
t 692 693 781
t 693 782 781
t 693 694 782
t 694 783 782
t 694 695 783
t 695 784 783
t 695 696 784
t 696 785 784
t 696 697 785
t 697 786 785
t 697 698 786
t 698 787 786
t 698 699 787
t 699 788 787
t 699 700 788
t 700 789 788
t 700 701 789
t 701 790 789
t 701 702 790
t 702 791 790
t 702 703 791
t 703 792 791
t 703 704 792
t 704 793 792
t 704 48 793
t 48 794 793
t 48 795 794
t 48 796 795
t 48 797 796
t 48 798 797
t 48 799 798
t 48 800 799
t 48 801 800
t 48 802 801
t 48 803 802
t 48 804 803
t 48 805 804
t 48 806 805
t 48 807 806
t 48 808 807
t 48 809 808
t 48 810 809
t 48 811 810
t 48 812 811
t 48 813 812
t 48 814 813
t 48 815 814
t 48 816 815
t 48 817 816
t 48 818 817
t 48 819 818
t 48 820 819
t 48 821 820
t 48 822 821
t 48 823 822
t 48 824 823
t 48 825 824
t 48 57 825
t 144 142 143
t 144 141 142
t 144 140 141
t 144 139 140
t 144 138 139
t 144 137 138
t 144 136 137
t 144 135 136
t 57 58 59
t 57 59 60
t 57 60 61
t 57 61 62
t 57 62 63
t 57 63 64
t 57 64 65
t 57 65 66
t 144 826 135
t 144 827 826
t 144 828 827
t 144 829 828
t 144 830 829
t 144 831 830
t 144 832 831
t 144 833 832
t 144 834 833
t 144 705 834
t 705 835 834
t 705 706 835
t 706 836 835
t 706 707 836
t 707 837 836
t 707 708 837
t 708 838 837
t 708 709 838
t 709 839 838
t 709 710 839
t 710 840 839
t 710 711 840
t 711 841 840
t 711 712 841
t 712 842 841
t 712 713 842
t 713 843 842
t 713 714 843
t 714 844 843
t 714 715 844
t 715 845 844
t 715 716 845
t 716 846 845
t 716 717 846
t 717 847 846
t 717 718 847
t 718 848 847
t 718 719 848
t 719 849 848
t 719 720 849
t 720 850 849
t 720 721 850
t 721 851 850
t 721 722 851
t 722 852 851
t 722 723 852
t 723 853 852
t 723 724 853
t 724 854 853
t 724 725 854
t 725 855 854
t 725 726 855
t 726 856 855
t 726 727 856
t 727 857 856
t 727 728 857
t 728 858 857
t 728 729 858
t 729 859 858
t 729 730 859
t 730 860 859
t 730 731 860
t 731 861 860
t 731 732 861
t 732 862 861
t 732 733 862
t 733 863 862
t 733 734 863
t 734 864 863
t 734 735 864
t 735 865 864
t 735 736 865
t 736 866 865
t 736 737 866
t 737 867 866
t 737 738 867
t 738 868 867
t 738 739 868
t 739 869 868
t 739 740 869
t 740 870 869
t 740 741 870
t 741 871 870
t 741 742 871
t 742 872 871
t 742 743 872
t 743 873 872
t 743 744 873
t 744 874 873
t 744 745 874
t 745 875 874
t 745 746 875
t 746 876 875
t 746 747 876
t 747 877 876
t 747 748 877
t 748 878 877
t 748 749 878
t 749 879 878
t 749 750 879
t 750 880 879
t 750 751 880
t 751 881 880
t 751 752 881
t 752 882 881
t 752 753 882
t 753 883 882
t 753 754 883
t 754 884 883
t 754 755 884
t 755 885 884
t 755 756 885
t 756 886 885
t 756 757 886
t 757 887 886
t 757 758 887
t 758 888 887
t 758 759 888
t 759 889 888
t 759 760 889
t 760 890 889
t 760 761 890
t 761 891 890
t 761 762 891
t 762 892 891
t 762 763 892
t 763 893 892
t 763 764 893
t 764 894 893
t 764 765 894
t 765 895 894
t 765 766 895
t 766 896 895
t 766 767 896
t 767 897 896
t 767 768 897
t 768 898 897
t 768 769 898
t 769 899 898
t 769 770 899
t 770 900 899
t 770 771 900
t 771 901 900
t 771 772 901
t 772 902 901
t 772 773 902
t 773 903 902
t 773 774 903
t 774 904 903
t 774 775 904
t 775 905 904
t 775 776 905
t 776 906 905
t 776 777 906
t 777 907 906
t 777 778 907
t 778 908 907
t 778 779 908
t 779 909 908
t 779 780 909
t 780 910 909
t 780 781 910
t 781 911 910
t 781 782 911
t 782 912 911
t 782 783 912
t 783 913 912
t 783 784 913
t 784 914 913
t 784 785 914
t 785 915 914
t 785 786 915
t 786 916 915
t 786 787 916
t 787 917 916
t 787 788 917
t 788 918 917
t 788 789 918
t 789 919 918
t 789 790 919
t 790 920 919
t 790 791 920
t 791 921 920
t 791 792 921
t 792 922 921
t 792 793 922
t 793 923 922
t 793 794 923
t 794 924 923
t 794 795 924
t 795 925 924
t 795 796 925
t 796 926 925
t 796 797 926
t 797 927 926
t 797 798 927
t 798 928 927
t 798 799 928
t 799 929 928
t 799 800 929
t 800 66 929
t 800 801 66
t 801 802 66
t 802 803 66
t 803 804 66
t 804 805 66
t 805 806 66
t 806 807 66
t 807 808 66
t 808 809 66
t 809 810 66
t 810 811 66
t 811 812 66
t 812 813 66
t 813 814 66
t 814 815 66
t 815 816 66
t 816 817 66
t 817 818 66
t 818 819 66
t 819 820 66
t 820 821 66
t 821 822 66
t 822 823 66
t 823 824 66
t 824 825 66
t 825 57 66
t 135 133 134
t 135 132 133
t 135 131 132
t 135 130 131
t 135 129 130
t 135 128 129
t 135 127 128
t 135 126 127
t 66 67 68
t 66 68 69
t 66 69 70
t 66 70 71
t 66 71 72
t 66 72 73
t 66 73 74
t 66 74 75
t 135 930 126
t 135 931 930
t 135 932 931
t 135 933 932
t 135 934 933
t 135 935 934
t 135 936 935
t 135 937 936
t 135 938 937
t 135 826 938
t 826 939 938
t 826 827 939
t 827 940 939
t 827 828 940
t 828 941 940
t 828 829 941
t 829 942 941
t 829 830 942
t 830 943 942
t 830 831 943
t 831 944 943
t 831 832 944
t 832 945 944
t 832 833 945
t 833 946 945
t 833 834 946
t 834 947 946
t 834 835 947
t 835 948 947
t 835 836 948
t 836 949 948
t 836 837 949
t 837 950 949
t 837 838 950
t 838 951 950
t 838 839 951
t 839 952 951
t 839 840 952
t 840 953 952
t 840 841 953
t 841 954 953
t 841 842 954
t 842 955 954
t 842 843 955
t 843 956 955
t 843 844 956
t 844 957 956
t 844 845 957
t 845 958 957
t 845 846 958
t 846 959 958
t 846 847 959
t 847 960 959
t 847 848 960
t 848 961 960
t 848 849 961
t 849 962 961
t 849 850 962
t 850 963 962
t 850 851 963
t 851 964 963
t 851 852 964
t 852 965 964
t 852 853 965
t 853 966 965
t 853 854 966
t 854 967 966
t 854 855 967
t 855 968 967
t 855 856 968
t 856 969 968
t 856 857 969
t 857 970 969
t 857 858 970
t 858 971 970
t 858 859 971
t 859 972 971
t 859 860 972
t 860 973 972
t 860 861 973
t 861 974 973
t 861 862 974
t 862 975 974
t 862 863 975
t 863 976 975
t 863 864 976
t 864 977 976
t 864 865 977
t 865 978 977
t 865 866 978
t 866 979 978
t 866 867 979
t 867 980 979
t 867 868 980
t 868 981 980
t 868 869 981
t 869 982 981
t 869 870 982
t 870 983 982
t 870 871 983
t 871 984 983
t 871 872 984
t 872 985 984
t 872 873 985
t 873 986 985
t 873 874 986
t 874 987 986
t 874 875 987
t 875 988 987
t 875 876 988
t 876 989 988
t 876 877 989
t 877 990 989
t 877 878 990
t 878 991 990
t 878 879 991
t 879 992 991
t 879 880 992
t 880 993 992
t 880 881 993
t 881 994 993
t 881 882 994
t 882 995 994
t 882 883 995
t 883 996 995
t 883 884 996
t 884 997 996
t 884 885 997
t 885 998 997
t 885 886 998
t 886 999 998
t 886 887 999
t 887 1000 999
t 887 888 1000
t 888 1001 1000
t 888 889 1001
t 889 1002 1001
t 889 890 1002
t 890 1003 1002
t 890 891 1003
t 891 1004 1003
t 891 892 1004
t 892 1005 1004
t 892 893 1005
t 893 1006 1005
t 893 894 1006
t 894 1007 1006
t 894 895 1007
t 895 1008 1007
t 895 896 1008
t 896 1009 1008
t 896 897 1009
t 897 1010 1009
t 897 898 1010
t 898 1011 1010
t 898 899 1011
t 899 1012 1011
t 899 900 1012
t 900 1013 1012
t 900 901 1013
t 901 1014 1013
t 901 902 1014
t 902 1015 1014
t 902 903 1015
t 903 1016 1015
t 903 904 1016
t 904 1017 1016
t 904 905 1017
t 905 1018 1017
t 905 906 1018
t 906 1019 1018
t 906 907 1019
t 907 1020 1019
t 907 908 1020
t 908 1021 1020
t 908 909 1021
t 909 1022 1021
t 909 910 1022
t 910 1023 1022
t 910 911 1023
t 911 1024 1023
t 911 912 1024
t 912 1025 1024
t 912 913 1025
t 913 1026 1025
t 913 914 1026
t 914 1027 1026
t 914 915 1027
t 915 1028 1027
t 915 916 1028
t 916 1029 1028
t 916 917 1029
t 917 1030 1029
t 917 918 1030
t 918 1031 1030
t 918 919 1031
t 919 1032 1031
t 919 920 1032
t 920 1033 1032
t 920 921 1033
t 921 1034 1033
t 921 922 1034
t 922 1035 1034
t 922 923 1035
t 923 1036 1035
t 923 924 1036
t 924 1037 1036
t 924 925 1037
t 925 1038 1037
t 925 926 1038
t 926 1039 1038
t 926 927 1039
t 927 1040 1039
t 927 928 1040
t 928 1041 1040
t 928 929 1041
t 929 1042 1041
t 929 66 1042
t 66 1043 1042
t 66 1044 1043
t 66 1045 1044
t 66 1046 1045
t 66 1047 1046
t 66 1048 1047
t 66 1049 1048
t 66 1050 1049
t 66 1051 1050
t 66 1052 1051
t 66 1053 1052
t 66 1054 1053
t 66 1055 1054
t 66 1056 1055
t 66 1057 1056
t 66 75 1057
t 126 124 125
t 126 123 124
t 126 122 123
t 126 121 122
t 126 120 121
t 126 119 120
t 126 118 119
t 126 117 118
t 126 116 117
t 75 76 77
t 75 77 78
t 75 78 79
t 75 79 80
t 75 80 81
t 75 81 82
t 75 82 83
t 75 83 84
t 75 84 85
t 126 930 116
t 930 931 116
t 931 932 116
t 932 933 116
t 933 934 116
t 934 935 116
t 935 936 116
t 936 937 116
t 937 938 116
t 938 939 116
t 939 940 116
t 940 941 116
t 941 942 116
t 942 943 116
t 943 944 116
t 944 945 116
t 945 946 116
t 946 947 116
t 947 948 116
t 948 115 116
t 948 949 115
t 949 950 115
t 950 951 115
t 951 952 115
t 952 953 115
t 953 954 115
t 954 955 115
t 955 956 115
t 956 957 115
t 957 958 115
t 958 959 115
t 959 960 115
t 960 961 115
t 961 962 115
t 962 963 115
t 963 114 115
t 963 964 114
t 964 965 114
t 965 966 114
t 966 967 114
t 967 968 114
t 968 969 114
t 969 970 114
t 970 971 114
t 971 972 114
t 972 973 114
t 973 974 114
t 974 975 114
t 975 113 114
t 975 976 113
t 976 977 113
t 977 978 113
t 978 112 113
t 978 979 112
t 979 980 112
t 980 111 112
t 980 981 111
t 981 982 111
t 982 110 111
t 982 983 110
t 983 984 110
t 984 109 110
t 984 985 109
t 985 986 109
t 986 108 109
t 986 987 108
t 987 988 108
t 988 107 108
t 988 989 107
t 989 990 107
t 990 106 107
t 990 991 106
t 991 992 106
t 992 105 106
t 992 993 105
t 993 994 105
t 994 104 105
t 994 995 104
t 995 996 104
t 996 103 104
t 996 997 103
t 997 998 103
t 998 102 103
t 998 999 102
t 999 1000 102
t 1000 101 102
t 1000 1001 101
t 1001 1002 101
t 1002 100 101
t 1002 1003 100
t 1003 1004 100
t 1004 99 100
t 1004 1005 99
t 1005 1006 99
t 1006 98 99
t 1006 1007 98
t 1007 1008 98
t 1008 97 98
t 1008 1009 97
t 1009 1010 97
t 1010 96 97
t 1010 1011 96
t 1011 1012 96
t 1012 95 96
t 1012 1013 95
t 1013 1014 95
t 1014 94 95
t 1014 1015 94
t 1015 1016 94
t 1016 93 94
t 1016 1017 93
t 1017 1018 93
t 1018 92 93
t 1018 1019 92
t 1019 1020 92
t 1020 91 92
t 1020 1021 91
t 1021 1022 91
t 1022 90 91
t 1022 1023 90
t 1023 1024 90
t 1024 89 90
t 1024 1025 89
t 1025 1026 89
t 1026 88 89
t 1026 1027 88
t 1027 1028 88
t 1028 87 88
t 1028 1029 87
t 1029 1030 87
t 1030 86 87
t 1030 1031 86
t 1031 1032 86
t 1032 1033 86
t 1033 1034 86
t 1034 1035 86
t 1035 1036 86
t 1036 1037 86
t 1037 1038 86
t 1038 1039 86
t 1039 1040 86
t 1040 1041 86
t 1041 1042 86
t 1042 1043 86
t 1043 1044 86
t 1044 1045 86
t 1045 1046 86
t 1046 1047 86
t 1047 1048 86
t 1048 1049 86
t 1049 1050 86
t 1050 1051 86
t 1051 1052 86
t 1052 85 86
t 1052 1053 85
t 1053 1054 85
t 1054 1055 85
t 1055 1056 85
t 1056 1057 85
t 1057 75 85
