type=Nurbs forward=true n_boundary=172 n_holes=0 n_interior=359 n_tris=738 label=brep47598_f254_Nurbs(deg=3/3, cps=4x13)
boundary
b 0.138061336 0.001502605
b 0.164101966 0.001502605
b 0.189904298 0.001502605
b 0.215488575 0.001502605
b 0.240874408 0.001502605
b 0.266080843 0.001502605
b 0.291126422 0.001502605
b 0.316029234 0.001502605
b 0.340806974 0.001502605
b 0.365476996 0.001502605
b 0.390056357 0.001502605
b 0.414561870 0.001502605
b 0.439010148 0.001502605
b 0.463417650 0.001502605
b 0.487800728 0.001502605
b 0.512175667 0.001502606
b 0.536558729 0.001502606
b 0.560966200 0.001502606
b 0.585414430 0.001502606
b 0.609919879 0.001502606
b 0.634499160 0.001502606
b 0.659169084 0.001502606
b 0.683946712 0.001502606
b 0.708849393 0.001502607
b 0.733894823 0.001502607
b 0.759101093 0.001502607
b 0.784486742 0.001502607
b 0.810070816 0.001502607
b 0.835872925 0.001502607
b 0.861913312 0.001502608
b 0.888213223 0.001523401
b 0.888215451 0.027311813
b 0.888220028 0.052756460
b 0.888224586 0.077858227
b 0.888227547 0.102616876
b 0.888228077 0.127031054
b 0.888226061 0.151098302
b 0.888222072 0.174815070
b 0.888217347 0.198176487
b 0.888213752 0.221175467
b 0.888213276 0.243806042
b 0.888215052 0.266076609
b 0.888217396 0.288001245
b 0.888219169 0.309593596
b 0.888219711 0.330866800
b 0.888218826 0.351833489
b 0.888216917 0.372505972
b 0.888214768 0.392896031
b 0.888213421 0.413014802
b 0.888213985 0.432872377
b 0.888216050 0.452473976
b 0.888218346 0.471821661
b 0.888219906 0.490917092
b 0.888220361 0.509761526
b 0.888219706 0.528355878
b 0.888218142 0.546700739
b 0.888216072 0.564796376
b 0.888214100 0.582642729
b 0.888212984 0.600239547
b 0.888212788 0.617589399
b 0.888213118 0.634697732
b 0.888213721 0.651569888
b 0.888214374 0.668210956
b 0.888214885 0.684625762
b 0.888215083 0.700818855
b 0.888214822 0.716794506
b 0.888214057 0.732556701
b 0.888213086 0.748109173
b 0.888212213 0.763456689
b 0.888211575 0.778605856
b 0.888211228 0.793563339
b 0.888211152 0.808335675
b 0.888211253 0.822929261
b 0.888211465 0.837350333
b 0.888211902 0.851604932
b 0.888212620 0.865698940
b 0.888213580 0.879638071
b 0.888214626 0.893426021
b 0.888215490 0.907061802
b 0.888215928 0.920543633
b 0.888215880 0.933869726
b 0.888215473 0.947038293
b 0.888214852 0.960047435
b 0.888214180 0.972895143
b 0.888213632 0.985579298
b 0.888213402 0.998097670
b 0.863196762 0.998097670
b 0.838415486 0.998097670
b 0.813851523 0.998097670
b 0.789487395 0.998097670
b 0.765306146 0.998097670
b 0.741291296 0.998097670
b 0.717426786 0.998097670
b 0.693696943 0.998097670
b 0.670086428 0.998097670
b 0.646580200 0.998097670
b 0.623163478 0.998097670
b 0.599821699 0.998097670
b 0.576540484 0.998097670
b 0.553305601 0.998097670
b 0.530102931 0.998097670
b 0.506918433 0.998097670
b 0.483738109 0.998097670
b 0.460547972 0.998097670
b 0.437334011 0.998097670
b 0.414082158 0.998097670
b 0.390778251 0.998097670
b 0.367408005 0.998097670
b 0.343956970 0.998097670
b 0.320410501 0.998097670
b 0.296753714 0.998097670
b 0.272971456 0.998097670
b 0.249048256 0.998097670
b 0.224968292 0.998097670
b 0.200715340 0.998097670
b 0.176272734 0.998097670
b 0.151623315 0.998097670
b 0.151750034 0.986013969
b 0.151858750 0.973749790
b 0.151947745 0.961307610
b 0.152015355 0.948689791
b 0.152059958 0.935898579
b 0.152079967 0.922936098
b 0.152073819 0.909804352
b 0.152040232 0.896505307
b 0.151978375 0.883040936
b 0.151887841 0.869412361
b 0.151770206 0.855615651
b 0.151627086 0.841644698
b 0.151459065 0.827493208
b 0.151265654 0.813154720
b 0.151045647 0.798622600
b 0.150797081 0.783890041
b 0.150516807 0.768950076
b 0.150200416 0.753795594
b 0.149842687 0.738419533
b 0.149443200 0.722816896
b 0.149004511 0.706983843
b 0.148529007 0.690916307
b 0.148018620 0.674609948
b 0.147474306 0.658060109
b 0.146895955 0.641261818
b 0.146282307 0.624209795
b 0.145630861 0.606898458
b 0.144937981 0.589322088
b 0.144201833 0.571477960
b 0.143422587 0.553366227
b 0.142600192 0.534986792
b 0.141734202 0.516339167
b 0.140823701 0.497422469
b 0.139867204 0.478235419
b 0.138862778 0.458776359
b 0.137809208 0.439043366
b 0.136705258 0.419034108
b 0.135554009 0.398743308
b 0.134364902 0.378161162
b 0.133145819 0.357276743
b 0.131902157 0.336078344
b 0.130636856 0.314553597
b 0.129351459 0.292689968
b 0.128045156 0.270474444
b 0.126714074 0.247893368
b 0.125351027 0.224932507
b 0.123948665 0.201583475
b 0.122506363 0.177852907
b 0.121026264 0.153748733
b 0.119514335 0.129276882
b 0.117978254 0.104441786
b 0.116426321 0.079246611
b 0.114867176 0.053693218
b 0.113309486 0.027782121
b 0.111761617 0.001512464
interior
i 0.208819924 0.126076988
i 0.305878232 0.126076988
i 0.402936539 0.126076988
i 0.499994847 0.126076988
i 0.597053154 0.126076988
i 0.694111462 0.126076988
i 0.791169769 0.126076988
i 0.208819924 0.250651371
i 0.305878232 0.250651371
i 0.402936539 0.250651371
i 0.499994847 0.250651371
i 0.597053154 0.250651371
i 0.694111462 0.250651371
i 0.791169769 0.250651371
i 0.208819924 0.375225754
i 0.305878232 0.375225754
i 0.402936539 0.375225754
i 0.499994847 0.375225754
i 0.597053154 0.375225754
i 0.694111462 0.375225754
i 0.791169769 0.375225754
i 0.208819924 0.499800137
i 0.305878232 0.499800137
i 0.402936539 0.499800137
i 0.499994847 0.499800137
i 0.597053154 0.499800137
i 0.694111462 0.499800137
i 0.791169769 0.499800137
i 0.208819924 0.624374521
i 0.305878232 0.624374521
i 0.402936539 0.624374521
i 0.499994847 0.624374521
i 0.597053154 0.624374521
i 0.694111462 0.624374521
i 0.791169769 0.624374521
i 0.208819924 0.748948904
i 0.305878232 0.748948904
i 0.402936539 0.748948904
i 0.499994847 0.748948904
i 0.597053154 0.748948904
i 0.694111462 0.748948904
i 0.791169769 0.748948904
i 0.208819924 0.873523287
i 0.305878232 0.873523287
i 0.402936539 0.873523287
i 0.499994847 0.873523287
i 0.597053154 0.873523287
i 0.694111462 0.873523287
i 0.791169769 0.873523287
i 0.160290771 0.063789796
i 0.136026194 0.032646200
i 0.184555348 0.032646200
i 0.136026194 0.094933392
i 0.184555348 0.094933392
i 0.160290771 0.188364179
i 0.136026194 0.157220584
i 0.184555348 0.157220584
i 0.136026194 0.219507775
i 0.184555348 0.219507775
i 0.160290771 0.312938563
i 0.136026194 0.281794967
i 0.184555348 0.281794967
i 0.136026194 0.344082158
i 0.184555348 0.344082158
i 0.160290771 0.437512946
i 0.184555348 0.406369350
i 0.184555348 0.468656542
i 0.160290771 0.562087329
i 0.184555348 0.530943733
i 0.184555348 0.593230925
i 0.160290771 0.686661712
i 0.184555348 0.655518116
i 0.184555348 0.717805308
i 0.160290771 0.811236095
i 0.184555348 0.780092500
i 0.184555348 0.842379691
i 0.160290771 0.935810479
i 0.184555348 0.904666883
i 0.184555348 0.966954074
i 0.257349078 0.063789796
i 0.233084501 0.032646200
i 0.281613655 0.032646200
i 0.233084501 0.094933392
i 0.281613655 0.094933392
i 0.257349078 0.188364179
i 0.233084501 0.157220584
i 0.281613655 0.157220584
i 0.233084501 0.219507775
i 0.281613655 0.219507775
i 0.257349078 0.312938563
i 0.233084501 0.281794967
i 0.281613655 0.281794967
i 0.233084501 0.344082158
i 0.281613655 0.344082158
i 0.257349078 0.437512946
i 0.233084501 0.406369350
i 0.281613655 0.406369350
i 0.233084501 0.468656542
i 0.281613655 0.468656542
i 0.257349078 0.562087329
i 0.233084501 0.530943733
i 0.281613655 0.530943733
i 0.233084501 0.593230925
i 0.281613655 0.593230925
i 0.257349078 0.686661712
i 0.233084501 0.655518116
i 0.281613655 0.655518116
i 0.233084501 0.717805308
i 0.281613655 0.717805308
i 0.257349078 0.811236095
i 0.233084501 0.780092500
i 0.281613655 0.780092500
i 0.233084501 0.842379691
i 0.281613655 0.842379691
i 0.257349078 0.935810479
i 0.233084501 0.904666883
i 0.281613655 0.904666883
i 0.233084501 0.966954074
i 0.281613655 0.966954074
i 0.354407386 0.063789796
i 0.330142809 0.032646200
i 0.378671963 0.032646200
i 0.330142809 0.094933392
i 0.378671963 0.094933392
i 0.354407386 0.188364179
i 0.330142809 0.157220584
i 0.378671963 0.157220584
i 0.330142809 0.219507775
i 0.378671963 0.219507775
i 0.354407386 0.312938563
i 0.330142809 0.281794967
i 0.378671963 0.281794967
i 0.330142809 0.344082158
i 0.378671963 0.344082158
i 0.354407386 0.437512946
i 0.330142809 0.406369350
i 0.378671963 0.406369350
i 0.330142809 0.468656542
i 0.378671963 0.468656542
i 0.354407386 0.562087329
i 0.330142809 0.530943733
i 0.378671963 0.530943733
i 0.330142809 0.593230925
i 0.378671963 0.593230925
i 0.354407386 0.686661712
i 0.330142809 0.655518116
i 0.378671963 0.655518116
i 0.330142809 0.717805308
i 0.378671963 0.717805308
i 0.354407386 0.811236095
i 0.330142809 0.780092500
i 0.378671963 0.780092500
i 0.330142809 0.842379691
i 0.378671963 0.842379691
i 0.354407386 0.935810479
i 0.330142809 0.904666883
i 0.378671963 0.904666883
i 0.330142809 0.966954074
i 0.378671963 0.966954074
i 0.451465693 0.063789796
i 0.427201116 0.032646200
i 0.475730270 0.032646200
i 0.427201116 0.094933392
i 0.475730270 0.094933392
i 0.451465693 0.188364179
i 0.427201116 0.157220584
i 0.475730270 0.157220584
i 0.427201116 0.219507775
i 0.475730270 0.219507775
i 0.451465693 0.312938563
i 0.427201116 0.281794967
i 0.475730270 0.281794967
i 0.427201116 0.344082158
i 0.475730270 0.344082158
i 0.451465693 0.437512946
i 0.427201116 0.406369350
i 0.475730270 0.406369350
i 0.427201116 0.468656542
i 0.475730270 0.468656542
i 0.451465693 0.562087329
i 0.427201116 0.530943733
i 0.475730270 0.530943733
i 0.427201116 0.593230925
i 0.475730270 0.593230925
i 0.451465693 0.686661712
i 0.427201116 0.655518116
i 0.475730270 0.655518116
i 0.427201116 0.717805308
i 0.475730270 0.717805308
i 0.451465693 0.811236095
i 0.427201116 0.780092500
i 0.475730270 0.780092500
i 0.427201116 0.842379691
i 0.475730270 0.842379691
i 0.451465693 0.935810479
i 0.427201116 0.904666883
i 0.475730270 0.904666883
i 0.427201116 0.966954074
i 0.475730270 0.966954074
i 0.548524001 0.063789796
i 0.524259424 0.032646200
i 0.572788577 0.032646200
i 0.524259424 0.094933392
i 0.572788577 0.094933392
i 0.548524001 0.188364179
i 0.524259424 0.157220584
i 0.572788577 0.157220584
i 0.524259424 0.219507775
i 0.572788577 0.219507775
i 0.548524001 0.312938563
i 0.524259424 0.281794967
i 0.572788577 0.281794967
i 0.524259424 0.344082158
i 0.572788577 0.344082158
i 0.548524001 0.437512946
i 0.524259424 0.406369350
i 0.572788577 0.406369350
i 0.524259424 0.468656542
i 0.572788577 0.468656542
i 0.548524001 0.562087329
i 0.524259424 0.530943733
i 0.572788577 0.530943733
i 0.524259424 0.593230925
i 0.572788577 0.593230925
i 0.548524001 0.686661712
i 0.524259424 0.655518116
i 0.572788577 0.655518116
i 0.524259424 0.717805308
i 0.572788577 0.717805308
i 0.548524001 0.811236095
i 0.524259424 0.780092500
i 0.572788577 0.780092500
i 0.524259424 0.842379691
i 0.572788577 0.842379691
i 0.548524001 0.935810479
i 0.524259424 0.904666883
i 0.572788577 0.904666883
i 0.524259424 0.966954074
i 0.572788577 0.966954074
i 0.645582308 0.063789796
i 0.621317731 0.032646200
i 0.669846885 0.032646200
i 0.621317731 0.094933392
i 0.669846885 0.094933392
i 0.645582308 0.188364179
i 0.621317731 0.157220584
i 0.669846885 0.157220584
i 0.621317731 0.219507775
i 0.669846885 0.219507775
i 0.645582308 0.312938563
i 0.621317731 0.281794967
i 0.669846885 0.281794967
i 0.621317731 0.344082158
i 0.669846885 0.344082158
i 0.645582308 0.437512946
i 0.621317731 0.406369350
i 0.669846885 0.406369350
i 0.621317731 0.468656542
i 0.669846885 0.468656542
i 0.645582308 0.562087329
i 0.621317731 0.530943733
i 0.669846885 0.530943733
i 0.621317731 0.593230925
i 0.669846885 0.593230925
i 0.645582308 0.686661712
i 0.621317731 0.655518116
i 0.669846885 0.655518116
i 0.621317731 0.717805308
i 0.669846885 0.717805308
i 0.645582308 0.811236095
i 0.621317731 0.780092500
i 0.669846885 0.780092500
i 0.621317731 0.842379691
i 0.669846885 0.842379691
i 0.645582308 0.935810479
i 0.621317731 0.904666883
i 0.669846885 0.904666883
i 0.621317731 0.966954074
i 0.669846885 0.966954074
i 0.742640616 0.063789796
i 0.718376039 0.032646200
i 0.766905192 0.032646200
i 0.718376039 0.094933392
i 0.766905192 0.094933392
i 0.742640616 0.188364179
i 0.718376039 0.157220584
i 0.766905192 0.157220584
i 0.718376039 0.219507775
i 0.766905192 0.219507775
i 0.742640616 0.312938563
i 0.718376039 0.281794967
i 0.766905192 0.281794967
i 0.718376039 0.344082158
i 0.766905192 0.344082158
i 0.742640616 0.437512946
i 0.718376039 0.406369350
i 0.766905192 0.406369350
i 0.718376039 0.468656542
i 0.766905192 0.468656542
i 0.742640616 0.562087329
i 0.718376039 0.530943733
i 0.766905192 0.530943733
i 0.718376039 0.593230925
i 0.766905192 0.593230925
i 0.742640616 0.686661712
i 0.718376039 0.655518116
i 0.766905192 0.655518116
i 0.718376039 0.717805308
i 0.766905192 0.717805308
i 0.742640616 0.811236095
i 0.718376039 0.780092500
i 0.766905192 0.780092500
i 0.718376039 0.842379691
i 0.766905192 0.842379691
i 0.742640616 0.935810479
i 0.718376039 0.904666883
i 0.766905192 0.904666883
i 0.718376039 0.966954074
i 0.766905192 0.966954074
i 0.839698923 0.063789796
i 0.815434346 0.032646200
i 0.863963500 0.032646200
i 0.815434346 0.094933392
i 0.863963500 0.094933392
i 0.839698923 0.188364179
i 0.815434346 0.157220584
i 0.863963500 0.157220584
i 0.815434346 0.219507775
i 0.863963500 0.219507775
i 0.839698923 0.312938563
i 0.815434346 0.281794967
i 0.863963500 0.281794967
i 0.815434346 0.344082158
i 0.863963500 0.344082158
i 0.839698923 0.437512946
i 0.815434346 0.406369350
i 0.863963500 0.406369350
i 0.815434346 0.468656542
i 0.863963500 0.468656542
i 0.839698923 0.562087329
i 0.815434346 0.530943733
i 0.863963500 0.530943733
i 0.815434346 0.593230925
i 0.863963500 0.593230925
i 0.839698923 0.686661712
i 0.815434346 0.655518116
i 0.863963500 0.655518116
i 0.815434346 0.717805308
i 0.863963500 0.717805308
i 0.839698923 0.811236095
i 0.815434346 0.780092500
i 0.863963500 0.780092500
i 0.815434346 0.842379691
i 0.863963500 0.842379691
i 0.839698923 0.935810479
i 0.815434346 0.904666883
i 0.863963500 0.904666883
i 0.815434346 0.966954074
i 0.863963500 0.966954074
tris
t 0 170 171
t 0 169 170
t 0 168 169
t 0 167 168
t 0 166 167
t 0 165 166
t 0 164 165
t 0 163 164
t 0 162 163
t 0 161 162
t 29 30 31
t 29 31 32
t 29 32 33
t 29 33 34
t 29 34 35
t 29 35 36
t 29 36 37
t 29 37 38
t 29 38 39
t 29 39 40
t 0 531 161
t 0 532 531
t 0 533 532
t 0 534 533
t 0 535 534
t 0 536 535
t 0 537 536
t 0 538 537
t 0 539 538
t 0 540 539
t 0 541 540
t 0 542 541
t 0 543 542
t 0 544 543
t 0 545 544
t 0 546 545
t 0 547 546
t 0 548 547
t 0 549 548
t 0 550 549
t 0 551 550
t 0 552 551
t 0 553 552
t 0 554 553
t 0 555 554
t 0 556 555
t 0 557 556
t 0 558 557
t 0 559 558
t 0 560 559
t 0 561 560
t 0 562 561
t 0 563 562
t 0 564 563
t 0 565 564
t 0 566 565
t 0 567 566
t 0 568 567
t 0 569 568
t 0 570 569
t 0 571 570
t 0 572 571
t 0 573 572
t 0 574 573
t 0 575 574
t 0 576 575
t 0 1 576
t 1 577 576
t 1 578 577
t 1 2 578
t 2 579 578
t 2 580 579
t 2 3 580
t 3 581 580
t 3 582 581
t 3 4 582
t 4 583 582
t 4 584 583
t 4 5 584
t 5 585 584
t 5 586 585
t 5 6 586
t 6 587 586
t 6 588 587
t 6 7 588
t 7 589 588
t 7 590 589
t 7 8 590
t 8 591 590
t 8 592 591
t 8 9 592
t 9 593 592
t 9 594 593
t 9 10 594
t 10 595 594
t 10 596 595
t 10 597 596
t 10 11 597
t 11 598 597
t 11 599 598
t 11 12 599
t 12 600 599
t 12 601 600
t 12 13 601
t 13 602 601
t 13 603 602
t 13 14 603
t 14 604 603
t 14 605 604
t 14 15 605
t 15 606 605
t 15 607 606
t 15 16 607
t 16 608 607
t 16 609 608
t 16 17 609
t 17 610 609
t 17 611 610
t 17 18 611
t 18 612 611
t 18 613 612
t 18 19 613
t 19 614 613
t 19 615 614
t 19 20 615
t 20 616 615
t 20 617 616
t 20 21 617
t 21 618 617
t 21 619 618
t 21 22 619
t 22 620 619
t 22 621 620
t 22 23 621
t 23 622 621
t 23 623 622
t 23 24 623
t 24 624 623
t 24 625 624
t 24 25 625
t 25 626 625
t 25 627 626
t 25 26 627
t 26 628 627
t 26 629 628
t 26 27 629
t 27 630 629
t 27 631 630
t 27 28 631
t 28 632 631
t 28 633 632
t 28 29 633
t 29 634 633
t 29 635 634
t 29 636 635
t 29 637 636
t 29 40 637
t 161 159 160
t 161 158 159
t 161 157 158
t 161 156 157
t 161 155 156
t 161 154 155
t 161 153 154
t 161 152 153
t 161 151 152
t 161 150 151
t 161 149 150
t 40 41 42
t 40 42 43
t 40 43 44
t 40 44 45
t 40 45 46
t 40 46 47
t 40 47 48
t 40 48 49
t 40 49 50
t 40 50 51
t 40 51 52
t 161 531 149
t 531 532 149
t 532 533 149
t 533 534 149
t 534 535 149
t 535 536 149
t 536 537 149
t 537 538 149
t 538 539 149
t 539 540 149
t 540 541 149
t 541 542 149
t 542 543 149
t 543 544 149
t 544 638 149
t 544 545 638
t 545 639 638
t 545 546 639
t 546 640 639
t 546 547 640
t 547 641 640
t 547 548 641
t 548 642 641
t 548 549 642
t 549 643 642
t 549 550 643
t 550 644 643
t 550 551 644
t 551 645 644
t 551 552 645
t 552 646 645
t 552 553 646
t 553 647 646
t 553 554 647
t 554 648 647
t 554 555 648
t 555 649 648
t 555 556 649
t 556 650 649
t 556 557 650
t 557 651 650
t 557 558 651
t 558 652 651
t 558 559 652
t 559 653 652
t 559 560 653
t 560 654 653
t 560 561 654
t 561 655 654
t 561 562 655
t 562 656 655
t 562 563 656
t 563 657 656
t 563 564 657
t 564 658 657
t 564 565 658
t 565 659 658
t 565 566 659
t 566 660 659
t 566 567 660
t 567 661 660
t 567 568 661
t 568 662 661
t 568 569 662
t 569 663 662
t 569 570 663
t 570 664 663
t 570 571 664
t 571 665 664
t 571 572 665
t 572 666 665
t 572 573 666
t 573 667 666
t 573 574 667
t 574 668 667
t 574 575 668
t 575 669 668
t 575 576 669
t 576 670 669
t 576 577 670
t 577 671 670
t 577 578 671
t 578 672 671
t 578 579 672
t 579 673 672
t 579 580 673
t 580 674 673
t 580 581 674
t 581 675 674
t 581 582 675
t 582 676 675
t 582 583 676
t 583 677 676
t 583 584 677
t 584 678 677
t 584 585 678
t 585 679 678
t 585 586 679
t 586 680 679
t 586 587 680
t 587 681 680
t 587 588 681
t 588 682 681
t 588 589 682
t 589 683 682
t 589 590 683
t 590 684 683
t 590 591 684
t 591 685 684
t 591 592 685
t 592 686 685
t 592 593 686
t 593 687 686
t 593 594 687
t 594 688 687
t 594 595 688
t 595 689 688
t 595 596 689
t 596 690 689
t 596 597 690
t 597 691 690
t 597 598 691
t 598 692 691
t 598 599 692
t 599 693 692
t 599 600 693
t 600 694 693
t 600 601 694
t 601 695 694
t 601 602 695
t 602 696 695
t 602 603 696
t 603 697 696
t 603 604 697
t 604 698 697
t 604 605 698
t 605 699 698
t 605 606 699
t 606 700 699
t 606 607 700
t 607 701 700
t 607 608 701
t 608 702 701
t 608 609 702
t 609 703 702
t 609 610 703
t 610 704 703
t 610 611 704
t 611 705 704
t 611 612 705
t 612 706 705
t 612 613 706
t 613 707 706
t 613 614 707
t 614 708 707
t 614 615 708
t 615 709 708
t 615 616 709
t 616 710 709
t 616 617 710
t 617 711 710
t 617 618 711
t 618 712 711
t 618 619 712
t 619 713 712
t 619 620 713
t 620 714 713
t 620 621 714
t 621 715 714
t 621 622 715
t 622 716 715
t 622 623 716
t 623 717 716
t 623 624 717
t 624 718 717
t 624 625 718
t 625 719 718
t 625 626 719
t 626 720 719
t 626 627 720
t 627 721 720
t 627 628 721
t 628 722 721
t 628 629 722
t 629 723 722
t 629 630 723
t 630 724 723
t 630 631 724
t 631 725 724
t 631 632 725
t 632 726 725
t 632 633 726
t 633 727 726
t 633 634 727
t 634 728 727
t 634 635 728
t 635 729 728
t 635 636 729
t 636 730 729
t 636 637 730
t 637 731 730
t 637 732 731
t 637 40 732
t 40 733 732
t 40 734 733
t 40 735 734
t 40 736 735
t 40 737 736
t 40 52 737
t 149 147 148
t 149 146 147
t 149 145 146
t 149 144 145
t 149 143 144
t 149 142 143
t 149 141 142
t 149 140 141
t 149 139 140
t 149 138 139
t 149 137 138
t 149 136 137
t 149 135 136
t 149 134 135
t 149 133 134
t 52 53 54
t 52 54 55
t 52 55 56
t 52 56 57
t 52 57 58
t 52 58 59
t 52 59 60
t 52 60 61
t 52 61 62
t 52 62 63
t 52 63 64
t 52 64 65
t 52 65 66
t 52 66 67
t 52 67 68
t 149 638 133
t 638 639 133
t 639 640 133
t 640 641 133
t 641 642 133
t 642 643 133
t 643 644 133
t 644 645 133
t 645 646 133
t 646 647 133
t 647 648 133
t 648 649 133
t 649 650 133
t 650 651 133
t 651 652 133
t 652 653 133
t 653 654 133
t 654 738 133
t 654 655 738
t 655 739 738
t 655 656 739
t 656 740 739
t 656 657 740
t 657 741 740
t 657 658 741
t 658 742 741
t 658 659 742
t 659 743 742
t 659 660 743
t 660 744 743
t 660 661 744
t 661 745 744
t 661 662 745
t 662 746 745
t 662 663 746
t 663 747 746
t 663 664 747
t 664 748 747
t 664 665 748
t 665 749 748
t 665 666 749
t 666 750 749
t 666 667 750
t 667 751 750
t 667 668 751
t 668 752 751
t 668 669 752
t 669 753 752
t 669 670 753
t 670 754 753
t 670 671 754
t 671 755 754
t 671 672 755
t 672 756 755
t 672 673 756
t 673 757 756
t 673 674 757
t 674 758 757
t 674 675 758
t 675 759 758
t 675 676 759
t 676 760 759
t 676 677 760
t 677 761 760
t 677 678 761
t 678 762 761
t 678 679 762
t 679 763 762
t 679 680 763
t 680 764 763
t 680 681 764
t 681 765 764
t 681 682 765
t 682 766 765
t 682 683 766
t 683 767 766
t 683 684 767
t 684 768 767
t 684 685 768
t 685 769 768
t 685 686 769
t 686 770 769
t 686 687 770
t 687 771 770
t 687 688 771
t 688 772 771
t 688 689 772
t 689 773 772
t 689 690 773
t 690 774 773
t 690 691 774
t 691 775 774
t 691 692 775
t 692 776 775
t 692 693 776
t 693 777 776
t 693 694 777
t 694 778 777
t 694 695 778
t 695 779 778
t 695 696 779
t 696 780 779
t 696 697 780
t 697 781 780
t 697 698 781
t 698 782 781
t 698 699 782
t 699 783 782
t 699 700 783
t 700 784 783
t 700 701 784
t 701 785 784
t 701 702 785
t 702 786 785
t 702 703 786
t 703 787 786
t 703 704 787
t 704 788 787
t 704 705 788
t 705 789 788
t 705 706 789
t 706 790 789
t 706 707 790
t 707 791 790
t 707 708 791
t 708 792 791
t 708 709 792
t 709 793 792
t 709 710 793
t 710 794 793
t 710 711 794
t 711 795 794
t 711 712 795
t 712 796 795
t 712 713 796
t 713 797 796
t 713 714 797
t 714 798 797
t 714 715 798
t 715 799 798
t 715 716 799
t 716 800 799
t 716 717 800
t 717 801 800
t 717 718 801
t 718 802 801
t 718 719 802
t 719 803 802
t 719 720 803
t 720 804 803
t 720 721 804
t 721 805 804
t 721 722 805
t 722 806 805
t 722 723 806
t 723 807 806
t 723 724 807
t 724 808 807
t 724 725 808
t 725 809 808
t 725 726 809
t 726 810 809
t 726 727 810
t 727 811 810
t 727 728 811
t 728 812 811
t 728 729 812
t 729 813 812
t 729 730 813
t 730 814 813
t 730 731 814
t 731 68 814
t 731 732 68
t 732 733 68
t 733 734 68
t 734 735 68
t 735 736 68
t 736 737 68
t 737 52 68
t 133 131 132
t 133 130 131
t 133 129 130
t 133 128 129
t 133 127 128
t 133 126 127
t 133 125 126
t 133 124 125
t 133 123 124
t 133 122 123
t 133 121 122
t 133 120 121
t 133 119 120
t 133 118 119
t 133 117 118
t 133 116 117
t 68 69 70
t 68 70 71
t 68 71 72
t 68 72 73
t 68 73 74
t 68 74 75
t 68 75 76
t 68 76 77
t 68 77 78
t 68 78 79
t 68 79 80
t 68 80 81
t 68 81 82
t 68 82 83
t 68 83 84
t 68 84 85
t 133 738 116
t 738 739 116
t 739 740 116
t 740 741 116
t 741 742 116
t 742 743 116
t 743 744 116
t 744 745 116
t 745 746 116
t 746 747 116
t 747 748 116
t 748 749 116
t 749 750 116
t 750 751 116
t 751 752 116
t 752 753 116
t 753 754 116
t 754 755 116
t 755 756 116
t 756 115 116
t 756 757 115
t 757 758 115
t 758 114 115
t 758 759 114
t 759 760 114
t 760 113 114
t 760 761 113
t 761 762 113
t 762 112 113
t 762 763 112
t 763 764 112
t 764 111 112
t 764 765 111
t 765 766 111
t 766 110 111
t 766 767 110
t 767 768 110
t 768 109 110
t 768 769 109
t 769 770 109
t 770 108 109
t 770 771 108
t 771 772 108
t 772 107 108
t 772 773 107
t 773 774 107
t 774 106 107
t 774 775 106
t 775 105 106
t 775 776 105
t 776 777 105
t 777 104 105
t 777 778 104
t 778 779 104
t 779 103 104
t 779 780 103
t 780 781 103
t 781 102 103
t 781 782 102
t 782 783 102
t 783 101 102
t 783 784 101
t 784 785 101
t 785 100 101
t 785 786 100
t 786 787 100
t 787 99 100
t 787 788 99
t 788 789 99
t 789 98 99
t 789 790 98
t 790 791 98
t 791 97 98
t 791 792 97
t 792 793 97
t 793 96 97
t 793 794 96
t 794 795 96
t 795 95 96
t 795 796 95
t 796 797 95
t 797 94 95
t 797 798 94
t 798 799 94
t 799 93 94
t 799 800 93
t 800 801 93
t 801 92 93
t 801 802 92
t 802 803 92
t 803 91 92
t 803 804 91
t 804 805 91
t 805 90 91
t 805 806 90
t 806 807 90
t 807 89 90
t 807 808 89
t 808 809 89
t 809 88 89
t 809 810 88
t 810 811 88
t 811 87 88
t 811 812 87
t 812 813 87
t 813 86 87
t 813 814 86
t 814 68 86
t 68 85 86
