type=Cone forward=true n_boundary=172 n_holes=0 n_interior=94 n_tris=263 label=brep32629_f62_Cone
boundary
b 3.935844512 0.018000000
b 3.935233913 0.018000000
b 3.934623313 0.018000000
b 3.934012714 0.018000000
b 3.933402115 0.018000000
b 3.932791515 0.018000000
b 3.932180916 0.018000000
b 3.931570317 0.018000000
b 3.930959717 0.018000000
b 3.930349118 0.018000000
b 3.929738519 0.018000000
b 3.929127920 0.018000000
b 3.928517320 0.018000000
b 3.927906721 0.018000000
b 3.927296122 0.018000000
b 3.926685522 0.018000000
b 3.926074923 0.018000000
b 3.925464324 0.018000000
b 3.924853724 0.018000000
b 3.924243125 0.018000000
b 3.923632526 0.018000000
b 3.923021926 0.018000000
b 3.922411327 0.018000000
b 3.921800728 0.018000000
b 3.921190128 0.018000000
b 3.920579529 0.018000000
b 3.919968930 0.018000000
b 3.919358330 0.018000000
b 3.918747731 0.018000000
b 3.918137132 0.018000000
b 3.917526533 0.018000000
b 3.917265930 0.017320248
b 3.917003542 0.016641425
b 3.916739352 0.015963530
b 3.916473342 0.015286563
b 3.916205494 0.014610524
b 3.915935792 0.013935412
b 3.915664215 0.013261226
b 3.915390747 0.012587967
b 3.915115369 0.011915634
b 3.914838061 0.011244225
b 3.914558805 0.010573742
b 3.914277582 0.009904183
b 3.913994371 0.009235548
b 3.913709154 0.008567837
b 3.913421909 0.007901048
b 3.913132617 0.007235182
b 3.912841256 0.006570238
b 3.912547806 0.005906216
b 3.912252246 0.005243115
b 3.911954554 0.004580936
b 3.911654708 0.003919682
b 3.911352686 0.003259355
b 3.911048466 0.002599957
b 3.910742026 0.001941490
b 3.910433342 0.001283956
b 3.910122392 0.000627357
b 3.909809152 -0.000028304
b 3.909493597 -0.000683025
b 3.909175705 -0.001336805
b 3.908855450 -0.001989641
b 3.908532808 -0.002641530
b 3.908207754 -0.003292472
b 3.907880262 -0.003942463
b 3.907550306 -0.004591501
b 3.907217861 -0.005239585
b 3.906882900 -0.005886712
b 3.906545396 -0.006532880
b 3.906205322 -0.007178088
b 3.905862649 -0.007822336
b 3.905517348 -0.008465624
b 3.905169391 -0.009107953
b 3.904818747 -0.009749323
b 3.904465386 -0.010389734
b 3.904109278 -0.011029187
b 3.903750392 -0.011667681
b 3.903388695 -0.012305218
b 3.903024157 -0.012941797
b 3.902656745 -0.013577420
b 3.902286426 -0.014212085
b 3.901913166 -0.014845793
b 3.901536931 -0.015478546
b 3.901157687 -0.016110343
b 3.900775399 -0.016741184
b 3.900390031 -0.017371069
b 3.900001547 -0.018000000
b 3.901742790 -0.018000000
b 3.903484033 -0.018000000
b 3.905225277 -0.018000000
b 3.906966520 -0.018000000
b 3.908707763 -0.018000000
b 3.910449006 -0.018000000
b 3.912190249 -0.018000000
b 3.913931493 -0.018000000
b 3.915672736 -0.018000000
b 3.917413979 -0.018000000
b 3.919155222 -0.018000000
b 3.920896466 -0.018000000
b 3.922637709 -0.018000000
b 3.924378952 -0.018000000
b 3.926120195 -0.018000000
b 3.927861439 -0.018000000
b 3.929602682 -0.018000000
b 3.931343925 -0.018000000
b 3.933085168 -0.018000000
b 3.934826412 -0.018000000
b 3.936567655 -0.018000000
b 3.938308898 -0.018000000
b 3.940050141 -0.018000000
b 3.941791384 -0.018000000
b 3.943532628 -0.018000000
b 3.945273871 -0.018000000
b 3.947015114 -0.018000000
b 3.948756357 -0.018000000
b 3.950497601 -0.018000000
b 3.952238844 -0.018000000
b 3.953980087 -0.018000000
b 3.953592218 -0.017372069
b 3.953207431 -0.016743147
b 3.952825690 -0.016113233
b 3.952446962 -0.015482326
b 3.952071210 -0.014850426
b 3.951698403 -0.014217533
b 3.951328506 -0.013583648
b 3.950961487 -0.012948768
b 3.950597315 -0.012312895
b 3.950235956 -0.011676027
b 3.949877380 -0.011038165
b 3.949521556 -0.010399309
b 3.949168454 -0.009759457
b 3.948818044 -0.009118610
b 3.948470296 -0.008476768
b 3.948125181 -0.007833929
b 3.947782670 -0.007190095
b 3.947442736 -0.006545264
b 3.947105351 -0.005899436
b 3.946770486 -0.005252613
b 3.946438118 -0.004604797
b 3.946108218 -0.003955989
b 3.945780762 -0.003306192
b 3.945455725 -0.002655407
b 3.945133080 -0.002003638
b 3.944812805 -0.001350885
b 3.944494874 -0.000697151
b 3.944179264 -0.000042438
b 3.943865950 0.000613253
b 3.943554910 0.001269918
b 3.943246120 0.001927556
b 3.942939557 0.002586166
b 3.942635200 0.003245744
b 3.942333025 0.003906289
b 3.942033011 0.004567799
b 3.941735137 0.005230271
b 3.941439380 0.005893705
b 3.941145721 0.006558098
b 3.940854137 0.007223451
b 3.940564608 0.007889764
b 3.940277114 0.008557038
b 3.939991636 0.009225274
b 3.939708152 0.009894471
b 3.939426644 0.010564630
b 3.939147092 0.011235752
b 3.938869478 0.011907836
b 3.938593782 0.012580884
b 3.938319987 0.013254896
b 3.938048073 0.013929872
b 3.937778022 0.014605813
b 3.937509818 0.015282718
b 3.937243442 0.015960589
b 3.936978877 0.016639427
b 3.936716106 0.017319230
b 3.936455111 0.018000000
interior
i 3.904499759 -0.015230769
i 3.908997970 -0.015230769
i 3.913496182 -0.015230769
i 3.917994394 -0.015230769
i 3.922492605 -0.015230769
i 3.926990817 -0.015230769
i 3.931489029 -0.015230769
i 3.935987240 -0.015230769
i 3.940485452 -0.015230769
i 3.944983664 -0.015230769
i 3.949481875 -0.015230769
i 3.904499759 -0.012461538
i 3.908997970 -0.012461538
i 3.913496182 -0.012461538
i 3.917994394 -0.012461538
i 3.922492605 -0.012461538
i 3.926990817 -0.012461538
i 3.931489029 -0.012461538
i 3.935987240 -0.012461538
i 3.940485452 -0.012461538
i 3.944983664 -0.012461538
i 3.949481875 -0.012461538
i 3.908997970 -0.009692308
i 3.913496182 -0.009692308
i 3.917994394 -0.009692308
i 3.922492605 -0.009692308
i 3.926990817 -0.009692308
i 3.931489029 -0.009692308
i 3.935987240 -0.009692308
i 3.940485452 -0.009692308
i 3.944983664 -0.009692308
i 3.908997970 -0.006923077
i 3.913496182 -0.006923077
i 3.917994394 -0.006923077
i 3.922492605 -0.006923077
i 3.926990817 -0.006923077
i 3.931489029 -0.006923077
i 3.935987240 -0.006923077
i 3.940485452 -0.006923077
i 3.944983664 -0.006923077
i 3.908997970 -0.004153846
i 3.913496182 -0.004153846
i 3.917994394 -0.004153846
i 3.922492605 -0.004153846
i 3.926990817 -0.004153846
i 3.931489029 -0.004153846
i 3.935987240 -0.004153846
i 3.940485452 -0.004153846
i 3.944983664 -0.004153846
i 3.908997970 -0.001384615
i 3.913496182 -0.001384615
i 3.917994394 -0.001384615
i 3.922492605 -0.001384615
i 3.926990817 -0.001384615
i 3.931489029 -0.001384615
i 3.935987240 -0.001384615
i 3.940485452 -0.001384615
i 3.944983664 -0.001384615
i 3.913496182 0.001384615
i 3.917994394 0.001384615
i 3.922492605 0.001384615
i 3.926990817 0.001384615
i 3.931489029 0.001384615
i 3.935987240 0.001384615
i 3.940485452 0.001384615
i 3.913496182 0.004153846
i 3.917994394 0.004153846
i 3.922492605 0.004153846
i 3.926990817 0.004153846
i 3.931489029 0.004153846
i 3.935987240 0.004153846
i 3.940485452 0.004153846
i 3.913496182 0.006923077
i 3.917994394 0.006923077
i 3.922492605 0.006923077
i 3.926990817 0.006923077
i 3.931489029 0.006923077
i 3.935987240 0.006923077
i 3.940485452 0.006923077
i 3.917994394 0.009692308
i 3.922492605 0.009692308
i 3.926990817 0.009692308
i 3.931489029 0.009692308
i 3.935987240 0.009692308
i 3.917994394 0.012461538
i 3.922492605 0.012461538
i 3.926990817 0.012461538
i 3.931489029 0.012461538
i 3.935987240 0.012461538
i 3.917994394 0.015230769
i 3.922492605 0.015230769
i 3.926990817 0.015230769
i 3.931489029 0.015230769
i 3.935987240 0.015230769
tris
t 264 265 0
t 29 30 31
t 84 85 86
t 115 116 117
t 181 182 183
t 192 193 194
t 201 202 203
t 210 211 212
t 219 220 221
t 228 229 230
t 235 236 237
t 242 243 244
t 249 250 251
t 254 255 256
t 259 260 261
t 263 264 0
t 28 29 31
t 83 84 86
t 114 115 117
t 180 181 183
t 191 192 194
t 200 201 203
t 209 210 212
t 218 219 221
t 227 228 230
t 234 235 237
t 241 242 244
t 248 249 251
t 253 254 256
t 258 259 261
t 262 263 0
t 27 28 31
t 82 83 86
t 113 114 117
t 179 180 183
t 190 191 194
t 199 200 203
t 208 209 212
t 217 218 221
t 226 227 230
t 233 234 237
t 240 241 244
t 247 248 251
t 252 253 256
t 257 258 261
t 261 262 0
t 26 27 31
t 81 82 86
t 112 113 117
t 178 179 183
t 189 190 194
t 198 199 203
t 207 208 212
t 216 217 221
t 225 226 230
t 232 233 237
t 239 240 244
t 246 247 251
t 251 252 256
t 256 257 261
t 261 0 1
t 25 26 31
t 80 81 86
t 111 112 117
t 177 178 183
t 188 189 194
t 197 198 203
t 206 207 212
t 215 216 221
t 224 225 230
t 231 232 237
t 238 239 244
t 245 246 251
t 261 1 2
t 24 25 31
t 79 80 86
t 110 111 117
t 176 177 183
t 187 188 194
t 196 197 203
t 205 206 212
t 214 215 221
t 223 224 230
t 230 231 237
t 237 238 244
t 244 245 251
t 261 2 3
t 23 24 31
t 78 79 86
t 109 110 117
t 170 171 172
t 175 176 183
t 186 187 194
t 195 196 203
t 204 205 212
t 213 214 221
t 222 223 230
t 244 251 256
t 261 3 4
t 22 23 31
t 77 78 86
t 108 109 117
t 169 170 172
t 174 175 183
t 185 186 194
t 194 195 203
t 203 204 212
t 212 213 221
t 244 256 261
t 261 4 5
t 21 22 31
t 76 77 86
t 107 108 117
t 168 169 172
t 173 174 183
t 184 185 194
t 261 5 6
t 20 21 31
t 75 76 86
t 106 107 117
t 167 168 172
t 172 173 183
t 183 184 194
t 261 6 7
t 19 20 31
t 74 75 86
t 105 106 117
t 166 167 172
t 183 194 203
t 261 7 8
t 18 19 31
t 73 74 86
t 104 105 117
t 165 166 172
t 183 203 212
t 261 8 9
t 17 18 31
t 72 73 86
t 103 104 117
t 164 165 172
t 261 9 10
t 16 17 31
t 71 72 86
t 102 103 117
t 163 164 172
t 261 10 11
t 15 16 31
t 70 71 86
t 101 102 117
t 162 163 172
t 261 11 12
t 14 15 31
t 69 70 86
t 100 101 117
t 161 162 172
t 261 12 13
t 13 14 31
t 68 69 86
t 99 100 117
t 160 161 172
t 261 13 31
t 67 68 86
t 98 99 117
t 159 160 172
t 244 261 31
t 66 67 86
t 97 98 117
t 158 159 172
t 244 31 32
t 65 66 86
t 96 97 117
t 157 158 172
t 244 32 33
t 64 65 86
t 95 96 117
t 156 157 172
t 244 33 34
t 63 64 86
t 94 95 117
t 155 156 172
t 244 34 35
t 62 63 86
t 93 94 117
t 154 155 172
t 244 35 36
t 61 62 86
t 92 93 117
t 153 154 172
t 244 36 37
t 60 61 86
t 91 92 117
t 152 153 172
t 183 212 221
t 244 37 38
t 59 60 86
t 90 91 117
t 151 152 172
t 221 222 230
t 244 38 39
t 58 59 86
t 89 90 117
t 150 151 172
t 221 230 237
t 244 39 40
t 57 58 86
t 88 89 117
t 149 150 172
t 244 40 41
t 56 57 86
t 87 88 117
t 148 149 172
t 221 237 244
t 244 41 42
t 55 56 86
t 86 87 117
t 147 148 172
t 244 42 43
t 54 55 86
t 86 117 118
t 146 147 172
t 244 43 44
t 53 54 86
t 86 118 119
t 145 146 172
t 244 44 45
t 52 53 86
t 86 119 120
t 144 145 172
t 244 45 46
t 51 52 86
t 86 120 121
t 143 144 172
t 244 46 47
t 50 51 86
t 86 121 122
t 142 143 172
t 244 47 48
t 86 122 123
t 141 142 172
t 244 48 49
t 86 123 124
t 140 141 172
t 244 49 50
t 86 124 125
t 139 140 172
t 221 244 50
t 86 125 126
t 138 139 172
t 86 126 127
t 137 138 172
t 86 127 128
t 136 137 172
t 86 128 129
t 135 136 172
t 86 129 130
t 134 135 172
t 86 130 131
t 133 134 172
t 86 131 132
t 132 133 172
t 86 132 172
t 86 172 183
t 50 86 183
