type=Nurbs forward=true n_boundary=172 n_holes=0 n_interior=359 n_tris=560 label=brep62542_f241_Nurbs(deg=3/3, cps=4x13)
boundary
b 0.823727266 0.998097670
b 0.799284660 0.998097670
b 0.775031708 0.998097670
b 0.750951744 0.998097670
b 0.727028544 0.998097670
b 0.703246286 0.998097670
b 0.679589499 0.998097670
b 0.656043030 0.998097670
b 0.632591995 0.998097670
b 0.609221749 0.998097670
b 0.585917842 0.998097670
b 0.562665989 0.998097670
b 0.539452028 0.998097670
b 0.516261891 0.998097670
b 0.493081567 0.998097670
b 0.469897069 0.998097670
b 0.446694399 0.998097670
b 0.423459516 0.998097670
b 0.400178301 0.998097670
b 0.376836522 0.998097670
b 0.353419800 0.998097670
b 0.329913572 0.998097670
b 0.306303057 0.998097670
b 0.282573214 0.998097670
b 0.258708704 0.998097670
b 0.234693854 0.998097670
b 0.210512605 0.998097670
b 0.186148477 0.998097670
b 0.161584514 0.998097670
b 0.136803238 0.998097670
b 0.111786598 0.998097670
b 0.111786368 0.985579298
b 0.111785820 0.972895143
b 0.111785148 0.960047435
b 0.111784527 0.947038293
b 0.111784120 0.933869726
b 0.111784072 0.920543633
b 0.111784510 0.907061802
b 0.111785374 0.893426021
b 0.111786420 0.879638071
b 0.111787380 0.865698940
b 0.111788098 0.851604932
b 0.111788535 0.837350333
b 0.111788747 0.822929261
b 0.111788848 0.808335675
b 0.111788772 0.793563339
b 0.111788425 0.778605856
b 0.111787787 0.763456689
b 0.111786914 0.748109173
b 0.111785943 0.732556701
b 0.111785178 0.716794506
b 0.111784917 0.700818855
b 0.111785115 0.684625762
b 0.111785626 0.668210956
b 0.111786279 0.651569888
b 0.111786882 0.634697732
b 0.111787212 0.617589399
b 0.111787016 0.600239547
b 0.111785900 0.582642729
b 0.111783928 0.564796376
b 0.111781858 0.546700739
b 0.111780294 0.528355878
b 0.111779639 0.509761526
b 0.111780094 0.490917092
b 0.111781654 0.471821661
b 0.111783950 0.452473976
b 0.111786015 0.432872377
b 0.111786579 0.413014802
b 0.111785232 0.392896031
b 0.111783083 0.372505972
b 0.111781174 0.351833489
b 0.111780289 0.330866800
b 0.111780831 0.309593596
b 0.111782604 0.288001245
b 0.111784948 0.266076609
b 0.111786724 0.243806042
b 0.111786248 0.221175467
b 0.111782653 0.198176487
b 0.111777928 0.174815070
b 0.111773939 0.151098302
b 0.111771923 0.127031054
b 0.111772453 0.102616876
b 0.111775414 0.077858227
b 0.111779972 0.052756460
b 0.111784549 0.027311813
b 0.111786777 0.001523401
b 0.138086688 0.001502608
b 0.164127075 0.001502607
b 0.189929184 0.001502607
b 0.215513258 0.001502607
b 0.240898907 0.001502607
b 0.266105177 0.001502607
b 0.291150607 0.001502607
b 0.316053288 0.001502606
b 0.340830916 0.001502606
b 0.365500840 0.001502606
b 0.390080121 0.001502606
b 0.414585570 0.001502606
b 0.439033800 0.001502606
b 0.463441271 0.001502606
b 0.487824333 0.001502606
b 0.512199272 0.001502605
b 0.536582350 0.001502605
b 0.560989852 0.001502605
b 0.585438130 0.001502605
b 0.609943643 0.001502605
b 0.634523004 0.001502605
b 0.659193026 0.001502605
b 0.683970766 0.001502605
b 0.708873578 0.001502605
b 0.733919157 0.001502605
b 0.759125592 0.001502605
b 0.784511425 0.001502605
b 0.810095702 0.001502605
b 0.835898034 0.001502605
b 0.861938664 0.001502605
b 0.888238383 0.001512464
b 0.886690514 0.027782121
b 0.885132824 0.053693218
b 0.883573679 0.079246611
b 0.882021746 0.104441786
b 0.880485665 0.129276882
b 0.878973736 0.153748733
b 0.877493637 0.177852907
b 0.876051335 0.201583475
b 0.874648973 0.224932507
b 0.873285926 0.247893368
b 0.871954844 0.270474444
b 0.870648541 0.292689968
b 0.869363144 0.314553597
b 0.868097843 0.336078344
b 0.866854181 0.357276743
b 0.865635098 0.378161162
b 0.864445991 0.398743308
b 0.863294742 0.419034108
b 0.862190792 0.439043366
b 0.861137222 0.458776359
b 0.860132796 0.478235419
b 0.859176299 0.497422469
b 0.858265798 0.516339167
b 0.857399808 0.534986792
b 0.856577413 0.553366227
b 0.855798167 0.571477960
b 0.855062019 0.589322088
b 0.854369139 0.606898458
b 0.853717693 0.624209795
b 0.853104045 0.641261818
b 0.852525694 0.658060109
b 0.851981380 0.674609948
b 0.851470993 0.690916307
b 0.850995489 0.706983843
b 0.850556800 0.722816896
b 0.850157313 0.738419533
b 0.849799584 0.753795594
b 0.849483193 0.768950076
b 0.849202919 0.783890041
b 0.848954353 0.798622600
b 0.848734346 0.813154720
b 0.848540935 0.827493208
b 0.848372914 0.841644698
b 0.848229794 0.855615651
b 0.848112159 0.869412361
b 0.848021625 0.883040936
b 0.847959768 0.896505307
b 0.847926181 0.909804352
b 0.847920033 0.922936098
b 0.847940042 0.935898579
b 0.847984645 0.948689791
b 0.848052255 0.961307610
b 0.848141250 0.973749790
b 0.848249966 0.986013969
b 0.848376685 0.998097670
interior
i 0.208830231 0.126076988
i 0.305888538 0.126076988
i 0.402946846 0.126076988
i 0.500005153 0.126076988
i 0.597063461 0.126076988
i 0.694121768 0.126076988
i 0.791180076 0.126076988
i 0.208830231 0.250651371
i 0.305888538 0.250651371
i 0.402946846 0.250651371
i 0.500005153 0.250651371
i 0.597063461 0.250651371
i 0.694121768 0.250651371
i 0.791180076 0.250651371
i 0.208830231 0.375225754
i 0.305888538 0.375225754
i 0.402946846 0.375225754
i 0.500005153 0.375225754
i 0.597063461 0.375225754
i 0.694121768 0.375225754
i 0.791180076 0.375225754
i 0.208830231 0.499800137
i 0.305888538 0.499800137
i 0.402946846 0.499800137
i 0.500005153 0.499800137
i 0.597063461 0.499800137
i 0.694121768 0.499800137
i 0.791180076 0.499800137
i 0.208830231 0.624374521
i 0.305888538 0.624374521
i 0.402946846 0.624374521
i 0.500005153 0.624374521
i 0.597063461 0.624374521
i 0.694121768 0.624374521
i 0.791180076 0.624374521
i 0.208830231 0.748948904
i 0.305888538 0.748948904
i 0.402946846 0.748948904
i 0.500005153 0.748948904
i 0.597063461 0.748948904
i 0.694121768 0.748948904
i 0.791180076 0.748948904
i 0.208830231 0.873523287
i 0.305888538 0.873523287
i 0.402946846 0.873523287
i 0.500005153 0.873523287
i 0.597063461 0.873523287
i 0.694121768 0.873523287
i 0.791180076 0.873523287
i 0.160301077 0.063789796
i 0.136036500 0.032646200
i 0.184565654 0.032646200
i 0.136036500 0.094933392
i 0.184565654 0.094933392
i 0.160301077 0.188364179
i 0.136036500 0.157220584
i 0.184565654 0.157220584
i 0.136036500 0.219507775
i 0.184565654 0.219507775
i 0.160301077 0.312938563
i 0.136036500 0.281794967
i 0.184565654 0.281794967
i 0.136036500 0.344082158
i 0.184565654 0.344082158
i 0.160301077 0.437512946
i 0.136036500 0.406369350
i 0.184565654 0.406369350
i 0.136036500 0.468656542
i 0.184565654 0.468656542
i 0.160301077 0.562087329
i 0.136036500 0.530943733
i 0.184565654 0.530943733
i 0.136036500 0.593230925
i 0.184565654 0.593230925
i 0.160301077 0.686661712
i 0.136036500 0.655518116
i 0.184565654 0.655518116
i 0.136036500 0.717805308
i 0.184565654 0.717805308
i 0.160301077 0.811236095
i 0.136036500 0.780092500
i 0.184565654 0.780092500
i 0.136036500 0.842379691
i 0.184565654 0.842379691
i 0.160301077 0.935810479
i 0.136036500 0.904666883
i 0.184565654 0.904666883
i 0.136036500 0.966954074
i 0.184565654 0.966954074
i 0.257359384 0.063789796
i 0.233094808 0.032646200
i 0.281623961 0.032646200
i 0.233094808 0.094933392
i 0.281623961 0.094933392
i 0.257359384 0.188364179
i 0.233094808 0.157220584
i 0.281623961 0.157220584
i 0.233094808 0.219507775
i 0.281623961 0.219507775
i 0.257359384 0.312938563
i 0.233094808 0.281794967
i 0.281623961 0.281794967
i 0.233094808 0.344082158
i 0.281623961 0.344082158
i 0.257359384 0.437512946
i 0.233094808 0.406369350
i 0.281623961 0.406369350
i 0.233094808 0.468656542
i 0.281623961 0.468656542
i 0.257359384 0.562087329
i 0.233094808 0.530943733
i 0.281623961 0.530943733
i 0.233094808 0.593230925
i 0.281623961 0.593230925
i 0.257359384 0.686661712
i 0.233094808 0.655518116
i 0.281623961 0.655518116
i 0.233094808 0.717805308
i 0.281623961 0.717805308
i 0.257359384 0.811236095
i 0.233094808 0.780092500
i 0.281623961 0.780092500
i 0.233094808 0.842379691
i 0.281623961 0.842379691
i 0.257359384 0.935810479
i 0.233094808 0.904666883
i 0.281623961 0.904666883
i 0.233094808 0.966954074
i 0.281623961 0.966954074
i 0.354417692 0.063789796
i 0.330153115 0.032646200
i 0.378682269 0.032646200
i 0.330153115 0.094933392
i 0.378682269 0.094933392
i 0.354417692 0.188364179
i 0.330153115 0.157220584
i 0.378682269 0.157220584
i 0.330153115 0.219507775
i 0.378682269 0.219507775
i 0.354417692 0.312938563
i 0.330153115 0.281794967
i 0.378682269 0.281794967
i 0.330153115 0.344082158
i 0.378682269 0.344082158
i 0.354417692 0.437512946
i 0.330153115 0.406369350
i 0.378682269 0.406369350
i 0.330153115 0.468656542
i 0.378682269 0.468656542
i 0.354417692 0.562087329
i 0.330153115 0.530943733
i 0.378682269 0.530943733
i 0.330153115 0.593230925
i 0.378682269 0.593230925
i 0.354417692 0.686661712
i 0.330153115 0.655518116
i 0.378682269 0.655518116
i 0.330153115 0.717805308
i 0.378682269 0.717805308
i 0.354417692 0.811236095
i 0.330153115 0.780092500
i 0.378682269 0.780092500
i 0.330153115 0.842379691
i 0.378682269 0.842379691
i 0.354417692 0.935810479
i 0.330153115 0.904666883
i 0.378682269 0.904666883
i 0.330153115 0.966954074
i 0.378682269 0.966954074
i 0.451475999 0.063789796
i 0.427211423 0.032646200
i 0.475740576 0.032646200
i 0.427211423 0.094933392
i 0.475740576 0.094933392
i 0.451475999 0.188364179
i 0.427211423 0.157220584
i 0.475740576 0.157220584
i 0.427211423 0.219507775
i 0.475740576 0.219507775
i 0.451475999 0.312938563
i 0.427211423 0.281794967
i 0.475740576 0.281794967
i 0.427211423 0.344082158
i 0.475740576 0.344082158
i 0.451475999 0.437512946
i 0.427211423 0.406369350
i 0.475740576 0.406369350
i 0.427211423 0.468656542
i 0.475740576 0.468656542
i 0.451475999 0.562087329
i 0.427211423 0.530943733
i 0.475740576 0.530943733
i 0.427211423 0.593230925
i 0.475740576 0.593230925
i 0.451475999 0.686661712
i 0.427211423 0.655518116
i 0.475740576 0.655518116
i 0.427211423 0.717805308
i 0.475740576 0.717805308
i 0.451475999 0.811236095
i 0.427211423 0.780092500
i 0.475740576 0.780092500
i 0.427211423 0.842379691
i 0.475740576 0.842379691
i 0.451475999 0.935810479
i 0.427211423 0.904666883
i 0.475740576 0.904666883
i 0.427211423 0.966954074
i 0.475740576 0.966954074
i 0.548534307 0.063789796
i 0.524269730 0.032646200
i 0.572798884 0.032646200
i 0.524269730 0.094933392
i 0.572798884 0.094933392
i 0.548534307 0.188364179
i 0.524269730 0.157220584
i 0.572798884 0.157220584
i 0.524269730 0.219507775
i 0.572798884 0.219507775
i 0.548534307 0.312938563
i 0.524269730 0.281794967
i 0.572798884 0.281794967
i 0.524269730 0.344082158
i 0.572798884 0.344082158
i 0.548534307 0.437512946
i 0.524269730 0.406369350
i 0.572798884 0.406369350
i 0.524269730 0.468656542
i 0.572798884 0.468656542
i 0.548534307 0.562087329
i 0.524269730 0.530943733
i 0.572798884 0.530943733
i 0.524269730 0.593230925
i 0.572798884 0.593230925
i 0.548534307 0.686661712
i 0.524269730 0.655518116
i 0.572798884 0.655518116
i 0.524269730 0.717805308
i 0.572798884 0.717805308
i 0.548534307 0.811236095
i 0.524269730 0.780092500
i 0.572798884 0.780092500
i 0.524269730 0.842379691
i 0.572798884 0.842379691
i 0.548534307 0.935810479
i 0.524269730 0.904666883
i 0.572798884 0.904666883
i 0.524269730 0.966954074
i 0.572798884 0.966954074
i 0.645592614 0.063789796
i 0.621328037 0.032646200
i 0.669857191 0.032646200
i 0.621328037 0.094933392
i 0.669857191 0.094933392
i 0.645592614 0.188364179
i 0.621328037 0.157220584
i 0.669857191 0.157220584
i 0.621328037 0.219507775
i 0.669857191 0.219507775
i 0.645592614 0.312938563
i 0.621328037 0.281794967
i 0.669857191 0.281794967
i 0.621328037 0.344082158
i 0.669857191 0.344082158
i 0.645592614 0.437512946
i 0.621328037 0.406369350
i 0.669857191 0.406369350
i 0.621328037 0.468656542
i 0.669857191 0.468656542
i 0.645592614 0.562087329
i 0.621328037 0.530943733
i 0.669857191 0.530943733
i 0.621328037 0.593230925
i 0.669857191 0.593230925
i 0.645592614 0.686661712
i 0.621328037 0.655518116
i 0.669857191 0.655518116
i 0.621328037 0.717805308
i 0.669857191 0.717805308
i 0.645592614 0.811236095
i 0.621328037 0.780092500
i 0.669857191 0.780092500
i 0.621328037 0.842379691
i 0.669857191 0.842379691
i 0.645592614 0.935810479
i 0.621328037 0.904666883
i 0.669857191 0.904666883
i 0.621328037 0.966954074
i 0.669857191 0.966954074
i 0.742650922 0.063789796
i 0.718386345 0.032646200
i 0.766915499 0.032646200
i 0.718386345 0.094933392
i 0.766915499 0.094933392
i 0.742650922 0.188364179
i 0.718386345 0.157220584
i 0.766915499 0.157220584
i 0.718386345 0.219507775
i 0.766915499 0.219507775
i 0.742650922 0.312938563
i 0.718386345 0.281794967
i 0.766915499 0.281794967
i 0.718386345 0.344082158
i 0.766915499 0.344082158
i 0.742650922 0.437512946
i 0.718386345 0.406369350
i 0.766915499 0.406369350
i 0.718386345 0.468656542
i 0.766915499 0.468656542
i 0.742650922 0.562087329
i 0.718386345 0.530943733
i 0.766915499 0.530943733
i 0.718386345 0.593230925
i 0.766915499 0.593230925
i 0.742650922 0.686661712
i 0.718386345 0.655518116
i 0.766915499 0.655518116
i 0.718386345 0.717805308
i 0.766915499 0.717805308
i 0.742650922 0.811236095
i 0.718386345 0.780092500
i 0.766915499 0.780092500
i 0.718386345 0.842379691
i 0.766915499 0.842379691
i 0.742650922 0.935810479
i 0.718386345 0.904666883
i 0.766915499 0.904666883
i 0.718386345 0.966954074
i 0.766915499 0.966954074
i 0.839709229 0.063789796
i 0.815444652 0.032646200
i 0.863973806 0.032646200
i 0.815444652 0.094933392
i 0.863973806 0.094933392
i 0.839709229 0.188364179
i 0.815444652 0.157220584
i 0.863973806 0.157220584
i 0.815444652 0.219507775
i 0.863973806 0.219507775
i 0.839709229 0.312938563
i 0.815444652 0.281794967
i 0.863973806 0.281794967
i 0.815444652 0.344082158
i 0.863973806 0.344082158
i 0.839709229 0.437512946
i 0.815444652 0.406369350
i 0.815444652 0.468656542
i 0.839709229 0.562087329
i 0.815444652 0.530943733
i 0.815444652 0.593230925
i 0.839709229 0.686661712
i 0.815444652 0.655518116
i 0.815444652 0.717805308
i 0.839709229 0.811236095
i 0.815444652 0.780092500
i 0.815444652 0.842379691
i 0.839709229 0.935810479
i 0.815444652 0.904666883
i 0.815444652 0.966954074
tris
t 86 84 85
t 86 83 84
t 86 82 83
t 86 81 82
t 86 80 81
t 86 79 80
t 86 78 79
t 86 77 78
t 86 76 77
t 86 75 76
t 86 74 75
t 86 73 74
t 86 72 73
t 86 71 72
t 115 116 117
t 115 117 118
t 115 118 119
t 115 119 120
t 115 120 121
t 115 121 122
t 115 122 123
t 115 123 124
t 115 124 125
t 115 125 126
t 115 126 127
t 115 127 128
t 115 128 129
t 86 531 71
t 86 532 531
t 86 533 532
t 86 534 533
t 86 535 534
t 86 536 535
t 86 537 536
t 86 538 537
t 86 539 538
t 86 540 539
t 86 541 540
t 86 87 541
t 87 542 541
t 87 543 542
t 87 88 543
t 88 544 543
t 88 545 544
t 88 89 545
t 89 546 545
t 89 547 546
t 89 90 547
t 90 548 547
t 90 549 548
t 90 91 549
t 91 550 549
t 91 551 550
t 91 92 551
t 92 552 551
t 92 553 552
t 92 93 553
t 93 554 553
t 93 555 554
t 93 94 555
t 94 556 555
t 94 557 556
t 94 95 557
t 95 558 557
t 95 559 558
t 95 96 559
t 96 560 559
t 96 561 560
t 96 97 561
t 97 562 561
t 97 563 562
t 97 98 563
t 98 564 563
t 98 565 564
t 98 99 565
t 99 566 565
t 99 567 566
t 99 100 567
t 100 568 567
t 100 569 568
t 100 101 569
t 101 570 569
t 101 571 570
t 101 102 571
t 102 572 571
t 102 573 572
t 102 103 573
t 103 574 573
t 103 575 574
t 103 104 575
t 104 576 575
t 104 577 576
t 104 578 577
t 104 105 578
t 105 579 578
t 105 580 579
t 105 106 580
t 106 581 580
t 106 582 581
t 106 107 582
t 107 583 582
t 107 584 583
t 107 108 584
t 108 585 584
t 108 586 585
t 108 109 586
t 109 587 586
t 109 588 587
t 109 110 588
t 110 589 588
t 110 590 589
t 110 111 590
t 111 591 590
t 111 592 591
t 111 112 592
t 112 593 592
t 112 594 593
t 112 113 594
t 113 595 594
t 113 596 595
t 113 114 596
t 114 597 596
t 114 598 597
t 114 599 598
t 114 600 599
t 114 601 600
t 114 602 601
t 114 603 602
t 114 604 603
t 114 605 604
t 114 606 605
t 114 607 606
t 114 608 607
t 114 609 608
t 114 610 609
t 114 611 610
t 114 612 611
t 114 613 612
t 114 614 613
t 114 615 614
t 114 616 615
t 114 617 616
t 114 618 617
t 114 619 618
t 114 620 619
t 114 621 620
t 114 622 621
t 114 623 622
t 114 624 623
t 114 625 624
t 114 626 625
t 114 627 626
t 114 628 627
t 114 629 628
t 114 630 629
t 114 631 630
t 114 632 631
t 114 633 632
t 114 115 633
t 115 634 633
t 115 635 634
t 115 636 635
t 115 637 636
t 115 638 637
t 115 639 638
t 115 640 639
t 115 129 640
t 71 69 70
t 71 68 69
t 71 67 68
t 71 66 67
t 71 65 66
t 71 64 65
t 71 63 64
t 71 62 63
t 71 61 62
t 71 60 61
t 71 59 60
t 71 58 59
t 71 57 58
t 71 56 57
t 71 55 56
t 71 54 55
t 129 130 131
t 129 131 132
t 129 132 133
t 129 133 134
t 129 134 135
t 129 135 136
t 129 136 137
t 129 137 138
t 129 138 139
t 129 139 140
t 129 140 141
t 129 141 142
t 129 142 143
t 129 143 144
t 129 144 145
t 129 145 146
t 129 146 147
t 71 531 54
t 531 532 54
t 532 533 54
t 533 534 54
t 534 535 54
t 535 536 54
t 536 537 54
t 537 641 54
t 537 538 641
t 538 642 641
t 538 539 642
t 539 643 642
t 539 540 643
t 540 644 643
t 540 541 644
t 541 645 644
t 541 542 645
t 542 646 645
t 542 543 646
t 543 647 646
t 543 544 647
t 544 648 647
t 544 545 648
t 545 649 648
t 545 546 649
t 546 650 649
t 546 547 650
t 547 651 650
t 547 548 651
t 548 652 651
t 548 549 652
t 549 653 652
t 549 550 653
t 550 654 653
t 550 551 654
t 551 655 654
t 551 552 655
t 552 656 655
t 552 553 656
t 553 657 656
t 553 554 657
t 554 658 657
t 554 555 658
t 555 659 658
t 555 556 659
t 556 660 659
t 556 557 660
t 557 661 660
t 557 558 661
t 558 662 661
t 558 559 662
t 559 663 662
t 559 560 663
t 560 664 663
t 560 561 664
t 561 665 664
t 561 562 665
t 562 666 665
t 562 563 666
t 563 667 666
t 563 564 667
t 564 668 667
t 564 565 668
t 565 669 668
t 565 566 669
t 566 670 669
t 566 567 670
t 567 671 670
t 567 568 671
t 568 672 671
t 568 569 672
t 569 673 672
t 569 570 673
t 570 674 673
t 570 571 674
t 571 675 674
t 571 572 675
t 572 676 675
t 572 573 676
t 573 677 676
t 573 574 677
t 574 678 677
t 574 575 678
t 575 679 678
t 575 576 679
t 576 680 679
t 576 577 680
t 577 681 680
t 577 578 681
t 578 682 681
t 578 579 682
t 579 683 682
t 579 580 683
t 580 684 683
t 580 581 684
t 581 685 684
t 581 582 685
t 582 686 685
t 582 583 686
t 583 687 686
t 583 584 687
t 584 688 687
t 584 585 688
t 585 689 688
t 585 586 689
t 586 690 689
t 586 587 690
t 587 691 690
t 587 588 691
t 588 692 691
t 588 589 692
t 589 693 692
t 589 590 693
t 590 694 693
t 590 591 694
t 591 695 694
t 591 592 695
t 592 696 695
t 592 593 696
t 593 697 696
t 593 594 697
t 594 698 697
t 594 595 698
t 595 699 698
t 595 596 699
t 596 700 699
t 596 597 700
t 597 701 700
t 597 598 701
t 598 702 701
t 598 599 702
t 599 703 702
t 599 600 703
t 600 704 703
t 600 601 704
t 601 705 704
t 601 602 705
t 602 706 705
t 602 603 706
t 603 707 706
t 603 604 707
t 604 708 707
t 604 605 708
t 605 709 708
t 605 606 709
t 606 710 709
t 606 607 710
t 607 711 710
t 607 608 711
t 608 712 711
t 608 609 712
t 609 713 712
t 609 610 713
t 610 714 713
t 610 611 714
t 611 715 714
t 611 612 715
t 612 716 715
t 612 613 716
t 613 717 716
t 613 614 717
t 614 718 717
t 614 615 718
t 615 719 718
t 615 616 719
t 616 720 719
t 616 617 720
t 617 721 720
t 617 618 721
t 618 722 721
t 618 619 722
t 619 723 722
t 619 620 723
t 620 724 723
t 620 621 724
t 621 725 724
t 621 622 725
t 622 147 725
t 622 623 147
t 623 624 147
t 624 625 147
t 625 626 147
t 626 627 147
t 627 628 147
t 628 629 147
t 629 630 147
t 630 631 147
t 631 632 147
t 632 633 147
t 633 634 147
t 634 635 147
t 635 636 147
t 636 637 147
t 637 638 147
t 638 639 147
t 639 640 147
t 640 129 147
t 54 52 53
t 54 51 52
t 54 50 51
t 54 49 50
t 54 48 49
t 54 47 48
t 54 46 47
t 54 45 46
t 54 44 45
t 54 43 44
t 54 42 43
t 54 41 42
t 54 40 41
t 54 39 40
t 54 38 39
t 54 37 38
t 54 36 37
t 54 35 36
t 54 34 35
t 54 33 34
t 54 32 33
t 54 31 32
t 54 30 31
t 147 148 149
t 147 149 150
t 147 150 151
t 147 151 152
t 147 152 153
t 147 153 154
t 147 154 155
t 147 155 156
t 147 156 157
t 147 157 158
t 147 158 159
t 147 159 160
t 147 160 161
t 147 161 162
t 147 162 163
t 147 163 164
t 147 164 165
t 147 165 166
t 147 166 167
t 147 167 168
t 147 168 169
t 147 169 170
t 147 170 171
t 54 641 30
t 641 642 30
t 642 643 30
t 643 29 30
t 643 644 29
t 644 645 29
t 645 28 29
t 645 646 28
t 646 647 28
t 647 27 28
t 647 648 27
t 648 649 27
t 649 26 27
t 649 650 26
t 650 651 26
t 651 25 26
t 651 652 25
t 652 653 25
t 653 24 25
t 653 654 24
t 654 655 24
t 655 23 24
t 655 656 23
t 656 657 23
t 657 22 23
t 657 658 22
t 658 659 22
t 659 21 22
t 659 660 21
t 660 661 21
t 661 20 21
t 661 662 20
t 662 663 20
t 663 19 20
t 663 664 19
t 664 665 19
t 665 18 19
t 665 666 18
t 666 667 18
t 667 17 18
t 667 668 17
t 668 669 17
t 669 16 17
t 669 670 16
t 670 671 16
t 671 15 16
t 671 672 15
t 672 673 15
t 673 14 15
t 673 674 14
t 674 675 14
t 675 13 14
t 675 676 13
t 676 677 13
t 677 12 13
t 677 678 12
t 678 679 12
t 679 11 12
t 679 680 11
t 680 681 11
t 681 10 11
t 681 682 10
t 682 9 10
t 682 683 9
t 683 684 9
t 684 8 9
t 684 685 8
t 685 686 8
t 686 7 8
t 686 687 7
t 687 688 7
t 688 6 7
t 688 689 6
t 689 690 6
t 690 5 6
t 690 691 5
t 691 692 5
t 692 4 5
t 692 693 4
t 693 694 4
t 694 3 4
t 694 695 3
t 695 696 3
t 696 2 3
t 696 697 2
t 697 698 2
t 698 1 2
t 698 699 1
t 699 700 1
t 700 0 1
t 700 701 0
t 701 702 0
t 702 703 0
t 703 704 0
t 704 705 0
t 705 706 0
t 706 707 0
t 707 708 0
t 708 709 0
t 709 710 0
t 710 711 0
t 711 712 0
t 712 713 0
t 713 714 0
t 714 171 0
t 714 715 171
t 715 716 171
t 716 717 171
t 717 718 171
t 718 719 171
t 719 720 171
t 720 721 171
t 721 722 171
t 722 723 171
t 723 724 171
t 724 725 171
t 725 147 171
