type=Nurbs forward=true n_boundary=172 n_holes=0 n_interior=98 n_tris=830 label=brep47598_f133_Nurbs(deg=3/3, cps=4x11)
boundary
b 0.232142020 1.000000000
b 0.233720713 0.981961665
b 0.235105468 0.963930552
b 0.236289346 0.945908678
b 0.237265116 0.927897726
b 0.238025198 0.909899049
b 0.238561607 0.891913689
b 0.238865882 0.873942384
b 0.238932223 0.855985631
b 0.238766378 0.838044040
b 0.238376469 0.820118575
b 0.237770203 0.802210557
b 0.236954938 0.784321659
b 0.235937733 0.766453897
b 0.234725397 0.748609614
b 0.233324511 0.730790114
b 0.231740061 0.712992972
b 0.229974690 0.695213504
b 0.228030825 0.677447123
b 0.225910919 0.659689548
b 0.223617486 0.641936804
b 0.221153146 0.624185236
b 0.218520657 0.606431516
b 0.215722955 0.588672649
b 0.212763063 0.570905835
b 0.209642966 0.553127100
b 0.206364189 0.535331895
b 0.202928570 0.517515973
b 0.199338253 0.499675417
b 0.195594577 0.481806958
b 0.191698052 0.463907898
b 0.187649506 0.445975763
b 0.183450174 0.428008304
b 0.179101734 0.410003502
b 0.174606085 0.391959060
b 0.169964877 0.373871224
b 0.165180308 0.355736038
b 0.160255373 0.337549681
b 0.155193930 0.319308475
b 0.150000781 0.301008894
b 0.144681736 0.282647577
b 0.139243693 0.264221337
b 0.133695216 0.245727679
b 0.128050482 0.227168763
b 0.122326612 0.208549173
b 0.116532814 0.189871777
b 0.110669998 0.171137510
b 0.104738583 0.152347007
b 0.098738835 0.133500676
b 0.092670879 0.114598697
b 0.086534702 0.095641023
b 0.080330162 0.076627384
b 0.074056990 0.057557286
b 0.067714794 0.038430015
b 0.061303063 0.019244636
b 0.054820909 -0.000000036
b 0.084730548 -0.000000000
b 0.114395629 -0.000000000
b 0.143835418 -0.000000000
b 0.173068638 -0.000000000
b 0.202113520 -0.000000000
b 0.230987851 -0.000000000
b 0.259709025 -0.000000000
b 0.288294080 -0.000000000
b 0.316759744 -0.000000000
b 0.345122473 -0.000000000
b 0.373398490 -0.000000000
b 0.401603823 -0.000000000
b 0.429754341 -0.000000000
b 0.457865792 -0.000000000
b 0.485953836 -0.000000000
b 0.514034081 -0.000000000
b 0.542122119 -0.000000000
b 0.570233556 -0.000000000
b 0.598384054 -0.000000000
b 0.626589360 -0.000000000
b 0.654865343 -0.000000000
b 0.683228031 -0.000000000
b 0.711693648 -0.000000000
b 0.740278648 -0.000000000
b 0.768999759 -0.000000000
b 0.797874021 -0.000000000
b 0.826918825 -0.000000000
b 0.856151960 -0.000000000
b 0.885591657 -0.000000000
b 0.915256636 -0.000000000
b 0.945166158 -0.000000000
b 0.945186728 0.022542059
b 0.945208744 0.044861815
b 0.945231736 0.066960231
b 0.945254900 0.088838129
b 0.945277092 0.110496211
b 0.945296831 0.131935061
b 0.945312297 0.153155168
b 0.945321336 0.174156929
b 0.945321464 0.194940674
b 0.945309877 0.215506669
b 0.945284531 0.235855340
b 0.945249221 0.255988165
b 0.945209227 0.275906722
b 0.945168936 0.295612263
b 0.945131310 0.315108491
b 0.945097831 0.334404212
b 0.945069914 0.353508614
b 0.945049092 0.372430658
b 0.945037051 0.391179088
b 0.945035650 0.409762435
b 0.945045984 0.428189281
b 0.945064525 0.446469388
b 0.945086980 0.464612847
b 0.945109990 0.482629638
b 0.945131089 0.500529625
b 0.945148680 0.518322545
b 0.945161999 0.536018004
b 0.945171114 0.553625263
b 0.945177252 0.571148915
b 0.945182221 0.588588892
b 0.945187078 0.605945087
b 0.945191734 0.623217781
b 0.945195961 0.640407202
b 0.945199497 0.657513485
b 0.945202026 0.674536668
b 0.945203172 0.691476706
b 0.945202487 0.708333466
b 0.945199439 0.725106735
b 0.945193410 0.741796230
b 0.945183788 0.758401989
b 0.945170081 0.774924611
b 0.945151947 0.791365028
b 0.945130566 0.807727377
b 0.945108241 0.824017335
b 0.945087723 0.840240396
b 0.945072198 0.856401861
b 0.945065272 0.872506833
b 0.945069876 0.888560370
b 0.945083328 0.904568254
b 0.945101515 0.920536578
b 0.945121016 0.936471470
b 0.945139069 0.952379079
b 0.945153539 0.968265577
b 0.945162890 0.984137151
b 0.945166158 1.000000000
b 0.921064459 1.000000000
b 0.897123758 1.000000000
b 0.873333913 1.000000000
b 0.849685023 1.000000000
b 0.826167399 1.000000000
b 0.802771557 1.000000000
b 0.779488198 1.000000000
b 0.756308191 1.000000000
b 0.733222560 1.000000000
b 0.710222472 1.000000000
b 0.687299219 1.000000000
b 0.664444206 1.000000000
b 0.641648939 1.000000000
b 0.618905010 1.000000000
b 0.596204088 1.000000000
b 0.573537901 1.000000000
b 0.550898231 1.000000000
b 0.528276895 1.000000000
b 0.505665739 1.000000000
b 0.483056622 1.000000000
b 0.460441406 1.000000000
b 0.437811946 1.000000000
b 0.415160074 1.000000000
b 0.392477592 1.000000000
b 0.369756255 1.000000000
b 0.346987765 1.000000000
b 0.324163753 1.000000000
b 0.301275770 1.000000000
b 0.278315273 1.000000000
b 0.255273612 1.000000000
interior
i 0.166133478 0.124999968
i 0.277446048 0.124999968
i 0.388758617 0.124999968
i 0.500071186 0.124999968
i 0.611383756 0.124999968
i 0.722696325 0.124999968
i 0.834008894 0.124999968
i 0.166133478 0.249999973
i 0.277446048 0.249999973
i 0.388758617 0.249999973
i 0.500071186 0.249999973
i 0.611383756 0.249999973
i 0.722696325 0.249999973
i 0.834008894 0.249999973
i 0.277446048 0.374999977
i 0.388758617 0.374999977
i 0.500071186 0.374999977
i 0.611383756 0.374999977
i 0.722696325 0.374999977
i 0.834008894 0.374999977
i 0.277446048 0.499999982
i 0.388758617 0.499999982
i 0.500071186 0.499999982
i 0.611383756 0.499999982
i 0.722696325 0.499999982
i 0.834008894 0.499999982
i 0.277446048 0.624999986
i 0.388758617 0.624999986
i 0.500071186 0.624999986
i 0.611383756 0.624999986
i 0.722696325 0.624999986
i 0.834008894 0.624999986
i 0.277446048 0.749999991
i 0.388758617 0.749999991
i 0.500071186 0.749999991
i 0.611383756 0.749999991
i 0.722696325 0.749999991
i 0.834008894 0.749999991
i 0.277446048 0.874999995
i 0.388758617 0.874999995
i 0.500071186 0.874999995
i 0.611383756 0.874999995
i 0.722696325 0.874999995
i 0.834008894 0.874999995
i 0.110477194 0.062499966
i 0.221789763 0.062499966
i 0.221789763 0.187499971
i 0.221789763 0.312499975
i 0.221789763 0.437499980
i 0.221789763 0.562499984
i 0.333102332 0.062499966
i 0.333102332 0.187499971
i 0.333102332 0.312499975
i 0.333102332 0.437499980
i 0.333102332 0.562499984
i 0.333102332 0.687499989
i 0.333102332 0.812499993
i 0.333102332 0.937499998
i 0.444414902 0.062499966
i 0.444414902 0.187499971
i 0.444414902 0.312499975
i 0.444414902 0.437499980
i 0.444414902 0.562499984
i 0.444414902 0.687499989
i 0.444414902 0.812499993
i 0.444414902 0.937499998
i 0.555727471 0.062499966
i 0.555727471 0.187499971
i 0.555727471 0.312499975
i 0.555727471 0.437499980
i 0.555727471 0.562499984
i 0.555727471 0.687499989
i 0.555727471 0.812499993
i 0.555727471 0.937499998
i 0.667040040 0.062499966
i 0.667040040 0.187499971
i 0.667040040 0.312499975
i 0.667040040 0.437499980
i 0.667040040 0.562499984
i 0.667040040 0.687499989
i 0.667040040 0.812499993
i 0.667040040 0.937499998
i 0.778352610 0.062499966
i 0.778352610 0.187499971
i 0.778352610 0.312499975
i 0.778352610 0.437499980
i 0.778352610 0.562499984
i 0.778352610 0.687499989
i 0.778352610 0.812499993
i 0.778352610 0.937499998
i 0.889665179 0.062499966
i 0.889665179 0.187499971
i 0.889665179 0.312499975
i 0.889665179 0.437499980
i 0.889665179 0.562499984
i 0.889665179 0.687499989
i 0.889665179 0.812499993
i 0.889665179 0.937499998
tris
t 55 53 54
t 55 52 53
t 55 51 52
t 55 50 51
t 55 49 50
t 55 48 49
t 55 47 48
t 55 46 47
t 55 45 46
t 55 44 45
t 55 43 44
t 55 42 43
t 86 87 88
t 86 88 89
t 86 89 90
t 86 90 91
t 86 91 92
t 86 92 93
t 86 93 94
t 86 94 95
t 86 95 96
t 86 96 97
t 55 56 42
t 56 57 42
t 57 270 42
t 57 58 270
t 58 271 270
t 58 272 271
t 58 273 272
t 58 274 273
t 58 275 274
t 58 276 275
t 58 277 276
t 58 59 277
t 59 278 277
t 59 279 278
t 59 280 279
t 59 281 280
t 59 282 281
t 59 283 282
t 59 284 283
t 59 285 284
t 59 60 285
t 60 286 285
t 60 287 286
t 60 288 287
t 60 289 288
t 60 290 289
t 60 291 290
t 60 292 291
t 60 293 292
t 60 294 293
t 60 295 294
t 60 296 295
t 60 297 296
t 60 61 297
t 61 298 297
t 61 299 298
t 61 300 299
t 61 301 300
t 61 302 301
t 61 303 302
t 61 304 303
t 61 305 304
t 61 306 305
t 61 307 306
t 61 308 307
t 61 309 308
t 61 310 309
t 61 311 310
t 61 312 311
t 61 313 312
t 61 314 313
t 61 315 314
t 61 316 315
t 61 62 316
t 62 317 316
t 62 318 317
t 62 63 318
t 63 319 318
t 63 320 319
t 63 64 320
t 64 321 320
t 64 322 321
t 64 65 322
t 65 323 322
t 65 324 323
t 65 325 324
t 65 66 325
t 66 326 325
t 66 327 326
t 66 67 327
t 67 328 327
t 67 329 328
t 67 68 329
t 68 330 329
t 68 331 330
t 68 69 331
t 69 332 331
t 69 333 332
t 69 334 333
t 69 70 334
t 70 335 334
t 70 336 335
t 70 71 336
t 71 337 336
t 71 338 337
t 71 72 338
t 72 339 338
t 72 340 339
t 72 73 340
t 73 341 340
t 73 342 341
t 73 343 342
t 73 74 343
t 74 344 343
t 74 345 344
t 74 75 345
t 75 346 345
t 75 347 346
t 75 76 347
t 76 348 347
t 76 349 348
t 76 77 349
t 77 350 349
t 77 351 350
t 77 352 351
t 77 78 352
t 78 353 352
t 78 354 353
t 78 79 354
t 79 355 354
t 79 356 355
t 79 80 356
t 80 357 356
t 80 358 357
t 80 81 358
t 81 359 358
t 81 360 359
t 81 361 360
t 81 82 361
t 82 362 361
t 82 363 362
t 82 83 363
t 83 364 363
t 83 365 364
t 83 84 365
t 84 366 365
t 84 367 366
t 84 85 367
t 85 368 367
t 85 369 368
t 85 370 369
t 85 371 370
t 85 372 371
t 85 373 372
t 85 374 373
t 85 375 374
t 85 376 375
t 85 377 376
t 85 378 377
t 85 379 378
t 85 380 379
t 85 381 380
t 85 382 381
t 85 383 382
t 85 384 383
t 85 385 384
t 85 386 385
t 85 387 386
t 85 388 387
t 85 389 388
t 85 390 389
t 85 86 390
t 86 391 390
t 86 392 391
t 86 393 392
t 86 394 393
t 86 395 394
t 86 396 395
t 86 397 396
t 86 398 397
t 86 399 398
t 86 400 399
t 86 401 400
t 86 402 401
t 86 403 402
t 86 404 403
t 86 405 404
t 86 406 405
t 86 407 406
t 86 408 407
t 86 97 408
t 42 40 41
t 42 39 40
t 42 38 39
t 42 37 38
t 42 36 37
t 42 35 36
t 42 34 35
t 42 33 34
t 42 32 33
t 42 31 32
t 42 30 31
t 42 29 30
t 42 28 29
t 97 98 99
t 97 99 100
t 97 100 101
t 97 101 102
t 97 102 103
t 97 103 104
t 97 104 105
t 97 105 106
t 97 106 107
t 97 107 108
t 97 108 109
t 97 109 110
t 42 270 28
t 270 271 28
t 271 272 28
t 272 273 28
t 273 274 28
t 274 275 28
t 275 276 28
t 276 277 28
t 277 278 28
t 278 279 28
t 279 280 28
t 280 281 28
t 281 282 28
t 282 283 28
t 283 284 28
t 284 285 28
t 285 286 28
t 286 409 28
t 286 287 409
t 287 410 409
t 287 288 410
t 288 411 410
t 288 289 411
t 289 412 411
t 289 290 412
t 290 413 412
t 290 291 413
t 291 414 413
t 291 292 414
t 292 415 414
t 292 293 415
t 293 416 415
t 293 294 416
t 294 417 416
t 294 295 417
t 295 418 417
t 295 296 418
t 296 419 418
t 296 297 419
t 297 420 419
t 297 298 420
t 298 421 420
t 298 299 421
t 299 422 421
t 299 300 422
t 300 423 422
t 300 301 423
t 301 424 423
t 301 302 424
t 302 425 424
t 302 303 425
t 303 426 425
t 303 304 426
t 304 427 426
t 304 305 427
t 305 428 427
t 305 306 428
t 306 429 428
t 306 307 429
t 307 430 429
t 307 308 430
t 308 431 430
t 308 309 431
t 309 432 431
t 309 310 432
t 310 433 432
t 310 311 433
t 311 434 433
t 311 312 434
t 312 435 434
t 312 313 435
t 313 436 435
t 313 314 436
t 314 437 436
t 314 315 437
t 315 438 437
t 315 316 438
t 316 439 438
t 316 317 439
t 317 440 439
t 317 318 440
t 318 441 440
t 318 319 441
t 319 442 441
t 319 320 442
t 320 443 442
t 320 321 443
t 321 444 443
t 321 322 444
t 322 445 444
t 322 323 445
t 323 446 445
t 323 324 446
t 324 447 446
t 324 325 447
t 325 448 447
t 325 326 448
t 326 449 448
t 326 327 449
t 327 450 449
t 327 328 450
t 328 451 450
t 328 329 451
t 329 452 451
t 329 330 452
t 330 453 452
t 330 331 453
t 331 454 453
t 331 332 454
t 332 455 454
t 332 333 455
t 333 456 455
t 333 334 456
t 334 457 456
t 334 335 457
t 335 458 457
t 335 336 458
t 336 459 458
t 336 337 459
t 337 460 459
t 337 338 460
t 338 461 460
t 338 339 461
t 339 462 461
t 339 340 462
t 340 463 462
t 340 341 463
t 341 464 463
t 341 342 464
t 342 465 464
t 342 343 465
t 343 466 465
t 343 344 466
t 344 467 466
t 344 345 467
t 345 468 467
t 345 346 468
t 346 469 468
t 346 347 469
t 347 470 469
t 347 348 470
t 348 471 470
t 348 349 471
t 349 472 471
t 349 350 472
t 350 473 472
t 350 351 473
t 351 474 473
t 351 352 474
t 352 475 474
t 352 353 475
t 353 476 475
t 353 354 476
t 354 477 476
t 354 355 477
t 355 478 477
t 355 356 478
t 356 479 478
t 356 357 479
t 357 480 479
t 357 358 480
t 358 481 480
t 358 359 481
t 359 482 481
t 359 360 482
t 360 483 482
t 360 361 483
t 361 484 483
t 361 362 484
t 362 485 484
t 362 363 485
t 363 486 485
t 363 364 486
t 364 487 486
t 364 365 487
t 365 488 487
t 365 366 488
t 366 489 488
t 366 367 489
t 367 490 489
t 367 368 490
t 368 491 490
t 368 369 491
t 369 492 491
t 369 370 492
t 370 493 492
t 370 371 493
t 371 494 493
t 371 372 494
t 372 495 494
t 372 373 495
t 373 496 495
t 373 374 496
t 374 497 496
t 374 375 497
t 375 498 497
t 375 376 498
t 376 499 498
t 376 377 499
t 377 500 499
t 377 378 500
t 378 501 500
t 378 379 501
t 379 502 501
t 379 380 502
t 380 503 502
t 380 381 503
t 381 504 503
t 381 382 504
t 382 110 504
t 382 383 110
t 383 384 110
t 384 385 110
t 385 386 110
t 386 387 110
t 387 388 110
t 388 389 110
t 389 390 110
t 390 391 110
t 391 392 110
t 392 393 110
t 393 394 110
t 394 395 110
t 395 396 110
t 396 397 110
t 397 398 110
t 398 399 110
t 399 400 110
t 400 401 110
t 401 402 110
t 402 403 110
t 403 404 110
t 404 405 110
t 405 406 110
t 406 407 110
t 407 408 110
t 408 97 110
t 28 26 27
t 28 25 26
t 28 24 25
t 28 23 24
t 28 22 23
t 28 21 22
t 28 20 21
t 28 19 20
t 28 18 19
t 28 17 18
t 28 16 17
t 28 15 16
t 28 14 15
t 110 111 112
t 110 112 113
t 110 113 114
t 110 114 115
t 110 115 116
t 110 116 117
t 110 117 118
t 110 118 119
t 110 119 120
t 110 120 121
t 110 121 122
t 110 122 123
t 110 123 124
t 110 124 125
t 28 409 14
t 409 410 14
t 410 411 14
t 411 412 14
t 412 413 14
t 413 414 14
t 414 415 14
t 415 416 14
t 416 417 14
t 417 418 14
t 418 419 14
t 419 420 14
t 420 421 14
t 421 422 14
t 422 423 14
t 423 424 14
t 424 425 14
t 425 426 14
t 426 427 14
t 427 505 14
t 427 428 505
t 428 506 505
t 428 429 506
t 429 507 506
t 429 430 507
t 430 508 507
t 430 431 508
t 431 509 508
t 431 432 509
t 432 510 509
t 432 433 510
t 433 511 510
t 433 434 511
t 434 512 511
t 434 435 512
t 435 513 512
t 435 436 513
t 436 514 513
t 436 437 514
t 437 515 514
t 437 438 515
t 438 516 515
t 438 439 516
t 439 517 516
t 439 440 517
t 440 518 517
t 440 441 518
t 441 519 518
t 441 442 519
t 442 520 519
t 442 443 520
t 443 521 520
t 443 444 521
t 444 522 521
t 444 445 522
t 445 523 522
t 445 446 523
t 446 524 523
t 446 447 524
t 447 525 524
t 447 448 525
t 448 526 525
t 448 449 526
t 449 527 526
t 449 450 527
t 450 528 527
t 450 451 528
t 451 529 528
t 451 452 529
t 452 530 529
t 452 453 530
t 453 531 530
t 453 454 531
t 454 532 531
t 454 455 532
t 455 533 532
t 455 456 533
t 456 534 533
t 456 457 534
t 457 535 534
t 457 458 535
t 458 536 535
t 458 459 536
t 459 537 536
t 459 460 537
t 460 538 537
t 460 461 538
t 461 539 538
t 461 462 539
t 462 540 539
t 462 463 540
t 463 541 540
t 463 464 541
t 464 542 541
t 464 465 542
t 465 543 542
t 465 466 543
t 466 544 543
t 466 467 544
t 467 545 544
t 467 468 545
t 468 546 545
t 468 469 546
t 469 547 546
t 469 470 547
t 470 548 547
t 470 471 548
t 471 549 548
t 471 472 549
t 472 550 549
t 472 473 550
t 473 551 550
t 473 474 551
t 474 552 551
t 474 475 552
t 475 553 552
t 475 476 553
t 476 554 553
t 476 477 554
t 477 555 554
t 477 478 555
t 478 556 555
t 478 479 556
t 479 557 556
t 479 480 557
t 480 558 557
t 480 481 558
t 481 559 558
t 481 482 559
t 482 560 559
t 482 483 560
t 483 561 560
t 483 484 561
t 484 562 561
t 484 485 562
t 485 563 562
t 485 486 563
t 486 564 563
t 486 487 564
t 487 565 564
t 487 488 565
t 488 566 565
t 488 489 566
t 489 567 566
t 489 490 567
t 490 568 567
t 490 491 568
t 491 569 568
t 491 492 569
t 492 570 569
t 492 493 570
t 493 571 570
t 493 494 571
t 494 572 571
t 494 495 572
t 495 573 572
t 495 496 573
t 496 574 573
t 496 497 574
t 497 575 574
t 497 498 575
t 498 576 575
t 498 499 576
t 499 577 576
t 499 500 577
t 500 578 577
t 500 501 578
t 501 579 578
t 501 502 579
t 502 580 579
t 502 503 580
t 503 581 580
t 503 504 581
t 504 582 581
t 504 110 582
t 110 583 582
t 110 584 583
t 110 585 584
t 110 586 585
t 110 587 586
t 110 588 587
t 110 589 588
t 110 590 589
t 110 591 590
t 110 592 591
t 110 593 592
t 110 594 593
t 110 595 594
t 110 596 595
t 110 597 596
t 110 598 597
t 110 599 598
t 110 125 599
t 14 12 13
t 14 11 12
t 14 10 11
t 14 9 10
t 14 8 9
t 14 7 8
t 14 6 7
t 14 5 6
t 14 4 5
t 14 3 4
t 14 2 3
t 14 1 2
t 14 0 1
t 125 126 127
t 125 127 128
t 125 128 129
t 125 129 130
t 125 130 131
t 125 131 132
t 125 132 133
t 125 133 134
t 125 134 135
t 125 135 136
t 125 136 137
t 125 137 138
t 125 138 139
t 125 139 140
t 125 140 141
t 14 505 0
t 505 506 0
t 506 507 0
t 507 508 0
t 508 509 0
t 509 510 0
t 510 511 0
t 511 512 0
t 512 513 0
t 513 514 0
t 514 515 0
t 515 516 0
t 516 517 0
t 517 171 0
t 517 518 171
t 518 519 171
t 519 170 171
t 519 520 170
t 520 521 170
t 521 169 170
t 521 522 169
t 522 523 169
t 523 168 169
t 523 524 168
t 524 525 168
t 525 167 168
t 525 526 167
t 526 166 167
t 526 527 166
t 527 528 166
t 528 165 166
t 528 529 165
t 529 530 165
t 530 164 165
t 530 531 164
t 531 532 164
t 532 163 164
t 532 533 163
t 533 534 163
t 534 162 163
t 534 535 162
t 535 161 162
t 535 536 161
t 536 537 161
t 537 160 161
t 537 538 160
t 538 539 160
t 539 159 160
t 539 540 159
t 540 541 159
t 541 158 159
t 541 542 158
t 542 543 158
t 543 157 158
t 543 544 157
t 544 156 157
t 544 545 156
t 545 546 156
t 546 155 156
t 546 547 155
t 547 548 155
t 548 154 155
t 548 549 154
t 549 550 154
t 550 153 154
t 550 551 153
t 551 552 153
t 552 152 153
t 552 553 152
t 553 151 152
t 553 554 151
t 554 555 151
t 555 150 151
t 555 556 150
t 556 557 150
t 557 149 150
t 557 558 149
t 558 559 149
t 559 148 149
t 559 560 148
t 560 561 148
t 561 147 148
t 561 562 147
t 562 146 147
t 562 563 146
t 563 564 146
t 564 145 146
t 564 565 145
t 565 566 145
t 566 144 145
t 566 567 144
t 567 568 144
t 568 143 144
t 568 569 143
t 569 570 143
t 570 142 143
t 570 571 142
t 571 572 142
t 572 573 142
t 573 574 142
t 574 575 142
t 575 576 142
t 576 577 142
t 577 578 142
t 578 579 142
t 579 580 142
t 580 581 142
t 581 582 142
t 582 583 142
t 583 584 142
t 584 585 142
t 585 586 142
t 586 587 142
t 587 588 142
t 588 589 142
t 589 590 142
t 590 591 142
t 591 141 142
t 591 592 141
t 592 593 141
t 593 594 141
t 594 595 141
t 595 596 141
t 596 597 141
t 597 598 141
t 598 599 141
t 599 125 141
