type=Nurbs forward=false n_boundary=100 n_holes=0 n_interior=49 n_tris=158 label=brep62542_f1_Nurbs(deg=3/3, cps=6x8)
boundary
b 0.000000000 1.000000000
b 0.000000027 0.981818183
b 0.000000049 0.963636367
b 0.000000066 0.945454551
b 0.000000079 0.927272736
b 0.000000088 0.909090920
b 0.000000093 0.890909104
b 0.000000095 0.872727288
b 0.000000095 0.854545472
b 0.000000091 0.836363655
b 0.000000086 0.818181837
b 0.000000078 0.800000019
b 0.000000069 0.781818200
b 0.000000059 0.763636380
b 0.000000048 0.745454560
b 0.000000037 0.727272739
b 0.000000025 0.709090917
b 0.000000014 0.690909096
b 0.000000003 0.672727274
b -0.000000006 0.654545452
b -0.000000015 0.636363631
b -0.000000023 0.618181809
b -0.000000030 0.599999988
b -0.000000035 0.581818167
b -0.000000040 0.563636346
b -0.000000043 0.545454526
b -0.000000046 0.527272706
b -0.000000047 0.509090886
b -0.000000047 0.490909067
b -0.000000046 0.472727249
b -0.000000044 0.454545431
b -0.000000041 0.436363614
b -0.000000036 0.418181798
b -0.000000030 0.399999982
b -0.000000024 0.381818168
b -0.000000016 0.363636354
b -0.000000007 0.345454541
b 0.000000004 0.327272730
b 0.000000015 0.309090919
b 0.000000027 0.290909109
b 0.000000039 0.272727300
b 0.000000051 0.254545491
b 0.000000063 0.236363683
b 0.000000073 0.218181874
b 0.000000083 0.200000065
b 0.000000090 0.181818255
b 0.000000096 0.163636443
b 0.000000099 0.145454630
b 0.000000100 0.127272815
b 0.000000097 0.109090997
b 0.000000091 0.090909176
b 0.000000082 0.072727351
b 0.000000068 0.054545521
b 0.000000050 0.036363687
b 0.000000028 0.018181846
b -0.000000000 -0.000000000
b 1.000000000 0.000000000
b 0.999999712 0.022511466
b 0.999999234 0.045072587
b 0.999998675 0.067682495
b 0.999998129 0.090340301
b 0.999997669 0.113045096
b 0.999997351 0.135795950
b 0.999997209 0.158591918
b 0.999997259 0.181432033
b 0.999997498 0.204315318
b 0.999997899 0.227240777
b 0.999998417 0.250207401
b 0.999998984 0.273214172
b 0.999999514 0.296260057
b 0.999999895 0.319344018
b 1.000000001 0.342465004
b 0.999999805 0.365621937
b 0.999999426 0.388813693
b 0.999998973 0.412039126
b 0.999998536 0.435297073
b 0.999998184 0.458586351
b 0.999997968 0.481905764
b 0.999997914 0.505254099
b 0.999998031 0.528630132
b 0.999998303 0.552032627
b 0.999998696 0.575460339
b 0.999999151 0.598912012
b 0.999999590 0.622386385
b 0.999999911 0.645882193
b 0.999999993 0.669398166
b 0.999999760 0.692933027
b 0.999999318 0.716485480
b 0.999998786 0.740054212
b 0.999998263 0.763637899
b 0.999997827 0.787235204
b 0.999997533 0.810844782
b 0.999997418 0.834465280
b 0.999997494 0.858095339
b 0.999997754 0.881733595
b 0.999998167 0.905378681
b 0.999998682 0.929029230
b 0.999999226 0.952683875
b 0.999999704 0.976341252
b 1.000000000 1.000000000
interior
i 0.499999977 0.875000000
i 0.624999983 0.875000000
i 0.749999989 0.875000000
i 0.874999995 0.875000000
i 0.874999995 0.750000000
i 0.749999989 0.750000000
i 0.874999995 0.625000000
i 0.874999995 0.500000000
i 0.874999995 0.375000000
i 0.874999995 0.250000000
i 0.874999995 0.125000000
i 0.749999989 0.125000000
i 0.624999983 0.125000000
i 0.749999989 0.250000000
i 0.749999989 0.375000000
i 0.624999983 0.250000000
i 0.499999977 0.125000000
i 0.374999971 0.125000000
i 0.249999965 0.125000000
i 0.124999959 0.125000000
i 0.124999959 0.250000000
i 0.124999959 0.375000000
i 0.249999965 0.250000000
i 0.374999971 0.250000000
i 0.499999977 0.250000000
i 0.624999983 0.375000000
i 0.749999989 0.500000000
i 0.749999989 0.625000000
i 0.624999983 0.750000000
i 0.624999983 0.625000000
i 0.624999983 0.500000000
i 0.499999977 0.375000000
i 0.374999971 0.375000000
i 0.499999977 0.500000000
i 0.499999977 0.625000000
i 0.499999977 0.750000000
i 0.374999971 0.875000000
i 0.249999965 0.875000000
i 0.124999959 0.875000000
i 0.124999959 0.750000000
i 0.249999965 0.750000000
i 0.124999959 0.625000000
i 0.124999959 0.500000000
i 0.249999965 0.375000000
i 0.374999971 0.500000000
i 0.249999965 0.500000000
i 0.249999965 0.625000000
i 0.374999971 0.625000000
i 0.374999971 0.750000000
tris
t 55 150 149
t 55 56 150
t 55 149 54
t 54 149 53
t 53 149 52
t 52 149 51
t 51 149 50
t 50 149 49
t 49 149 151
t 56 57 150
t 57 58 150
t 58 59 150
t 59 60 150
t 60 61 150
t 61 152 150
t 149 150 151
t 150 152 151
t 49 151 48
t 48 151 47
t 47 151 46
t 46 151 153
t 61 62 152
t 62 63 152
t 63 154 152
t 151 154 153
t 151 152 154
t 46 153 45
t 45 153 44
t 44 153 43
t 43 153 42
t 42 153 155
t 63 64 154
t 64 65 154
t 65 66 154
t 66 156 154
t 153 154 155
t 154 156 155
t 42 155 41
t 41 155 40
t 40 155 39
t 39 155 157
t 66 67 156
t 67 68 156
t 68 158 156
t 155 156 157
t 156 158 157
t 39 157 38
t 38 157 37
t 37 157 36
t 36 157 35
t 35 157 159
t 68 69 158
t 69 70 158
t 70 71 158
t 71 160 158
t 157 158 159
t 158 160 159
t 35 159 34
t 34 159 33
t 33 159 32
t 32 159 161
t 71 72 160
t 72 73 160
t 73 74 160
t 74 162 160
t 159 162 161
t 159 160 162
t 32 161 31
t 31 161 30
t 30 161 29
t 29 161 28
t 28 161 163
t 74 75 162
t 75 76 162
t 76 77 162
t 77 164 162
t 161 164 163
t 161 162 164
t 28 163 27
t 27 163 26
t 26 163 25
t 25 163 165
t 77 78 164
t 78 79 164
t 79 166 164
t 163 164 165
t 164 166 165
t 25 165 24
t 24 165 23
t 23 165 22
t 22 165 21
t 21 165 167
t 79 80 166
t 80 81 166
t 81 82 166
t 82 168 166
t 165 166 167
t 166 168 167
t 21 167 20
t 20 167 19
t 19 167 18
t 18 167 169
t 82 83 168
t 83 84 168
t 84 85 168
t 85 170 168
t 167 168 169
t 168 170 169
t 18 169 17
t 17 169 16
t 16 169 15
t 15 169 14
t 14 169 171
t 85 86 170
t 86 87 170
t 87 88 170
t 88 172 170
t 169 172 171
t 169 170 172
t 14 171 13
t 13 171 12
t 12 171 11
t 11 171 173
t 88 89 172
t 89 90 172
t 90 174 172
t 171 174 173
t 171 172 174
t 11 173 10
t 10 173 9
t 9 173 8
t 8 173 7
t 7 173 175
t 90 91 174
t 91 92 174
t 92 93 174
t 93 176 174
t 173 176 175
t 173 174 176
t 7 175 6
t 6 175 5
t 5 175 4
t 4 175 177
t 93 94 176
t 94 95 176
t 95 96 176
t 96 178 176
t 175 176 177
t 176 178 177
t 4 177 3
t 3 177 2
t 2 177 1
t 1 177 0
t 96 97 178
t 97 98 178
t 98 99 178
t 177 178 0
t 178 99 0
