type=Nurbs forward=false n_boundary=275 n_holes=0 n_interior=113 n_tris=2517 label=brep62542_f259_Nurbs(deg=3/3, cps=6x6)
boundary
b 0.987185889 1.016968182
b 0.969576857 1.016968182
b 0.951967824 1.016968182
b 0.934358791 1.016968182
b 0.916749758 1.016968182
b 0.899140726 1.016968182
b 0.881531693 1.016968182
b 0.863922660 1.016968182
b 0.846313627 1.016968182
b 0.828704594 1.016968182
b 0.811095562 1.016968182
b 0.793486529 1.016968182
b 0.775877496 1.016968182
b 0.758268463 1.016968182
b 0.740659430 1.016968182
b 0.723050397 1.016968182
b 0.705441364 1.016968182
b 0.687832331 1.016968182
b 0.670223298 1.016968182
b 0.652614266 1.016968182
b 0.635005233 1.016968182
b 0.617396200 1.016968182
b 0.599787166 1.016968182
b 0.582178133 1.016968182
b 0.564569100 1.016968182
b 0.546960067 1.016968182
b 0.529351034 1.016968182
b 0.511742001 1.016968182
b 0.494132968 1.016968182
b 0.476523934 1.016968182
b 0.458914901 1.016968182
b 0.441305868 1.016968182
b 0.423696834 1.016968182
b 0.406087801 1.016968182
b 0.388478767 1.016968182
b 0.370869734 1.016968182
b 0.353260700 1.016968182
b 0.335651666 1.016968182
b 0.318042632 1.016968182
b 0.300433598 1.016968182
b 0.282824565 1.016968182
b 0.265215531 1.016968182
b 0.247606497 1.016968182
b 0.229997463 1.016968182
b 0.212388428 1.016968182
b 0.194779394 1.016968182
b 0.177170360 1.016968182
b 0.159561326 1.016968182
b 0.141952291 1.016968182
b 0.124343257 1.016968182
b 0.106734222 1.016968182
b 0.089125188 1.016968182
b 0.071516153 1.016968182
b 0.053907119 1.016968182
b 0.036298084 1.016968182
b 0.036297815 1.016911537
b 0.036297548 1.016855017
b 0.036297283 1.016798620
b 0.036297020 1.016742344
b 0.036296759 1.016686189
b 0.036296500 1.016630154
b 0.036296243 1.016574237
b 0.036295988 1.016518437
b 0.036295736 1.016462753
b 0.036295485 1.016407183
b 0.036295237 1.016351728
b 0.036294990 1.016296385
b 0.036294746 1.016241154
b 0.036294504 1.016186033
b 0.036294264 1.016131022
b 0.036294026 1.016076119
b 0.036293790 1.016021323
b 0.036293556 1.015966634
b 0.036293324 1.015912051
b 0.036293094 1.015857571
b 0.036292866 1.015803196
b 0.036292641 1.015748923
b 0.036292417 1.015694751
b 0.036292196 1.015640680
b 0.036291976 1.015586709
b 0.036291759 1.015532837
b 0.036291543 1.015479063
b 0.036291330 1.015425385
b 0.036291119 1.015371804
b 0.036290910 1.015318319
b 0.036290703 1.015264928
b 0.036290498 1.015211630
b 0.036290295 1.015158426
b 0.036290094 1.015105313
b 0.036289895 1.015052292
b 0.036289698 1.014999361
b 0.036289504 1.014946519
b 0.036289311 1.014893767
b 0.036289121 1.014841103
b 0.036288932 1.014788526
b 0.036288746 1.014736035
b 0.036288562 1.014683631
b 0.036288379 1.014631311
b 0.036288199 1.014579076
b 0.036288021 1.014526925
b 0.036287845 1.014474856
b 0.036287671 1.014422870
b 0.036287499 1.014370965
b 0.036287329 1.014319141
b 0.036287161 1.014267398
b 0.036286996 1.014215733
b 0.036286832 1.014164148
b 0.036286670 1.014112641
b 0.036286511 1.014061212
b 0.036286353 1.014009859
b 0.036245980 1.003611120
b 0.036171930 0.993840309
b 0.036071072 0.983906075
b 0.035945294 0.973787735
b 0.035796424 0.963478833
b 0.035626382 0.952972684
b 0.035437192 0.942262388
b 0.035230980 0.931340838
b 0.035009982 0.920200737
b 0.034776550 0.908834624
b 0.034533148 0.897234902
b 0.034282360 0.885393885
b 0.034026887 0.873303847
b 0.033769542 0.860957090
b 0.033513250 0.848346029
b 0.033261034 0.835463289
b 0.033016004 0.822301830
b 0.032781336 0.808855093
b 0.032560251 0.795117168
b 0.032355980 0.781082993
b 0.032171725 0.766748581
b 0.032010605 0.752111274
b 0.031875604 0.737170017
b 0.031769497 0.721925662
b 0.031694771 0.706381274
b 0.031653538 0.690542443
b 0.031647436 0.674417582
b 0.031677538 0.658018192
b 0.031744243 0.641359069
b 0.031847194 0.624458437
b 0.031985184 0.607337984
b 0.032156104 0.590022776
b 0.032356901 0.572541044
b 0.032583568 0.554923832
b 0.032831175 0.537204529
b 0.033093929 0.519418277
b 0.033365272 0.501601311
b 0.033638404 0.483779604
b 0.033908416 0.465924113
b 0.034171537 0.447987210
b 0.034424489 0.429919016
b 0.034664419 0.411665929
b 0.034888845 0.393168852
b 0.035095607 0.374360921
b 0.035282844 0.355164475
b 0.035448961 0.335486829
b 0.035592623 0.315214116
b 0.035712753 0.294201914
b 0.035808536 0.272260228
b 0.035879458 0.249127911
b 0.035925364 0.224425638
b 0.035946583 0.197560097
b 0.035944182 0.167498098
b 0.035920574 0.132094502
b 0.035881489 0.084913176
b 0.053498138 0.084913173
b 0.071114783 0.084913169
b 0.088731423 0.084913166
b 0.106348058 0.084913162
b 0.123964688 0.084913159
b 0.141581314 0.084913156
b 0.159197935 0.084913152
b 0.176814552 0.084913149
b 0.194431165 0.084913146
b 0.212047773 0.084913143
b 0.229664376 0.084913140
b 0.247280975 0.084913137
b 0.264897570 0.084913134
b 0.282514161 0.084913131
b 0.300130747 0.084913129
b 0.317747329 0.084913126
b 0.335363907 0.084913123
b 0.352980480 0.084913121
b 0.370597050 0.084913118
b 0.388213615 0.084913116
b 0.405830176 0.084913113
b 0.423446733 0.084913111
b 0.441063285 0.084913109
b 0.458679834 0.084913107
b 0.476296379 0.084913105
b 0.493912919 0.084913103
b 0.511529456 0.084913101
b 0.529145991 0.084913099
b 0.546762524 0.084913097
b 0.564379056 0.084913095
b 0.581995585 0.084913094
b 0.599612113 0.084913092
b 0.617228640 0.084913091
b 0.634845165 0.084913089
b 0.652461688 0.084913088
b 0.670078210 0.084913087
b 0.687694731 0.084913085
b 0.705311251 0.084913084
b 0.722927769 0.084913083
b 0.740544286 0.084913083
b 0.758160801 0.084913082
b 0.775777316 0.084913081
b 0.793393829 0.084913080
b 0.811010342 0.084913080
b 0.828626853 0.084913079
b 0.846243364 0.084913079
b 0.863859874 0.084913079
b 0.881476382 0.084913079
b 0.899092890 0.084913079
b 0.916709398 0.084913079
b 0.934325904 0.084913079
b 0.951942410 0.084913079
b 0.969558915 0.084913079
b 0.987175420 0.084913079
b 1.004791924 0.084913080
b 1.004787306 0.132269624
b 1.004784649 0.167784145
b 1.004784637 0.197936126
b 1.004787555 0.224881159
b 1.004793527 0.249656722
b 1.004802587 0.272858363
b 1.004814714 0.294866759
b 1.004829839 0.315943970
b 1.004847862 0.336280667
b 1.004868648 0.356021812
b 1.004892032 0.375281735
b 1.004917819 0.394153550
b 1.004945778 0.412715336
b 1.004975646 0.431034385
b 1.005007117 0.449170251
b 1.005039841 0.467177036
b 1.005073417 0.485105189
b 1.005107379 0.503002940
b 1.005141113 0.520895995
b 1.005173786 0.538755756
b 1.005204609 0.556545690
b 1.005232882 0.574230364
b 1.005258015 0.591776113
b 1.005279528 0.609151638
b 1.005297056 0.626328497
b 1.005310349 0.643281458
b 1.005319271 0.659988727
b 1.005323778 0.676432046
b 1.005323928 0.692596647
b 1.005319858 0.708471127
b 1.005311770 0.724047229
b 1.005299923 0.739319569
b 1.005284622 0.754285326
b 1.005266203 0.768943926
b 1.005245031 0.783296712
b 1.005221480 0.797346643
b 1.005195938 0.811098003
b 1.005168792 0.824556141
b 1.005140431 0.837727240
b 1.005111230 0.850618117
b 1.005081563 0.863236046
b 1.005051789 0.875588613
b 1.005022255 0.887683595
b 1.004993294 0.899528853
b 1.004965226 0.911132258
b 1.004938356 0.922501618
b 1.004912973 0.933644631
b 1.004889355 0.944568842
b 1.004867763 0.955281614
b 1.004848448 0.965790104
b 1.004831645 0.976101250
b 1.004817580 0.986221759
b 1.004806467 0.996158100
b 1.004798582 1.005981924
b 1.004794922 1.016968182
interior
i 0.153356998 0.201419966
i 0.275066559 0.201419966
i 0.396776121 0.201419966
i 0.518485682 0.201419966
i 0.640195244 0.201419966
i 0.761904805 0.201419966
i 0.883614367 0.201419966
i 0.153356998 0.317926854
i 0.275066559 0.317926854
i 0.396776121 0.317926854
i 0.518485682 0.317926854
i 0.640195244 0.317926854
i 0.761904805 0.317926854
i 0.883614367 0.317926854
i 0.153356998 0.434433742
i 0.275066559 0.434433742
i 0.396776121 0.434433742
i 0.518485682 0.434433742
i 0.640195244 0.434433742
i 0.761904805 0.434433742
i 0.883614367 0.434433742
i 0.153356998 0.550940630
i 0.275066559 0.550940630
i 0.396776121 0.550940630
i 0.518485682 0.550940630
i 0.640195244 0.550940630
i 0.761904805 0.550940630
i 0.883614367 0.550940630
i 0.153356998 0.667447518
i 0.275066559 0.667447518
i 0.396776121 0.667447518
i 0.518485682 0.667447518
i 0.640195244 0.667447518
i 0.761904805 0.667447518
i 0.883614367 0.667447518
i 0.153356998 0.783954406
i 0.275066559 0.783954406
i 0.396776121 0.783954406
i 0.518485682 0.783954406
i 0.640195244 0.783954406
i 0.761904805 0.783954406
i 0.883614367 0.783954406
i 0.153356998 0.900461294
i 0.275066559 0.900461294
i 0.396776121 0.900461294
i 0.518485682 0.900461294
i 0.640195244 0.900461294
i 0.761904805 0.900461294
i 0.883614367 0.900461294
i 0.092502217 0.143166523
i 0.092502217 0.259673410
i 0.092502217 0.376180298
i 0.092502217 0.492687186
i 0.092502217 0.609194074
i 0.092502217 0.725700962
i 0.092502217 0.842207850
i 0.092502217 0.958714738
i 0.214211778 0.143166523
i 0.214211778 0.259673410
i 0.214211778 0.376180298
i 0.214211778 0.492687186
i 0.214211778 0.609194074
i 0.214211778 0.725700962
i 0.214211778 0.842207850
i 0.214211778 0.958714738
i 0.335921340 0.143166523
i 0.335921340 0.259673410
i 0.335921340 0.376180298
i 0.335921340 0.492687186
i 0.335921340 0.609194074
i 0.335921340 0.725700962
i 0.335921340 0.842207850
i 0.335921340 0.958714738
i 0.457630901 0.143166523
i 0.457630901 0.259673410
i 0.457630901 0.376180298
i 0.457630901 0.492687186
i 0.457630901 0.609194074
i 0.457630901 0.725700962
i 0.457630901 0.842207850
i 0.457630901 0.958714738
i 0.579340463 0.143166523
i 0.579340463 0.259673410
i 0.579340463 0.376180298
i 0.579340463 0.492687186
i 0.579340463 0.609194074
i 0.579340463 0.725700962
i 0.579340463 0.842207850
i 0.579340463 0.958714738
i 0.701050025 0.143166523
i 0.701050025 0.259673410
i 0.701050025 0.376180298
i 0.701050025 0.492687186
i 0.701050025 0.609194074
i 0.701050025 0.725700962
i 0.701050025 0.842207850
i 0.701050025 0.958714738
i 0.822759586 0.143166523
i 0.822759586 0.259673410
i 0.822759586 0.376180298
i 0.822759586 0.492687186
i 0.822759586 0.609194074
i 0.822759586 0.725700962
i 0.822759586 0.842207850
i 0.822759586 0.958714738
i 0.944469148 0.143166523
i 0.944469148 0.259673410
i 0.944469148 0.376180298
i 0.944469148 0.492687186
i 0.944469148 0.609194074
i 0.944469148 0.725700962
i 0.944469148 0.842207850
i 0.944469148 0.958714738
tris
t 166 164 165
t 166 163 164
t 166 162 163
t 166 161 162
t 219 220 221
t 219 221 222
t 219 222 223
t 166 388 161
t 166 389 388
t 166 390 389
t 166 391 390
t 166 392 391
t 166 393 392
t 166 394 393
t 166 395 394
t 166 396 395
t 166 397 396
t 166 398 397
t 166 399 398
t 166 400 399
t 166 401 400
t 166 402 401
t 166 403 402
t 166 404 403
t 166 405 404
t 166 406 405
t 166 167 406
t 167 407 406
t 167 408 407
t 167 168 408
t 168 409 408
t 168 410 409
t 168 169 410
t 169 411 410
t 169 412 411
t 169 170 412
t 170 413 412
t 170 414 413
t 170 171 414
t 171 415 414
t 171 416 415
t 171 172 416
t 172 417 416
t 172 418 417
t 172 173 418
t 173 419 418
t 173 420 419
t 173 174 420
t 174 421 420
t 174 422 421
t 174 175 422
t 175 423 422
t 175 424 423
t 175 176 424
t 176 425 424
t 176 426 425
t 176 177 426
t 177 427 426
t 177 428 427
t 177 178 428
t 178 429 428
t 178 430 429
t 178 179 430
t 179 431 430
t 179 432 431
t 179 180 432
t 180 433 432
t 180 434 433
t 180 181 434
t 181 435 434
t 181 436 435
t 181 182 436
t 182 437 436
t 182 438 437
t 182 183 438
t 183 439 438
t 183 440 439
t 183 184 440
t 184 441 440
t 184 442 441
t 184 185 442
t 185 443 442
t 185 444 443
t 185 186 444
t 186 445 444
t 186 446 445
t 186 187 446
t 187 447 446
t 187 448 447
t 187 188 448
t 188 449 448
t 188 450 449
t 188 189 450
t 189 451 450
t 189 452 451
t 189 190 452
t 190 453 452
t 190 454 453
t 190 191 454
t 191 455 454
t 191 456 455
t 191 192 456
t 192 457 456
t 192 458 457
t 192 193 458
t 193 459 458
t 193 460 459
t 193 194 460
t 194 461 460
t 194 462 461
t 194 195 462
t 195 463 462
t 195 464 463
t 195 196 464
t 196 465 464
t 196 466 465
t 196 197 466
t 197 467 466
t 197 468 467
t 197 198 468
t 198 469 468
t 198 470 469
t 198 199 470
t 199 471 470
t 199 472 471
t 199 200 472
t 200 473 472
t 200 474 473
t 200 201 474
t 201 475 474
t 201 476 475
t 201 202 476
t 202 477 476
t 202 478 477
t 202 203 478
t 203 479 478
t 203 480 479
t 203 204 480
t 204 481 480
t 204 482 481
t 204 205 482
t 205 483 482
t 205 484 483
t 205 206 484
t 206 485 484
t 206 486 485
t 206 207 486
t 207 487 486
t 207 488 487
t 207 208 488
t 208 489 488
t 208 490 489
t 208 209 490
t 209 491 490
t 209 492 491
t 209 210 492
t 210 493 492
t 210 494 493
t 210 211 494
t 211 495 494
t 211 496 495
t 211 212 496
t 212 497 496
t 212 498 497
t 212 213 498
t 213 499 498
t 213 500 499
t 213 214 500
t 214 501 500
t 214 502 501
t 214 215 502
t 215 503 502
t 215 504 503
t 215 216 504
t 216 505 504
t 216 506 505
t 216 217 506
t 217 507 506
t 217 508 507
t 217 218 508
t 218 509 508
t 218 510 509
t 218 511 510
t 218 223 511
t 218 219 223
t 161 159 160
t 161 158 159
t 161 157 158
t 161 156 157
t 223 224 225
t 223 225 226
t 223 226 227
t 161 512 156
t 161 513 512
t 161 514 513
t 161 515 514
t 161 516 515
t 161 517 516
t 161 518 517
t 161 519 518
t 161 520 519
t 161 521 520
t 161 522 521
t 161 388 522
t 388 523 522
t 388 389 523
t 389 524 523
t 389 390 524
t 390 525 524
t 390 391 525
t 391 526 525
t 391 392 526
t 392 527 526
t 392 393 527
t 393 528 527
t 393 394 528
t 394 529 528
t 394 395 529
t 395 530 529
t 395 396 530
t 396 531 530
t 396 397 531
t 397 532 531
t 397 398 532
t 398 533 532
t 398 399 533
t 399 534 533
t 399 400 534
t 400 535 534
t 400 401 535
t 401 536 535
t 401 402 536
t 402 537 536
t 402 403 537
t 403 538 537
t 403 404 538
t 404 539 538
t 404 405 539
t 405 540 539
t 405 406 540
t 406 541 540
t 406 407 541
t 407 542 541
t 407 408 542
t 408 543 542
t 408 409 543
t 409 544 543
t 409 410 544
t 410 545 544
t 410 411 545
t 411 546 545
t 411 412 546
t 412 547 546
t 412 413 547
t 413 548 547
t 413 414 548
t 414 549 548
t 414 415 549
t 415 550 549
t 415 416 550
t 416 551 550
t 416 417 551
t 417 552 551
t 417 418 552
t 418 553 552
t 418 419 553
t 419 554 553
t 419 420 554
t 420 555 554
t 420 421 555
t 421 556 555
t 421 422 556
t 422 557 556
t 422 423 557
t 423 558 557
t 423 424 558
t 424 559 558
t 424 425 559
t 425 560 559
t 425 426 560
t 426 561 560
t 426 427 561
t 427 562 561
t 427 428 562
t 428 563 562
t 428 429 563
t 429 564 563
t 429 430 564
t 430 565 564
t 430 431 565
t 431 566 565
t 431 432 566
t 432 567 566
t 432 433 567
t 433 568 567
t 433 434 568
t 434 569 568
t 434 435 569
t 435 570 569
t 435 436 570
t 436 571 570
t 436 437 571
t 437 572 571
t 437 438 572
t 438 573 572
t 438 439 573
t 439 574 573
t 439 440 574
t 440 575 574
t 440 441 575
t 441 576 575
t 441 442 576
t 442 577 576
t 442 443 577
t 443 578 577
t 443 444 578
t 444 579 578
t 444 445 579
t 445 580 579
t 445 446 580
t 446 581 580
t 446 447 581
t 447 582 581
t 447 448 582
t 448 583 582
t 448 449 583
t 449 584 583
t 449 450 584
t 450 585 584
t 450 451 585
t 451 586 585
t 451 452 586
t 452 587 586
t 452 453 587
t 453 588 587
t 453 454 588
t 454 589 588
t 454 455 589
t 455 590 589
t 455 456 590
t 456 591 590
t 456 457 591
t 457 592 591
t 457 458 592
t 458 593 592
t 458 459 593
t 459 594 593
t 459 460 594
t 460 595 594
t 460 461 595
t 461 596 595
t 461 462 596
t 462 597 596
t 462 463 597
t 463 598 597
t 463 464 598
t 464 599 598
t 464 465 599
t 465 600 599
t 465 466 600
t 466 601 600
t 466 467 601
t 467 602 601
t 467 468 602
t 468 603 602
t 468 469 603
t 469 604 603
t 469 470 604
t 470 605 604
t 470 471 605
t 471 606 605
t 471 472 606
t 472 607 606
t 472 473 607
t 473 608 607
t 473 474 608
t 474 609 608
t 474 475 609
t 475 610 609
t 475 476 610
t 476 611 610
t 476 477 611
t 477 612 611
t 477 478 612
t 478 613 612
t 478 479 613
t 479 614 613
t 479 480 614
t 480 615 614
t 480 481 615
t 481 616 615
t 481 482 616
t 482 617 616
t 482 483 617
t 483 618 617
t 483 484 618
t 484 619 618
t 484 485 619
t 485 620 619
t 485 486 620
t 486 621 620
t 486 487 621
t 487 622 621
t 487 488 622
t 488 623 622
t 488 489 623
t 489 624 623
t 489 490 624
t 490 625 624
t 490 491 625
t 491 626 625
t 491 492 626
t 492 627 626
t 492 493 627
t 493 628 627
t 493 494 628
t 494 629 628
t 494 495 629
t 495 630 629
t 495 496 630
t 496 631 630
t 496 497 631
t 497 632 631
t 497 498 632
t 498 633 632
t 498 499 633
t 499 634 633
t 499 500 634
t 500 635 634
t 500 501 635
t 501 636 635
t 501 502 636
t 502 637 636
t 502 503 637
t 503 638 637
t 503 504 638
t 504 639 638
t 504 505 639
t 505 640 639
t 505 506 640
t 506 641 640
t 506 507 641
t 507 642 641
t 507 508 642
t 508 643 642
t 508 509 643
t 509 644 643
t 509 510 644
t 510 645 644
t 510 511 645
t 511 646 645
t 511 647 646
t 511 223 647
t 223 648 647
t 223 649 648
t 223 650 649
t 223 651 650
t 223 652 651
t 223 653 652
t 223 654 653
t 223 655 654
t 223 227 655
t 156 154 155
t 156 153 154
t 156 152 153
t 156 151 152
t 156 150 151
t 156 149 150
t 156 148 149
t 156 147 148
t 156 146 147
t 156 145 146
t 156 144 145
t 227 228 229
t 227 229 230
t 227 230 231
t 227 231 232
t 227 232 233
t 227 233 234
t 227 234 235
t 227 235 236
t 227 236 237
t 227 237 238
t 227 238 239
t 156 656 144
t 156 657 656
t 156 658 657
t 156 659 658
t 156 660 659
t 156 661 660
t 156 662 661
t 156 663 662
t 156 664 663
t 156 665 664
t 156 666 665
t 156 667 666
t 156 668 667
t 156 669 668
t 156 670 669
t 156 671 670
t 156 672 671
t 156 673 672
t 156 674 673
t 156 675 674
t 156 676 675
t 156 677 676
t 156 678 677
t 156 512 678
t 512 679 678
t 512 513 679
t 513 680 679
t 513 514 680
t 514 681 680
t 514 515 681
t 515 682 681
t 515 516 682
t 516 683 682
t 516 517 683
t 517 684 683
t 517 518 684
t 518 685 684
t 518 519 685
t 519 686 685
t 519 520 686
t 520 687 686
t 520 521 687
t 521 688 687
t 521 522 688
t 522 689 688
t 522 523 689
t 523 690 689
t 523 524 690
t 524 691 690
t 524 525 691
t 525 692 691
t 525 526 692
t 526 693 692
t 526 527 693
t 527 694 693
t 527 528 694
t 528 695 694
t 528 529 695
t 529 696 695
t 529 530 696
t 530 697 696
t 530 531 697
t 531 698 697
t 531 532 698
t 532 699 698
t 532 533 699
t 533 700 699
t 533 534 700
t 534 701 700
t 534 535 701
t 535 702 701
t 535 536 702
t 536 703 702
t 536 537 703
t 537 704 703
t 537 538 704
t 538 705 704
t 538 539 705
t 539 706 705
t 539 540 706
t 540 707 706
t 540 541 707
t 541 708 707
t 541 542 708
t 542 709 708
t 542 543 709
t 543 710 709
t 543 544 710
t 544 711 710
t 544 545 711
t 545 712 711
t 545 546 712
t 546 713 712
t 546 547 713
t 547 714 713
t 547 548 714
t 548 715 714
t 548 549 715
t 549 716 715
t 549 550 716
t 550 717 716
t 550 551 717
t 551 718 717
t 551 552 718
t 552 719 718
t 552 553 719
t 553 720 719
t 553 554 720
t 554 721 720
t 554 555 721
t 555 722 721
t 555 556 722
t 556 723 722
t 556 557 723
t 557 724 723
t 557 558 724
t 558 725 724
t 558 559 725
t 559 726 725
t 559 560 726
t 560 727 726
t 560 561 727
t 561 728 727
t 561 562 728
t 562 729 728
t 562 563 729
t 563 730 729
t 563 564 730
t 564 731 730
t 564 565 731
t 565 732 731
t 565 566 732
t 566 733 732
t 566 567 733
t 567 734 733
t 567 568 734
t 568 735 734
t 568 569 735
t 569 736 735
t 569 570 736
t 570 737 736
t 570 571 737
t 571 738 737
t 571 572 738
t 572 739 738
t 572 573 739
t 573 740 739
t 573 574 740
t 574 741 740
t 574 575 741
t 575 742 741
t 575 576 742
t 576 743 742
t 576 577 743
t 577 744 743
t 577 578 744
t 578 745 744
t 578 579 745
t 579 746 745
t 579 580 746
t 580 747 746
t 580 581 747
t 581 748 747
t 581 582 748
t 582 749 748
t 582 583 749
t 583 750 749
t 583 584 750
t 584 751 750
t 584 585 751
t 585 752 751
t 585 586 752
t 586 753 752
t 586 587 753
t 587 754 753
t 587 588 754
t 588 755 754
t 588 589 755
t 589 756 755
t 589 590 756
t 590 757 756
t 590 591 757
t 591 758 757
t 591 592 758
t 592 759 758
t 592 593 759
t 593 760 759
t 593 594 760
t 594 761 760
t 594 595 761
t 595 762 761
t 595 596 762
t 596 763 762
t 596 597 763
t 597 764 763
t 597 598 764
t 598 765 764
t 598 599 765
t 599 766 765
t 599 600 766
t 600 767 766
t 600 601 767
t 601 768 767
t 601 602 768
t 602 769 768
t 602 603 769
t 603 770 769
t 603 604 770
t 604 771 770
t 604 605 771
t 605 772 771
t 605 606 772
t 606 773 772
t 606 607 773
t 607 774 773
t 607 608 774
t 608 775 774
t 608 609 775
t 609 776 775
t 609 610 776
t 610 777 776
t 610 611 777
t 611 778 777
t 611 612 778
t 612 779 778
t 612 613 779
t 613 780 779
t 613 614 780
t 614 781 780
t 614 615 781
t 615 782 781
t 615 616 782
t 616 783 782
t 616 617 783
t 617 784 783
t 617 618 784
t 618 785 784
t 618 619 785
t 619 786 785
t 619 620 786
t 620 787 786
t 620 621 787
t 621 788 787
t 621 622 788
t 622 789 788
t 622 623 789
t 623 790 789
t 623 624 790
t 624 791 790
t 624 625 791
t 625 792 791
t 625 626 792
t 626 793 792
t 626 627 793
t 627 794 793
t 627 628 794
t 628 795 794
t 628 629 795
t 629 796 795
t 629 630 796
t 630 797 796
t 630 631 797
t 631 798 797
t 631 632 798
t 632 799 798
t 632 633 799
t 633 800 799
t 633 634 800
t 634 801 800
t 634 635 801
t 635 802 801
t 635 636 802
t 636 803 802
t 636 637 803
t 637 804 803
t 637 638 804
t 638 805 804
t 638 639 805
t 639 806 805
t 639 640 806
t 640 807 806
t 640 641 807
t 641 808 807
t 641 642 808
t 642 809 808
t 642 643 809
t 643 810 809
t 643 644 810
t 644 811 810
t 644 645 811
t 645 812 811
t 645 646 812
t 646 813 812
t 646 647 813
t 647 814 813
t 647 648 814
t 648 815 814
t 648 649 815
t 649 816 815
t 649 650 816
t 650 817 816
t 650 651 817
t 651 818 817
t 651 652 818
t 652 819 818
t 652 653 819
t 653 820 819
t 653 654 820
t 654 821 820
t 654 655 821
t 655 822 821
t 655 227 822
t 227 823 822
t 227 824 823
t 227 825 824
t 227 826 825
t 227 827 826
t 227 828 827
t 227 829 828
t 227 830 829
t 227 831 830
t 227 832 831
t 227 833 832
t 227 834 833
t 227 835 834
t 227 836 835
t 227 837 836
t 227 838 837
t 227 839 838
t 227 840 839
t 227 841 840
t 227 842 841
t 227 843 842
t 227 844 843
t 227 845 844
t 227 239 845
t 144 142 143
t 144 141 142
t 144 140 141
t 144 139 140
t 144 138 139
t 144 137 138
t 144 136 137
t 144 135 136
t 144 134 135
t 144 133 134
t 144 132 133
t 144 131 132
t 144 130 131
t 144 129 130
t 239 240 241
t 239 241 242
t 239 242 243
t 239 243 244
t 239 244 245
t 239 245 246
t 239 246 247
t 239 247 248
t 239 248 249
t 239 249 250
t 239 250 251
t 239 251 252
t 239 252 253
t 239 253 254
t 144 846 129
t 144 847 846
t 144 848 847
t 144 849 848
t 144 656 849
t 656 850 849
t 656 657 850
t 657 851 850
t 657 658 851
t 658 852 851
t 658 659 852
t 659 853 852
t 659 660 853
t 660 854 853
t 660 661 854
t 661 855 854
t 661 662 855
t 662 856 855
t 662 663 856
t 663 857 856
t 663 664 857
t 664 858 857
t 664 665 858
t 665 859 858
t 665 666 859
t 666 860 859
t 666 667 860
t 667 861 860
t 667 668 861
t 668 862 861
t 668 669 862
t 669 863 862
t 669 670 863
t 670 864 863
t 670 671 864
t 671 865 864
t 671 672 865
t 672 866 865
t 672 673 866
t 673 867 866
t 673 674 867
t 674 868 867
t 674 675 868
t 675 869 868
t 675 676 869
t 676 870 869
t 676 677 870
t 677 871 870
t 677 678 871
t 678 872 871
t 678 679 872
t 679 873 872
t 679 680 873
t 680 874 873
t 680 681 874
t 681 875 874
t 681 682 875
t 682 876 875
t 682 683 876
t 683 877 876
t 683 684 877
t 684 878 877
t 684 685 878
t 685 879 878
t 685 686 879
t 686 880 879
t 686 687 880
t 687 881 880
t 687 688 881
t 688 882 881
t 688 689 882
t 689 883 882
t 689 690 883
t 690 884 883
t 690 691 884
t 691 885 884
t 691 692 885
t 692 886 885
t 692 693 886
t 693 887 886
t 693 694 887
t 694 888 887
t 694 695 888
t 695 889 888
t 695 696 889
t 696 890 889
t 696 697 890
t 697 891 890
t 697 698 891
t 698 892 891
t 698 699 892
t 699 893 892
t 699 700 893
t 700 894 893
t 700 701 894
t 701 895 894
t 701 702 895
t 702 896 895
t 702 703 896
t 703 897 896
t 703 704 897
t 704 898 897
t 704 705 898
t 705 899 898
t 705 706 899
t 706 900 899
t 706 707 900
t 707 901 900
t 707 708 901
t 708 902 901
t 708 709 902
t 709 903 902
t 709 710 903
t 710 904 903
t 710 711 904
t 711 905 904
t 711 712 905
t 712 906 905
t 712 713 906
t 713 907 906
t 713 714 907
t 714 908 907
t 714 715 908
t 715 909 908
t 715 716 909
t 716 910 909
t 716 717 910
t 717 911 910
t 717 718 911
t 718 912 911
t 718 719 912
t 719 913 912
t 719 720 913
t 720 914 913
t 720 721 914
t 721 915 914
t 721 722 915
t 722 916 915
t 722 723 916
t 723 917 916
t 723 724 917
t 724 918 917
t 724 725 918
t 725 919 918
t 725 726 919
t 726 920 919
t 726 727 920
t 727 921 920
t 727 728 921
t 728 922 921
t 728 729 922
t 729 923 922
t 729 730 923
t 730 924 923
t 730 731 924
t 731 925 924
t 731 732 925
t 732 926 925
t 732 733 926
t 733 927 926
t 733 734 927
t 734 928 927
t 734 735 928
t 735 929 928
t 735 736 929
t 736 930 929
t 736 737 930
t 737 931 930
t 737 738 931
t 738 932 931
t 738 739 932
t 739 933 932
t 739 740 933
t 740 934 933
t 740 741 934
t 741 935 934
t 741 742 935
t 742 936 935
t 742 743 936
t 743 937 936
t 743 744 937
t 744 938 937
t 744 745 938
t 745 939 938
t 745 746 939
t 746 940 939
t 746 747 940
t 747 941 940
t 747 748 941
t 748 942 941
t 748 749 942
t 749 943 942
t 749 750 943
t 750 944 943
t 750 751 944
t 751 945 944
t 751 752 945
t 752 946 945
t 752 753 946
t 753 947 946
t 753 754 947
t 754 948 947
t 754 755 948
t 755 949 948
t 755 756 949
t 756 950 949
t 756 757 950
t 757 951 950
t 757 758 951
t 758 952 951
t 758 759 952
t 759 953 952
t 759 760 953
t 760 954 953
t 760 761 954
t 761 955 954
t 761 762 955
t 762 956 955
t 762 763 956
t 763 957 956
t 763 764 957
t 764 958 957
t 764 765 958
t 765 959 958
t 765 766 959
t 766 960 959
t 766 767 960
t 767 961 960
t 767 768 961
t 768 962 961
t 768 769 962
t 769 963 962
t 769 770 963
t 770 964 963
t 770 771 964
t 771 965 964
t 771 772 965
t 772 966 965
t 772 773 966
t 773 967 966
t 773 774 967
t 774 968 967
t 774 775 968
t 775 969 968
t 775 776 969
t 776 970 969
t 776 777 970
t 777 971 970
t 777 778 971
t 778 972 971
t 778 779 972
t 779 973 972
t 779 780 973
t 780 974 973
t 780 781 974
t 781 975 974
t 781 782 975
t 782 976 975
t 782 783 976
t 783 977 976
t 783 784 977
t 784 978 977
t 784 785 978
t 785 979 978
t 785 786 979
t 786 980 979
t 786 787 980
t 787 981 980
t 787 788 981
t 788 982 981
t 788 789 982
t 789 983 982
t 789 790 983
t 790 984 983
t 790 791 984
t 791 985 984
t 791 792 985
t 792 986 985
t 792 793 986
t 793 987 986
t 793 794 987
t 794 988 987
t 794 795 988
t 795 989 988
t 795 796 989
t 796 990 989
t 796 797 990
t 797 991 990
t 797 798 991
t 798 992 991
t 798 799 992
t 799 993 992
t 799 800 993
t 800 994 993
t 800 801 994
t 801 995 994
t 801 802 995
t 802 996 995
t 802 803 996
t 803 997 996
t 803 804 997
t 804 998 997
t 804 805 998
t 805 999 998
t 805 806 999
t 806 1000 999
t 806 807 1000
t 807 1001 1000
t 807 808 1001
t 808 1002 1001
t 808 809 1002
t 809 1003 1002
t 809 810 1003
t 810 1004 1003
t 810 811 1004
t 811 1005 1004
t 811 812 1005
t 812 1006 1005
t 812 813 1006
t 813 1007 1006
t 813 814 1007
t 814 1008 1007
t 814 815 1008
t 815 1009 1008
t 815 816 1009
t 816 1010 1009
t 816 817 1010
t 817 1011 1010
t 817 818 1011
t 818 1012 1011
t 818 819 1012
t 819 1013 1012
t 819 820 1013
t 820 1014 1013
t 820 821 1014
t 821 1015 1014
t 821 822 1015
t 822 1016 1015
t 822 823 1016
t 823 1017 1016
t 823 824 1017
t 824 1018 1017
t 824 825 1018
t 825 1019 1018
t 825 826 1019
t 826 1020 1019
t 826 827 1020
t 827 1021 1020
t 827 828 1021
t 828 1022 1021
t 828 829 1022
t 829 1023 1022
t 829 830 1023
t 830 1024 1023
t 830 831 1024
t 831 1025 1024
t 831 832 1025
t 832 1026 1025
t 832 833 1026
t 833 1027 1026
t 833 834 1027
t 834 1028 1027
t 834 835 1028
t 835 1029 1028
t 835 836 1029
t 836 1030 1029
t 836 837 1030
t 837 1031 1030
t 837 838 1031
t 838 1032 1031
t 838 839 1032
t 839 1033 1032
t 839 840 1033
t 840 1034 1033
t 840 841 1034
t 841 1035 1034
t 841 842 1035
t 842 1036 1035
t 842 843 1036
t 843 1037 1036
t 843 844 1037
t 844 1038 1037
t 844 845 1038
t 845 1039 1038
t 845 239 1039
t 239 1040 1039
t 239 1041 1040
t 239 1042 1041
t 239 1043 1042
t 239 1044 1043
t 239 254 1044
t 129 127 128
t 129 126 127
t 129 125 126
t 129 124 125
t 129 123 124
t 129 122 123
t 129 121 122
t 129 120 121
t 254 255 256
t 129 846 120
t 846 847 120
t 847 848 120
t 848 849 120
t 849 850 120
t 850 851 120
t 851 852 120
t 852 853 120
t 853 854 120
t 854 855 120
t 855 856 120
t 856 857 120
t 857 858 120
t 858 859 120
t 859 860 120
t 860 861 120
t 861 862 120
t 862 863 120
t 863 1045 120
t 863 864 1045
t 864 1046 1045
t 864 865 1046
t 865 1047 1046
t 865 866 1047
t 866 1048 1047
t 866 867 1048
t 867 1049 1048
t 867 868 1049
t 868 1050 1049
t 868 869 1050
t 869 1051 1050
t 869 870 1051
t 870 1052 1051
t 870 871 1052
t 871 1053 1052
t 871 872 1053
t 872 1054 1053
t 872 873 1054
t 873 1055 1054
t 873 874 1055
t 874 1056 1055
t 874 875 1056
t 875 1057 1056
t 875 876 1057
t 876 1058 1057
t 876 877 1058
t 877 1059 1058
t 877 878 1059
t 878 1060 1059
t 878 879 1060
t 879 1061 1060
t 879 880 1061
t 880 1062 1061
t 880 881 1062
t 881 1063 1062
t 881 882 1063
t 882 1064 1063
t 882 883 1064
t 883 1065 1064
t 883 884 1065
t 884 1066 1065
t 884 885 1066
t 885 1067 1066
t 885 886 1067
t 886 1068 1067
t 886 887 1068
t 887 1069 1068
t 887 888 1069
t 888 1070 1069
t 888 889 1070
t 889 1071 1070
t 889 890 1071
t 890 1072 1071
t 890 891 1072
t 891 1073 1072
t 891 892 1073
t 892 1074 1073
t 892 893 1074
t 893 1075 1074
t 893 894 1075
t 894 1076 1075
t 894 895 1076
t 895 1077 1076
t 895 896 1077
t 896 1078 1077
t 896 897 1078
t 897 1079 1078
t 897 898 1079
t 898 1080 1079
t 898 899 1080
t 899 1081 1080
t 899 900 1081
t 900 1082 1081
t 900 901 1082
t 901 1083 1082
t 901 902 1083
t 902 1084 1083
t 902 903 1084
t 903 1085 1084
t 903 904 1085
t 904 1086 1085
t 904 905 1086
t 905 1087 1086
t 905 906 1087
t 906 1088 1087
t 906 907 1088
t 907 1089 1088
t 907 908 1089
t 908 1090 1089
t 908 909 1090
t 909 1091 1090
t 909 910 1091
t 910 1092 1091
t 910 911 1092
t 911 1093 1092
t 911 912 1093
t 912 1094 1093
t 912 913 1094
t 913 1095 1094
t 913 914 1095
t 914 1096 1095
t 914 915 1096
t 915 1097 1096
t 915 916 1097
t 916 1098 1097
t 916 917 1098
t 917 1099 1098
t 917 918 1099
t 918 1100 1099
t 918 919 1100
t 919 1101 1100
t 919 920 1101
t 920 1102 1101
t 920 921 1102
t 921 1103 1102
t 921 922 1103
t 922 1104 1103
t 922 923 1104
t 923 1105 1104
t 923 924 1105
t 924 1106 1105
t 924 925 1106
t 925 1107 1106
t 925 926 1107
t 926 1108 1107
t 926 927 1108
t 927 1109 1108
t 927 928 1109
t 928 1110 1109
t 928 929 1110
t 929 1111 1110
t 929 930 1111
t 930 1112 1111
t 930 931 1112
t 931 1113 1112
t 931 932 1113
t 932 1114 1113
t 932 933 1114
t 933 1115 1114
t 933 934 1115
t 934 1116 1115
t 934 935 1116
t 935 1117 1116
t 935 936 1117
t 936 1118 1117
t 936 937 1118
t 937 1119 1118
t 937 938 1119
t 938 1120 1119
t 938 939 1120
t 939 1121 1120
t 939 940 1121
t 940 1122 1121
t 940 941 1122
t 941 1123 1122
t 941 942 1123
t 942 1124 1123
t 942 943 1124
t 943 1125 1124
t 943 944 1125
t 944 1126 1125
t 944 945 1126
t 945 1127 1126
t 945 946 1127
t 946 1128 1127
t 946 947 1128
t 947 1129 1128
t 947 948 1129
t 948 1130 1129
t 948 949 1130
t 949 1131 1130
t 949 950 1131
t 950 1132 1131
t 950 951 1132
t 951 1133 1132
t 951 952 1133
t 952 1134 1133
t 952 953 1134
t 953 1135 1134
t 953 954 1135
t 954 1136 1135
t 954 955 1136
t 955 1137 1136
t 955 956 1137
t 956 1138 1137
t 956 957 1138
t 957 1139 1138
t 957 958 1139
t 958 1140 1139
t 958 959 1140
t 959 1141 1140
t 959 960 1141
t 960 1142 1141
t 960 961 1142
t 961 1143 1142
t 961 962 1143
t 962 1144 1143
t 962 963 1144
t 963 1145 1144
t 963 964 1145
t 964 1146 1145
t 964 965 1146
t 965 1147 1146
t 965 966 1147
t 966 1148 1147
t 966 967 1148
t 967 1149 1148
t 967 968 1149
t 968 1150 1149
t 968 969 1150
t 969 1151 1150
t 969 970 1151
t 970 1152 1151
t 970 971 1152
t 971 1153 1152
t 971 972 1153
t 972 1154 1153
t 972 973 1154
t 973 1155 1154
t 973 974 1155
t 974 1156 1155
t 974 975 1156
t 975 1157 1156
t 975 976 1157
t 976 1158 1157
t 976 977 1158
t 977 1159 1158
t 977 978 1159
t 978 1160 1159
t 978 979 1160
t 979 1161 1160
t 979 980 1161
t 980 1162 1161
t 980 981 1162
t 981 1163 1162
t 981 982 1163
t 982 1164 1163
t 982 983 1164
t 983 1165 1164
t 983 984 1165
t 984 1166 1165
t 984 985 1166
t 985 1167 1166
t 985 986 1167
t 986 1168 1167
t 986 987 1168
t 987 1169 1168
t 987 988 1169
t 988 1170 1169
t 988 989 1170
t 989 1171 1170
t 989 990 1171
t 990 1172 1171
t 990 991 1172
t 991 1173 1172
t 991 992 1173
t 992 1174 1173
t 992 993 1174
t 993 1175 1174
t 993 994 1175
t 994 1176 1175
t 994 995 1176
t 995 1177 1176
t 995 996 1177
t 996 1178 1177
t 996 997 1178
t 997 1179 1178
t 997 998 1179
t 998 1180 1179
t 998 999 1180
t 999 1181 1180
t 999 1000 1181
t 1000 1182 1181
t 1000 1001 1182
t 1001 1183 1182
t 1001 1002 1183
t 1002 1184 1183
t 1002 1003 1184
t 1003 1185 1184
t 1003 1004 1185
t 1004 1186 1185
t 1004 1005 1186
t 1005 1187 1186
t 1005 1006 1187
t 1006 1188 1187
t 1006 1007 1188
t 1007 1189 1188
t 1007 1008 1189
t 1008 1190 1189
t 1008 1009 1190
t 1009 1191 1190
t 1009 1010 1191
t 1010 1192 1191
t 1010 1011 1192
t 1011 1193 1192
t 1011 1012 1193
t 1012 1194 1193
t 1012 1013 1194
t 1013 1195 1194
t 1013 1014 1195
t 1014 1196 1195
t 1014 1015 1196
t 1015 1197 1196
t 1015 1016 1197
t 1016 1198 1197
t 1016 1017 1198
t 1017 1199 1198
t 1017 1018 1199
t 1018 1200 1199
t 1018 1019 1200
t 1019 1201 1200
t 1019 1020 1201
t 1020 1202 1201
t 1020 1021 1202
t 1021 1203 1202
t 1021 1022 1203
t 1022 1204 1203
t 1022 1023 1204
t 1023 1205 1204
t 1023 1024 1205
t 1024 1206 1205
t 1024 1025 1206
t 1025 1207 1206
t 1025 1026 1207
t 1026 1208 1207
t 1026 1027 1208
t 1027 1209 1208
t 1027 1028 1209
t 1028 1210 1209
t 1028 1029 1210
t 1029 1211 1210
t 1029 1030 1211
t 1030 1212 1211
t 1030 1031 1212
t 1031 1213 1212
t 1031 1032 1213
t 1032 1214 1213
t 1032 1033 1214
t 1033 1215 1214
t 1033 1034 1215
t 1034 1216 1215
t 1034 1035 1216
t 1035 1217 1216
t 1035 1036 1217
t 1036 1218 1217
t 1036 1037 1218
t 1037 1219 1218
t 1037 1038 1219
t 1038 1220 1219
t 1038 1039 1220
t 1039 1221 1220
t 1039 1040 1221
t 1040 1222 1221
t 1040 1041 1222
t 1041 256 1222
t 1041 1042 256
t 1042 1043 256
t 1043 1044 256
t 1044 254 256
t 120 118 119
t 120 117 118
t 120 116 117
t 120 115 116
t 120 114 115
t 120 113 114
t 120 112 113
t 120 111 112
t 256 257 258
t 256 258 259
t 120 1045 111
t 1045 1046 111
t 1046 1047 111
t 1047 1048 111
t 1048 1049 111
t 1049 1050 111
t 1050 1051 111
t 1051 1052 111
t 1052 1053 111
t 1053 1054 111
t 1054 1055 111
t 1055 1056 111
t 1056 1057 111
t 1057 1058 111
t 1058 1059 111
t 1059 1060 111
t 1060 1061 111
t 1061 1062 111
t 1062 1063 111
t 1063 1064 111
t 1064 1065 111
t 1065 1066 111
t 1066 1067 111
t 1067 1068 111
t 1068 1223 111
t 1068 1069 1223
t 1069 1224 1223
t 1069 1070 1224
t 1070 1225 1224
t 1070 1071 1225
t 1071 1226 1225
t 1071 1072 1226
t 1072 1227 1226
t 1072 1073 1227
t 1073 1228 1227
t 1073 1074 1228
t 1074 1229 1228
t 1074 1075 1229
t 1075 1230 1229
t 1075 1076 1230
t 1076 1231 1230
t 1076 1077 1231
t 1077 1232 1231
t 1077 1078 1232
t 1078 1233 1232
t 1078 1079 1233
t 1079 1234 1233
t 1079 1080 1234
t 1080 1235 1234
t 1080 1081 1235
t 1081 1236 1235
t 1081 1082 1236
t 1082 1237 1236
t 1082 1083 1237
t 1083 1238 1237
t 1083 1084 1238
t 1084 1239 1238
t 1084 1085 1239
t 1085 1240 1239
t 1085 1086 1240
t 1086 1241 1240
t 1086 1087 1241
t 1087 1242 1241
t 1087 1088 1242
t 1088 1243 1242
t 1088 1089 1243
t 1089 1244 1243
t 1089 1090 1244
t 1090 1245 1244
t 1090 1091 1245
t 1091 1246 1245
t 1091 1092 1246
t 1092 1247 1246
t 1092 1093 1247
t 1093 1248 1247
t 1093 1094 1248
t 1094 1249 1248
t 1094 1095 1249
t 1095 1250 1249
t 1095 1096 1250
t 1096 1251 1250
t 1096 1097 1251
t 1097 1252 1251
t 1097 1098 1252
t 1098 1253 1252
t 1098 1099 1253
t 1099 1254 1253
t 1099 1100 1254
t 1100 1255 1254
t 1100 1101 1255
t 1101 1256 1255
t 1101 1102 1256
t 1102 1257 1256
t 1102 1103 1257
t 1103 1258 1257
t 1103 1104 1258
t 1104 1259 1258
t 1104 1105 1259
t 1105 1260 1259
t 1105 1106 1260
t 1106 1261 1260
t 1106 1107 1261
t 1107 1262 1261
t 1107 1108 1262
t 1108 1263 1262
t 1108 1109 1263
t 1109 1264 1263
t 1109 1110 1264
t 1110 1265 1264
t 1110 1111 1265
t 1111 1266 1265
t 1111 1112 1266
t 1112 1267 1266
t 1112 1113 1267
t 1113 1268 1267
t 1113 1114 1268
t 1114 1269 1268
t 1114 1115 1269
t 1115 1270 1269
t 1115 1116 1270
t 1116 1271 1270
t 1116 1117 1271
t 1117 1272 1271
t 1117 1118 1272
t 1118 1273 1272
t 1118 1119 1273
t 1119 1274 1273
t 1119 1120 1274
t 1120 1275 1274
t 1120 1121 1275
t 1121 1276 1275
t 1121 1122 1276
t 1122 1277 1276
t 1122 1123 1277
t 1123 1278 1277
t 1123 1124 1278
t 1124 1279 1278
t 1124 1125 1279
t 1125 1280 1279
t 1125 1126 1280
t 1126 1281 1280
t 1126 1127 1281
t 1127 1282 1281
t 1127 1128 1282
t 1128 1283 1282
t 1128 1129 1283
t 1129 1284 1283
t 1129 1130 1284
t 1130 1285 1284
t 1130 1131 1285
t 1131 1286 1285
t 1131 1132 1286
t 1132 1287 1286
t 1132 1133 1287
t 1133 1288 1287
t 1133 1134 1288
t 1134 1289 1288
t 1134 1135 1289
t 1135 1290 1289
t 1135 1136 1290
t 1136 1291 1290
t 1136 1137 1291
t 1137 1292 1291
t 1137 1138 1292
t 1138 1293 1292
t 1138 1139 1293
t 1139 1294 1293
t 1139 1140 1294
t 1140 1295 1294
t 1140 1141 1295
t 1141 1296 1295
t 1141 1142 1296
t 1142 1297 1296
t 1142 1143 1297
t 1143 1298 1297
t 1143 1144 1298
t 1144 1299 1298
t 1144 1145 1299
t 1145 1300 1299
t 1145 1146 1300
t 1146 1301 1300
t 1146 1147 1301
t 1147 1302 1301
t 1147 1148 1302
t 1148 1303 1302
t 1148 1149 1303
t 1149 1304 1303
t 1149 1150 1304
t 1150 1305 1304
t 1150 1151 1305
t 1151 1306 1305
t 1151 1152 1306
t 1152 1307 1306
t 1152 1153 1307
t 1153 1308 1307
t 1153 1154 1308
t 1154 1309 1308
t 1154 1155 1309
t 1155 1310 1309
t 1155 1156 1310
t 1156 1311 1310
t 1156 1157 1311
t 1157 1312 1311
t 1157 1158 1312
t 1158 1313 1312
t 1158 1159 1313
t 1159 1314 1313
t 1159 1160 1314
t 1160 1315 1314
t 1160 1161 1315
t 1161 1316 1315
t 1161 1162 1316
t 1162 1317 1316
t 1162 1163 1317
t 1163 1318 1317
t 1163 1164 1318
t 1164 1319 1318
t 1164 1165 1319
t 1165 1320 1319
t 1165 1166 1320
t 1166 1321 1320
t 1166 1167 1321
t 1167 1322 1321
t 1167 1168 1322
t 1168 1323 1322
t 1168 1169 1323
t 1169 1324 1323
t 1169 1170 1324
t 1170 1325 1324
t 1170 1171 1325
t 1171 1326 1325
t 1171 1172 1326
t 1172 1327 1326
t 1172 1173 1327
t 1173 1328 1327
t 1173 1174 1328
t 1174 1329 1328
t 1174 1175 1329
t 1175 1330 1329
t 1175 1176 1330
t 1176 1331 1330
t 1176 1177 1331
t 1177 1332 1331
t 1177 1178 1332
t 1178 1333 1332
t 1178 1179 1333
t 1179 1334 1333
t 1179 1180 1334
t 1180 1335 1334
t 1180 1181 1335
t 1181 1336 1335
t 1181 1182 1336
t 1182 1337 1336
t 1182 1183 1337
t 1183 1338 1337
t 1183 1184 1338
t 1184 1339 1338
t 1184 1185 1339
t 1185 1340 1339
t 1185 1186 1340
t 1186 1341 1340
t 1186 1187 1341
t 1187 1342 1341
t 1187 1188 1342
t 1188 1343 1342
t 1188 1189 1343
t 1189 1344 1343
t 1189 1190 1344
t 1190 1345 1344
t 1190 1191 1345
t 1191 1346 1345
t 1191 1192 1346
t 1192 1347 1346
t 1192 1193 1347
t 1193 1348 1347
t 1193 1194 1348
t 1194 1349 1348
t 1194 1195 1349
t 1195 1350 1349
t 1195 1196 1350
t 1196 1351 1350
t 1196 1197 1351
t 1197 1352 1351
t 1197 1198 1352
t 1198 1353 1352
t 1198 1199 1353
t 1199 1354 1353
t 1199 1200 1354
t 1200 1355 1354
t 1200 1201 1355
t 1201 1356 1355
t 1201 1202 1356
t 1202 1357 1356
t 1202 1203 1357
t 1203 1358 1357
t 1203 1204 1358
t 1204 1359 1358
t 1204 1205 1359
t 1205 1360 1359
t 1205 1206 1360
t 1206 1361 1360
t 1206 1207 1361
t 1207 1362 1361
t 1207 1208 1362
t 1208 1363 1362
t 1208 1209 1363
t 1209 1364 1363
t 1209 1210 1364
t 1210 1365 1364
t 1210 1211 1365
t 1211 1366 1365
t 1211 1212 1366
t 1212 1367 1366
t 1212 1213 1367
t 1213 1368 1367
t 1213 1214 1368
t 1214 1369 1368
t 1214 1215 1369
t 1215 1370 1369
t 1215 1216 1370
t 1216 1371 1370
t 1216 1217 1371
t 1217 1372 1371
t 1217 1218 1372
t 1218 1373 1372
t 1218 1219 1373
t 1219 259 1373
t 1219 1220 259
t 1220 1221 259
t 1221 1222 259
t 1222 256 259
t 111 109 110
t 111 108 109
t 111 107 108
t 111 106 107
t 111 105 106
t 111 104 105
t 111 103 104
t 111 102 103
t 111 101 102
t 111 100 101
t 111 99 100
t 111 98 99
t 111 97 98
t 111 96 97
t 111 95 96
t 111 94 95
t 111 93 94
t 111 92 93
t 259 260 261
t 259 261 262
t 259 262 263
t 259 263 264
t 111 1223 92
t 1223 1224 92
t 1224 1225 92
t 1225 1226 92
t 1226 1227 92
t 1227 1228 92
t 1228 1374 92
t 1228 1229 1374
t 1229 1375 1374
t 1229 1230 1375
t 1230 1376 1375
t 1230 1231 1376
t 1231 1377 1376
t 1231 1232 1377
t 1232 1378 1377
t 1232 1233 1378
t 1233 1379 1378
t 1233 1234 1379
t 1234 1380 1379
t 1234 1235 1380
t 1235 1381 1380
t 1235 1236 1381
t 1236 1382 1381
t 1236 1237 1382
t 1237 1383 1382
t 1237 1238 1383
t 1238 1384 1383
t 1238 1239 1384
t 1239 1385 1384
t 1239 1240 1385
t 1240 1386 1385
t 1240 1241 1386
t 1241 1387 1386
t 1241 1242 1387
t 1242 1388 1387
t 1242 1243 1388
t 1243 1389 1388
t 1243 1244 1389
t 1244 1390 1389
t 1244 1245 1390
t 1245 1391 1390
t 1245 1246 1391
t 1246 1392 1391
t 1246 1247 1392
t 1247 1393 1392
t 1247 1248 1393
t 1248 1394 1393
t 1248 1249 1394
t 1249 1395 1394
t 1249 1250 1395
t 1250 1396 1395
t 1250 1251 1396
t 1251 1397 1396
t 1251 1252 1397
t 1252 1398 1397
t 1252 1253 1398
t 1253 1399 1398
t 1253 1254 1399
t 1254 1400 1399
t 1254 1255 1400
t 1255 1401 1400
t 1255 1256 1401
t 1256 1402 1401
t 1256 1257 1402
t 1257 1403 1402
t 1257 1258 1403
t 1258 1404 1403
t 1258 1259 1404
t 1259 1405 1404
t 1259 1260 1405
t 1260 1406 1405
t 1260 1261 1406
t 1261 1407 1406
t 1261 1262 1407
t 1262 1408 1407
t 1262 1263 1408
t 1263 1409 1408
t 1263 1264 1409
t 1264 1410 1409
t 1264 1265 1410
t 1265 1411 1410
t 1265 1266 1411
t 1266 1412 1411
t 1266 1267 1412
t 1267 1413 1412
t 1267 1268 1413
t 1268 1414 1413
t 1268 1269 1414
t 1269 1415 1414
t 1269 1270 1415
t 1270 1416 1415
t 1270 1271 1416
t 1271 1417 1416
t 1271 1272 1417
t 1272 1418 1417
t 1272 1273 1418
t 1273 1419 1418
t 1273 1274 1419
t 1274 1420 1419
t 1274 1275 1420
t 1275 1421 1420
t 1275 1276 1421
t 1276 1422 1421
t 1276 1277 1422
t 1277 1423 1422
t 1277 1278 1423
t 1278 1424 1423
t 1278 1279 1424
t 1279 1425 1424
t 1279 1280 1425
t 1280 1426 1425
t 1280 1281 1426
t 1281 1427 1426
t 1281 1282 1427
t 1282 1428 1427
t 1282 1283 1428
t 1283 1429 1428
t 1283 1284 1429
t 1284 1430 1429
t 1284 1285 1430
t 1285 1431 1430
t 1285 1286 1431
t 1286 1432 1431
t 1286 1287 1432
t 1287 1433 1432
t 1287 1288 1433
t 1288 1434 1433
t 1288 1289 1434
t 1289 1435 1434
t 1289 1290 1435
t 1290 1436 1435
t 1290 1291 1436
t 1291 1437 1436
t 1291 1292 1437
t 1292 1438 1437
t 1292 1293 1438
t 1293 1439 1438
t 1293 1294 1439
t 1294 1440 1439
t 1294 1295 1440
t 1295 1441 1440
t 1295 1296 1441
t 1296 1442 1441
t 1296 1297 1442
t 1297 1443 1442
t 1297 1298 1443
t 1298 1444 1443
t 1298 1299 1444
t 1299 1445 1444
t 1299 1300 1445
t 1300 1446 1445
t 1300 1301 1446
t 1301 1447 1446
t 1301 1302 1447
t 1302 1448 1447
t 1302 1303 1448
t 1303 1449 1448
t 1303 1304 1449
t 1304 1450 1449
t 1304 1305 1450
t 1305 1451 1450
t 1305 1306 1451
t 1306 1452 1451
t 1306 1307 1452
t 1307 1453 1452
t 1307 1308 1453
t 1308 1454 1453
t 1308 1309 1454
t 1309 1455 1454
t 1309 1310 1455
t 1310 1456 1455
t 1310 1311 1456
t 1311 1457 1456
t 1311 1312 1457
t 1312 1458 1457
t 1312 1313 1458
t 1313 1459 1458
t 1313 1314 1459
t 1314 1460 1459
t 1314 1315 1460
t 1315 1461 1460
t 1315 1316 1461
t 1316 1462 1461
t 1316 1317 1462
t 1317 1463 1462
t 1317 1318 1463
t 1318 1464 1463
t 1318 1319 1464
t 1319 1465 1464
t 1319 1320 1465
t 1320 1466 1465
t 1320 1321 1466
t 1321 1467 1466
t 1321 1322 1467
t 1322 1468 1467
t 1322 1323 1468
t 1323 1469 1468
t 1323 1324 1469
t 1324 1470 1469
t 1324 1325 1470
t 1325 1471 1470
t 1325 1326 1471
t 1326 1472 1471
t 1326 1327 1472
t 1327 1473 1472
t 1327 1328 1473
t 1328 1474 1473
t 1328 1329 1474
t 1329 1475 1474
t 1329 1330 1475
t 1330 1476 1475
t 1330 1331 1476
t 1331 1477 1476
t 1331 1332 1477
t 1332 1478 1477
t 1332 1333 1478
t 1333 1479 1478
t 1333 1334 1479
t 1334 1480 1479
t 1334 1335 1480
t 1335 1481 1480
t 1335 1336 1481
t 1336 1482 1481
t 1336 1337 1482
t 1337 1483 1482
t 1337 1338 1483
t 1338 1484 1483
t 1338 1339 1484
t 1339 1485 1484
t 1339 1340 1485
t 1340 1486 1485
t 1340 1341 1486
t 1341 1487 1486
t 1341 1342 1487
t 1342 1488 1487
t 1342 1343 1488
t 1343 1489 1488
t 1343 1344 1489
t 1344 1490 1489
t 1344 1345 1490
t 1345 1491 1490
t 1345 1346 1491
t 1346 1492 1491
t 1346 1347 1492
t 1347 1493 1492
t 1347 1348 1493
t 1348 1494 1493
t 1348 1349 1494
t 1349 1495 1494
t 1349 1350 1495
t 1350 1496 1495
t 1350 1351 1496
t 1351 1497 1496
t 1351 1352 1497
t 1352 1498 1497
t 1352 1353 1498
t 1353 1499 1498
t 1353 1354 1499
t 1354 1500 1499
t 1354 1355 1500
t 1355 1501 1500
t 1355 1356 1501
t 1356 1502 1501
t 1356 1357 1502
t 1357 1503 1502
t 1357 1358 1503
t 1358 1504 1503
t 1358 1359 1504
t 1359 1505 1504
t 1359 1360 1505
t 1360 1506 1505
t 1360 1361 1506
t 1361 1507 1506
t 1361 1362 1507
t 1362 1508 1507
t 1362 1363 1508
t 1363 1509 1508
t 1363 1364 1509
t 1364 264 1509
t 1364 1365 264
t 1365 1366 264
t 1366 1367 264
t 1367 1368 264
t 1368 1369 264
t 1369 1370 264
t 1370 1371 264
t 1371 1372 264
t 1372 1373 264
t 1373 259 264
t 92 90 91
t 92 89 90
t 92 88 89
t 92 87 88
t 92 86 87
t 92 85 86
t 92 84 85
t 92 83 84
t 92 82 83
t 92 81 82
t 92 80 81
t 92 79 80
t 92 78 79
t 92 77 78
t 92 76 77
t 92 75 76
t 92 74 75
t 92 73 74
t 92 72 73
t 92 71 72
t 92 70 71
t 92 69 70
t 92 68 69
t 92 67 68
t 92 66 67
t 92 65 66
t 92 64 65
t 92 63 64
t 92 62 63
t 92 61 62
t 92 60 61
t 92 59 60
t 92 58 59
t 92 57 58
t 92 56 57
t 92 55 56
t 92 54 55
t 264 265 266
t 264 266 267
t 264 267 268
t 264 268 269
t 264 269 270
t 264 270 271
t 264 271 272
t 264 272 273
t 264 273 274
t 92 1374 54
t 1374 1375 54
t 1375 1376 54
t 1376 1377 54
t 1377 1378 54
t 1378 1379 54
t 1379 1380 54
t 1380 1381 54
t 1381 1382 54
t 1382 1383 54
t 1383 53 54
t 1383 1384 53
t 1384 1385 53
t 1385 52 53
t 1385 1386 52
t 1386 1387 52
t 1387 51 52
t 1387 1388 51
t 1388 1389 51
t 1389 50 51
t 1389 1390 50
t 1390 1391 50
t 1391 49 50
t 1391 1392 49
t 1392 1393 49
t 1393 48 49
t 1393 1394 48
t 1394 1395 48
t 1395 47 48
t 1395 1396 47
t 1396 1397 47
t 1397 46 47
t 1397 1398 46
t 1398 1399 46
t 1399 45 46
t 1399 1400 45
t 1400 1401 45
t 1401 44 45
t 1401 1402 44
t 1402 1403 44
t 1403 43 44
t 1403 1404 43
t 1404 1405 43
t 1405 42 43
t 1405 1406 42
t 1406 1407 42
t 1407 41 42
t 1407 1408 41
t 1408 1409 41
t 1409 40 41
t 1409 1410 40
t 1410 1411 40
t 1411 39 40
t 1411 1412 39
t 1412 1413 39
t 1413 38 39
t 1413 1414 38
t 1414 1415 38
t 1415 37 38
t 1415 1416 37
t 1416 1417 37
t 1417 36 37
t 1417 1418 36
t 1418 1419 36
t 1419 35 36
t 1419 1420 35
t 1420 1421 35
t 1421 34 35
t 1421 1422 34
t 1422 1423 34
t 1423 33 34
t 1423 1424 33
t 1424 1425 33
t 1425 32 33
t 1425 1426 32
t 1426 1427 32
t 1427 31 32
t 1427 1428 31
t 1428 1429 31
t 1429 30 31
t 1429 1430 30
t 1430 1431 30
t 1431 29 30
t 1431 1432 29
t 1432 1433 29
t 1433 28 29
t 1433 1434 28
t 1434 1435 28
t 1435 27 28
t 1435 1436 27
t 1436 1437 27
t 1437 26 27
t 1437 1438 26
t 1438 1439 26
t 1439 25 26
t 1439 1440 25
t 1440 1441 25
t 1441 24 25
t 1441 1442 24
t 1442 1443 24
t 1443 23 24
t 1443 1444 23
t 1444 1445 23
t 1445 22 23
t 1445 1446 22
t 1446 1447 22
t 1447 21 22
t 1447 1448 21
t 1448 1449 21
t 1449 20 21
t 1449 1450 20
t 1450 1451 20
t 1451 19 20
t 1451 1452 19
t 1452 1453 19
t 1453 18 19
t 1453 1454 18
t 1454 1455 18
t 1455 17 18
t 1455 1456 17
t 1456 1457 17
t 1457 16 17
t 1457 1458 16
t 1458 1459 16
t 1459 15 16
t 1459 1460 15
t 1460 1461 15
t 1461 14 15
t 1461 1462 14
t 1462 1463 14
t 1463 13 14
t 1463 1464 13
t 1464 1465 13
t 1465 12 13
t 1465 1466 12
t 1466 1467 12
t 1467 11 12
t 1467 1468 11
t 1468 1469 11
t 1469 10 11
t 1469 1470 10
t 1470 1471 10
t 1471 9 10
t 1471 1472 9
t 1472 1473 9
t 1473 8 9
t 1473 1474 8
t 1474 1475 8
t 1475 7 8
t 1475 1476 7
t 1476 1477 7
t 1477 6 7
t 1477 1478 6
t 1478 1479 6
t 1479 5 6
t 1479 1480 5
t 1480 1481 5
t 1481 4 5
t 1481 1482 4
t 1482 1483 4
t 1483 3 4
t 1483 1484 3
t 1484 1485 3
t 1485 2 3
t 1485 1486 2
t 1486 1487 2
t 1487 1 2
t 1487 1488 1
t 1488 1489 1
t 1489 0 1
t 1489 1490 0
t 1490 1491 0
t 1491 1492 0
t 1492 1493 0
t 1493 1494 0
t 1494 274 0
t 1494 1495 274
t 1495 1496 274
t 1496 1497 274
t 1497 1498 274
t 1498 1499 274
t 1499 1500 274
t 1500 1501 274
t 1501 1502 274
t 1502 1503 274
t 1503 1504 274
t 1504 1505 274
t 1505 1506 274
t 1506 1507 274
t 1507 1508 274
t 1508 1509 274
t 1509 264 274
