type=Cylinder forward=true n_boundary=200 n_holes=0 n_interior=31 n_tris=198 label=brep47598_f195_Cylinder
boundary
b 2.160206126 0.160451603
b 2.154399231 0.164978472
b 2.148579581 0.169489918
b 2.142746673 0.173986061
b 2.136900000 0.178467020
b 2.131039047 0.182932918
b 2.125163293 0.187383873
b 2.119272214 0.191820006
b 2.113365276 0.196241438
b 2.107441942 0.200648289
b 2.101501669 0.205040678
b 2.095543909 0.209418728
b 2.089568108 0.213782556
b 2.083573708 0.218132285
b 2.077560146 0.222468034
b 2.071526853 0.226789924
b 2.065473256 0.231098074
b 2.059398780 0.235392606
b 2.053302843 0.239673640
b 2.047184950 0.243941241
b 2.041045672 0.248194844
b 2.034886263 0.252433476
b 2.028707994 0.256656157
b 2.022512134 0.260861908
b 2.016299954 0.265049748
b 2.010072724 0.269218698
b 2.003831713 0.273367779
b 1.997578190 0.277496009
b 1.991313422 0.281602411
b 1.985038673 0.285686003
b 1.978755206 0.289745806
b 1.972464278 0.293780840
b 1.966167145 0.297790125
b 1.959865056 0.301772683
b 1.953559257 0.305727532
b 1.947250988 0.309653693
b 1.940941482 0.313550187
b 1.934631957 0.317416040
b 1.928323006 0.321250739
b 1.922014263 0.325054474
b 1.915705280 0.328827500
b 1.909395609 0.332570069
b 1.903084800 0.336282435
b 1.896772407 0.339964850
b 1.890457980 0.343617569
b 1.884141072 0.347240845
b 1.877821237 0.350834930
b 1.871498029 0.354400078
b 1.865171001 0.357936542
b 1.858839710 0.361444575
b 1.852503712 0.364924431
b 1.846162565 0.368376363
b 1.839815829 0.371800624
b 1.833463065 0.375197467
b 1.827103835 0.378567145
b 1.820737704 0.381909913
b 1.817500533 0.375153039
b 1.814262475 0.368388817
b 1.811023461 0.361617164
b 1.807783422 0.354837997
b 1.804542289 0.348051235
b 1.801299994 0.341256794
b 1.798056467 0.334454593
b 1.794811639 0.327644547
b 1.791565439 0.320826575
b 1.788317799 0.314000594
b 1.785068649 0.307166521
b 1.781817918 0.300324274
b 1.778565537 0.293473770
b 1.775311435 0.286614927
b 1.772055542 0.279747662
b 1.768797787 0.272871892
b 1.765538101 0.265987534
b 1.762276411 0.259094507
b 1.759012657 0.252192746
b 1.755746882 0.245282412
b 1.752479194 0.238363808
b 1.749209706 0.231437241
b 1.745938528 0.224503017
b 1.742665772 0.217561443
b 1.739391548 0.210612824
b 1.736115969 0.203657467
b 1.732839144 0.196695678
b 1.729561186 0.189727764
b 1.726282205 0.182754031
b 1.723002312 0.175774785
b 1.719721618 0.168790332
b 1.716440234 0.161800979
b 1.713158270 0.154807033
b 1.709875837 0.147808799
b 1.706593045 0.140806583
b 1.703310004 0.133800693
b 1.700026824 0.126791432
b 1.696743545 0.119778960
b 1.693460103 0.112763216
b 1.690176425 0.105744117
b 1.686892439 0.098721584
b 1.683608070 0.091695535
b 1.680323247 0.084665888
b 1.677037895 0.077632563
b 1.673751941 0.070595479
b 1.670465312 0.063554553
b 1.667177936 0.056509706
b 1.663889738 0.049460856
b 1.660600646 0.042407921
b 1.657310586 0.035350821
b 1.654019485 0.028289475
b 1.650727270 0.021223801
b 1.647433868 0.014153717
b 1.644139206 0.007079144
b 1.640843210 0.000000000
b 1.662379665 -0.000000000
b 1.683916119 -0.000000000
b 1.705452573 -0.000000000
b 1.726989028 -0.000000000
b 1.748525482 -0.000000000
b 1.770061937 0.000000000
b 1.791598391 -0.000000000
b 1.813134845 -0.000000000
b 1.834671300 -0.000000000
b 1.856207754 -0.000000000
b 1.877744208 -0.000000000
b 1.899280663 -0.000000000
b 1.920817117 -0.000000000
b 1.942353572 -0.000000000
b 1.963890026 -0.000000000
b 1.985426480 -0.000000000
b 2.006962935 -0.000000000
b 2.028499389 -0.000000000
b 2.050035844 -0.000000000
b 2.071572298 -0.000000000
b 2.093108752 -0.000000000
b 2.114645207 -0.000000000
b 2.136181661 -0.000000000
b 2.157718116 -0.000000000
b 2.179254570 -0.000000000
b 2.200791024 -0.000000000
b 2.222327479 -0.000000000
b 2.243863933 -0.000000000
b 2.265400388 -0.000000000
b 2.286936842 -0.000000000
b 2.308473296 -0.000000000
b 2.330009751 -0.000000000
b 2.351546205 -0.000000000
b 2.373082660 -0.000000000
b 2.394619114 0.000000007
b 2.389599159 0.002957161
b 2.384609613 0.005917169
b 2.379650385 0.008879708
b 2.374721386 0.011844459
b 2.369822535 0.014811101
b 2.364953752 0.017779315
b 2.360114962 0.020748779
b 2.355306095 0.023719173
b 2.350527084 0.026690176
b 2.345777866 0.029661470
b 2.341058384 0.032632732
b 2.336368584 0.035603642
b 2.331708415 0.038573881
b 2.327077833 0.041543127
b 2.322476796 0.044511061
b 2.317905267 0.047477361
b 2.313363213 0.050441708
b 2.308850604 0.053403781
b 2.304367401 0.056363272
b 2.299913384 0.059320022
b 2.295488215 0.062273965
b 2.291091560 0.065225039
b 2.286723086 0.068173179
b 2.282382461 0.071118322
b 2.278069358 0.074060407
b 2.273783452 0.076999368
b 2.269524419 0.079935143
b 2.265291941 0.082867668
b 2.261085700 0.085796881
b 2.256905382 0.088722717
b 2.252750677 0.091645114
b 2.248621275 0.094564009
b 2.244516871 0.097479338
b 2.240437165 0.100391038
b 2.236381856 0.103299045
b 2.232350649 0.106203296
b 2.228343253 0.109103728
b 2.224359468 0.112000228
b 2.220399233 0.114892606
b 2.216462503 0.117780670
b 2.212549233 0.120664225
b 2.208659379 0.123543076
b 2.204792901 0.126417028
b 2.200949760 0.129285888
b 2.197129918 0.132149461
b 2.193333340 0.135007551
b 2.189559992 0.137859966
b 2.185809844 0.140706510
b 2.182082865 0.143546989
b 2.178379027 0.146381208
b 2.174698306 0.149208973
b 2.171040676 0.152030089
b 2.167406116 0.154844363
b 2.163794605 0.157651599
interior
i 1.703657869 0.063651652
i 1.766472527 0.063651652
i 1.829287186 0.063651652
i 1.892101845 0.063651652
i 1.954916503 0.063651652
i 2.017731162 0.063651652
i 2.080545821 0.063651652
i 2.143360479 0.063651652
i 2.206175138 0.063651652
i 2.268989797 0.063651652
i 1.703657869 0.127303304
i 1.766472527 0.127303304
i 1.829287186 0.127303304
i 1.892101845 0.127303304
i 1.954916503 0.127303304
i 2.017731162 0.127303304
i 2.080545821 0.127303304
i 2.143360479 0.127303304
i 1.766472527 0.190954957
i 1.829287186 0.190954957
i 1.892101845 0.190954957
i 1.954916503 0.190954957
i 2.017731162 0.190954957
i 2.080545821 0.190954957
i 1.766472527 0.254606609
i 1.829287186 0.254606609
i 1.892101845 0.254606609
i 1.954916503 0.254606609
i 2.017731162 0.254606609
i 1.829287186 0.318258261
i 1.892101845 0.318258261
tris
t 110 108 109
t 110 107 108
t 110 106 107
t 110 105 106
t 110 104 105
t 110 111 104
t 111 103 104
t 111 102 103
t 111 101 102
t 111 100 101
t 111 99 100
t 111 98 99
t 111 97 98
t 111 112 97
t 112 96 97
t 112 95 96
t 112 94 95
t 112 93 94
t 112 92 93
t 112 91 92
t 112 113 91
t 113 90 91
t 113 89 90
t 113 88 89
t 113 87 88
t 113 86 87
t 113 85 86
t 113 84 85
t 113 114 84
t 114 83 84
t 114 82 83
t 114 81 82
t 114 80 81
t 114 79 80
t 114 78 79
t 114 115 78
t 115 77 78
t 115 76 77
t 115 75 76
t 115 74 75
t 115 73 74
t 115 72 73
t 115 71 72
t 115 116 71
t 116 70 71
t 116 69 70
t 116 68 69
t 116 67 68
t 116 66 67
t 116 65 66
t 116 64 65
t 116 117 64
t 117 63 64
t 117 62 63
t 117 61 62
t 117 60 61
t 117 59 60
t 117 58 59
t 117 118 58
t 118 57 58
t 118 56 57
t 118 55 56
t 118 54 55
t 118 53 54
t 118 119 53
t 119 52 53
t 119 51 52
t 119 50 51
t 119 120 50
t 120 49 50
t 120 48 49
t 120 47 48
t 120 121 47
t 121 46 47
t 121 45 46
t 121 44 45
t 121 43 44
t 121 122 43
t 122 42 43
t 122 41 42
t 122 40 41
t 122 123 40
t 123 39 40
t 123 38 39
t 123 37 38
t 123 36 37
t 123 124 36
t 124 35 36
t 124 34 35
t 124 33 34
t 124 125 33
t 125 32 33
t 125 31 32
t 125 30 31
t 125 29 30
t 125 126 29
t 126 28 29
t 126 27 28
t 126 26 27
t 126 127 26
t 127 25 26
t 127 24 25
t 127 23 24
t 127 128 23
t 128 22 23
t 128 21 22
t 128 20 21
t 128 19 20
t 128 129 19
t 129 18 19
t 129 17 18
t 129 16 17
t 129 15 16
t 129 130 15
t 130 14 15
t 130 13 14
t 130 12 13
t 130 131 12
t 131 11 12
t 131 10 11
t 131 9 10
t 131 8 9
t 131 132 8
t 132 7 8
t 132 6 7
t 132 5 6
t 132 133 5
t 133 4 5
t 133 3 4
t 133 2 3
t 133 1 2
t 133 134 1
t 134 0 1
t 134 199 0
t 134 198 199
t 134 197 198
t 134 196 197
t 134 195 196
t 134 135 195
t 135 194 195
t 135 193 194
t 135 192 193
t 135 191 192
t 135 190 191
t 135 136 190
t 136 189 190
t 136 188 189
t 136 187 188
t 136 186 187
t 136 185 186
t 136 184 185
t 136 137 184
t 137 183 184
t 137 182 183
t 137 181 182
t 137 180 181
t 137 179 180
t 137 138 179
t 138 178 179
t 138 177 178
t 138 176 177
t 138 175 176
t 138 174 175
t 138 173 174
t 138 139 173
t 139 172 173
t 139 171 172
t 139 170 171
t 139 169 170
t 139 168 169
t 139 140 168
t 140 167 168
t 140 166 167
t 140 165 166
t 140 164 165
t 140 141 164
t 141 163 164
t 141 162 163
t 141 161 162
t 141 160 161
t 141 159 160
t 141 142 159
t 142 158 159
t 142 157 158
t 142 156 157
t 142 155 156
t 142 154 155
t 142 143 154
t 143 153 154
t 143 152 153
t 143 151 152
t 143 150 151
t 143 144 150
t 144 149 150
t 144 148 149
t 144 147 148
t 144 146 147
t 144 145 146
