type=Nurbs forward=true n_boundary=58 n_holes=0 n_interior=49 n_tris=104 label=brep47598_f27_Nurbs(deg=3/3, cps=6x12)
boundary
b 0.000000000 0.000000000
b 1.000003580 -0.000000000
b 0.999999999 1.000000000
b 0.000000000 1.000000000
b -0.000000313 0.981818224
b -0.000001160 0.963636640
b -0.000002148 0.945455098
b -0.000002827 0.927273477
b -0.000002691 0.909091684
b -0.000001642 0.890909767
b -0.000000549 0.872727991
b -0.000000515 0.854546596
b -0.000001727 0.836365294
b -0.000001898 0.818182793
b -0.000000549 0.799999162
b 0.000001720 0.781815076
b 0.000004173 0.763631190
b 0.000005937 0.745448138
b 0.000006010 0.727266533
b 0.000003271 0.709086947
b -0.000002269 0.690908932
b -0.000008222 0.672730292
b -0.000011739 0.654548881
b -0.000011921 0.636364707
b -0.000009419 0.618179156
b -0.000005131 0.599993642
b -0.000000169 0.581809580
b 0.000004159 0.563628341
b 0.000006921 0.545449899
b 0.000007911 0.527272515
b 0.000007160 0.509094290
b 0.000004919 0.490913340
b 0.000002009 0.472729425
b -0.000000375 0.454544047
b -0.000001145 0.436358872
b 0.000000587 0.418175578
b 0.000004368 0.399994534
b 0.000008717 0.381814925
b 0.000012161 0.363635828
b 0.000013267 0.345456242
b 0.000010680 0.327275104
b 0.000004822 0.309092138
b -0.000001173 0.290908436
b -0.000004233 0.272725243
b -0.000004010 0.254542943
b -0.000001707 0.236361363
b 0.000001447 0.218180279
b 0.000004215 0.199999423
b 0.000005363 0.181818488
b 0.000003660 0.163637121
b -0.000000609 0.145455181
b -0.000003968 0.127273100
b -0.000005573 0.109091058
b -0.000005802 0.090909074
b -0.000005043 0.072727159
b -0.000003689 0.054545311
b -0.000002133 0.036363518
b -0.000000772 0.018181759
interior
i 0.124990017 0.125000000
i 0.124990017 0.250000000
i 0.249991954 0.125000000
i 0.374993892 0.125000000
i 0.499995830 0.125000000
i 0.624997767 0.125000000
i 0.749999705 0.125000000
i 0.875001642 0.125000000
i 0.875001642 0.250000000
i 0.875001642 0.375000000
i 0.749999705 0.250000000
i 0.624997767 0.250000000
i 0.499995830 0.250000000
i 0.374993892 0.250000000
i 0.499995830 0.375000000
i 0.624997767 0.375000000
i 0.749999705 0.375000000
i 0.875001642 0.500000000
i 0.749999705 0.500000000
i 0.875001642 0.625000000
i 0.875001642 0.750000000
i 0.875001642 0.875000000
i 0.749999705 0.875000000
i 0.749999705 0.750000000
i 0.749999705 0.625000000
i 0.624997767 0.500000000
i 0.624997767 0.625000000
i 0.499995830 0.500000000
i 0.374993892 0.375000000
i 0.374993892 0.500000000
i 0.499995830 0.625000000
i 0.624997767 0.750000000
i 0.624997767 0.875000000
i 0.499995830 0.875000000
i 0.499995830 0.750000000
i 0.374993892 0.875000000
i 0.249991954 0.875000000
i 0.124990017 0.875000000
i 0.124990017 0.750000000
i 0.249991954 0.750000000
i 0.374993892 0.750000000
i 0.374993892 0.625000000
i 0.249991954 0.625000000
i 0.124990017 0.625000000
i 0.249991954 0.500000000
i 0.124990017 0.500000000
i 0.249991954 0.375000000
i 0.124990017 0.375000000
i 0.249991954 0.250000000
tris
t 2 3 4
t 5 6 7
t 7 8 9
t 11 12 13
t 13 14 15
t 20 21 22
t 22 23 24
t 24 25 26
t 31 32 33
t 33 34 35
t 35 36 37
t 41 42 43
t 43 44 45
t 49 50 51
t 51 52 53
t 53 54 55
t 56 57 58
t 59 60 61
t 64 65 66
t 66 67 68
t 73 74 75
t 76 77 78
t 78 79 80
t 83 84 85
t 88 89 90
t 90 91 92
t 92 93 94
t 94 95 96
t 100 101 102
t 102 103 104
t 104 105 106
t 2 4 5
t 5 7 9
t 11 13 15
t 19 20 22
t 22 24 26
t 31 33 35
t 40 41 43
t 43 45 46
t 49 51 53
t 53 55 56
t 56 58 59
t 59 61 62
t 63 64 66
t 72 73 75
t 78 80 81
t 83 85 86
t 87 88 90
t 94 96 97
t 99 100 102
t 106 0 1
t 2 5 9
t 10 11 15
t 19 22 26
t 30 31 35
t 40 43 46
t 49 53 56
t 59 62 63
t 63 66 68
t 72 75 76
t 78 81 82
t 87 90 92
t 94 97 98
t 99 102 104
t 2 9 10
t 10 15 16
t 18 19 26
t 30 35 37
t 39 40 46
t 48 49 56
t 63 68 69
t 76 78 82
t 92 94 98
t 99 104 106
t 2 10 16
t 18 26 27
t 29 30 37
t 39 46 47
t 48 56 59
t 63 69 70
t 76 82 83
t 92 98 99
t 2 16 17
t 18 27 28
t 29 37 38
t 39 47 48
t 63 70 71
t 72 76 83
t 87 92 99
t 2 17 18
t 18 28 29
t 29 38 39
t 39 48 59
t 59 63 71
t 87 99 106
t 1 2 18
t 18 29 39
t 39 59 71
t 71 72 86
t 72 83 86
t 86 87 106
t 106 1 18
t 18 39 71
t 71 86 106
