type=Cone forward=true n_boundary=172 n_holes=0 n_interior=94 n_tris=263 label=brep32629_f59_Cone
boundary
b 3.412245736 0.018000000
b 3.411635137 0.018000000
b 3.411024538 0.018000000
b 3.410413938 0.018000000
b 3.409803339 0.018000000
b 3.409192740 0.018000000
b 3.408582141 0.018000000
b 3.407971541 0.018000000
b 3.407360942 0.018000000
b 3.406750343 0.018000000
b 3.406139743 0.018000000
b 3.405529144 0.018000000
b 3.404918545 0.018000000
b 3.404307945 0.018000000
b 3.403697346 0.018000000
b 3.403086747 0.018000000
b 3.402476147 0.018000000
b 3.401865548 0.018000000
b 3.401254949 0.018000000
b 3.400644349 0.018000000
b 3.400033750 0.018000000
b 3.399423151 0.018000000
b 3.398812551 0.018000000
b 3.398201952 0.018000000
b 3.397591353 0.018000000
b 3.396980754 0.018000000
b 3.396370154 0.018000000
b 3.395759555 0.018000000
b 3.395148956 0.018000000
b 3.394538356 0.018000000
b 3.393927757 0.018000000
b 3.393667154 0.017320248
b 3.393404767 0.016641425
b 3.393140576 0.015963530
b 3.392874566 0.015286563
b 3.392606719 0.014610524
b 3.392337016 0.013935412
b 3.392065440 0.013261226
b 3.391791972 0.012587967
b 3.391516593 0.011915634
b 3.391239286 0.011244225
b 3.390960030 0.010573742
b 3.390678806 0.009904183
b 3.390395596 0.009235548
b 3.390110378 0.008567837
b 3.389823133 0.007901048
b 3.389533841 0.007235182
b 3.389242480 0.006570238
b 3.388949031 0.005906216
b 3.388653470 0.005243115
b 3.388355778 0.004580936
b 3.388055932 0.003919682
b 3.387753910 0.003259355
b 3.387449691 0.002599957
b 3.387143251 0.001941490
b 3.386834567 0.001283956
b 3.386523617 0.000627357
b 3.386210376 -0.000028304
b 3.385894822 -0.000683025
b 3.385576929 -0.001336805
b 3.385256675 -0.001989641
b 3.384934032 -0.002641530
b 3.384608978 -0.003292472
b 3.384281486 -0.003942463
b 3.383951531 -0.004591501
b 3.383619085 -0.005239585
b 3.383284124 -0.005886712
b 3.382946620 -0.006532880
b 3.382606546 -0.007178088
b 3.382263873 -0.007822336
b 3.381918572 -0.008465624
b 3.381570615 -0.009107953
b 3.381219971 -0.009749323
b 3.380866610 -0.010389734
b 3.380510502 -0.011029187
b 3.380151616 -0.011667681
b 3.379789920 -0.012305218
b 3.379425382 -0.012941797
b 3.379057970 -0.013577420
b 3.378687650 -0.014212085
b 3.378314390 -0.014845793
b 3.377938155 -0.015478546
b 3.377558911 -0.016110343
b 3.377176623 -0.016741184
b 3.376791255 -0.017371069
b 3.376402771 -0.018000000
b 3.378144014 -0.018000000
b 3.379885258 -0.018000000
b 3.381626501 -0.018000000
b 3.383367744 -0.018000000
b 3.385108987 -0.018000000
b 3.386850231 -0.018000000
b 3.388591474 -0.018000000
b 3.390332717 -0.018000000
b 3.392073960 -0.018000000
b 3.393815204 -0.018000000
b 3.395556447 -0.018000000
b 3.397297690 -0.018000000
b 3.399038933 -0.018000000
b 3.400780177 -0.018000000
b 3.402521420 -0.018000000
b 3.404262663 -0.018000000
b 3.406003906 -0.018000000
b 3.407745149 -0.018000000
b 3.409486393 -0.018000000
b 3.411227636 -0.018000000
b 3.412968879 -0.018000000
b 3.414710122 -0.018000000
b 3.416451366 -0.018000000
b 3.418192609 -0.018000000
b 3.419933852 -0.018000000
b 3.421675095 -0.018000000
b 3.423416339 -0.018000000
b 3.425157582 -0.018000000
b 3.426898825 -0.018000000
b 3.428640068 -0.018000000
b 3.430381312 -0.018000000
b 3.429993443 -0.017372069
b 3.429608656 -0.016743147
b 3.429226915 -0.016113233
b 3.428848186 -0.015482326
b 3.428472435 -0.014850426
b 3.428099627 -0.014217533
b 3.427729731 -0.013583648
b 3.427362712 -0.012948768
b 3.426998539 -0.012312895
b 3.426637180 -0.011676027
b 3.426278605 -0.011038165
b 3.425922781 -0.010399309
b 3.425569679 -0.009759457
b 3.425219268 -0.009118610
b 3.424871520 -0.008476768
b 3.424526405 -0.007833929
b 3.424183895 -0.007190095
b 3.423843961 -0.006545264
b 3.423506575 -0.005899436
b 3.423171711 -0.005252613
b 3.422839342 -0.004604797
b 3.422509442 -0.003955989
b 3.422181987 -0.003306192
b 3.421856949 -0.002655407
b 3.421534305 -0.002003638
b 3.421214029 -0.001350885
b 3.420896099 -0.000697151
b 3.420580488 -0.000042438
b 3.420267174 0.000613253
b 3.419956134 0.001269918
b 3.419647344 0.001927556
b 3.419340782 0.002586166
b 3.419036424 0.003245744
b 3.418734250 0.003906289
b 3.418434236 0.004567799
b 3.418136361 0.005230271
b 3.417840605 0.005893705
b 3.417546945 0.006558098
b 3.417255361 0.007223451
b 3.416965833 0.007889764
b 3.416678339 0.008557038
b 3.416392860 0.009225274
b 3.416109376 0.009894471
b 3.415827868 0.010564630
b 3.415548317 0.011235752
b 3.415270702 0.011907836
b 3.414995007 0.012580884
b 3.414721211 0.013254896
b 3.414449297 0.013929872
b 3.414179247 0.014605813
b 3.413911042 0.015282718
b 3.413644666 0.015960589
b 3.413380101 0.016639427
b 3.413117330 0.017319230
b 3.412856336 0.018000000
interior
i 3.380900983 -0.015230769
i 3.385399195 -0.015230769
i 3.389897406 -0.015230769
i 3.394395618 -0.015230769
i 3.398893830 -0.015230769
i 3.403392041 -0.015230769
i 3.407890253 -0.015230769
i 3.412388465 -0.015230769
i 3.416886676 -0.015230769
i 3.421384888 -0.015230769
i 3.425883100 -0.015230769
i 3.380900983 -0.012461538
i 3.385399195 -0.012461538
i 3.389897406 -0.012461538
i 3.394395618 -0.012461538
i 3.398893830 -0.012461538
i 3.403392041 -0.012461538
i 3.407890253 -0.012461538
i 3.412388465 -0.012461538
i 3.416886676 -0.012461538
i 3.421384888 -0.012461538
i 3.425883100 -0.012461538
i 3.385399195 -0.009692308
i 3.389897406 -0.009692308
i 3.394395618 -0.009692308
i 3.398893830 -0.009692308
i 3.403392041 -0.009692308
i 3.407890253 -0.009692308
i 3.412388465 -0.009692308
i 3.416886676 -0.009692308
i 3.421384888 -0.009692308
i 3.385399195 -0.006923077
i 3.389897406 -0.006923077
i 3.394395618 -0.006923077
i 3.398893830 -0.006923077
i 3.403392041 -0.006923077
i 3.407890253 -0.006923077
i 3.412388465 -0.006923077
i 3.416886676 -0.006923077
i 3.421384888 -0.006923077
i 3.385399195 -0.004153846
i 3.389897406 -0.004153846
i 3.394395618 -0.004153846
i 3.398893830 -0.004153846
i 3.403392041 -0.004153846
i 3.407890253 -0.004153846
i 3.412388465 -0.004153846
i 3.416886676 -0.004153846
i 3.421384888 -0.004153846
i 3.385399195 -0.001384615
i 3.389897406 -0.001384615
i 3.394395618 -0.001384615
i 3.398893830 -0.001384615
i 3.403392041 -0.001384615
i 3.407890253 -0.001384615
i 3.412388465 -0.001384615
i 3.416886676 -0.001384615
i 3.421384888 -0.001384615
i 3.389897406 0.001384615
i 3.394395618 0.001384615
i 3.398893830 0.001384615
i 3.403392041 0.001384615
i 3.407890253 0.001384615
i 3.412388465 0.001384615
i 3.416886676 0.001384615
i 3.389897406 0.004153846
i 3.394395618 0.004153846
i 3.398893830 0.004153846
i 3.403392041 0.004153846
i 3.407890253 0.004153846
i 3.412388465 0.004153846
i 3.416886676 0.004153846
i 3.389897406 0.006923077
i 3.394395618 0.006923077
i 3.398893830 0.006923077
i 3.403392041 0.006923077
i 3.407890253 0.006923077
i 3.412388465 0.006923077
i 3.416886676 0.006923077
i 3.394395618 0.009692308
i 3.398893830 0.009692308
i 3.403392041 0.009692308
i 3.407890253 0.009692308
i 3.412388465 0.009692308
i 3.394395618 0.012461538
i 3.398893830 0.012461538
i 3.403392041 0.012461538
i 3.407890253 0.012461538
i 3.412388465 0.012461538
i 3.394395618 0.015230769
i 3.398893830 0.015230769
i 3.403392041 0.015230769
i 3.407890253 0.015230769
i 3.412388465 0.015230769
tris
t 264 265 0
t 29 30 31
t 84 85 86
t 115 116 117
t 181 182 183
t 192 193 194
t 201 202 203
t 210 211 212
t 219 220 221
t 228 229 230
t 235 236 237
t 242 243 244
t 249 250 251
t 254 255 256
t 259 260 261
t 263 264 0
t 28 29 31
t 83 84 86
t 114 115 117
t 180 181 183
t 191 192 194
t 200 201 203
t 209 210 212
t 218 219 221
t 227 228 230
t 234 235 237
t 241 242 244
t 248 249 251
t 253 254 256
t 258 259 261
t 262 263 0
t 27 28 31
t 82 83 86
t 113 114 117
t 179 180 183
t 190 191 194
t 199 200 203
t 208 209 212
t 217 218 221
t 226 227 230
t 233 234 237
t 240 241 244
t 247 248 251
t 252 253 256
t 257 258 261
t 261 262 0
t 26 27 31
t 81 82 86
t 112 113 117
t 178 179 183
t 189 190 194
t 198 199 203
t 207 208 212
t 216 217 221
t 225 226 230
t 232 233 237
t 239 240 244
t 246 247 251
t 251 252 256
t 256 257 261
t 261 0 1
t 25 26 31
t 80 81 86
t 111 112 117
t 177 178 183
t 188 189 194
t 197 198 203
t 206 207 212
t 215 216 221
t 224 225 230
t 231 232 237
t 238 239 244
t 245 246 251
t 261 1 2
t 24 25 31
t 79 80 86
t 110 111 117
t 176 177 183
t 187 188 194
t 196 197 203
t 205 206 212
t 214 215 221
t 223 224 230
t 230 231 237
t 237 238 244
t 244 245 251
t 261 2 3
t 23 24 31
t 78 79 86
t 109 110 117
t 170 171 172
t 175 176 183
t 186 187 194
t 195 196 203
t 204 205 212
t 213 214 221
t 222 223 230
t 244 251 256
t 261 3 4
t 22 23 31
t 77 78 86
t 108 109 117
t 169 170 172
t 174 175 183
t 185 186 194
t 194 195 203
t 203 204 212
t 212 213 221
t 244 256 261
t 261 4 5
t 21 22 31
t 76 77 86
t 107 108 117
t 168 169 172
t 173 174 183
t 184 185 194
t 261 5 6
t 20 21 31
t 75 76 86
t 106 107 117
t 167 168 172
t 172 173 183
t 183 184 194
t 261 6 7
t 19 20 31
t 74 75 86
t 105 106 117
t 166 167 172
t 183 194 203
t 261 7 8
t 18 19 31
t 73 74 86
t 104 105 117
t 165 166 172
t 183 203 212
t 261 8 9
t 17 18 31
t 72 73 86
t 103 104 117
t 164 165 172
t 261 9 10
t 16 17 31
t 71 72 86
t 102 103 117
t 163 164 172
t 261 10 11
t 15 16 31
t 70 71 86
t 101 102 117
t 162 163 172
t 261 11 12
t 14 15 31
t 69 70 86
t 100 101 117
t 161 162 172
t 261 12 13
t 13 14 31
t 68 69 86
t 99 100 117
t 160 161 172
t 261 13 31
t 67 68 86
t 98 99 117
t 159 160 172
t 244 261 31
t 66 67 86
t 97 98 117
t 158 159 172
t 244 31 32
t 65 66 86
t 96 97 117
t 157 158 172
t 244 32 33
t 64 65 86
t 95 96 117
t 156 157 172
t 244 33 34
t 63 64 86
t 94 95 117
t 155 156 172
t 244 34 35
t 62 63 86
t 93 94 117
t 154 155 172
t 244 35 36
t 61 62 86
t 92 93 117
t 153 154 172
t 244 36 37
t 60 61 86
t 91 92 117
t 152 153 172
t 183 212 221
t 244 37 38
t 59 60 86
t 90 91 117
t 151 152 172
t 221 222 230
t 244 38 39
t 58 59 86
t 89 90 117
t 150 151 172
t 221 230 237
t 244 39 40
t 57 58 86
t 88 89 117
t 149 150 172
t 244 40 41
t 56 57 86
t 87 88 117
t 148 149 172
t 221 237 244
t 244 41 42
t 55 56 86
t 86 87 117
t 147 148 172
t 244 42 43
t 54 55 86
t 86 117 118
t 146 147 172
t 244 43 44
t 53 54 86
t 86 118 119
t 145 146 172
t 244 44 45
t 52 53 86
t 86 119 120
t 144 145 172
t 244 45 46
t 51 52 86
t 86 120 121
t 143 144 172
t 244 46 47
t 50 51 86
t 86 121 122
t 142 143 172
t 244 47 48
t 86 122 123
t 141 142 172
t 244 48 49
t 86 123 124
t 140 141 172
t 244 49 50
t 86 124 125
t 139 140 172
t 221 244 50
t 86 125 126
t 138 139 172
t 86 126 127
t 137 138 172
t 86 127 128
t 136 137 172
t 86 128 129
t 135 136 172
t 86 129 130
t 134 135 172
t 86 130 131
t 133 134 172
t 86 131 132
t 132 133 172
t 86 132 172
t 86 172 183
t 50 86 183
