type=Cylinder forward=true n_boundary=174 n_holes=0 n_interior=58 n_tris=172 label=brep62542_f69_Cylinder
boundary
b 0.224930905 -0.000000000
b 0.221302987 -0.000000000
b 0.217675069 -0.000000000
b 0.214047152 -0.000000000
b 0.210419234 -0.000000000
b 0.206791316 -0.000000000
b 0.203163398 -0.000000000
b 0.199535480 -0.000000000
b 0.195907562 -0.000000000
b 0.192279645 -0.000000000
b 0.188651727 -0.000000000
b 0.185023809 -0.000000000
b 0.181395891 -0.000000000
b 0.177767973 -0.000000000
b 0.174140055 -0.000000000
b 0.170512138 -0.000000000
b 0.166884220 -0.000000000
b 0.163256302 -0.000000000
b 0.159628384 -0.000000000
b 0.156000466 -0.000000000
b 0.152372549 -0.000000000
b 0.148744631 -0.000000000
b 0.145116713 -0.000000000
b 0.141488795 -0.000000000
b 0.137860877 -0.000000000
b 0.134232959 -0.000000000
b 0.130605042 -0.000000000
b 0.126977124 -0.000000000
b 0.123349206 -0.000000000
b 0.119721288 -0.000000000
b 0.116093370 -0.000000000
b 0.112465453 -0.000000000
b 0.108837535 -0.000000000
b 0.105209617 -0.000000000
b 0.101581699 -0.000000000
b 0.097953781 -0.000000000
b 0.094325863 -0.000000000
b 0.090697946 -0.000000000
b 0.087070028 -0.000000000
b 0.083442110 -0.000000000
b 0.079814192 -0.000000000
b 0.076186274 -0.000000000
b 0.072558356 -0.000000000
b 0.068930439 -0.000000000
b 0.065302521 -0.000000000
b 0.061674603 -0.000000000
b 0.058046685 -0.000000000
b 0.054418767 -0.000000000
b 0.050790850 -0.000000000
b 0.047162932 -0.000000000
b 0.043535014 -0.000000000
b 0.039907096 -0.000000000
b 0.036279178 -0.000000000
b 0.032651260 -0.000000000
b 0.029023343 -0.000000000
b 0.025395425 -0.000000000
b 0.021767507 -0.000000000
b 0.018139589 -0.000000000
b 0.014511671 -0.000000000
b 0.010883753 -0.000000000
b 0.007255836 -0.000000000
b 0.003627918 -0.000000000
b 0.000000000 -0.000000000
b 0.000000000 -0.573380244
b 0.005493530 -0.573150754
b 0.010903241 -0.572472543
b 0.016229745 -0.571362433
b 0.021473638 -0.569837247
b 0.026635507 -0.567913807
b 0.031715924 -0.565608937
b 0.036715447 -0.562939459
b 0.041634621 -0.559922195
b 0.046473463 -0.556573810
b 0.051230623 -0.552910550
b 0.055904519 -0.548948598
b 0.060493561 -0.544704133
b 0.064996145 -0.540193337
b 0.069410657 -0.535432389
b 0.073735472 -0.530437471
b 0.077968969 -0.525224743
b 0.082110666 -0.519808541
b 0.086162095 -0.514199986
b 0.090124987 -0.508409876
b 0.094001067 -0.502449005
b 0.097792048 -0.496328170
b 0.101499640 -0.490058167
b 0.105125540 -0.483649790
b 0.108671433 -0.477113798
b 0.112138785 -0.470459667
b 0.115528806 -0.463695331
b 0.118842684 -0.456828632
b 0.122081605 -0.449867412
b 0.125246750 -0.442819514
b 0.128339295 -0.435692780
b 0.131360411 -0.428495052
b 0.134311284 -0.421234049
b 0.137193390 -0.413915428
b 0.140008451 -0.406543133
b 0.142758192 -0.399121058
b 0.145444337 -0.391653094
b 0.148068607 -0.384143137
b 0.150632719 -0.376595077
b 0.153138389 -0.369012808
b 0.155587293 -0.361400169
b 0.157980747 -0.353760471
b 0.160319864 -0.346096724
b 0.162605754 -0.338411937
b 0.164839526 -0.330709116
b 0.167022285 -0.322991269
b 0.169155137 -0.315261404
b 0.171239185 -0.307522527
b 0.173275498 -0.299777648
b 0.175264937 -0.292029792
b 0.177208285 -0.284281987
b 0.179106322 -0.276537262
b 0.180959830 -0.268798647
b 0.182769587 -0.261069169
b 0.184536373 -0.253351859
b 0.186260964 -0.245649745
b 0.187285067 -0.241000447
b 0.188298054 -0.236352314
b 0.189300017 -0.231705752
b 0.190291048 -0.227061169
b 0.191271238 -0.222418972
b 0.192240680 -0.217779568
b 0.193199464 -0.213143364
b 0.194147683 -0.208510767
b 0.195085428 -0.203882184
b 0.196012789 -0.199258022
b 0.196929859 -0.194638687
b 0.197836730 -0.190024588
b 0.198733491 -0.185416131
b 0.199620234 -0.180813723
b 0.200497051 -0.176217771
b 0.201364032 -0.171628683
b 0.202221269 -0.167046864
b 0.203068853 -0.162472723
b 0.203906875 -0.157906651
b 0.204735435 -0.153348873
b 0.205554641 -0.148799504
b 0.206364598 -0.144258659
b 0.207165412 -0.139726449
b 0.207957191 -0.135202990
b 0.208740040 -0.130688395
b 0.209514066 -0.126182777
b 0.210279374 -0.121686251
b 0.211036072 -0.117198929
b 0.211784264 -0.112720925
b 0.212524058 -0.108252353
b 0.213255560 -0.103793327
b 0.213978875 -0.099343960
b 0.214694109 -0.094904366
b 0.215401370 -0.090474659
b 0.216100761 -0.086054952
b 0.216792391 -0.081645358
b 0.217476364 -0.077245992
b 0.218152770 -0.072856992
b 0.218821680 -0.068478529
b 0.219483159 -0.064110780
b 0.220137274 -0.059753922
b 0.220784091 -0.055408130
b 0.221423676 -0.051073580
b 0.222056097 -0.046750449
b 0.222681419 -0.042438913
b 0.223299709 -0.038139147
b 0.223911033 -0.033851328
b 0.224515458 -0.029575633
b 0.225113050 -0.025312236
b 0.225703875 -0.021061315
b 0.226288000 -0.016823045
b 0.226865491 -0.012597602
b 0.227436414 -0.008385163
b 0.228000836 -0.004185904
b 0.228558823 -0.000000000
interior
i 0.019046569 -0.501707713
i 0.038093137 -0.501707713
i 0.057139706 -0.501707713
i 0.076186274 -0.501707713
i 0.019046569 -0.430035183
i 0.038093137 -0.430035183
i 0.057139706 -0.430035183
i 0.076186274 -0.430035183
i 0.095232843 -0.430035183
i 0.114279411 -0.430035183
i 0.019046569 -0.358362652
i 0.038093137 -0.358362652
i 0.057139706 -0.358362652
i 0.076186274 -0.358362652
i 0.095232843 -0.358362652
i 0.114279411 -0.358362652
i 0.133325980 -0.358362652
i 0.152372549 -0.358362652
i 0.019046569 -0.286690122
i 0.038093137 -0.286690122
i 0.057139706 -0.286690122
i 0.076186274 -0.286690122
i 0.095232843 -0.286690122
i 0.114279411 -0.286690122
i 0.133325980 -0.286690122
i 0.152372549 -0.286690122
i 0.171419117 -0.286690122
i 0.019046569 -0.215017591
i 0.038093137 -0.215017591
i 0.057139706 -0.215017591
i 0.076186274 -0.215017591
i 0.095232843 -0.215017591
i 0.114279411 -0.215017591
i 0.133325980 -0.215017591
i 0.152372549 -0.215017591
i 0.171419117 -0.215017591
i 0.190465686 -0.215017591
i 0.019046569 -0.143345061
i 0.038093137 -0.143345061
i 0.057139706 -0.143345061
i 0.076186274 -0.143345061
i 0.095232843 -0.143345061
i 0.114279411 -0.143345061
i 0.133325980 -0.143345061
i 0.152372549 -0.143345061
i 0.171419117 -0.143345061
i 0.190465686 -0.143345061
i 0.019046569 -0.071672530
i 0.038093137 -0.071672530
i 0.057139706 -0.071672530
i 0.076186274 -0.071672530
i 0.095232843 -0.071672530
i 0.114279411 -0.071672530
i 0.133325980 -0.071672530
i 0.152372549 -0.071672530
i 0.171419117 -0.071672530
i 0.190465686 -0.071672530
i 0.209512254 -0.071672530
tris
t 63 61 62
t 63 64 61
t 64 60 61
t 64 59 60
t 64 65 59
t 65 58 59
t 65 66 58
t 66 57 58
t 66 67 57
t 67 56 57
t 67 55 56
t 67 68 55
t 68 54 55
t 68 69 54
t 69 53 54
t 69 52 53
t 69 70 52
t 70 51 52
t 70 71 51
t 71 50 51
t 71 72 50
t 72 49 50
t 72 48 49
t 72 73 48
t 73 47 48
t 73 74 47
t 74 46 47
t 74 75 46
t 75 45 46
t 75 76 45
t 76 44 45
t 76 43 44
t 76 77 43
t 77 42 43
t 77 78 42
t 78 41 42
t 78 79 41
t 79 40 41
t 79 80 40
t 80 39 40
t 80 81 39
t 81 38 39
t 81 82 38
t 82 37 38
t 82 83 37
t 83 36 37
t 83 84 36
t 84 35 36
t 84 85 35
t 85 34 35
t 85 86 34
t 86 33 34
t 86 87 33
t 87 32 33
t 87 88 32
t 88 31 32
t 88 89 31
t 89 30 31
t 89 90 30
t 90 29 30
t 90 91 29
t 91 28 29
t 91 92 28
t 92 27 28
t 92 93 27
t 93 26 27
t 93 94 26
t 94 25 26
t 94 95 25
t 95 96 25
t 96 24 25
t 96 97 24
t 97 23 24
t 97 98 23
t 98 22 23
t 98 99 22
t 99 100 22
t 100 21 22
t 100 101 21
t 101 20 21
t 101 102 20
t 102 103 20
t 103 19 20
t 103 104 19
t 104 18 19
t 104 105 18
t 105 106 18
t 106 17 18
t 106 107 17
t 107 16 17
t 107 108 16
t 108 109 16
t 109 15 16
t 109 110 15
t 110 111 15
t 111 14 15
t 111 112 14
t 112 113 14
t 113 13 14
t 113 114 13
t 114 115 13
t 115 12 13
t 115 116 12
t 116 117 12
t 117 11 12
t 117 118 11
t 118 119 11
t 119 120 11
t 120 10 11
t 120 121 10
t 121 122 10
t 122 123 10
t 123 124 10
t 124 9 10
t 124 125 9
t 125 126 9
t 126 127 9
t 127 8 9
t 127 128 8
t 128 129 8
t 129 130 8
t 130 131 8
t 131 7 8
t 131 132 7
t 132 133 7
t 133 134 7
t 134 135 7
t 135 136 7
t 136 6 7
t 136 137 6
t 137 138 6
t 138 139 6
t 139 140 6
t 140 5 6
t 140 141 5
t 141 142 5
t 142 143 5
t 143 144 5
t 144 145 5
t 145 4 5
t 145 146 4
t 146 147 4
t 147 148 4
t 148 149 4
t 149 150 4
t 150 3 4
t 150 151 3
t 151 152 3
t 152 153 3
t 153 154 3
t 154 155 3
t 155 2 3
t 155 156 2
t 156 157 2
t 157 158 2
t 158 159 2
t 159 160 2
t 160 1 2
t 160 161 1
t 161 162 1
t 162 163 1
t 163 164 1
t 164 165 1
t 165 166 1
t 166 0 1
t 166 167 0
t 167 168 0
t 168 169 0
t 169 170 0
t 170 171 0
t 171 172 0
t 172 173 0
