type=Torus forward=false n_boundary=140 n_holes=0 n_interior=529 n_tris=442 label=brep47598_f212_Torus
boundary
b 1.570796327 4.661718131
b 1.570796327 4.611047282
b 1.570796327 4.560376433
b 1.570796327 4.509705583
b 1.570796327 4.459034734
b 1.570796327 4.408363885
b 1.570796327 4.357693036
b 1.570796327 4.307022186
b 1.570796327 4.256351337
b 1.570796327 4.205680488
b 1.570796327 4.155009639
b 1.570796327 4.104338789
b 1.570796327 4.053667940
b 1.570796327 4.002997091
b 1.570796327 3.952326242
b 1.570796327 3.901655392
b 1.570796327 3.850984543
b 1.570796327 3.800313694
b 1.570796327 3.749642845
b 1.570796327 3.698971995
b 1.570796327 3.648301146
b 1.570796327 3.597630297
b 1.570796327 3.546959448
b 1.570796327 3.496288598
b 1.570796327 3.445617749
b 1.570796327 3.394946900
b 1.570796327 3.344276051
b 1.570796327 3.293605201
b 1.570796327 3.242934352
b 1.570796327 3.192263503
b 1.570796327 3.141592654
b 1.577683796 3.141592654
b 1.584571265 3.141592654
b 1.591458734 3.141592654
b 1.598346203 3.141592654
b 1.605233672 3.141592654
b 1.612121141 3.141592654
b 1.619008610 3.141592654
b 1.625896079 3.141592654
b 1.632783547 3.141592654
b 1.639671016 3.141592654
b 1.646558485 3.141592654
b 1.653445954 3.141592654
b 1.660333423 3.141592654
b 1.667220892 3.141592654
b 1.674108361 3.141592654
b 1.680995830 3.141592654
b 1.687883299 3.141592654
b 1.694770768 3.141592654
b 1.701658237 3.141592654
b 1.708545706 3.141592654
b 1.715433175 3.141592654
b 1.722320644 3.141592654
b 1.729208113 3.141592654
b 1.736095582 3.141592654
b 1.742983051 3.141592654
b 1.749870520 3.141592654
b 1.756757989 3.141592654
b 1.763645458 3.141592654
b 1.770532927 3.141592654
b 1.777420396 3.141592654
b 1.784307865 3.141592654
b 1.791195334 3.141592654
b 1.798082803 3.141592654
b 1.804970272 3.141592654
b 1.811857741 3.141592654
b 1.818745210 3.141592654
b 1.825632679 3.141592654
b 1.832520147 3.141592654
b 1.839407616 3.141592654
b 1.839407616 3.192263503
b 1.839407616 3.242934352
b 1.839407616 3.293605201
b 1.839407616 3.344276051
b 1.839407616 3.394946900
b 1.839407616 3.445617749
b 1.839407616 3.496288598
b 1.839407616 3.546959448
b 1.839407616 3.597630297
b 1.839407616 3.648301146
b 1.839407616 3.698971995
b 1.839407616 3.749642845
b 1.839407616 3.800313694
b 1.839407616 3.850984543
b 1.839407616 3.901655392
b 1.839407616 3.952326242
b 1.839407616 4.002997091
b 1.839407616 4.053667940
b 1.839407616 4.104338789
b 1.839407616 4.155009639
b 1.839407616 4.205680488
b 1.839407616 4.256351337
b 1.839407616 4.307022186
b 1.839407616 4.357693036
b 1.839407616 4.408363885
b 1.839407616 4.459034734
b 1.839407616 4.509705583
b 1.839407616 4.560376433
b 1.839407616 4.611047282
b 1.839407616 4.661718131
b 1.839407616 4.712388980
b 1.832520147 4.712388980
b 1.825632679 4.712388980
b 1.818745210 4.712388980
b 1.811857741 4.712388980
b 1.804970272 4.712388980
b 1.798082803 4.712388980
b 1.791195334 4.712388980
b 1.784307865 4.712388980
b 1.777420396 4.712388980
b 1.770532927 4.712388980
b 1.763645458 4.712388980
b 1.756757989 4.712388980
b 1.749870520 4.712388980
b 1.742983051 4.712388980
b 1.736095582 4.712388980
b 1.729208113 4.712388980
b 1.722320644 4.712388980
b 1.715433175 4.712388980
b 1.708545706 4.712388980
b 1.701658237 4.712388980
b 1.694770768 4.712388980
b 1.687883299 4.712388980
b 1.680995830 4.712388980
b 1.674108361 4.712388980
b 1.667220892 4.712388980
b 1.660333423 4.712388980
b 1.653445954 4.712388980
b 1.646558485 4.712388980
b 1.639671016 4.712388980
b 1.632783547 4.712388980
b 1.625896079 4.712388980
b 1.619008610 4.712388980
b 1.612121141 4.712388980
b 1.605233672 4.712388980
b 1.598346203 4.712388980
b 1.591458734 4.712388980
b 1.584571265 4.712388980
b 1.577683796 4.712388980
b 1.570796327 4.712388980
interior
i 1.581988464 3.207042501
i 1.593180601 3.207042501
i 1.604372738 3.207042501
i 1.615564875 3.207042501
i 1.626757012 3.207042501
i 1.637949149 3.207042501
i 1.649141286 3.207042501
i 1.660333423 3.207042501
i 1.671525560 3.207042501
i 1.682717697 3.207042501
i 1.693909835 3.207042501
i 1.705101972 3.207042501
i 1.716294109 3.207042501
i 1.727486246 3.207042501
i 1.738678383 3.207042501
i 1.749870520 3.207042501
i 1.761062657 3.207042501
i 1.772254794 3.207042501
i 1.783446931 3.207042501
i 1.794639068 3.207042501
i 1.805831205 3.207042501
i 1.817023342 3.207042501
i 1.828215479 3.207042501
i 1.581988464 3.272492347
i 1.593180601 3.272492347
i 1.604372738 3.272492347
i 1.615564875 3.272492347
i 1.626757012 3.272492347
i 1.637949149 3.272492347
i 1.649141286 3.272492347
i 1.660333423 3.272492347
i 1.671525560 3.272492347
i 1.682717697 3.272492347
i 1.693909835 3.272492347
i 1.705101972 3.272492347
i 1.716294109 3.272492347
i 1.727486246 3.272492347
i 1.738678383 3.272492347
i 1.749870520 3.272492347
i 1.761062657 3.272492347
i 1.772254794 3.272492347
i 1.783446931 3.272492347
i 1.794639068 3.272492347
i 1.805831205 3.272492347
i 1.817023342 3.272492347
i 1.828215479 3.272492347
i 1.581988464 3.337942194
i 1.593180601 3.337942194
i 1.604372738 3.337942194
i 1.615564875 3.337942194
i 1.626757012 3.337942194
i 1.637949149 3.337942194
i 1.649141286 3.337942194
i 1.660333423 3.337942194
i 1.671525560 3.337942194
i 1.682717697 3.337942194
i 1.693909835 3.337942194
i 1.705101972 3.337942194
i 1.716294109 3.337942194
i 1.727486246 3.337942194
i 1.738678383 3.337942194
i 1.749870520 3.337942194
i 1.761062657 3.337942194
i 1.772254794 3.337942194
i 1.783446931 3.337942194
i 1.794639068 3.337942194
i 1.805831205 3.337942194
i 1.817023342 3.337942194
i 1.828215479 3.337942194
i 1.581988464 3.403392041
i 1.593180601 3.403392041
i 1.604372738 3.403392041
i 1.615564875 3.403392041
i 1.626757012 3.403392041
i 1.637949149 3.403392041
i 1.649141286 3.403392041
i 1.660333423 3.403392041
i 1.671525560 3.403392041
i 1.682717697 3.403392041
i 1.693909835 3.403392041
i 1.705101972 3.403392041
i 1.716294109 3.403392041
i 1.727486246 3.403392041
i 1.738678383 3.403392041
i 1.749870520 3.403392041
i 1.761062657 3.403392041
i 1.772254794 3.403392041
i 1.783446931 3.403392041
i 1.794639068 3.403392041
i 1.805831205 3.403392041
i 1.817023342 3.403392041
i 1.828215479 3.403392041
i 1.581988464 3.468841888
i 1.593180601 3.468841888
i 1.604372738 3.468841888
i 1.615564875 3.468841888
i 1.626757012 3.468841888
i 1.637949149 3.468841888
i 1.649141286 3.468841888
i 1.660333423 3.468841888
i 1.671525560 3.468841888
i 1.682717697 3.468841888
i 1.693909835 3.468841888
i 1.705101972 3.468841888
i 1.716294109 3.468841888
i 1.727486246 3.468841888
i 1.738678383 3.468841888
i 1.749870520 3.468841888
i 1.761062657 3.468841888
i 1.772254794 3.468841888
i 1.783446931 3.468841888
i 1.794639068 3.468841888
i 1.805831205 3.468841888
i 1.817023342 3.468841888
i 1.828215479 3.468841888
i 1.581988464 3.534291735
i 1.593180601 3.534291735
i 1.604372738 3.534291735
i 1.615564875 3.534291735
i 1.626757012 3.534291735
i 1.637949149 3.534291735
i 1.649141286 3.534291735
i 1.660333423 3.534291735
i 1.671525560 3.534291735
i 1.682717697 3.534291735
i 1.693909835 3.534291735
i 1.705101972 3.534291735
i 1.716294109 3.534291735
i 1.727486246 3.534291735
i 1.738678383 3.534291735
i 1.749870520 3.534291735
i 1.761062657 3.534291735
i 1.772254794 3.534291735
i 1.783446931 3.534291735
i 1.794639068 3.534291735
i 1.805831205 3.534291735
i 1.817023342 3.534291735
i 1.828215479 3.534291735
i 1.581988464 3.599741582
i 1.593180601 3.599741582
i 1.604372738 3.599741582
i 1.615564875 3.599741582
i 1.626757012 3.599741582
i 1.637949149 3.599741582
i 1.649141286 3.599741582
i 1.660333423 3.599741582
i 1.671525560 3.599741582
i 1.682717697 3.599741582
i 1.693909835 3.599741582
i 1.705101972 3.599741582
i 1.716294109 3.599741582
i 1.727486246 3.599741582
i 1.738678383 3.599741582
i 1.749870520 3.599741582
i 1.761062657 3.599741582
i 1.772254794 3.599741582
i 1.783446931 3.599741582
i 1.794639068 3.599741582
i 1.805831205 3.599741582
i 1.817023342 3.599741582
i 1.828215479 3.599741582
i 1.581988464 3.665191429
i 1.593180601 3.665191429
i 1.604372738 3.665191429
i 1.615564875 3.665191429
i 1.626757012 3.665191429
i 1.637949149 3.665191429
i 1.649141286 3.665191429
i 1.660333423 3.665191429
i 1.671525560 3.665191429
i 1.682717697 3.665191429
i 1.693909835 3.665191429
i 1.705101972 3.665191429
i 1.716294109 3.665191429
i 1.727486246 3.665191429
i 1.738678383 3.665191429
i 1.749870520 3.665191429
i 1.761062657 3.665191429
i 1.772254794 3.665191429
i 1.783446931 3.665191429
i 1.794639068 3.665191429
i 1.805831205 3.665191429
i 1.817023342 3.665191429
i 1.828215479 3.665191429
i 1.581988464 3.730641276
i 1.593180601 3.730641276
i 1.604372738 3.730641276
i 1.615564875 3.730641276
i 1.626757012 3.730641276
i 1.637949149 3.730641276
i 1.649141286 3.730641276
i 1.660333423 3.730641276
i 1.671525560 3.730641276
i 1.682717697 3.730641276
i 1.693909835 3.730641276
i 1.705101972 3.730641276
i 1.716294109 3.730641276
i 1.727486246 3.730641276
i 1.738678383 3.730641276
i 1.749870520 3.730641276
i 1.761062657 3.730641276
i 1.772254794 3.730641276
i 1.783446931 3.730641276
i 1.794639068 3.730641276
i 1.805831205 3.730641276
i 1.817023342 3.730641276
i 1.828215479 3.730641276
i 1.581988464 3.796091123
i 1.593180601 3.796091123
i 1.604372738 3.796091123
i 1.615564875 3.796091123
i 1.626757012 3.796091123
i 1.637949149 3.796091123
i 1.649141286 3.796091123
i 1.660333423 3.796091123
i 1.671525560 3.796091123
i 1.682717697 3.796091123
i 1.693909835 3.796091123
i 1.705101972 3.796091123
i 1.716294109 3.796091123
i 1.727486246 3.796091123
i 1.738678383 3.796091123
i 1.749870520 3.796091123
i 1.761062657 3.796091123
i 1.772254794 3.796091123
i 1.783446931 3.796091123
i 1.794639068 3.796091123
i 1.805831205 3.796091123
i 1.817023342 3.796091123
i 1.828215479 3.796091123
i 1.581988464 3.861540970
i 1.593180601 3.861540970
i 1.604372738 3.861540970
i 1.615564875 3.861540970
i 1.626757012 3.861540970
i 1.637949149 3.861540970
i 1.649141286 3.861540970
i 1.660333423 3.861540970
i 1.671525560 3.861540970
i 1.682717697 3.861540970
i 1.693909835 3.861540970
i 1.705101972 3.861540970
i 1.716294109 3.861540970
i 1.727486246 3.861540970
i 1.738678383 3.861540970
i 1.749870520 3.861540970
i 1.761062657 3.861540970
i 1.772254794 3.861540970
i 1.783446931 3.861540970
i 1.794639068 3.861540970
i 1.805831205 3.861540970
i 1.817023342 3.861540970
i 1.828215479 3.861540970
i 1.581988464 3.926990817
i 1.593180601 3.926990817
i 1.604372738 3.926990817
i 1.615564875 3.926990817
i 1.626757012 3.926990817
i 1.637949149 3.926990817
i 1.649141286 3.926990817
i 1.660333423 3.926990817
i 1.671525560 3.926990817
i 1.682717697 3.926990817
i 1.693909835 3.926990817
i 1.705101972 3.926990817
i 1.716294109 3.926990817
i 1.727486246 3.926990817
i 1.738678383 3.926990817
i 1.749870520 3.926990817
i 1.761062657 3.926990817
i 1.772254794 3.926990817
i 1.783446931 3.926990817
i 1.794639068 3.926990817
i 1.805831205 3.926990817
i 1.817023342 3.926990817
i 1.828215479 3.926990817
i 1.581988464 3.992440664
i 1.593180601 3.992440664
i 1.604372738 3.992440664
i 1.615564875 3.992440664
i 1.626757012 3.992440664
i 1.637949149 3.992440664
i 1.649141286 3.992440664
i 1.660333423 3.992440664
i 1.671525560 3.992440664
i 1.682717697 3.992440664
i 1.693909835 3.992440664
i 1.705101972 3.992440664
i 1.716294109 3.992440664
i 1.727486246 3.992440664
i 1.738678383 3.992440664
i 1.749870520 3.992440664
i 1.761062657 3.992440664
i 1.772254794 3.992440664
i 1.783446931 3.992440664
i 1.794639068 3.992440664
i 1.805831205 3.992440664
i 1.817023342 3.992440664
i 1.828215479 3.992440664
i 1.581988464 4.057890511
i 1.593180601 4.057890511
i 1.604372738 4.057890511
i 1.615564875 4.057890511
i 1.626757012 4.057890511
i 1.637949149 4.057890511
i 1.649141286 4.057890511
i 1.660333423 4.057890511
i 1.671525560 4.057890511
i 1.682717697 4.057890511
i 1.693909835 4.057890511
i 1.705101972 4.057890511
i 1.716294109 4.057890511
i 1.727486246 4.057890511
i 1.738678383 4.057890511
i 1.749870520 4.057890511
i 1.761062657 4.057890511
i 1.772254794 4.057890511
i 1.783446931 4.057890511
i 1.794639068 4.057890511
i 1.805831205 4.057890511
i 1.817023342 4.057890511
i 1.828215479 4.057890511
i 1.581988464 4.123340358
i 1.593180601 4.123340358
i 1.604372738 4.123340358
i 1.615564875 4.123340358
i 1.626757012 4.123340358
i 1.637949149 4.123340358
i 1.649141286 4.123340358
i 1.660333423 4.123340358
i 1.671525560 4.123340358
i 1.682717697 4.123340358
i 1.693909835 4.123340358
i 1.705101972 4.123340358
i 1.716294109 4.123340358
i 1.727486246 4.123340358
i 1.738678383 4.123340358
i 1.749870520 4.123340358
i 1.761062657 4.123340358
i 1.772254794 4.123340358
i 1.783446931 4.123340358
i 1.794639068 4.123340358
i 1.805831205 4.123340358
i 1.817023342 4.123340358
i 1.828215479 4.123340358
i 1.581988464 4.188790205
i 1.593180601 4.188790205
i 1.604372738 4.188790205
i 1.615564875 4.188790205
i 1.626757012 4.188790205
i 1.637949149 4.188790205
i 1.649141286 4.188790205
i 1.660333423 4.188790205
i 1.671525560 4.188790205
i 1.682717697 4.188790205
i 1.693909835 4.188790205
i 1.705101972 4.188790205
i 1.716294109 4.188790205
i 1.727486246 4.188790205
i 1.738678383 4.188790205
i 1.749870520 4.188790205
i 1.761062657 4.188790205
i 1.772254794 4.188790205
i 1.783446931 4.188790205
i 1.794639068 4.188790205
i 1.805831205 4.188790205
i 1.817023342 4.188790205
i 1.828215479 4.188790205
i 1.581988464 4.254240052
i 1.593180601 4.254240052
i 1.604372738 4.254240052
i 1.615564875 4.254240052
i 1.626757012 4.254240052
i 1.637949149 4.254240052
i 1.649141286 4.254240052
i 1.660333423 4.254240052
i 1.671525560 4.254240052
i 1.682717697 4.254240052
i 1.693909835 4.254240052
i 1.705101972 4.254240052
i 1.716294109 4.254240052
i 1.727486246 4.254240052
i 1.738678383 4.254240052
i 1.749870520 4.254240052
i 1.761062657 4.254240052
i 1.772254794 4.254240052
i 1.783446931 4.254240052
i 1.794639068 4.254240052
i 1.805831205 4.254240052
i 1.817023342 4.254240052
i 1.828215479 4.254240052
i 1.581988464 4.319689899
i 1.593180601 4.319689899
i 1.604372738 4.319689899
i 1.615564875 4.319689899
i 1.626757012 4.319689899
i 1.637949149 4.319689899
i 1.649141286 4.319689899
i 1.660333423 4.319689899
i 1.671525560 4.319689899
i 1.682717697 4.319689899
i 1.693909835 4.319689899
i 1.705101972 4.319689899
i 1.716294109 4.319689899
i 1.727486246 4.319689899
i 1.738678383 4.319689899
i 1.749870520 4.319689899
i 1.761062657 4.319689899
i 1.772254794 4.319689899
i 1.783446931 4.319689899
i 1.794639068 4.319689899
i 1.805831205 4.319689899
i 1.817023342 4.319689899
i 1.828215479 4.319689899
i 1.581988464 4.385139746
i 1.593180601 4.385139746
i 1.604372738 4.385139746
i 1.615564875 4.385139746
i 1.626757012 4.385139746
i 1.637949149 4.385139746
i 1.649141286 4.385139746
i 1.660333423 4.385139746
i 1.671525560 4.385139746
i 1.682717697 4.385139746
i 1.693909835 4.385139746
i 1.705101972 4.385139746
i 1.716294109 4.385139746
i 1.727486246 4.385139746
i 1.738678383 4.385139746
i 1.749870520 4.385139746
i 1.761062657 4.385139746
i 1.772254794 4.385139746
i 1.783446931 4.385139746
i 1.794639068 4.385139746
i 1.805831205 4.385139746
i 1.817023342 4.385139746
i 1.828215479 4.385139746
i 1.581988464 4.450589593
i 1.593180601 4.450589593
i 1.604372738 4.450589593
i 1.615564875 4.450589593
i 1.626757012 4.450589593
i 1.637949149 4.450589593
i 1.649141286 4.450589593
i 1.660333423 4.450589593
i 1.671525560 4.450589593
i 1.682717697 4.450589593
i 1.693909835 4.450589593
i 1.705101972 4.450589593
i 1.716294109 4.450589593
i 1.727486246 4.450589593
i 1.738678383 4.450589593
i 1.749870520 4.450589593
i 1.761062657 4.450589593
i 1.772254794 4.450589593
i 1.783446931 4.450589593
i 1.794639068 4.450589593
i 1.805831205 4.450589593
i 1.817023342 4.450589593
i 1.828215479 4.450589593
i 1.581988464 4.516039440
i 1.593180601 4.516039440
i 1.604372738 4.516039440
i 1.615564875 4.516039440
i 1.626757012 4.516039440
i 1.637949149 4.516039440
i 1.649141286 4.516039440
i 1.660333423 4.516039440
i 1.671525560 4.516039440
i 1.682717697 4.516039440
i 1.693909835 4.516039440
i 1.705101972 4.516039440
i 1.716294109 4.516039440
i 1.727486246 4.516039440
i 1.738678383 4.516039440
i 1.749870520 4.516039440
i 1.761062657 4.516039440
i 1.772254794 4.516039440
i 1.783446931 4.516039440
i 1.794639068 4.516039440
i 1.805831205 4.516039440
i 1.817023342 4.516039440
i 1.828215479 4.516039440
i 1.581988464 4.581489286
i 1.593180601 4.581489286
i 1.604372738 4.581489286
i 1.615564875 4.581489286
i 1.626757012 4.581489286
i 1.637949149 4.581489286
i 1.649141286 4.581489286
i 1.660333423 4.581489286
i 1.671525560 4.581489286
i 1.682717697 4.581489286
i 1.693909835 4.581489286
i 1.705101972 4.581489286
i 1.716294109 4.581489286
i 1.727486246 4.581489286
i 1.738678383 4.581489286
i 1.749870520 4.581489286
i 1.761062657 4.581489286
i 1.772254794 4.581489286
i 1.783446931 4.581489286
i 1.794639068 4.581489286
i 1.805831205 4.581489286
i 1.817023342 4.581489286
i 1.828215479 4.581489286
i 1.581988464 4.646939133
i 1.593180601 4.646939133
i 1.604372738 4.646939133
i 1.615564875 4.646939133
i 1.626757012 4.646939133
i 1.637949149 4.646939133
i 1.649141286 4.646939133
i 1.660333423 4.646939133
i 1.671525560 4.646939133
i 1.682717697 4.646939133
i 1.693909835 4.646939133
i 1.705101972 4.646939133
i 1.716294109 4.646939133
i 1.727486246 4.646939133
i 1.738678383 4.646939133
i 1.749870520 4.646939133
i 1.761062657 4.646939133
i 1.772254794 4.646939133
i 1.783446931 4.646939133
i 1.794639068 4.646939133
i 1.805831205 4.646939133
i 1.817023342 4.646939133
i 1.828215479 4.646939133
tris
t 30 28 29
t 30 27 28
t 30 26 27
t 30 25 26
t 30 24 25
t 69 70 71
t 69 71 72
t 69 72 73
t 69 73 74
t 69 74 75
t 30 31 24
t 31 669 24
t 31 32 669
t 32 670 669
t 32 33 670
t 33 671 670
t 33 34 671
t 34 672 671
t 34 35 672
t 35 673 672
t 35 36 673
t 36 674 673
t 36 37 674
t 37 675 674
t 37 38 675
t 38 676 675
t 38 39 676
t 39 677 676
t 39 40 677
t 40 678 677
t 40 41 678
t 41 679 678
t 41 42 679
t 42 680 679
t 42 43 680
t 43 681 680
t 43 44 681
t 44 682 681
t 44 45 682
t 45 683 682
t 45 46 683
t 46 684 683
t 46 47 684
t 47 685 684
t 47 48 685
t 48 686 685
t 48 49 686
t 49 687 686
t 49 50 687
t 50 688 687
t 50 51 688
t 51 689 688
t 51 52 689
t 52 690 689
t 52 53 690
t 53 691 690
t 53 54 691
t 54 692 691
t 54 55 692
t 55 693 692
t 55 56 693
t 56 694 693
t 56 57 694
t 57 695 694
t 57 58 695
t 58 696 695
t 58 59 696
t 59 697 696
t 59 60 697
t 60 698 697
t 60 61 698
t 61 699 698
t 61 62 699
t 62 700 699
t 62 63 700
t 63 701 700
t 63 64 701
t 64 702 701
t 64 65 702
t 65 703 702
t 65 66 703
t 66 704 703
t 66 67 704
t 67 705 704
t 67 68 705
t 68 706 705
t 68 69 706
t 69 75 706
t 24 22 23
t 24 21 22
t 24 20 21
t 24 19 20
t 24 18 19
t 75 76 77
t 75 77 78
t 75 78 79
t 75 79 80
t 75 80 81
t 24 669 18
t 669 707 18
t 669 670 707
t 670 708 707
t 670 671 708
t 671 709 708
t 671 672 709
t 672 710 709
t 672 673 710
t 673 711 710
t 673 674 711
t 674 712 711
t 674 675 712
t 675 713 712
t 675 676 713
t 676 714 713
t 676 677 714
t 677 715 714
t 677 678 715
t 678 716 715
t 678 679 716
t 679 717 716
t 679 680 717
t 680 718 717
t 680 681 718
t 681 719 718
t 681 682 719
t 682 720 719
t 682 683 720
t 683 721 720
t 683 684 721
t 684 722 721
t 684 685 722
t 685 723 722
t 685 686 723
t 686 724 723
t 686 687 724
t 687 725 724
t 687 688 725
t 688 726 725
t 688 689 726
t 689 727 726
t 689 690 727
t 690 728 727
t 690 691 728
t 691 729 728
t 691 692 729
t 692 730 729
t 692 693 730
t 693 731 730
t 693 694 731
t 694 732 731
t 694 695 732
t 695 733 732
t 695 696 733
t 696 734 733
t 696 697 734
t 697 735 734
t 697 698 735
t 698 736 735
t 698 699 736
t 699 737 736
t 699 700 737
t 700 738 737
t 700 701 738
t 701 739 738
t 701 702 739
t 702 740 739
t 702 703 740
t 703 741 740
t 703 704 741
t 704 742 741
t 704 705 742
t 705 743 742
t 705 706 743
t 706 744 743
t 706 81 744
t 706 75 81
t 18 16 17
t 18 15 16
t 18 14 15
t 18 13 14
t 18 12 13
t 81 82 83
t 81 83 84
t 81 84 85
t 81 85 86
t 81 86 87
t 18 707 12
t 707 745 12
t 707 708 745
t 708 746 745
t 708 709 746
t 709 747 746
t 709 710 747
t 710 748 747
t 710 711 748
t 711 749 748
t 711 712 749
t 712 750 749
t 712 713 750
t 713 751 750
t 713 714 751
t 714 752 751
t 714 715 752
t 715 753 752
t 715 716 753
t 716 754 753
t 716 717 754
t 717 755 754
t 717 718 755
t 718 756 755
t 718 719 756
t 719 757 756
t 719 720 757
t 720 758 757
t 720 721 758
t 721 759 758
t 721 722 759
t 722 760 759
t 722 723 760
t 723 761 760
t 723 724 761
t 724 762 761
t 724 725 762
t 725 763 762
t 725 726 763
t 726 764 763
t 726 727 764
t 727 765 764
t 727 728 765
t 728 766 765
t 728 729 766
t 729 767 766
t 729 730 767
t 730 768 767
t 730 731 768
t 731 769 768
t 731 732 769
t 732 770 769
t 732 733 770
t 733 771 770
t 733 734 771
t 734 772 771
t 734 735 772
t 735 773 772
t 735 736 773
t 736 774 773
t 736 737 774
t 737 775 774
t 737 738 775
t 738 776 775
t 738 739 776
t 739 777 776
t 739 740 777
t 740 778 777
t 740 741 778
t 741 779 778
t 741 742 779
t 742 780 779
t 742 743 780
t 743 781 780
t 743 744 781
t 744 782 781
t 744 87 782
t 744 81 87
t 12 10 11
t 12 9 10
t 12 8 9
t 12 7 8
t 12 6 7
t 87 88 89
t 87 89 90
t 87 90 91
t 87 91 92
t 87 92 93
t 12 745 6
t 745 783 6
t 745 746 783
t 746 784 783
t 746 747 784
t 747 785 784
t 747 748 785
t 748 786 785
t 748 749 786
t 749 787 786
t 749 750 787
t 750 788 787
t 750 751 788
t 751 789 788
t 751 752 789
t 752 790 789
t 752 753 790
t 753 791 790
t 753 754 791
t 754 792 791
t 754 755 792
t 755 793 792
t 755 756 793
t 756 794 793
t 756 757 794
t 757 795 794
t 757 758 795
t 758 796 795
t 758 759 796
t 759 797 796
t 759 760 797
t 760 798 797
t 760 761 798
t 761 799 798
t 761 762 799
t 762 800 799
t 762 763 800
t 763 801 800
t 763 764 801
t 764 802 801
t 764 765 802
t 765 803 802
t 765 766 803
t 766 804 803
t 766 767 804
t 767 805 804
t 767 768 805
t 768 806 805
t 768 769 806
t 769 807 806
t 769 770 807
t 770 808 807
t 770 771 808
t 771 809 808
t 771 772 809
t 772 810 809
t 772 773 810
t 773 811 810
t 773 774 811
t 774 812 811
t 774 775 812
t 775 813 812
t 775 776 813
t 776 814 813
t 776 777 814
t 777 815 814
t 777 778 815
t 778 816 815
t 778 779 816
t 779 817 816
t 779 780 817
t 780 818 817
t 780 781 818
t 781 819 818
t 781 782 819
t 782 820 819
t 782 93 820
t 782 87 93
t 6 4 5
t 6 3 4
t 6 2 3
t 6 1 2
t 6 0 1
t 6 139 0
t 93 94 95
t 93 95 96
t 93 96 97
t 93 97 98
t 93 98 99
t 93 99 100
t 6 783 139
t 783 138 139
t 783 784 138
t 784 137 138
t 784 785 137
t 785 136 137
t 785 786 136
t 786 135 136
t 786 787 135
t 787 134 135
t 787 788 134
t 788 133 134
t 788 789 133
t 789 132 133
t 789 790 132
t 790 131 132
t 790 791 131
t 791 130 131
t 791 792 130
t 792 129 130
t 792 793 129
t 793 128 129
t 793 794 128
t 794 127 128
t 794 795 127
t 795 126 127
t 795 796 126
t 796 125 126
t 796 797 125
t 797 124 125
t 797 798 124
t 798 123 124
t 798 799 123
t 799 122 123
t 799 800 122
t 800 121 122
t 800 801 121
t 801 120 121
t 801 802 120
t 802 119 120
t 802 803 119
t 803 118 119
t 803 804 118
t 804 117 118
t 804 805 117
t 805 116 117
t 805 806 116
t 806 115 116
t 806 807 115
t 807 114 115
t 807 808 114
t 808 113 114
t 808 809 113
t 809 112 113
t 809 810 112
t 810 111 112
t 810 811 111
t 811 110 111
t 811 812 110
t 812 109 110
t 812 813 109
t 813 108 109
t 813 814 108
t 814 107 108
t 814 815 107
t 815 106 107
t 815 816 106
t 816 105 106
t 816 817 105
t 817 104 105
t 817 818 104
t 818 103 104
t 818 819 103
t 819 102 103
t 819 820 102
t 820 101 102
t 820 100 101
t 820 93 100
