type=Nurbs forward=false n_boundary=141 n_holes=0 n_interior=217 n_tris=665 label=brep47598_f78_Nurbs(deg=3/3, cps=4x12)
boundary
b 0.833251377 0.000000000
b 0.833248665 0.014287235
b 0.833244483 0.028621034
b 0.833241688 0.043005513
b 0.833241884 0.057445222
b 0.833245289 0.071945106
b 0.833250603 0.086510471
b 0.833254885 0.101146946
b 0.833253449 0.115860435
b 0.833243401 0.130657372
b 0.833230592 0.145545138
b 0.833220754 0.160531912
b 0.833217395 0.175626628
b 0.833221661 0.190838912
b 0.833232221 0.206179032
b 0.833245177 0.221657829
b 0.833254035 0.237286643
b 0.833254513 0.253074573
b 0.833250074 0.269026350
b 0.833244517 0.285147128
b 0.833240746 0.301443081
b 0.833240537 0.317921414
b 0.833244337 0.334590373
b 0.833251086 0.351459248
b 0.833258094 0.368538251
b 0.833262624 0.385833485
b 0.833264154 0.403345385
b 0.833263140 0.421074900
b 0.833260568 0.439024018
b 0.833257661 0.457195841
b 0.833255584 0.475594654
b 0.833255193 0.494225992
b 0.833256684 0.513096275
b 0.833258046 0.532205564
b 0.833257123 0.551548163
b 0.833253552 0.571118979
b 0.833248383 0.590913873
b 0.833243637 0.610929767
b 0.833241873 0.631164742
b 0.833245785 0.651618124
b 0.833257096 0.672289460
b 0.833270798 0.693168513
b 0.833280893 0.714239269
b 0.833284644 0.735486090
b 0.833281895 0.756893935
b 0.833274323 0.778448494
b 0.833264704 0.800136311
b 0.833256188 0.821944879
b 0.833251177 0.843863467
b 0.833248980 0.865886406
b 0.833248341 0.888009708
b 0.833248535 0.910229462
b 0.833249181 0.932541877
b 0.833250061 0.954943336
b 0.833250935 0.977430429
b 0.833251377 1.000000000
b 0.811839154 0.977418391
b 0.790850381 0.954919372
b 0.770256726 0.932506030
b 0.750032029 0.910181790
b 0.730151903 0.887950339
b 0.710593350 0.865815553
b 0.691334405 0.843781411
b 0.672353791 0.821851910
b 0.653636464 0.800032621
b 0.635183651 0.778334156
b 0.617000586 0.756768957
b 0.599093387 0.735350469
b 0.581468239 0.714093060
b 0.564130539 0.693011907
b 0.547084016 0.672122861
b 0.530329851 0.651442202
b 0.513867415 0.630980171
b 0.497697788 0.610736831
b 0.481824038 0.590712574
b 0.466250594 0.570909204
b 0.450982620 0.551329860
b 0.436025344 0.531978916
b 0.421383360 0.512861860
b 0.407059987 0.493984877
b 0.393058621 0.475347440
b 0.379384847 0.456941912
b 0.366046020 0.438761902
b 0.353050808 0.420802680
b 0.340408699 0.403061117
b 0.328129453 0.385535606
b 0.316222525 0.368225964
b 0.304696364 0.351132714
b 0.293557721 0.334249449
b 0.282814512 0.317565433
b 0.272477204 0.301071625
b 0.262558439 0.284760809
b 0.253072576 0.268627558
b 0.244035143 0.252668197
b 0.235462236 0.236880739
b 0.227368067 0.221263545
b 0.219752769 0.205805834
b 0.212613232 0.190492702
b 0.205951253 0.175310451
b 0.199773487 0.160246698
b 0.194091255 0.145290438
b 0.188920271 0.130432110
b 0.184280279 0.115663660
b 0.180190016 0.100978254
b 0.176647355 0.086369097
b 0.173645692 0.071829825
b 0.171181789 0.057354619
b 0.169255564 0.042938258
b 0.167869828 0.028576167
b 0.167029976 0.014264465
b 0.166743643 0.000000000
b 0.189909141 0.000000000
b 0.212723887 0.000000000
b 0.235218429 0.000000000
b 0.257421822 0.000000000
b 0.279361790 0.000000000
b 0.301064874 0.000000000
b 0.322556569 0.000000000
b 0.343861451 0.000000000
b 0.365003293 0.000000000
b 0.386005177 0.000000000
b 0.406889599 0.000000000
b 0.427678567 0.000000000
b 0.448393693 0.000000000
b 0.469056290 0.000000000
b 0.489687452 0.000000000
b 0.510308150 0.000000000
b 0.530939308 0.000000000
b 0.551601895 0.000000000
b 0.572317009 0.000000000
b 0.593105958 0.000000000
b 0.613990358 0.000000000
b 0.634992214 0.000000000
b 0.656134024 0.000000000
b 0.677438868 0.000000000
b 0.698930521 0.000000000
b 0.720633557 0.000000000
b 0.742573472 0.000000000
b 0.764776806 0.000000000
b 0.787271283 0.000000000
b 0.810085957 0.000000000
interior
i 0.250061269 0.125000000
i 0.333378894 0.125000000
i 0.416696519 0.125000000
i 0.500014144 0.125000000
i 0.583331769 0.125000000
i 0.666649394 0.125000000
i 0.749967019 0.125000000
i 0.250061269 0.250000000
i 0.333378894 0.250000000
i 0.416696519 0.250000000
i 0.500014144 0.250000000
i 0.583331769 0.250000000
i 0.666649394 0.250000000
i 0.749967019 0.250000000
i 0.333378894 0.375000000
i 0.416696519 0.375000000
i 0.500014144 0.375000000
i 0.583331769 0.375000000
i 0.666649394 0.375000000
i 0.749967019 0.375000000
i 0.416696519 0.500000000
i 0.500014144 0.500000000
i 0.583331769 0.500000000
i 0.666649394 0.500000000
i 0.749967019 0.500000000
i 0.583331769 0.625000000
i 0.666649394 0.625000000
i 0.749967019 0.625000000
i 0.666649394 0.750000000
i 0.749967019 0.750000000
i 0.749967019 0.875000000
i 0.208402456 0.062500000
i 0.187573050 0.031250000
i 0.229231862 0.031250000
i 0.187573050 0.093750000
i 0.229231862 0.093750000
i 0.291720081 0.062500000
i 0.270890675 0.031250000
i 0.312549487 0.031250000
i 0.270890675 0.093750000
i 0.312549487 0.093750000
i 0.291720081 0.187500000
i 0.270890675 0.156250000
i 0.312549487 0.156250000
i 0.270890675 0.218750000
i 0.312549487 0.218750000
i 0.291720081 0.312500000
i 0.270890675 0.281250000
i 0.312549487 0.281250000
i 0.312549487 0.343750000
i 0.375037706 0.062500000
i 0.354208300 0.031250000
i 0.395867112 0.031250000
i 0.354208300 0.093750000
i 0.395867112 0.093750000
i 0.375037706 0.187500000
i 0.354208300 0.156250000
i 0.395867112 0.156250000
i 0.354208300 0.218750000
i 0.395867112 0.218750000
i 0.375037706 0.312500000
i 0.354208300 0.281250000
i 0.395867112 0.281250000
i 0.354208300 0.343750000
i 0.395867112 0.343750000
i 0.375037706 0.437500000
i 0.354208300 0.406250000
i 0.395867112 0.406250000
i 0.395867112 0.468750000
i 0.458355331 0.062500000
i 0.437525925 0.031250000
i 0.479184737 0.031250000
i 0.437525925 0.093750000
i 0.479184737 0.093750000
i 0.458355331 0.187500000
i 0.437525925 0.156250000
i 0.479184737 0.156250000
i 0.437525925 0.218750000
i 0.479184737 0.218750000
i 0.458355331 0.312500000
i 0.437525925 0.281250000
i 0.479184737 0.281250000
i 0.437525925 0.343750000
i 0.479184737 0.343750000
i 0.458355331 0.437500000
i 0.437525925 0.406250000
i 0.479184737 0.406250000
i 0.437525925 0.468750000
i 0.479184737 0.468750000
i 0.541672956 0.062500000
i 0.520843550 0.031250000
i 0.562502363 0.031250000
i 0.520843550 0.093750000
i 0.562502363 0.093750000
i 0.541672956 0.187500000
i 0.520843550 0.156250000
i 0.562502363 0.156250000
i 0.520843550 0.218750000
i 0.562502363 0.218750000
i 0.541672956 0.312500000
i 0.520843550 0.281250000
i 0.562502363 0.281250000
i 0.520843550 0.343750000
i 0.562502363 0.343750000
i 0.541672956 0.437500000
i 0.520843550 0.406250000
i 0.562502363 0.406250000
i 0.520843550 0.468750000
i 0.562502363 0.468750000
i 0.541672956 0.562500000
i 0.520843550 0.531250000
i 0.562502363 0.531250000
i 0.520843550 0.593750000
i 0.562502363 0.593750000
i 0.624990581 0.062500000
i 0.604161175 0.031250000
i 0.645819988 0.031250000
i 0.604161175 0.093750000
i 0.645819988 0.093750000
i 0.624990581 0.187500000
i 0.604161175 0.156250000
i 0.645819988 0.156250000
i 0.604161175 0.218750000
i 0.645819988 0.218750000
i 0.624990581 0.312500000
i 0.604161175 0.281250000
i 0.645819988 0.281250000
i 0.604161175 0.343750000
i 0.645819988 0.343750000
i 0.624990581 0.437500000
i 0.604161175 0.406250000
i 0.645819988 0.406250000
i 0.604161175 0.468750000
i 0.645819988 0.468750000
i 0.624990581 0.562500000
i 0.604161175 0.531250000
i 0.645819988 0.531250000
i 0.604161175 0.593750000
i 0.645819988 0.593750000
i 0.624990581 0.687500000
i 0.604161175 0.656250000
i 0.645819988 0.656250000
i 0.604161175 0.718750000
i 0.645819988 0.718750000
i 0.708308206 0.062500000
i 0.687478800 0.031250000
i 0.729137613 0.031250000
i 0.687478800 0.093750000
i 0.729137613 0.093750000
i 0.708308206 0.187500000
i 0.687478800 0.156250000
i 0.729137613 0.156250000
i 0.687478800 0.218750000
i 0.729137613 0.218750000
i 0.708308206 0.312500000
i 0.687478800 0.281250000
i 0.729137613 0.281250000
i 0.687478800 0.343750000
i 0.729137613 0.343750000
i 0.708308206 0.437500000
i 0.687478800 0.406250000
i 0.729137613 0.406250000
i 0.687478800 0.468750000
i 0.729137613 0.468750000
i 0.708308206 0.562500000
i 0.687478800 0.531250000
i 0.729137613 0.531250000
i 0.687478800 0.593750000
i 0.729137613 0.593750000
i 0.708308206 0.687500000
i 0.687478800 0.656250000
i 0.729137613 0.656250000
i 0.687478800 0.718750000
i 0.729137613 0.718750000
i 0.708308206 0.812500000
i 0.687478800 0.781250000
i 0.729137613 0.781250000
i 0.729137613 0.843750000
i 0.791625832 0.062500000
i 0.770796425 0.031250000
i 0.812455238 0.031250000
i 0.770796425 0.093750000
i 0.812455238 0.093750000
i 0.791625832 0.187500000
i 0.770796425 0.156250000
i 0.812455238 0.156250000
i 0.770796425 0.218750000
i 0.812455238 0.218750000
i 0.791625832 0.312500000
i 0.770796425 0.281250000
i 0.812455238 0.281250000
i 0.770796425 0.343750000
i 0.812455238 0.343750000
i 0.791625832 0.437500000
i 0.770796425 0.406250000
i 0.812455238 0.406250000
i 0.770796425 0.468750000
i 0.812455238 0.468750000
i 0.791625832 0.562500000
i 0.770796425 0.531250000
i 0.812455238 0.531250000
i 0.770796425 0.593750000
i 0.812455238 0.593750000
i 0.791625832 0.687500000
i 0.770796425 0.656250000
i 0.812455238 0.656250000
i 0.770796425 0.718750000
i 0.812455238 0.718750000
i 0.791625832 0.812500000
i 0.770796425 0.781250000
i 0.812455238 0.781250000
i 0.770796425 0.843750000
i 0.812455238 0.843750000
i 0.791625832 0.937500000
i 0.770796425 0.906250000
i 0.812455238 0.906250000
i 0.812455238 0.968750000
tris
t 110 108 109
t 110 107 108
t 110 106 107
t 110 105 106
t 110 104 105
t 110 103 104
t 110 102 103
t 110 101 102
t 110 100 101
t 110 99 100
t 0 1 2
t 0 2 3
t 0 3 4
t 0 4 5
t 0 5 6
t 0 6 7
t 0 7 8
t 0 8 9
t 0 9 10
t 0 10 11
t 110 111 99
t 111 358 99
t 111 359 358
t 111 112 359
t 112 360 359
t 112 361 360
t 112 362 361
t 112 113 362
t 113 363 362
t 113 364 363
t 113 365 364
t 113 366 365
t 113 114 366
t 114 367 366
t 114 368 367
t 114 369 368
t 114 115 369
t 115 370 369
t 115 371 370
t 115 372 371
t 115 116 372
t 116 373 372
t 116 374 373
t 116 375 374
t 116 117 375
t 117 376 375
t 117 377 376
t 117 378 377
t 117 118 378
t 118 379 378
t 118 380 379
t 118 119 380
t 119 381 380
t 119 382 381
t 119 383 382
t 119 120 383
t 120 384 383
t 120 385 384
t 120 121 385
t 121 386 385
t 121 387 386
t 121 388 387
t 121 122 388
t 122 389 388
t 122 390 389
t 122 123 390
t 123 391 390
t 123 392 391
t 123 393 392
t 123 124 393
t 124 394 393
t 124 395 394
t 124 125 395
t 125 396 395
t 125 397 396
t 125 126 397
t 126 398 397
t 126 399 398
t 126 400 399
t 126 127 400
t 127 401 400
t 127 402 401
t 127 128 402
t 128 403 402
t 128 404 403
t 128 129 404
t 129 405 404
t 129 406 405
t 129 130 406
t 130 407 406
t 130 408 407
t 130 131 408
t 131 409 408
t 131 410 409
t 131 132 410
t 132 411 410
t 132 412 411
t 132 413 412
t 132 133 413
t 133 414 413
t 133 415 414
t 133 134 415
t 134 416 415
t 134 417 416
t 134 135 417
t 135 418 417
t 135 419 418
t 135 136 419
t 136 420 419
t 136 421 420
t 136 137 421
t 137 422 421
t 137 423 422
t 137 138 423
t 138 424 423
t 138 425 424
t 138 139 425
t 139 426 425
t 139 427 426
t 139 140 427
t 140 428 427
t 140 429 428
t 140 430 429
t 140 11 430
t 140 0 11
t 99 97 98
t 99 96 97
t 99 95 96
t 99 94 95
t 99 93 94
t 99 92 93
t 99 91 92
t 99 90 91
t 99 89 90
t 11 12 13
t 11 13 14
t 11 14 15
t 11 15 16
t 11 16 17
t 11 17 18
t 11 18 19
t 11 19 20
t 11 20 21
t 99 358 89
t 358 359 89
t 359 360 89
t 360 361 89
t 361 362 89
t 362 363 89
t 363 364 89
t 364 365 89
t 365 366 89
t 366 367 89
t 367 368 89
t 368 369 89
t 369 370 89
t 370 371 89
t 371 372 89
t 372 431 89
t 372 373 431
t 373 432 431
t 373 374 432
t 374 433 432
t 374 375 433
t 375 434 433
t 375 376 434
t 376 435 434
t 376 377 435
t 377 436 435
t 377 378 436
t 378 437 436
t 378 379 437
t 379 438 437
t 379 380 438
t 380 439 438
t 380 381 439
t 381 440 439
t 381 382 440
t 382 441 440
t 382 383 441
t 383 442 441
t 383 384 442
t 384 443 442
t 384 385 443
t 385 444 443
t 385 386 444
t 386 445 444
t 386 387 445
t 387 446 445
t 387 388 446
t 388 447 446
t 388 389 447
t 389 448 447
t 389 390 448
t 390 449 448
t 390 391 449
t 391 450 449
t 391 392 450
t 392 451 450
t 392 393 451
t 393 452 451
t 393 394 452
t 394 453 452
t 394 395 453
t 395 454 453
t 395 396 454
t 396 455 454
t 396 397 455
t 397 456 455
t 397 398 456
t 398 457 456
t 398 399 457
t 399 458 457
t 399 400 458
t 400 459 458
t 400 401 459
t 401 460 459
t 401 402 460
t 402 461 460
t 402 403 461
t 403 462 461
t 403 404 462
t 404 463 462
t 404 405 463
t 405 464 463
t 405 406 464
t 406 465 464
t 406 407 465
t 407 466 465
t 407 408 466
t 408 467 466
t 408 409 467
t 409 468 467
t 409 410 468
t 410 469 468
t 410 411 469
t 411 470 469
t 411 412 470
t 412 471 470
t 412 413 471
t 413 472 471
t 413 414 472
t 414 473 472
t 414 415 473
t 415 474 473
t 415 416 474
t 416 475 474
t 416 417 475
t 417 476 475
t 417 418 476
t 418 477 476
t 418 419 477
t 419 478 477
t 419 420 478
t 420 479 478
t 420 421 479
t 421 480 479
t 421 422 480
t 422 481 480
t 422 423 481
t 423 482 481
t 423 424 482
t 424 483 482
t 424 425 483
t 425 484 483
t 425 426 484
t 426 485 484
t 426 427 485
t 427 486 485
t 427 428 486
t 428 487 486
t 428 429 487
t 429 488 487
t 429 430 488
t 430 489 488
t 430 11 489
t 11 490 489
t 11 491 490
t 11 492 491
t 11 493 492
t 11 21 493
t 89 87 88
t 89 86 87
t 89 85 86
t 89 84 85
t 89 83 84
t 89 82 83
t 89 81 82
t 89 80 81
t 89 79 80
t 21 22 23
t 21 23 24
t 21 24 25
t 21 25 26
t 21 26 27
t 21 27 28
t 21 28 29
t 21 29 30
t 21 30 31
t 89 431 79
t 431 432 79
t 432 433 79
t 433 434 79
t 434 435 79
t 435 436 79
t 436 437 79
t 437 438 79
t 438 439 79
t 439 440 79
t 440 441 79
t 441 442 79
t 442 443 79
t 443 444 79
t 444 445 79
t 445 446 79
t 446 447 79
t 447 494 79
t 447 448 494
t 448 495 494
t 448 449 495
t 449 496 495
t 449 450 496
t 450 497 496
t 450 451 497
t 451 498 497
t 451 452 498
t 452 499 498
t 452 453 499
t 453 500 499
t 453 454 500
t 454 501 500
t 454 455 501
t 455 502 501
t 455 456 502
t 456 503 502
t 456 457 503
t 457 504 503
t 457 458 504
t 458 505 504
t 458 459 505
t 459 506 505
t 459 460 506
t 460 507 506
t 460 461 507
t 461 508 507
t 461 462 508
t 462 509 508
t 462 463 509
t 463 510 509
t 463 464 510
t 464 511 510
t 464 465 511
t 465 512 511
t 465 466 512
t 466 513 512
t 466 467 513
t 467 514 513
t 467 468 514
t 468 515 514
t 468 469 515
t 469 516 515
t 469 470 516
t 470 517 516
t 470 471 517
t 471 518 517
t 471 472 518
t 472 519 518
t 472 473 519
t 473 520 519
t 473 474 520
t 474 521 520
t 474 475 521
t 475 522 521
t 475 476 522
t 476 523 522
t 476 477 523
t 477 524 523
t 477 478 524
t 478 525 524
t 478 479 525
t 479 526 525
t 479 480 526
t 480 527 526
t 480 481 527
t 481 528 527
t 481 482 528
t 482 529 528
t 482 483 529
t 483 530 529
t 483 484 530
t 484 531 530
t 484 485 531
t 485 532 531
t 485 486 532
t 486 533 532
t 486 487 533
t 487 534 533
t 487 488 534
t 488 535 534
t 488 489 535
t 489 536 535
t 489 490 536
t 490 537 536
t 490 491 537
t 491 538 537
t 491 492 538
t 492 539 538
t 492 493 539
t 493 540 539
t 493 21 540
t 21 541 540
t 21 542 541
t 21 543 542
t 21 544 543
t 21 545 544
t 21 546 545
t 21 547 546
t 21 548 547
t 21 549 548
t 21 550 549
t 21 551 550
t 21 31 551
t 79 77 78
t 79 76 77
t 79 75 76
t 79 74 75
t 79 73 74
t 79 72 73
t 79 71 72
t 31 32 33
t 31 33 34
t 31 34 35
t 31 35 36
t 31 36 37
t 31 37 38
t 31 38 39
t 79 494 71
t 494 495 71
t 495 496 71
t 496 497 71
t 497 498 71
t 498 499 71
t 499 500 71
t 500 501 71
t 501 502 71
t 502 503 71
t 503 504 71
t 504 505 71
t 505 506 71
t 506 507 71
t 507 552 71
t 507 508 552
t 508 553 552
t 508 509 553
t 509 554 553
t 509 510 554
t 510 555 554
t 510 511 555
t 511 556 555
t 511 512 556
t 512 557 556
t 512 513 557
t 513 558 557
t 513 514 558
t 514 559 558
t 514 515 559
t 515 560 559
t 515 516 560
t 516 561 560
t 516 517 561
t 517 562 561
t 517 518 562
t 518 563 562
t 518 519 563
t 519 564 563
t 519 520 564
t 520 565 564
t 520 521 565
t 521 566 565
t 521 522 566
t 522 567 566
t 522 523 567
t 523 568 567
t 523 524 568
t 524 569 568
t 524 525 569
t 525 570 569
t 525 526 570
t 526 571 570
t 526 527 571
t 527 572 571
t 527 528 572
t 528 573 572
t 528 529 573
t 529 574 573
t 529 530 574
t 530 575 574
t 530 531 575
t 531 576 575
t 531 532 576
t 532 577 576
t 532 533 577
t 533 578 577
t 533 534 578
t 534 579 578
t 534 535 579
t 535 580 579
t 535 536 580
t 536 581 580
t 536 537 581
t 537 582 581
t 537 538 582
t 538 583 582
t 538 539 583
t 539 584 583
t 539 540 584
t 540 585 584
t 540 541 585
t 541 586 585
t 541 542 586
t 542 587 586
t 542 543 587
t 543 588 587
t 543 544 588
t 544 589 588
t 544 545 589
t 545 39 589
t 545 546 39
t 546 547 39
t 547 548 39
t 548 549 39
t 549 550 39
t 550 551 39
t 551 31 39
t 71 69 70
t 71 68 69
t 71 67 68
t 71 66 67
t 71 65 66
t 71 64 65
t 71 63 64
t 39 40 41
t 39 41 42
t 39 42 43
t 39 43 44
t 39 44 45
t 39 45 46
t 39 46 47
t 71 552 63
t 552 553 63
t 553 554 63
t 554 555 63
t 555 556 63
t 556 557 63
t 557 558 63
t 558 559 63
t 559 560 63
t 560 561 63
t 561 562 63
t 562 563 63
t 563 564 63
t 564 565 63
t 565 566 63
t 566 567 63
t 567 590 63
t 567 568 590
t 568 591 590
t 568 569 591
t 569 592 591
t 569 570 592
t 570 593 592
t 570 571 593
t 571 594 593
t 571 572 594
t 572 595 594
t 572 573 595
t 573 596 595
t 573 574 596
t 574 597 596
t 574 575 597
t 575 598 597
t 575 576 598
t 576 599 598
t 576 577 599
t 577 600 599
t 577 578 600
t 578 601 600
t 578 579 601
t 579 602 601
t 579 580 602
t 580 603 602
t 580 581 603
t 581 604 603
t 581 582 604
t 582 605 604
t 582 583 605
t 583 606 605
t 583 584 606
t 584 607 606
t 584 585 607
t 585 608 607
t 585 586 608
t 586 609 608
t 586 587 609
t 587 610 609
t 587 588 610
t 588 611 610
t 588 589 611
t 589 612 611
t 589 613 612
t 589 39 613
t 39 614 613
t 39 615 614
t 39 616 615
t 39 617 616
t 39 618 617
t 39 619 618
t 39 620 619
t 39 47 620
t 63 61 62
t 63 60 61
t 63 59 60
t 63 58 59
t 63 57 58
t 63 56 57
t 63 55 56
t 47 48 49
t 47 49 50
t 47 50 51
t 47 51 52
t 47 52 53
t 47 53 54
t 47 54 55
t 63 590 55
t 590 591 55
t 591 592 55
t 592 593 55
t 593 594 55
t 594 595 55
t 595 596 55
t 596 597 55
t 597 598 55
t 598 599 55
t 599 600 55
t 600 601 55
t 601 602 55
t 602 603 55
t 603 604 55
t 604 605 55
t 605 606 55
t 606 607 55
t 607 608 55
t 608 609 55
t 609 610 55
t 610 611 55
t 611 612 55
t 612 613 55
t 613 614 55
t 614 615 55
t 615 616 55
t 616 617 55
t 617 618 55
t 618 619 55
t 619 620 55
t 620 47 55
