type=Torus forward=true n_boundary=174 n_holes=0 n_interior=0 n_tris=172 label=brep32629_f22_Torus
boundary
b 1.336969404 0.000000000
b 1.329534635 0.000000000
b 1.322099865 0.000000000
b 1.314665096 0.000000000
b 1.307230326 0.000000000
b 1.299795557 0.000000000
b 1.292360787 0.000000000
b 1.284926018 0.000000000
b 1.277491248 0.000000000
b 1.270056478 0.000000000
b 1.262621709 0.000000000
b 1.255186939 0.000000000
b 1.247752170 0.000000000
b 1.240317400 0.000000000
b 1.232882631 0.000000000
b 1.225447861 0.000000000
b 1.218013092 0.000000000
b 1.210578322 0.000000000
b 1.203143553 0.000000000
b 1.195708783 0.000000000
b 1.188274013 0.000000000
b 1.180839244 0.000000000
b 1.173404474 0.000000000
b 1.165969705 0.000000000
b 1.158534935 0.000000000
b 1.151100166 0.000000000
b 1.143665396 0.000000000
b 1.136230627 0.000000000
b 1.128795857 0.000000000
b 1.121361088 0.000000000
b 1.113926318 0.000000000
b 1.106491548 0.000000000
b 1.106880466 0.785398163
b 1.106866814 0.770848171
b 1.106853416 0.756355034
b 1.106840269 0.741914309
b 1.106827373 0.727521485
b 1.106814724 0.713171992
b 1.106802321 0.698861212
b 1.106790163 0.684584484
b 1.106778247 0.670337114
b 1.106766572 0.656114378
b 1.106755135 0.641911535
b 1.106743936 0.627723829
b 1.106732972 0.613546498
b 1.106722241 0.599374782
b 1.106711741 0.585203927
b 1.106701472 0.571029192
b 1.106691430 0.556845858
b 1.106681615 0.542649233
b 1.106672024 0.528434658
b 1.106662656 0.514197863
b 1.106653512 0.499938669
b 1.106644595 0.485659562
b 1.106635906 0.471363132
b 1.106627449 0.457052019
b 1.106619226 0.442728906
b 1.106611240 0.428396513
b 1.106603492 0.414057587
b 1.106595987 0.399714897
b 1.106588725 0.385371224
b 1.106581711 0.371029351
b 1.106574945 0.356692060
b 1.106568432 0.342362121
b 1.106562173 0.328042285
b 1.106556172 0.313735276
b 1.106550429 0.299443781
b 1.106544950 0.285170447
b 1.106539735 0.270917871
b 1.106534787 0.256688547
b 1.106530108 0.242482297
b 1.106525698 0.228294842
b 1.106521557 0.214121514
b 1.106517684 0.199957613
b 1.106514080 0.185798413
b 1.106510743 0.171639167
b 1.106507675 0.157475117
b 1.106504874 0.143301499
b 1.106502340 0.129113547
b 1.106500074 0.114906504
b 1.106498075 0.100675628
b 1.106496342 0.086416196
b 1.106494877 0.072123516
b 1.106493678 0.057792927
b 1.106492746 0.043419816
b 1.106492081 0.028999617
b 1.106491682 0.014527825
b 1.106491548 0.000000000
b 1.113926318 0.000000000
b 1.121361088 0.000000000
b 1.128795857 0.000000000
b 1.136230627 0.000000000
b 1.143665396 0.000000000
b 1.151100166 0.000000000
b 1.158534935 0.000000000
b 1.165969705 0.000000000
b 1.173404474 0.000000000
b 1.180839244 0.000000000
b 1.188274013 0.000000000
b 1.195708783 0.000000000
b 1.203143553 0.000000000
b 1.210578322 0.000000000
b 1.218013092 0.000000000
b 1.225447861 0.000000000
b 1.232882631 0.000000000
b 1.240317400 0.000000000
b 1.247752170 0.000000000
b 1.255186939 0.000000000
b 1.262621709 0.000000000
b 1.270056478 0.000000000
b 1.277491248 0.000000000
b 1.284926018 0.000000000
b 1.292360787 0.000000000
b 1.299795557 0.000000000
b 1.307230326 0.000000000
b 1.314665096 0.000000000
b 1.322099865 0.000000000
b 1.329534635 0.000000000
b 1.336969404 0.000000000
b 1.336969271 0.014527825
b 1.336968872 0.028999617
b 1.336968206 0.043419816
b 1.336967274 0.057792927
b 1.336966076 0.072123516
b 1.336964610 0.086416196
b 1.336962878 0.100675628
b 1.336960879 0.114906504
b 1.336958613 0.129113547
b 1.336956079 0.143301499
b 1.336953278 0.157475117
b 1.336950209 0.171639167
b 1.336946873 0.185798413
b 1.336943268 0.199957613
b 1.336939396 0.214121514
b 1.336935254 0.228294842
b 1.336930845 0.242482297
b 1.336926166 0.256688547
b 1.336921218 0.270917871
b 1.336916003 0.285170447
b 1.336910523 0.299443781
b 1.336904781 0.313735276
b 1.336898779 0.328042285
b 1.336892521 0.342362121
b 1.336886007 0.356692060
b 1.336879242 0.371029351
b 1.336872227 0.385371224
b 1.336864966 0.399714897
b 1.336857460 0.414057587
b 1.336849713 0.428396513
b 1.336841727 0.442728906
b 1.336833503 0.457052019
b 1.336825046 0.471363132
b 1.336816358 0.485659562
b 1.336807440 0.499938669
b 1.336798296 0.514197863
b 1.336788929 0.528434658
b 1.336779338 0.542649233
b 1.336769523 0.556845858
b 1.336759481 0.571029192
b 1.336749212 0.585203927
b 1.336738712 0.599374782
b 1.336727981 0.613546498
b 1.336717017 0.627723829
b 1.336705817 0.641911535
b 1.336694381 0.656114378
b 1.336682706 0.670337114
b 1.336670790 0.684584484
b 1.336658631 0.698861212
b 1.336646229 0.713171992
b 1.336633580 0.727521485
b 1.336620683 0.741914309
b 1.336607537 0.756355034
b 1.336594138 0.770848171
b 1.336580486 0.785398163
interior
tris
t 0 172 173
t 0 171 172
t 0 170 171
t 0 169 170
t 0 168 169
t 0 167 168
t 0 166 167
t 0 165 166
t 0 164 165
t 0 163 164
t 0 162 163
t 0 161 162
t 0 160 161
t 0 159 160
t 0 158 159
t 0 157 158
t 0 156 157
t 0 155 156
t 0 154 155
t 0 153 154
t 0 152 153
t 0 151 152
t 0 150 151
t 0 149 150
t 0 148 149
t 0 147 148
t 0 146 147
t 0 145 146
t 0 144 145
t 0 143 144
t 0 142 143
t 0 141 142
t 0 140 141
t 0 139 140
t 0 138 139
t 0 137 138
t 0 136 137
t 0 135 136
t 0 134 135
t 0 133 134
t 0 132 133
t 0 131 132
t 0 130 131
t 0 129 130
t 0 128 129
t 0 127 128
t 0 126 127
t 0 125 126
t 0 124 125
t 0 123 124
t 0 122 123
t 0 121 122
t 0 120 121
t 0 119 120
t 0 118 119
t 0 117 118
t 0 116 117
t 0 115 116
t 0 114 115
t 0 113 114
t 0 112 113
t 0 111 112
t 0 110 111
t 0 109 110
t 0 108 109
t 0 107 108
t 0 106 107
t 0 105 106
t 0 104 105
t 0 103 104
t 0 102 103
t 0 101 102
t 0 100 101
t 0 99 100
t 0 98 99
t 0 97 98
t 0 96 97
t 0 95 96
t 0 94 95
t 0 93 94
t 0 92 93
t 0 91 92
t 0 90 91
t 0 89 90
t 0 88 89
t 0 87 88
t 0 86 87
t 0 85 86
t 0 84 85
t 0 83 84
t 0 82 83
t 0 81 82
t 0 80 81
t 0 79 80
t 0 78 79
t 0 77 78
t 0 76 77
t 0 75 76
t 0 74 75
t 0 73 74
t 0 72 73
t 0 71 72
t 0 70 71
t 0 69 70
t 0 68 69
t 0 67 68
t 0 66 67
t 0 65 66
t 0 64 65
t 0 63 64
t 0 62 63
t 0 61 62
t 0 60 61
t 0 59 60
t 0 58 59
t 0 57 58
t 0 56 57
t 0 55 56
t 0 54 55
t 0 53 54
t 0 52 53
t 0 51 52
t 0 50 51
t 0 49 50
t 0 48 49
t 0 47 48
t 0 46 47
t 0 45 46
t 0 44 45
t 0 43 44
t 0 42 43
t 0 41 42
t 0 40 41
t 0 39 40
t 0 38 39
t 0 37 38
t 0 36 37
t 0 35 36
t 0 34 35
t 0 33 34
t 0 32 33
t 31 32 30
t 30 32 29
t 29 32 28
t 28 32 27
t 27 32 26
t 26 32 25
t 25 32 24
t 24 32 23
t 23 32 22
t 22 32 21
t 21 32 20
t 20 32 19
t 19 32 18
t 18 32 17
t 17 32 16
t 16 32 15
t 15 32 14
t 14 32 13
t 13 32 12
t 12 32 11
t 11 32 10
t 10 32 9
t 9 32 8
t 8 32 7
t 7 32 6
t 6 32 5
t 5 32 4
t 4 32 3
t 3 32 2
t 2 32 1
t 1 32 0
