type=Nurbs forward=false n_boundary=223 n_holes=0 n_interior=38 n_tris=241 label=brep62542_f217_Nurbs(deg=3/3, cps=9x9)
boundary
b 0.407242778 0.239099584
b 0.407752721 0.242783410
b 0.408608398 0.246532730
b 0.409814776 0.250336479
b 0.411376817 0.254183381
b 0.413299486 0.258062077
b 0.415588635 0.261963104
b 0.418255158 0.265888659
b 0.421311740 0.269845086
b 0.424771122 0.273838804
b 0.428646094 0.277876294
b 0.432949488 0.281964092
b 0.437692681 0.286107442
b 0.442875348 0.290300876
b 0.448491735 0.294533638
b 0.454536278 0.298794704
b 0.461003647 0.303072819
b 0.467888753 0.307356497
b 0.475185757 0.311634007
b 0.482877560 0.315893171
b 0.490939916 0.320121478
b 0.499348777 0.324306263
b 0.508080452 0.328434731
b 0.517111685 0.332493998
b 0.526419496 0.336471225
b 0.535977342 0.340355655
b 0.545755425 0.344138384
b 0.555724014 0.347810608
b 0.565853630 0.351363584
b 0.576115120 0.354788652
b 0.586479853 0.358077335
b 0.596923155 0.361223977
b 0.607424550 0.364226174
b 0.617963749 0.367081830
b 0.628520466 0.369788987
b 0.639074478 0.372345830
b 0.649605747 0.374750707
b 0.660098943 0.377003307
b 0.670545798 0.379105303
b 0.680938513 0.381058628
b 0.691269166 0.382865311
b 0.701529731 0.384527476
b 0.711712117 0.386047332
b 0.721810829 0.387427138
b 0.731825844 0.388669132
b 0.741757717 0.389775587
b 0.751606868 0.390748813
b 0.761373617 0.391591171
b 0.771058240 0.392305089
b 0.780658823 0.392893077
b 0.790167227 0.393357815
b 0.799574056 0.393702059
b 0.808869758 0.393928623
b 0.818044644 0.394040369
b 0.827088906 0.394040213
b 0.830243164 0.394020956
b 0.833397566 0.394002053
b 0.836552099 0.393983505
b 0.839706744 0.393965309
b 0.842861487 0.393947467
b 0.846016311 0.393929979
b 0.849171200 0.393912843
b 0.852326138 0.393896060
b 0.855481110 0.393879629
b 0.858636099 0.393863551
b 0.861791091 0.393847826
b 0.864946068 0.393832452
b 0.868101017 0.393817431
b 0.871255920 0.393802762
b 0.874410764 0.393788444
b 0.877565532 0.393774479
b 0.880720210 0.393760866
b 0.883874782 0.393747605
b 0.887029230 0.393734696
b 0.890183508 0.393722139
b 0.893337549 0.393709932
b 0.896491284 0.393698077
b 0.899644646 0.393686571
b 0.902797567 0.393675415
b 0.905949978 0.393664609
b 0.909101812 0.393654153
b 0.912252999 0.393644046
b 0.915403471 0.393634288
b 0.918553159 0.393624879
b 0.921701994 0.393615821
b 0.924849907 0.393607112
b 0.927996829 0.393598753
b 0.931142690 0.393590746
b 0.934287420 0.393583089
b 0.937430952 0.393575785
b 0.940573214 0.393568833
b 0.943714138 0.393562234
b 0.946853676 0.393555989
b 0.949991812 0.393550099
b 0.953128534 0.393544563
b 0.956263828 0.393539382
b 0.959397681 0.393534556
b 0.962530080 0.393530085
b 0.965661009 0.393525969
b 0.968790456 0.393522209
b 0.971918404 0.393518805
b 0.975044840 0.393515758
b 0.978169749 0.393513067
b 0.981293114 0.393510734
b 0.984414920 0.393508758
b 0.987535151 0.393507140
b 0.990653791 0.393505880
b 0.993770824 0.393504979
b 0.996886233 0.393504438
b 1.000000000 0.393504257
b 1.000000000 1.008362344
b 0.982097761 1.008357313
b 0.964164602 1.008344397
b 0.946196028 1.008326845
b 0.928187216 1.008307876
b 0.910133055 1.008290682
b 0.892028172 1.008278418
b 0.873869263 1.008273520
b 0.855665731 1.008274571
b 0.837431463 1.008278878
b 0.819180320 1.008283820
b 0.800926032 1.008286848
b 0.782682097 1.008285480
b 0.764460271 1.008277601
b 0.746260964 1.008263548
b 0.728079887 1.008244880
b 0.709913369 1.008223311
b 0.691757871 1.008200560
b 0.673609955 1.008178323
b 0.655466037 1.008158173
b 0.637319312 1.008140420
b 0.619160527 1.008124531
b 0.600979965 1.008109907
b 0.582767552 1.008095899
b 0.564512929 1.008081813
b 0.546206327 1.008066906
b 0.527852356 1.008050368
b 0.509468572 1.008031418
b 0.491073538 1.008009375
b 0.472686259 1.007983744
b 0.454325590 1.007954197
b 0.436009433 1.007920494
b 0.417743077 1.007883596
b 0.399517804 1.007845798
b 0.381324325 1.007809436
b 0.363153636 1.007776810
b 0.344997086 1.007750201
b 0.326846456 1.007731826
b 0.308694332 1.007721039
b 0.290533895 1.007712746
b 0.272358125 1.007701452
b 0.254159796 1.007681646
b 0.235931508 1.007647816
b 0.217665420 1.007594532
b 0.199361059 1.007520212
b 0.181034805 1.007431293
b 0.162705555 1.007335239
b 0.144392476 1.007239499
b 0.126114843 1.007151496
b 0.107891877 1.007078613
b 0.089737917 1.007027562
b 0.071653821 1.007003192
b 0.053638444 1.007010054
b 0.035691094 1.007052756
b 0.017811532 1.007135995
b -0.000000032 1.007264596
b 0.000000000 -0.017990729
b 0.007007382 -0.018023732
b 0.014030547 -0.018051924
b 0.021068773 -0.018075342
b 0.028121340 -0.018094016
b 0.035187529 -0.018107972
b 0.042266626 -0.018117230
b 0.049357919 -0.018121806
b 0.056460703 -0.018121710
b 0.063574278 -0.018116947
b 0.070697952 -0.018107517
b 0.077831041 -0.018093414
b 0.084972869 -0.018074629
b 0.092122771 -0.018051147
b 0.099280095 -0.018022945
b 0.106444644 -0.017990000
b 0.113617089 -0.017952282
b 0.120798217 -0.017909756
b 0.127988827 -0.017862381
b 0.135189731 -0.017810112
b 0.142401751 -0.017752897
b 0.149625720 -0.017690676
b 0.156862482 -0.017623386
b 0.164112887 -0.017550954
b 0.171377793 -0.017473301
b 0.178658065 -0.017390343
b 0.185954569 -0.017301984
b 0.193268180 -0.017208122
b 0.200599765 -0.017108647
b 0.207950081 -0.017003421
b 0.215319785 -0.016892277
b 0.222709548 -0.016775039
b 0.230120060 -0.016651515
b 0.237552029 -0.016521498
b 0.245006181 -0.016384769
b 0.252483257 -0.016241088
b 0.259984006 -0.016090197
b 0.267509196 -0.015931818
b 0.275059624 -0.015765648
b 0.282636119 -0.015591360
b 0.290239538 -0.015408600
b 0.297870769 -0.015216982
b 0.305530548 -0.015016099
b 0.313218096 -0.014805615
b 0.320931846 -0.014585218
b 0.328670233 -0.014354565
b 0.336431699 -0.014113274
b 0.344214697 -0.013860925
b 0.352017692 -0.013597055
b 0.359839167 -0.013321149
b 0.367677622 -0.013032642
b 0.375531576 -0.012730907
b 0.383399570 -0.012415251
b 0.391280172 -0.012084905
b 0.399171975 -0.011739022
b 0.407073600 -0.011376658
b 0.407073600 0.235492056
interior
i 0.124999972 0.110188712
i 0.249999976 0.110188712
i 0.374999980 0.110188712
i 0.124999972 0.238499231
i 0.249999976 0.238499231
i 0.374999980 0.238499231
i 0.124999972 0.366809750
i 0.249999976 0.366809750
i 0.374999980 0.366809750
i 0.499999984 0.366809750
i 0.124999972 0.495120269
i 0.249999976 0.495120269
i 0.374999980 0.495120269
i 0.499999984 0.495120269
i 0.624999988 0.495120269
i 0.749999992 0.495120269
i 0.874999996 0.495120269
i 0.124999972 0.623430787
i 0.249999976 0.623430787
i 0.374999980 0.623430787
i 0.499999984 0.623430787
i 0.624999988 0.623430787
i 0.749999992 0.623430787
i 0.874999996 0.623430787
i 0.124999972 0.751741306
i 0.249999976 0.751741306
i 0.374999980 0.751741306
i 0.499999984 0.751741306
i 0.624999988 0.751741306
i 0.749999992 0.751741306
i 0.874999996 0.751741306
i 0.124999972 0.880051825
i 0.249999976 0.880051825
i 0.374999980 0.880051825
i 0.499999984 0.880051825
i 0.624999988 0.880051825
i 0.749999992 0.880051825
i 0.874999996 0.880051825
tris
t 58 117 57
t 60 117 59
t 62 117 61
t 64 117 63
t 66 117 65
t 68 117 67
t 70 117 69
t 71 116 117
t 73 116 72
t 75 116 74
t 77 116 76
t 77 78 115
t 79 80 115
t 81 82 115
t 114 83 84
t 85 86 114
t 114 87 88
t 114 89 90
t 114 91 92
t 114 93 94
t 95 96 115
t 97 98 115
t 113 99 100
t 111 101 102
t 111 104 105
t 106 110 111
t 107 108 110
t 108 109 110
t 100 111 112
t 113 114 95
t 122 6 121
t 122 123 6
t 124 125 6
t 127 128 6
t 6 134 135
t 6 136 137
t 6 137 138
t 6 139 140
t 141 142 6
t 1 151 152
t 1 152 153
t 1 153 154
t 150 1 149
t 165 166 226
t 0 167 168
t 169 170 0
t 0 171 172
t 173 174 0
t 0 175 176
t 177 178 0
t 0 179 180
t 0 181 182
t 0 183 184
t 0 185 186
t 222 187 188
t 222 189 190
t 222 191 192
t 222 193 194
t 222 195 196
t 222 197 198
t 198 199 200
t 200 201 202
t 202 203 204
t 204 205 206
t 206 207 208
t 208 209 210
t 210 211 212
t 212 213 214
t 222 215 216
t 217 218 222
t 219 220 222
t 220 221 222
t 59 117 58
t 63 117 62
t 67 117 66
t 71 117 70
t 74 116 73
t 77 115 116
t 81 115 80
t 84 85 114
t 88 89 114
t 92 93 114
t 97 115 96
t 100 101 111
t 106 111 105
t 107 110 106
t 95 112 113
t 125 126 6
t 124 6 123
t 142 143 6
t 141 6 140
t 6 135 136
t 151 1 150
t 154 155 1
t 165 1 164
t 169 0 168
t 173 0 172
t 177 0 176
t 182 198 222
t 186 187 222
t 188 189 222
t 192 193 222
t 196 197 222
t 214 200 202
t 204 206 214
t 206 208 210
t 210 212 214
t 217 222 216
t 219 222 218
t 61 117 60
t 69 117 68
t 76 116 75
t 115 82 83
t 90 91 114
t 113 98 99
t 111 103 104
t 114 115 83
t 6 120 121
t 143 144 6
t 6 138 139
t 1 155 248
t 156 157 1
t 164 1 163
t 0 170 171
t 0 180 181
t 190 191 222
t 194 195 222
t 204 214 202
t 206 210 214
t 222 214 215
t 65 117 64
t 79 115 78
t 95 98 112
t 102 103 111
t 126 127 6
t 6 133 134
t 1 148 149
t 163 1 162
t 0 174 175
t 0 184 185
t 186 222 0
t 182 222 0
t 72 116 71
t 86 87 114
t 6 119 120
t 119 6 118
t 133 6 132
t 157 158 1
t 162 1 161
t 0 166 167
t 198 202 222
t 57 117 56
t 128 129 6
t 132 6 131
t 1 147 148
t 161 1 160
t 182 0 1
t 56 117 55
t 6 129 130
t 131 6 130
t 157 2 3
t 160 1 159
t 182 1 166
t 55 117 54
t 6 117 118
t 157 3 4
t 159 1 158
t 54 117 53
t 130 7 8
t 157 4 5
t 53 117 52
t 157 5 6
t 52 117 51
t 157 6 147
t 51 117 50
t 147 6 146
t 50 117 49
t 146 6 249
t 49 117 48
t 145 6 144
t 48 117 245
t 130 8 9
t 48 130 47
t 130 9 10
t 47 130 46
t 130 10 11
t 46 130 45
t 130 11 12
t 45 130 44
t 130 12 13
t 44 130 43
t 130 13 14
t 43 130 42
t 130 14 15
t 42 130 41
t 130 15 16
t 41 130 40
t 130 16 17
t 40 130 39
t 130 17 18
t 39 130 38
t 130 18 19
t 38 130 37
t 130 19 20
t 37 130 36
t 130 20 21
t 36 130 35
t 130 21 22
t 35 130 34
t 130 22 23
t 34 130 33
t 130 23 24
t 33 130 32
t 130 24 25
t 32 130 31
t 130 25 26
t 31 130 30
t 130 26 27
t 30 130 29
t 130 27 28
t 130 28 29
t 166 1 226
t 1 165 234
t 165 226 229
t 226 1 229
t 165 229 233
t 229 1 230
t 229 230 233
t 230 165 240
t 165 230 234
t 230 1 234
t 165 233 240
t 233 230 240
t 117 130 252
t 130 48 245
t 155 156 248
t 156 1 248
t 6 145 249
t 145 146 249
t 130 245 252
t 245 117 252
