type=Nurbs forward=true n_boundary=172 n_holes=0 n_interior=98 n_tris=598 label=brep62542_f103_Nurbs(deg=3/3, cps=4x11)
boundary
b 0.945179091 -0.000000036
b 0.938696937 0.019244636
b 0.932285206 0.038430015
b 0.925943010 0.057557286
b 0.919669838 0.076627384
b 0.913465298 0.095641023
b 0.907329121 0.114598697
b 0.901261165 0.133500676
b 0.895261417 0.152347007
b 0.889330002 0.171137510
b 0.883467186 0.189871777
b 0.877673388 0.208549173
b 0.871949518 0.227168763
b 0.866304784 0.245727679
b 0.860756307 0.264221337
b 0.855318264 0.282647577
b 0.849999219 0.301008894
b 0.844806070 0.319308475
b 0.839744627 0.337549681
b 0.834819692 0.355736038
b 0.830035123 0.373871224
b 0.825393915 0.391959060
b 0.820898266 0.410003502
b 0.816549826 0.428008304
b 0.812350494 0.445975763
b 0.808301948 0.463907898
b 0.804405423 0.481806958
b 0.800661747 0.499675417
b 0.797071430 0.517515973
b 0.793635811 0.535331895
b 0.790357034 0.553127100
b 0.787236937 0.570905835
b 0.784277045 0.588672649
b 0.781479343 0.606431516
b 0.778846854 0.624185236
b 0.776382514 0.641936804
b 0.774089081 0.659689548
b 0.771969175 0.677447123
b 0.770025310 0.695213504
b 0.768259939 0.712992972
b 0.766675489 0.730790114
b 0.765274603 0.748609614
b 0.764062267 0.766453897
b 0.763045062 0.784321659
b 0.762229797 0.802210557
b 0.761623531 0.820118575
b 0.761233622 0.838044040
b 0.761067777 0.855985631
b 0.761134118 0.873942384
b 0.761438393 0.891913689
b 0.761974802 0.909899049
b 0.762734884 0.927897726
b 0.763710654 0.945908678
b 0.764894532 0.963930552
b 0.766279287 0.981961665
b 0.767857980 1.000000000
b 0.744726388 1.000000000
b 0.721684727 1.000000000
b 0.698724230 1.000000000
b 0.675836247 1.000000000
b 0.653012235 1.000000000
b 0.630243745 1.000000000
b 0.607522408 1.000000000
b 0.584839926 1.000000000
b 0.562188054 1.000000000
b 0.539558594 1.000000000
b 0.516943378 1.000000000
b 0.494334261 1.000000000
b 0.471723105 1.000000000
b 0.449101769 1.000000000
b 0.426462099 1.000000000
b 0.403795912 1.000000000
b 0.381094990 1.000000000
b 0.358351061 1.000000000
b 0.335555794 1.000000000
b 0.312700781 1.000000000
b 0.289777528 1.000000000
b 0.266777440 1.000000000
b 0.243691809 1.000000000
b 0.220511802 1.000000000
b 0.197228443 1.000000000
b 0.173832601 1.000000000
b 0.150314977 1.000000000
b 0.126666087 1.000000000
b 0.102876242 1.000000000
b 0.078935541 1.000000000
b 0.054833842 1.000000000
b 0.054837110 0.984137151
b 0.054846461 0.968265577
b 0.054860931 0.952379079
b 0.054878984 0.936471470
b 0.054898485 0.920536578
b 0.054916672 0.904568254
b 0.054930124 0.888560370
b 0.054934728 0.872506833
b 0.054927802 0.856401861
b 0.054912277 0.840240396
b 0.054891759 0.824017335
b 0.054869434 0.807727377
b 0.054848053 0.791365028
b 0.054829919 0.774924611
b 0.054816212 0.758401989
b 0.054806590 0.741796230
b 0.054800561 0.725106735
b 0.054797513 0.708333466
b 0.054796828 0.691476706
b 0.054797974 0.674536668
b 0.054800503 0.657513485
b 0.054804039 0.640407202
b 0.054808266 0.623217781
b 0.054812922 0.605945087
b 0.054817779 0.588588892
b 0.054822748 0.571148915
b 0.054828886 0.553625263
b 0.054838001 0.536018004
b 0.054851320 0.518322545
b 0.054868911 0.500529625
b 0.054890010 0.482629638
b 0.054913020 0.464612847
b 0.054935475 0.446469388
b 0.054954016 0.428189281
b 0.054964350 0.409762435
b 0.054962949 0.391179088
b 0.054950908 0.372430658
b 0.054930086 0.353508614
b 0.054902169 0.334404212
b 0.054868690 0.315108491
b 0.054831064 0.295612263
b 0.054790773 0.275906722
b 0.054750779 0.255988165
b 0.054715469 0.235855340
b 0.054690123 0.215506669
b 0.054678536 0.194940674
b 0.054678664 0.174156929
b 0.054687703 0.153155168
b 0.054703169 0.131935061
b 0.054722908 0.110496211
b 0.054745100 0.088838129
b 0.054768264 0.066960231
b 0.054791256 0.044861815
b 0.054813272 0.022542059
b 0.054833842 -0.000000000
b 0.084743364 -0.000000000
b 0.114408343 -0.000000000
b 0.143848040 -0.000000000
b 0.173081175 -0.000000000
b 0.202125979 -0.000000000
b 0.231000241 -0.000000000
b 0.259721352 -0.000000000
b 0.288306352 -0.000000000
b 0.316771969 -0.000000000
b 0.345134657 -0.000000000
b 0.373410640 -0.000000000
b 0.401615946 -0.000000000
b 0.429766444 -0.000000000
b 0.457877881 -0.000000000
b 0.485965919 -0.000000000
b 0.514046164 -0.000000000
b 0.542134208 -0.000000000
b 0.570245659 -0.000000000
b 0.598396177 -0.000000000
b 0.626601510 -0.000000000
b 0.654877527 -0.000000000
b 0.683240256 -0.000000000
b 0.711705920 -0.000000000
b 0.740290975 -0.000000000
b 0.769012149 -0.000000000
b 0.797886480 -0.000000000
b 0.826931362 -0.000000000
b 0.856164582 -0.000000000
b 0.885604371 -0.000000000
b 0.915269452 -0.000000000
interior
i 0.165991106 0.124999968
i 0.277303675 0.124999968
i 0.388616244 0.124999968
i 0.499928814 0.124999968
i 0.611241383 0.124999968
i 0.722553952 0.124999968
i 0.833866522 0.124999968
i 0.165991106 0.249999973
i 0.277303675 0.249999973
i 0.388616244 0.249999973
i 0.499928814 0.249999973
i 0.611241383 0.249999973
i 0.722553952 0.249999973
i 0.833866522 0.249999973
i 0.165991106 0.374999977
i 0.277303675 0.374999977
i 0.388616244 0.374999977
i 0.499928814 0.374999977
i 0.611241383 0.374999977
i 0.722553952 0.374999977
i 0.165991106 0.499999982
i 0.277303675 0.499999982
i 0.388616244 0.499999982
i 0.499928814 0.499999982
i 0.611241383 0.499999982
i 0.722553952 0.499999982
i 0.165991106 0.624999986
i 0.277303675 0.624999986
i 0.388616244 0.624999986
i 0.499928814 0.624999986
i 0.611241383 0.624999986
i 0.722553952 0.624999986
i 0.165991106 0.749999991
i 0.277303675 0.749999991
i 0.388616244 0.749999991
i 0.499928814 0.749999991
i 0.611241383 0.749999991
i 0.722553952 0.749999991
i 0.165991106 0.874999995
i 0.277303675 0.874999995
i 0.388616244 0.874999995
i 0.499928814 0.874999995
i 0.611241383 0.874999995
i 0.722553952 0.874999995
i 0.110334821 0.062499966
i 0.110334821 0.187499971
i 0.110334821 0.312499975
i 0.110334821 0.437499980
i 0.110334821 0.562499984
i 0.110334821 0.687499989
i 0.110334821 0.812499993
i 0.110334821 0.937499998
i 0.221647390 0.062499966
i 0.221647390 0.187499971
i 0.221647390 0.312499975
i 0.221647390 0.437499980
i 0.221647390 0.562499984
i 0.221647390 0.687499989
i 0.221647390 0.812499993
i 0.221647390 0.937499998
i 0.332959960 0.062499966
i 0.332959960 0.187499971
i 0.332959960 0.312499975
i 0.332959960 0.437499980
i 0.332959960 0.562499984
i 0.332959960 0.687499989
i 0.332959960 0.812499993
i 0.332959960 0.937499998
i 0.444272529 0.062499966
i 0.444272529 0.187499971
i 0.444272529 0.312499975
i 0.444272529 0.437499980
i 0.444272529 0.562499984
i 0.444272529 0.687499989
i 0.444272529 0.812499993
i 0.444272529 0.937499998
i 0.555585098 0.062499966
i 0.555585098 0.187499971
i 0.555585098 0.312499975
i 0.555585098 0.437499980
i 0.555585098 0.562499984
i 0.555585098 0.687499989
i 0.555585098 0.812499993
i 0.555585098 0.937499998
i 0.666897668 0.062499966
i 0.666897668 0.187499971
i 0.666897668 0.312499975
i 0.666897668 0.437499980
i 0.666897668 0.562499984
i 0.666897668 0.687499989
i 0.666897668 0.812499993
i 0.666897668 0.937499998
i 0.778210237 0.062499966
i 0.778210237 0.187499971
i 0.778210237 0.312499975
i 0.778210237 0.437499980
i 0.778210237 0.562499984
i 0.889522806 0.062499966
tris
t 141 139 140
t 141 138 139
t 141 137 138
t 141 136 137
t 141 135 136
t 141 134 135
t 141 133 134
t 141 132 133
t 141 131 132
t 141 130 131
t 141 129 130
t 141 128 129
t 141 127 128
t 141 126 127
t 0 1 2
t 0 2 3
t 0 3 4
t 0 4 5
t 0 5 6
t 0 6 7
t 0 7 8
t 0 8 9
t 0 9 10
t 0 10 11
t 0 11 12
t 0 12 13
t 0 13 14
t 0 14 15
t 0 15 16
t 0 16 17
t 141 270 126
t 141 271 270
t 141 272 271
t 141 273 272
t 141 274 273
t 141 275 274
t 141 276 275
t 141 277 276
t 141 278 277
t 141 279 278
t 141 280 279
t 141 281 280
t 141 282 281
t 141 283 282
t 141 284 283
t 141 142 284
t 142 285 284
t 142 286 285
t 142 143 286
t 143 287 286
t 143 288 287
t 143 144 288
t 144 289 288
t 144 290 289
t 144 145 290
t 145 291 290
t 145 292 291
t 145 293 292
t 145 146 293
t 146 294 293
t 146 295 294
t 146 147 295
t 147 296 295
t 147 297 296
t 147 148 297
t 148 298 297
t 148 299 298
t 148 149 299
t 149 300 299
t 149 301 300
t 149 302 301
t 149 150 302
t 150 303 302
t 150 304 303
t 150 151 304
t 151 305 304
t 151 306 305
t 151 152 306
t 152 307 306
t 152 308 307
t 152 153 308
t 153 309 308
t 153 310 309
t 153 311 310
t 153 154 311
t 154 312 311
t 154 313 312
t 154 155 313
t 155 314 313
t 155 315 314
t 155 156 315
t 156 316 315
t 156 317 316
t 156 157 317
t 157 318 317
t 157 319 318
t 157 320 319
t 157 158 320
t 158 321 320
t 158 322 321
t 158 159 322
t 159 323 322
t 159 324 323
t 159 160 324
t 160 325 324
t 160 326 325
t 160 161 326
t 161 327 326
t 161 328 327
t 161 329 328
t 161 162 329
t 162 330 329
t 162 331 330
t 162 163 331
t 163 332 331
t 163 333 332
t 163 164 333
t 164 334 333
t 164 335 334
t 164 165 335
t 165 336 335
t 165 337 336
t 165 338 337
t 165 339 338
t 165 340 339
t 165 341 340
t 165 342 341
t 165 343 342
t 165 344 343
t 165 345 344
t 165 346 345
t 165 347 346
t 165 348 347
t 165 349 348
t 165 350 349
t 165 351 350
t 165 352 351
t 165 353 352
t 165 354 353
t 165 166 354
t 166 355 354
t 166 356 355
t 166 357 356
t 166 358 357
t 166 359 358
t 166 360 359
t 166 361 360
t 166 362 361
t 166 363 362
t 166 364 363
t 166 365 364
t 166 366 365
t 166 167 366
t 167 367 366
t 167 368 367
t 167 369 368
t 167 370 369
t 167 371 370
t 167 372 371
t 167 373 372
t 167 374 373
t 167 168 374
t 168 375 374
t 168 376 375
t 168 377 376
t 168 378 377
t 168 17 378
t 168 169 17
t 169 170 17
t 170 171 17
t 171 0 17
t 126 124 125
t 126 123 124
t 126 122 123
t 126 121 122
t 126 120 121
t 126 119 120
t 126 118 119
t 126 117 118
t 126 116 117
t 126 115 116
t 126 114 115
t 126 113 114
t 126 112 113
t 126 111 112
t 126 110 111
t 126 109 110
t 126 108 109
t 126 107 108
t 17 18 19
t 17 19 20
t 17 20 21
t 17 21 22
t 17 22 23
t 17 23 24
t 17 24 25
t 17 25 26
t 17 26 27
t 17 27 28
t 17 28 29
t 17 29 30
t 17 30 31
t 17 31 32
t 17 32 33
t 17 33 34
t 17 34 35
t 17 35 36
t 126 379 107
t 126 380 379
t 126 381 380
t 126 382 381
t 126 383 382
t 126 384 383
t 126 385 384
t 126 386 385
t 126 387 386
t 126 388 387
t 126 389 388
t 126 390 389
t 126 391 390
t 126 392 391
t 126 393 392
t 126 394 393
t 126 395 394
t 126 270 395
t 270 396 395
t 270 271 396
t 271 397 396
t 271 272 397
t 272 398 397
t 272 273 398
t 273 399 398
t 273 274 399
t 274 400 399
t 274 275 400
t 275 401 400
t 275 276 401
t 276 402 401
t 276 277 402
t 277 403 402
t 277 278 403
t 278 404 403
t 278 279 404
t 279 405 404
t 279 280 405
t 280 406 405
t 280 281 406
t 281 407 406
t 281 282 407
t 282 408 407
t 282 283 408
t 283 409 408
t 283 284 409
t 284 410 409
t 284 285 410
t 285 411 410
t 285 286 411
t 286 412 411
t 286 287 412
t 287 413 412
t 287 288 413
t 288 414 413
t 288 289 414
t 289 415 414
t 289 290 415
t 290 416 415
t 290 291 416
t 291 417 416
t 291 292 417
t 292 418 417
t 292 293 418
t 293 419 418
t 293 294 419
t 294 420 419
t 294 295 420
t 295 421 420
t 295 296 421
t 296 422 421
t 296 297 422
t 297 423 422
t 297 298 423
t 298 424 423
t 298 299 424
t 299 425 424
t 299 300 425
t 300 426 425
t 300 301 426
t 301 427 426
t 301 302 427
t 302 428 427
t 302 303 428
t 303 429 428
t 303 304 429
t 304 430 429
t 304 305 430
t 305 431 430
t 305 306 431
t 306 432 431
t 306 307 432
t 307 433 432
t 307 308 433
t 308 434 433
t 308 309 434
t 309 435 434
t 309 310 435
t 310 436 435
t 310 311 436
t 311 437 436
t 311 312 437
t 312 438 437
t 312 313 438
t 313 439 438
t 313 314 439
t 314 440 439
t 314 315 440
t 315 441 440
t 315 316 441
t 316 442 441
t 316 317 442
t 317 443 442
t 317 318 443
t 318 444 443
t 318 319 444
t 319 445 444
t 319 320 445
t 320 446 445
t 320 321 446
t 321 447 446
t 321 322 447
t 322 448 447
t 322 323 448
t 323 449 448
t 323 324 449
t 324 450 449
t 324 325 450
t 325 451 450
t 325 326 451
t 326 452 451
t 326 327 452
t 327 453 452
t 327 328 453
t 328 454 453
t 328 329 454
t 329 455 454
t 329 330 455
t 330 456 455
t 330 331 456
t 331 457 456
t 331 332 457
t 332 458 457
t 332 333 458
t 333 459 458
t 333 334 459
t 334 460 459
t 334 335 460
t 335 461 460
t 335 336 461
t 336 462 461
t 336 337 462
t 337 463 462
t 337 338 463
t 338 464 463
t 338 339 464
t 339 465 464
t 339 340 465
t 340 466 465
t 340 341 466
t 341 467 466
t 341 342 467
t 342 468 467
t 342 343 468
t 343 469 468
t 343 344 469
t 344 470 469
t 344 345 470
t 345 471 470
t 345 346 471
t 346 472 471
t 346 347 472
t 347 473 472
t 347 348 473
t 348 474 473
t 348 349 474
t 349 475 474
t 349 350 475
t 350 476 475
t 350 351 476
t 351 477 476
t 351 352 477
t 352 478 477
t 352 353 478
t 353 479 478
t 353 354 479
t 354 480 479
t 354 355 480
t 355 481 480
t 355 356 481
t 356 482 481
t 356 357 482
t 357 483 482
t 357 358 483
t 358 36 483
t 358 359 36
t 359 360 36
t 360 361 36
t 361 362 36
t 362 363 36
t 363 364 36
t 364 365 36
t 365 366 36
t 366 367 36
t 367 368 36
t 368 369 36
t 369 370 36
t 370 371 36
t 371 372 36
t 372 373 36
t 373 374 36
t 374 375 36
t 375 376 36
t 376 377 36
t 377 378 36
t 378 17 36
t 107 105 106
t 107 104 105
t 107 103 104
t 107 102 103
t 107 101 102
t 107 100 101
t 107 99 100
t 107 98 99
t 107 97 98
t 107 96 97
t 107 95 96
t 107 94 95
t 107 93 94
t 107 92 93
t 107 91 92
t 107 90 91
t 107 89 90
t 107 88 89
t 107 87 88
t 107 86 87
t 36 37 38
t 36 38 39
t 36 39 40
t 36 40 41
t 36 41 42
t 36 42 43
t 36 43 44
t 36 44 45
t 36 45 46
t 36 46 47
t 36 47 48
t 36 48 49
t 36 49 50
t 36 50 51
t 36 51 52
t 36 52 53
t 36 53 54
t 36 54 55
t 107 379 86
t 379 380 86
t 380 381 86
t 381 382 86
t 382 383 86
t 383 384 86
t 384 385 86
t 385 386 86
t 386 387 86
t 387 388 86
t 388 389 86
t 389 390 86
t 390 391 86
t 391 392 86
t 392 393 86
t 393 394 86
t 394 395 86
t 395 396 86
t 396 397 86
t 397 398 86
t 398 399 86
t 399 400 86
t 400 401 86
t 401 402 86
t 402 403 86
t 403 404 86
t 404 405 86
t 405 406 86
t 406 407 86
t 407 408 86
t 408 409 86
t 409 410 86
t 410 85 86
t 410 411 85
t 411 412 85
t 412 84 85
t 412 413 84
t 413 414 84
t 414 83 84
t 414 415 83
t 415 416 83
t 416 82 83
t 416 417 82
t 417 418 82
t 418 81 82
t 418 419 81
t 419 80 81
t 419 420 80
t 420 421 80
t 421 79 80
t 421 422 79
t 422 423 79
t 423 78 79
t 423 424 78
t 424 425 78
t 425 77 78
t 425 426 77
t 426 427 77
t 427 76 77
t 427 428 76
t 428 75 76
t 428 429 75
t 429 430 75
t 430 74 75
t 430 431 74
t 431 432 74
t 432 73 74
t 432 433 73
t 433 434 73
t 434 72 73
t 434 435 72
t 435 436 72
t 436 71 72
t 436 437 71
t 437 70 71
t 437 438 70
t 438 439 70
t 439 69 70
t 439 440 69
t 440 441 69
t 441 68 69
t 441 442 68
t 442 443 68
t 443 67 68
t 443 444 67
t 444 445 67
t 445 66 67
t 445 446 66
t 446 65 66
t 446 447 65
t 447 448 65
t 448 64 65
t 448 449 64
t 449 450 64
t 450 63 64
t 450 451 63
t 451 452 63
t 452 62 63
t 452 453 62
t 453 454 62
t 454 61 62
t 454 455 61
t 455 60 61
t 455 456 60
t 456 457 60
t 457 59 60
t 457 458 59
t 458 459 59
t 459 58 59
t 459 460 58
t 460 461 58
t 461 57 58
t 461 462 57
t 462 463 57
t 463 56 57
t 463 464 56
t 464 465 56
t 465 466 56
t 466 467 56
t 467 468 56
t 468 469 56
t 469 470 56
t 470 471 56
t 471 472 56
t 472 473 56
t 473 474 56
t 474 475 56
t 475 476 56
t 476 477 56
t 477 478 56
t 478 479 56
t 479 55 56
t 479 480 55
t 480 481 55
t 481 482 55
t 482 483 55
t 483 36 55
