type=Nurbs forward=true n_boundary=172 n_holes=0 n_interior=369 n_tris=538 label=brep47598_f94_Nurbs(deg=3/3, cps=4x11)
boundary
b 0.180093329 0.293077380
b 0.203439124 0.293077380
b 0.226671024 0.293077380
b 0.249798441 0.293077380
b 0.272830629 0.293077380
b 0.295776694 0.293077380
b 0.318645609 0.293077380
b 0.341446232 0.293077380
b 0.364187316 0.293077380
b 0.386877524 0.293077380
b 0.409525443 0.293077380
b 0.432139596 0.293077380
b 0.454728455 0.293077380
b 0.477300457 0.293077380
b 0.499864011 0.293077379
b 0.522427514 0.293077379
b 0.544999365 0.293077379
b 0.567587971 0.293077379
b 0.590201769 0.293077379
b 0.612849231 0.293077379
b 0.635538879 0.293077379
b 0.658279299 0.293077379
b 0.681079154 0.293077379
b 0.703947196 0.293077379
b 0.726892279 0.293077379
b 0.749923376 0.293077379
b 0.773049593 0.293077379
b 0.796280179 0.293077379
b 0.819624547 0.293077379
b 0.843092287 0.293077379
b 0.866693184 0.293077386
b 0.866692703 0.298536482
b 0.866691442 0.304064709
b 0.866689845 0.309661888
b 0.866688356 0.315327892
b 0.866687444 0.321062651
b 0.866687632 0.326866145
b 0.866689505 0.332738408
b 0.866693116 0.338679528
b 0.866697399 0.344690004
b 0.866700658 0.350771333
b 0.866701766 0.356925240
b 0.866700397 0.363153524
b 0.866697079 0.369458057
b 0.866693253 0.375840778
b 0.866691299 0.382303692
b 0.866693869 0.388848857
b 0.866701001 0.395478532
b 0.866708850 0.402195329
b 0.866714285 0.409002009
b 0.866715471 0.415901451
b 0.866711958 0.422896653
b 0.866704773 0.429990721
b 0.866696474 0.437186865
b 0.866690489 0.444488347
b 0.866687947 0.451897651
b 0.866687056 0.459416373
b 0.866686468 0.467046211
b 0.866685600 0.474789029
b 0.866684732 0.482646853
b 0.866685115 0.490621864
b 0.866689056 0.498716397
b 0.866699333 0.506932889
b 0.866714056 0.515273877
b 0.866727926 0.523742103
b 0.866736856 0.532340569
b 0.866738270 0.541072536
b 0.866731278 0.549941515
b 0.866716853 0.558951258
b 0.866698045 0.568105744
b 0.866680212 0.577408728
b 0.866667092 0.586860342
b 0.866659870 0.596458842
b 0.866658681 0.606202761
b 0.866662803 0.616090953
b 0.866670845 0.626122591
b 0.866680948 0.636297176
b 0.866691178 0.646614532
b 0.866701196 0.657074725
b 0.866709750 0.667677794
b 0.866715074 0.678424026
b 0.866716028 0.689314092
b 0.866712396 0.700349051
b 0.866705198 0.711530344
b 0.866697013 0.722859786
b 0.866692679 0.734339559
b 0.842341899 0.734339578
b 0.818132563 0.734339578
b 0.794053932 0.734339578
b 0.770095486 0.734339578
b 0.746246903 0.734339578
b 0.722498045 0.734339578
b 0.698838934 0.734339578
b 0.675259740 0.734339578
b 0.651750763 0.734339577
b 0.628302415 0.734339577
b 0.604905206 0.734339577
b 0.581549726 0.734339577
b 0.558226635 0.734339577
b 0.534926642 0.734339577
b 0.511640492 0.734339577
b 0.488358955 0.734339577
b 0.465072806 0.734339577
b 0.441772813 0.734339577
b 0.418449722 0.734339577
b 0.395094243 0.734339576
b 0.371697034 0.734339576
b 0.348248686 0.734339576
b 0.324739709 0.734339576
b 0.301160516 0.734339576
b 0.277501406 0.734339576
b 0.253752548 0.734339576
b 0.229903966 0.734339575
b 0.205945520 0.734339575
b 0.181866890 0.734339575
b 0.157657554 0.734339575
b 0.133306775 0.734339575
b 0.133361571 0.722816781
b 0.133504208 0.711464496
b 0.133702083 0.700276670
b 0.133932863 0.689247588
b 0.134184299 0.678371892
b 0.134453271 0.667644607
b 0.134744877 0.657061167
b 0.135071571 0.646617430
b 0.135447699 0.636310739
b 0.135876372 0.626141587
b 0.136354699 0.616111236
b 0.136879372 0.606221257
b 0.137446671 0.596473521
b 0.138052065 0.586870194
b 0.138689847 0.577413735
b 0.139352765 0.568106848
b 0.140029644 0.558949915
b 0.140705611 0.549938975
b 0.141368585 0.541069801
b 0.142012529 0.532338387
b 0.142637178 0.523740962
b 0.143247561 0.515273999
b 0.143853546 0.506934223
b 0.144469014 0.498718623
b 0.145098651 0.490624542
b 0.145733016 0.482649621
b 0.146362929 0.474791641
b 0.146982388 0.467048522
b 0.147588444 0.459418329
b 0.148180939 0.451899276
b 0.148762267 0.444489730
b 0.149336567 0.437188151
b 0.149900758 0.429992027
b 0.150445709 0.422898037
b 0.150964306 0.415902923
b 0.151453114 0.409003523
b 0.151912229 0.402196776
b 0.152345076 0.395479731
b 0.152758208 0.388849546
b 0.153159979 0.382303541
b 0.153550107 0.375839554
b 0.153922813 0.369455734
b 0.154273166 0.363150299
b 0.154598220 0.356921527
b 0.154896935 0.350767759
b 0.155170070 0.344687404
b 0.155420075 0.338678938
b 0.155650209 0.332740961
b 0.155860213 0.326872456
b 0.156047996 0.321072589
b 0.156211712 0.315340584
b 0.156350548 0.309675714
b 0.156464675 0.304077300
b 0.156555188 0.298544713
b 0.156624044 0.293077376
interior
i 0.224985712 0.348235151
i 0.316664649 0.348235151
i 0.408343586 0.348235151
i 0.500022522 0.348235151
i 0.591701459 0.348235151
i 0.683380396 0.348235151
i 0.775059333 0.348235151
i 0.224985712 0.403392926
i 0.316664649 0.403392926
i 0.408343586 0.403392926
i 0.500022522 0.403392926
i 0.591701459 0.403392926
i 0.683380396 0.403392926
i 0.775059333 0.403392926
i 0.224985712 0.458550701
i 0.316664649 0.458550701
i 0.408343586 0.458550701
i 0.500022522 0.458550701
i 0.591701459 0.458550701
i 0.683380396 0.458550701
i 0.775059333 0.458550701
i 0.224985712 0.513708477
i 0.316664649 0.513708477
i 0.408343586 0.513708477
i 0.500022522 0.513708477
i 0.591701459 0.513708477
i 0.683380396 0.513708477
i 0.775059333 0.513708477
i 0.224985712 0.568866252
i 0.316664649 0.568866252
i 0.408343586 0.568866252
i 0.500022522 0.568866252
i 0.591701459 0.568866252
i 0.683380396 0.568866252
i 0.775059333 0.568866252
i 0.224985712 0.624024027
i 0.316664649 0.624024027
i 0.408343586 0.624024027
i 0.500022522 0.624024027
i 0.591701459 0.624024027
i 0.683380396 0.624024027
i 0.775059333 0.624024027
i 0.224985712 0.679181802
i 0.316664649 0.679181802
i 0.408343586 0.679181802
i 0.500022522 0.679181802
i 0.591701459 0.679181802
i 0.683380396 0.679181802
i 0.775059333 0.679181802
i 0.179146243 0.320656263
i 0.156226509 0.306866819
i 0.202065978 0.306866819
i 0.156226509 0.334445707
i 0.202065978 0.334445707
i 0.179146243 0.375814039
i 0.156226509 0.362024595
i 0.202065978 0.362024595
i 0.156226509 0.389603482
i 0.202065978 0.389603482
i 0.179146243 0.430971814
i 0.156226509 0.417182370
i 0.202065978 0.417182370
i 0.156226509 0.444761258
i 0.202065978 0.444761258
i 0.179146243 0.486129589
i 0.156226509 0.472340145
i 0.202065978 0.472340145
i 0.156226509 0.499919033
i 0.202065978 0.499919033
i 0.179146243 0.541287364
i 0.156226509 0.527497920
i 0.202065978 0.527497920
i 0.156226509 0.555076808
i 0.202065978 0.555076808
i 0.179146243 0.596445139
i 0.156226509 0.582655696
i 0.202065978 0.582655696
i 0.156226509 0.610234583
i 0.202065978 0.610234583
i 0.179146243 0.651602915
i 0.156226509 0.637813471
i 0.202065978 0.637813471
i 0.156226509 0.665392359
i 0.202065978 0.665392359
i 0.179146243 0.706760690
i 0.156226509 0.692971246
i 0.202065978 0.692971246
i 0.156226509 0.720550134
i 0.202065978 0.720550134
i 0.270825180 0.320656263
i 0.247905446 0.306866819
i 0.293744915 0.306866819
i 0.247905446 0.334445707
i 0.293744915 0.334445707
i 0.270825180 0.375814039
i 0.247905446 0.362024595
i 0.293744915 0.362024595
i 0.247905446 0.389603482
i 0.293744915 0.389603482
i 0.270825180 0.430971814
i 0.247905446 0.417182370
i 0.293744915 0.417182370
i 0.247905446 0.444761258
i 0.293744915 0.444761258
i 0.270825180 0.486129589
i 0.247905446 0.472340145
i 0.293744915 0.472340145
i 0.247905446 0.499919033
i 0.293744915 0.499919033
i 0.270825180 0.541287364
i 0.247905446 0.527497920
i 0.293744915 0.527497920
i 0.247905446 0.555076808
i 0.293744915 0.555076808
i 0.270825180 0.596445139
i 0.247905446 0.582655696
i 0.293744915 0.582655696
i 0.247905446 0.610234583
i 0.293744915 0.610234583
i 0.270825180 0.651602915
i 0.247905446 0.637813471
i 0.293744915 0.637813471
i 0.247905446 0.665392359
i 0.293744915 0.665392359
i 0.270825180 0.706760690
i 0.247905446 0.692971246
i 0.293744915 0.692971246
i 0.247905446 0.720550134
i 0.293744915 0.720550134
i 0.362504117 0.320656263
i 0.339584383 0.306866819
i 0.385423851 0.306866819
i 0.339584383 0.334445707
i 0.385423851 0.334445707
i 0.362504117 0.375814039
i 0.339584383 0.362024595
i 0.385423851 0.362024595
i 0.339584383 0.389603482
i 0.385423851 0.389603482
i 0.362504117 0.430971814
i 0.339584383 0.417182370
i 0.385423851 0.417182370
i 0.339584383 0.444761258
i 0.385423851 0.444761258
i 0.362504117 0.486129589
i 0.339584383 0.472340145
i 0.385423851 0.472340145
i 0.339584383 0.499919033
i 0.385423851 0.499919033
i 0.362504117 0.541287364
i 0.339584383 0.527497920
i 0.385423851 0.527497920
i 0.339584383 0.555076808
i 0.385423851 0.555076808
i 0.362504117 0.596445139
i 0.339584383 0.582655696
i 0.385423851 0.582655696
i 0.339584383 0.610234583
i 0.385423851 0.610234583
i 0.362504117 0.651602915
i 0.339584383 0.637813471
i 0.385423851 0.637813471
i 0.339584383 0.665392359
i 0.385423851 0.665392359
i 0.362504117 0.706760690
i 0.339584383 0.692971246
i 0.385423851 0.692971246
i 0.339584383 0.720550134
i 0.385423851 0.720550134
i 0.454183054 0.320656263
i 0.431263320 0.306866819
i 0.477102788 0.306866819
i 0.431263320 0.334445707
i 0.477102788 0.334445707
i 0.454183054 0.375814039
i 0.431263320 0.362024595
i 0.477102788 0.362024595
i 0.431263320 0.389603482
i 0.477102788 0.389603482
i 0.454183054 0.430971814
i 0.431263320 0.417182370
i 0.477102788 0.417182370
i 0.431263320 0.444761258
i 0.477102788 0.444761258
i 0.454183054 0.486129589
i 0.431263320 0.472340145
i 0.477102788 0.472340145
i 0.431263320 0.499919033
i 0.477102788 0.499919033
i 0.454183054 0.541287364
i 0.431263320 0.527497920
i 0.477102788 0.527497920
i 0.431263320 0.555076808
i 0.477102788 0.555076808
i 0.454183054 0.596445139
i 0.431263320 0.582655696
i 0.477102788 0.582655696
i 0.431263320 0.610234583
i 0.477102788 0.610234583
i 0.454183054 0.651602915
i 0.431263320 0.637813471
i 0.477102788 0.637813471
i 0.431263320 0.665392359
i 0.477102788 0.665392359
i 0.454183054 0.706760690
i 0.431263320 0.692971246
i 0.477102788 0.692971246
i 0.431263320 0.720550134
i 0.477102788 0.720550134
i 0.545861991 0.320656263
i 0.522942257 0.306866819
i 0.568781725 0.306866819
i 0.522942257 0.334445707
i 0.568781725 0.334445707
i 0.545861991 0.375814039
i 0.522942257 0.362024595
i 0.568781725 0.362024595
i 0.522942257 0.389603482
i 0.568781725 0.389603482
i 0.545861991 0.430971814
i 0.522942257 0.417182370
i 0.568781725 0.417182370
i 0.522942257 0.444761258
i 0.568781725 0.444761258
i 0.545861991 0.486129589
i 0.522942257 0.472340145
i 0.568781725 0.472340145
i 0.522942257 0.499919033
i 0.568781725 0.499919033
i 0.545861991 0.541287364
i 0.522942257 0.527497920
i 0.568781725 0.527497920
i 0.522942257 0.555076808
i 0.568781725 0.555076808
i 0.545861991 0.596445139
i 0.522942257 0.582655696
i 0.568781725 0.582655696
i 0.522942257 0.610234583
i 0.568781725 0.610234583
i 0.545861991 0.651602915
i 0.522942257 0.637813471
i 0.568781725 0.637813471
i 0.522942257 0.665392359
i 0.568781725 0.665392359
i 0.545861991 0.706760690
i 0.522942257 0.692971246
i 0.568781725 0.692971246
i 0.522942257 0.720550134
i 0.568781725 0.720550134
i 0.637540928 0.320656263
i 0.614621194 0.306866819
i 0.660460662 0.306866819
i 0.614621194 0.334445707
i 0.660460662 0.334445707
i 0.637540928 0.375814039
i 0.614621194 0.362024595
i 0.660460662 0.362024595
i 0.614621194 0.389603482
i 0.660460662 0.389603482
i 0.637540928 0.430971814
i 0.614621194 0.417182370
i 0.660460662 0.417182370
i 0.614621194 0.444761258
i 0.660460662 0.444761258
i 0.637540928 0.486129589
i 0.614621194 0.472340145
i 0.660460662 0.472340145
i 0.614621194 0.499919033
i 0.660460662 0.499919033
i 0.637540928 0.541287364
i 0.614621194 0.527497920
i 0.660460662 0.527497920
i 0.614621194 0.555076808
i 0.660460662 0.555076808
i 0.637540928 0.596445139
i 0.614621194 0.582655696
i 0.660460662 0.582655696
i 0.614621194 0.610234583
i 0.660460662 0.610234583
i 0.637540928 0.651602915
i 0.614621194 0.637813471
i 0.660460662 0.637813471
i 0.614621194 0.665392359
i 0.660460662 0.665392359
i 0.637540928 0.706760690
i 0.614621194 0.692971246
i 0.660460662 0.692971246
i 0.614621194 0.720550134
i 0.660460662 0.720550134
i 0.729219865 0.320656263
i 0.706300130 0.306866819
i 0.752139599 0.306866819
i 0.706300130 0.334445707
i 0.752139599 0.334445707
i 0.729219865 0.375814039
i 0.706300130 0.362024595
i 0.752139599 0.362024595
i 0.706300130 0.389603482
i 0.752139599 0.389603482
i 0.729219865 0.430971814
i 0.706300130 0.417182370
i 0.752139599 0.417182370
i 0.706300130 0.444761258
i 0.752139599 0.444761258
i 0.729219865 0.486129589
i 0.706300130 0.472340145
i 0.752139599 0.472340145
i 0.706300130 0.499919033
i 0.752139599 0.499919033
i 0.729219865 0.541287364
i 0.706300130 0.527497920
i 0.752139599 0.527497920
i 0.706300130 0.555076808
i 0.752139599 0.555076808
i 0.729219865 0.596445139
i 0.706300130 0.582655696
i 0.752139599 0.582655696
i 0.706300130 0.610234583
i 0.752139599 0.610234583
i 0.729219865 0.651602915
i 0.706300130 0.637813471
i 0.752139599 0.637813471
i 0.706300130 0.665392359
i 0.752139599 0.665392359
i 0.729219865 0.706760690
i 0.706300130 0.692971246
i 0.752139599 0.692971246
i 0.706300130 0.720550134
i 0.752139599 0.720550134
i 0.820898801 0.320656263
i 0.797979067 0.306866819
i 0.843818536 0.306866819
i 0.797979067 0.334445707
i 0.843818536 0.334445707
i 0.820898801 0.375814039
i 0.797979067 0.362024595
i 0.843818536 0.362024595
i 0.797979067 0.389603482
i 0.843818536 0.389603482
i 0.820898801 0.430971814
i 0.797979067 0.417182370
i 0.843818536 0.417182370
i 0.797979067 0.444761258
i 0.843818536 0.444761258
i 0.820898801 0.486129589
i 0.797979067 0.472340145
i 0.843818536 0.472340145
i 0.797979067 0.499919033
i 0.843818536 0.499919033
i 0.820898801 0.541287364
i 0.797979067 0.527497920
i 0.843818536 0.527497920
i 0.797979067 0.555076808
i 0.843818536 0.555076808
i 0.820898801 0.596445139
i 0.797979067 0.582655696
i 0.843818536 0.582655696
i 0.797979067 0.610234583
i 0.843818536 0.610234583
i 0.820898801 0.651602915
i 0.797979067 0.637813471
i 0.843818536 0.637813471
i 0.797979067 0.665392359
i 0.843818536 0.665392359
i 0.820898801 0.706760690
i 0.797979067 0.692971246
i 0.843818536 0.692971246
i 0.797979067 0.720550134
i 0.843818536 0.720550134
tris
t 171 0 541
t 0 1 541
t 1 2 541
t 2 3 541
t 3 4 541
t 4 549 541
t 4 550 549
t 4 5 550
t 5 551 550
t 5 552 551
t 5 6 552
t 6 553 552
t 6 554 553
t 6 7 554
t 7 555 554
t 7 556 555
t 7 8 556
t 8 557 556
t 8 558 557
t 8 9 558
t 9 559 558
t 9 560 559
t 9 10 560
t 10 561 560
t 10 562 561
t 10 11 562
t 11 563 562
t 11 564 563
t 11 12 564
t 12 565 564
t 12 566 565
t 12 13 566
t 13 567 566
t 13 568 567
t 13 14 568
t 14 569 568
t 14 570 569
t 14 15 570
t 15 571 570
t 15 572 571
t 15 16 572
t 16 573 572
t 16 574 573
t 16 17 574
t 17 575 574
t 17 576 575
t 17 18 576
t 18 577 576
t 18 578 577
t 18 19 578
t 19 579 578
t 19 580 579
t 19 20 580
t 20 581 580
t 20 582 581
t 20 21 582
t 21 583 582
t 21 584 583
t 21 22 584
t 22 585 584
t 22 586 585
t 22 23 586
t 23 587 586
t 23 588 587
t 23 24 588
t 24 589 588
t 24 590 589
t 24 25 590
t 25 591 590
t 25 542 591
t 25 26 542
t 26 27 542
t 27 28 542
t 28 29 542
t 29 30 542
t 171 541 170
t 170 541 169
t 169 541 168
t 168 541 167
t 167 541 166
t 166 541 165
t 165 541 164
t 164 541 163
t 163 541 162
t 162 541 161
t 161 541 160
t 160 541 159
t 159 541 158
t 158 541 157
t 157 541 156
t 156 541 155
t 155 541 154
t 154 541 153
t 153 541 543
t 30 31 542
t 31 32 542
t 32 33 542
t 33 34 542
t 34 35 542
t 35 36 542
t 36 37 542
t 37 38 542
t 38 39 542
t 39 40 542
t 40 41 542
t 41 42 542
t 42 43 542
t 43 44 542
t 44 45 542
t 45 46 542
t 46 47 542
t 47 48 542
t 48 544 542
t 541 549 543
t 549 592 543
t 549 550 592
t 550 593 592
t 550 551 593
t 551 594 593
t 551 552 594
t 552 595 594
t 552 553 595
t 553 596 595
t 553 554 596
t 554 597 596
t 554 555 597
t 555 598 597
t 555 556 598
t 556 599 598
t 556 557 599
t 557 600 599
t 557 558 600
t 558 601 600
t 558 559 601
t 559 602 601
t 559 560 602
t 560 603 602
t 560 561 603
t 561 604 603
t 561 562 604
t 562 605 604
t 562 563 605
t 563 606 605
t 563 564 606
t 564 607 606
t 564 565 607
t 565 608 607
t 565 566 608
t 566 609 608
t 566 567 609
t 567 610 609
t 567 568 610
t 568 611 610
t 568 569 611
t 569 612 611
t 569 570 612
t 570 613 612
t 570 571 613
t 571 614 613
t 571 572 614
t 572 615 614
t 572 573 615
t 573 616 615
t 573 574 616
t 574 617 616
t 574 575 617
t 575 618 617
t 575 576 618
t 576 619 618
t 576 577 619
t 577 620 619
t 577 578 620
t 578 621 620
t 578 579 621
t 579 622 621
t 579 580 622
t 580 623 622
t 580 581 623
t 581 624 623
t 581 582 624
t 582 625 624
t 582 583 625
t 583 626 625
t 583 584 626
t 584 627 626
t 584 585 627
t 585 628 627
t 585 586 628
t 586 629 628
t 586 587 629
t 587 630 629
t 587 588 630
t 588 631 630
t 588 589 631
t 589 632 631
t 589 590 632
t 590 633 632
t 590 591 633
t 591 634 633
t 591 542 634
t 542 544 634
t 153 543 152
t 152 543 151
t 151 543 150
t 150 543 149
t 149 543 148
t 148 543 147
t 147 543 146
t 146 543 145
t 145 543 144
t 144 543 143
t 143 543 142
t 142 543 141
t 141 543 140
t 140 543 139
t 139 543 545
t 48 49 544
t 49 50 544
t 50 51 544
t 51 52 544
t 52 53 544
t 53 54 544
t 54 55 544
t 55 56 544
t 56 57 544
t 57 58 544
t 58 59 544
t 59 60 544
t 60 61 544
t 61 62 544
t 62 546 544
t 543 635 545
t 543 636 635
t 543 592 636
t 592 637 636
t 592 593 637
t 593 638 637
t 593 594 638
t 594 639 638
t 594 595 639
t 595 640 639
t 595 596 640
t 596 641 640
t 596 597 641
t 597 642 641
t 597 598 642
t 598 643 642
t 598 599 643
t 599 644 643
t 599 600 644
t 600 645 644
t 600 601 645
t 601 646 645
t 601 602 646
t 602 647 646
t 602 603 647
t 603 648 647
t 603 604 648
t 604 649 648
t 604 605 649
t 605 650 649
t 605 606 650
t 606 651 650
t 606 607 651
t 607 652 651
t 607 608 652
t 608 653 652
t 608 609 653
t 609 654 653
t 609 610 654
t 610 655 654
t 610 611 655
t 611 656 655
t 611 612 656
t 612 657 656
t 612 613 657
t 613 658 657
t 613 614 658
t 614 659 658
t 614 615 659
t 615 660 659
t 615 616 660
t 616 661 660
t 616 617 661
t 617 662 661
t 617 618 662
t 618 663 662
t 618 619 663
t 619 664 663
t 619 620 664
t 620 665 664
t 620 621 665
t 621 666 665
t 621 622 666
t 622 667 666
t 622 623 667
t 623 668 667
t 623 624 668
t 624 669 668
t 624 625 669
t 625 670 669
t 625 626 670
t 626 671 670
t 626 627 671
t 627 672 671
t 627 628 672
t 628 673 672
t 628 629 673
t 629 674 673
t 629 630 674
t 630 675 674
t 630 631 675
t 631 676 675
t 631 632 676
t 632 677 676
t 632 633 677
t 633 678 677
t 633 634 678
t 634 679 678
t 634 546 679
t 634 544 546
t 139 545 138
t 138 545 137
t 137 545 136
t 136 545 135
t 135 545 134
t 134 545 133
t 133 545 132
t 132 545 131
t 131 545 130
t 130 545 129
t 129 545 128
t 128 545 127
t 127 545 547
t 62 63 546
t 63 64 546
t 64 65 546
t 65 66 546
t 66 67 546
t 67 68 546
t 68 69 546
t 69 70 546
t 70 71 546
t 71 72 546
t 72 73 546
t 73 74 546
t 74 548 546
t 545 635 547
t 635 680 547
t 635 636 680
t 636 681 680
t 636 637 681
t 637 682 681
t 637 638 682
t 638 683 682
t 638 639 683
t 639 684 683
t 639 640 684
t 640 685 684
t 640 641 685
t 641 686 685
t 641 642 686
t 642 687 686
t 642 643 687
t 643 688 687
t 643 644 688
t 644 689 688
t 644 645 689
t 645 690 689
t 645 646 690
t 646 691 690
t 646 647 691
t 647 692 691
t 647 648 692
t 648 693 692
t 648 649 693
t 649 694 693
t 649 650 694
t 650 695 694
t 650 651 695
t 651 696 695
t 651 652 696
t 652 697 696
t 652 653 697
t 653 698 697
t 653 654 698
t 654 699 698
t 654 655 699
t 655 700 699
t 655 656 700
t 656 701 700
t 656 657 701
t 657 702 701
t 657 658 702
t 658 703 702
t 658 659 703
t 659 704 703
t 659 660 704
t 660 705 704
t 660 661 705
t 661 706 705
t 661 662 706
t 662 707 706
t 662 663 707
t 663 708 707
t 663 664 708
t 664 709 708
t 664 665 709
t 665 710 709
t 665 666 710
t 666 711 710
t 666 667 711
t 667 712 711
t 667 668 712
t 668 713 712
t 668 669 713
t 669 714 713
t 669 670 714
t 670 715 714
t 670 671 715
t 671 716 715
t 671 672 716
t 672 717 716
t 672 673 717
t 673 718 717
t 673 674 718
t 674 719 718
t 674 675 719
t 675 720 719
t 675 676 720
t 676 721 720
t 676 677 721
t 677 722 721
t 677 678 722
t 678 723 722
t 678 679 723
t 679 724 723
t 679 548 724
t 679 546 548
t 127 547 126
t 126 547 125
t 125 547 124
t 124 547 123
t 123 547 122
t 122 547 121
t 121 547 120
t 120 547 119
t 119 547 118
t 118 547 117
t 117 547 116
t 74 75 548
t 75 76 548
t 76 77 548
t 77 78 548
t 78 79 548
t 79 80 548
t 80 81 548
t 81 82 548
t 82 83 548
t 83 84 548
t 84 85 548
t 547 115 116
t 547 114 115
t 547 113 114
t 547 112 113
t 547 680 112
t 680 681 112
t 681 111 112
t 681 682 111
t 682 683 111
t 683 110 111
t 683 684 110
t 684 685 110
t 685 109 110
t 685 686 109
t 686 687 109
t 687 108 109
t 687 688 108
t 688 689 108
t 689 107 108
t 689 690 107
t 690 691 107
t 691 106 107
t 691 692 106
t 692 693 106
t 693 105 106
t 693 694 105
t 694 695 105
t 695 104 105
t 695 696 104
t 696 697 104
t 697 103 104
t 697 698 103
t 698 699 103
t 699 102 103
t 699 700 102
t 700 701 102
t 701 101 102
t 701 702 101
t 702 703 101
t 703 100 101
t 703 704 100
t 704 705 100
t 705 99 100
t 705 706 99
t 706 707 99
t 707 98 99
t 707 708 98
t 708 709 98
t 709 97 98
t 709 710 97
t 710 711 97
t 711 96 97
t 711 712 96
t 712 713 96
t 713 95 96
t 713 714 95
t 714 715 95
t 715 94 95
t 715 716 94
t 716 717 94
t 717 93 94
t 717 718 93
t 718 719 93
t 719 92 93
t 719 720 92
t 720 721 92
t 721 91 92
t 721 722 91
t 722 723 91
t 723 90 91
t 723 724 90
t 724 548 90
t 548 89 90
t 548 88 89
t 548 87 88
t 548 86 87
t 548 85 86
