type=Nurbs forward=true n_boundary=165 n_holes=0 n_interior=203 n_tris=1653 label=brep62542_f32_Nurbs(deg=3/3, cps=4x20)
boundary
b 0.808542096 -0.001135563
b 0.808671627 0.016840902
b 0.808919155 0.034477485
b 0.809114647 0.051772320
b 0.809142548 0.068722484
b 0.808942763 0.085324508
b 0.808583725 0.101581215
b 0.808238650 0.117504304
b 0.807994724 0.133109511
b 0.807897587 0.148412981
b 0.807981399 0.163429857
b 0.808221982 0.178175219
b 0.808491994 0.192664361
b 0.808674336 0.206914288
b 0.808795849 0.220969473
b 0.808881036 0.234887830
b 0.808858356 0.248726783
b 0.808729741 0.262544488
b 0.808590534 0.276401279
b 0.808434709 0.290356356
b 0.808295486 0.304450201
b 0.808234586 0.318712104
b 0.808259283 0.333172187
b 0.808352504 0.347861001
b 0.808487056 0.362809486
b 0.808591213 0.378048655
b 0.808629853 0.393596394
b 0.808624773 0.409460224
b 0.808596270 0.425648923
b 0.808562242 0.442169204
b 0.808541445 0.459027903
b 0.808550471 0.476233717
b 0.808584631 0.493794405
b 0.808619668 0.511715295
b 0.808636470 0.529999271
b 0.808625075 0.548649869
b 0.808582309 0.567672476
b 0.808532972 0.587073589
b 0.808533152 0.606854962
b 0.808497697 0.627016145
b 0.808374352 0.647557447
b 0.808215921 0.668479372
b 0.808228922 0.689782373
b 0.808703216 0.711469241
b 0.809688070 0.733541436
b 0.810683249 0.755993768
b 0.811191883 0.778818547
b 0.810953700 0.802002595
b 0.809902085 0.825530444
b 0.808369716 0.849389944
b 0.807010068 0.873578352
b 0.806257358 0.898114040
b 0.806434958 0.923021018
b 0.807254562 0.948305660
b 0.808135975 0.973965741
b 0.808542096 1.000000000
b 0.793779832 0.986351313
b 0.778734402 0.972913495
b 0.763571618 0.959724742
b 0.748451054 0.946822919
b 0.733535171 0.934214019
b 0.719018263 0.921801829
b 0.705119814 0.909469836
b 0.692071953 0.897101954
b 0.680020198 0.884596567
b 0.668969050 0.871891469
b 0.658895640 0.858931391
b 0.649748043 0.845661213
b 0.641383776 0.832044978
b 0.633547144 0.818089831
b 0.625941370 0.803808116
b 0.618306597 0.789212625
b 0.610478403 0.774307740
b 0.602393326 0.759082027
b 0.593984243 0.743522259
b 0.585198244 0.727615242
b 0.576105266 0.711350809
b 0.566952717 0.694722457
b 0.557877590 0.677721672
b 0.548897796 0.660338171
b 0.540032280 0.642554956
b 0.531307022 0.624345339
b 0.522696129 0.605674242
b 0.514070471 0.586503402
b 0.505263113 0.566810556
b 0.496166749 0.546587480
b 0.486752141 0.525820174
b 0.476917356 0.504495749
b 0.466539499 0.482680383
b 0.455643522 0.460500824
b 0.444437407 0.438077035
b 0.433254432 0.415527066
b 0.421895408 0.393019199
b 0.410021355 0.370753543
b 0.397742471 0.348931609
b 0.385578600 0.327736225
b 0.373830133 0.307156494
b 0.362499926 0.287062636
b 0.351373557 0.267326704
b 0.340064664 0.247819162
b 0.328373589 0.228337369
b 0.316381285 0.208648895
b 0.304020512 0.188520107
b 0.290974971 0.167733570
b 0.277351089 0.146191179
b 0.263295502 0.123850614
b 0.248837626 0.100677190
b 0.234019216 0.076639470
b 0.219067418 0.051745959
b 0.204604888 0.026013360
b 0.191457904 -0.000555126
b 0.203214195 -0.000560865
b 0.214909535 -0.000566890
b 0.226546737 -0.000573193
b 0.238128518 -0.000579766
b 0.249657504 -0.000586601
b 0.261136240 -0.000593689
b 0.272567206 -0.000601024
b 0.283952820 -0.000608596
b 0.295295448 -0.000616399
b 0.306597418 -0.000624423
b 0.317861021 -0.000632661
b 0.329088527 -0.000641105
b 0.340282187 -0.000649746
b 0.351444245 -0.000658577
b 0.362576948 -0.000667590
b 0.373682546 -0.000676776
b 0.384763308 -0.000686128
b 0.395821527 -0.000695637
b 0.406859522 -0.000705295
b 0.417879594 -0.000715100
b 0.428883971 -0.000725051
b 0.439874818 -0.000735147
b 0.450854247 -0.000745389
b 0.461824323 -0.000755776
b 0.472787072 -0.000766307
b 0.483744492 -0.000776982
b 0.494698558 -0.000787801
b 0.505651231 -0.000798763
b 0.516604469 -0.000809869
b 0.527560228 -0.000821117
b 0.538520477 -0.000832507
b 0.549487205 -0.000844039
b 0.560462423 -0.000855713
b 0.571448179 -0.000867528
b 0.582446564 -0.000879483
b 0.593459719 -0.000891579
b 0.604489845 -0.000903815
b 0.615539227 -0.000916185
b 0.626610190 -0.000928679
b 0.637705030 -0.000941285
b 0.648826017 -0.000953991
b 0.659975403 -0.000966785
b 0.671155430 -0.000979654
b 0.682368336 -0.000992588
b 0.693616363 -0.001005573
b 0.704901768 -0.001018597
b 0.716226829 -0.001031649
b 0.727593852 -0.001044716
b 0.739005185 -0.001057786
b 0.750463218 -0.001070846
b 0.761970401 -0.001083884
b 0.773529248 -0.001096887
b 0.785142348 -0.001109843
b 0.796812374 -0.001122739
interior
i 0.268924651 0.124006382
i 0.346391399 0.124006382
i 0.423858146 0.124006382
i 0.501324893 0.124006382
i 0.578791641 0.124006382
i 0.656258388 0.124006382
i 0.733725136 0.124006382
i 0.346391399 0.249148328
i 0.423858146 0.249148328
i 0.501324893 0.249148328
i 0.578791641 0.249148328
i 0.656258388 0.249148328
i 0.733725136 0.249148328
i 0.423858146 0.374290273
i 0.501324893 0.374290273
i 0.578791641 0.374290273
i 0.656258388 0.374290273
i 0.733725136 0.374290273
i 0.501324893 0.499432218
i 0.578791641 0.499432218
i 0.656258388 0.499432218
i 0.733725136 0.499432218
i 0.578791641 0.624574164
i 0.656258388 0.624574164
i 0.733725136 0.624574164
i 0.656258388 0.749716109
i 0.733725136 0.749716109
i 0.733725136 0.874858055
i 0.230191277 0.061435410
i 0.210824591 0.030149923
i 0.249557964 0.030149923
i 0.249557964 0.092720896
i 0.307658025 0.061435410
i 0.288291338 0.030149923
i 0.327024712 0.030149923
i 0.288291338 0.092720896
i 0.327024712 0.092720896
i 0.307658025 0.186577355
i 0.288291338 0.155291869
i 0.327024712 0.155291869
i 0.327024712 0.217862841
i 0.385124772 0.061435410
i 0.365758085 0.030149923
i 0.404491459 0.030149923
i 0.365758085 0.092720896
i 0.404491459 0.092720896
i 0.385124772 0.186577355
i 0.365758085 0.155291869
i 0.404491459 0.155291869
i 0.365758085 0.217862841
i 0.404491459 0.217862841
i 0.385124772 0.311719300
i 0.365758085 0.280433814
i 0.404491459 0.280433814
i 0.404491459 0.343004787
i 0.462591520 0.061435410
i 0.443224833 0.030149923
i 0.481958207 0.030149923
i 0.443224833 0.092720896
i 0.481958207 0.092720896
i 0.462591520 0.186577355
i 0.443224833 0.155291869
i 0.481958207 0.155291869
i 0.443224833 0.217862841
i 0.481958207 0.217862841
i 0.462591520 0.311719300
i 0.443224833 0.280433814
i 0.481958207 0.280433814
i 0.443224833 0.343004787
i 0.481958207 0.343004787
i 0.462591520 0.436861246
i 0.443224833 0.405575759
i 0.481958207 0.405575759
i 0.481958207 0.468146732
i 0.540058267 0.061435410
i 0.520691580 0.030149923
i 0.559424954 0.030149923
i 0.520691580 0.092720896
i 0.559424954 0.092720896
i 0.540058267 0.186577355
i 0.520691580 0.155291869
i 0.559424954 0.155291869
i 0.520691580 0.217862841
i 0.559424954 0.217862841
i 0.540058267 0.311719300
i 0.520691580 0.280433814
i 0.559424954 0.280433814
i 0.520691580 0.343004787
i 0.559424954 0.343004787
i 0.540058267 0.436861246
i 0.520691580 0.405575759
i 0.559424954 0.405575759
i 0.520691580 0.468146732
i 0.559424954 0.468146732
i 0.540058267 0.562003191
i 0.520691580 0.530717705
i 0.559424954 0.530717705
i 0.520691580 0.593288677
i 0.559424954 0.593288677
i 0.617525015 0.061435410
i 0.598158328 0.030149923
i 0.636891701 0.030149923
i 0.598158328 0.092720896
i 0.636891701 0.092720896
i 0.617525015 0.186577355
i 0.598158328 0.155291869
i 0.636891701 0.155291869
i 0.598158328 0.217862841
i 0.636891701 0.217862841
i 0.617525015 0.311719300
i 0.598158328 0.280433814
i 0.636891701 0.280433814
i 0.598158328 0.343004787
i 0.636891701 0.343004787
i 0.617525015 0.436861246
i 0.598158328 0.405575759
i 0.636891701 0.405575759
i 0.598158328 0.468146732
i 0.636891701 0.468146732
i 0.617525015 0.562003191
i 0.598158328 0.530717705
i 0.636891701 0.530717705
i 0.598158328 0.593288677
i 0.636891701 0.593288677
i 0.617525015 0.687145137
i 0.598158328 0.655859650
i 0.636891701 0.655859650
i 0.598158328 0.718430623
i 0.636891701 0.718430623
i 0.694991762 0.061435410
i 0.675625075 0.030149923
i 0.714358449 0.030149923
i 0.675625075 0.092720896
i 0.714358449 0.092720896
i 0.694991762 0.186577355
i 0.675625075 0.155291869
i 0.714358449 0.155291869
i 0.675625075 0.217862841
i 0.714358449 0.217862841
i 0.694991762 0.311719300
i 0.675625075 0.280433814
i 0.714358449 0.280433814
i 0.675625075 0.343004787
i 0.714358449 0.343004787
i 0.694991762 0.436861246
i 0.675625075 0.405575759
i 0.714358449 0.405575759
i 0.675625075 0.468146732
i 0.714358449 0.468146732
i 0.694991762 0.562003191
i 0.675625075 0.530717705
i 0.714358449 0.530717705
i 0.675625075 0.593288677
i 0.714358449 0.593288677
i 0.694991762 0.687145137
i 0.675625075 0.655859650
i 0.714358449 0.655859650
i 0.675625075 0.718430623
i 0.714358449 0.718430623
i 0.694991762 0.812287082
i 0.675625075 0.781001596
i 0.714358449 0.781001596
i 0.675625075 0.843572568
i 0.714358449 0.843572568
i 0.772458509 0.061435410
i 0.753091822 0.030149923
i 0.791825196 0.030149923
i 0.753091822 0.092720896
i 0.791825196 0.092720896
i 0.772458509 0.186577355
i 0.753091822 0.155291869
i 0.791825196 0.155291869
i 0.753091822 0.217862841
i 0.791825196 0.217862841
i 0.772458509 0.311719300
i 0.753091822 0.280433814
i 0.791825196 0.280433814
i 0.753091822 0.343004787
i 0.791825196 0.343004787
i 0.772458509 0.436861246
i 0.753091822 0.405575759
i 0.791825196 0.405575759
i 0.753091822 0.468146732
i 0.791825196 0.468146732
i 0.772458509 0.562003191
i 0.753091822 0.530717705
i 0.791825196 0.530717705
i 0.753091822 0.593288677
i 0.791825196 0.593288677
i 0.772458509 0.687145137
i 0.753091822 0.655859650
i 0.791825196 0.655859650
i 0.753091822 0.718430623
i 0.791825196 0.718430623
i 0.772458509 0.812287082
i 0.753091822 0.781001596
i 0.791825196 0.781001596
i 0.753091822 0.843572568
i 0.791825196 0.843572568
i 0.772458509 0.937429027
i 0.753091822 0.906143541
i 0.791825196 0.906143541
i 0.791825196 0.968714514
tris
t 110 111 368
t 111 112 368
t 112 113 368
t 113 114 368
t 114 398 368
t 114 115 398
t 115 399 398
t 115 116 399
t 116 400 399
t 116 401 400
t 116 117 401
t 117 402 401
t 117 403 402
t 117 118 403
t 118 404 403
t 118 405 404
t 118 119 405
t 119 406 405
t 119 407 406
t 119 120 407
t 120 408 407
t 120 409 408
t 120 121 409
t 121 410 409
t 121 411 410
t 121 122 411
t 122 412 411
t 122 413 412
t 122 123 413
t 123 414 413
t 123 415 414
t 123 124 415
t 124 416 415
t 124 417 416
t 124 125 417
t 125 418 417
t 125 126 418
t 126 419 418
t 126 420 419
t 126 127 420
t 127 421 420
t 127 422 421
t 127 128 422
t 128 423 422
t 128 424 423
t 128 129 424
t 129 425 424
t 129 426 425
t 129 130 426
t 130 427 426
t 130 428 427
t 130 131 428
t 131 429 428
t 131 430 429
t 131 132 430
t 132 431 430
t 132 432 431
t 132 133 432
t 133 433 432
t 133 434 433
t 133 134 434
t 134 435 434
t 134 436 435
t 134 135 436
t 135 437 436
t 135 438 437
t 135 136 438
t 136 439 438
t 136 440 439
t 136 137 440
t 137 441 440
t 137 442 441
t 137 443 442
t 137 138 443
t 138 444 443
t 138 445 444
t 138 139 445
t 139 446 445
t 139 447 446
t 139 140 447
t 140 448 447
t 140 449 448
t 140 141 449
t 141 450 449
t 141 451 450
t 141 452 451
t 141 142 452
t 142 453 452
t 142 454 453
t 142 143 454
t 143 455 454
t 143 456 455
t 143 144 456
t 144 457 456
t 144 458 457
t 144 145 458
t 145 459 458
t 145 460 459
t 145 146 460
t 146 461 460
t 146 462 461
t 146 463 462
t 146 147 463
t 147 464 463
t 147 465 464
t 147 148 465
t 148 466 465
t 148 467 466
t 148 468 467
t 148 149 468
t 149 469 468
t 149 470 469
t 149 150 470
t 150 471 470
t 150 472 471
t 150 151 472
t 151 473 472
t 151 474 473
t 151 475 474
t 151 152 475
t 152 476 475
t 152 477 476
t 152 153 477
t 153 478 477
t 153 479 478
t 153 154 479
t 154 480 479
t 154 481 480
t 154 155 481
t 155 482 481
t 155 156 482
t 156 483 482
t 156 484 483
t 156 157 484
t 157 485 484
t 157 486 485
t 157 158 486
t 158 487 486
t 158 488 487
t 158 159 488
t 159 489 488
t 159 490 489
t 159 160 490
t 160 491 490
t 160 369 491
t 160 161 369
t 161 162 369
t 162 163 369
t 163 164 369
t 164 0 369
t 110 368 109
t 109 368 108
t 108 368 370
t 0 1 369
t 1 2 369
t 2 3 369
t 3 4 369
t 4 371 369
t 368 398 370
t 398 399 370
t 399 400 370
t 400 401 370
t 401 402 370
t 402 492 370
t 402 403 492
t 403 493 492
t 403 404 493
t 404 494 493
t 404 405 494
t 405 495 494
t 405 406 495
t 406 496 495
t 406 407 496
t 407 497 496
t 407 408 497
t 408 498 497
t 408 409 498
t 409 499 498
t 409 410 499
t 410 500 499
t 410 411 500
t 411 501 500
t 411 412 501
t 412 502 501
t 412 413 502
t 413 503 502
t 413 414 503
t 414 504 503
t 414 415 504
t 415 505 504
t 415 416 505
t 416 506 505
t 416 417 506
t 417 507 506
t 417 418 507
t 418 508 507
t 418 419 508
t 419 509 508
t 419 420 509
t 420 510 509
t 420 421 510
t 421 511 510
t 421 422 511
t 422 512 511
t 422 423 512
t 423 513 512
t 423 424 513
t 424 514 513
t 424 425 514
t 425 515 514
t 425 426 515
t 426 516 515
t 426 427 516
t 427 517 516
t 427 428 517
t 428 518 517
t 428 429 518
t 429 519 518
t 429 430 519
t 430 520 519
t 430 431 520
t 431 521 520
t 431 432 521
t 432 522 521
t 432 433 522
t 433 523 522
t 433 434 523
t 434 524 523
t 434 435 524
t 435 525 524
t 435 436 525
t 436 526 525
t 436 437 526
t 437 527 526
t 437 438 527
t 438 528 527
t 438 439 528
t 439 529 528
t 439 440 529
t 440 530 529
t 440 441 530
t 441 531 530
t 441 442 531
t 442 532 531
t 442 443 532
t 443 533 532
t 443 444 533
t 444 534 533
t 444 445 534
t 445 535 534
t 445 446 535
t 446 536 535
t 446 447 536
t 447 537 536
t 447 448 537
t 448 538 537
t 448 449 538
t 449 539 538
t 449 450 539
t 450 540 539
t 450 451 540
t 451 541 540
t 451 452 541
t 452 542 541
t 452 453 542
t 453 543 542
t 453 454 543
t 454 544 543
t 454 455 544
t 455 545 544
t 455 456 545
t 456 546 545
t 456 457 546
t 457 547 546
t 457 458 547
t 458 548 547
t 458 459 548
t 459 549 548
t 459 460 549
t 460 550 549
t 460 461 550
t 461 551 550
t 461 462 551
t 462 552 551
t 462 463 552
t 463 553 552
t 463 464 553
t 464 554 553
t 464 465 554
t 465 555 554
t 465 466 555
t 466 556 555
t 466 467 556
t 467 557 556
t 467 468 557
t 468 558 557
t 468 469 558
t 469 559 558
t 469 470 559
t 470 560 559
t 470 471 560
t 471 561 560
t 471 472 561
t 472 562 561
t 472 473 562
t 473 563 562
t 473 474 563
t 474 564 563
t 474 475 564
t 475 565 564
t 475 476 565
t 476 566 565
t 476 477 566
t 477 567 566
t 477 478 567
t 478 568 567
t 478 479 568
t 479 569 568
t 479 480 569
t 480 570 569
t 480 481 570
t 481 571 570
t 481 482 571
t 482 572 571
t 482 483 572
t 483 573 572
t 483 484 573
t 484 574 573
t 484 485 574
t 485 575 574
t 485 486 575
t 486 576 575
t 486 487 576
t 487 577 576
t 487 488 577
t 488 578 577
t 488 489 578
t 489 579 578
t 489 490 579
t 490 580 579
t 490 491 580
t 491 581 580
t 491 369 581
t 369 371 581
t 108 370 107
t 107 370 106
t 106 370 105
t 105 370 372
t 4 5 371
t 5 6 371
t 6 7 371
t 7 8 371
t 8 373 371
t 370 492 372
t 492 493 372
t 493 494 372
t 494 495 372
t 495 496 372
t 496 497 372
t 497 498 372
t 498 499 372
t 499 500 372
t 500 501 372
t 501 582 372
t 501 502 582
t 502 583 582
t 502 503 583
t 503 584 583
t 503 504 584
t 504 585 584
t 504 505 585
t 505 586 585
t 505 506 586
t 506 587 586
t 506 507 587
t 507 588 587
t 507 508 588
t 508 589 588
t 508 509 589
t 509 590 589
t 509 510 590
t 510 591 590
t 510 511 591
t 511 592 591
t 511 512 592
t 512 593 592
t 512 513 593
t 513 594 593
t 513 514 594
t 514 595 594
t 514 515 595
t 515 596 595
t 515 516 596
t 516 597 596
t 516 517 597
t 517 598 597
t 517 518 598
t 518 599 598
t 518 519 599
t 519 600 599
t 519 520 600
t 520 601 600
t 520 521 601
t 521 602 601
t 521 522 602
t 522 603 602
t 522 523 603
t 523 604 603
t 523 524 604
t 524 605 604
t 524 525 605
t 525 606 605
t 525 526 606
t 526 607 606
t 526 527 607
t 527 608 607
t 527 528 608
t 528 609 608
t 528 529 609
t 529 610 609
t 529 530 610
t 530 611 610
t 530 531 611
t 531 612 611
t 531 532 612
t 532 613 612
t 532 533 613
t 533 614 613
t 533 534 614
t 534 615 614
t 534 535 615
t 535 616 615
t 535 536 616
t 536 617 616
t 536 537 617
t 537 618 617
t 537 538 618
t 538 619 618
t 538 539 619
t 539 620 619
t 539 540 620
t 540 621 620
t 540 541 621
t 541 622 621
t 541 542 622
t 542 623 622
t 542 543 623
t 543 624 623
t 543 544 624
t 544 625 624
t 544 545 625
t 545 626 625
t 545 546 626
t 546 627 626
t 546 547 627
t 547 628 627
t 547 548 628
t 548 629 628
t 548 549 629
t 549 630 629
t 549 550 630
t 550 631 630
t 550 551 631
t 551 632 631
t 551 552 632
t 552 633 632
t 552 553 633
t 553 634 633
t 553 554 634
t 554 635 634
t 554 555 635
t 555 636 635
t 555 556 636
t 556 637 636
t 556 557 637
t 557 638 637
t 557 558 638
t 558 639 638
t 558 559 639
t 559 640 639
t 559 560 640
t 560 641 640
t 560 561 641
t 561 642 641
t 561 562 642
t 562 643 642
t 562 563 643
t 563 644 643
t 563 564 644
t 564 645 644
t 564 565 645
t 565 646 645
t 565 566 646
t 566 647 646
t 566 567 647
t 567 648 647
t 567 568 648
t 568 649 648
t 568 569 649
t 569 650 649
t 569 570 650
t 570 651 650
t 570 571 651
t 571 652 651
t 571 572 652
t 572 653 652
t 572 573 653
t 573 654 653
t 573 574 654
t 574 655 654
t 574 575 655
t 575 656 655
t 575 576 656
t 576 657 656
t 576 577 657
t 577 658 657
t 577 578 658
t 578 659 658
t 578 579 659
t 579 660 659
t 579 373 660
t 579 580 373
t 580 581 373
t 581 371 373
t 105 372 104
t 104 372 103
t 103 372 102
t 102 372 374
t 8 9 373
t 9 10 373
t 10 11 373
t 11 12 373
t 12 375 373
t 372 582 374
t 582 583 374
t 583 584 374
t 584 585 374
t 585 586 374
t 586 587 374
t 587 588 374
t 588 589 374
t 589 590 374
t 590 661 374
t 590 591 661
t 591 662 661
t 591 592 662
t 592 663 662
t 592 593 663
t 593 664 663
t 593 594 664
t 594 665 664
t 594 595 665
t 595 666 665
t 595 596 666
t 596 667 666
t 596 597 667
t 597 668 667
t 597 598 668
t 598 669 668
t 598 599 669
t 599 670 669
t 599 600 670
t 600 671 670
t 600 601 671
t 601 672 671
t 601 602 672
t 602 673 672
t 602 603 673
t 603 674 673
t 603 604 674
t 604 675 674
t 604 605 675
t 605 676 675
t 605 606 676
t 606 677 676
t 606 607 677
t 607 678 677
t 607 608 678
t 608 679 678
t 608 609 679
t 609 680 679
t 609 610 680
t 610 681 680
t 610 611 681
t 611 682 681
t 611 612 682
t 612 683 682
t 612 613 683
t 613 684 683
t 613 614 684
t 614 685 684
t 614 615 685
t 615 686 685
t 615 616 686
t 616 687 686
t 616 617 687
t 617 688 687
t 617 618 688
t 618 689 688
t 618 619 689
t 619 690 689
t 619 620 690
t 620 691 690
t 620 621 691
t 621 692 691
t 621 622 692
t 622 693 692
t 622 623 693
t 623 694 693
t 623 624 694
t 624 695 694
t 624 625 695
t 625 696 695
t 625 626 696
t 626 697 696
t 626 627 697
t 627 698 697
t 627 628 698
t 628 699 698
t 628 629 699
t 629 700 699
t 629 630 700
t 630 701 700
t 630 631 701
t 631 702 701
t 631 632 702
t 632 703 702
t 632 633 703
t 633 704 703
t 633 634 704
t 634 705 704
t 634 635 705
t 635 706 705
t 635 636 706
t 636 707 706
t 636 637 707
t 637 708 707
t 637 638 708
t 638 709 708
t 638 639 709
t 639 710 709
t 639 640 710
t 640 711 710
t 640 641 711
t 641 712 711
t 641 642 712
t 642 713 712
t 642 643 713
t 643 714 713
t 643 644 714
t 644 715 714
t 644 645 715
t 645 716 715
t 645 646 716
t 646 717 716
t 646 647 717
t 647 718 717
t 647 648 718
t 648 719 718
t 648 649 719
t 649 720 719
t 649 650 720
t 650 721 720
t 650 651 721
t 651 722 721
t 651 652 722
t 652 723 722
t 652 653 723
t 653 724 723
t 653 654 724
t 654 725 724
t 654 655 725
t 655 726 725
t 655 656 726
t 656 727 726
t 656 657 727
t 657 728 727
t 657 658 728
t 658 729 728
t 658 659 729
t 659 730 729
t 659 660 730
t 660 731 730
t 660 373 731
t 373 732 731
t 373 375 732
t 102 374 101
t 101 374 100
t 100 374 99
t 99 374 376
t 12 13 375
t 13 14 375
t 14 15 375
t 15 16 375
t 16 377 375
t 374 661 376
t 661 662 376
t 662 663 376
t 663 733 376
t 663 664 733
t 664 734 733
t 664 665 734
t 665 735 734
t 665 666 735
t 666 736 735
t 666 667 736
t 667 737 736
t 667 668 737
t 668 738 737
t 668 669 738
t 669 739 738
t 669 670 739
t 670 740 739
t 670 671 740
t 671 741 740
t 671 672 741
t 672 742 741
t 672 673 742
t 673 743 742
t 673 674 743
t 674 744 743
t 674 675 744
t 675 745 744
t 675 676 745
t 676 746 745
t 676 677 746
t 677 747 746
t 677 678 747
t 678 748 747
t 678 679 748
t 679 749 748
t 679 680 749
t 680 750 749
t 680 681 750
t 681 751 750
t 681 682 751
t 682 752 751
t 682 683 752
t 683 753 752
t 683 684 753
t 684 754 753
t 684 685 754
t 685 755 754
t 685 686 755
t 686 756 755
t 686 687 756
t 687 757 756
t 687 688 757
t 688 758 757
t 688 689 758
t 689 759 758
t 689 690 759
t 690 760 759
t 690 691 760
t 691 761 760
t 691 692 761
t 692 762 761
t 692 693 762
t 693 763 762
t 693 694 763
t 694 764 763
t 694 695 764
t 695 765 764
t 695 696 765
t 696 766 765
t 696 697 766
t 697 767 766
t 697 698 767
t 698 768 767
t 698 699 768
t 699 769 768
t 699 700 769
t 700 770 769
t 700 701 770
t 701 771 770
t 701 702 771
t 702 772 771
t 702 703 772
t 703 773 772
t 703 704 773
t 704 774 773
t 704 705 774
t 705 775 774
t 705 706 775
t 706 776 775
t 706 707 776
t 707 777 776
t 707 708 777
t 708 778 777
t 708 709 778
t 709 779 778
t 709 710 779
t 710 780 779
t 710 711 780
t 711 781 780
t 711 712 781
t 712 782 781
t 712 713 782
t 713 783 782
t 713 714 783
t 714 784 783
t 714 715 784
t 715 785 784
t 715 716 785
t 716 786 785
t 716 717 786
t 717 787 786
t 717 718 787
t 718 788 787
t 718 719 788
t 719 789 788
t 719 720 789
t 720 790 789
t 720 721 790
t 721 791 790
t 721 722 791
t 722 792 791
t 722 723 792
t 723 793 792
t 723 724 793
t 724 794 793
t 724 725 794
t 725 795 794
t 725 726 795
t 726 796 795
t 726 727 796
t 727 797 796
t 727 728 797
t 728 798 797
t 728 729 798
t 729 799 798
t 729 730 799
t 730 800 799
t 730 731 800
t 731 801 800
t 731 732 801
t 732 802 801
t 732 375 802
t 375 803 802
t 375 804 803
t 375 805 804
t 375 377 805
t 99 376 98
t 98 376 97
t 97 376 378
t 16 17 377
t 17 18 377
t 18 19 377
t 19 20 377
t 20 379 377
t 376 733 378
t 733 734 378
t 734 735 378
t 735 736 378
t 736 737 378
t 737 806 378
t 737 738 806
t 738 807 806
t 738 739 807
t 739 808 807
t 739 740 808
t 740 809 808
t 740 741 809
t 741 810 809
t 741 742 810
t 742 811 810
t 742 743 811
t 743 812 811
t 743 744 812
t 744 813 812
t 744 745 813
t 745 814 813
t 745 746 814
t 746 815 814
t 746 747 815
t 747 816 815
t 747 748 816
t 748 817 816
t 748 749 817
t 749 818 817
t 749 750 818
t 750 819 818
t 750 751 819
t 751 820 819
t 751 752 820
t 752 821 820
t 752 753 821
t 753 822 821
t 753 754 822
t 754 823 822
t 754 755 823
t 755 824 823
t 755 756 824
t 756 825 824
t 756 757 825
t 757 826 825
t 757 758 826
t 758 827 826
t 758 759 827
t 759 828 827
t 759 760 828
t 760 829 828
t 760 761 829
t 761 830 829
t 761 762 830
t 762 831 830
t 762 763 831
t 763 832 831
t 763 764 832
t 764 833 832
t 764 765 833
t 765 834 833
t 765 766 834
t 766 835 834
t 766 767 835
t 767 836 835
t 767 768 836
t 768 837 836
t 768 769 837
t 769 838 837
t 769 770 838
t 770 839 838
t 770 771 839
t 771 840 839
t 771 772 840
t 772 841 840
t 772 773 841
t 773 842 841
t 773 774 842
t 774 843 842
t 774 775 843
t 775 844 843
t 775 776 844
t 776 845 844
t 776 777 845
t 777 846 845
t 777 778 846
t 778 847 846
t 778 779 847
t 779 848 847
t 779 780 848
t 780 849 848
t 780 781 849
t 781 850 849
t 781 782 850
t 782 851 850
t 782 783 851
t 783 852 851
t 783 784 852
t 784 853 852
t 784 785 853
t 785 854 853
t 785 786 854
t 786 855 854
t 786 787 855
t 787 856 855
t 787 788 856
t 788 857 856
t 788 789 857
t 789 858 857
t 789 790 858
t 790 859 858
t 790 791 859
t 791 860 859
t 791 792 860
t 792 861 860
t 792 793 861
t 793 862 861
t 793 794 862
t 794 863 862
t 794 795 863
t 795 864 863
t 795 796 864
t 796 865 864
t 796 797 865
t 797 866 865
t 797 798 866
t 798 867 866
t 798 799 867
t 799 868 867
t 799 800 868
t 800 869 868
t 800 801 869
t 801 870 869
t 801 802 870
t 802 871 870
t 802 803 871
t 803 872 871
t 803 804 872
t 804 873 872
t 804 805 873
t 805 874 873
t 805 379 874
t 805 377 379
t 97 378 96
t 96 378 95
t 95 378 94
t 94 378 380
t 20 21 379
t 21 22 379
t 22 23 379
t 23 24 379
t 24 381 379
t 378 806 380
t 806 807 380
t 807 808 380
t 808 809 380
t 809 810 380
t 810 811 380
t 811 812 380
t 812 813 380
t 813 814 380
t 814 815 380
t 815 816 380
t 816 875 380
t 816 817 875
t 817 876 875
t 817 818 876
t 818 877 876
t 818 819 877
t 819 878 877
t 819 820 878
t 820 879 878
t 820 821 879
t 821 880 879
t 821 822 880
t 822 881 880
t 822 823 881
t 823 882 881
t 823 824 882
t 824 883 882
t 824 825 883
t 825 884 883
t 825 826 884
t 826 885 884
t 826 827 885
t 827 886 885
t 827 828 886
t 828 887 886
t 828 829 887
t 829 888 887
t 829 830 888
t 830 889 888
t 830 831 889
t 831 890 889
t 831 832 890
t 832 891 890
t 832 833 891
t 833 892 891
t 833 834 892
t 834 893 892
t 834 835 893
t 835 894 893
t 835 836 894
t 836 895 894
t 836 837 895
t 837 896 895
t 837 838 896
t 838 897 896
t 838 839 897
t 839 898 897
t 839 840 898
t 840 899 898
t 840 841 899
t 841 900 899
t 841 842 900
t 842 901 900
t 842 843 901
t 843 902 901
t 843 844 902
t 844 903 902
t 844 845 903
t 845 904 903
t 845 846 904
t 846 905 904
t 846 847 905
t 847 906 905
t 847 848 906
t 848 907 906
t 848 849 907
t 849 908 907
t 849 850 908
t 850 909 908
t 850 851 909
t 851 910 909
t 851 852 910
t 852 911 910
t 852 853 911
t 853 912 911
t 853 854 912
t 854 913 912
t 854 855 913
t 855 914 913
t 855 856 914
t 856 915 914
t 856 857 915
t 857 916 915
t 857 858 916
t 858 917 916
t 858 859 917
t 859 918 917
t 859 860 918
t 860 919 918
t 860 861 919
t 861 920 919
t 861 862 920
t 862 921 920
t 862 863 921
t 863 922 921
t 863 864 922
t 864 923 922
t 864 865 923
t 865 924 923
t 865 866 924
t 866 925 924
t 866 867 925
t 867 926 925
t 867 868 926
t 868 927 926
t 868 869 927
t 869 928 927
t 869 870 928
t 870 929 928
t 870 381 929
t 870 871 381
t 871 872 381
t 872 873 381
t 873 874 381
t 874 379 381
t 94 380 93
t 93 380 92
t 92 380 91
t 91 380 382
t 24 25 381
t 25 26 381
t 26 27 381
t 27 28 381
t 28 383 381
t 380 875 382
t 875 876 382
t 876 877 382
t 877 878 382
t 878 879 382
t 879 880 382
t 880 881 382
t 881 882 382
t 882 883 382
t 883 930 382
t 883 884 930
t 884 931 930
t 884 885 931
t 885 932 931
t 885 886 932
t 886 933 932
t 886 887 933
t 887 934 933
t 887 888 934
t 888 935 934
t 888 889 935
t 889 936 935
t 889 890 936
t 890 937 936
t 890 891 937
t 891 938 937
t 891 892 938
t 892 939 938
t 892 893 939
t 893 940 939
t 893 894 940
t 894 941 940
t 894 895 941
t 895 942 941
t 895 896 942
t 896 943 942
t 896 897 943
t 897 944 943
t 897 898 944
t 898 945 944
t 898 899 945
t 899 946 945
t 899 900 946
t 900 947 946
t 900 901 947
t 901 948 947
t 901 902 948
t 902 949 948
t 902 903 949
t 903 950 949
t 903 904 950
t 904 951 950
t 904 905 951
t 905 952 951
t 905 906 952
t 906 953 952
t 906 907 953
t 907 954 953
t 907 908 954
t 908 955 954
t 908 909 955
t 909 956 955
t 909 910 956
t 910 957 956
t 910 911 957
t 911 958 957
t 911 912 958
t 912 959 958
t 912 913 959
t 913 960 959
t 913 914 960
t 914 961 960
t 914 915 961
t 915 962 961
t 915 916 962
t 916 963 962
t 916 917 963
t 917 964 963
t 917 918 964
t 918 965 964
t 918 919 965
t 919 966 965
t 919 920 966
t 920 967 966
t 920 921 967
t 921 968 967
t 921 922 968
t 922 969 968
t 922 923 969
t 923 970 969
t 923 924 970
t 924 971 970
t 924 925 971
t 925 972 971
t 925 926 972
t 926 973 972
t 926 927 973
t 927 974 973
t 927 928 974
t 928 975 974
t 928 929 975
t 929 976 975
t 929 383 976
t 929 381 383
t 91 382 90
t 90 382 89
t 89 382 88
t 88 382 384
t 28 29 383
t 29 30 383
t 30 31 383
t 31 32 383
t 32 385 383
t 382 930 384
t 930 931 384
t 931 932 384
t 932 933 384
t 933 934 384
t 934 935 384
t 935 936 384
t 936 977 384
t 936 937 977
t 937 978 977
t 937 938 978
t 938 979 978
t 938 939 979
t 939 980 979
t 939 940 980
t 940 981 980
t 940 941 981
t 941 982 981
t 941 942 982
t 942 983 982
t 942 943 983
t 943 984 983
t 943 944 984
t 944 985 984
t 944 945 985
t 945 986 985
t 945 946 986
t 946 987 986
t 946 947 987
t 947 988 987
t 947 948 988
t 948 989 988
t 948 949 989
t 949 990 989
t 949 950 990
t 950 991 990
t 950 951 991
t 951 992 991
t 951 952 992
t 952 993 992
t 952 953 993
t 953 994 993
t 953 954 994
t 954 995 994
t 954 955 995
t 955 996 995
t 955 956 996
t 956 997 996
t 956 957 997
t 957 998 997
t 957 958 998
t 958 999 998
t 958 959 999
t 959 1000 999
t 959 960 1000
t 960 1001 1000
t 960 961 1001
t 961 1002 1001
t 961 962 1002
t 962 1003 1002
t 962 963 1003
t 963 1004 1003
t 963 964 1004
t 964 1005 1004
t 964 965 1005
t 965 1006 1005
t 965 966 1006
t 966 1007 1006
t 966 967 1007
t 967 1008 1007
t 967 968 1008
t 968 1009 1008
t 968 969 1009
t 969 1010 1009
t 969 970 1010
t 970 1011 1010
t 970 971 1011
t 971 1012 1011
t 971 972 1012
t 972 1013 1012
t 972 973 1013
t 973 1014 1013
t 973 974 1014
t 974 1015 1014
t 974 975 1015
t 975 1016 1015
t 975 976 1016
t 976 1017 1016
t 976 383 1017
t 383 385 1017
t 88 384 87
t 87 384 86
t 86 384 85
t 85 384 386
t 32 33 385
t 33 34 385
t 34 35 385
t 35 387 385
t 384 977 386
t 977 978 386
t 978 979 386
t 979 980 386
t 980 981 386
t 981 982 386
t 982 983 386
t 983 1018 386
t 983 984 1018
t 984 1019 1018
t 984 985 1019
t 985 1020 1019
t 985 986 1020
t 986 1021 1020
t 986 987 1021
t 987 1022 1021
t 987 988 1022
t 988 1023 1022
t 988 989 1023
t 989 1024 1023
t 989 990 1024
t 990 1025 1024
t 990 991 1025
t 991 1026 1025
t 991 992 1026
t 992 1027 1026
t 992 993 1027
t 993 1028 1027
t 993 994 1028
t 994 1029 1028
t 994 995 1029
t 995 1030 1029
t 995 996 1030
t 996 1031 1030
t 996 997 1031
t 997 1032 1031
t 997 998 1032
t 998 1033 1032
t 998 999 1033
t 999 1034 1033
t 999 1000 1034
t 1000 1035 1034
t 1000 1001 1035
t 1001 1036 1035
t 1001 1002 1036
t 1002 1037 1036
t 1002 1003 1037
t 1003 1038 1037
t 1003 1004 1038
t 1004 1039 1038
t 1004 1005 1039
t 1005 1040 1039
t 1005 1006 1040
t 1006 1041 1040
t 1006 1007 1041
t 1007 1042 1041
t 1007 1008 1042
t 1008 1043 1042
t 1008 1009 1043
t 1009 1044 1043
t 1009 1010 1044
t 1010 1045 1044
t 1010 1011 1045
t 1011 1046 1045
t 1011 1012 1046
t 1012 1047 1046
t 1012 1013 1047
t 1013 1048 1047
t 1013 1014 1048
t 1014 1049 1048
t 1014 1015 1049
t 1015 1050 1049
t 1015 1016 1050
t 1016 1051 1050
t 1016 1017 1051
t 1017 1052 1051
t 1017 385 1052
t 385 387 1052
t 85 386 84
t 84 386 83
t 83 386 82
t 82 386 81
t 81 386 388
t 35 36 387
t 36 37 387
t 37 38 387
t 38 389 387
t 386 1018 388
t 1018 1019 388
t 1019 1020 388
t 1020 1021 388
t 1021 1022 388
t 1022 1023 388
t 1023 1024 388
t 1024 1025 388
t 1025 1026 388
t 1026 1027 388
t 1027 1028 388
t 1028 1053 388
t 1028 1029 1053
t 1029 1054 1053
t 1029 1030 1054
t 1030 1055 1054
t 1030 1031 1055
t 1031 1056 1055
t 1031 1032 1056
t 1032 1057 1056
t 1032 1033 1057
t 1033 1058 1057
t 1033 1034 1058
t 1034 1059 1058
t 1034 1035 1059
t 1035 1060 1059
t 1035 1036 1060
t 1036 1061 1060
t 1036 1037 1061
t 1037 1062 1061
t 1037 1038 1062
t 1038 1063 1062
t 1038 1039 1063
t 1039 1064 1063
t 1039 1040 1064
t 1040 1065 1064
t 1040 1041 1065
t 1041 1066 1065
t 1041 1042 1066
t 1042 1067 1066
t 1042 1043 1067
t 1043 1068 1067
t 1043 1044 1068
t 1044 1069 1068
t 1044 1045 1069
t 1045 1070 1069
t 1045 1046 1070
t 1046 1071 1070
t 1046 1047 1071
t 1047 1072 1071
t 1047 1048 1072
t 1048 1073 1072
t 1048 1049 1073
t 1049 1074 1073
t 1049 1050 1074
t 1050 1075 1074
t 1050 389 1075
t 1050 1051 389
t 1051 1052 389
t 1052 387 389
t 81 388 80
t 80 388 79
t 79 388 78
t 78 388 77
t 77 388 76
t 76 388 75
t 75 388 74
t 74 388 390
t 38 39 389
t 39 40 389
t 40 41 389
t 41 42 389
t 42 43 389
t 43 44 389
t 44 391 389
t 388 1053 390
t 1053 1054 390
t 1054 1055 390
t 1055 1056 390
t 1056 1057 390
t 1057 1058 390
t 1058 1059 390
t 1059 1060 390
t 1060 1061 390
t 1061 1062 390
t 1062 1063 390
t 1063 1076 390
t 1063 1064 1076
t 1064 1077 1076
t 1064 1065 1077
t 1065 1078 1077
t 1065 1066 1078
t 1066 1079 1078
t 1066 1067 1079
t 1067 1080 1079
t 1067 1068 1080
t 1068 1081 1080
t 1068 1069 1081
t 1069 1082 1081
t 1069 1070 1082
t 1070 1083 1082
t 1070 1071 1083
t 1071 1084 1083
t 1071 1072 1084
t 1072 1085 1084
t 1072 1073 1085
t 1073 1086 1085
t 1073 1074 1086
t 1074 1087 1086
t 1074 1075 1087
t 1075 1088 1087
t 1075 389 1088
t 389 1089 1088
t 389 1090 1089
t 389 1091 1090
t 389 391 1091
t 74 390 73
t 73 390 72
t 72 390 71
t 71 390 70
t 70 390 392
t 44 45 391
t 45 46 391
t 46 393 391
t 390 1076 392
t 1076 1077 392
t 1077 1078 392
t 1078 1079 392
t 1079 1080 392
t 1080 1081 392
t 1081 1082 392
t 1082 1092 392
t 1082 1083 1092
t 1083 1093 1092
t 1083 1084 1093
t 1084 1094 1093
t 1084 1085 1094
t 1085 1095 1094
t 1085 1086 1095
t 1086 1096 1095
t 1086 1087 1096
t 1087 1097 1096
t 1087 1088 1097
t 1088 1098 1097
t 1088 1089 1098
t 1089 1099 1098
t 1089 1090 1099
t 1090 1100 1099
t 1090 1091 1100
t 1091 1101 1100
t 1091 391 1101
t 391 1102 1101
t 391 393 1102
t 70 392 69
t 69 392 68
t 68 392 67
t 67 392 66
t 66 392 65
t 65 392 394
t 46 47 393
t 47 48 393
t 48 49 393
t 49 395 393
t 392 1092 394
t 1092 1093 394
t 1093 1094 394
t 1094 1095 394
t 1095 1096 394
t 1096 1097 394
t 1097 1103 394
t 1097 1098 1103
t 1098 1104 1103
t 1098 1099 1104
t 1099 1105 1104
t 1099 1100 1105
t 1100 1106 1105
t 1100 1101 1106
t 1101 1107 1106
t 1101 1102 1107
t 1102 1108 1107
t 1102 393 1108
t 393 395 1108
t 65 394 64
t 64 394 63
t 63 394 62
t 62 394 61
t 61 394 60
t 60 394 396
t 49 50 395
t 50 51 395
t 51 52 395
t 52 397 395
t 394 1103 396
t 1103 1104 396
t 1104 1105 396
t 1105 1106 396
t 1106 1107 396
t 1107 1108 396
t 1108 395 396
t 395 1109 396
t 395 1110 1109
t 395 1111 1110
t 395 1112 1111
t 395 397 1112
t 60 396 59
t 59 396 58
t 58 396 57
t 57 396 56
t 56 396 55
t 52 53 397
t 53 54 397
t 54 55 397
t 396 1109 55
t 1109 1110 55
t 1110 1111 55
t 1111 1112 55
t 1112 397 55
