type=Nurbs forward=true n_boundary=118 n_holes=0 n_interior=369 n_tris=588 label=brep47598_f233_Nurbs(deg=3/3, cps=4x6)
boundary
b 0.141555177 0.003790305
b 0.167240111 0.003790305
b 0.192712818 0.003790305
b 0.217991103 0.003790305
b 0.243092265 0.003790305
b 0.268033150 0.003790305
b 0.292830198 0.003790305
b 0.317499487 0.003790305
b 0.342056774 0.003790305
b 0.366517542 0.003790305
b 0.390897035 0.003790305
b 0.415210296 0.003790305
b 0.439472211 0.003790305
b 0.463697538 0.003790305
b 0.487900947 0.003790305
b 0.512097055 0.003790305
b 0.536300463 0.003790305
b 0.560525787 0.003790305
b 0.584787698 0.003790305
b 0.609100955 0.003790305
b 0.633480441 0.003790305
b 0.657941202 0.003790305
b 0.682498481 0.003790305
b 0.707167759 0.003790305
b 0.731964796 0.003790305
b 0.756905669 0.003790305
b 0.782006817 0.003790305
b 0.807285086 0.003790305
b 0.832757777 0.003790305
b 0.858442692 0.003790305
b 0.884358192 0.003790305
b 0.884358188 0.021883908
b 0.884358174 0.039977510
b 0.884358151 0.058071113
b 0.884358119 0.076164715
b 0.884358080 0.094258318
b 0.884358032 0.112351920
b 0.884357977 0.130445522
b 0.884357915 0.148539125
b 0.884357846 0.166632727
b 0.884357771 0.184726330
b 0.884357689 0.202819932
b 0.884357602 0.220913534
b 0.884357509 0.239007137
b 0.884357412 0.257100739
b 0.884357309 0.275194342
b 0.884357203 0.293287944
b 0.884357092 0.311381546
b 0.884356977 0.329475149
b 0.884356860 0.347568751
b 0.884356739 0.365662354
b 0.884356615 0.383755956
b 0.884356490 0.401849558
b 0.884356362 0.419943161
b 0.884356233 0.438036763
b 0.884356103 0.456130366
b 0.884355972 0.474223968
b 0.884355840 0.492317570
b 0.884355708 0.510411173
b 0.884355576 0.528504775
b 0.884355445 0.546598378
b 0.884355315 0.564691980
b 0.884355186 0.582785582
b 0.884355058 0.600879185
b 0.884354933 0.618972787
b 0.884354809 0.637066390
b 0.884354689 0.655159992
b 0.884354571 0.673253594
b 0.884354456 0.691347197
b 0.884354346 0.709440799
b 0.884354239 0.727534402
b 0.884354136 0.745628004
b 0.884354039 0.763721607
b 0.884353946 0.781815209
b 0.884353859 0.799908811
b 0.884353777 0.818002414
b 0.884353702 0.836096016
b 0.884353633 0.854189619
b 0.884353571 0.872283221
b 0.884353516 0.890376823
b 0.884353468 0.908470426
b 0.884353429 0.926564028
b 0.884353397 0.944657631
b 0.884353374 0.962751233
b 0.884353360 0.980844835
b 0.884353356 0.998938438
b 0.858438046 0.998938443
b 0.832753315 0.998938442
b 0.807280804 0.998938442
b 0.782002708 0.998938442
b 0.756901729 0.998938442
b 0.731961021 0.998938442
b 0.707164144 0.998938441
b 0.682495022 0.998938441
b 0.657937897 0.998938441
b 0.633477286 0.998938441
b 0.609097947 0.998938441
b 0.584784834 0.998938441
b 0.560523065 0.998938440
b 0.536297881 0.998938440
b 0.512094611 0.998938440
b 0.487898640 0.998938440
b 0.463695366 0.998938440
b 0.439470174 0.998938439
b 0.415208392 0.998938439
b 0.390895263 0.998938439
b 0.366515903 0.998938439
b 0.342055267 0.998938439
b 0.317498112 0.998938438
b 0.292828956 0.998938438
b 0.268032042 0.998938438
b 0.243091290 0.998938438
b 0.217990264 0.998938438
b 0.192712116 0.998938437
b 0.167239547 0.998938437
b 0.141554753 0.998938437
b 0.115639376 0.998938436
b 0.115639657 0.003790305
interior
i 0.211729228 0.128183823
i 0.307819080 0.128183823
i 0.403908932 0.128183823
i 0.499998784 0.128183823
i 0.596088636 0.128183823
i 0.692178488 0.128183823
i 0.788268340 0.128183823
i 0.211729228 0.252577340
i 0.307819080 0.252577340
i 0.403908932 0.252577340
i 0.499998784 0.252577340
i 0.596088636 0.252577340
i 0.692178488 0.252577340
i 0.788268340 0.252577340
i 0.211729228 0.376970857
i 0.307819080 0.376970857
i 0.403908932 0.376970857
i 0.499998784 0.376970857
i 0.596088636 0.376970857
i 0.692178488 0.376970857
i 0.788268340 0.376970857
i 0.211729228 0.501364374
i 0.307819080 0.501364374
i 0.403908932 0.501364374
i 0.499998784 0.501364374
i 0.596088636 0.501364374
i 0.692178488 0.501364374
i 0.788268340 0.501364374
i 0.211729228 0.625757891
i 0.307819080 0.625757891
i 0.403908932 0.625757891
i 0.499998784 0.625757891
i 0.596088636 0.625757891
i 0.692178488 0.625757891
i 0.788268340 0.625757891
i 0.211729228 0.750151408
i 0.307819080 0.750151408
i 0.403908932 0.750151408
i 0.499998784 0.750151408
i 0.596088636 0.750151408
i 0.692178488 0.750151408
i 0.788268340 0.750151408
i 0.211729228 0.874544925
i 0.307819080 0.874544925
i 0.403908932 0.874544925
i 0.499998784 0.874544925
i 0.596088636 0.874544925
i 0.692178488 0.874544925
i 0.788268340 0.874544925
i 0.163684302 0.065987064
i 0.139661839 0.034888685
i 0.187706765 0.034888685
i 0.139661839 0.097085443
i 0.187706765 0.097085443
i 0.163684302 0.190380581
i 0.139661839 0.159282202
i 0.187706765 0.159282202
i 0.139661839 0.221478960
i 0.187706765 0.221478960
i 0.163684302 0.314774098
i 0.139661839 0.283675719
i 0.187706765 0.283675719
i 0.139661839 0.345872478
i 0.187706765 0.345872478
i 0.163684302 0.439167615
i 0.139661839 0.408069236
i 0.187706765 0.408069236
i 0.139661839 0.470265995
i 0.187706765 0.470265995
i 0.163684302 0.563561133
i 0.139661839 0.532462753
i 0.187706765 0.532462753
i 0.139661839 0.594659512
i 0.187706765 0.594659512
i 0.163684302 0.687954650
i 0.139661839 0.656856270
i 0.187706765 0.656856270
i 0.139661839 0.719053029
i 0.187706765 0.719053029
i 0.163684302 0.812348167
i 0.139661839 0.781249788
i 0.187706765 0.781249788
i 0.139661839 0.843446546
i 0.187706765 0.843446546
i 0.163684302 0.936741684
i 0.139661839 0.905643305
i 0.187706765 0.905643305
i 0.139661839 0.967840063
i 0.187706765 0.967840063
i 0.259774154 0.065987064
i 0.235751691 0.034888685
i 0.283796617 0.034888685
i 0.235751691 0.097085443
i 0.283796617 0.097085443
i 0.259774154 0.190380581
i 0.235751691 0.159282202
i 0.283796617 0.159282202
i 0.235751691 0.221478960
i 0.283796617 0.221478960
i 0.259774154 0.314774098
i 0.235751691 0.283675719
i 0.283796617 0.283675719
i 0.235751691 0.345872478
i 0.283796617 0.345872478
i 0.259774154 0.439167615
i 0.235751691 0.408069236
i 0.283796617 0.408069236
i 0.235751691 0.470265995
i 0.283796617 0.470265995
i 0.259774154 0.563561133
i 0.235751691 0.532462753
i 0.283796617 0.532462753
i 0.235751691 0.594659512
i 0.283796617 0.594659512
i 0.259774154 0.687954650
i 0.235751691 0.656856270
i 0.283796617 0.656856270
i 0.235751691 0.719053029
i 0.283796617 0.719053029
i 0.259774154 0.812348167
i 0.235751691 0.781249788
i 0.283796617 0.781249788
i 0.235751691 0.843446546
i 0.283796617 0.843446546
i 0.259774154 0.936741684
i 0.235751691 0.905643305
i 0.283796617 0.905643305
i 0.235751691 0.967840063
i 0.283796617 0.967840063
i 0.355864006 0.065987064
i 0.331841543 0.034888685
i 0.379886469 0.034888685
i 0.331841543 0.097085443
i 0.379886469 0.097085443
i 0.355864006 0.190380581
i 0.331841543 0.159282202
i 0.379886469 0.159282202
i 0.331841543 0.221478960
i 0.379886469 0.221478960
i 0.355864006 0.314774098
i 0.331841543 0.283675719
i 0.379886469 0.283675719
i 0.331841543 0.345872478
i 0.379886469 0.345872478
i 0.355864006 0.439167615
i 0.331841543 0.408069236
i 0.379886469 0.408069236
i 0.331841543 0.470265995
i 0.379886469 0.470265995
i 0.355864006 0.563561133
i 0.331841543 0.532462753
i 0.379886469 0.532462753
i 0.331841543 0.594659512
i 0.379886469 0.594659512
i 0.355864006 0.687954650
i 0.331841543 0.656856270
i 0.379886469 0.656856270
i 0.331841543 0.719053029
i 0.379886469 0.719053029
i 0.355864006 0.812348167
i 0.331841543 0.781249788
i 0.379886469 0.781249788
i 0.331841543 0.843446546
i 0.379886469 0.843446546
i 0.355864006 0.936741684
i 0.331841543 0.905643305
i 0.379886469 0.905643305
i 0.331841543 0.967840063
i 0.379886469 0.967840063
i 0.451953858 0.065987064
i 0.427931395 0.034888685
i 0.475976321 0.034888685
i 0.427931395 0.097085443
i 0.475976321 0.097085443
i 0.451953858 0.190380581
i 0.427931395 0.159282202
i 0.475976321 0.159282202
i 0.427931395 0.221478960
i 0.475976321 0.221478960
i 0.451953858 0.314774098
i 0.427931395 0.283675719
i 0.475976321 0.283675719
i 0.427931395 0.345872478
i 0.475976321 0.345872478
i 0.451953858 0.439167615
i 0.427931395 0.408069236
i 0.475976321 0.408069236
i 0.427931395 0.470265995
i 0.475976321 0.470265995
i 0.451953858 0.563561133
i 0.427931395 0.532462753
i 0.475976321 0.532462753
i 0.427931395 0.594659512
i 0.475976321 0.594659512
i 0.451953858 0.687954650
i 0.427931395 0.656856270
i 0.475976321 0.656856270
i 0.427931395 0.719053029
i 0.475976321 0.719053029
i 0.451953858 0.812348167
i 0.427931395 0.781249788
i 0.475976321 0.781249788
i 0.427931395 0.843446546
i 0.475976321 0.843446546
i 0.451953858 0.936741684
i 0.427931395 0.905643305
i 0.475976321 0.905643305
i 0.427931395 0.967840063
i 0.475976321 0.967840063
i 0.548043710 0.065987064
i 0.524021247 0.034888685
i 0.572066173 0.034888685
i 0.524021247 0.097085443
i 0.572066173 0.097085443
i 0.548043710 0.190380581
i 0.524021247 0.159282202
i 0.572066173 0.159282202
i 0.524021247 0.221478960
i 0.572066173 0.221478960
i 0.548043710 0.314774098
i 0.524021247 0.283675719
i 0.572066173 0.283675719
i 0.524021247 0.345872478
i 0.572066173 0.345872478
i 0.548043710 0.439167615
i 0.524021247 0.408069236
i 0.572066173 0.408069236
i 0.524021247 0.470265995
i 0.572066173 0.470265995
i 0.548043710 0.563561133
i 0.524021247 0.532462753
i 0.572066173 0.532462753
i 0.524021247 0.594659512
i 0.572066173 0.594659512
i 0.548043710 0.687954650
i 0.524021247 0.656856270
i 0.572066173 0.656856270
i 0.524021247 0.719053029
i 0.572066173 0.719053029
i 0.548043710 0.812348167
i 0.524021247 0.781249788
i 0.572066173 0.781249788
i 0.524021247 0.843446546
i 0.572066173 0.843446546
i 0.548043710 0.936741684
i 0.524021247 0.905643305
i 0.572066173 0.905643305
i 0.524021247 0.967840063
i 0.572066173 0.967840063
i 0.644133562 0.065987064
i 0.620111099 0.034888685
i 0.668156025 0.034888685
i 0.620111099 0.097085443
i 0.668156025 0.097085443
i 0.644133562 0.190380581
i 0.620111099 0.159282202
i 0.668156025 0.159282202
i 0.620111099 0.221478960
i 0.668156025 0.221478960
i 0.644133562 0.314774098
i 0.620111099 0.283675719
i 0.668156025 0.283675719
i 0.620111099 0.345872478
i 0.668156025 0.345872478
i 0.644133562 0.439167615
i 0.620111099 0.408069236
i 0.668156025 0.408069236
i 0.620111099 0.470265995
i 0.668156025 0.470265995
i 0.644133562 0.563561133
i 0.620111099 0.532462753
i 0.668156025 0.532462753
i 0.620111099 0.594659512
i 0.668156025 0.594659512
i 0.644133562 0.687954650
i 0.620111099 0.656856270
i 0.668156025 0.656856270
i 0.620111099 0.719053029
i 0.668156025 0.719053029
i 0.644133562 0.812348167
i 0.620111099 0.781249788
i 0.668156025 0.781249788
i 0.620111099 0.843446546
i 0.668156025 0.843446546
i 0.644133562 0.936741684
i 0.620111099 0.905643305
i 0.668156025 0.905643305
i 0.620111099 0.967840063
i 0.668156025 0.967840063
i 0.740223414 0.065987064
i 0.716200951 0.034888685
i 0.764245877 0.034888685
i 0.716200951 0.097085443
i 0.764245877 0.097085443
i 0.740223414 0.190380581
i 0.716200951 0.159282202
i 0.764245877 0.159282202
i 0.716200951 0.221478960
i 0.764245877 0.221478960
i 0.740223414 0.314774098
i 0.716200951 0.283675719
i 0.764245877 0.283675719
i 0.716200951 0.345872478
i 0.764245877 0.345872478
i 0.740223414 0.439167615
i 0.716200951 0.408069236
i 0.764245877 0.408069236
i 0.716200951 0.470265995
i 0.764245877 0.470265995
i 0.740223414 0.563561133
i 0.716200951 0.532462753
i 0.764245877 0.532462753
i 0.716200951 0.594659512
i 0.764245877 0.594659512
i 0.740223414 0.687954650
i 0.716200951 0.656856270
i 0.764245877 0.656856270
i 0.716200951 0.719053029
i 0.764245877 0.719053029
i 0.740223414 0.812348167
i 0.716200951 0.781249788
i 0.764245877 0.781249788
i 0.716200951 0.843446546
i 0.764245877 0.843446546
i 0.740223414 0.936741684
i 0.716200951 0.905643305
i 0.764245877 0.905643305
i 0.716200951 0.967840063
i 0.764245877 0.967840063
i 0.836313266 0.065987064
i 0.812290803 0.034888685
i 0.860335729 0.034888685
i 0.812290803 0.097085443
i 0.860335729 0.097085443
i 0.836313266 0.190380581
i 0.812290803 0.159282202
i 0.860335729 0.159282202
i 0.812290803 0.221478960
i 0.860335729 0.221478960
i 0.836313266 0.314774098
i 0.812290803 0.283675719
i 0.860335729 0.283675719
i 0.812290803 0.345872478
i 0.860335729 0.345872478
i 0.836313266 0.439167615
i 0.812290803 0.408069236
i 0.860335729 0.408069236
i 0.812290803 0.470265995
i 0.860335729 0.470265995
i 0.836313266 0.563561133
i 0.812290803 0.532462753
i 0.860335729 0.532462753
i 0.812290803 0.594659512
i 0.860335729 0.594659512
i 0.836313266 0.687954650
i 0.812290803 0.656856270
i 0.860335729 0.656856270
i 0.812290803 0.719053029
i 0.860335729 0.719053029
i 0.836313266 0.812348167
i 0.812290803 0.781249788
i 0.860335729 0.781249788
i 0.812290803 0.843446546
i 0.860335729 0.843446546
i 0.836313266 0.936741684
i 0.812290803 0.905643305
i 0.860335729 0.905643305
i 0.812290803 0.967840063
i 0.860335729 0.967840063
tris
t 117 495 487
t 117 0 495
t 0 496 495
t 0 1 496
t 1 497 496
t 1 2 497
t 2 498 497
t 2 3 498
t 3 499 498
t 3 500 499
t 3 4 500
t 4 501 500
t 4 502 501
t 4 5 502
t 5 503 502
t 5 504 503
t 5 6 504
t 6 505 504
t 6 506 505
t 6 7 506
t 7 507 506
t 7 508 507
t 7 8 508
t 8 509 508
t 8 510 509
t 8 9 510
t 9 511 510
t 9 512 511
t 9 10 512
t 10 513 512
t 10 514 513
t 10 11 514
t 11 515 514
t 11 516 515
t 11 12 516
t 12 517 516
t 12 518 517
t 12 13 518
t 13 519 518
t 13 520 519
t 13 14 520
t 14 521 520
t 14 522 521
t 14 15 522
t 15 523 522
t 15 524 523
t 15 16 524
t 16 525 524
t 16 526 525
t 16 17 526
t 17 527 526
t 17 528 527
t 17 18 528
t 18 529 528
t 18 530 529
t 18 19 530
t 19 531 530
t 19 532 531
t 19 20 532
t 20 533 532
t 20 534 533
t 20 21 534
t 21 535 534
t 21 536 535
t 21 22 536
t 22 537 536
t 22 538 537
t 22 23 538
t 23 539 538
t 23 540 539
t 23 24 540
t 24 541 540
t 24 542 541
t 24 25 542
t 25 543 542
t 25 544 543
t 25 26 544
t 26 545 544
t 26 546 545
t 26 27 546
t 27 547 546
t 27 548 547
t 27 28 548
t 28 549 548
t 28 550 549
t 28 29 550
t 29 551 550
t 29 488 551
t 29 30 488
t 117 487 489
t 30 31 488
t 31 32 488
t 32 33 488
t 33 34 488
t 34 35 488
t 35 36 488
t 36 37 488
t 37 38 488
t 38 39 488
t 39 40 488
t 40 41 488
t 41 42 488
t 42 43 488
t 43 490 488
t 487 495 489
t 495 552 489
t 495 496 552
t 496 553 552
t 496 497 553
t 497 554 553
t 497 498 554
t 498 555 554
t 498 499 555
t 499 556 555
t 499 500 556
t 500 557 556
t 500 501 557
t 501 558 557
t 501 502 558
t 502 559 558
t 502 503 559
t 503 560 559
t 503 504 560
t 504 561 560
t 504 505 561
t 505 562 561
t 505 506 562
t 506 563 562
t 506 507 563
t 507 564 563
t 507 508 564
t 508 565 564
t 508 509 565
t 509 566 565
t 509 510 566
t 510 567 566
t 510 511 567
t 511 568 567
t 511 512 568
t 512 569 568
t 512 513 569
t 513 570 569
t 513 514 570
t 514 571 570
t 514 515 571
t 515 572 571
t 515 516 572
t 516 573 572
t 516 517 573
t 517 574 573
t 517 518 574
t 518 575 574
t 518 519 575
t 519 576 575
t 519 520 576
t 520 577 576
t 520 521 577
t 521 578 577
t 521 522 578
t 522 579 578
t 522 523 579
t 523 580 579
t 523 524 580
t 524 581 580
t 524 525 581
t 525 582 581
t 525 526 582
t 526 583 582
t 526 527 583
t 527 584 583
t 527 528 584
t 528 585 584
t 528 529 585
t 529 586 585
t 529 530 586
t 530 587 586
t 530 531 587
t 531 588 587
t 531 532 588
t 532 589 588
t 532 533 589
t 533 590 589
t 533 534 590
t 534 591 590
t 534 535 591
t 535 592 591
t 535 536 592
t 536 593 592
t 536 537 593
t 537 594 593
t 537 538 594
t 538 595 594
t 538 539 595
t 539 596 595
t 539 540 596
t 540 597 596
t 540 541 597
t 541 598 597
t 541 542 598
t 542 599 598
t 542 543 599
t 543 600 599
t 543 544 600
t 544 601 600
t 544 545 601
t 545 602 601
t 545 546 602
t 546 603 602
t 546 547 603
t 547 604 603
t 547 548 604
t 548 605 604
t 548 549 605
t 549 606 605
t 549 550 606
t 550 607 606
t 550 551 607
t 551 608 607
t 551 490 608
t 551 488 490
t 117 489 491
t 43 44 490
t 44 45 490
t 45 46 490
t 46 47 490
t 47 48 490
t 48 49 490
t 49 50 490
t 50 51 490
t 51 52 490
t 52 53 490
t 53 54 490
t 54 55 490
t 55 56 490
t 56 57 490
t 57 492 490
t 489 552 491
t 552 609 491
t 552 553 609
t 553 610 609
t 553 554 610
t 554 611 610
t 554 555 611
t 555 612 611
t 555 556 612
t 556 613 612
t 556 557 613
t 557 614 613
t 557 558 614
t 558 615 614
t 558 559 615
t 559 616 615
t 559 560 616
t 560 617 616
t 560 561 617
t 561 618 617
t 561 562 618
t 562 619 618
t 562 563 619
t 563 620 619
t 563 564 620
t 564 621 620
t 564 565 621
t 565 622 621
t 565 566 622
t 566 623 622
t 566 567 623
t 567 624 623
t 567 568 624
t 568 625 624
t 568 569 625
t 569 626 625
t 569 570 626
t 570 627 626
t 570 571 627
t 571 628 627
t 571 572 628
t 572 629 628
t 572 573 629
t 573 630 629
t 573 574 630
t 574 631 630
t 574 575 631
t 575 632 631
t 575 576 632
t 576 633 632
t 576 577 633
t 577 634 633
t 577 578 634
t 578 635 634
t 578 579 635
t 579 636 635
t 579 580 636
t 580 637 636
t 580 581 637
t 581 638 637
t 581 582 638
t 582 639 638
t 582 583 639
t 583 640 639
t 583 584 640
t 584 641 640
t 584 585 641
t 585 642 641
t 585 586 642
t 586 643 642
t 586 587 643
t 587 644 643
t 587 588 644
t 588 645 644
t 588 589 645
t 589 646 645
t 589 590 646
t 590 647 646
t 590 591 647
t 591 648 647
t 591 592 648
t 592 649 648
t 592 593 649
t 593 650 649
t 593 594 650
t 594 651 650
t 594 595 651
t 595 652 651
t 595 596 652
t 596 653 652
t 596 597 653
t 597 654 653
t 597 598 654
t 598 655 654
t 598 599 655
t 599 656 655
t 599 600 656
t 600 657 656
t 600 601 657
t 601 658 657
t 601 602 658
t 602 659 658
t 602 603 659
t 603 660 659
t 603 604 660
t 604 661 660
t 604 605 661
t 605 662 661
t 605 606 662
t 606 663 662
t 606 607 663
t 607 664 663
t 607 608 664
t 608 665 664
t 608 492 665
t 608 490 492
t 117 491 493
t 57 58 492
t 58 59 492
t 59 60 492
t 60 61 492
t 61 62 492
t 62 63 492
t 63 64 492
t 64 65 492
t 65 66 492
t 66 67 492
t 67 68 492
t 68 69 492
t 69 70 492
t 70 71 492
t 71 494 492
t 491 609 493
t 609 666 493
t 609 610 666
t 610 667 666
t 610 611 667
t 611 668 667
t 611 612 668
t 612 669 668
t 612 613 669
t 613 670 669
t 613 614 670
t 614 671 670
t 614 615 671
t 615 672 671
t 615 616 672
t 616 673 672
t 616 617 673
t 617 674 673
t 617 618 674
t 618 675 674
t 618 619 675
t 619 676 675
t 619 620 676
t 620 677 676
t 620 621 677
t 621 678 677
t 621 622 678
t 622 679 678
t 622 623 679
t 623 680 679
t 623 624 680
t 624 681 680
t 624 625 681
t 625 682 681
t 625 626 682
t 626 683 682
t 626 627 683
t 627 684 683
t 627 628 684
t 628 685 684
t 628 629 685
t 629 686 685
t 629 630 686
t 630 687 686
t 630 631 687
t 631 688 687
t 631 632 688
t 632 689 688
t 632 633 689
t 633 690 689
t 633 634 690
t 634 691 690
t 634 635 691
t 635 692 691
t 635 636 692
t 636 693 692
t 636 637 693
t 637 694 693
t 637 638 694
t 638 695 694
t 638 639 695
t 639 696 695
t 639 640 696
t 640 697 696
t 640 641 697
t 641 698 697
t 641 642 698
t 642 699 698
t 642 643 699
t 643 700 699
t 643 644 700
t 644 701 700
t 644 645 701
t 645 702 701
t 645 646 702
t 646 703 702
t 646 647 703
t 647 704 703
t 647 648 704
t 648 705 704
t 648 649 705
t 649 706 705
t 649 650 706
t 650 707 706
t 650 651 707
t 651 708 707
t 651 652 708
t 652 709 708
t 652 653 709
t 653 710 709
t 653 654 710
t 654 711 710
t 654 655 711
t 655 712 711
t 655 656 712
t 656 713 712
t 656 657 713
t 657 714 713
t 657 658 714
t 658 715 714
t 658 659 715
t 659 716 715
t 659 660 716
t 660 717 716
t 660 661 717
t 661 718 717
t 661 662 718
t 662 719 718
t 662 663 719
t 663 720 719
t 663 664 720
t 664 721 720
t 664 665 721
t 665 722 721
t 665 494 722
t 665 492 494
t 117 493 116
t 71 72 494
t 72 73 494
t 73 74 494
t 74 75 494
t 75 76 494
t 76 77 494
t 77 78 494
t 78 79 494
t 79 80 494
t 80 81 494
t 81 82 494
t 82 83 494
t 83 84 494
t 84 85 494
t 493 666 116
t 666 115 116
t 666 667 115
t 667 114 115
t 667 668 114
t 668 113 114
t 668 669 113
t 669 112 113
t 669 670 112
t 670 671 112
t 671 111 112
t 671 672 111
t 672 673 111
t 673 110 111
t 673 674 110
t 674 675 110
t 675 109 110
t 675 676 109
t 676 677 109
t 677 108 109
t 677 678 108
t 678 679 108
t 679 107 108
t 679 680 107
t 680 681 107
t 681 106 107
t 681 682 106
t 682 683 106
t 683 105 106
t 683 684 105
t 684 685 105
t 685 104 105
t 685 686 104
t 686 687 104
t 687 103 104
t 687 688 103
t 688 689 103
t 689 102 103
t 689 690 102
t 690 691 102
t 691 101 102
t 691 692 101
t 692 693 101
t 693 100 101
t 693 694 100
t 694 695 100
t 695 99 100
t 695 696 99
t 696 697 99
t 697 98 99
t 697 698 98
t 698 699 98
t 699 97 98
t 699 700 97
t 700 701 97
t 701 96 97
t 701 702 96
t 702 703 96
t 703 95 96
t 703 704 95
t 704 705 95
t 705 94 95
t 705 706 94
t 706 707 94
t 707 93 94
t 707 708 93
t 708 709 93
t 709 92 93
t 709 710 92
t 710 711 92
t 711 91 92
t 711 712 91
t 712 713 91
t 713 90 91
t 713 714 90
t 714 715 90
t 715 89 90
t 715 716 89
t 716 717 89
t 717 88 89
t 717 718 88
t 718 719 88
t 719 87 88
t 719 720 87
t 720 721 87
t 721 86 87
t 721 722 86
t 722 494 86
t 494 85 86
