type=Nurbs forward=false n_boundary=227 n_holes=0 n_interior=59 n_tris=441 label=brep47598_f8_Nurbs(deg=3/3, cps=5x8)
boundary
b 0.417521179 0.999999985
b 0.409789104 0.999999983
b 0.402057043 0.999999980
b 0.394324997 0.999999977
b 0.386592966 0.999999974
b 0.378860948 0.999999970
b 0.371128943 0.999999966
b 0.363396951 0.999999963
b 0.355664971 0.999999960
b 0.347933002 0.999999958
b 0.340201045 0.999999957
b 0.332469097 0.999999957
b 0.324737160 0.999999958
b 0.317005232 0.999999961
b 0.309273313 0.999999966
b 0.301541402 0.999999974
b 0.293809498 0.999999983
b 0.286077601 0.999999995
b 0.278345711 1.000000010
b 0.270613827 1.000000028
b 0.262881952 1.000000047
b 0.255150087 1.000000067
b 0.247418234 1.000000088
b 0.239686393 1.000000108
b 0.231954566 1.000000126
b 0.224222756 1.000000143
b 0.216490962 1.000000157
b 0.208759188 1.000000168
b 0.201027434 1.000000174
b 0.193295702 1.000000176
b 0.185563994 1.000000171
b 0.177832311 1.000000161
b 0.170100655 1.000000142
b 0.162369028 1.000000116
b 0.154637431 1.000000081
b 0.146905866 1.000000036
b 0.139174334 0.999999980
b 0.131442837 0.999999914
b 0.123711370 0.999999839
b 0.115979930 0.999999756
b 0.108248515 0.999999668
b 0.100517122 0.999999574
b 0.092785746 0.999999477
b 0.085054385 0.999999379
b 0.077323035 0.999999281
b 0.069591694 0.999999184
b 0.061860358 0.999999090
b 0.054129022 0.999999001
b 0.046397686 0.999998918
b 0.038666343 0.999998843
b 0.030934992 0.999998777
b 0.023203629 0.999998722
b 0.015472250 0.999998680
b 0.007740852 0.999998652
b 0.000009432 0.999998641
b 0.000000020 0.967740617
b 0.000000126 0.935482596
b 0.000000234 0.903224583
b 0.000000312 0.870966576
b 0.000000343 0.838708571
b 0.000000321 0.806450565
b 0.000000249 0.774192551
b 0.000000145 0.741934526
b 0.000000037 0.709676489
b -0.000000037 0.677418443
b -0.000000031 0.645160396
b 0.000000042 0.612902358
b 0.000000137 0.580644334
b 0.000000220 0.548386322
b 0.000000267 0.516128320
b 0.000000267 0.483870321
b 0.000000220 0.451612319
b 0.000000137 0.419354307
b 0.000000042 0.387096283
b -0.000000031 0.354838245
b -0.000000037 0.322580198
b 0.000000037 0.290322151
b 0.000000145 0.258064115
b 0.000000249 0.225806090
b 0.000000321 0.193548076
b 0.000000343 0.161290070
b 0.000000312 0.129032065
b 0.000000234 0.096774058
b 0.000000126 0.064516044
b 0.000000020 0.032258024
b 0.000008639 0.000000000
b 0.002478607 0.000000000
b 0.004948572 0.000000000
b 0.007418532 0.000000000
b 0.009888488 0.000000000
b 0.012358441 0.000000000
b 0.014828390 0.000000000
b 0.017298336 0.000000000
b 0.019768278 0.000000000
b 0.022238217 0.000000000
b 0.024708153 0.000000000
b 0.027178087 0.000000000
b 0.029648018 0.000000000
b 0.032117946 0.000000000
b 0.034587872 0.000000000
b 0.037057796 0.000000000
b 0.039527718 0.000000000
b 0.041997638 0.000000000
b 0.044467556 0.000000000
b 0.046937473 0.000000000
b 0.049407389 0.000000000
b 0.051877304 0.000000000
b 0.054347217 0.000000000
b 0.056817130 0.000000000
b 0.059287041 0.000000000
b 0.061756953 0.000000000
b 0.064226864 0.000000000
b 0.066696774 0.000000000
b 0.069166685 0.000000000
b 0.071636596 0.000000000
b 0.074106507 0.000000000
b 0.076576418 0.000000000
b 0.079046330 0.000000000
b 0.081516243 0.000000000
b 0.083986157 0.000000000
b 0.086456071 0.000000000
b 0.088925987 0.000000000
b 0.091395904 0.000000000
b 0.093865823 0.000000000
b 0.096335743 0.000000000
b 0.098805666 0.000000000
b 0.101275590 0.000000000
b 0.103745516 0.000000000
b 0.106215445 0.000000000
b 0.108685376 0.000000000
b 0.111155309 0.000000000
b 0.113625246 0.000000000
b 0.116095185 0.000000000
b 0.118565127 0.000000000
b 0.121035073 0.000000000
b 0.123505022 0.000000000
b 0.125974974 0.000000000
b 0.128444930 0.000000000
b 0.130914890 0.000000000
b 0.133384854 0.000000000
b 0.135854972 -0.000000000
b 0.135854974 0.001956429
b 0.135854976 0.003912858
b 0.135854978 0.005869286
b 0.135854980 0.007825715
b 0.135854983 0.009782144
b 0.135854986 0.011738573
b 0.135854989 0.013695002
b 0.135854993 0.015651431
b 0.135854997 0.017607860
b 0.135855001 0.019564289
b 0.135855005 0.021520718
b 0.135855009 0.023477146
b 0.135855013 0.025433575
b 0.135855018 0.027390004
b 0.135855023 0.029346433
b 0.135855028 0.031302862
b 0.135855033 0.033259291
b 0.135855038 0.035215719
b 0.135855043 0.037172148
b 0.135855049 0.039128577
b 0.135855054 0.041085006
b 0.135855060 0.043041435
b 0.135855066 0.044997863
b 0.135855072 0.046954292
b 0.135855078 0.048910721
b 0.135855083 0.050867149
b 0.135855089 0.052823578
b 0.135855095 0.054780007
b 0.135855102 0.056736435
b 0.135855108 0.058692864
b 0.135855114 0.060649292
b 0.135901105 0.073807893
b 0.136041463 0.087155401
b 0.136279961 0.100686830
b 0.136620358 0.114397141
b 0.137066399 0.128281242
b 0.137621816 0.142333990
b 0.138290322 0.156550190
b 0.139075895 0.170926766
b 0.139983294 0.185466566
b 0.141017439 0.200173399
b 0.142183286 0.215051005
b 0.143485822 0.230103046
b 0.144930072 0.245333108
b 0.146521095 0.260744683
b 0.148264313 0.276339751
b 0.150165808 0.292117449
b 0.152231745 0.308076516
b 0.154468304 0.324215610
b 0.156881670 0.340533308
b 0.159478034 0.357028104
b 0.162263602 0.373698400
b 0.165245110 0.390542164
b 0.168430033 0.407556792
b 0.171825906 0.424739569
b 0.175440270 0.442087701
b 0.179280675 0.459598317
b 0.183354673 0.477268467
b 0.187669829 0.495095001
b 0.192233840 0.513071840
b 0.197054526 0.531190009
b 0.202139685 0.549440398
b 0.207497093 0.567813889
b 0.213134504 0.586301363
b 0.219059644 0.604893708
b 0.225280203 0.623581686
b 0.231803640 0.642354217
b 0.238637237 0.661198944
b 0.245788245 0.680103569
b 0.253263868 0.699055895
b 0.261071281 0.718043835
b 0.269217631 0.737055423
b 0.277710527 0.756079164
b 0.286561830 0.775106681
b 0.295785643 0.794131246
b 0.305396155 0.813146249
b 0.315407622 0.832145192
b 0.325834364 0.851121691
b 0.336690763 0.870069478
b 0.347989859 0.888979443
b 0.359736572 0.907825419
b 0.371932860 0.926575506
b 0.384580676 0.945198397
b 0.397681996 0.963663394
b 0.411238834 0.981940412
b 0.425253270 0.999999985
interior
i 0.053156626 0.125000022
i 0.106313290 0.125000022
i 0.053156626 0.250000044
i 0.106313290 0.250000044
i 0.053156626 0.375000066
i 0.106313290 0.375000066
i 0.159469953 0.375000066
i 0.053156626 0.500000088
i 0.106313290 0.500000088
i 0.159469953 0.500000088
i 0.053156626 0.625000110
i 0.106313290 0.625000110
i 0.159469953 0.625000110
i 0.212626616 0.625000110
i 0.053156626 0.750000132
i 0.106313290 0.750000132
i 0.159469953 0.750000132
i 0.212626616 0.750000132
i 0.265783280 0.750000132
i 0.053156626 0.875000154
i 0.106313290 0.875000154
i 0.159469953 0.875000154
i 0.212626616 0.875000154
i 0.265783280 0.875000154
i 0.318939943 0.875000154
i 0.026578295 0.062500011
i 0.026578295 0.187500033
i 0.026578295 0.312500055
i 0.026578295 0.437500077
i 0.026578295 0.562500099
i 0.026578295 0.687500121
i 0.026578295 0.812500143
i 0.026578295 0.937500165
i 0.079734958 0.062500011
i 0.079734958 0.187500033
i 0.079734958 0.312500055
i 0.079734958 0.437500077
i 0.079734958 0.562500099
i 0.079734958 0.687500121
i 0.079734958 0.812500143
i 0.079734958 0.937500165
i 0.132891621 0.062500011
i 0.132891621 0.187500033
i 0.132891621 0.312500055
i 0.132891621 0.437500077
i 0.132891621 0.562500099
i 0.132891621 0.687500121
i 0.132891621 0.812500143
i 0.132891621 0.937500165
i 0.186048285 0.562500099
i 0.186048285 0.687500121
i 0.186048285 0.812500143
i 0.186048285 0.937500165
i 0.239204948 0.687500121
i 0.239204948 0.812500143
i 0.239204948 0.937500165
i 0.292361612 0.812500143
i 0.292361612 0.937500165
i 0.345518275 0.937500165
tris
t 85 83 84
t 85 82 83
t 85 81 82
t 85 80 81
t 85 79 80
t 85 78 79
t 85 77 78
t 85 76 77
t 85 75 76
t 85 74 75
t 85 73 74
t 85 72 73
t 85 71 72
t 85 70 71
t 140 141 142
t 140 142 143
t 140 143 144
t 140 144 145
t 140 145 146
t 140 146 147
t 140 147 148
t 140 148 149
t 140 149 150
t 140 150 151
t 140 151 152
t 140 152 153
t 140 153 154
t 140 154 155
t 140 155 156
t 140 156 157
t 140 157 158
t 140 158 159
t 140 159 160
t 140 160 161
t 140 161 162
t 140 162 163
t 140 163 164
t 140 164 165
t 140 165 166
t 140 166 167
t 140 167 168
t 140 168 169
t 140 169 170
t 140 170 171
t 140 171 172
t 140 172 173
t 140 173 174
t 140 174 175
t 140 175 176
t 140 176 177
t 140 177 178
t 140 178 179
t 140 179 180
t 140 180 181
t 140 181 182
t 140 182 183
t 140 183 184
t 140 184 185
t 140 185 186
t 140 186 187
t 140 187 188
t 140 188 189
t 140 189 190
t 140 190 191
t 140 191 192
t 140 192 193
t 140 193 194
t 140 194 195
t 140 195 196
t 140 196 197
t 140 197 198
t 140 198 199
t 85 286 70
t 85 287 286
t 85 86 287
t 86 288 287
t 86 87 288
t 87 289 288
t 87 88 289
t 88 290 289
t 88 291 290
t 88 89 291
t 89 292 291
t 89 90 292
t 90 293 292
t 90 91 293
t 91 294 293
t 91 295 294
t 91 92 295
t 92 296 295
t 92 93 296
t 93 297 296
t 93 94 297
t 94 298 297
t 94 299 298
t 94 95 299
t 95 300 299
t 95 96 300
t 96 301 300
t 96 97 301
t 97 302 301
t 97 303 302
t 97 98 303
t 98 304 303
t 98 99 304
t 99 305 304
t 99 100 305
t 100 306 305
t 100 307 306
t 100 101 307
t 101 308 307
t 101 102 308
t 102 309 308
t 102 103 309
t 103 310 309
t 103 311 310
t 103 104 311
t 104 312 311
t 104 105 312
t 105 313 312
t 105 106 313
t 106 314 313
t 106 315 314
t 106 107 315
t 107 316 315
t 107 108 316
t 108 317 316
t 108 109 317
t 109 318 317
t 109 110 318
t 110 319 318
t 110 320 319
t 110 111 320
t 111 321 320
t 111 112 321
t 112 322 321
t 112 113 322
t 113 323 322
t 113 324 323
t 113 114 324
t 114 325 324
t 114 115 325
t 115 326 325
t 115 116 326
t 116 327 326
t 116 328 327
t 116 117 328
t 117 329 328
t 117 118 329
t 118 330 329
t 118 119 330
t 119 331 330
t 119 332 331
t 119 120 332
t 120 333 332
t 120 121 333
t 121 334 333
t 121 122 334
t 122 335 334
t 122 336 335
t 122 123 336
t 123 337 336
t 123 124 337
t 124 338 337
t 124 125 338
t 125 339 338
t 125 340 339
t 125 126 340
t 126 341 340
t 126 127 341
t 127 342 341
t 127 128 342
t 128 343 342
t 128 344 343
t 128 129 344
t 129 345 344
t 129 130 345
t 130 346 345
t 130 131 346
t 131 347 346
t 131 348 347
t 131 132 348
t 132 349 348
t 132 133 349
t 133 350 349
t 133 134 350
t 134 351 350
t 134 135 351
t 135 352 351
t 135 353 352
t 135 136 353
t 136 354 353
t 136 137 354
t 137 355 354
t 137 138 355
t 138 356 355
t 138 357 356
t 138 139 357
t 139 358 357
t 139 140 358
t 140 359 358
t 140 360 359
t 140 361 360
t 140 362 361
t 140 363 362
t 140 364 363
t 140 365 364
t 140 366 365
t 140 367 366
t 140 368 367
t 140 369 368
t 140 370 369
t 140 371 370
t 140 372 371
t 140 373 372
t 140 374 373
t 140 375 374
t 140 376 375
t 140 377 376
t 140 378 377
t 140 379 378
t 140 380 379
t 140 381 380
t 140 382 381
t 140 383 382
t 140 384 383
t 140 385 384
t 140 386 385
t 140 387 386
t 140 388 387
t 140 389 388
t 140 390 389
t 140 391 390
t 140 392 391
t 140 393 392
t 140 199 393
t 70 68 69
t 70 67 68
t 70 66 67
t 70 65 66
t 70 64 65
t 70 63 64
t 70 62 63
t 70 61 62
t 70 60 61
t 70 59 60
t 70 58 59
t 70 57 58
t 70 56 57
t 70 55 56
t 70 54 55
t 70 53 54
t 70 52 53
t 70 51 52
t 70 50 51
t 70 49 50
t 70 48 49
t 70 47 48
t 70 46 47
t 70 45 46
t 70 44 45
t 70 43 44
t 70 42 43
t 70 41 42
t 70 40 41
t 70 39 40
t 70 38 39
t 70 37 38
t 70 36 37
t 70 35 36
t 70 34 35
t 199 200 201
t 199 201 202
t 199 202 203
t 199 203 204
t 199 204 205
t 199 205 206
t 199 206 207
t 199 207 208
t 199 208 209
t 199 209 210
t 199 210 211
t 199 211 212
t 199 212 213
t 199 213 214
t 199 214 215
t 199 215 216
t 199 216 217
t 199 217 218
t 199 218 219
t 199 219 220
t 199 220 221
t 199 221 222
t 199 222 223
t 199 223 224
t 199 224 225
t 199 225 226
t 199 226 0
t 199 0 1
t 199 1 2
t 199 2 3
t 199 3 4
t 199 4 5
t 199 5 6
t 199 6 7
t 199 7 8
t 199 8 9
t 199 9 10
t 199 10 11
t 199 11 12
t 199 12 13
t 199 13 14
t 199 14 15
t 199 15 16
t 199 16 17
t 199 17 18
t 199 18 19
t 199 19 20
t 199 20 21
t 199 21 22
t 70 286 34
t 286 287 34
t 287 288 34
t 288 289 34
t 289 290 34
t 290 291 34
t 291 292 34
t 292 293 34
t 293 294 34
t 294 295 34
t 295 296 34
t 296 297 34
t 297 298 34
t 298 299 34
t 299 300 34
t 300 301 34
t 301 302 34
t 302 303 34
t 303 304 34
t 304 305 34
t 305 306 34
t 306 307 34
t 307 308 34
t 308 309 34
t 309 310 34
t 310 311 34
t 311 312 34
t 312 313 34
t 313 314 34
t 314 315 34
t 315 316 34
t 316 317 34
t 317 318 34
t 318 319 34
t 319 320 34
t 320 321 34
t 321 322 34
t 322 323 34
t 323 324 34
t 324 325 34
t 325 326 34
t 326 327 34
t 327 328 34
t 328 329 34
t 329 330 34
t 330 331 34
t 331 332 34
t 332 333 34
t 333 334 34
t 334 335 34
t 335 336 34
t 336 337 34
t 337 338 34
t 338 339 34
t 339 340 34
t 340 341 34
t 341 342 34
t 342 343 34
t 343 344 34
t 344 345 34
t 345 346 34
t 346 347 34
t 347 348 34
t 348 349 34
t 349 350 34
t 350 351 34
t 351 352 34
t 352 353 34
t 353 354 34
t 354 355 34
t 355 356 34
t 356 357 34
t 357 358 34
t 358 359 34
t 359 360 34
t 360 361 34
t 361 362 34
t 362 363 34
t 363 364 34
t 364 365 34
t 365 366 34
t 366 367 34
t 367 368 34
t 368 369 34
t 369 370 34
t 370 371 34
t 371 372 34
t 372 373 34
t 373 374 34
t 374 375 34
t 375 376 34
t 376 377 34
t 377 378 34
t 378 379 34
t 379 380 34
t 380 381 34
t 381 382 34
t 382 383 34
t 383 384 34
t 384 33 34
t 384 385 33
t 385 386 33
t 386 387 33
t 387 32 33
t 387 388 32
t 388 389 32
t 389 390 32
t 390 31 32
t 390 391 31
t 391 392 31
t 392 393 31
t 393 30 31
t 393 199 30
t 199 29 30
t 199 28 29
t 199 27 28
t 199 26 27
t 199 25 26
t 199 24 25
t 199 23 24
t 199 22 23
