type=Nurbs forward=false n_boundary=196 n_holes=0 n_interior=113 n_tris=224 label=brep62542_f237_Nurbs(deg=3/3, cps=7x10)
boundary
b 0.000000000 0.000000000
b 0.018181819 0.000000000
b 0.036363637 0.000000000
b 0.054545456 0.000000000
b 0.072727275 0.000000000
b 0.090909093 0.000000000
b 0.109090912 0.000000000
b 0.127272730 0.000000000
b 0.145454549 0.000000000
b 0.163636368 0.000000000
b 0.181818186 0.000000000
b 0.200000005 0.000000000
b 0.218181824 0.000000000
b 0.236363642 0.000000000
b 0.254545461 0.000000000
b 0.272727279 0.000000000
b 0.290909098 0.000000000
b 0.309090917 0.000000000
b 0.327272735 0.000000000
b 0.345454554 0.000000000
b 0.363636373 0.000000000
b 0.381818191 0.000000000
b 0.400000010 0.000000000
b 0.418181828 0.000000000
b 0.436363647 0.000000000
b 0.454545466 0.000000000
b 0.472727284 0.000000000
b 0.490909103 0.000000000
b 0.509090922 0.000000000
b 0.527272740 0.000000000
b 0.545454559 0.000000000
b 0.563636377 0.000000000
b 0.581818196 0.000000000
b 0.600000015 0.000000000
b 0.618181833 0.000000000
b 0.636363652 0.000000000
b 0.654545471 0.000000000
b 0.672727289 0.000000000
b 0.690909108 0.000000000
b 0.709090926 0.000000000
b 0.727272745 0.000000000
b 0.745454564 0.000000000
b 0.763636382 0.000000000
b 0.781818201 0.000000000
b 0.800000020 0.000000000
b 0.818181838 0.000000000
b 0.836363657 0.000000000
b 0.854545475 0.000000000
b 0.872727294 0.000000000
b 0.890909113 0.000000000
b 0.909090931 0.000000000
b 0.927272750 0.000000000
b 0.945454569 0.000000000
b 0.963636387 0.000000000
b 0.981818206 0.000000000
b 1.000000024 0.000000000
b 1.000076865 0.018181321
b 1.000276726 0.036364124
b 1.000553158 0.054547734
b 1.000859620 0.072731655
b 1.001150128 0.090915571
b 1.001379860 0.109099352
b 1.001511518 0.127282993
b 1.001541854 0.145466303
b 1.001479449 0.163649053
b 1.001333078 0.181831085
b 1.001111522 0.200012316
b 1.000823406 0.218192739
b 1.000478175 0.236372654
b 1.000093894 0.254554110
b 0.999699883 0.272738480
b 0.999337846 0.290924592
b 0.999047871 0.309110801
b 0.998866493 0.327295271
b 0.998822512 0.345476161
b 0.998895378 0.363653550
b 0.999036605 0.381828931
b 0.999201221 0.400003988
b 0.999348425 0.418180553
b 0.999441656 0.436360589
b 0.999450299 0.454546077
b 0.999376983 0.472737385
b 0.999249306 0.490933401
b 0.999093985 0.509132886
b 0.998955573 0.527333478
b 0.998893834 0.545531478
b 0.998960970 0.563722841
b 0.999155498 0.581905592
b 0.999421153 0.600080826
b 0.999702577 0.618250512
b 0.999950019 0.636417355
b 1.000137083 0.654585172
b 1.000255070 0.672758073
b 1.000306419 0.690937216
b 1.000305241 0.709119565
b 1.000264469 0.727301757
b 1.000194692 0.745480501
b 1.000102434 0.763653641
b 0.999979356 0.781827873
b 0.999825274 0.800010158
b 0.999663602 0.818199143
b 0.999518093 0.836392198
b 0.999409810 0.854586441
b 0.999357143 0.872778779
b 0.999375822 0.890965934
b 0.999468254 0.909145603
b 0.999605471 0.927318855
b 0.999755319 0.945487900
b 0.999888346 0.963655506
b 0.999977865 0.981824955
b 1.000000000 1.000000000
b 0.981790957 1.000027471
b 0.963585426 1.000052857
b 0.945383533 1.000076085
b 0.927185350 1.000097081
b 0.908990896 1.000115770
b 0.890800137 1.000132076
b 0.872612985 1.000145922
b 0.854429302 1.000157232
b 0.836248897 1.000165928
b 0.818071530 1.000171933
b 0.799896907 1.000175166
b 0.781724686 1.000175552
b 0.763554477 1.000173009
b 0.745385837 1.000167462
b 0.727218212 1.000158997
b 0.709050930 1.000148021
b 0.690883367 1.000134992
b 0.672714966 1.000120377
b 0.654545239 1.000104659
b 0.636373768 1.000088328
b 0.618200206 1.000071890
b 0.600024277 1.000055857
b 0.581845782 1.000040755
b 0.563664594 1.000027120
b 0.545480666 1.000015496
b 0.527294026 1.000006437
b 0.509104784 1.000000504
b 0.490913140 0.999998246
b 0.472719633 0.999999696
b 0.454525042 1.000004367
b 0.436330083 1.000011737
b 0.418135396 1.000021274
b 0.399941545 1.000032434
b 0.381749013 1.000044663
b 0.363558206 1.000057400
b 0.345369447 1.000070074
b 0.327182978 1.000082106
b 0.308998959 1.000092911
b 0.290817465 1.000101898
b 0.272638488 1.000108469
b 0.254461934 1.000112025
b 0.236287590 1.000112039
b 0.218114878 1.000108672
b 0.199943115 1.000102443
b 0.181771690 1.000093881
b 0.163600074 1.000083523
b 0.145427816 1.000071911
b 0.127254548 1.000059590
b 0.109079983 1.000047112
b 0.090903918 1.000035029
b 0.072726235 1.000023897
b 0.054546904 1.000014273
b 0.036365978 1.000006712
b 0.018183599 1.000001770
b 0.000000000 1.000000000
b -0.000000000 0.967740959
b -0.000000000 0.935482142
b -0.000000000 0.903224955
b -0.000000000 0.870969014
b -0.000000000 0.838712994
b -0.000000000 0.806455472
b -0.000000000 0.774195761
b -0.000000000 0.741934758
b -0.000000000 0.709674757
b -0.000000000 0.677416709
b -0.000000000 0.645160108
b -0.000000000 0.612903911
b -0.000000000 0.580647266
b -0.000000000 0.548389433
b -0.000000000 0.516130059
b -0.000000000 0.483870035
b -0.000000000 0.451611578
b -0.000000000 0.419355670
b -0.000000000 0.387101439
b -0.000000000 0.354847000
b -0.000000000 0.322590304
b -0.000000000 0.290329988
b -0.000000000 0.258066235
b -0.000000000 0.225801547
b -0.000000000 0.193539251
b -0.000000000 0.161280544
b -0.000000000 0.129024750
b -0.000000000 0.096770187
b 0.000000000 0.064515027
b 0.000000000 0.032258148
interior
i 0.125192732 0.125021944
i 0.250385463 0.125021944
i 0.375578195 0.125021944
i 0.500770927 0.125021944
i 0.625963658 0.125021944
i 0.751156390 0.125021944
i 0.876349122 0.125021944
i 0.125192732 0.250043888
i 0.250385463 0.250043888
i 0.375578195 0.250043888
i 0.500770927 0.250043888
i 0.625963658 0.250043888
i 0.751156390 0.250043888
i 0.876349122 0.250043888
i 0.125192732 0.375065832
i 0.250385463 0.375065832
i 0.375578195 0.375065832
i 0.500770927 0.375065832
i 0.625963658 0.375065832
i 0.751156390 0.375065832
i 0.876349122 0.375065832
i 0.125192732 0.500087776
i 0.250385463 0.500087776
i 0.375578195 0.500087776
i 0.500770927 0.500087776
i 0.625963658 0.500087776
i 0.751156390 0.500087776
i 0.876349122 0.500087776
i 0.125192732 0.625109720
i 0.250385463 0.625109720
i 0.375578195 0.625109720
i 0.500770927 0.625109720
i 0.625963658 0.625109720
i 0.751156390 0.625109720
i 0.876349122 0.625109720
i 0.125192732 0.750131664
i 0.250385463 0.750131664
i 0.375578195 0.750131664
i 0.500770927 0.750131664
i 0.625963658 0.750131664
i 0.751156390 0.750131664
i 0.876349122 0.750131664
i 0.125192732 0.875153608
i 0.250385463 0.875153608
i 0.375578195 0.875153608
i 0.500770927 0.875153608
i 0.625963658 0.875153608
i 0.751156390 0.875153608
i 0.876349122 0.875153608
i 0.062596366 0.062510972
i 0.062596366 0.187532916
i 0.062596366 0.312554860
i 0.062596366 0.437576804
i 0.062596366 0.562598748
i 0.062596366 0.687620692
i 0.062596366 0.812642636
i 0.062596366 0.937664580
i 0.187789098 0.062510972
i 0.187789098 0.187532916
i 0.187789098 0.312554860
i 0.187789098 0.437576804
i 0.187789098 0.562598748
i 0.187789098 0.687620692
i 0.187789098 0.812642636
i 0.187789098 0.937664580
i 0.312981829 0.062510972
i 0.312981829 0.187532916
i 0.312981829 0.312554860
i 0.312981829 0.437576804
i 0.312981829 0.562598748
i 0.312981829 0.687620692
i 0.312981829 0.812642636
i 0.312981829 0.937664580
i 0.438174561 0.062510972
i 0.438174561 0.187532916
i 0.438174561 0.312554860
i 0.438174561 0.437576804
i 0.438174561 0.562598748
i 0.438174561 0.687620692
i 0.438174561 0.812642636
i 0.438174561 0.937664580
i 0.563367293 0.062510972
i 0.563367293 0.187532916
i 0.563367293 0.312554860
i 0.563367293 0.437576804
i 0.563367293 0.562598748
i 0.563367293 0.687620692
i 0.563367293 0.812642636
i 0.563367293 0.937664580
i 0.688560024 0.062510972
i 0.688560024 0.187532916
i 0.688560024 0.312554860
i 0.688560024 0.437576804
i 0.688560024 0.562598748
i 0.688560024 0.687620692
i 0.688560024 0.812642636
i 0.688560024 0.937664580
i 0.813752756 0.062510972
i 0.813752756 0.187532916
i 0.813752756 0.312554860
i 0.813752756 0.437576804
i 0.813752756 0.562598748
i 0.813752756 0.687620692
i 0.813752756 0.812642636
i 0.813752756 0.937664580
i 0.938945488 0.062510972
i 0.938945488 0.187532916
i 0.938945488 0.312554860
i 0.938945488 0.437576804
i 0.938945488 0.562598748
i 0.938945488 0.687620692
i 0.938945488 0.812642636
i 0.938945488 0.937664580
tris
t 0 1 195
t 1 194 195
t 1 193 194
t 1 192 193
t 1 191 192
t 1 2 191
t 2 3 191
t 3 4 191
t 4 5 191
t 5 6 191
t 6 7 191
t 7 8 191
t 8 9 191
t 9 10 191
t 10 11 191
t 11 12 191
t 12 13 191
t 13 309 191
t 13 14 309
t 14 15 309
t 15 16 309
t 16 17 309
t 17 18 309
t 18 19 309
t 19 20 309
t 20 21 309
t 21 22 309
t 22 23 309
t 23 24 309
t 24 25 309
t 25 26 309
t 26 27 309
t 27 310 309
t 27 28 310
t 28 29 310
t 29 30 310
t 30 31 310
t 31 32 310
t 32 33 310
t 33 34 310
t 34 35 310
t 35 36 310
t 36 37 310
t 37 38 310
t 38 39 310
t 39 40 310
t 40 41 310
t 41 311 310
t 41 42 311
t 42 43 311
t 43 44 311
t 44 45 311
t 45 46 311
t 46 47 311
t 47 48 311
t 48 49 311
t 49 50 311
t 50 51 311
t 51 52 311
t 52 53 311
t 53 54 311
t 54 64 311
t 54 63 64
t 54 62 63
t 54 61 62
t 54 60 61
t 54 59 60
t 54 58 59
t 54 57 58
t 54 56 57
t 54 55 56
t 191 309 190
t 309 189 190
t 309 188 189
t 309 187 188
t 309 186 187
t 309 312 186
t 309 310 312
t 310 313 312
t 310 311 313
t 311 314 313
t 311 73 314
t 311 72 73
t 311 71 72
t 311 70 71
t 311 69 70
t 311 68 69
t 311 67 68
t 311 66 67
t 311 65 66
t 311 64 65
t 186 312 185
t 312 184 185
t 312 183 184
t 312 182 183
t 312 181 182
t 312 315 181
t 312 313 315
t 313 316 315
t 313 314 316
t 314 317 316
t 314 82 317
t 314 81 82
t 314 80 81
t 314 79 80
t 314 78 79
t 314 77 78
t 314 76 77
t 314 75 76
t 314 74 75
t 314 73 74
t 181 315 180
t 315 179 180
t 315 178 179
t 315 177 178
t 315 176 177
t 315 318 176
t 315 316 318
t 316 319 318
t 316 317 319
t 317 320 319
t 317 91 320
t 317 90 91
t 317 89 90
t 317 88 89
t 317 87 88
t 317 86 87
t 317 85 86
t 317 84 85
t 317 83 84
t 317 82 83
t 176 318 175
t 318 174 175
t 318 173 174
t 318 172 173
t 318 171 172
t 318 170 171
t 318 169 170
t 318 168 169
t 318 167 168
t 318 166 167
t 318 321 166
t 318 319 321
t 319 322 321
t 319 320 322
t 320 323 322
t 320 109 323
t 320 108 109
t 320 107 108
t 320 106 107
t 320 105 106
t 320 104 105
t 320 103 104
t 320 102 103
t 320 101 102
t 320 100 101
t 320 99 100
t 320 98 99
t 320 97 98
t 320 96 97
t 320 95 96
t 320 94 95
t 320 93 94
t 320 92 93
t 320 91 92
t 166 321 165
t 321 164 165
t 321 163 164
t 321 162 163
t 321 161 162
t 321 160 161
t 321 159 160
t 321 158 159
t 321 157 158
t 321 156 157
t 321 155 156
t 321 154 155
t 321 153 154
t 321 152 153
t 321 151 152
t 321 150 151
t 321 149 150
t 321 148 149
t 321 147 148
t 321 146 147
t 321 145 146
t 321 144 145
t 321 143 144
t 321 142 143
t 321 141 142
t 321 140 141
t 321 139 140
t 321 138 139
t 321 322 138
t 322 137 138
t 322 136 137
t 322 135 136
t 322 134 135
t 322 133 134
t 322 132 133
t 322 131 132
t 322 130 131
t 322 129 130
t 322 128 129
t 322 127 128
t 322 126 127
t 322 125 126
t 322 124 125
t 322 323 124
t 323 123 124
t 323 122 123
t 323 121 122
t 323 120 121
t 323 119 120
t 323 118 119
t 323 117 118
t 323 116 117
t 323 115 116
t 323 114 115
t 323 113 114
t 323 112 113
t 323 111 112
t 323 110 111
t 323 109 110
