type=Nurbs forward=false n_boundary=166 n_holes=0 n_interior=49 n_tris=1192 label=brep62542_f264_Nurbs(deg=3/3, cps=6x10)
boundary
b -0.000000000 0.000000000
b 0.973000681 0.000000000
b 0.972983030 0.031881338
b 0.972931935 0.063179723
b 0.972850163 0.093879795
b 0.972740392 0.123971438
b 0.972605136 0.153449593
b 0.972446690 0.182313962
b 0.972267088 0.210568636
b 0.972068075 0.238221675
b 0.971851231 0.265284351
b 0.971620315 0.291763956
b 0.971381519 0.317653454
b 0.971140746 0.342944440
b 0.970903071 0.367632671
b 0.970672756 0.391717646
b 0.970453275 0.415202140
b 0.970247358 0.438091760
b 0.970057045 0.460394506
b 0.969883749 0.482120367
b 0.969728329 0.503281229
b 0.969590987 0.523889554
b 0.969470983 0.543952052
b 0.969367239 0.563477303
b 0.969278499 0.582476803
b 0.969203375 0.600964368
b 0.969140380 0.618955592
b 0.969087975 0.636467386
b 0.969044586 0.653517571
b 0.969008670 0.670124474
b 0.968979365 0.686305025
b 0.968956459 0.702074673
b 0.968939738 0.717448907
b 0.968928971 0.732443176
b 0.968923913 0.747072767
b 0.968924412 0.761352096
b 0.968930975 0.775291050
b 0.968944267 0.788898264
b 0.968964793 0.802183199
b 0.968992889 0.815158211
b 0.969028737 0.827839399
b 0.969072452 0.840242969
b 0.969124101 0.852384806
b 0.969183719 0.864280398
b 0.969251318 0.875944774
b 0.969326670 0.887391667
b 0.969408870 0.898632036
b 0.969496990 0.909676399
b 0.969590114 0.920530673
b 0.969687164 0.931189975
b 0.969787098 0.941648823
b 0.969888945 0.951902770
b 0.969991812 0.961948284
b 0.970094873 0.971782632
b 0.970197378 0.981403779
b 0.970298640 0.990810284
b 0.970398038 1.000001217
b 0.952751938 1.000003615
b 0.935104385 1.000006748
b 0.917455531 1.000010576
b 0.899805525 1.000015060
b 0.882154517 1.000020157
b 0.864502651 1.000025823
b 0.846850072 1.000032011
b 0.829196922 1.000038671
b 0.811543339 1.000045755
b 0.793889461 1.000053207
b 0.776235422 1.000060971
b 0.758581351 1.000068988
b 0.740927376 1.000077197
b 0.723273622 1.000085533
b 0.705620209 1.000093926
b 0.687967254 1.000102304
b 0.670314868 1.000110593
b 0.652663160 1.000118713
b 0.635012232 1.000126578
b 0.617362183 1.000134103
b 0.599713104 1.000141192
b 0.582065082 1.000147749
b 0.564418196 1.000153670
b 0.546772520 1.000158846
b 0.529128119 1.000163161
b 0.511485051 1.000166496
b 0.493843364 1.000168722
b 0.476203026 1.000169774
b 0.458563899 1.000169685
b 0.440925838 1.000168499
b 0.423288699 1.000166264
b 0.405652344 1.000163029
b 0.388016638 1.000158849
b 0.370381449 1.000153781
b 0.352746651 1.000147885
b 0.335112121 1.000141227
b 0.317477743 1.000133875
b 0.299843405 1.000125905
b 0.282209002 1.000117395
b 0.264574437 1.000108431
b 0.246939619 1.000099102
b 0.229304466 1.000089507
b 0.211668903 1.000079749
b 0.194032866 1.000069940
b 0.176396304 1.000060199
b 0.158759173 1.000050655
b 0.141121446 1.000041445
b 0.123483108 1.000032716
b 0.105844158 1.000024627
b 0.088204615 1.000017349
b 0.070564515 1.000011063
b 0.052923912 1.000005966
b 0.035282886 1.000002270
b 0.017641539 1.000000200
b 0.000000000 1.000000000
b -0.000000606 0.981818947
b -0.000004764 0.963637716
b -0.000011679 0.945456189
b -0.000020426 0.927274317
b -0.000029960 0.909092119
b -0.000039115 0.890909690
b -0.000046613 0.872727191
b -0.000051493 0.854544811
b -0.000053916 0.836362629
b -0.000054286 0.818180677
b -0.000053064 0.799998954
b -0.000050759 0.781817425
b -0.000047926 0.763636025
b -0.000045159 0.745454653
b -0.000042878 0.727273223
b -0.000041106 0.709091718
b -0.000039817 0.690910132
b -0.000038980 0.672728465
b -0.000038559 0.654546718
b -0.000038518 0.636364894
b -0.000038814 0.618183001
b -0.000039404 0.600001050
b -0.000040242 0.581819052
b -0.000041282 0.563637025
b -0.000042475 0.545454987
b -0.000043773 0.527272961
b -0.000045128 0.509090972
b -0.000046492 0.490909047
b -0.000047826 0.472727192
b -0.000049093 0.454545392
b -0.000050256 0.436363632
b -0.000051274 0.418181898
b -0.000052105 0.400000175
b -0.000052705 0.381818451
b -0.000053029 0.363636715
b -0.000053028 0.345454954
b -0.000052657 0.327273161
b -0.000051866 0.309091326
b -0.000050608 0.290909442
b -0.000048832 0.272727505
b -0.000046491 0.254545508
b -0.000043547 0.236363454
b -0.000040063 0.218181362
b -0.000036154 0.199999262
b -0.000031940 0.181817179
b -0.000027540 0.163635137
b -0.000023079 0.145453151
b -0.000018678 0.127271236
b -0.000014463 0.109089400
b -0.000010556 0.090907648
b -0.000007083 0.072725980
b -0.000004168 0.054544392
b -0.000001934 0.036362876
b -0.000000504 0.018181418
interior
i 0.121577585 0.125021222
i 0.121577585 0.250042443
i 0.243209456 0.125021222
i 0.364841327 0.125021222
i 0.486473198 0.125021222
i 0.608105069 0.125021222
i 0.729736940 0.125021222
i 0.851368811 0.125021222
i 0.851368811 0.250042443
i 0.851368811 0.375063665
i 0.729736940 0.250042443
i 0.608105069 0.250042443
i 0.486473198 0.250042443
i 0.364841327 0.250042443
i 0.486473198 0.375063665
i 0.608105069 0.375063665
i 0.729736940 0.375063665
i 0.851368811 0.500084887
i 0.729736940 0.500084887
i 0.851368811 0.625106109
i 0.851368811 0.750127330
i 0.851368811 0.875148552
i 0.729736940 0.875148552
i 0.729736940 0.750127330
i 0.729736940 0.625106109
i 0.608105069 0.500084887
i 0.608105069 0.625106109
i 0.486473198 0.500084887
i 0.364841327 0.375063665
i 0.364841327 0.500084887
i 0.486473198 0.625106109
i 0.608105069 0.750127330
i 0.608105069 0.875148552
i 0.486473198 0.875148552
i 0.486473198 0.750127330
i 0.364841327 0.875148552
i 0.243209456 0.875148552
i 0.121577585 0.875148552
i 0.121577585 0.750127330
i 0.243209456 0.750127330
i 0.364841327 0.750127330
i 0.364841327 0.625106109
i 0.243209456 0.625106109
i 0.121577585 0.625106109
i 0.243209456 0.500084887
i 0.121577585 0.500084887
i 0.243209456 0.375063665
i 0.121577585 0.375063665
i 0.243209456 0.250042443
tris
t 0 237 215
t 0 238 237
t 0 239 238
t 0 240 239
t 0 241 240
t 0 242 241
t 0 243 242
t 0 244 243
t 0 245 244
t 0 246 245
t 0 247 246
t 0 248 247
t 0 249 248
t 0 250 249
t 0 251 250
t 0 252 251
t 0 253 252
t 0 254 253
t 0 255 254
t 0 256 255
t 0 257 256
t 0 258 257
t 0 259 258
t 0 260 259
t 0 261 260
t 0 262 261
t 0 263 262
t 0 264 263
t 0 265 264
t 0 266 265
t 0 267 266
t 0 268 267
t 0 269 268
t 0 270 269
t 0 271 270
t 0 272 271
t 0 273 272
t 0 274 273
t 0 275 274
t 0 276 275
t 0 277 276
t 0 278 277
t 0 216 278
t 0 1 216
t 0 215 165
t 165 215 164
t 164 215 163
t 163 215 162
t 162 215 161
t 161 215 160
t 160 215 217
t 1 2 216
t 2 3 216
t 3 4 216
t 4 5 216
t 5 218 216
t 215 237 217
t 237 279 217
t 237 238 279
t 238 280 279
t 238 239 280
t 239 281 280
t 239 240 281
t 240 282 281
t 240 241 282
t 241 283 282
t 241 242 283
t 242 284 283
t 242 243 284
t 243 285 284
t 243 244 285
t 244 286 285
t 244 245 286
t 245 287 286
t 245 246 287
t 246 288 287
t 246 247 288
t 247 289 288
t 247 248 289
t 248 290 289
t 248 249 290
t 249 291 290
t 249 250 291
t 250 292 291
t 250 251 292
t 251 293 292
t 251 252 293
t 252 294 293
t 252 253 294
t 253 295 294
t 253 254 295
t 254 296 295
t 254 255 296
t 255 297 296
t 255 256 297
t 256 298 297
t 256 257 298
t 257 299 298
t 257 258 299
t 258 300 299
t 258 259 300
t 259 301 300
t 259 260 301
t 260 302 301
t 260 261 302
t 261 303 302
t 261 262 303
t 262 304 303
t 262 263 304
t 263 305 304
t 263 264 305
t 264 306 305
t 264 265 306
t 265 307 306
t 265 266 307
t 266 308 307
t 266 267 308
t 267 309 308
t 267 268 309
t 268 310 309
t 268 269 310
t 269 311 310
t 269 270 311
t 270 312 311
t 270 271 312
t 271 313 312
t 271 272 313
t 272 314 313
t 272 273 314
t 273 315 314
t 273 274 315
t 274 316 315
t 274 275 316
t 275 317 316
t 275 276 317
t 276 318 317
t 276 277 318
t 277 319 318
t 277 278 319
t 278 320 319
t 278 218 320
t 278 216 218
t 160 217 159
t 159 217 158
t 158 217 157
t 157 217 156
t 156 217 155
t 155 217 154
t 154 217 153
t 153 217 219
t 5 6 218
t 6 7 218
t 7 8 218
t 8 9 218
t 9 220 218
t 217 279 219
t 279 280 219
t 280 321 219
t 280 281 321
t 281 322 321
t 281 282 322
t 282 323 322
t 282 283 323
t 283 324 323
t 283 284 324
t 284 325 324
t 284 285 325
t 285 326 325
t 285 286 326
t 286 327 326
t 286 287 327
t 287 328 327
t 287 288 328
t 288 329 328
t 288 289 329
t 289 330 329
t 289 290 330
t 290 331 330
t 290 291 331
t 291 332 331
t 291 292 332
t 292 333 332
t 292 293 333
t 293 334 333
t 293 294 334
t 294 335 334
t 294 295 335
t 295 336 335
t 295 296 336
t 296 337 336
t 296 297 337
t 297 338 337
t 297 298 338
t 298 339 338
t 298 299 339
t 299 340 339
t 299 300 340
t 300 341 340
t 300 301 341
t 301 342 341
t 301 302 342
t 302 343 342
t 302 303 343
t 303 344 343
t 303 304 344
t 304 345 344
t 304 305 345
t 305 346 345
t 305 306 346
t 306 347 346
t 306 307 347
t 307 348 347
t 307 308 348
t 308 349 348
t 308 309 349
t 309 350 349
t 309 310 350
t 310 351 350
t 310 311 351
t 311 352 351
t 311 312 352
t 312 353 352
t 312 313 353
t 313 354 353
t 313 314 354
t 314 355 354
t 314 315 355
t 315 356 355
t 315 316 356
t 316 357 356
t 316 317 357
t 317 358 357
t 317 318 358
t 318 359 358
t 318 319 359
t 319 360 359
t 319 220 360
t 319 320 220
t 320 218 220
t 153 219 152
t 152 219 151
t 151 219 150
t 150 219 149
t 149 219 148
t 148 219 147
t 147 219 146
t 146 219 221
t 9 10 220
t 10 11 220
t 11 12 220
t 12 13 220
t 13 14 220
t 14 222 220
t 219 321 221
t 321 361 221
t 321 322 361
t 322 362 361
t 322 323 362
t 323 363 362
t 323 324 363
t 324 364 363
t 324 325 364
t 325 365 364
t 325 326 365
t 326 366 365
t 326 327 366
t 327 367 366
t 327 328 367
t 328 368 367
t 328 329 368
t 329 369 368
t 329 330 369
t 330 370 369
t 330 331 370
t 331 371 370
t 331 332 371
t 332 372 371
t 332 333 372
t 333 373 372
t 333 334 373
t 334 374 373
t 334 335 374
t 335 375 374
t 335 336 375
t 336 376 375
t 336 337 376
t 337 377 376
t 337 338 377
t 338 378 377
t 338 339 378
t 339 379 378
t 339 340 379
t 340 380 379
t 340 341 380
t 341 381 380
t 341 342 381
t 342 382 381
t 342 343 382
t 343 383 382
t 343 344 383
t 344 384 383
t 344 345 384
t 345 385 384
t 345 346 385
t 346 386 385
t 346 347 386
t 347 387 386
t 347 348 387
t 348 388 387
t 348 349 388
t 349 389 388
t 349 350 389
t 350 390 389
t 350 351 390
t 351 391 390
t 351 352 391
t 352 392 391
t 352 353 392
t 353 393 392
t 353 354 393
t 354 394 393
t 354 355 394
t 355 395 394
t 355 356 395
t 356 396 395
t 356 357 396
t 357 397 396
t 357 358 397
t 358 398 397
t 358 359 398
t 359 399 398
t 359 360 399
t 360 400 399
t 360 222 400
t 360 220 222
t 146 221 145
t 145 221 144
t 144 221 143
t 143 221 142
t 142 221 141
t 141 221 140
t 140 221 139
t 139 221 223
t 14 15 222
t 15 16 222
t 16 17 222
t 17 18 222
t 18 19 222
t 19 224 222
t 221 361 223
t 361 401 223
t 361 362 401
t 362 402 401
t 362 363 402
t 363 403 402
t 363 364 403
t 364 404 403
t 364 365 404
t 365 405 404
t 365 366 405
t 366 406 405
t 366 367 406
t 367 407 406
t 367 368 407
t 368 408 407
t 368 369 408
t 369 409 408
t 369 370 409
t 370 410 409
t 370 371 410
t 371 411 410
t 371 372 411
t 372 412 411
t 372 373 412
t 373 413 412
t 373 374 413
t 374 414 413
t 374 375 414
t 375 415 414
t 375 376 415
t 376 416 415
t 376 377 416
t 377 417 416
t 377 378 417
t 378 418 417
t 378 379 418
t 379 419 418
t 379 380 419
t 380 420 419
t 380 381 420
t 381 421 420
t 381 382 421
t 382 422 421
t 382 383 422
t 383 423 422
t 383 384 423
t 384 424 423
t 384 385 424
t 385 425 424
t 385 386 425
t 386 426 425
t 386 387 426
t 387 427 426
t 387 388 427
t 388 428 427
t 388 389 428
t 389 429 428
t 389 390 429
t 390 430 429
t 390 391 430
t 391 431 430
t 391 392 431
t 392 432 431
t 392 393 432
t 393 433 432
t 393 394 433
t 394 434 433
t 394 395 434
t 395 435 434
t 395 396 435
t 396 436 435
t 396 397 436
t 397 437 436
t 397 398 437
t 398 438 437
t 398 399 438
t 399 439 438
t 399 400 439
t 400 440 439
t 400 224 440
t 400 222 224
t 139 223 138
t 138 223 137
t 137 223 136
t 136 223 135
t 135 223 134
t 134 223 133
t 133 223 132
t 132 223 225
t 19 20 224
t 20 21 224
t 21 22 224
t 22 23 224
t 23 24 224
t 24 25 224
t 25 26 224
t 26 226 224
t 223 441 225
t 223 442 441
t 223 443 442
t 223 444 443
t 223 401 444
t 401 445 444
t 401 402 445
t 402 446 445
t 402 403 446
t 403 447 446
t 403 404 447
t 404 448 447
t 404 405 448
t 405 449 448
t 405 406 449
t 406 450 449
t 406 407 450
t 407 451 450
t 407 408 451
t 408 452 451
t 408 409 452
t 409 453 452
t 409 410 453
t 410 454 453
t 410 411 454
t 411 455 454
t 411 412 455
t 412 456 455
t 412 413 456
t 413 457 456
t 413 414 457
t 414 458 457
t 414 415 458
t 415 459 458
t 415 416 459
t 416 460 459
t 416 417 460
t 417 461 460
t 417 418 461
t 418 462 461
t 418 419 462
t 419 463 462
t 419 420 463
t 420 464 463
t 420 421 464
t 421 465 464
t 421 422 465
t 422 466 465
t 422 423 466
t 423 467 466
t 423 424 467
t 424 468 467
t 424 425 468
t 425 469 468
t 425 426 469
t 426 470 469
t 426 427 470
t 427 471 470
t 427 428 471
t 428 472 471
t 428 429 472
t 429 473 472
t 429 430 473
t 430 474 473
t 430 431 474
t 431 475 474
t 431 432 475
t 432 476 475
t 432 433 476
t 433 477 476
t 433 434 477
t 434 478 477
t 434 435 478
t 435 479 478
t 435 436 479
t 436 480 479
t 436 437 480
t 437 481 480
t 437 438 481
t 438 482 481
t 438 439 482
t 439 483 482
t 439 440 483
t 440 484 483
t 440 224 484
t 224 485 484
t 224 486 485
t 224 487 486
t 224 488 487
t 224 226 488
t 132 225 131
t 131 225 130
t 130 225 129
t 129 225 227
t 26 27 226
t 27 28 226
t 28 29 226
t 29 30 226
t 30 228 226
t 225 441 227
t 441 489 227
t 441 442 489
t 442 490 489
t 442 443 490
t 443 491 490
t 443 444 491
t 444 492 491
t 444 445 492
t 445 493 492
t 445 446 493
t 446 494 493
t 446 447 494
t 447 495 494
t 447 448 495
t 448 496 495
t 448 449 496
t 449 497 496
t 449 450 497
t 450 498 497
t 450 451 498
t 451 499 498
t 451 452 499
t 452 500 499
t 452 453 500
t 453 501 500
t 453 454 501
t 454 502 501
t 454 455 502
t 455 503 502
t 455 456 503
t 456 504 503
t 456 457 504
t 457 505 504
t 457 458 505
t 458 506 505
t 458 459 506
t 459 507 506
t 459 460 507
t 460 508 507
t 460 461 508
t 461 509 508
t 461 462 509
t 462 510 509
t 462 463 510
t 463 511 510
t 463 464 511
t 464 512 511
t 464 465 512
t 465 513 512
t 465 466 513
t 466 514 513
t 466 467 514
t 467 515 514
t 467 468 515
t 468 516 515
t 468 469 516
t 469 517 516
t 469 470 517
t 470 518 517
t 470 471 518
t 471 519 518
t 471 472 519
t 472 520 519
t 472 473 520
t 473 521 520
t 473 474 521
t 474 522 521
t 474 475 522
t 475 523 522
t 475 476 523
t 476 524 523
t 476 477 524
t 477 525 524
t 477 478 525
t 478 526 525
t 478 479 526
t 479 527 526
t 479 480 527
t 480 528 527
t 480 481 528
t 481 529 528
t 481 482 529
t 482 530 529
t 482 483 530
t 483 531 530
t 483 484 531
t 484 532 531
t 484 485 532
t 485 533 532
t 485 486 533
t 486 534 533
t 486 487 534
t 487 535 534
t 487 488 535
t 488 536 535
t 488 228 536
t 488 226 228
t 129 227 128
t 128 227 127
t 127 227 126
t 126 227 125
t 125 227 229
t 30 31 228
t 31 32 228
t 32 33 228
t 33 34 228
t 34 230 228
t 227 489 229
t 489 537 229
t 489 490 537
t 490 538 537
t 490 491 538
t 491 539 538
t 491 492 539
t 492 540 539
t 492 493 540
t 493 541 540
t 493 494 541
t 494 542 541
t 494 495 542
t 495 543 542
t 495 496 543
t 496 544 543
t 496 497 544
t 497 545 544
t 497 498 545
t 498 546 545
t 498 499 546
t 499 547 546
t 499 500 547
t 500 548 547
t 500 501 548
t 501 549 548
t 501 502 549
t 502 550 549
t 502 503 550
t 503 551 550
t 503 504 551
t 504 552 551
t 504 505 552
t 505 553 552
t 505 506 553
t 506 554 553
t 506 507 554
t 507 555 554
t 507 508 555
t 508 556 555
t 508 509 556
t 509 557 556
t 509 510 557
t 510 558 557
t 510 511 558
t 511 559 558
t 511 512 559
t 512 560 559
t 512 513 560
t 513 561 560
t 513 514 561
t 514 562 561
t 514 515 562
t 515 563 562
t 515 516 563
t 516 564 563
t 516 517 564
t 517 565 564
t 517 518 565
t 518 566 565
t 518 519 566
t 519 567 566
t 519 520 567
t 520 568 567
t 520 521 568
t 521 569 568
t 521 522 569
t 522 570 569
t 522 523 570
t 523 571 570
t 523 524 571
t 524 572 571
t 524 525 572
t 525 573 572
t 525 526 573
t 526 574 573
t 526 527 574
t 527 575 574
t 527 528 575
t 528 576 575
t 528 529 576
t 529 577 576
t 529 530 577
t 530 578 577
t 530 531 578
t 531 579 578
t 531 532 579
t 532 580 579
t 532 533 580
t 533 581 580
t 533 534 581
t 534 582 581
t 534 535 582
t 535 583 582
t 535 536 583
t 536 584 583
t 536 230 584
t 536 228 230
t 125 229 124
t 124 229 123
t 123 229 122
t 122 229 231
t 34 35 230
t 35 36 230
t 36 37 230
t 37 38 230
t 38 39 230
t 39 232 230
t 229 537 231
t 537 585 231
t 537 538 585
t 538 586 585
t 538 539 586
t 539 587 586
t 539 540 587
t 540 588 587
t 540 541 588
t 541 589 588
t 541 542 589
t 542 590 589
t 542 543 590
t 543 591 590
t 543 544 591
t 544 592 591
t 544 545 592
t 545 593 592
t 545 546 593
t 546 594 593
t 546 547 594
t 547 595 594
t 547 548 595
t 548 596 595
t 548 549 596
t 549 597 596
t 549 550 597
t 550 598 597
t 550 551 598
t 551 599 598
t 551 552 599
t 552 600 599
t 552 553 600
t 553 601 600
t 553 554 601
t 554 602 601
t 554 555 602
t 555 603 602
t 555 556 603
t 556 604 603
t 556 557 604
t 557 605 604
t 557 558 605
t 558 606 605
t 558 559 606
t 559 607 606
t 559 560 607
t 560 608 607
t 560 561 608
t 561 609 608
t 561 562 609
t 562 610 609
t 562 563 610
t 563 611 610
t 563 564 611
t 564 612 611
t 564 565 612
t 565 613 612
t 565 566 613
t 566 614 613
t 566 567 614
t 567 615 614
t 567 568 615
t 568 616 615
t 568 569 616
t 569 617 616
t 569 570 617
t 570 618 617
t 570 571 618
t 571 619 618
t 571 572 619
t 572 620 619
t 572 573 620
t 573 621 620
t 573 574 621
t 574 622 621
t 574 575 622
t 575 623 622
t 575 576 623
t 576 624 623
t 576 577 624
t 577 625 624
t 577 578 625
t 578 626 625
t 578 579 626
t 579 627 626
t 579 580 627
t 580 628 627
t 580 581 628
t 581 629 628
t 581 582 629
t 582 630 629
t 582 583 630
t 583 631 630
t 583 584 631
t 584 632 631
t 584 230 632
t 230 232 632
t 122 231 121
t 121 231 120
t 120 231 119
t 119 231 118
t 118 231 233
t 39 40 232
t 40 41 232
t 41 42 232
t 42 43 232
t 43 44 232
t 44 45 232
t 45 234 232
t 231 585 233
t 585 633 233
t 585 586 633
t 586 634 633
t 586 587 634
t 587 635 634
t 587 588 635
t 588 636 635
t 588 589 636
t 589 637 636
t 589 590 637
t 590 638 637
t 590 591 638
t 591 639 638
t 591 592 639
t 592 640 639
t 592 593 640
t 593 641 640
t 593 594 641
t 594 642 641
t 594 595 642
t 595 643 642
t 595 596 643
t 596 644 643
t 596 597 644
t 597 645 644
t 597 598 645
t 598 646 645
t 598 599 646
t 599 647 646
t 599 600 647
t 600 648 647
t 600 601 648
t 601 649 648
t 601 602 649
t 602 650 649
t 602 603 650
t 603 651 650
t 603 604 651
t 604 652 651
t 604 605 652
t 605 653 652
t 605 606 653
t 606 654 653
t 606 607 654
t 607 655 654
t 607 608 655
t 608 656 655
t 608 609 656
t 609 657 656
t 609 610 657
t 610 658 657
t 610 611 658
t 611 659 658
t 611 612 659
t 612 660 659
t 612 613 660
t 613 661 660
t 613 614 661
t 614 662 661
t 614 615 662
t 615 663 662
t 615 616 663
t 616 664 663
t 616 617 664
t 617 665 664
t 617 618 665
t 618 666 665
t 618 619 666
t 619 667 666
t 619 620 667
t 620 668 667
t 620 621 668
t 621 669 668
t 621 622 669
t 622 670 669
t 622 623 670
t 623 671 670
t 623 624 671
t 624 672 671
t 624 625 672
t 625 673 672
t 625 626 673
t 626 674 673
t 626 627 674
t 627 675 674
t 627 628 675
t 628 676 675
t 628 629 676
t 629 677 676
t 629 630 677
t 630 678 677
t 630 631 678
t 631 679 678
t 631 632 679
t 632 680 679
t 632 232 680
t 232 234 680
t 118 233 117
t 117 233 116
t 116 233 115
t 115 233 235
t 45 46 234
t 46 47 234
t 47 48 234
t 48 49 234
t 49 50 234
t 50 236 234
t 233 633 235
t 633 681 235
t 633 634 681
t 634 682 681
t 634 635 682
t 635 683 682
t 635 636 683
t 636 684 683
t 636 637 684
t 637 685 684
t 637 638 685
t 638 686 685
t 638 639 686
t 639 687 686
t 639 640 687
t 640 688 687
t 640 641 688
t 641 689 688
t 641 642 689
t 642 690 689
t 642 643 690
t 643 691 690
t 643 644 691
t 644 692 691
t 644 645 692
t 645 693 692
t 645 646 693
t 646 694 693
t 646 647 694
t 647 695 694
t 647 648 695
t 648 696 695
t 648 649 696
t 649 697 696
t 649 650 697
t 650 698 697
t 650 651 698
t 651 699 698
t 651 652 699
t 652 700 699
t 652 653 700
t 653 701 700
t 653 654 701
t 654 702 701
t 654 655 702
t 655 703 702
t 655 656 703
t 656 704 703
t 656 657 704
t 657 705 704
t 657 658 705
t 658 706 705
t 658 659 706
t 659 707 706
t 659 660 707
t 660 708 707
t 660 661 708
t 661 709 708
t 661 662 709
t 662 710 709
t 662 663 710
t 663 711 710
t 663 664 711
t 664 712 711
t 664 665 712
t 665 713 712
t 665 666 713
t 666 714 713
t 666 667 714
t 667 715 714
t 667 668 715
t 668 716 715
t 668 669 716
t 669 717 716
t 669 670 717
t 670 718 717
t 670 671 718
t 671 719 718
t 671 672 719
t 672 720 719
t 672 673 720
t 673 721 720
t 673 674 721
t 674 722 721
t 674 675 722
t 675 723 722
t 675 676 723
t 676 724 723
t 676 677 724
t 677 725 724
t 677 678 725
t 678 726 725
t 678 679 726
t 679 727 726
t 679 680 727
t 680 728 727
t 680 234 728
t 234 236 728
t 115 235 114
t 114 235 113
t 113 235 112
t 112 235 111
t 50 51 236
t 51 52 236
t 52 53 236
t 53 54 236
t 54 55 236
t 55 56 236
t 235 110 111
t 235 109 110
t 235 108 109
t 235 681 108
t 681 107 108
t 681 682 107
t 682 106 107
t 682 683 106
t 683 105 106
t 683 684 105
t 684 104 105
t 684 685 104
t 685 103 104
t 685 686 103
t 686 102 103
t 686 687 102
t 687 101 102
t 687 688 101
t 688 100 101
t 688 689 100
t 689 99 100
t 689 690 99
t 690 98 99
t 690 691 98
t 691 97 98
t 691 692 97
t 692 96 97
t 692 693 96
t 693 95 96
t 693 694 95
t 694 94 95
t 694 695 94
t 695 93 94
t 695 696 93
t 696 92 93
t 696 697 92
t 697 91 92
t 697 698 91
t 698 90 91
t 698 699 90
t 699 89 90
t 699 700 89
t 700 88 89
t 700 701 88
t 701 87 88
t 701 702 87
t 702 86 87
t 702 703 86
t 703 85 86
t 703 704 85
t 704 84 85
t 704 705 84
t 705 83 84
t 705 706 83
t 706 82 83
t 706 707 82
t 707 81 82
t 707 708 81
t 708 80 81
t 708 709 80
t 709 79 80
t 709 710 79
t 710 78 79
t 710 711 78
t 711 77 78
t 711 712 77
t 712 76 77
t 712 713 76
t 713 75 76
t 713 714 75
t 714 74 75
t 714 715 74
t 715 73 74
t 715 716 73
t 716 72 73
t 716 717 72
t 717 71 72
t 717 718 71
t 718 70 71
t 718 719 70
t 719 69 70
t 719 720 69
t 720 68 69
t 720 721 68
t 721 67 68
t 721 722 67
t 722 66 67
t 722 723 66
t 723 65 66
t 723 724 65
t 724 64 65
t 724 725 64
t 725 63 64
t 725 726 63
t 726 62 63
t 726 727 62
t 727 61 62
t 727 728 61
t 728 60 61
t 728 236 60
t 236 59 60
t 236 58 59
t 236 57 58
t 236 56 57
