type=Nurbs forward=true n_boundary=172 n_holes=0 n_interior=98 n_tris=816 label=brep62542_f232_Nurbs(deg=3/3, cps=4x11)
boundary
b 0.749312590 1.000000000
b 0.725838688 1.000000000
b 0.702447471 1.000000000
b 0.679130125 1.000000000
b 0.655877949 1.000000000
b 0.632682335 1.000000000
b 0.609534757 1.000000000
b 0.586426761 1.000000000
b 0.563349947 1.000000000
b 0.540295964 1.000000000
b 0.517256491 1.000000000
b 0.494223230 1.000000000
b 0.471187889 1.000000000
b 0.448142176 1.000000000
b 0.425077783 1.000000000
b 0.401986374 1.000000000
b 0.378859576 1.000000000
b 0.355688964 1.000000000
b 0.332466048 1.000000000
b 0.309182264 1.000000000
b 0.285828957 1.000000000
b 0.262397373 1.000000000
b 0.238878639 1.000000000
b 0.215263756 1.000000000
b 0.191543580 1.000000000
b 0.167708810 1.000000000
b 0.143749971 1.000000000
b 0.119657401 1.000000000
b 0.095421231 1.000000000
b 0.071031371 1.000000000
b 0.046477492 1.000000000
b 0.046483742 0.984032566
b 0.046500926 0.968059541
b 0.046526569 0.952076106
b 0.046557835 0.936077516
b 0.046591505 0.920059099
b 0.046623968 0.904016259
b 0.046651196 0.887944482
b 0.046668731 0.871839338
b 0.046673673 0.855696797
b 0.046667919 0.839513609
b 0.046653940 0.823286509
b 0.046633979 0.807012082
b 0.046610045 0.790686766
b 0.046583912 0.774306847
b 0.046557105 0.757868469
b 0.046530899 0.741367624
b 0.046506289 0.724800228
b 0.046483879 0.708162722
b 0.046464026 0.691451738
b 0.046447423 0.674662997
b 0.046434835 0.657791565
b 0.046426711 0.640832358
b 0.046423157 0.623780152
b 0.046423921 0.606629590
b 0.046428376 0.589375178
b 0.046435571 0.572011329
b 0.046445040 0.554532803
b 0.046456578 0.536934528
b 0.046469684 0.519211303
b 0.046483536 0.501357784
b 0.046496965 0.483368489
b 0.046508443 0.465237802
b 0.046516056 0.446959969
b 0.046517480 0.428529101
b 0.046509960 0.409939176
b 0.046491700 0.391184490
b 0.046465168 0.372260609
b 0.046432859 0.353164254
b 0.046396033 0.333893654
b 0.046356281 0.314446993
b 0.046315678 0.294822249
b 0.046276798 0.275017162
b 0.046242719 0.255029213
b 0.046217037 0.234855600
b 0.046203862 0.214493213
b 0.046205674 0.193939094
b 0.046220200 0.173191239
b 0.046244565 0.152247774
b 0.046276023 0.131106792
b 0.046311960 0.109766347
b 0.046349906 0.088224442
b 0.046387533 0.066479020
b 0.046422664 0.044527955
b 0.046453274 0.022369044
b 0.046477492 0.000000000
b 0.076948149 -0.000000000
b 0.107169672 -0.000000000
b 0.137161683 -0.000000000
b 0.166943255 -0.000000000
b 0.196532959 -0.000000000
b 0.225948919 -0.000000000
b 0.255208853 -0.000000000
b 0.284330120 -0.000000000
b 0.313329760 -0.000000000
b 0.342224538 -0.000000000
b 0.371030982 -0.000000000
b 0.399765419 -0.000000000
b 0.428444019 -0.000000000
b 0.457082822 -0.000000000
b 0.485697784 -0.000000000
b 0.514304804 -0.000000000
b 0.542919767 -0.000000000
b 0.571558573 -0.000000000
b 0.600237177 -0.000000000
b 0.628971621 -0.000000000
b 0.657778072 -0.000000000
b 0.686672858 -0.000000000
b 0.715672509 -0.000000000
b 0.744793787 -0.000000000
b 0.774053734 -0.000000000
b 0.803469709 -0.000000000
b 0.833059430 -0.000000000
b 0.862841020 -0.000000000
b 0.892833051 -0.000000000
b 0.923054596 -0.000000000
b 0.953525277 0.000000000
b 0.946972368 0.019089300
b 0.940485042 0.038125387
b 0.934063531 0.057109998
b 0.927708124 0.076044673
b 0.921419166 0.094930755
b 0.915197055 0.113769385
b 0.909042240 0.132561506
b 0.902955226 0.151307861
b 0.896936575 0.170008985
b 0.890986906 0.188665214
b 0.885106900 0.207276676
b 0.879297500 0.225843229
b 0.873566424 0.244362358
b 0.867929330 0.262828912
b 0.862399515 0.281239962
b 0.856985385 0.299596961
b 0.851693934 0.317902076
b 0.846531252 0.336157713
b 0.841502570 0.354366514
b 0.836612317 0.372531341
b 0.831864177 0.390655280
b 0.827261137 0.408741622
b 0.822805660 0.426793582
b 0.818500323 0.444812843
b 0.814347518 0.462800715
b 0.810349239 0.480758820
b 0.806507105 0.498689086
b 0.802822436 0.516593746
b 0.799297015 0.534475563
b 0.795933095 0.552337880
b 0.792732656 0.570184430
b 0.789697420 0.588019306
b 0.786829462 0.605846019
b 0.784131784 0.623666665
b 0.781607343 0.641483540
b 0.779258960 0.659299340
b 0.777089351 0.677117151
b 0.775101165 0.694940444
b 0.773297014 0.712773065
b 0.771679520 0.730619230
b 0.770251508 0.748483302
b 0.769017818 0.766367185
b 0.767984600 0.784269328
b 0.767158155 0.802187437
b 0.766544991 0.820119601
b 0.766151875 0.838064309
b 0.765985877 0.856020454
b 0.766054432 0.873987338
b 0.766362768 0.891964618
b 0.766905531 0.909951899
b 0.767674954 0.927948447
b 0.768663711 0.945953179
b 0.769864857 0.963964639
b 0.771271771 0.981980990
b 0.772878110 1.000000000
interior
i 0.159619039 0.125000000
i 0.273034216 0.125000000
i 0.386449393 0.125000000
i 0.499864570 0.125000000
i 0.613279746 0.125000000
i 0.726694923 0.125000000
i 0.840110100 0.125000000
i 0.159619039 0.250000000
i 0.273034216 0.250000000
i 0.386449393 0.250000000
i 0.499864570 0.250000000
i 0.613279746 0.250000000
i 0.726694923 0.250000000
i 0.840110100 0.250000000
i 0.159619039 0.375000000
i 0.273034216 0.375000000
i 0.386449393 0.375000000
i 0.499864570 0.375000000
i 0.613279746 0.375000000
i 0.726694923 0.375000000
i 0.159619039 0.500000000
i 0.273034216 0.500000000
i 0.386449393 0.500000000
i 0.499864570 0.500000000
i 0.613279746 0.500000000
i 0.726694923 0.500000000
i 0.159619039 0.625000000
i 0.273034216 0.625000000
i 0.386449393 0.625000000
i 0.499864570 0.625000000
i 0.613279746 0.625000000
i 0.726694923 0.625000000
i 0.159619039 0.750000000
i 0.273034216 0.750000000
i 0.386449393 0.750000000
i 0.499864570 0.750000000
i 0.613279746 0.750000000
i 0.726694923 0.750000000
i 0.159619039 0.875000000
i 0.273034216 0.875000000
i 0.386449393 0.875000000
i 0.499864570 0.875000000
i 0.613279746 0.875000000
i 0.726694923 0.875000000
i 0.102911451 0.062500000
i 0.102911451 0.187500000
i 0.102911451 0.312500000
i 0.102911451 0.437500000
i 0.102911451 0.562500000
i 0.102911451 0.687500000
i 0.102911451 0.812500000
i 0.102911451 0.937500000
i 0.216326628 0.062500000
i 0.216326628 0.187500000
i 0.216326628 0.312500000
i 0.216326628 0.437500000
i 0.216326628 0.562500000
i 0.216326628 0.687500000
i 0.216326628 0.812500000
i 0.216326628 0.937500000
i 0.329741804 0.062500000
i 0.329741804 0.187500000
i 0.329741804 0.312500000
i 0.329741804 0.437500000
i 0.329741804 0.562500000
i 0.329741804 0.687500000
i 0.329741804 0.812500000
i 0.329741804 0.937500000
i 0.443156981 0.062500000
i 0.443156981 0.187500000
i 0.443156981 0.312500000
i 0.443156981 0.437500000
i 0.443156981 0.562500000
i 0.443156981 0.687500000
i 0.443156981 0.812500000
i 0.443156981 0.937500000
i 0.556572158 0.062500000
i 0.556572158 0.187500000
i 0.556572158 0.312500000
i 0.556572158 0.437500000
i 0.556572158 0.562500000
i 0.556572158 0.687500000
i 0.556572158 0.812500000
i 0.556572158 0.937500000
i 0.669987335 0.062500000
i 0.669987335 0.187500000
i 0.669987335 0.312500000
i 0.669987335 0.437500000
i 0.669987335 0.562500000
i 0.669987335 0.687500000
i 0.669987335 0.812500000
i 0.669987335 0.937500000
i 0.783402511 0.062500000
i 0.783402511 0.187500000
i 0.783402511 0.312500000
i 0.783402511 0.437500000
i 0.783402511 0.562500000
i 0.896817688 0.062500000
tris
t 85 83 84
t 85 82 83
t 85 81 82
t 85 80 81
t 85 79 80
t 85 78 79
t 85 77 78
t 85 76 77
t 85 75 76
t 85 74 75
t 116 117 118
t 116 118 119
t 116 119 120
t 116 120 121
t 116 121 122
t 116 122 123
t 116 123 124
t 116 124 125
t 116 125 126
t 116 126 127
t 116 127 128
t 116 128 129
t 85 270 74
t 85 271 270
t 85 272 271
t 85 273 272
t 85 274 273
t 85 275 274
t 85 276 275
t 85 277 276
t 85 278 277
t 85 279 278
t 85 280 279
t 85 281 280
t 85 282 281
t 85 283 282
t 85 284 283
t 85 285 284
t 85 286 285
t 85 287 286
t 85 288 287
t 85 289 288
t 85 290 289
t 85 291 290
t 85 292 291
t 85 293 292
t 85 294 293
t 85 295 294
t 85 296 295
t 85 297 296
t 85 298 297
t 85 299 298
t 85 300 299
t 85 301 300
t 85 302 301
t 85 303 302
t 85 304 303
t 85 305 304
t 85 306 305
t 85 307 306
t 85 308 307
t 85 309 308
t 85 310 309
t 85 311 310
t 85 312 311
t 85 313 312
t 85 314 313
t 85 315 314
t 85 86 315
t 86 316 315
t 86 317 316
t 86 87 317
t 87 318 317
t 87 319 318
t 87 88 319
t 88 320 319
t 88 321 320
t 88 89 321
t 89 322 321
t 89 323 322
t 89 324 323
t 89 90 324
t 90 325 324
t 90 326 325
t 90 91 326
t 91 327 326
t 91 328 327
t 91 92 328
t 92 329 328
t 92 330 329
t 92 93 330
t 93 331 330
t 93 332 331
t 93 333 332
t 93 94 333
t 94 334 333
t 94 335 334
t 94 95 335
t 95 336 335
t 95 337 336
t 95 96 337
t 96 338 337
t 96 339 338
t 96 97 339
t 97 340 339
t 97 341 340
t 97 342 341
t 97 98 342
t 98 343 342
t 98 344 343
t 98 99 344
t 99 345 344
t 99 346 345
t 99 100 346
t 100 347 346
t 100 348 347
t 100 101 348
t 101 349 348
t 101 350 349
t 101 351 350
t 101 102 351
t 102 352 351
t 102 353 352
t 102 103 353
t 103 354 353
t 103 355 354
t 103 104 355
t 104 356 355
t 104 357 356
t 104 105 357
t 105 358 357
t 105 359 358
t 105 360 359
t 105 106 360
t 106 361 360
t 106 362 361
t 106 107 362
t 107 363 362
t 107 364 363
t 107 108 364
t 108 365 364
t 108 366 365
t 108 109 366
t 109 367 366
t 109 368 367
t 109 369 368
t 109 370 369
t 109 371 370
t 109 372 371
t 109 373 372
t 109 374 373
t 109 375 374
t 109 376 375
t 109 377 376
t 109 378 377
t 109 379 378
t 109 380 379
t 109 381 380
t 109 382 381
t 109 383 382
t 109 384 383
t 109 385 384
t 109 110 385
t 110 386 385
t 110 387 386
t 110 388 387
t 110 389 388
t 110 390 389
t 110 391 390
t 110 392 391
t 110 393 392
t 110 394 393
t 110 395 394
t 110 396 395
t 110 397 396
t 110 111 397
t 111 398 397
t 111 399 398
t 111 400 399
t 111 401 400
t 111 402 401
t 111 403 402
t 111 404 403
t 111 405 404
t 111 112 405
t 112 406 405
t 112 407 406
t 112 408 407
t 112 409 408
t 112 410 409
t 112 411 410
t 112 412 411
t 112 113 412
t 113 413 412
t 113 414 413
t 113 129 414
t 113 114 129
t 114 115 129
t 115 116 129
t 74 72 73
t 74 71 72
t 74 70 71
t 74 69 70
t 74 68 69
t 74 67 68
t 74 66 67
t 74 65 66
t 74 64 65
t 74 63 64
t 74 62 63
t 74 61 62
t 129 130 131
t 129 131 132
t 129 132 133
t 129 133 134
t 129 134 135
t 129 135 136
t 129 136 137
t 129 137 138
t 129 138 139
t 129 139 140
t 129 140 141
t 129 141 142
t 129 142 143
t 74 270 61
t 270 271 61
t 271 272 61
t 272 273 61
t 273 274 61
t 274 275 61
t 275 276 61
t 276 277 61
t 277 278 61
t 278 279 61
t 279 280 61
t 280 281 61
t 281 282 61
t 282 283 61
t 283 284 61
t 284 285 61
t 285 286 61
t 286 287 61
t 287 288 61
t 288 289 61
t 289 290 61
t 290 291 61
t 291 292 61
t 292 293 61
t 293 294 61
t 294 295 61
t 295 296 61
t 296 297 61
t 297 415 61
t 297 298 415
t 298 416 415
t 298 299 416
t 299 417 416
t 299 300 417
t 300 418 417
t 300 301 418
t 301 419 418
t 301 302 419
t 302 420 419
t 302 303 420
t 303 421 420
t 303 304 421
t 304 422 421
t 304 305 422
t 305 423 422
t 305 306 423
t 306 424 423
t 306 307 424
t 307 425 424
t 307 308 425
t 308 426 425
t 308 309 426
t 309 427 426
t 309 310 427
t 310 428 427
t 310 311 428
t 311 429 428
t 311 312 429
t 312 430 429
t 312 313 430
t 313 431 430
t 313 314 431
t 314 432 431
t 314 315 432
t 315 433 432
t 315 316 433
t 316 434 433
t 316 317 434
t 317 435 434
t 317 318 435
t 318 436 435
t 318 319 436
t 319 437 436
t 319 320 437
t 320 438 437
t 320 321 438
t 321 439 438
t 321 322 439
t 322 440 439
t 322 323 440
t 323 441 440
t 323 324 441
t 324 442 441
t 324 325 442
t 325 443 442
t 325 326 443
t 326 444 443
t 326 327 444
t 327 445 444
t 327 328 445
t 328 446 445
t 328 329 446
t 329 447 446
t 329 330 447
t 330 448 447
t 330 331 448
t 331 449 448
t 331 332 449
t 332 450 449
t 332 333 450
t 333 451 450
t 333 334 451
t 334 452 451
t 334 335 452
t 335 453 452
t 335 336 453
t 336 454 453
t 336 337 454
t 337 455 454
t 337 338 455
t 338 456 455
t 338 339 456
t 339 457 456
t 339 340 457
t 340 458 457
t 340 341 458
t 341 459 458
t 341 342 459
t 342 460 459
t 342 343 460
t 343 461 460
t 343 344 461
t 344 462 461
t 344 345 462
t 345 463 462
t 345 346 463
t 346 464 463
t 346 347 464
t 347 465 464
t 347 348 465
t 348 466 465
t 348 349 466
t 349 467 466
t 349 350 467
t 350 468 467
t 350 351 468
t 351 469 468
t 351 352 469
t 352 470 469
t 352 353 470
t 353 471 470
t 353 354 471
t 354 472 471
t 354 355 472
t 355 473 472
t 355 356 473
t 356 474 473
t 356 357 474
t 357 475 474
t 357 358 475
t 358 476 475
t 358 359 476
t 359 477 476
t 359 360 477
t 360 478 477
t 360 361 478
t 361 479 478
t 361 362 479
t 362 480 479
t 362 363 480
t 363 481 480
t 363 364 481
t 364 482 481
t 364 365 482
t 365 483 482
t 365 366 483
t 366 484 483
t 366 367 484
t 367 485 484
t 367 368 485
t 368 486 485
t 368 369 486
t 369 487 486
t 369 370 487
t 370 488 487
t 370 371 488
t 371 489 488
t 371 372 489
t 372 490 489
t 372 373 490
t 373 491 490
t 373 374 491
t 374 492 491
t 374 375 492
t 375 493 492
t 375 376 493
t 376 494 493
t 376 377 494
t 377 495 494
t 377 378 495
t 378 496 495
t 378 379 496
t 379 497 496
t 379 380 497
t 380 498 497
t 380 381 498
t 381 499 498
t 381 382 499
t 382 500 499
t 382 383 500
t 383 501 500
t 383 384 501
t 384 502 501
t 384 385 502
t 385 503 502
t 385 386 503
t 386 504 503
t 386 387 504
t 387 505 504
t 387 388 505
t 388 506 505
t 388 389 506
t 389 507 506
t 389 390 507
t 390 508 507
t 390 391 508
t 391 509 508
t 391 392 509
t 392 510 509
t 392 393 510
t 393 511 510
t 393 394 511
t 394 512 511
t 394 395 512
t 395 513 512
t 395 396 513
t 396 514 513
t 396 397 514
t 397 515 514
t 397 398 515
t 398 516 515
t 398 399 516
t 399 143 516
t 399 400 143
t 400 401 143
t 401 402 143
t 402 403 143
t 403 404 143
t 404 405 143
t 405 406 143
t 406 407 143
t 407 408 143
t 408 409 143
t 409 410 143
t 410 411 143
t 411 412 143
t 412 413 143
t 413 414 143
t 414 129 143
t 61 59 60
t 61 58 59
t 61 57 58
t 61 56 57
t 61 55 56
t 61 54 55
t 61 53 54
t 61 52 53
t 61 51 52
t 61 50 51
t 61 49 50
t 61 48 49
t 61 47 48
t 61 46 47
t 143 144 145
t 143 145 146
t 143 146 147
t 143 147 148
t 143 148 149
t 143 149 150
t 143 150 151
t 143 151 152
t 143 152 153
t 143 153 154
t 143 154 155
t 143 155 156
t 143 156 157
t 61 415 46
t 415 416 46
t 416 417 46
t 417 418 46
t 418 419 46
t 419 420 46
t 420 421 46
t 421 422 46
t 422 423 46
t 423 517 46
t 423 424 517
t 424 518 517
t 424 425 518
t 425 519 518
t 425 426 519
t 426 520 519
t 426 427 520
t 427 521 520
t 427 428 521
t 428 522 521
t 428 429 522
t 429 523 522
t 429 430 523
t 430 524 523
t 430 431 524
t 431 525 524
t 431 432 525
t 432 526 525
t 432 433 526
t 433 527 526
t 433 434 527
t 434 528 527
t 434 435 528
t 435 529 528
t 435 436 529
t 436 530 529
t 436 437 530
t 437 531 530
t 437 438 531
t 438 532 531
t 438 439 532
t 439 533 532
t 439 440 533
t 440 534 533
t 440 441 534
t 441 535 534
t 441 442 535
t 442 536 535
t 442 443 536
t 443 537 536
t 443 444 537
t 444 538 537
t 444 445 538
t 445 539 538
t 445 446 539
t 446 540 539
t 446 447 540
t 447 541 540
t 447 448 541
t 448 542 541
t 448 449 542
t 449 543 542
t 449 450 543
t 450 544 543
t 450 451 544
t 451 545 544
t 451 452 545
t 452 546 545
t 452 453 546
t 453 547 546
t 453 454 547
t 454 548 547
t 454 455 548
t 455 549 548
t 455 456 549
t 456 550 549
t 456 457 550
t 457 551 550
t 457 458 551
t 458 552 551
t 458 459 552
t 459 553 552
t 459 460 553
t 460 554 553
t 460 461 554
t 461 555 554
t 461 462 555
t 462 556 555
t 462 463 556
t 463 557 556
t 463 464 557
t 464 558 557
t 464 465 558
t 465 559 558
t 465 466 559
t 466 560 559
t 466 467 560
t 467 561 560
t 467 468 561
t 468 562 561
t 468 469 562
t 469 563 562
t 469 470 563
t 470 564 563
t 470 471 564
t 471 565 564
t 471 472 565
t 472 566 565
t 472 473 566
t 473 567 566
t 473 474 567
t 474 568 567
t 474 475 568
t 475 569 568
t 475 476 569
t 476 570 569
t 476 477 570
t 477 571 570
t 477 478 571
t 478 572 571
t 478 479 572
t 479 573 572
t 479 480 573
t 480 574 573
t 480 481 574
t 481 575 574
t 481 482 575
t 482 576 575
t 482 483 576
t 483 577 576
t 483 484 577
t 484 578 577
t 484 485 578
t 485 579 578
t 485 486 579
t 486 580 579
t 486 487 580
t 487 581 580
t 487 488 581
t 488 582 581
t 488 489 582
t 489 583 582
t 489 490 583
t 490 584 583
t 490 491 584
t 491 585 584
t 491 492 585
t 492 586 585
t 492 493 586
t 493 587 586
t 493 494 587
t 494 588 587
t 494 495 588
t 495 589 588
t 495 496 589
t 496 590 589
t 496 497 590
t 497 591 590
t 497 498 591
t 498 592 591
t 498 499 592
t 499 157 592
t 499 500 157
t 500 501 157
t 501 502 157
t 502 503 157
t 503 504 157
t 504 505 157
t 505 506 157
t 506 507 157
t 507 508 157
t 508 509 157
t 509 510 157
t 510 511 157
t 511 512 157
t 512 513 157
t 513 514 157
t 514 515 157
t 515 516 157
t 516 143 157
t 46 44 45
t 46 43 44
t 46 42 43
t 46 41 42
t 46 40 41
t 46 39 40
t 46 38 39
t 46 37 38
t 46 36 37
t 46 35 36
t 46 34 35
t 46 33 34
t 46 32 33
t 46 31 32
t 46 30 31
t 157 158 159
t 157 159 160
t 157 160 161
t 157 161 162
t 157 162 163
t 157 163 164
t 157 164 165
t 157 165 166
t 157 166 167
t 157 167 168
t 157 168 169
t 157 169 170
t 157 170 171
t 46 517 30
t 517 518 30
t 518 519 30
t 519 520 30
t 520 521 30
t 521 522 30
t 522 523 30
t 523 524 30
t 524 525 30
t 525 526 30
t 526 527 30
t 527 29 30
t 527 528 29
t 528 529 29
t 529 28 29
t 529 530 28
t 530 531 28
t 531 27 28
t 531 532 27
t 532 533 27
t 533 26 27
t 533 534 26
t 534 535 26
t 535 25 26
t 535 536 25
t 536 24 25
t 536 537 24
t 537 538 24
t 538 23 24
t 538 539 23
t 539 540 23
t 540 22 23
t 540 541 22
t 541 542 22
t 542 21 22
t 542 543 21
t 543 544 21
t 544 20 21
t 544 545 20
t 545 19 20
t 545 546 19
t 546 547 19
t 547 18 19
t 547 548 18
t 548 549 18
t 549 17 18
t 549 550 17
t 550 551 17
t 551 16 17
t 551 552 16
t 552 553 16
t 553 15 16
t 553 554 15
t 554 14 15
t 554 555 14
t 555 556 14
t 556 13 14
t 556 557 13
t 557 558 13
t 558 12 13
t 558 559 12
t 559 560 12
t 560 11 12
t 560 561 11
t 561 562 11
t 562 10 11
t 562 563 10
t 563 9 10
t 563 564 9
t 564 565 9
t 565 8 9
t 565 566 8
t 566 567 8
t 567 7 8
t 567 568 7
t 568 569 7
t 569 6 7
t 569 570 6
t 570 571 6
t 571 5 6
t 571 572 5
t 572 4 5
t 572 573 4
t 573 574 4
t 574 3 4
t 574 575 3
t 575 576 3
t 576 2 3
t 576 577 2
t 577 578 2
t 578 1 2
t 578 579 1
t 579 580 1
t 580 0 1
t 580 581 0
t 581 582 0
t 582 583 0
t 583 584 0
t 584 585 0
t 585 586 0
t 586 587 0
t 587 588 0
t 588 589 0
t 589 590 0
t 590 591 0
t 591 592 0
t 592 157 0
t 157 171 0
