type=Nurbs forward=true n_boundary=196 n_holes=0 n_interior=363 n_tris=1012 label=brep62542_f126_Nurbs(deg=3/3, cps=4x9)
boundary
b 0.784644305 0.403171084
b 0.785249570 0.410006515
b 0.785879001 0.416853575
b 0.786529377 0.423712470
b 0.787197776 0.430583458
b 0.787881670 0.437466851
b 0.788579026 0.444363014
b 0.789288408 0.451272360
b 0.790009083 0.458195351
b 0.790740986 0.465132494
b 0.791479013 0.472084131
b 0.792222608 0.479049478
b 0.792975597 0.486027313
b 0.793739771 0.493016444
b 0.794514937 0.500015706
b 0.795299006 0.507023978
b 0.796088071 0.514040180
b 0.796876489 0.521063283
b 0.797656962 0.528092315
b 0.798421276 0.535126355
b 0.799169607 0.542164490
b 0.799907970 0.549205791
b 0.800641040 0.556249309
b 0.801372009 0.563294082
b 0.802102588 0.570339138
b 0.802833018 0.577383502
b 0.803562077 0.584426197
b 0.804287092 0.591466253
b 0.805004107 0.598502766
b 0.805709608 0.605536051
b 0.806397600 0.612567565
b 0.807062863 0.619598828
b 0.807702224 0.626631388
b 0.808314570 0.633666812
b 0.808900863 0.640706683
b 0.809464155 0.647752591
b 0.810009597 0.654806126
b 0.810544473 0.661868856
b 0.811079095 0.668941266
b 0.811623381 0.676022108
b 0.812183306 0.683109921
b 0.812762640 0.690203241
b 0.813363073 0.697300612
b 0.813984249 0.704400591
b 0.814623798 0.711501757
b 0.815277369 0.718602715
b 0.815938680 0.725702108
b 0.816601548 0.732799088
b 0.817264073 0.739893966
b 0.817926576 0.746987213
b 0.818590348 0.754079292
b 0.819257310 0.761170665
b 0.819930008 0.768261786
b 0.820611610 0.775353103
b 0.821305907 0.782445053
b 0.822017305 0.789538057
b 0.809241342 0.789526807
b 0.796641418 0.789514680
b 0.784203108 0.789501674
b 0.771912353 0.789487789
b 0.759755461 0.789473022
b 0.747719095 0.789457373
b 0.735790277 0.789440841
b 0.723956376 0.789423425
b 0.712205105 0.789405126
b 0.700524518 0.789385942
b 0.688903005 0.789365873
b 0.677329288 0.789344920
b 0.665792419 0.789323082
b 0.654281802 0.789300360
b 0.642790022 0.789276757
b 0.631315373 0.789252286
b 0.619856795 0.789226960
b 0.608413212 0.789200791
b 0.596983511 0.789173794
b 0.585566525 0.789145981
b 0.574161020 0.789117368
b 0.562765674 0.789087970
b 0.551379062 0.789057800
b 0.539999639 0.789026875
b 0.528625724 0.788995210
b 0.517255484 0.788962822
b 0.505886912 0.788929726
b 0.494517831 0.788895941
b 0.483146206 0.788861490
b 0.471770380 0.788826403
b 0.460388897 0.788790711
b 0.449000468 0.788754444
b 0.437603953 0.788717634
b 0.426198347 0.788680312
b 0.414782759 0.788642510
b 0.403356393 0.788604260
b 0.391918533 0.788565594
b 0.380468522 0.788526545
b 0.369005744 0.788487144
b 0.357529608 0.788447426
b 0.346039526 0.788407421
b 0.334534284 0.788367163
b 0.323007276 0.788326661
b 0.311448937 0.788285917
b 0.299849423 0.788244934
b 0.288198624 0.788203713
b 0.276486168 0.788162255
b 0.264701415 0.788120564
b 0.252833448 0.788078641
b 0.240871074 0.788036487
b 0.228802813 0.787994107
b 0.216616896 0.787951501
b 0.204301256 0.787908673
b 0.191843526 0.787865626
b 0.179231028 0.787822360
b 0.179202197 0.780726896
b 0.179121251 0.773645668
b 0.179000151 0.766576179
b 0.178850157 0.759515887
b 0.178681894 0.752462226
b 0.178505393 0.745412611
b 0.178330124 0.738364450
b 0.178165101 0.731315159
b 0.178024322 0.724262183
b 0.177926489 0.717203418
b 0.177870973 0.710139566
b 0.177849362 0.703072509
b 0.177853566 0.696004176
b 0.177875802 0.688936530
b 0.177908561 0.681871559
b 0.177944581 0.674811265
b 0.177976826 0.667757660
b 0.177999180 0.660712747
b 0.178013065 0.653678295
b 0.178021789 0.646653935
b 0.178026646 0.639637955
b 0.178028576 0.632628617
b 0.178028238 0.625624192
b 0.178026043 0.618622962
b 0.178022184 0.611623231
b 0.178016657 0.604623330
b 0.178009277 0.597621628
b 0.178001488 0.590616570
b 0.177996643 0.583607844
b 0.177994409 0.576596424
b 0.177994248 0.569583346
b 0.177995624 0.562569649
b 0.177997981 0.555556367
b 0.178000713 0.548544528
b 0.178003140 0.541535145
b 0.178004489 0.534529216
b 0.178003888 0.527527712
b 0.178001422 0.520531512
b 0.177998574 0.513541403
b 0.177996528 0.506558212
b 0.177995988 0.499582808
b 0.177997148 0.492616100
b 0.177999658 0.485659029
b 0.178002593 0.478712568
b 0.178004422 0.471777713
b 0.178002978 0.464855481
b 0.177998648 0.457946635
b 0.177994760 0.451051296
b 0.177992282 0.444169513
b 0.177991746 0.437301372
b 0.177993270 0.430446998
b 0.177996536 0.423606553
b 0.178000769 0.416780238
b 0.178004718 0.409968289
b 0.178006626 0.403170977
b 0.198814452 0.403171029
b 0.219391216 0.403171028
b 0.239755001 0.403171027
b 0.259923234 0.403171027
b 0.279912736 0.403171026
b 0.299739781 0.403171026
b 0.319420152 0.403171025
b 0.338969192 0.403171025
b 0.358401861 0.403171024
b 0.377732772 0.403171024
b 0.396976248 0.403171024
b 0.416146356 0.403171024
b 0.435256954 0.403171023
b 0.454321733 0.403171023
b 0.473354249 0.403171023
b 0.492367972 0.403171023
b 0.511376314 0.403171023
b 0.530392675 0.403171023
b 0.549430478 0.403171023
b 0.568503203 0.403171024
b 0.587624434 0.403171024
b 0.606807888 0.403171024
b 0.626067462 0.403171024
b 0.645417270 0.403171025
b 0.664871689 0.403171025
b 0.684445398 0.403171026
b 0.704153426 0.403171026
b 0.724011200 0.403171027
b 0.744034596 0.403171027
b 0.764239991 0.403171028
interior
i 0.258370355 0.451466862
i 0.338891348 0.451466862
i 0.419412341 0.451466862
i 0.499933334 0.451466862
i 0.580454326 0.451466862
i 0.660975319 0.451466862
i 0.741496312 0.451466862
i 0.258370355 0.499762747
i 0.338891348 0.499762747
i 0.419412341 0.499762747
i 0.499933334 0.499762747
i 0.580454326 0.499762747
i 0.660975319 0.499762747
i 0.741496312 0.499762747
i 0.258370355 0.548058632
i 0.338891348 0.548058632
i 0.419412341 0.548058632
i 0.499933334 0.548058632
i 0.580454326 0.548058632
i 0.660975319 0.548058632
i 0.741496312 0.548058632
i 0.258370355 0.596354517
i 0.338891348 0.596354517
i 0.419412341 0.596354517
i 0.499933334 0.596354517
i 0.580454326 0.596354517
i 0.660975319 0.596354517
i 0.741496312 0.596354517
i 0.258370355 0.644650402
i 0.338891348 0.644650402
i 0.419412341 0.644650402
i 0.499933334 0.644650402
i 0.580454326 0.644650402
i 0.660975319 0.644650402
i 0.741496312 0.644650402
i 0.258370355 0.692946287
i 0.338891348 0.692946287
i 0.419412341 0.692946287
i 0.499933334 0.692946287
i 0.580454326 0.692946287
i 0.660975319 0.692946287
i 0.741496312 0.692946287
i 0.258370355 0.741242172
i 0.338891348 0.741242172
i 0.419412341 0.741242172
i 0.499933334 0.741242172
i 0.580454326 0.741242172
i 0.660975319 0.741242172
i 0.741496312 0.741242172
i 0.218109858 0.427318919
i 0.197979610 0.415244948
i 0.238240107 0.415244948
i 0.197979610 0.439392890
i 0.238240107 0.439392890
i 0.218109858 0.475614804
i 0.197979610 0.463540833
i 0.238240107 0.463540833
i 0.197979610 0.487688775
i 0.238240107 0.487688775
i 0.218109858 0.523910689
i 0.197979610 0.511836718
i 0.238240107 0.511836718
i 0.197979610 0.535984660
i 0.238240107 0.535984660
i 0.218109858 0.572206574
i 0.197979610 0.560132603
i 0.238240107 0.560132603
i 0.197979610 0.584280546
i 0.238240107 0.584280546
i 0.218109858 0.620502459
i 0.197979610 0.608428488
i 0.238240107 0.608428488
i 0.197979610 0.632576431
i 0.238240107 0.632576431
i 0.218109858 0.668798344
i 0.197979610 0.656724373
i 0.238240107 0.656724373
i 0.197979610 0.680872316
i 0.238240107 0.680872316
i 0.218109858 0.717094230
i 0.197979610 0.705020258
i 0.238240107 0.705020258
i 0.197979610 0.729168201
i 0.238240107 0.729168201
i 0.218109858 0.765390115
i 0.197979610 0.753316143
i 0.238240107 0.753316143
i 0.197979610 0.777464086
i 0.238240107 0.777464086
i 0.298630851 0.427318919
i 0.278500603 0.415244948
i 0.318761099 0.415244948
i 0.278500603 0.439392890
i 0.318761099 0.439392890
i 0.298630851 0.475614804
i 0.278500603 0.463540833
i 0.318761099 0.463540833
i 0.278500603 0.487688775
i 0.318761099 0.487688775
i 0.298630851 0.523910689
i 0.278500603 0.511836718
i 0.318761099 0.511836718
i 0.278500603 0.535984660
i 0.318761099 0.535984660
i 0.298630851 0.572206574
i 0.278500603 0.560132603
i 0.318761099 0.560132603
i 0.278500603 0.584280546
i 0.318761099 0.584280546
i 0.298630851 0.620502459
i 0.278500603 0.608428488
i 0.318761099 0.608428488
i 0.278500603 0.632576431
i 0.318761099 0.632576431
i 0.298630851 0.668798344
i 0.278500603 0.656724373
i 0.318761099 0.656724373
i 0.278500603 0.680872316
i 0.318761099 0.680872316
i 0.298630851 0.717094230
i 0.278500603 0.705020258
i 0.318761099 0.705020258
i 0.278500603 0.729168201
i 0.318761099 0.729168201
i 0.298630851 0.765390115
i 0.278500603 0.753316143
i 0.318761099 0.753316143
i 0.278500603 0.777464086
i 0.318761099 0.777464086
i 0.379151844 0.427318919
i 0.359021596 0.415244948
i 0.399282092 0.415244948
i 0.359021596 0.439392890
i 0.399282092 0.439392890
i 0.379151844 0.475614804
i 0.359021596 0.463540833
i 0.399282092 0.463540833
i 0.359021596 0.487688775
i 0.399282092 0.487688775
i 0.379151844 0.523910689
i 0.359021596 0.511836718
i 0.399282092 0.511836718
i 0.359021596 0.535984660
i 0.399282092 0.535984660
i 0.379151844 0.572206574
i 0.359021596 0.560132603
i 0.399282092 0.560132603
i 0.359021596 0.584280546
i 0.399282092 0.584280546
i 0.379151844 0.620502459
i 0.359021596 0.608428488
i 0.399282092 0.608428488
i 0.359021596 0.632576431
i 0.399282092 0.632576431
i 0.379151844 0.668798344
i 0.359021596 0.656724373
i 0.399282092 0.656724373
i 0.359021596 0.680872316
i 0.399282092 0.680872316
i 0.379151844 0.717094230
i 0.359021596 0.705020258
i 0.399282092 0.705020258
i 0.359021596 0.729168201
i 0.399282092 0.729168201
i 0.379151844 0.765390115
i 0.359021596 0.753316143
i 0.399282092 0.753316143
i 0.359021596 0.777464086
i 0.399282092 0.777464086
i 0.459672837 0.427318919
i 0.439542589 0.415244948
i 0.479803085 0.415244948
i 0.439542589 0.439392890
i 0.479803085 0.439392890
i 0.459672837 0.475614804
i 0.439542589 0.463540833
i 0.479803085 0.463540833
i 0.439542589 0.487688775
i 0.479803085 0.487688775
i 0.459672837 0.523910689
i 0.439542589 0.511836718
i 0.479803085 0.511836718
i 0.439542589 0.535984660
i 0.479803085 0.535984660
i 0.459672837 0.572206574
i 0.439542589 0.560132603
i 0.479803085 0.560132603
i 0.439542589 0.584280546
i 0.479803085 0.584280546
i 0.459672837 0.620502459
i 0.439542589 0.608428488
i 0.479803085 0.608428488
i 0.439542589 0.632576431
i 0.479803085 0.632576431
i 0.459672837 0.668798344
i 0.439542589 0.656724373
i 0.479803085 0.656724373
i 0.439542589 0.680872316
i 0.479803085 0.680872316
i 0.459672837 0.717094230
i 0.439542589 0.705020258
i 0.479803085 0.705020258
i 0.439542589 0.729168201
i 0.479803085 0.729168201
i 0.459672837 0.765390115
i 0.439542589 0.753316143
i 0.479803085 0.753316143
i 0.439542589 0.777464086
i 0.479803085 0.777464086
i 0.540193830 0.427318919
i 0.520063582 0.415244948
i 0.560324078 0.415244948
i 0.520063582 0.439392890
i 0.560324078 0.439392890
i 0.540193830 0.475614804
i 0.520063582 0.463540833
i 0.560324078 0.463540833
i 0.520063582 0.487688775
i 0.560324078 0.487688775
i 0.540193830 0.523910689
i 0.520063582 0.511836718
i 0.560324078 0.511836718
i 0.520063582 0.535984660
i 0.560324078 0.535984660
i 0.540193830 0.572206574
i 0.520063582 0.560132603
i 0.560324078 0.560132603
i 0.520063582 0.584280546
i 0.560324078 0.584280546
i 0.540193830 0.620502459
i 0.520063582 0.608428488
i 0.560324078 0.608428488
i 0.520063582 0.632576431
i 0.560324078 0.632576431
i 0.540193830 0.668798344
i 0.520063582 0.656724373
i 0.560324078 0.656724373
i 0.520063582 0.680872316
i 0.560324078 0.680872316
i 0.540193830 0.717094230
i 0.520063582 0.705020258
i 0.560324078 0.705020258
i 0.520063582 0.729168201
i 0.560324078 0.729168201
i 0.540193830 0.765390115
i 0.520063582 0.753316143
i 0.560324078 0.753316143
i 0.520063582 0.777464086
i 0.560324078 0.777464086
i 0.620714823 0.427318919
i 0.600584575 0.415244948
i 0.640845071 0.415244948
i 0.600584575 0.439392890
i 0.640845071 0.439392890
i 0.620714823 0.475614804
i 0.600584575 0.463540833
i 0.640845071 0.463540833
i 0.600584575 0.487688775
i 0.640845071 0.487688775
i 0.620714823 0.523910689
i 0.600584575 0.511836718
i 0.640845071 0.511836718
i 0.600584575 0.535984660
i 0.640845071 0.535984660
i 0.620714823 0.572206574
i 0.600584575 0.560132603
i 0.640845071 0.560132603
i 0.600584575 0.584280546
i 0.640845071 0.584280546
i 0.620714823 0.620502459
i 0.600584575 0.608428488
i 0.640845071 0.608428488
i 0.600584575 0.632576431
i 0.640845071 0.632576431
i 0.620714823 0.668798344
i 0.600584575 0.656724373
i 0.640845071 0.656724373
i 0.600584575 0.680872316
i 0.640845071 0.680872316
i 0.620714823 0.717094230
i 0.600584575 0.705020258
i 0.640845071 0.705020258
i 0.600584575 0.729168201
i 0.640845071 0.729168201
i 0.620714823 0.765390115
i 0.600584575 0.753316143
i 0.640845071 0.753316143
i 0.600584575 0.777464086
i 0.640845071 0.777464086
i 0.701235816 0.427318919
i 0.681105568 0.415244948
i 0.721366064 0.415244948
i 0.681105568 0.439392890
i 0.721366064 0.439392890
i 0.701235816 0.475614804
i 0.681105568 0.463540833
i 0.721366064 0.463540833
i 0.681105568 0.487688775
i 0.721366064 0.487688775
i 0.701235816 0.523910689
i 0.681105568 0.511836718
i 0.721366064 0.511836718
i 0.681105568 0.535984660
i 0.721366064 0.535984660
i 0.701235816 0.572206574
i 0.681105568 0.560132603
i 0.721366064 0.560132603
i 0.681105568 0.584280546
i 0.721366064 0.584280546
i 0.701235816 0.620502459
i 0.681105568 0.608428488
i 0.721366064 0.608428488
i 0.681105568 0.632576431
i 0.721366064 0.632576431
i 0.701235816 0.668798344
i 0.681105568 0.656724373
i 0.721366064 0.656724373
i 0.681105568 0.680872316
i 0.721366064 0.680872316
i 0.701235816 0.717094230
i 0.681105568 0.705020258
i 0.721366064 0.705020258
i 0.681105568 0.729168201
i 0.721366064 0.729168201
i 0.701235816 0.765390115
i 0.681105568 0.753316143
i 0.721366064 0.753316143
i 0.681105568 0.777464086
i 0.721366064 0.777464086
i 0.781756809 0.427318919
i 0.761626560 0.415244948
i 0.761626560 0.439392890
i 0.781756809 0.475614804
i 0.761626560 0.463540833
i 0.761626560 0.487688775
i 0.781756809 0.523910689
i 0.761626560 0.511836718
i 0.761626560 0.535984660
i 0.781756809 0.572206574
i 0.761626560 0.560132603
i 0.801887057 0.560132603
i 0.761626560 0.584280546
i 0.801887057 0.584280546
i 0.781756809 0.620502459
i 0.761626560 0.608428488
i 0.801887057 0.608428488
i 0.761626560 0.632576431
i 0.801887057 0.632576431
i 0.781756809 0.668798344
i 0.761626560 0.656724373
i 0.801887057 0.656724373
i 0.761626560 0.680872316
i 0.801887057 0.680872316
i 0.781756809 0.717094230
i 0.761626560 0.705020258
i 0.801887057 0.705020258
i 0.761626560 0.729168201
i 0.801887057 0.729168201
i 0.781756809 0.765390115
i 0.761626560 0.753316143
i 0.801887057 0.753316143
i 0.761626560 0.777464086
i 0.801887057 0.777464086
tris
t 165 163 164
t 165 162 163
t 165 161 162
t 165 160 161
t 165 159 160
t 165 158 159
t 165 157 158
t 165 156 157
t 165 155 156
t 165 154 155
t 165 153 154
t 165 152 153
t 165 151 152
t 165 166 167
t 165 167 168
t 165 168 169
t 165 169 170
t 165 170 171
t 165 171 172
t 165 172 173
t 165 173 174
t 165 174 175
t 165 175 176
t 165 176 177
t 165 177 178
t 165 178 179
t 165 179 180
t 165 180 181
t 165 181 182
t 165 182 183
t 165 183 184
t 165 184 185
t 165 185 186
t 165 186 187
t 165 187 188
t 165 188 189
t 165 189 190
t 165 190 191
t 165 191 192
t 165 192 193
t 165 193 194
t 165 194 195
t 165 195 0
t 165 0 1
t 165 1 2
t 165 2 3
t 165 3 4
t 165 4 5
t 165 5 6
t 165 6 7
t 165 7 8
t 165 8 9
t 165 9 10
t 165 10 11
t 165 11 12
t 165 12 13
t 165 559 151
t 165 560 559
t 165 561 560
t 165 562 561
t 165 563 562
t 165 564 563
t 165 565 564
t 165 566 565
t 165 567 566
t 165 568 567
t 165 569 568
t 165 570 569
t 165 571 570
t 165 572 571
t 165 573 572
t 165 574 573
t 165 575 574
t 165 576 575
t 165 577 576
t 165 578 577
t 165 579 578
t 165 580 579
t 165 581 580
t 165 582 581
t 165 583 582
t 165 584 583
t 165 585 584
t 165 586 585
t 165 587 586
t 165 588 587
t 165 589 588
t 165 590 589
t 165 591 590
t 165 592 591
t 165 593 592
t 165 594 593
t 165 595 594
t 165 596 595
t 165 597 596
t 165 598 597
t 165 599 598
t 165 600 599
t 165 601 600
t 165 602 601
t 165 603 602
t 165 604 603
t 165 605 604
t 165 606 605
t 165 607 606
t 165 608 607
t 165 609 608
t 165 610 609
t 165 611 610
t 165 612 611
t 165 613 612
t 165 614 613
t 165 615 614
t 165 616 615
t 165 617 616
t 165 618 617
t 165 619 618
t 165 620 619
t 165 621 620
t 165 622 621
t 165 623 622
t 165 624 623
t 165 625 624
t 165 626 625
t 165 627 626
t 165 628 627
t 165 629 628
t 165 630 629
t 165 631 630
t 165 632 631
t 165 633 632
t 165 634 633
t 165 635 634
t 165 636 635
t 165 637 636
t 165 638 637
t 165 639 638
t 165 640 639
t 165 641 640
t 165 642 641
t 165 643 642
t 165 644 643
t 165 645 644
t 165 646 645
t 165 647 646
t 165 648 647
t 165 649 648
t 165 650 649
t 165 651 650
t 165 652 651
t 165 653 652
t 165 654 653
t 165 655 654
t 165 656 655
t 165 657 656
t 165 658 657
t 165 659 658
t 165 660 659
t 165 661 660
t 165 662 661
t 165 663 662
t 165 664 663
t 165 665 664
t 165 666 665
t 165 667 666
t 165 668 667
t 165 669 668
t 165 670 669
t 165 671 670
t 165 672 671
t 165 673 672
t 165 674 673
t 165 675 674
t 165 676 675
t 165 677 676
t 165 678 677
t 165 13 678
t 151 149 150
t 151 148 149
t 151 147 148
t 151 146 147
t 151 145 146
t 151 144 145
t 151 143 144
t 151 142 143
t 151 141 142
t 151 140 141
t 151 139 140
t 151 138 139
t 13 14 15
t 13 15 16
t 13 16 17
t 13 17 18
t 13 18 19
t 13 19 20
t 13 20 21
t 13 21 22
t 13 22 23
t 13 23 24
t 13 24 25
t 13 25 26
t 13 26 27
t 151 559 138
t 559 560 138
t 560 561 138
t 561 562 138
t 562 563 138
t 563 564 138
t 564 679 138
t 564 565 679
t 565 680 679
t 565 566 680
t 566 681 680
t 566 567 681
t 567 682 681
t 567 568 682
t 568 683 682
t 568 569 683
t 569 684 683
t 569 570 684
t 570 685 684
t 570 571 685
t 571 686 685
t 571 572 686
t 572 687 686
t 572 573 687
t 573 688 687
t 573 574 688
t 574 689 688
t 574 575 689
t 575 690 689
t 575 576 690
t 576 691 690
t 576 577 691
t 577 692 691
t 577 578 692
t 578 693 692
t 578 579 693
t 579 694 693
t 579 580 694
t 580 695 694
t 580 581 695
t 581 696 695
t 581 582 696
t 582 697 696
t 582 583 697
t 583 698 697
t 583 584 698
t 584 699 698
t 584 585 699
t 585 700 699
t 585 586 700
t 586 701 700
t 586 587 701
t 587 702 701
t 587 588 702
t 588 703 702
t 588 589 703
t 589 704 703
t 589 590 704
t 590 705 704
t 590 591 705
t 591 706 705
t 591 592 706
t 592 707 706
t 592 593 707
t 593 708 707
t 593 594 708
t 594 709 708
t 594 595 709
t 595 710 709
t 595 596 710
t 596 711 710
t 596 597 711
t 597 712 711
t 597 598 712
t 598 713 712
t 598 599 713
t 599 714 713
t 599 600 714
t 600 715 714
t 600 601 715
t 601 716 715
t 601 602 716
t 602 717 716
t 602 603 717
t 603 718 717
t 603 604 718
t 604 719 718
t 604 605 719
t 605 720 719
t 605 606 720
t 606 721 720
t 606 607 721
t 607 722 721
t 607 608 722
t 608 723 722
t 608 609 723
t 609 724 723
t 609 610 724
t 610 725 724
t 610 611 725
t 611 726 725
t 611 612 726
t 612 727 726
t 612 613 727
t 613 728 727
t 613 614 728
t 614 729 728
t 614 615 729
t 615 730 729
t 615 616 730
t 616 731 730
t 616 617 731
t 617 732 731
t 617 618 732
t 618 733 732
t 618 619 733
t 619 734 733
t 619 620 734
t 620 735 734
t 620 621 735
t 621 736 735
t 621 622 736
t 622 737 736
t 622 623 737
t 623 738 737
t 623 624 738
t 624 739 738
t 624 625 739
t 625 740 739
t 625 626 740
t 626 741 740
t 626 627 741
t 627 742 741
t 627 628 742
t 628 743 742
t 628 629 743
t 629 744 743
t 629 630 744
t 630 745 744
t 630 631 745
t 631 746 745
t 631 632 746
t 632 747 746
t 632 633 747
t 633 748 747
t 633 634 748
t 634 749 748
t 634 635 749
t 635 750 749
t 635 636 750
t 636 751 750
t 636 637 751
t 637 752 751
t 637 638 752
t 638 753 752
t 638 639 753
t 639 754 753
t 639 640 754
t 640 755 754
t 640 641 755
t 641 756 755
t 641 642 756
t 642 757 756
t 642 643 757
t 643 758 757
t 643 644 758
t 644 759 758
t 644 645 759
t 645 760 759
t 645 646 760
t 646 761 760
t 646 647 761
t 647 762 761
t 647 648 762
t 648 763 762
t 648 649 763
t 649 764 763
t 649 650 764
t 650 765 764
t 650 651 765
t 651 766 765
t 651 652 766
t 652 767 766
t 652 653 767
t 653 768 767
t 653 654 768
t 654 769 768
t 654 655 769
t 655 770 769
t 655 656 770
t 656 771 770
t 656 657 771
t 657 772 771
t 657 658 772
t 658 773 772
t 658 659 773
t 659 774 773
t 659 660 774
t 660 775 774
t 660 661 775
t 661 776 775
t 661 662 776
t 662 777 776
t 662 663 777
t 663 778 777
t 663 664 778
t 664 779 778
t 664 665 779
t 665 780 779
t 665 666 780
t 666 781 780
t 666 667 781
t 667 782 781
t 667 668 782
t 668 783 782
t 668 669 783
t 669 784 783
t 669 670 784
t 670 785 784
t 670 671 785
t 671 786 785
t 671 672 786
t 672 787 786
t 672 673 787
t 673 788 787
t 673 674 788
t 674 789 788
t 674 675 789
t 675 790 789
t 675 676 790
t 676 791 790
t 676 677 791
t 677 792 791
t 677 678 792
t 678 793 792
t 678 13 793
t 13 794 793
t 13 795 794
t 13 796 795
t 13 797 796
t 13 798 797
t 13 799 798
t 13 800 799
t 13 801 800
t 13 802 801
t 13 803 802
t 13 804 803
t 13 805 804
t 13 806 805
t 13 807 806
t 13 808 807
t 13 27 808
t 138 136 137
t 138 135 136
t 138 134 135
t 138 133 134
t 138 132 133
t 138 131 132
t 138 130 131
t 138 129 130
t 138 128 129
t 138 127 128
t 138 126 127
t 138 125 126
t 138 124 125
t 27 28 29
t 27 29 30
t 27 30 31
t 27 31 32
t 27 32 33
t 27 33 34
t 27 34 35
t 27 35 36
t 27 36 37
t 27 37 38
t 27 38 39
t 27 39 40
t 27 40 41
t 138 809 124
t 138 810 809
t 138 811 810
t 138 812 811
t 138 813 812
t 138 814 813
t 138 815 814
t 138 816 815
t 138 817 816
t 138 818 817
t 138 819 818
t 138 820 819
t 138 821 820
t 138 822 821
t 138 679 822
t 679 823 822
t 679 680 823
t 680 824 823
t 680 681 824
t 681 825 824
t 681 682 825
t 682 826 825
t 682 683 826
t 683 827 826
t 683 684 827
t 684 828 827
t 684 685 828
t 685 829 828
t 685 686 829
t 686 830 829
t 686 687 830
t 687 831 830
t 687 688 831
t 688 832 831
t 688 689 832
t 689 833 832
t 689 690 833
t 690 834 833
t 690 691 834
t 691 835 834
t 691 692 835
t 692 836 835
t 692 693 836
t 693 837 836
t 693 694 837
t 694 838 837
t 694 695 838
t 695 839 838
t 695 696 839
t 696 840 839
t 696 697 840
t 697 841 840
t 697 698 841
t 698 842 841
t 698 699 842
t 699 843 842
t 699 700 843
t 700 844 843
t 700 701 844
t 701 845 844
t 701 702 845
t 702 846 845
t 702 703 846
t 703 847 846
t 703 704 847
t 704 848 847
t 704 705 848
t 705 849 848
t 705 706 849
t 706 850 849
t 706 707 850
t 707 851 850
t 707 708 851
t 708 852 851
t 708 709 852
t 709 853 852
t 709 710 853
t 710 854 853
t 710 711 854
t 711 855 854
t 711 712 855
t 712 856 855
t 712 713 856
t 713 857 856
t 713 714 857
t 714 858 857
t 714 715 858
t 715 859 858
t 715 716 859
t 716 860 859
t 716 717 860
t 717 861 860
t 717 718 861
t 718 862 861
t 718 719 862
t 719 863 862
t 719 720 863
t 720 864 863
t 720 721 864
t 721 865 864
t 721 722 865
t 722 866 865
t 722 723 866
t 723 867 866
t 723 724 867
t 724 868 867
t 724 725 868
t 725 869 868
t 725 726 869
t 726 870 869
t 726 727 870
t 727 871 870
t 727 728 871
t 728 872 871
t 728 729 872
t 729 873 872
t 729 730 873
t 730 874 873
t 730 731 874
t 731 875 874
t 731 732 875
t 732 876 875
t 732 733 876
t 733 877 876
t 733 734 877
t 734 878 877
t 734 735 878
t 735 879 878
t 735 736 879
t 736 880 879
t 736 737 880
t 737 881 880
t 737 738 881
t 738 882 881
t 738 739 882
t 739 883 882
t 739 740 883
t 740 884 883
t 740 741 884
t 741 885 884
t 741 742 885
t 742 886 885
t 742 743 886
t 743 887 886
t 743 744 887
t 744 888 887
t 744 745 888
t 745 889 888
t 745 746 889
t 746 890 889
t 746 747 890
t 747 891 890
t 747 748 891
t 748 892 891
t 748 749 892
t 749 893 892
t 749 750 893
t 750 894 893
t 750 751 894
t 751 895 894
t 751 752 895
t 752 896 895
t 752 753 896
t 753 897 896
t 753 754 897
t 754 898 897
t 754 755 898
t 755 899 898
t 755 756 899
t 756 900 899
t 756 757 900
t 757 901 900
t 757 758 901
t 758 902 901
t 758 759 902
t 759 903 902
t 759 760 903
t 760 904 903
t 760 761 904
t 761 905 904
t 761 762 905
t 762 906 905
t 762 763 906
t 763 907 906
t 763 764 907
t 764 908 907
t 764 765 908
t 765 909 908
t 765 766 909
t 766 910 909
t 766 767 910
t 767 911 910
t 767 768 911
t 768 912 911
t 768 769 912
t 769 913 912
t 769 770 913
t 770 914 913
t 770 771 914
t 771 915 914
t 771 772 915
t 772 916 915
t 772 773 916
t 773 917 916
t 773 774 917
t 774 918 917
t 774 775 918
t 775 919 918
t 775 776 919
t 776 920 919
t 776 777 920
t 777 921 920
t 777 778 921
t 778 922 921
t 778 779 922
t 779 923 922
t 779 780 923
t 780 924 923
t 780 781 924
t 781 925 924
t 781 782 925
t 782 926 925
t 782 783 926
t 783 927 926
t 783 784 927
t 784 928 927
t 784 785 928
t 785 929 928
t 785 786 929
t 786 930 929
t 786 787 930
t 787 931 930
t 787 788 931
t 788 932 931
t 788 789 932
t 789 933 932
t 789 790 933
t 790 934 933
t 790 791 934
t 791 935 934
t 791 792 935
t 792 936 935
t 792 793 936
t 793 937 936
t 793 794 937
t 794 938 937
t 794 795 938
t 795 939 938
t 795 796 939
t 796 940 939
t 796 797 940
t 797 941 940
t 797 798 941
t 798 942 941
t 798 799 942
t 799 943 942
t 799 800 943
t 800 944 943
t 800 801 944
t 801 945 944
t 801 802 945
t 802 946 945
t 802 803 946
t 803 947 946
t 803 804 947
t 804 948 947
t 804 805 948
t 805 949 948
t 805 806 949
t 806 950 949
t 806 807 950
t 807 951 950
t 807 808 951
t 808 952 951
t 808 27 952
t 27 953 952
t 27 954 953
t 27 955 954
t 27 956 955
t 27 957 956
t 27 958 957
t 27 959 958
t 27 960 959
t 27 961 960
t 27 962 961
t 27 963 962
t 27 964 963
t 27 965 964
t 27 966 965
t 27 967 966
t 27 41 967
t 124 122 123
t 124 121 122
t 124 120 121
t 124 119 120
t 124 118 119
t 124 117 118
t 124 116 117
t 124 115 116
t 124 114 115
t 124 113 114
t 124 112 113
t 124 111 112
t 124 110 111
t 124 109 110
t 124 108 109
t 124 107 108
t 124 106 107
t 124 105 106
t 124 104 105
t 124 103 104
t 124 102 103
t 124 101 102
t 124 100 101
t 124 99 100
t 124 98 99
t 124 97 98
t 124 96 97
t 124 95 96
t 124 94 95
t 124 93 94
t 124 92 93
t 124 91 92
t 124 90 91
t 124 89 90
t 124 88 89
t 124 87 88
t 124 86 87
t 124 85 86
t 124 84 85
t 124 83 84
t 124 82 83
t 124 81 82
t 124 80 81
t 124 79 80
t 124 78 79
t 124 77 78
t 124 76 77
t 124 75 76
t 124 74 75
t 124 73 74
t 124 72 73
t 124 71 72
t 124 70 71
t 124 69 70
t 124 68 69
t 124 67 68
t 124 66 67
t 124 65 66
t 124 64 65
t 124 63 64
t 124 62 63
t 124 61 62
t 124 60 61
t 124 59 60
t 124 58 59
t 124 57 58
t 124 56 57
t 124 55 56
t 41 42 43
t 41 43 44
t 41 44 45
t 41 45 46
t 41 46 47
t 41 47 48
t 41 48 49
t 41 49 50
t 41 50 51
t 41 51 52
t 41 52 53
t 41 53 54
t 41 54 55
t 124 809 55
t 809 810 55
t 810 811 55
t 811 812 55
t 812 813 55
t 813 814 55
t 814 815 55
t 815 816 55
t 816 817 55
t 817 818 55
t 818 819 55
t 819 820 55
t 820 821 55
t 821 822 55
t 822 823 55
t 823 824 55
t 824 825 55
t 825 826 55
t 826 827 55
t 827 828 55
t 828 829 55
t 829 830 55
t 830 831 55
t 831 832 55
t 832 833 55
t 833 834 55
t 834 835 55
t 835 836 55
t 836 837 55
t 837 838 55
t 838 839 55
t 839 840 55
t 840 841 55
t 841 842 55
t 842 843 55
t 843 844 55
t 844 845 55
t 845 846 55
t 846 847 55
t 847 848 55
t 848 849 55
t 849 850 55
t 850 851 55
t 851 852 55
t 852 853 55
t 853 854 55
t 854 855 55
t 855 856 55
t 856 857 55
t 857 858 55
t 858 859 55
t 859 860 55
t 860 861 55
t 861 862 55
t 862 863 55
t 863 864 55
t 864 865 55
t 865 866 55
t 866 867 55
t 867 868 55
t 868 869 55
t 869 870 55
t 870 871 55
t 871 872 55
t 872 873 55
t 873 874 55
t 874 875 55
t 875 876 55
t 876 877 55
t 877 878 55
t 878 879 55
t 879 880 55
t 880 881 55
t 881 882 55
t 882 883 55
t 883 884 55
t 884 885 55
t 885 886 55
t 886 887 55
t 887 888 55
t 888 889 55
t 889 890 55
t 890 891 55
t 891 892 55
t 892 893 55
t 893 894 55
t 894 895 55
t 895 896 55
t 896 897 55
t 897 898 55
t 898 899 55
t 899 900 55
t 900 901 55
t 901 902 55
t 902 903 55
t 903 904 55
t 904 905 55
t 905 906 55
t 906 907 55
t 907 908 55
t 908 909 55
t 909 910 55
t 910 911 55
t 911 912 55
t 912 913 55
t 913 914 55
t 914 915 55
t 915 916 55
t 916 917 55
t 917 918 55
t 918 919 55
t 919 920 55
t 920 921 55
t 921 922 55
t 922 923 55
t 923 924 55
t 924 925 55
t 925 926 55
t 926 927 55
t 927 928 55
t 928 929 55
t 929 930 55
t 930 931 55
t 931 932 55
t 932 933 55
t 933 934 55
t 934 935 55
t 935 936 55
t 936 937 55
t 937 938 55
t 938 939 55
t 939 940 55
t 940 941 55
t 941 942 55
t 942 943 55
t 943 944 55
t 944 945 55
t 945 946 55
t 946 947 55
t 947 948 55
t 948 949 55
t 949 950 55
t 950 951 55
t 951 952 55
t 952 953 55
t 953 954 55
t 954 955 55
t 955 956 55
t 956 957 55
t 957 958 55
t 958 959 55
t 959 960 55
t 960 961 55
t 961 962 55
t 962 963 55
t 963 964 55
t 964 965 55
t 965 966 55
t 966 967 55
t 967 41 55
