type=Nurbs forward=false n_boundary=196 n_holes=0 n_interior=117 n_tris=1472 label=brep62542_f225_Nurbs(deg=3/3, cps=4x13)
boundary
b 0.617256740 1.000001394
b 0.606800653 1.000010746
b 0.596362751 1.000025524
b 0.585941210 1.000043574
b 0.575534234 1.000063066
b 0.565140052 1.000082454
b 0.554756910 1.000100430
b 0.544383065 1.000115897
b 0.534016779 1.000127933
b 0.523656316 1.000135771
b 0.513299931 1.000138774
b 0.502945867 1.000136418
b 0.492592352 1.000128271
b 0.482237587 1.000113992
b 0.471879755 1.000094196
b 0.461517063 1.000071093
b 0.451147740 1.000046798
b 0.440770033 1.000023157
b 0.430382201 1.000001780
b 0.419982511 0.999984067
b 0.409569228 0.999971240
b 0.399140613 0.999964358
b 0.388694915 0.999964341
b 0.378230366 0.999971988
b 0.367745173 0.999987990
b 0.357237514 1.000012945
b 0.346705529 1.000047368
b 0.336147315 1.000091589
b 0.325560905 1.000143357
b 0.314944300 1.000198178
b 0.304295503 1.000251917
b 0.293612515 1.000300863
b 0.282893326 1.000341681
b 0.272135915 1.000371375
b 0.261338235 1.000387254
b 0.250498213 1.000386897
b 0.239613742 1.000368124
b 0.228682670 1.000328973
b 0.217702796 1.000267678
b 0.206671861 1.000182643
b 0.195587539 1.000072428
b 0.184447448 0.999936709
b 0.173249298 0.999783512
b 0.161990866 0.999624393
b 0.150669922 0.999469995
b 0.139284228 0.999330095
b 0.127831527 0.999213687
b 0.116309535 0.999129052
b 0.104715929 0.999083824
b 0.093048333 0.999085050
b 0.081304309 0.999139243
b 0.069481334 0.999252436
b 0.057576787 0.999430221
b 0.045587929 0.999677796
b 0.033511881 1.000000000
b 0.033502278 0.981824346
b 0.033483255 0.963721842
b 0.033466070 0.945662127
b 0.033457635 0.927614210
b 0.033460535 0.909546656
b 0.033473015 0.891427770
b 0.033491536 0.873227245
b 0.033514313 0.854917815
b 0.033537252 0.836480708
b 0.033556019 0.817919170
b 0.033567348 0.799239730
b 0.033568968 0.780448498
b 0.033559703 0.761551285
b 0.033542173 0.742556180
b 0.033522544 0.723472529
b 0.033508485 0.704308652
b 0.033503893 0.685071897
b 0.033504806 0.665769437
b 0.033507463 0.646408577
b 0.033509241 0.626996877
b 0.033509160 0.607544458
b 0.033508127 0.588063138
b 0.033508742 0.568564573
b 0.033515089 0.549060148
b 0.033527052 0.529562474
b 0.033539250 0.510086383
b 0.033547787 0.490647516
b 0.033550026 0.471262545
b 0.033544616 0.451949198
b 0.033532488 0.432725659
b 0.033516987 0.413610374
b 0.033503651 0.394621379
b 0.033495212 0.375768241
b 0.033491062 0.357053946
b 0.033490555 0.338481505
b 0.033492592 0.320053270
b 0.033496281 0.301772060
b 0.033501212 0.283641398
b 0.033507576 0.265665446
b 0.033516006 0.247848756
b 0.033525225 0.230194601
b 0.033532986 0.212705906
b 0.033537711 0.195384832
b 0.033538338 0.178233314
b 0.033534251 0.161254108
b 0.033525405 0.144450752
b 0.033512459 0.127827489
b 0.033497173 0.111386824
b 0.033483220 0.095117107
b 0.033474402 0.078999606
b 0.033473400 0.063013861
b 0.033480322 0.047139880
b 0.033492718 0.031358381
b 0.033505670 0.015650916
b 0.033511881 -0.000000000
b 0.066600039 0.000000000
b 0.099049080 0.000000000
b 0.130917856 0.000000000
b 0.162261666 0.000000000
b 0.193132676 0.000000000
b 0.223580290 0.000000000
b 0.253651492 0.000000000
b 0.283391155 0.000000000
b 0.312842326 0.000000000
b 0.342046484 0.000000000
b 0.371043787 0.000000000
b 0.399873297 0.000000000
b 0.428573195 0.000000000
b 0.457180988 0.000000000
b 0.485733710 0.000000000
b 0.514268105 0.000000000
b 0.542820829 0.000000000
b 0.571428627 0.000000000
b 0.600128532 0.000000000
b 0.628958051 0.000000000
b 0.657955366 0.000000000
b 0.687159539 0.000000000
b 0.716610727 0.000000000
b 0.746350410 0.000000000
b 0.776421634 0.000000000
b 0.806869273 0.000000000
b 0.837740312 0.000000000
b 0.869084154 0.000000000
b 0.900952965 0.000000000
b 0.933402044 0.000000000
b 0.966490245 0.000000000
b 0.958972310 0.025234841
b 0.951209618 0.049642233
b 0.943245834 0.073320355
b 0.935119414 0.096347912
b 0.926864439 0.118789044
b 0.918509306 0.140711257
b 0.910078597 0.162177244
b 0.901594906 0.183236496
b 0.893079412 0.203922372
b 0.884552683 0.224248007
b 0.876034256 0.244222331
b 0.867541475 0.263862265
b 0.859090850 0.283183254
b 0.850698487 0.302196398
b 0.842380116 0.320908735
b 0.834151067 0.339323607
b 0.826021924 0.357449456
b 0.817995000 0.375308113
b 0.810070843 0.392925536
b 0.802249499 0.410327929
b 0.794530694 0.427540546
b 0.786913829 0.444587679
b 0.779397988 0.461492657
b 0.771982003 0.478277714
b 0.764666675 0.494960127
b 0.757455440 0.511551648
b 0.750353112 0.528061809
b 0.743364893 0.544500305
b 0.736495566 0.560878368
b 0.729749479 0.577208777
b 0.723130533 0.593505912
b 0.716642308 0.609785662
b 0.710290203 0.626062797
b 0.704081017 0.642351998
b 0.698022712 0.658664533
b 0.692126565 0.675000572
b 0.686403830 0.691362344
b 0.680865165 0.707756708
b 0.675520619 0.724195644
b 0.670379913 0.740696022
b 0.665454783 0.757273311
b 0.660757872 0.773945797
b 0.656302271 0.790729695
b 0.652103970 0.807613204
b 0.648179347 0.824583005
b 0.644544462 0.841632985
b 0.641215121 0.858765487
b 0.638207413 0.875991673
b 0.635539899 0.893328725
b 0.633232052 0.910797705
b 0.631302103 0.928395245
b 0.629768120 0.946112670
b 0.628648747 0.963947912
b 0.627963462 0.981906133
b 0.627732875 1.000000000
interior
i 0.150086711 0.125048407
i 0.266715787 0.125048407
i 0.383344864 0.125048407
i 0.499973940 0.125048407
i 0.616603016 0.125048407
i 0.733232092 0.125048407
i 0.849861168 0.125048407
i 0.150086711 0.250096814
i 0.266715787 0.250096814
i 0.383344864 0.250096814
i 0.499973940 0.250096814
i 0.616603016 0.250096814
i 0.733232092 0.250096814
i 0.849861168 0.250096814
i 0.150086711 0.375145220
i 0.266715787 0.375145220
i 0.383344864 0.375145220
i 0.499973940 0.375145220
i 0.616603016 0.375145220
i 0.733232092 0.375145220
i 0.150086711 0.500193627
i 0.266715787 0.500193627
i 0.383344864 0.500193627
i 0.499973940 0.500193627
i 0.616603016 0.500193627
i 0.733232092 0.500193627
i 0.150086711 0.625242034
i 0.266715787 0.625242034
i 0.383344864 0.625242034
i 0.499973940 0.625242034
i 0.616603016 0.625242034
i 0.150086711 0.750290441
i 0.266715787 0.750290441
i 0.383344864 0.750290441
i 0.499973940 0.750290441
i 0.616603016 0.750290441
i 0.150086711 0.875338848
i 0.266715787 0.875338848
i 0.383344864 0.875338848
i 0.499973940 0.875338848
i 0.616603016 0.875338848
i 0.091772173 0.062524203
i 0.091772173 0.187572610
i 0.091772173 0.312621017
i 0.091772173 0.437669424
i 0.091772173 0.562717831
i 0.091772173 0.687766237
i 0.091772173 0.812814644
i 0.091772173 0.937863051
i 0.208401249 0.062524203
i 0.208401249 0.187572610
i 0.208401249 0.312621017
i 0.208401249 0.437669424
i 0.208401249 0.562717831
i 0.208401249 0.687766237
i 0.208401249 0.812814644
i 0.208401249 0.937863051
i 0.325030326 0.062524203
i 0.325030326 0.187572610
i 0.325030326 0.312621017
i 0.325030326 0.437669424
i 0.325030326 0.562717831
i 0.325030326 0.687766237
i 0.325030326 0.812814644
i 0.325030326 0.937863051
i 0.441659402 0.062524203
i 0.441659402 0.187572610
i 0.441659402 0.312621017
i 0.441659402 0.437669424
i 0.441659402 0.562717831
i 0.441659402 0.687766237
i 0.441659402 0.812814644
i 0.441659402 0.937863051
i 0.558288478 0.062524203
i 0.558288478 0.187572610
i 0.558288478 0.312621017
i 0.558288478 0.437669424
i 0.558288478 0.562717831
i 0.558288478 0.687766237
i 0.558288478 0.812814644
i 0.558288478 0.937863051
i 0.529131209 0.906600949
i 0.587445747 0.906600949
i 0.529131209 0.969125153
i 0.587445747 0.969125153
i 0.674917554 0.062524203
i 0.645760285 0.031262102
i 0.704074823 0.031262102
i 0.645760285 0.093786305
i 0.704074823 0.093786305
i 0.674917554 0.187572610
i 0.645760285 0.156310508
i 0.704074823 0.156310508
i 0.645760285 0.218834712
i 0.704074823 0.218834712
i 0.674917554 0.312621017
i 0.674917554 0.437669424
i 0.674917554 0.562717831
i 0.674917554 0.687766237
i 0.645760285 0.656504136
i 0.645760285 0.719028339
i 0.791546630 0.062524203
i 0.762389361 0.031262102
i 0.820703899 0.031262102
i 0.762389361 0.093786305
i 0.820703899 0.093786305
i 0.791546630 0.187572610
i 0.762389361 0.156310508
i 0.820703899 0.156310508
i 0.762389361 0.218834712
i 0.820703899 0.218834712
i 0.791546630 0.312621017
i 0.791546630 0.437669424
i 0.908175707 0.062524203
i 0.879018438 0.031262102
i 0.937332976 0.031262102
i 0.879018438 0.093786305
tris
t 109 110 313
t 110 111 313
t 111 112 313
t 112 329 313
t 112 330 329
t 112 113 330
t 113 331 330
t 113 332 331
t 113 333 332
t 113 114 333
t 114 334 333
t 114 335 334
t 114 336 335
t 114 337 336
t 114 115 337
t 115 338 337
t 115 339 338
t 115 340 339
t 115 341 340
t 115 116 341
t 116 342 341
t 116 343 342
t 116 344 343
t 116 345 344
t 116 117 345
t 117 346 345
t 117 347 346
t 117 348 347
t 117 118 348
t 118 349 348
t 118 350 349
t 118 351 350
t 118 352 351
t 118 119 352
t 119 353 352
t 119 354 353
t 119 355 354
t 119 356 355
t 119 120 356
t 120 357 356
t 120 358 357
t 120 359 358
t 120 360 359
t 120 121 360
t 121 361 360
t 121 362 361
t 121 363 362
t 121 122 363
t 122 364 363
t 122 365 364
t 122 366 365
t 122 367 366
t 122 123 367
t 123 368 367
t 123 369 368
t 123 370 369
t 123 371 370
t 123 124 371
t 124 372 371
t 124 373 372
t 124 374 373
t 124 375 374
t 124 125 375
t 125 376 375
t 125 377 376
t 125 378 377
t 125 126 378
t 126 379 378
t 126 380 379
t 126 381 380
t 126 382 381
t 126 127 382
t 127 383 382
t 127 384 383
t 127 385 384
t 127 386 385
t 127 128 386
t 128 387 386
t 128 388 387
t 128 389 388
t 128 390 389
t 128 391 390
t 128 392 391
t 128 129 392
t 129 393 392
t 129 394 393
t 129 395 394
t 129 396 395
t 129 397 396
t 129 398 397
t 129 399 398
t 129 400 399
t 129 401 400
t 129 402 401
t 129 403 402
t 129 130 403
t 130 404 403
t 130 405 404
t 130 406 405
t 130 407 406
t 130 408 407
t 130 409 408
t 130 410 409
t 130 131 410
t 131 411 410
t 131 412 411
t 131 413 412
t 131 414 413
t 131 415 414
t 131 132 415
t 132 416 415
t 132 417 416
t 132 418 417
t 132 419 418
t 132 420 419
t 132 421 420
t 132 133 421
t 133 422 421
t 133 423 422
t 133 424 423
t 133 425 424
t 133 426 425
t 133 134 426
t 134 427 426
t 134 428 427
t 134 429 428
t 134 430 429
t 134 431 430
t 134 135 431
t 135 432 431
t 135 433 432
t 135 434 433
t 135 435 434
t 135 436 435
t 135 136 436
t 136 437 436
t 136 438 437
t 136 439 438
t 136 314 439
t 136 137 314
t 137 138 314
t 138 139 314
t 139 140 314
t 109 313 108
t 108 313 107
t 107 313 106
t 106 313 105
t 105 313 104
t 104 313 103
t 103 313 102
t 102 313 315
t 140 141 314
t 141 142 314
t 142 143 314
t 143 144 314
t 144 145 314
t 145 316 314
t 313 329 315
t 329 440 315
t 329 330 440
t 330 441 440
t 330 331 441
t 331 442 441
t 331 332 442
t 332 443 442
t 332 333 443
t 333 444 443
t 333 334 444
t 334 445 444
t 334 335 445
t 335 446 445
t 335 336 446
t 336 447 446
t 336 337 447
t 337 448 447
t 337 338 448
t 338 449 448
t 338 339 449
t 339 450 449
t 339 340 450
t 340 451 450
t 340 341 451
t 341 452 451
t 341 342 452
t 342 453 452
t 342 343 453
t 343 454 453
t 343 344 454
t 344 455 454
t 344 345 455
t 345 456 455
t 345 346 456
t 346 457 456
t 346 347 457
t 347 458 457
t 347 348 458
t 348 459 458
t 348 349 459
t 349 460 459
t 349 350 460
t 350 461 460
t 350 351 461
t 351 462 461
t 351 352 462
t 352 463 462
t 352 353 463
t 353 464 463
t 353 354 464
t 354 465 464
t 354 355 465
t 355 466 465
t 355 356 466
t 356 467 466
t 356 357 467
t 357 468 467
t 357 358 468
t 358 469 468
t 358 359 469
t 359 470 469
t 359 360 470
t 360 471 470
t 360 361 471
t 361 472 471
t 361 362 472
t 362 473 472
t 362 363 473
t 363 474 473
t 363 364 474
t 364 475 474
t 364 365 475
t 365 476 475
t 365 366 476
t 366 477 476
t 366 367 477
t 367 478 477
t 367 368 478
t 368 479 478
t 368 369 479
t 369 480 479
t 369 370 480
t 370 481 480
t 370 371 481
t 371 482 481
t 371 372 482
t 372 483 482
t 372 373 483
t 373 484 483
t 373 374 484
t 374 485 484
t 374 375 485
t 375 486 485
t 375 376 486
t 376 487 486
t 376 377 487
t 377 488 487
t 377 378 488
t 378 489 488
t 378 379 489
t 379 490 489
t 379 380 490
t 380 491 490
t 380 381 491
t 381 492 491
t 381 382 492
t 382 493 492
t 382 383 493
t 383 494 493
t 383 384 494
t 384 495 494
t 384 385 495
t 385 496 495
t 385 386 496
t 386 497 496
t 386 387 497
t 387 498 497
t 387 388 498
t 388 499 498
t 388 389 499
t 389 500 499
t 389 390 500
t 390 501 500
t 390 391 501
t 391 502 501
t 391 392 502
t 392 503 502
t 392 393 503
t 393 504 503
t 393 394 504
t 394 505 504
t 394 395 505
t 395 506 505
t 395 396 506
t 396 507 506
t 396 397 507
t 397 508 507
t 397 398 508
t 398 509 508
t 398 399 509
t 399 510 509
t 399 400 510
t 400 511 510
t 400 401 511
t 401 512 511
t 401 402 512
t 402 513 512
t 402 403 513
t 403 514 513
t 403 404 514
t 404 515 514
t 404 405 515
t 405 516 515
t 405 406 516
t 406 517 516
t 406 407 517
t 407 518 517
t 407 408 518
t 408 519 518
t 408 409 519
t 409 520 519
t 409 410 520
t 410 521 520
t 410 411 521
t 411 522 521
t 411 412 522
t 412 523 522
t 412 413 523
t 413 524 523
t 413 414 524
t 414 525 524
t 414 415 525
t 415 526 525
t 415 416 526
t 416 527 526
t 416 417 527
t 417 528 527
t 417 418 528
t 418 529 528
t 418 419 529
t 419 530 529
t 419 420 530
t 420 531 530
t 420 421 531
t 421 532 531
t 421 422 532
t 422 533 532
t 422 423 533
t 423 534 533
t 423 424 534
t 424 535 534
t 424 425 535
t 425 536 535
t 425 426 536
t 426 537 536
t 426 427 537
t 427 538 537
t 427 428 538
t 428 539 538
t 428 429 539
t 429 540 539
t 429 430 540
t 430 541 540
t 430 431 541
t 431 542 541
t 431 432 542
t 432 543 542
t 432 433 543
t 433 544 543
t 433 316 544
t 433 434 316
t 434 435 316
t 435 436 316
t 436 437 316
t 437 438 316
t 438 439 316
t 439 314 316
t 102 315 101
t 101 315 100
t 100 315 99
t 99 315 98
t 98 315 97
t 97 315 96
t 96 315 95
t 95 315 94
t 94 315 317
t 145 146 316
t 146 147 316
t 147 148 316
t 148 149 316
t 149 150 316
t 150 151 316
t 151 318 316
t 315 440 317
t 440 545 317
t 440 441 545
t 441 546 545
t 441 442 546
t 442 547 546
t 442 443 547
t 443 548 547
t 443 444 548
t 444 549 548
t 444 445 549
t 445 550 549
t 445 446 550
t 446 551 550
t 446 447 551
t 447 552 551
t 447 448 552
t 448 553 552
t 448 449 553
t 449 554 553
t 449 450 554
t 450 555 554
t 450 451 555
t 451 556 555
t 451 452 556
t 452 557 556
t 452 453 557
t 453 558 557
t 453 454 558
t 454 559 558
t 454 455 559
t 455 560 559
t 455 456 560
t 456 561 560
t 456 457 561
t 457 562 561
t 457 458 562
t 458 563 562
t 458 459 563
t 459 564 563
t 459 460 564
t 460 565 564
t 460 461 565
t 461 566 565
t 461 462 566
t 462 567 566
t 462 463 567
t 463 568 567
t 463 464 568
t 464 569 568
t 464 465 569
t 465 570 569
t 465 466 570
t 466 571 570
t 466 467 571
t 467 572 571
t 467 468 572
t 468 573 572
t 468 469 573
t 469 574 573
t 469 470 574
t 470 575 574
t 470 471 575
t 471 576 575
t 471 472 576
t 472 577 576
t 472 473 577
t 473 578 577
t 473 474 578
t 474 579 578
t 474 475 579
t 475 580 579
t 475 476 580
t 476 581 580
t 476 477 581
t 477 582 581
t 477 478 582
t 478 583 582
t 478 479 583
t 479 584 583
t 479 480 584
t 480 585 584
t 480 481 585
t 481 586 585
t 481 482 586
t 482 587 586
t 482 483 587
t 483 588 587
t 483 484 588
t 484 589 588
t 484 485 589
t 485 590 589
t 485 486 590
t 486 591 590
t 486 487 591
t 487 592 591
t 487 488 592
t 488 593 592
t 488 489 593
t 489 594 593
t 489 490 594
t 490 595 594
t 490 491 595
t 491 596 595
t 491 492 596
t 492 597 596
t 492 493 597
t 493 598 597
t 493 494 598
t 494 599 598
t 494 495 599
t 495 600 599
t 495 496 600
t 496 601 600
t 496 497 601
t 497 602 601
t 497 498 602
t 498 603 602
t 498 499 603
t 499 604 603
t 499 500 604
t 500 605 604
t 500 501 605
t 501 606 605
t 501 502 606
t 502 607 606
t 502 503 607
t 503 608 607
t 503 504 608
t 504 609 608
t 504 505 609
t 505 610 609
t 505 506 610
t 506 611 610
t 506 507 611
t 507 612 611
t 507 508 612
t 508 613 612
t 508 509 613
t 509 614 613
t 509 510 614
t 510 615 614
t 510 511 615
t 511 616 615
t 511 512 616
t 512 617 616
t 512 513 617
t 513 618 617
t 513 514 618
t 514 619 618
t 514 515 619
t 515 620 619
t 515 516 620
t 516 621 620
t 516 517 621
t 517 622 621
t 517 518 622
t 518 623 622
t 518 519 623
t 519 624 623
t 519 520 624
t 520 625 624
t 520 521 625
t 521 626 625
t 521 522 626
t 522 627 626
t 522 523 627
t 523 628 627
t 523 524 628
t 524 629 628
t 524 525 629
t 525 630 629
t 525 526 630
t 526 631 630
t 526 527 631
t 527 632 631
t 527 528 632
t 528 633 632
t 528 529 633
t 529 634 633
t 529 530 634
t 530 635 634
t 530 531 635
t 531 636 635
t 531 532 636
t 532 637 636
t 532 533 637
t 533 638 637
t 533 534 638
t 534 639 638
t 534 535 639
t 535 640 639
t 535 536 640
t 536 641 640
t 536 318 641
t 536 537 318
t 537 538 318
t 538 539 318
t 539 540 318
t 540 541 318
t 541 542 318
t 542 543 318
t 543 544 318
t 544 316 318
t 94 317 93
t 93 317 92
t 92 317 91
t 91 317 90
t 90 317 89
t 89 317 88
t 88 317 319
t 151 152 318
t 152 153 318
t 153 154 318
t 154 155 318
t 155 156 318
t 156 157 318
t 157 158 318
t 158 320 318
t 317 545 319
t 545 642 319
t 545 546 642
t 546 643 642
t 546 547 643
t 547 644 643
t 547 548 644
t 548 645 644
t 548 549 645
t 549 646 645
t 549 550 646
t 550 647 646
t 550 551 647
t 551 648 647
t 551 552 648
t 552 649 648
t 552 553 649
t 553 650 649
t 553 554 650
t 554 651 650
t 554 555 651
t 555 652 651
t 555 556 652
t 556 653 652
t 556 557 653
t 557 654 653
t 557 558 654
t 558 655 654
t 558 559 655
t 559 656 655
t 559 560 656
t 560 657 656
t 560 561 657
t 561 658 657
t 561 562 658
t 562 659 658
t 562 563 659
t 563 660 659
t 563 564 660
t 564 661 660
t 564 565 661
t 565 662 661
t 565 566 662
t 566 663 662
t 566 567 663
t 567 664 663
t 567 568 664
t 568 665 664
t 568 569 665
t 569 666 665
t 569 570 666
t 570 667 666
t 570 571 667
t 571 668 667
t 571 572 668
t 572 669 668
t 572 573 669
t 573 670 669
t 573 574 670
t 574 671 670
t 574 575 671
t 575 672 671
t 575 576 672
t 576 673 672
t 576 577 673
t 577 674 673
t 577 578 674
t 578 675 674
t 578 579 675
t 579 676 675
t 579 580 676
t 580 677 676
t 580 581 677
t 581 678 677
t 581 582 678
t 582 679 678
t 582 583 679
t 583 680 679
t 583 584 680
t 584 681 680
t 584 585 681
t 585 682 681
t 585 586 682
t 586 683 682
t 586 587 683
t 587 684 683
t 587 588 684
t 588 685 684
t 588 589 685
t 589 686 685
t 589 590 686
t 590 687 686
t 590 591 687
t 591 688 687
t 591 592 688
t 592 689 688
t 592 593 689
t 593 690 689
t 593 594 690
t 594 691 690
t 594 595 691
t 595 692 691
t 595 596 692
t 596 693 692
t 596 597 693
t 597 694 693
t 597 598 694
t 598 695 694
t 598 599 695
t 599 696 695
t 599 600 696
t 600 697 696
t 600 601 697
t 601 698 697
t 601 602 698
t 602 699 698
t 602 603 699
t 603 700 699
t 603 604 700
t 604 701 700
t 604 605 701
t 605 702 701
t 605 606 702
t 606 703 702
t 606 607 703
t 607 704 703
t 607 608 704
t 608 705 704
t 608 609 705
t 609 706 705
t 609 610 706
t 610 707 706
t 610 611 707
t 611 708 707
t 611 612 708
t 612 709 708
t 612 613 709
t 613 710 709
t 613 614 710
t 614 711 710
t 614 615 711
t 615 712 711
t 615 616 712
t 616 713 712
t 616 617 713
t 617 714 713
t 617 618 714
t 618 715 714
t 618 619 715
t 619 716 715
t 619 620 716
t 620 717 716
t 620 621 717
t 621 718 717
t 621 622 718
t 622 719 718
t 622 623 719
t 623 720 719
t 623 624 720
t 624 721 720
t 624 625 721
t 625 722 721
t 625 626 722
t 626 723 722
t 626 627 723
t 627 724 723
t 627 628 724
t 628 725 724
t 628 629 725
t 629 726 725
t 629 630 726
t 630 727 726
t 630 320 727
t 630 631 320
t 631 632 320
t 632 633 320
t 633 634 320
t 634 635 320
t 635 636 320
t 636 637 320
t 637 638 320
t 638 639 320
t 639 640 320
t 640 641 320
t 641 318 320
t 88 319 87
t 87 319 86
t 86 319 85
t 85 319 84
t 84 319 83
t 83 319 82
t 82 319 81
t 81 319 321
t 158 159 320
t 159 160 320
t 160 161 320
t 161 162 320
t 162 163 320
t 163 164 320
t 164 165 320
t 165 322 320
t 319 642 321
t 642 728 321
t 642 643 728
t 643 729 728
t 643 644 729
t 644 730 729
t 644 645 730
t 645 731 730
t 645 646 731
t 646 732 731
t 646 647 732
t 647 733 732
t 647 648 733
t 648 734 733
t 648 649 734
t 649 735 734
t 649 650 735
t 650 736 735
t 650 651 736
t 651 737 736
t 651 652 737
t 652 738 737
t 652 653 738
t 653 739 738
t 653 654 739
t 654 740 739
t 654 655 740
t 655 741 740
t 655 656 741
t 656 742 741
t 656 657 742
t 657 743 742
t 657 658 743
t 658 744 743
t 658 659 744
t 659 745 744
t 659 660 745
t 660 746 745
t 660 661 746
t 661 747 746
t 661 662 747
t 662 748 747
t 662 663 748
t 663 749 748
t 663 664 749
t 664 750 749
t 664 665 750
t 665 751 750
t 665 666 751
t 666 752 751
t 666 667 752
t 667 753 752
t 667 668 753
t 668 754 753
t 668 669 754
t 669 755 754
t 669 670 755
t 670 756 755
t 670 671 756
t 671 757 756
t 671 672 757
t 672 758 757
t 672 673 758
t 673 759 758
t 673 674 759
t 674 760 759
t 674 675 760
t 675 761 760
t 675 676 761
t 676 762 761
t 676 677 762
t 677 763 762
t 677 678 763
t 678 764 763
t 678 679 764
t 679 765 764
t 679 680 765
t 680 766 765
t 680 681 766
t 681 767 766
t 681 682 767
t 682 768 767
t 682 683 768
t 683 769 768
t 683 684 769
t 684 770 769
t 684 685 770
t 685 771 770
t 685 686 771
t 686 772 771
t 686 687 772
t 687 773 772
t 687 688 773
t 688 774 773
t 688 689 774
t 689 775 774
t 689 690 775
t 690 776 775
t 690 691 776
t 691 777 776
t 691 692 777
t 692 778 777
t 692 693 778
t 693 779 778
t 693 694 779
t 694 780 779
t 694 695 780
t 695 781 780
t 695 696 781
t 696 782 781
t 696 697 782
t 697 783 782
t 697 698 783
t 698 784 783
t 698 699 784
t 699 785 784
t 699 700 785
t 700 786 785
t 700 701 786
t 701 787 786
t 701 702 787
t 702 788 787
t 702 703 788
t 703 789 788
t 703 704 789
t 704 790 789
t 704 705 790
t 705 791 790
t 705 706 791
t 706 792 791
t 706 707 792
t 707 793 792
t 707 708 793
t 708 794 793
t 708 709 794
t 709 795 794
t 709 710 795
t 710 796 795
t 710 711 796
t 711 797 796
t 711 712 797
t 712 798 797
t 712 713 798
t 713 799 798
t 713 322 799
t 713 714 322
t 714 715 322
t 715 716 322
t 716 717 322
t 717 718 322
t 718 719 322
t 719 720 322
t 720 721 322
t 721 722 322
t 722 723 322
t 723 724 322
t 724 725 322
t 725 726 322
t 726 727 322
t 727 320 322
t 81 321 80
t 80 321 79
t 79 321 78
t 78 321 77
t 77 321 76
t 76 321 75
t 75 321 323
t 165 166 322
t 166 167 322
t 167 168 322
t 168 169 322
t 169 170 322
t 170 171 322
t 171 172 322
t 172 324 322
t 321 728 323
t 728 800 323
t 728 729 800
t 729 801 800
t 729 730 801
t 730 802 801
t 730 731 802
t 731 803 802
t 731 732 803
t 732 804 803
t 732 733 804
t 733 805 804
t 733 734 805
t 734 806 805
t 734 735 806
t 735 807 806
t 735 736 807
t 736 808 807
t 736 737 808
t 737 809 808
t 737 738 809
t 738 810 809
t 738 739 810
t 739 811 810
t 739 740 811
t 740 812 811
t 740 741 812
t 741 813 812
t 741 742 813
t 742 814 813
t 742 743 814
t 743 815 814
t 743 744 815
t 744 816 815
t 744 745 816
t 745 817 816
t 745 746 817
t 746 818 817
t 746 747 818
t 747 819 818
t 747 748 819
t 748 820 819
t 748 749 820
t 749 821 820
t 749 750 821
t 750 822 821
t 750 751 822
t 751 823 822
t 751 752 823
t 752 824 823
t 752 753 824
t 753 825 824
t 753 754 825
t 754 826 825
t 754 755 826
t 755 827 826
t 755 756 827
t 756 828 827
t 756 757 828
t 757 829 828
t 757 758 829
t 758 830 829
t 758 759 830
t 759 831 830
t 759 760 831
t 760 832 831
t 760 761 832
t 761 833 832
t 761 762 833
t 762 834 833
t 762 763 834
t 763 835 834
t 763 764 835
t 764 836 835
t 764 765 836
t 765 837 836
t 765 766 837
t 766 838 837
t 766 767 838
t 767 839 838
t 767 768 839
t 768 840 839
t 768 769 840
t 769 841 840
t 769 770 841
t 770 842 841
t 770 771 842
t 771 843 842
t 771 772 843
t 772 844 843
t 772 773 844
t 773 845 844
t 773 774 845
t 774 846 845
t 774 775 846
t 775 847 846
t 775 776 847
t 776 848 847
t 776 777 848
t 777 849 848
t 777 778 849
t 778 850 849
t 778 779 850
t 779 851 850
t 779 780 851
t 780 852 851
t 780 781 852
t 781 853 852
t 781 782 853
t 782 854 853
t 782 783 854
t 783 855 854
t 783 784 855
t 784 856 855
t 784 785 856
t 785 857 856
t 785 324 857
t 785 786 324
t 786 787 324
t 787 788 324
t 788 789 324
t 789 790 324
t 790 791 324
t 791 792 324
t 792 793 324
t 793 794 324
t 794 795 324
t 795 796 324
t 796 797 324
t 797 798 324
t 798 799 324
t 799 322 324
t 75 323 74
t 74 323 73
t 73 323 72
t 72 323 71
t 71 323 70
t 70 323 69
t 69 323 68
t 68 323 325
t 172 173 324
t 173 174 324
t 174 175 324
t 175 176 324
t 176 177 324
t 177 178 324
t 178 179 324
t 179 180 324
t 180 326 324
t 323 800 325
t 800 801 325
t 801 802 325
t 802 803 325
t 803 858 325
t 803 804 858
t 804 859 858
t 804 805 859
t 805 860 859
t 805 806 860
t 806 861 860
t 806 807 861
t 807 862 861
t 807 808 862
t 808 863 862
t 808 809 863
t 809 864 863
t 809 810 864
t 810 865 864
t 810 811 865
t 811 866 865
t 811 812 866
t 812 867 866
t 812 813 867
t 813 868 867
t 813 814 868
t 814 869 868
t 814 815 869
t 815 870 869
t 815 816 870
t 816 871 870
t 816 817 871
t 817 872 871
t 817 818 872
t 818 873 872
t 818 819 873
t 819 874 873
t 819 820 874
t 820 875 874
t 820 821 875
t 821 876 875
t 821 822 876
t 822 877 876
t 822 823 877
t 823 878 877
t 823 824 878
t 824 879 878
t 824 825 879
t 825 880 879
t 825 826 880
t 826 881 880
t 826 827 881
t 827 882 881
t 827 828 882
t 828 883 882
t 828 829 883
t 829 884 883
t 829 830 884
t 830 885 884
t 830 831 885
t 831 886 885
t 831 832 886
t 832 887 886
t 832 833 887
t 833 888 887
t 833 834 888
t 834 889 888
t 834 835 889
t 835 890 889
t 835 836 890
t 836 891 890
t 836 837 891
t 837 892 891
t 837 838 892
t 838 893 892
t 838 839 893
t 839 894 893
t 839 840 894
t 840 895 894
t 840 841 895
t 841 896 895
t 841 842 896
t 842 897 896
t 842 843 897
t 843 898 897
t 843 844 898
t 844 899 898
t 844 845 899
t 845 900 899
t 845 846 900
t 846 901 900
t 846 847 901
t 847 902 901
t 847 848 902
t 848 903 902
t 848 849 903
t 849 904 903
t 849 326 904
t 849 850 326
t 850 851 326
t 851 852 326
t 852 853 326
t 853 854 326
t 854 855 326
t 855 856 326
t 856 857 326
t 857 324 326
t 68 325 67
t 67 325 66
t 66 325 65
t 65 325 64
t 64 325 63
t 63 325 62
t 62 325 61
t 61 325 327
t 180 181 326
t 181 182 326
t 182 183 326
t 183 184 326
t 184 185 326
t 185 186 326
t 186 187 326
t 187 328 326
t 325 905 327
t 325 906 905
t 325 858 906
t 858 907 906
t 858 859 907
t 859 908 907
t 859 860 908
t 860 909 908
t 860 861 909
t 861 910 909
t 861 862 910
t 862 911 910
t 862 863 911
t 863 912 911
t 863 864 912
t 864 913 912
t 864 865 913
t 865 914 913
t 865 866 914
t 866 915 914
t 866 867 915
t 867 916 915
t 867 868 916
t 868 917 916
t 868 869 917
t 869 918 917
t 869 870 918
t 870 919 918
t 870 871 919
t 871 920 919
t 871 872 920
t 872 921 920
t 872 873 921
t 873 922 921
t 873 874 922
t 874 923 922
t 874 875 923
t 875 924 923
t 875 876 924
t 876 925 924
t 876 877 925
t 877 926 925
t 877 878 926
t 878 927 926
t 878 879 927
t 879 928 927
t 879 880 928
t 880 929 928
t 880 881 929
t 881 930 929
t 881 882 930
t 882 931 930
t 882 883 931
t 883 932 931
t 883 884 932
t 884 933 932
t 884 885 933
t 885 934 933
t 885 886 934
t 886 935 934
t 886 887 935
t 887 936 935
t 887 888 936
t 888 937 936
t 888 889 937
t 889 938 937
t 889 890 938
t 890 939 938
t 890 891 939
t 891 940 939
t 891 892 940
t 892 941 940
t 892 893 941
t 893 942 941
t 893 894 942
t 894 943 942
t 894 895 943
t 895 944 943
t 895 896 944
t 896 945 944
t 896 897 945
t 897 946 945
t 897 898 946
t 898 947 946
t 898 899 947
t 899 948 947
t 899 900 948
t 900 949 948
t 900 901 949
t 901 950 949
t 901 902 950
t 902 951 950
t 902 328 951
t 902 903 328
t 903 904 328
t 904 326 328
t 61 327 60
t 60 327 59
t 59 327 58
t 58 327 57
t 57 327 56
t 56 327 55
t 55 327 54
t 187 188 328
t 188 189 328
t 189 190 328
t 190 191 328
t 191 192 328
t 192 193 328
t 193 194 328
t 194 195 328
t 327 53 54
t 327 52 53
t 327 51 52
t 327 50 51
t 327 49 50
t 327 48 49
t 327 47 48
t 327 46 47
t 327 45 46
t 327 44 45
t 327 905 44
t 905 43 44
t 905 906 43
t 906 907 43
t 907 42 43
t 907 908 42
t 908 41 42
t 908 909 41
t 909 910 41
t 910 40 41
t 910 911 40
t 911 39 40
t 911 912 39
t 912 38 39
t 912 913 38
t 913 914 38
t 914 37 38
t 914 915 37
t 915 36 37
t 915 916 36
t 916 35 36
t 916 917 35
t 917 918 35
t 918 34 35
t 918 919 34
t 919 33 34
t 919 920 33
t 920 32 33
t 920 921 32
t 921 922 32
t 922 31 32
t 922 923 31
t 923 30 31
t 923 924 30
t 924 925 30
t 925 29 30
t 925 926 29
t 926 28 29
t 926 927 28
t 927 27 28
t 927 928 27
t 928 929 27
t 929 26 27
t 929 930 26
t 930 25 26
t 930 931 25
t 931 24 25
t 931 932 24
t 932 933 24
t 933 23 24
t 933 934 23
t 934 22 23
t 934 935 22
t 935 21 22
t 935 936 21
t 936 937 21
t 937 20 21
t 937 938 20
t 938 19 20
t 938 939 19
t 939 940 19
t 940 18 19
t 940 941 18
t 941 17 18
t 941 942 17
t 942 16 17
t 942 943 16
t 943 944 16
t 944 15 16
t 944 945 15
t 945 14 15
t 945 946 14
t 946 13 14
t 946 947 13
t 947 948 13
t 948 12 13
t 948 949 12
t 949 11 12
t 949 950 11
t 950 10 11
t 950 951 10
t 951 328 10
t 328 9 10
t 328 8 9
t 328 7 8
t 328 6 7
t 328 5 6
t 328 4 5
t 328 3 4
t 328 2 3
t 328 1 2
t 328 0 1
t 328 195 0
