type=Torus forward=true n_boundary=174 n_holes=0 n_interior=0 n_tris=172 label=brep32629_f23_Torus
boundary
b 1.686035255 0.000000000
b 1.678600485 0.000000000
b 1.671165716 0.000000000
b 1.663730946 0.000000000
b 1.656296177 0.000000000
b 1.648861407 0.000000000
b 1.641426637 0.000000000
b 1.633991868 0.000000000
b 1.626557098 0.000000000
b 1.619122329 0.000000000
b 1.611687559 0.000000000
b 1.604252790 0.000000000
b 1.596818020 0.000000000
b 1.589383251 0.000000000
b 1.581948481 0.000000000
b 1.574513712 0.000000000
b 1.567078942 0.000000000
b 1.559644172 0.000000000
b 1.552209403 0.000000000
b 1.544774633 0.000000000
b 1.537339864 0.000000000
b 1.529905094 0.000000000
b 1.522470325 0.000000000
b 1.515035555 0.000000000
b 1.507600786 0.000000000
b 1.500166016 0.000000000
b 1.492731247 0.000000000
b 1.485296477 0.000000000
b 1.477861707 0.000000000
b 1.470426938 0.000000000
b 1.462992168 0.000000000
b 1.455557399 0.000000000
b 1.455946317 0.785398163
b 1.455932665 0.770848171
b 1.455919266 0.756355034
b 1.455906120 0.741914309
b 1.455893223 0.727521485
b 1.455880574 0.713171992
b 1.455868172 0.698861212
b 1.455856013 0.684584484
b 1.455844098 0.670337114
b 1.455832422 0.656114378
b 1.455820986 0.641911535
b 1.455809786 0.627723829
b 1.455798822 0.613546498
b 1.455788091 0.599374782
b 1.455777592 0.585203927
b 1.455767322 0.571029192
b 1.455757281 0.556845858
b 1.455747465 0.542649233
b 1.455737875 0.528434658
b 1.455728507 0.514197863
b 1.455719363 0.499938669
b 1.455710445 0.485659562
b 1.455701757 0.471363132
b 1.455693300 0.457052019
b 1.455685077 0.442728906
b 1.455677090 0.428396513
b 1.455669343 0.414057587
b 1.455661837 0.399714897
b 1.455654576 0.385371224
b 1.455647561 0.371029351
b 1.455640796 0.356692060
b 1.455634283 0.342362121
b 1.455628024 0.328042285
b 1.455622022 0.313735276
b 1.455616280 0.299443781
b 1.455610800 0.285170447
b 1.455605585 0.270917871
b 1.455600637 0.256688547
b 1.455595959 0.242482297
b 1.455591549 0.228294842
b 1.455587408 0.214121514
b 1.455583535 0.199957613
b 1.455579930 0.185798413
b 1.455576594 0.171639167
b 1.455573525 0.157475117
b 1.455570724 0.143301499
b 1.455568190 0.129113547
b 1.455565924 0.114906504
b 1.455563925 0.100675628
b 1.455562193 0.086416196
b 1.455560727 0.072123516
b 1.455559529 0.057792927
b 1.455558597 0.043419816
b 1.455557931 0.028999617
b 1.455557532 0.014527825
b 1.455557399 0.000000000
b 1.462992168 0.000000000
b 1.470426938 0.000000000
b 1.477861707 0.000000000
b 1.485296477 0.000000000
b 1.492731247 0.000000000
b 1.500166016 0.000000000
b 1.507600786 0.000000000
b 1.515035555 0.000000000
b 1.522470325 0.000000000
b 1.529905094 0.000000000
b 1.537339864 0.000000000
b 1.544774633 0.000000000
b 1.552209403 0.000000000
b 1.559644172 0.000000000
b 1.567078942 0.000000000
b 1.574513712 0.000000000
b 1.581948481 0.000000000
b 1.589383251 0.000000000
b 1.596818020 0.000000000
b 1.604252790 0.000000000
b 1.611687559 0.000000000
b 1.619122329 0.000000000
b 1.626557098 0.000000000
b 1.633991868 0.000000000
b 1.641426637 0.000000000
b 1.648861407 0.000000000
b 1.656296177 0.000000000
b 1.663730946 0.000000000
b 1.671165716 0.000000000
b 1.678600485 0.000000000
b 1.686035255 0.000000000
b 1.686035122 0.014527825
b 1.686034722 0.028999617
b 1.686034057 0.043419816
b 1.686033125 0.057792927
b 1.686031926 0.072123516
b 1.686030461 0.086416196
b 1.686028729 0.100675628
b 1.686026729 0.114906504
b 1.686024463 0.129113547
b 1.686021930 0.143301499
b 1.686019129 0.157475117
b 1.686016060 0.171639167
b 1.686012723 0.185798413
b 1.686009119 0.199957613
b 1.686005246 0.214121514
b 1.686001105 0.228294842
b 1.685996695 0.242482297
b 1.685992016 0.256688547
b 1.685987069 0.270917871
b 1.685981854 0.285170447
b 1.685976374 0.299443781
b 1.685970632 0.313735276
b 1.685964630 0.328042285
b 1.685958371 0.342362121
b 1.685951858 0.356692060
b 1.685945092 0.371029351
b 1.685938078 0.385371224
b 1.685930816 0.399714897
b 1.685923311 0.414057587
b 1.685915563 0.428396513
b 1.685907577 0.442728906
b 1.685899354 0.457052019
b 1.685890897 0.471363132
b 1.685882208 0.485659562
b 1.685873291 0.499938669
b 1.685864147 0.514197863
b 1.685854779 0.528434658
b 1.685845188 0.542649233
b 1.685835373 0.556845858
b 1.685825331 0.571029192
b 1.685815062 0.585203927
b 1.685804563 0.599374782
b 1.685793832 0.613546498
b 1.685782867 0.627723829
b 1.685771668 0.641911535
b 1.685760231 0.656114378
b 1.685748556 0.670337114
b 1.685736640 0.684584484
b 1.685724482 0.698861212
b 1.685712079 0.713171992
b 1.685699430 0.727521485
b 1.685686534 0.741914309
b 1.685673387 0.756355034
b 1.685659989 0.770848171
b 1.685646337 0.785398163
interior
tris
t 0 172 173
t 0 171 172
t 0 170 171
t 0 169 170
t 0 168 169
t 0 167 168
t 0 166 167
t 0 165 166
t 0 164 165
t 0 163 164
t 0 162 163
t 0 161 162
t 0 160 161
t 0 159 160
t 0 158 159
t 0 157 158
t 0 156 157
t 0 155 156
t 0 154 155
t 0 153 154
t 0 152 153
t 0 151 152
t 0 150 151
t 0 149 150
t 0 148 149
t 0 147 148
t 0 146 147
t 0 145 146
t 0 144 145
t 0 143 144
t 0 142 143
t 0 141 142
t 0 140 141
t 0 139 140
t 0 138 139
t 0 137 138
t 0 136 137
t 0 135 136
t 0 134 135
t 0 133 134
t 0 132 133
t 0 131 132
t 0 130 131
t 0 129 130
t 0 128 129
t 0 127 128
t 0 126 127
t 0 125 126
t 0 124 125
t 0 123 124
t 0 122 123
t 0 121 122
t 0 120 121
t 0 119 120
t 0 118 119
t 0 117 118
t 0 116 117
t 0 115 116
t 0 114 115
t 0 113 114
t 0 112 113
t 0 111 112
t 0 110 111
t 0 109 110
t 0 108 109
t 0 107 108
t 0 106 107
t 0 105 106
t 0 104 105
t 0 103 104
t 0 102 103
t 0 101 102
t 0 100 101
t 0 99 100
t 0 98 99
t 0 97 98
t 0 96 97
t 0 95 96
t 0 94 95
t 0 93 94
t 0 92 93
t 0 91 92
t 0 90 91
t 0 89 90
t 0 88 89
t 0 87 88
t 0 86 87
t 0 85 86
t 0 84 85
t 0 83 84
t 0 82 83
t 0 81 82
t 0 80 81
t 0 79 80
t 0 78 79
t 0 77 78
t 0 76 77
t 0 75 76
t 0 74 75
t 0 73 74
t 0 72 73
t 0 71 72
t 0 70 71
t 0 69 70
t 0 68 69
t 0 67 68
t 0 66 67
t 0 65 66
t 0 64 65
t 0 63 64
t 0 62 63
t 0 61 62
t 0 60 61
t 0 59 60
t 0 58 59
t 0 57 58
t 0 56 57
t 0 55 56
t 0 54 55
t 0 53 54
t 0 52 53
t 0 51 52
t 0 50 51
t 0 49 50
t 0 48 49
t 0 47 48
t 0 46 47
t 0 45 46
t 0 44 45
t 0 43 44
t 0 42 43
t 0 41 42
t 0 40 41
t 0 39 40
t 0 38 39
t 0 37 38
t 0 36 37
t 0 35 36
t 0 34 35
t 0 33 34
t 0 32 33
t 31 32 30
t 30 32 29
t 29 32 28
t 28 32 27
t 27 32 26
t 26 32 25
t 25 32 24
t 24 32 23
t 23 32 22
t 22 32 21
t 21 32 20
t 20 32 19
t 19 32 18
t 18 32 17
t 17 32 16
t 16 32 15
t 15 32 14
t 14 32 13
t 13 32 12
t 12 32 11
t 11 32 10
t 10 32 9
t 9 32 8
t 8 32 7
t 7 32 6
t 6 32 5
t 5 32 4
t 4 32 3
t 3 32 2
t 2 32 1
t 1 32 0
