type=Nurbs forward=false n_boundary=142 n_holes=0 n_interior=113 n_tris=187 label=brep62542_f218_Nurbs(deg=3/3, cps=4x5)
boundary
b 0.903163140 0.877085515
b 0.874974295 0.877085515
b 0.846868623 0.877085515
b 0.818839671 0.877085515
b 0.790881054 0.877085515
b 0.762986452 0.877085515
b 0.735149599 0.877085515
b 0.707364281 0.877085515
b 0.679624330 0.877085515
b 0.651923617 0.877085515
b 0.624256048 0.877085515
b 0.596615557 0.877085515
b 0.568996102 0.877085515
b 0.541391659 0.877085515
b 0.513796220 0.877085515
b 0.486203780 0.877085515
b 0.458608341 0.877085515
b 0.431003898 0.877085515
b 0.403384443 0.877085515
b 0.375743952 0.877085515
b 0.348076383 0.877085515
b 0.320375670 0.877085515
b 0.292635719 0.877085515
b 0.264850401 0.877085515
b 0.237013548 0.877085515
b 0.209118946 0.877085515
b 0.181160329 0.877085515
b 0.153131377 0.877085515
b 0.125025705 0.877085515
b 0.096836860 0.877085515
b 0.068558315 0.877085515
b 0.068558315 0.861138506
b 0.068558315 0.845191496
b 0.068558315 0.829244487
b 0.068558315 0.813297478
b 0.068558315 0.797350468
b 0.068558315 0.781403459
b 0.068558315 0.765456449
b 0.068558315 0.749509440
b 0.068558315 0.733562431
b 0.068558315 0.717615421
b 0.068558315 0.701668412
b 0.068558315 0.685721403
b 0.068558315 0.669774393
b 0.068558315 0.653827384
b 0.068558315 0.637880375
b 0.068558315 0.621933365
b 0.068558315 0.605986356
b 0.068558315 0.590039346
b 0.068558315 0.574092337
b 0.068558315 0.558145328
b 0.068558315 0.542198318
b 0.068558315 0.526251309
b 0.068558315 0.510304300
b 0.068558315 0.494357290
b 0.068558315 0.478410281
b 0.068558315 0.462463272
b 0.068558315 0.446516262
b 0.068558315 0.430569253
b 0.068558315 0.414622243
b 0.068558315 0.398675234
b 0.068558315 0.382728225
b 0.068558315 0.366781215
b 0.068558315 0.350834206
b 0.068558315 0.334887197
b 0.068558315 0.318940187
b 0.068558315 0.302993178
b 0.068558315 0.287046169
b 0.068558315 0.271099159
b 0.068558315 0.255152150
b 0.068558315 0.239205140
b 0.068558315 0.223258131
b 0.068558315 0.207311122
b 0.068558315 0.191364112
b 0.068558315 0.175417103
b 0.068558315 0.159470094
b 0.068558315 0.143523084
b 0.068558315 0.127576075
b 0.068558315 0.111629066
b 0.068558315 0.095682056
b 0.068558315 0.079735047
b 0.068558315 0.063788037
b 0.068558315 0.047841028
b 0.068558315 0.031894019
b 0.068558315 0.015947009
b 0.068558315 0.000000000
b 0.084508537 -0.000000548
b 0.100429344 -0.000000873
b 0.116321936 -0.000000997
b 0.132187496 -0.000000939
b 0.148027192 -0.000000721
b 0.163842176 -0.000000363
b 0.179633592 0.000000115
b 0.195402569 0.000000691
b 0.211150231 0.000001347
b 0.226877693 0.000002060
b 0.242586063 0.000002810
b 0.258276447 0.000003577
b 0.273949946 0.000004340
b 0.289607662 0.000005079
b 0.305250696 0.000005773
b 0.320880150 0.000006402
b 0.336497131 0.000006945
b 0.352102748 0.000007381
b 0.367698119 0.000007691
b 0.383284359 0.000007868
b 0.398862571 0.000007915
b 0.414433850 0.000007834
b 0.429999277 0.000007626
b 0.445559929 0.000007293
b 0.461116873 0.000006839
b 0.476671172 0.000006264
b 0.492223887 0.000005571
b 0.507776074 0.000004762
b 0.523328790 0.000003838
b 0.538883091 0.000002803
b 0.554440038 0.000001658
b 0.570000693 0.000000405
b 0.585566125 -0.000000954
b 0.601137409 -0.000002417
b 0.616715628 -0.000003981
b 0.632301875 -0.000005645
b 0.647897255 -0.000007407
b 0.663502882 -0.000009244
b 0.679119873 -0.000011105
b 0.694749337 -0.000012936
b 0.710392381 -0.000014683
b 0.726050107 -0.000016292
b 0.741723616 -0.000017708
b 0.757414008 -0.000018878
b 0.773122386 -0.000019747
b 0.788849853 -0.000020261
b 0.804597518 -0.000020367
b 0.820366497 -0.000020010
b 0.836157911 -0.000019135
b 0.851972890 -0.000017690
b 0.867812578 -0.000015619
b 0.883678126 -0.000012868
b 0.899570702 -0.000009385
b 0.915491489 -0.000005113
b 0.931441685 -0.000000000
b 0.931441685 0.877085515
interior
i 0.176418737 0.109617868
i 0.284279158 0.109617868
i 0.392139579 0.109617868
i 0.500000000 0.109617868
i 0.607860421 0.109617868
i 0.715720842 0.109617868
i 0.823581263 0.109617868
i 0.176418737 0.219256104
i 0.284279158 0.219256104
i 0.392139579 0.219256104
i 0.500000000 0.219256104
i 0.607860421 0.219256104
i 0.715720842 0.219256104
i 0.823581263 0.219256104
i 0.176418737 0.328894339
i 0.284279158 0.328894339
i 0.392139579 0.328894339
i 0.500000000 0.328894339
i 0.607860421 0.328894339
i 0.715720842 0.328894339
i 0.823581263 0.328894339
i 0.176418737 0.438532574
i 0.284279158 0.438532574
i 0.392139579 0.438532574
i 0.500000000 0.438532574
i 0.607860421 0.438532574
i 0.715720842 0.438532574
i 0.823581263 0.438532574
i 0.176418737 0.548170809
i 0.284279158 0.548170809
i 0.392139579 0.548170809
i 0.500000000 0.548170809
i 0.607860421 0.548170809
i 0.715720842 0.548170809
i 0.823581263 0.548170809
i 0.176418737 0.657809044
i 0.284279158 0.657809044
i 0.392139579 0.657809044
i 0.500000000 0.657809044
i 0.607860421 0.657809044
i 0.715720842 0.657809044
i 0.823581263 0.657809044
i 0.176418737 0.767447280
i 0.284279158 0.767447280
i 0.392139579 0.767447280
i 0.500000000 0.767447280
i 0.607860421 0.767447280
i 0.715720842 0.767447280
i 0.823581263 0.767447280
i 0.122488526 0.054798751
i 0.122488526 0.164436986
i 0.122488526 0.274075221
i 0.122488526 0.383713456
i 0.122488526 0.493351692
i 0.122488526 0.602989927
i 0.122488526 0.712628162
i 0.122488526 0.822266397
i 0.230348947 0.054798751
i 0.230348947 0.164436986
i 0.230348947 0.274075221
i 0.230348947 0.383713456
i 0.230348947 0.493351692
i 0.230348947 0.602989927
i 0.230348947 0.712628162
i 0.230348947 0.822266397
i 0.338209368 0.054798751
i 0.338209368 0.164436986
i 0.338209368 0.274075221
i 0.338209368 0.383713456
i 0.338209368 0.493351692
i 0.338209368 0.602989927
i 0.338209368 0.712628162
i 0.338209368 0.822266397
i 0.446069789 0.054798751
i 0.446069789 0.164436986
i 0.446069789 0.274075221
i 0.446069789 0.383713456
i 0.446069789 0.493351692
i 0.446069789 0.602989927
i 0.446069789 0.712628162
i 0.446069789 0.822266397
i 0.553930211 0.054798751
i 0.553930211 0.164436986
i 0.553930211 0.274075221
i 0.553930211 0.383713456
i 0.553930211 0.493351692
i 0.553930211 0.602989927
i 0.553930211 0.712628162
i 0.553930211 0.822266397
i 0.661790632 0.054798751
i 0.661790632 0.164436986
i 0.661790632 0.274075221
i 0.661790632 0.383713456
i 0.661790632 0.493351692
i 0.661790632 0.602989927
i 0.661790632 0.712628162
i 0.661790632 0.822266397
i 0.769651053 0.054798751
i 0.769651053 0.164436986
i 0.769651053 0.274075221
i 0.769651053 0.383713456
i 0.769651053 0.493351692
i 0.769651053 0.602989927
i 0.769651053 0.712628162
i 0.769651053 0.822266397
i 0.877511474 0.054798751
i 0.877511474 0.164436986
i 0.877511474 0.274075221
i 0.877511474 0.383713456
i 0.877511474 0.493351692
i 0.877511474 0.602989927
i 0.877511474 0.712628162
i 0.877511474 0.822266397
tris
t 254 0 1
t 29 30 31
t 52 51 142
t 54 53 142
t 56 55 142
t 59 58 142
t 61 60 142
t 65 64 142
t 69 68 142
t 71 70 142
t 73 72 142
t 76 75 142
t 79 78 142
t 82 81 87
t 85 84 87
t 85 86 87
t 87 88 89
t 89 90 91
t 91 92 93
t 93 94 95
t 95 96 97
t 127 128 129
t 129 130 131
t 131 132 133
t 133 134 135
t 135 136 137
t 137 138 139
t 139 140 141
t 154 155 156
t 175 176 177
t 198 199 200
t 214 215 216
t 222 223 224
t 230 231 232
t 238 239 240
t 246 247 248
t 253 254 1
t 28 29 31
t 58 57 142
t 62 61 142
t 66 65 142
t 70 69 142
t 74 73 142
t 77 76 142
t 80 79 142
t 83 82 87
t 84 83 87
t 87 89 91
t 91 93 95
t 95 97 98
t 123 125 127
t 127 129 131
t 131 133 135
t 135 137 139
t 147 148 149
t 238 240 241
t 246 248 249
t 252 253 1
t 27 28 31
t 64 63 142
t 72 71 142
t 78 77 142
t 81 80 87
t 87 91 95
t 127 131 135
t 135 139 141
t 146 147 149
t 238 241 242
t 246 249 250
t 251 252 1
t 25 26 31
t 26 27 31
t 67 66 142
t 75 74 142
t 80 87 95
t 122 123 135
t 123 124 135
t 124 125 135
t 125 126 135
t 126 127 135
t 246 250 251
t 24 25 31
t 68 67 142
t 121 122 135
t 21 22 31
t 22 23 31
t 23 24 31
t 63 62 142
t 120 121 135
t 18 19 31
t 19 20 31
t 20 21 31
t 119 120 135
t 1 2 31
t 2 3 31
t 3 4 31
t 4 5 31
t 5 6 31
t 6 7 31
t 7 8 31
t 8 9 31
t 9 10 31
t 10 11 31
t 11 12 31
t 12 13 31
t 13 14 31
t 14 15 31
t 15 16 31
t 16 17 31
t 17 18 31
t 118 119 135
t 1 31 32
t 117 118 135
t 116 117 135
t 115 116 135
t 238 242 246
t 114 115 141
t 115 135 141
t 142 146 149
t 149 154 156
t 156 162 163
t 163 169 170
t 170 175 177
t 177 183 184
t 206 207 214
t 214 216 222
t 222 224 230
t 230 232 238
t 113 114 141
t 112 113 141
t 111 112 141
t 110 111 141
t 109 110 141
t 108 109 141
t 107 108 141
t 106 107 141
t 105 106 141
t 104 105 141
t 103 104 141
t 102 103 141
t 101 102 141
t 100 101 141
t 99 100 141
t 98 99 141
t 95 98 141
t 170 198 200
t 246 251 1
t 32 33 1
t 33 34 1
t 95 141 142
t 170 200 206
t 238 246 1
t 80 95 142
t 230 238 1
t 60 59 142
t 222 230 1
t 57 56 142
t 214 222 1
t 55 54 142
t 206 214 1
t 53 52 142
t 206 1 34
t 51 50 142
t 170 206 34
t 49 50 142
t 163 170 34
t 47 48 142
t 48 49 142
t 156 163 34
t 45 46 142
t 46 47 142
t 149 156 34
t 44 45 142
t 142 149 34
t 43 44 142
t 142 34 35
t 41 42 142
t 42 43 142
t 35 36 142
t 36 37 142
t 40 41 142
t 37 38 142
t 38 39 142
t 39 40 142
t 198 170 177
t 198 177 184
t 198 184 190
