type=Nurbs forward=true n_boundary=223 n_holes=1 n_interior=40 n_tris=379 label=brep62542_f18_Nurbs(deg=3/3, cps=4x4)
boundary
b 0.950398683 0.522201248
b 0.945497302 0.527159194
b 0.940654749 0.532204250
b 0.935873053 0.537336480
b 0.931154120 0.542555989
b 0.926499734 0.547862931
b 0.921911562 0.553257509
b 0.917391164 0.558739981
b 0.912939994 0.564310657
b 0.908559403 0.569969908
b 0.904250552 0.575718333
b 0.900013863 0.581557737
b 0.895849446 0.587490481
b 0.891757363 0.593519030
b 0.887737640 0.599645952
b 0.883790264 0.605873919
b 0.879915192 0.612205710
b 0.876112345 0.618644211
b 0.872381618 0.625192419
b 0.868722936 0.631853413
b 0.865136832 0.638630057
b 0.861624190 0.645525155
b 0.858185831 0.652541677
b 0.854822506 0.659682767
b 0.851534910 0.666951747
b 0.848323680 0.674352121
b 0.845189401 0.681887580
b 0.842132614 0.689562007
b 0.839153844 0.697379464
b 0.836254176 0.705343925
b 0.833435228 0.713459331
b 0.830698563 0.721729912
b 0.828045671 0.730160213
b 0.825477981 0.738755101
b 0.822996863 0.747519780
b 0.820603646 0.756459793
b 0.818299615 0.765581040
b 0.816086040 0.774889750
b 0.813964814 0.784390576
b 0.811938792 0.794085539
b 0.810010856 0.803976808
b 0.808183842 0.814066978
b 0.806460561 0.824359094
b 0.804843807 0.834856669
b 0.803336380 0.845563709
b 0.801941097 0.856484730
b 0.800660814 0.867624785
b 0.799498614 0.878988926
b 0.798458074 0.890581400
b 0.797542920 0.902406849
b 0.796756978 0.914470543
b 0.796104204 0.926778414
b 0.795588701 0.939337093
b 0.795214751 0.952153946
b 0.794986836 0.965237109
b 0.794909672 0.978595533
b 0.775673198 0.978595533
b 0.756481660 0.978595533
b 0.737331835 0.978595533
b 0.718220529 0.978595533
b 0.699144571 0.978595533
b 0.680100813 0.978595533
b 0.661086131 0.978595533
b 0.642097416 0.978595533
b 0.623131579 0.978595533
b 0.604185543 0.978595533
b 0.585256245 0.978595533
b 0.566340634 0.978595533
b 0.547435666 0.978595533
b 0.528538304 0.978595533
b 0.509645517 0.978595533
b 0.490754275 0.978595533
b 0.471861552 0.978595533
b 0.452964318 0.978595533
b 0.434059543 0.978595533
b 0.415144188 0.978595533
b 0.396215212 0.978595533
b 0.377269562 0.978595533
b 0.358304175 0.978595533
b 0.339315977 0.978595533
b 0.320301876 0.978595533
b 0.301258766 0.978595533
b 0.282183522 0.978595533
b 0.263072996 0.978595533
b 0.243924020 0.978595533
b 0.224733398 0.978595533
b 0.205497908 0.978595533
b 0.186214299 0.978595533
b 0.166879288 0.978595533
b 0.147489558 0.978595533
b 0.128041754 0.978595533
b 0.108532485 0.978595533
b 0.088958316 0.978595533
b 0.069315770 0.978595533
b 0.049601323 0.978595533
b 0.049601323 0.951556606
b 0.049601323 0.924940023
b 0.049601323 0.898714861
b 0.049601323 0.872851728
b 0.049601323 0.847322615
b 0.049601323 0.822100769
b 0.049601323 0.797160572
b 0.049601323 0.772477425
b 0.049601323 0.748027646
b 0.049601323 0.723788376
b 0.049601323 0.699737487
b 0.049601323 0.675853495
b 0.049601323 0.652115486
b 0.049601323 0.628503032
b 0.049601323 0.604996127
b 0.049601323 0.581575112
b 0.049601323 0.558220612
b 0.049601323 0.534913468
b 0.049601323 0.511634676
b 0.049601323 0.488365324
b 0.049601323 0.465086532
b 0.049601323 0.441779388
b 0.049601323 0.418424888
b 0.049601323 0.395003873
b 0.049601323 0.371496968
b 0.049601323 0.347884514
b 0.049601323 0.324146505
b 0.049601323 0.300262513
b 0.049601323 0.276211624
b 0.049601323 0.251972354
b 0.049601323 0.227522575
b 0.049601323 0.202839428
b 0.049601323 0.177899231
b 0.049601323 0.152677385
b 0.049601323 0.127148272
b 0.049601323 0.101285139
b 0.049601323 0.075059977
b 0.049601323 0.048443394
b 0.049601323 0.021404467
b 0.068696101 0.021422477
b 0.087642434 0.021476618
b 0.106444851 0.021566207
b 0.125107938 0.021690615
b 0.143636322 0.021849266
b 0.162034654 0.022041638
b 0.180307597 0.022267263
b 0.198459809 0.022525727
b 0.216495934 0.022816673
b 0.234420584 0.023139794
b 0.252238332 0.023494840
b 0.269953696 0.023881611
b 0.287571127 0.024299964
b 0.305095004 0.024749805
b 0.322529615 0.025231094
b 0.339879155 0.025743839
b 0.357147713 0.026288099
b 0.374339261 0.026863985
b 0.391457358 0.027471634
b 0.408502061 0.028111026
b 0.425471259 0.028781998
b 0.442362876 0.029484359
b 0.459174909 0.030217889
b 0.475905435 0.030982342
b 0.492552614 0.031777445
b 0.509114689 0.032602899
b 0.525589995 0.033458381
b 0.541976955 0.034343546
b 0.558274087 0.035258022
b 0.574480002 0.036201421
b 0.590593408 0.037173329
b 0.606613110 0.038173316
b 0.622538009 0.039200932
b 0.638367107 0.040255709
b 0.654099501 0.041337164
b 0.669734389 0.042444797
b 0.685271082 0.043578095
b 0.700710102 0.044736643
b 0.716053724 0.045920195
b 0.731304344 0.047128546
b 0.746464320 0.048361512
b 0.761535972 0.049618933
b 0.776521577 0.050900670
b 0.791423368 0.052206607
b 0.806243530 0.053536648
b 0.820984199 0.054890718
b 0.835647459 0.056268762
b 0.850235341 0.057670744
b 0.864749821 0.059096647
b 0.879192819 0.060546471
b 0.893566198 0.062020235
b 0.907871759 0.063517974
b 0.922111247 0.065039739
b 0.936286346 0.066585597
b 0.950398677 0.068155629
b 0.950398677 0.082279303
b 0.950398677 0.096293433
b 0.950398677 0.110202499
b 0.950398677 0.124010871
b 0.950398677 0.137722805
b 0.950398677 0.151342456
b 0.950398677 0.164873879
b 0.950398677 0.178321038
b 0.950398677 0.191687808
b 0.950398677 0.204977980
b 0.950398677 0.218195266
b 0.950398677 0.231343306
b 0.950398677 0.244425668
b 0.950398677 0.257445855
b 0.950398677 0.270407308
b 0.950398677 0.283313409
b 0.950398677 0.296167486
b 0.950398677 0.308972818
b 0.950398677 0.321732635
b 0.950398677 0.334450122
b 0.950398677 0.347128425
b 0.950398677 0.359770652
b 0.950398677 0.372379877
b 0.950398677 0.384959143
b 0.950398677 0.397511462
b 0.950398677 0.410039825
b 0.950398677 0.422547197
b 0.950398677 0.435036525
b 0.950398677 0.447510739
b 0.950398677 0.459972754
b 0.950398677 0.472425474
b 0.950398677 0.484871795
b 0.950398677 0.497314607
b 0.950398677 0.509756796
hole 0
h 0.333633514 0.371644517
h 0.330698952 0.378351954
h 0.328394023 0.385398349
h 0.326779228 0.392789762
h 0.325910170 0.400533024
h 0.325834811 0.408629244
h 0.326574170 0.417026207
h 0.328135803 0.425646475
h 0.330526201 0.434413967
h 0.333750048 0.443254751
h 0.337776877 0.452105762
h 0.342547135 0.460913088
h 0.348005190 0.469623461
h 0.354100483 0.478183946
h 0.360775365 0.486546071
h 0.367957243 0.494668091
h 0.375577275 0.502508090
h 0.383571973 0.510023279
h 0.391882005 0.517176247
h 0.400449515 0.523948455
h 0.409219141 0.530324131
h 0.418138091 0.536286343
h 0.427158831 0.541819633
h 0.436254698 0.546924098
h 0.445406904 0.551605693
h 0.454596619 0.555869824
h 0.463806075 0.559721481
h 0.473034319 0.563166849
h 0.482292480 0.566213220
h 0.491591385 0.568867924
h 0.500941270 0.571138154
h 0.510350391 0.573024219
h 0.519824985 0.574517124
h 0.529371525 0.575607241
h 0.538996872 0.576285000
h 0.548694506 0.576544897
h 0.558422968 0.576391387
h 0.568135139 0.575829903
h 0.577783569 0.574865213
h 0.587330009 0.573500875
h 0.596784695 0.571737311
h 0.606173298 0.569574261
h 0.615521724 0.567011735
h 0.624853415 0.564050432
h 0.634162458 0.560695692
h 0.643424820 0.556955243
h 0.652615690 0.552836367
h 0.661710178 0.548345408
h 0.670698306 0.543476359
h 0.679587698 0.538209799
h 0.688387954 0.532525427
h 0.697109684 0.526402800
h 0.705742959 0.519829425
h 0.714233033 0.512808767
h 0.722517537 0.505345024
h 0.730531339 0.497440993
h 0.739056963 0.488132446
h 0.746715667 0.478748646
h 0.753506102 0.469309683
h 0.759424638 0.459836658
h 0.764464451 0.450352953
h 0.768607964 0.440893398
h 0.771830656 0.431499155
h 0.774105381 0.422212751
h 0.775404098 0.413077873
h 0.775720390 0.404135733
h 0.775069601 0.395425747
h 0.773470528 0.386988973
h 0.770945604 0.378867869
h 0.767521796 0.371090183
h 0.763230864 0.363658010
h 0.758109304 0.356571845
h 0.752198517 0.349832943
h 0.745535993 0.343441191
h 0.738134934 0.337390747
h 0.730005777 0.331675015
h 0.721161713 0.326287848
h 0.711618407 0.321225166
h 0.701392738 0.316493932
h 0.690504658 0.312105591
h 0.678978227 0.308071782
h 0.666843355 0.304404308
h 0.654156963 0.301116053
h 0.640997788 0.298220063
h 0.627450082 0.295728292
h 0.613602080 0.293651333
h 0.599518475 0.291995965
h 0.585229247 0.290764911
h 0.570763238 0.289960302
h 0.556150586 0.289583898
h 0.541445314 0.289636128
h 0.526759953 0.290113864
h 0.512215121 0.291011419
h 0.497929237 0.292320875
h 0.484004959 0.294033146
h 0.470478453 0.296142472
h 0.457363500 0.298644393
h 0.444671486 0.301534492
h 0.432414353 0.304808129
h 0.420632349 0.308457392
h 0.409380333 0.312471948
h 0.398708807 0.316840940
h 0.388663239 0.321553446
h 0.379275309 0.326606146
h 0.370563094 0.332004427
h 0.362541377 0.337754399
h 0.355222279 0.343862461
h 0.348628303 0.350326396
h 0.342804591 0.357125946
h 0.337793874 0.364239094
interior
i 0.162200993 0.141053350
i 0.274800663 0.141053350
i 0.387400333 0.141053350
i 0.500000003 0.141053350
i 0.612599673 0.141053350
i 0.725199343 0.141053350
i 0.837799013 0.141053350
i 0.162200993 0.260702233
i 0.274800663 0.260702233
i 0.387400333 0.260702233
i 0.500000003 0.260702233
i 0.612599673 0.260702233
i 0.725199343 0.260702233
i 0.837799013 0.260702233
i 0.162200993 0.380351117
i 0.274800663 0.380351117
i 0.837799013 0.380351117
i 0.162200993 0.500000000
i 0.274800663 0.500000000
i 0.725199343 0.500000000
i 0.837799013 0.500000000
i 0.162200993 0.619648883
i 0.274800663 0.619648883
i 0.387400333 0.619648883
i 0.500000003 0.619648883
i 0.612599673 0.619648883
i 0.725199343 0.619648883
i 0.837799013 0.619648883
i 0.162200993 0.739297767
i 0.274800663 0.739297767
i 0.387400333 0.739297767
i 0.500000003 0.739297767
i 0.612599673 0.739297767
i 0.725199343 0.739297767
i 0.162200993 0.858946650
i 0.274800663 0.858946650
i 0.387400333 0.858946650
i 0.500000003 0.858946650
i 0.612599673 0.858946650
i 0.725199343 0.858946650
tris
t 222 0 1
t 54 55 56
t 93 94 95
t 228 229 117
t 227 228 118
t 132 134 135
t 136 137 131
t 145 138 139
t 139 140 141
t 141 142 143
t 143 144 145
t 153 146 147
t 148 149 128
t 150 151 128
t 128 152 153
t 156 128 155
t 156 157 128
t 158 159 128
t 128 160 161
t 177 162 163
t 177 164 165
t 166 167 177
t 168 169 177
t 169 170 171
t 171 172 173
t 173 174 175
t 175 176 177
t 194 182 183
t 184 193 183
t 185 192 184
t 186 191 185
t 187 189 190
t 187 188 189
t 222 1 2
t 53 54 56
t 92 93 95
t 116 117 229
t 228 117 118
t 227 118 119
t 136 131 135
t 139 141 145
t 141 143 145
t 150 128 149
t 128 151 152
t 158 128 157
t 128 159 160
t 166 177 165
t 168 177 167
t 171 173 177
t 173 175 177
t 184 192 193
t 185 191 192
t 187 190 186
t 221 2 3
t 222 2 221
t 53 56 57
t 92 95 96
t 116 230 115
t 116 229 230
t 227 119 226
t 139 130 137
t 130 131 137
t 131 132 135
t 132 133 134
t 145 137 138
t 128 153 154
t 128 154 155
t 177 163 164
t 171 177 169
t 194 183 193
t 186 190 191
t 221 3 4
t 53 57 52
t 92 96 91
t 115 230 231
t 226 119 120
t 139 129 130
t 148 128 147
t 195 181 182
t 195 182 194
t 220 282 219
t 282 6 7
t 5 282 220
t 5 6 282
t 220 4 5
t 221 4 220
t 52 57 51
t 86 100 85
t 87 100 86
t 87 99 100
t 88 99 87
t 88 98 99
t 89 98 88
t 89 97 98
t 90 97 89
t 91 97 90
t 91 96 97
t 115 231 114
t 226 120 348
t 145 147 321
t 196 181 195
t 7 8 282
t 51 57 58
t 68 69 256
t 256 35 36
t 69 70 256
t 256 34 35
t 70 71 255
t 256 33 34
t 71 72 364
t 72 73 253
t 73 74 252
t 74 75 251
t 75 76 250
t 76 77 249
t 77 78 248
t 247 78 79
t 79 80 363
t 80 81 245
t 81 82 244
t 103 104 244
t 244 82 362
t 83 103 82
t 83 102 103
t 84 102 83
t 84 101 102
t 85 101 84
t 85 100 101
t 114 231 232
t 225 120 224
t 328 127 327
t 327 127 128
t 327 128 326
t 326 128 129
t 326 129 341
t 325 129 324
t 324 129 333
t 324 161 323
t 323 161 322
t 322 161 321
t 145 321 334
t 196 180 181
t 197 180 196
t 197 179 180
t 198 179 197
t 198 178 179
t 199 178 198
t 199 177 178
t 200 177 199
t 201 177 200
t 202 177 201
t 282 202 203
t 203 204 282
t 282 204 205
t 205 206 282
t 282 177 339
t 206 207 282
t 282 207 208
t 208 209 282
t 282 209 210
t 210 211 282
t 282 211 212
t 212 213 282
t 282 213 214
t 214 215 282
t 51 58 50
t 256 36 37
t 113 232 233
t 114 232 113
t 224 120 121
t 282 218 219
t 50 58 59
t 67 68 256
t 113 233 350
t 224 121 223
t 8 9 282
t 50 59 49
t 256 39 40
t 112 233 234
t 223 121 122
t 282 217 218
t 49 59 48
t 65 66 256
t 112 234 111
t 223 122 332
t 217 282 216
t 48 59 60
t 41 64 65
t 43 63 64
t 111 234 235
t 332 122 123
t 216 282 215
t 48 60 47
t 44 62 63
t 111 235 110
t 332 123 331
t 8 293 163
t 47 60 61
t 44 63 43
t 110 235 351
t 331 123 124
t 47 61 46
t 110 236 237
t 331 124 330
t 46 61 62
t 110 237 109
t 330 124 125
t 46 62 45
t 109 237 238
t 330 125 329
t 45 62 44
t 109 238 108
t 329 125 340
t 43 64 42
t 108 238 239
t 329 126 328
t 42 64 41
t 108 239 107
t 328 126 127
t 41 65 40
t 107 239 240
t 319 320 161
t 65 256 365
t 107 240 106
t 318 319 161
t 66 67 256
t 106 240 241
t 317 318 161
t 256 38 39
t 106 241 105
t 316 317 343
t 38 256 37
t 105 241 242
t 315 316 161
t 70 257 258
t 105 242 243
t 314 315 161
t 70 258 259
t 105 243 104
t 313 314 161
t 70 259 260
t 104 243 244
t 312 313 161
t 70 260 261
t 81 244 245
t 312 161 163
t 70 261 262
t 80 245 246
t 312 163 311
t 70 262 358
t 79 246 247
t 311 163 310
t 33 262 263
t 247 248 78
t 310 163 309
t 265 33 264
t 77 248 249
t 309 163 308
t 266 33 265
t 76 249 250
t 308 163 344
t 267 33 266
t 75 250 251
t 307 163 306
t 267 32 33
t 74 251 252
t 306 163 305
t 268 31 32
t 73 252 253
t 305 163 304
t 269 31 268
t 72 253 254
t 304 163 337
t 269 30 359
t 71 254 255
t 303 163 302
t 269 29 30
t 70 255 256
t 302 163 301
t 270 28 29
t 264 33 263
t 301 163 300
t 271 28 270
t 268 32 267
t 300 163 299
t 271 27 28
t 270 29 269
t 299 163 298
t 272 26 271
t 271 26 27
t 298 163 297
t 272 25 26
t 273 25 272
t 297 163 296
t 273 24 25
t 273 23 24
t 296 163 295
t 274 23 273
t 274 22 23
t 295 163 294
t 275 22 274
t 275 21 22
t 294 163 293
t 275 20 360
t 292 293 8
t 276 20 275
t 291 292 8
t 276 19 20
t 290 291 8
t 277 19 276
t 289 290 8
t 277 18 19
t 288 289 8
t 277 17 18
t 287 288 8
t 278 17 277
t 286 287 8
t 278 16 17
t 285 286 8
t 278 15 16
t 284 285 8
t 15 278 279
t 283 284 8
t 15 279 14
t 282 283 8
t 14 279 13
t 281 282 9
t 13 279 280
t 281 9 10
t 13 280 12
t 11 281 10
t 12 280 11
t 11 280 281
t 129 161 333
t 161 324 335
t 321 129 334
t 129 145 334
t 324 333 335
t 333 161 335
t 163 303 337
t 303 304 337
t 177 202 339
t 202 282 346
t 125 126 340
t 126 329 340
t 129 325 341
t 325 326 341
t 317 161 343
t 161 316 343
t 163 307 344
t 307 308 344
t 282 339 346
t 339 202 346
t 120 225 348
t 225 226 348
t 233 112 350
t 112 113 350
t 235 236 351
t 236 110 351
t 262 33 358
t 33 70 366
t 30 31 359
t 31 269 359
t 20 21 360
t 21 275 360
t 82 103 361
t 103 244 361
t 82 361 362
t 361 244 362
t 80 246 363
t 246 79 363
t 72 254 364
t 254 71 364
t 256 40 365
t 40 65 372
t 70 358 366
t 358 33 366
t 65 365 372
t 365 40 372
