type=Nurbs forward=true n_boundary=196 n_holes=0 n_interior=348 n_tris=756 label=brep47598_f46_Nurbs(deg=3/3, cps=4x7)
boundary
b 0.264745557 0.519583190
b 0.263680357 0.514494733
b 0.262613966 0.509431000
b 0.261546031 0.504391893
b 0.260476296 0.499377321
b 0.259404598 0.494387196
b 0.258330864 0.489421434
b 0.257255108 0.484479956
b 0.256177433 0.479562685
b 0.255098021 0.474669551
b 0.254017108 0.469800489
b 0.252934849 0.464955454
b 0.251851421 0.460134411
b 0.250767079 0.455337326
b 0.249682147 0.450564172
b 0.248597021 0.445814921
b 0.247512165 0.441089553
b 0.246428110 0.436388050
b 0.245345453 0.431710396
b 0.244264773 0.427056570
b 0.243185798 0.422426434
b 0.242107759 0.417819769
b 0.241029997 0.413236360
b 0.239951965 0.408675994
b 0.238873227 0.404138459
b 0.237793455 0.399623548
b 0.236712428 0.395131052
b 0.235630031 0.390660770
b 0.234546248 0.386212500
b 0.233461166 0.381786043
b 0.232374967 0.377381205
b 0.231287930 0.372997793
b 0.230200417 0.368635618
b 0.229112808 0.364294506
b 0.228025553 0.359974286
b 0.226939185 0.355674791
b 0.225854325 0.351395855
b 0.224771670 0.347137318
b 0.223691529 0.342899057
b 0.222613552 0.338681010
b 0.221537378 0.334483120
b 0.220462703 0.330305333
b 0.219389274 0.326147595
b 0.218316887 0.322009854
b 0.217245392 0.317892061
b 0.216174685 0.313794166
b 0.215104713 0.309716122
b 0.214035469 0.305657885
b 0.212966994 0.301619411
b 0.211899374 0.297600657
b 0.210832741 0.293601584
b 0.209767269 0.289622153
b 0.208703179 0.285662328
b 0.207640732 0.281722073
b 0.206580226 0.277801358
b 0.205521977 0.273900156
b 0.216610087 0.273899997
b 0.227654917 0.273900044
b 0.238658374 0.273900275
b 0.249622310 0.273900671
b 0.260548533 0.273901212
b 0.271438806 0.273901878
b 0.282294855 0.273902650
b 0.293118374 0.273903507
b 0.303911030 0.273904430
b 0.314674468 0.273905399
b 0.325410314 0.273906395
b 0.336120183 0.273907397
b 0.346805679 0.273908387
b 0.357468405 0.273909345
b 0.368109962 0.273910251
b 0.378731958 0.273911086
b 0.389336010 0.273911831
b 0.399923748 0.273912466
b 0.410496819 0.273912973
b 0.421056874 0.273913352
b 0.431605533 0.273913609
b 0.442144380 0.273913754
b 0.452674972 0.273913797
b 0.463198841 0.273913744
b 0.473717498 0.273913605
b 0.484232439 0.273913389
b 0.494745150 0.273913105
b 0.505257109 0.273912760
b 0.515769790 0.273912364
b 0.526284673 0.273911924
b 0.536803242 0.273911450
b 0.547326993 0.273910951
b 0.557857438 0.273910433
b 0.568396107 0.273909907
b 0.578944558 0.273909381
b 0.589504375 0.273908862
b 0.600077178 0.273908360
b 0.610664619 0.273907878
b 0.621268350 0.273907414
b 0.631890006 0.273906966
b 0.642531209 0.273906530
b 0.653193572 0.273906104
b 0.663878702 0.273905685
b 0.674588206 0.273905270
b 0.685323695 0.273904856
b 0.696086788 0.273904440
b 0.706879118 0.273904019
b 0.717702335 0.273903592
b 0.728558112 0.273903154
b 0.739448149 0.273902703
b 0.750374179 0.273902236
b 0.761337971 0.273901751
b 0.772341339 0.273901244
b 0.783386141 0.273900714
b 0.794474293 0.273900156
b 0.794474194 0.277810486
b 0.794473937 0.281740946
b 0.794473576 0.285691470
b 0.794473124 0.289661999
b 0.794472589 0.293652478
b 0.794471987 0.297662855
b 0.794471338 0.301693077
b 0.794470667 0.305743094
b 0.794470005 0.309812857
b 0.794469391 0.313902319
b 0.794468871 0.318011436
b 0.794468497 0.322140162
b 0.794468331 0.326288456
b 0.794468444 0.330456276
b 0.794468914 0.334643584
b 0.794469833 0.338850341
b 0.794471298 0.343076512
b 0.794473423 0.347322060
b 0.794476308 0.351586964
b 0.794479809 0.355871338
b 0.794483644 0.360175388
b 0.794487569 0.364499321
b 0.794491374 0.368843349
b 0.794494891 0.373207684
b 0.794497963 0.377592548
b 0.794500389 0.381998173
b 0.794502004 0.386424795
b 0.794502687 0.390872656
b 0.794502366 0.395341998
b 0.794501021 0.399833067
b 0.794498685 0.404346110
b 0.794495446 0.408881378
b 0.794491450 0.413439123
b 0.794486903 0.418019601
b 0.794482075 0.422623069
b 0.794477300 0.427249786
b 0.794472976 0.431900011
b 0.794469372 0.436573876
b 0.794466477 0.441271312
b 0.794464260 0.445992239
b 0.794462692 0.450736578
b 0.794461751 0.455504255
b 0.794461421 0.460295199
b 0.794461690 0.465109340
b 0.794462558 0.469946614
b 0.794464032 0.474806960
b 0.794466076 0.479690325
b 0.794468509 0.484596676
b 0.794471134 0.489525989
b 0.794473764 0.494478242
b 0.794476227 0.499453420
b 0.794478366 0.504451508
b 0.794480036 0.509472498
b 0.794481115 0.514516384
b 0.794481497 0.519583164
b 0.776755651 0.519583161
b 0.759137966 0.519583162
b 0.741620956 0.519583164
b 0.724197298 0.519583165
b 0.706859814 0.519583166
b 0.689601461 0.519583167
b 0.672415321 0.519583168
b 0.655294585 0.519583170
b 0.638232544 0.519583171
b 0.621222580 0.519583172
b 0.604258153 0.519583173
b 0.587332792 0.519583174
b 0.570440086 0.519583176
b 0.553573671 0.519583177
b 0.536727223 0.519583178
b 0.519894448 0.519583179
b 0.503069073 0.519583180
b 0.486244835 0.519583181
b 0.469415473 0.519583183
b 0.452574719 0.519583184
b 0.435716287 0.519583185
b 0.418833865 0.519583186
b 0.401921106 0.519583187
b 0.384971616 0.519583189
b 0.367978947 0.519583190
b 0.350936585 0.519583191
b 0.333837943 0.519583192
b 0.316676344 0.519583193
b 0.299445019 0.519583194
b 0.282137090 0.519583195
interior
i 0.279144566 0.304610397
i 0.352767155 0.304610397
i 0.426389743 0.304610397
i 0.500012332 0.304610397
i 0.573634921 0.304610397
i 0.647257509 0.304610397
i 0.720880098 0.304610397
i 0.279144566 0.335320797
i 0.352767155 0.335320797
i 0.426389743 0.335320797
i 0.500012332 0.335320797
i 0.573634921 0.335320797
i 0.647257509 0.335320797
i 0.720880098 0.335320797
i 0.279144566 0.366031197
i 0.352767155 0.366031197
i 0.426389743 0.366031197
i 0.500012332 0.366031197
i 0.573634921 0.366031197
i 0.647257509 0.366031197
i 0.720880098 0.366031197
i 0.279144566 0.396741596
i 0.352767155 0.396741596
i 0.426389743 0.396741596
i 0.500012332 0.396741596
i 0.573634921 0.396741596
i 0.647257509 0.396741596
i 0.720880098 0.396741596
i 0.279144566 0.427451996
i 0.352767155 0.427451996
i 0.426389743 0.427451996
i 0.500012332 0.427451996
i 0.573634921 0.427451996
i 0.647257509 0.427451996
i 0.720880098 0.427451996
i 0.279144566 0.458162396
i 0.352767155 0.458162396
i 0.426389743 0.458162396
i 0.500012332 0.458162396
i 0.573634921 0.458162396
i 0.647257509 0.458162396
i 0.720880098 0.458162396
i 0.279144566 0.488872795
i 0.352767155 0.488872795
i 0.426389743 0.488872795
i 0.500012332 0.488872795
i 0.573634921 0.488872795
i 0.647257509 0.488872795
i 0.720880098 0.488872795
i 0.242333272 0.289255197
i 0.223927625 0.281577597
i 0.260738919 0.281577597
i 0.223927625 0.296932797
i 0.260738919 0.296932797
i 0.242333272 0.319965597
i 0.223927625 0.312287997
i 0.260738919 0.312287997
i 0.223927625 0.327643197
i 0.260738919 0.327643197
i 0.242333272 0.350675997
i 0.260738919 0.342998397
i 0.260738919 0.358353597
i 0.242333272 0.381386396
i 0.260738919 0.373708796
i 0.260738919 0.389063996
i 0.242333272 0.412096796
i 0.260738919 0.404419196
i 0.260738919 0.419774396
i 0.315955860 0.289255197
i 0.297550213 0.281577597
i 0.334361508 0.281577597
i 0.297550213 0.296932797
i 0.334361508 0.296932797
i 0.315955860 0.319965597
i 0.297550213 0.312287997
i 0.334361508 0.312287997
i 0.297550213 0.327643197
i 0.334361508 0.327643197
i 0.315955860 0.350675997
i 0.297550213 0.342998397
i 0.334361508 0.342998397
i 0.297550213 0.358353597
i 0.334361508 0.358353597
i 0.315955860 0.381386396
i 0.297550213 0.373708796
i 0.334361508 0.373708796
i 0.297550213 0.389063996
i 0.334361508 0.389063996
i 0.315955860 0.412096796
i 0.297550213 0.404419196
i 0.334361508 0.404419196
i 0.297550213 0.419774396
i 0.334361508 0.419774396
i 0.315955860 0.442807196
i 0.297550213 0.435129596
i 0.334361508 0.435129596
i 0.297550213 0.450484796
i 0.334361508 0.450484796
i 0.315955860 0.473517596
i 0.297550213 0.465839996
i 0.334361508 0.465839996
i 0.297550213 0.481195196
i 0.334361508 0.481195196
i 0.315955860 0.504227995
i 0.297550213 0.496550395
i 0.334361508 0.496550395
i 0.297550213 0.511905595
i 0.334361508 0.511905595
i 0.389578449 0.289255197
i 0.371172802 0.281577597
i 0.407984096 0.281577597
i 0.371172802 0.296932797
i 0.407984096 0.296932797
i 0.389578449 0.319965597
i 0.371172802 0.312287997
i 0.407984096 0.312287997
i 0.371172802 0.327643197
i 0.407984096 0.327643197
i 0.389578449 0.350675997
i 0.371172802 0.342998397
i 0.407984096 0.342998397
i 0.371172802 0.358353597
i 0.407984096 0.358353597
i 0.389578449 0.381386396
i 0.371172802 0.373708796
i 0.407984096 0.373708796
i 0.371172802 0.389063996
i 0.407984096 0.389063996
i 0.389578449 0.412096796
i 0.371172802 0.404419196
i 0.407984096 0.404419196
i 0.371172802 0.419774396
i 0.407984096 0.419774396
i 0.389578449 0.442807196
i 0.371172802 0.435129596
i 0.407984096 0.435129596
i 0.371172802 0.450484796
i 0.407984096 0.450484796
i 0.389578449 0.473517596
i 0.371172802 0.465839996
i 0.407984096 0.465839996
i 0.371172802 0.481195196
i 0.407984096 0.481195196
i 0.389578449 0.504227995
i 0.371172802 0.496550395
i 0.407984096 0.496550395
i 0.371172802 0.511905595
i 0.407984096 0.511905595
i 0.463201038 0.289255197
i 0.444795391 0.281577597
i 0.481606685 0.281577597
i 0.444795391 0.296932797
i 0.481606685 0.296932797
i 0.463201038 0.319965597
i 0.444795391 0.312287997
i 0.481606685 0.312287997
i 0.444795391 0.327643197
i 0.481606685 0.327643197
i 0.463201038 0.350675997
i 0.444795391 0.342998397
i 0.481606685 0.342998397
i 0.444795391 0.358353597
i 0.481606685 0.358353597
i 0.463201038 0.381386396
i 0.444795391 0.373708796
i 0.481606685 0.373708796
i 0.444795391 0.389063996
i 0.481606685 0.389063996
i 0.463201038 0.412096796
i 0.444795391 0.404419196
i 0.481606685 0.404419196
i 0.444795391 0.419774396
i 0.481606685 0.419774396
i 0.463201038 0.442807196
i 0.444795391 0.435129596
i 0.481606685 0.435129596
i 0.444795391 0.450484796
i 0.481606685 0.450484796
i 0.463201038 0.473517596
i 0.444795391 0.465839996
i 0.481606685 0.465839996
i 0.444795391 0.481195196
i 0.481606685 0.481195196
i 0.463201038 0.504227995
i 0.444795391 0.496550395
i 0.481606685 0.496550395
i 0.444795391 0.511905595
i 0.481606685 0.511905595
i 0.536823626 0.289255197
i 0.518417979 0.281577597
i 0.555229274 0.281577597
i 0.518417979 0.296932797
i 0.555229274 0.296932797
i 0.536823626 0.319965597
i 0.518417979 0.312287997
i 0.555229274 0.312287997
i 0.518417979 0.327643197
i 0.555229274 0.327643197
i 0.536823626 0.350675997
i 0.518417979 0.342998397
i 0.555229274 0.342998397
i 0.518417979 0.358353597
i 0.555229274 0.358353597
i 0.536823626 0.381386396
i 0.518417979 0.373708796
i 0.555229274 0.373708796
i 0.518417979 0.389063996
i 0.555229274 0.389063996
i 0.536823626 0.412096796
i 0.518417979 0.404419196
i 0.555229274 0.404419196
i 0.518417979 0.419774396
i 0.555229274 0.419774396
i 0.536823626 0.442807196
i 0.518417979 0.435129596
i 0.555229274 0.435129596
i 0.518417979 0.450484796
i 0.555229274 0.450484796
i 0.536823626 0.473517596
i 0.518417979 0.465839996
i 0.555229274 0.465839996
i 0.518417979 0.481195196
i 0.555229274 0.481195196
i 0.536823626 0.504227995
i 0.518417979 0.496550395
i 0.555229274 0.496550395
i 0.518417979 0.511905595
i 0.555229274 0.511905595
i 0.610446215 0.289255197
i 0.592040568 0.281577597
i 0.628851862 0.281577597
i 0.592040568 0.296932797
i 0.628851862 0.296932797
i 0.610446215 0.319965597
i 0.592040568 0.312287997
i 0.628851862 0.312287997
i 0.592040568 0.327643197
i 0.628851862 0.327643197
i 0.610446215 0.350675997
i 0.592040568 0.342998397
i 0.628851862 0.342998397
i 0.592040568 0.358353597
i 0.628851862 0.358353597
i 0.610446215 0.381386396
i 0.592040568 0.373708796
i 0.628851862 0.373708796
i 0.592040568 0.389063996
i 0.628851862 0.389063996
i 0.610446215 0.412096796
i 0.592040568 0.404419196
i 0.628851862 0.404419196
i 0.592040568 0.419774396
i 0.628851862 0.419774396
i 0.610446215 0.442807196
i 0.592040568 0.435129596
i 0.628851862 0.435129596
i 0.592040568 0.450484796
i 0.628851862 0.450484796
i 0.610446215 0.473517596
i 0.592040568 0.465839996
i 0.628851862 0.465839996
i 0.592040568 0.481195196
i 0.628851862 0.481195196
i 0.610446215 0.504227995
i 0.592040568 0.496550395
i 0.628851862 0.496550395
i 0.592040568 0.511905595
i 0.628851862 0.511905595
i 0.684068804 0.289255197
i 0.665663156 0.281577597
i 0.702474451 0.281577597
i 0.665663156 0.296932797
i 0.702474451 0.296932797
i 0.684068804 0.319965597
i 0.665663156 0.312287997
i 0.702474451 0.312287997
i 0.665663156 0.327643197
i 0.702474451 0.327643197
i 0.684068804 0.350675997
i 0.665663156 0.342998397
i 0.702474451 0.342998397
i 0.665663156 0.358353597
i 0.702474451 0.358353597
i 0.684068804 0.381386396
i 0.665663156 0.373708796
i 0.702474451 0.373708796
i 0.665663156 0.389063996
i 0.702474451 0.389063996
i 0.684068804 0.412096796
i 0.665663156 0.404419196
i 0.702474451 0.404419196
i 0.665663156 0.419774396
i 0.702474451 0.419774396
i 0.684068804 0.442807196
i 0.665663156 0.435129596
i 0.702474451 0.435129596
i 0.665663156 0.450484796
i 0.702474451 0.450484796
i 0.684068804 0.473517596
i 0.665663156 0.465839996
i 0.702474451 0.465839996
i 0.665663156 0.481195196
i 0.702474451 0.481195196
i 0.684068804 0.504227995
i 0.665663156 0.496550395
i 0.702474451 0.496550395
i 0.665663156 0.511905595
i 0.702474451 0.511905595
i 0.757691392 0.289255197
i 0.739285745 0.281577597
i 0.776097039 0.281577597
i 0.739285745 0.296932797
i 0.776097039 0.296932797
i 0.757691392 0.319965597
i 0.739285745 0.312287997
i 0.776097039 0.312287997
i 0.739285745 0.327643197
i 0.776097039 0.327643197
i 0.757691392 0.350675997
i 0.739285745 0.342998397
i 0.776097039 0.342998397
i 0.739285745 0.358353597
i 0.776097039 0.358353597
i 0.757691392 0.381386396
i 0.739285745 0.373708796
i 0.776097039 0.373708796
i 0.739285745 0.389063996
i 0.776097039 0.389063996
i 0.757691392 0.412096796
i 0.739285745 0.404419196
i 0.776097039 0.404419196
i 0.739285745 0.419774396
i 0.776097039 0.419774396
i 0.757691392 0.442807196
i 0.739285745 0.435129596
i 0.776097039 0.435129596
i 0.739285745 0.450484796
i 0.776097039 0.450484796
i 0.757691392 0.473517596
i 0.739285745 0.465839996
i 0.776097039 0.465839996
i 0.739285745 0.481195196
i 0.776097039 0.481195196
i 0.757691392 0.504227995
i 0.739285745 0.496550395
i 0.776097039 0.496550395
i 0.739285745 0.511905595
i 0.776097039 0.511905595
tris
t 55 56 544
t 56 57 544
t 57 58 544
t 58 59 544
t 59 60 544
t 60 61 544
t 61 552 544
t 61 553 552
t 61 62 553
t 62 554 553
t 62 63 554
t 63 555 554
t 63 556 555
t 63 64 556
t 64 557 556
t 64 65 557
t 65 558 557
t 65 559 558
t 65 66 559
t 66 560 559
t 66 561 560
t 66 67 561
t 67 562 561
t 67 68 562
t 68 563 562
t 68 564 563
t 68 69 564
t 69 565 564
t 69 566 565
t 69 70 566
t 70 567 566
t 70 71 567
t 71 568 567
t 71 569 568
t 71 72 569
t 72 570 569
t 72 73 570
t 73 571 570
t 73 572 571
t 73 74 572
t 74 573 572
t 74 574 573
t 74 75 574
t 75 575 574
t 75 76 575
t 76 576 575
t 76 577 576
t 76 77 577
t 77 578 577
t 77 579 578
t 77 78 579
t 78 580 579
t 78 79 580
t 79 581 580
t 79 582 581
t 79 80 582
t 80 583 582
t 80 81 583
t 81 584 583
t 81 585 584
t 81 82 585
t 82 586 585
t 82 587 586
t 82 83 587
t 83 588 587
t 83 84 588
t 84 589 588
t 84 590 589
t 84 85 590
t 85 591 590
t 85 592 591
t 85 86 592
t 86 593 592
t 86 87 593
t 87 594 593
t 87 595 594
t 87 88 595
t 88 596 595
t 88 89 596
t 89 597 596
t 89 598 597
t 89 90 598
t 90 599 598
t 90 600 599
t 90 91 600
t 91 601 600
t 91 92 601
t 92 602 601
t 92 603 602
t 92 93 603
t 93 604 603
t 93 605 604
t 93 94 605
t 94 606 605
t 94 95 606
t 95 607 606
t 95 608 607
t 95 96 608
t 96 609 608
t 96 97 609
t 97 610 609
t 97 611 610
t 97 98 611
t 98 612 611
t 98 613 612
t 98 99 613
t 99 614 613
t 99 100 614
t 100 615 614
t 100 616 615
t 100 101 616
t 101 617 616
t 101 618 617
t 101 102 618
t 102 619 618
t 102 103 619
t 103 620 619
t 103 621 620
t 103 104 621
t 104 622 621
t 104 545 622
t 104 105 545
t 105 106 545
t 106 107 545
t 107 108 545
t 108 109 545
t 109 110 545
t 55 544 54
t 54 544 53
t 53 544 52
t 52 544 51
t 51 544 50
t 50 544 49
t 49 544 48
t 48 544 47
t 47 544 46
t 46 544 45
t 45 544 44
t 44 544 43
t 43 544 42
t 42 544 41
t 41 544 40
t 40 544 546
t 110 111 545
t 111 112 545
t 112 113 545
t 113 114 545
t 114 115 545
t 115 116 545
t 116 117 545
t 117 118 545
t 118 119 545
t 119 120 545
t 120 121 545
t 121 122 545
t 122 123 545
t 123 124 545
t 124 125 545
t 125 547 545
t 544 552 546
t 552 553 546
t 553 623 546
t 553 554 623
t 554 624 623
t 554 555 624
t 555 625 624
t 555 556 625
t 556 626 625
t 556 557 626
t 557 627 626
t 557 558 627
t 558 628 627
t 558 559 628
t 559 629 628
t 559 560 629
t 560 630 629
t 560 561 630
t 561 631 630
t 561 562 631
t 562 632 631
t 562 563 632
t 563 633 632
t 563 564 633
t 564 634 633
t 564 565 634
t 565 635 634
t 565 566 635
t 566 636 635
t 566 567 636
t 567 637 636
t 567 568 637
t 568 638 637
t 568 569 638
t 569 639 638
t 569 570 639
t 570 640 639
t 570 571 640
t 571 641 640
t 571 572 641
t 572 642 641
t 572 573 642
t 573 643 642
t 573 574 643
t 574 644 643
t 574 575 644
t 575 645 644
t 575 576 645
t 576 646 645
t 576 577 646
t 577 647 646
t 577 578 647
t 578 648 647
t 578 579 648
t 579 649 648
t 579 580 649
t 580 650 649
t 580 581 650
t 581 651 650
t 581 582 651
t 582 652 651
t 582 583 652
t 583 653 652
t 583 584 653
t 584 654 653
t 584 585 654
t 585 655 654
t 585 586 655
t 586 656 655
t 586 587 656
t 587 657 656
t 587 588 657
t 588 658 657
t 588 589 658
t 589 659 658
t 589 590 659
t 590 660 659
t 590 591 660
t 591 661 660
t 591 592 661
t 592 662 661
t 592 593 662
t 593 663 662
t 593 594 663
t 594 664 663
t 594 595 664
t 595 665 664
t 595 596 665
t 596 666 665
t 596 597 666
t 597 667 666
t 597 598 667
t 598 668 667
t 598 599 668
t 599 669 668
t 599 600 669
t 600 670 669
t 600 601 670
t 601 671 670
t 601 602 671
t 602 672 671
t 602 603 672
t 603 673 672
t 603 604 673
t 604 674 673
t 604 605 674
t 605 675 674
t 605 606 675
t 606 676 675
t 606 607 676
t 607 677 676
t 607 608 677
t 608 678 677
t 608 609 678
t 609 679 678
t 609 610 679
t 610 680 679
t 610 611 680
t 611 681 680
t 611 612 681
t 612 682 681
t 612 613 682
t 613 683 682
t 613 614 683
t 614 684 683
t 614 615 684
t 615 685 684
t 615 616 685
t 616 686 685
t 616 617 686
t 617 687 686
t 617 618 687
t 618 688 687
t 618 619 688
t 619 689 688
t 619 620 689
t 620 690 689
t 620 621 690
t 621 691 690
t 621 622 691
t 622 692 691
t 622 547 692
t 622 545 547
t 40 546 39
t 39 546 38
t 38 546 37
t 37 546 36
t 36 546 35
t 35 546 34
t 34 546 33
t 33 546 32
t 32 546 31
t 31 546 30
t 30 546 29
t 29 546 28
t 28 546 27
t 27 546 26
t 26 546 548
t 125 126 547
t 126 127 547
t 127 128 547
t 128 129 547
t 129 130 547
t 130 131 547
t 131 132 547
t 132 133 547
t 133 134 547
t 134 135 547
t 135 136 547
t 136 137 547
t 137 138 547
t 138 139 547
t 139 549 547
t 546 623 548
t 623 624 548
t 624 625 548
t 625 626 548
t 626 693 548
t 626 627 693
t 627 694 693
t 627 628 694
t 628 695 694
t 628 629 695
t 629 696 695
t 629 630 696
t 630 697 696
t 630 631 697
t 631 698 697
t 631 632 698
t 632 699 698
t 632 633 699
t 633 700 699
t 633 634 700
t 634 701 700
t 634 635 701
t 635 702 701
t 635 636 702
t 636 703 702
t 636 637 703
t 637 704 703
t 637 638 704
t 638 705 704
t 638 639 705
t 639 706 705
t 639 640 706
t 640 707 706
t 640 641 707
t 641 708 707
t 641 642 708
t 642 709 708
t 642 643 709
t 643 710 709
t 643 644 710
t 644 711 710
t 644 645 711
t 645 712 711
t 645 646 712
t 646 713 712
t 646 647 713
t 647 714 713
t 647 648 714
t 648 715 714
t 648 649 715
t 649 716 715
t 649 650 716
t 650 717 716
t 650 651 717
t 651 718 717
t 651 652 718
t 652 719 718
t 652 653 719
t 653 720 719
t 653 654 720
t 654 721 720
t 654 655 721
t 655 722 721
t 655 656 722
t 656 723 722
t 656 657 723
t 657 724 723
t 657 658 724
t 658 725 724
t 658 659 725
t 659 726 725
t 659 660 726
t 660 727 726
t 660 661 727
t 661 728 727
t 661 662 728
t 662 729 728
t 662 663 729
t 663 730 729
t 663 664 730
t 664 731 730
t 664 665 731
t 665 732 731
t 665 666 732
t 666 733 732
t 666 667 733
t 667 734 733
t 667 668 734
t 668 735 734
t 668 669 735
t 669 736 735
t 669 670 736
t 670 737 736
t 670 671 737
t 671 738 737
t 671 672 738
t 672 739 738
t 672 673 739
t 673 740 739
t 673 674 740
t 674 741 740
t 674 675 741
t 675 742 741
t 675 676 742
t 676 743 742
t 676 677 743
t 677 744 743
t 677 678 744
t 678 745 744
t 678 679 745
t 679 746 745
t 679 680 746
t 680 747 746
t 680 681 747
t 681 748 747
t 681 682 748
t 682 749 748
t 682 683 749
t 683 750 749
t 683 684 750
t 684 751 750
t 684 685 751
t 685 752 751
t 685 686 752
t 686 753 752
t 686 687 753
t 687 754 753
t 687 688 754
t 688 755 754
t 688 689 755
t 689 756 755
t 689 690 756
t 690 757 756
t 690 691 757
t 691 758 757
t 691 692 758
t 692 759 758
t 692 547 759
t 547 549 759
t 26 548 25
t 25 548 24
t 24 548 23
t 23 548 22
t 22 548 21
t 21 548 20
t 20 548 19
t 19 548 18
t 18 548 17
t 17 548 16
t 16 548 15
t 15 548 14
t 14 548 13
t 13 548 550
t 139 140 549
t 140 141 549
t 141 142 549
t 142 143 549
t 143 144 549
t 144 145 549
t 145 146 549
t 146 147 549
t 147 148 549
t 148 149 549
t 149 150 549
t 150 151 549
t 151 152 549
t 152 551 549
t 548 693 550
t 693 694 550
t 694 695 550
t 695 760 550
t 695 696 760
t 696 761 760
t 696 697 761
t 697 762 761
t 697 698 762
t 698 763 762
t 698 699 763
t 699 764 763
t 699 700 764
t 700 765 764
t 700 701 765
t 701 766 765
t 701 702 766
t 702 767 766
t 702 703 767
t 703 768 767
t 703 704 768
t 704 769 768
t 704 705 769
t 705 770 769
t 705 706 770
t 706 771 770
t 706 707 771
t 707 772 771
t 707 708 772
t 708 773 772
t 708 709 773
t 709 774 773
t 709 710 774
t 710 775 774
t 710 711 775
t 711 776 775
t 711 712 776
t 712 777 776
t 712 713 777
t 713 778 777
t 713 714 778
t 714 779 778
t 714 715 779
t 715 780 779
t 715 716 780
t 716 781 780
t 716 717 781
t 717 782 781
t 717 718 782
t 718 783 782
t 718 719 783
t 719 784 783
t 719 720 784
t 720 785 784
t 720 721 785
t 721 786 785
t 721 722 786
t 722 787 786
t 722 723 787
t 723 788 787
t 723 724 788
t 724 789 788
t 724 725 789
t 725 790 789
t 725 726 790
t 726 791 790
t 726 727 791
t 727 792 791
t 727 728 792
t 728 793 792
t 728 729 793
t 729 794 793
t 729 730 794
t 730 795 794
t 730 731 795
t 731 796 795
t 731 732 796
t 732 797 796
t 732 733 797
t 733 798 797
t 733 734 798
t 734 799 798
t 734 735 799
t 735 800 799
t 735 736 800
t 736 801 800
t 736 737 801
t 737 802 801
t 737 738 802
t 738 803 802
t 738 739 803
t 739 804 803
t 739 740 804
t 740 805 804
t 740 741 805
t 741 806 805
t 741 742 806
t 742 807 806
t 742 743 807
t 743 808 807
t 743 744 808
t 744 809 808
t 744 745 809
t 745 810 809
t 745 746 810
t 746 811 810
t 746 747 811
t 747 812 811
t 747 748 812
t 748 813 812
t 748 749 813
t 749 814 813
t 749 750 814
t 750 815 814
t 750 751 815
t 751 816 815
t 751 752 816
t 752 817 816
t 752 753 817
t 753 818 817
t 753 754 818
t 754 819 818
t 754 755 819
t 755 820 819
t 755 756 820
t 756 821 820
t 756 757 821
t 757 822 821
t 757 758 822
t 758 823 822
t 758 759 823
t 759 824 823
t 759 551 824
t 759 549 551
t 13 550 12
t 12 550 11
t 11 550 10
t 10 550 9
t 9 550 8
t 8 550 7
t 7 550 6
t 6 550 5
t 5 550 4
t 4 550 3
t 3 550 2
t 2 550 1
t 1 550 0
t 152 153 551
t 153 154 551
t 154 155 551
t 155 156 551
t 156 157 551
t 157 158 551
t 158 159 551
t 159 160 551
t 160 161 551
t 161 162 551
t 162 163 551
t 163 164 551
t 164 165 551
t 550 195 0
t 550 194 195
t 550 760 194
t 760 761 194
t 761 193 194
t 761 762 193
t 762 763 193
t 763 192 193
t 763 764 192
t 764 765 192
t 765 766 192
t 766 191 192
t 766 767 191
t 767 768 191
t 768 190 191
t 768 769 190
t 769 770 190
t 770 771 190
t 771 189 190
t 771 772 189
t 772 773 189
t 773 774 189
t 774 188 189
t 774 775 188
t 775 776 188
t 776 187 188
t 776 777 187
t 777 778 187
t 778 779 187
t 779 186 187
t 779 780 186
t 780 781 186
t 781 185 186
t 781 782 185
t 782 783 185
t 783 784 185
t 784 184 185
t 784 785 184
t 785 786 184
t 786 787 184
t 787 183 184
t 787 788 183
t 788 789 183
t 789 182 183
t 789 790 182
t 790 791 182
t 791 792 182
t 792 181 182
t 792 793 181
t 793 794 181
t 794 180 181
t 794 795 180
t 795 796 180
t 796 797 180
t 797 179 180
t 797 798 179
t 798 799 179
t 799 800 179
t 800 178 179
t 800 801 178
t 801 802 178
t 802 177 178
t 802 803 177
t 803 804 177
t 804 805 177
t 805 176 177
t 805 806 176
t 806 807 176
t 807 175 176
t 807 808 175
t 808 809 175
t 809 810 175
t 810 174 175
t 810 811 174
t 811 812 174
t 812 813 174
t 813 173 174
t 813 814 173
t 814 815 173
t 815 172 173
t 815 816 172
t 816 817 172
t 817 818 172
t 818 171 172
t 818 819 171
t 819 820 171
t 820 170 171
t 820 821 170
t 821 822 170
t 822 823 170
t 823 169 170
t 823 824 169
t 824 551 169
t 551 168 169
t 551 167 168
t 551 166 167
t 551 165 166
