type=Nurbs forward=false n_boundary=166 n_holes=0 n_interior=113 n_tris=210 label=brep62542_f236_Nurbs(deg=3/3, cps=8x7)
boundary
b 0.000000000 0.000000000
b 0.018184142 0.000004647
b 0.036368250 0.000017629
b 0.054552199 0.000037505
b 0.072735901 0.000062834
b 0.090919300 0.000092176
b 0.109102373 0.000124090
b 0.127285132 0.000157137
b 0.145467618 0.000189876
b 0.163649911 0.000220865
b 0.181832119 0.000248665
b 0.200014386 0.000271836
b 0.218196888 0.000288935
b 0.236379835 0.000298524
b 0.254563468 0.000299169
b 0.272747913 0.000290384
b 0.290932979 0.000273521
b 0.309118348 0.000250143
b 0.327303601 0.000221814
b 0.345488245 0.000190096
b 0.363671962 0.000156546
b 0.381854600 0.000122712
b 0.400036028 0.000090144
b 0.418216138 0.000060394
b 0.436394843 0.000035010
b 0.454572077 0.000015542
b 0.472747794 0.000003542
b 0.490921967 0.000000559
b 0.509094596 0.000008080
b 0.527265883 0.000026128
b 0.545436210 0.000053260
b 0.563605951 0.000087969
b 0.581775459 0.000128750
b 0.599945066 0.000174097
b 0.618115085 0.000222503
b 0.636285808 0.000272461
b 0.654457503 0.000322466
b 0.672630413 0.000371010
b 0.690804615 0.000416607
b 0.708980004 0.000457794
b 0.727156547 0.000493115
b 0.745334306 0.000521109
b 0.763513428 0.000540428
b 0.781694050 0.000550673
b 0.799876271 0.000551934
b 0.818060173 0.000544307
b 0.836245827 0.000527885
b 0.854433285 0.000502764
b 0.872622590 0.000469039
b 0.890813769 0.000426804
b 0.909006834 0.000376154
b 0.927201785 0.000317183
b 0.945398610 0.000249988
b 0.963597283 0.000174663
b 0.981797763 0.000091302
b 1.000000000 0.000000000
b 1.000002631 0.018181600
b 1.000010869 0.036362611
b 1.000024184 0.054543081
b 1.000042060 0.072723057
b 1.000063993 0.090902585
b 1.000089491 0.109081713
b 1.000118073 0.127260486
b 1.000149269 0.145438951
b 1.000182616 0.163617153
b 1.000217663 0.181795141
b 1.000253967 0.199972959
b 1.000291091 0.218150654
b 1.000328606 0.236328273
b 1.000366090 0.254505863
b 1.000403126 0.272683471
b 1.000439306 0.290861143
b 1.000474222 0.309038927
b 1.000507475 0.327216871
b 1.000538669 0.345395021
b 1.000567410 0.363573426
b 1.000593311 0.381752133
b 1.000615986 0.399931190
b 1.000635050 0.418110645
b 1.000650125 0.436290545
b 1.000660831 0.454470938
b 1.000666791 0.472651872
b 1.000667658 0.490833389
b 1.000663501 0.509015481
b 1.000654707 0.527198108
b 1.000641668 0.545381228
b 1.000624768 0.563564800
b 1.000604388 0.581748785
b 1.000580904 0.599933140
b 1.000554687 0.618117825
b 1.000526104 0.636302799
b 1.000495518 0.654488022
b 1.000463290 0.672673453
b 1.000429776 0.690859051
b 1.000395332 0.709044774
b 1.000360307 0.727230583
b 1.000325052 0.745416436
b 1.000289915 0.763602292
b 1.000255241 0.781788110
b 1.000221374 0.799973849
b 1.000188658 0.818159468
b 1.000157436 0.836344925
b 1.000128048 0.854530181
b 1.000100837 0.872715193
b 1.000076144 0.890899920
b 1.000054310 0.909084321
b 1.000035676 0.927268356
b 1.000020585 0.945451982
b 1.000009379 0.963635159
b 1.000002402 0.981817845
b 1.000000000 1.000000000
b 0.981817631 1.000000000
b 0.963634060 1.000000000
b 0.945449173 1.000000000
b 0.927262910 1.000000000
b 0.909075261 1.000000000
b 0.890886264 1.000000000
b 0.872696009 1.000000000
b 0.854504633 1.000000000
b 0.836312321 1.000000000
b 0.818119307 1.000000000
b 0.799925870 1.000000000
b 0.781732336 1.000000000
b 0.763539074 1.000000000
b 0.745346501 1.000000000
b 0.727155075 1.000000000
b 0.708965297 1.000000000
b 0.690777710 1.000000000
b 0.672592898 1.000000000
b 0.654411462 1.000000000
b 0.636233719 1.000000000
b 0.618059688 1.000000000
b 0.599889261 1.000000000
b 0.581722207 1.000000000
b 0.563558173 1.000000000
b 0.545396690 1.000000000
b 0.527237170 1.000000000
b 0.509078909 1.000000000
b 0.490921091 1.000000000
b 0.472762830 1.000000000
b 0.454603310 1.000000000
b 0.436441827 1.000000000
b 0.418277793 1.000000000
b 0.400110739 1.000000000
b 0.381940312 1.000000000
b 0.363766281 1.000000000
b 0.345588538 1.000000000
b 0.327407102 1.000000000
b 0.309222290 1.000000000
b 0.291034703 1.000000000
b 0.272844925 1.000000000
b 0.254653499 1.000000000
b 0.236460926 1.000000000
b 0.218267664 1.000000000
b 0.200074130 1.000000000
b 0.181880693 1.000000000
b 0.163687679 1.000000000
b 0.145495367 1.000000000
b 0.127303991 1.000000000
b 0.109113736 1.000000000
b 0.090924739 1.000000000
b 0.072737090 1.000000000
b 0.054550827 1.000000000
b 0.036365940 1.000000000
b 0.018182369 1.000000000
b 0.000000000 1.000000000
interior
i 0.125083457 0.125000000
i 0.250166915 0.125000000
i 0.375250372 0.125000000
i 0.500333829 0.125000000
i 0.625417287 0.125000000
i 0.750500744 0.125000000
i 0.875584201 0.125000000
i 0.125083457 0.250000000
i 0.250166915 0.250000000
i 0.375250372 0.250000000
i 0.500333829 0.250000000
i 0.625417287 0.250000000
i 0.750500744 0.250000000
i 0.875584201 0.250000000
i 0.125083457 0.375000000
i 0.250166915 0.375000000
i 0.375250372 0.375000000
i 0.500333829 0.375000000
i 0.625417287 0.375000000
i 0.750500744 0.375000000
i 0.875584201 0.375000000
i 0.125083457 0.500000000
i 0.250166915 0.500000000
i 0.375250372 0.500000000
i 0.500333829 0.500000000
i 0.625417287 0.500000000
i 0.750500744 0.500000000
i 0.875584201 0.500000000
i 0.125083457 0.625000000
i 0.250166915 0.625000000
i 0.375250372 0.625000000
i 0.500333829 0.625000000
i 0.625417287 0.625000000
i 0.750500744 0.625000000
i 0.875584201 0.625000000
i 0.125083457 0.750000000
i 0.250166915 0.750000000
i 0.375250372 0.750000000
i 0.500333829 0.750000000
i 0.625417287 0.750000000
i 0.750500744 0.750000000
i 0.875584201 0.750000000
i 0.125083457 0.875000000
i 0.250166915 0.875000000
i 0.375250372 0.875000000
i 0.500333829 0.875000000
i 0.625417287 0.875000000
i 0.750500744 0.875000000
i 0.875584201 0.875000000
i 0.062541729 0.062500000
i 0.062541729 0.187500000
i 0.062541729 0.312500000
i 0.062541729 0.437500000
i 0.062541729 0.562500000
i 0.062541729 0.687500000
i 0.062541729 0.812500000
i 0.062541729 0.937500000
i 0.187625186 0.062500000
i 0.187625186 0.187500000
i 0.187625186 0.312500000
i 0.187625186 0.437500000
i 0.187625186 0.562500000
i 0.187625186 0.687500000
i 0.187625186 0.812500000
i 0.187625186 0.937500000
i 0.312708643 0.062500000
i 0.312708643 0.187500000
i 0.312708643 0.312500000
i 0.312708643 0.437500000
i 0.312708643 0.562500000
i 0.312708643 0.687500000
i 0.312708643 0.812500000
i 0.312708643 0.937500000
i 0.437792101 0.062500000
i 0.437792101 0.187500000
i 0.437792101 0.312500000
i 0.437792101 0.437500000
i 0.437792101 0.562500000
i 0.437792101 0.687500000
i 0.437792101 0.812500000
i 0.437792101 0.937500000
i 0.562875558 0.062500000
i 0.562875558 0.187500000
i 0.562875558 0.312500000
i 0.562875558 0.437500000
i 0.562875558 0.562500000
i 0.562875558 0.687500000
i 0.562875558 0.812500000
i 0.562875558 0.937500000
i 0.687959015 0.062500000
i 0.687959015 0.187500000
i 0.687959015 0.312500000
i 0.687959015 0.437500000
i 0.687959015 0.562500000
i 0.687959015 0.687500000
i 0.687959015 0.812500000
i 0.687959015 0.937500000
i 0.813042472 0.062500000
i 0.813042472 0.187500000
i 0.813042472 0.312500000
i 0.813042472 0.437500000
i 0.813042472 0.562500000
i 0.813042472 0.687500000
i 0.813042472 0.812500000
i 0.813042472 0.937500000
i 0.938125930 0.062500000
i 0.938125930 0.187500000
i 0.938125930 0.312500000
i 0.938125930 0.437500000
i 0.938125930 0.562500000
i 0.938125930 0.687500000
i 0.938125930 0.812500000
i 0.938125930 0.937500000
tris
t 0 1 2
t 2 3 4
t 4 5 6
t 20 21 22
t 22 23 24
t 24 25 26
t 26 27 28
t 28 29 30
t 30 31 32
t 32 33 34
t 54 55 56
t 69 70 71
t 71 72 73
t 73 74 75
t 75 76 77
t 77 78 79
t 79 80 81
t 81 82 83
t 83 84 85
t 85 86 87
t 87 88 89
t 89 90 91
t 91 92 93
t 93 94 95
t 109 110 111
t 164 165 166
t 178 179 180
t 185 186 187
t 192 193 194
t 199 200 201
t 206 207 208
t 230 231 232
t 262 263 264
t 270 271 272
t 0 2 4
t 4 6 7
t 19 20 22
t 22 24 26
t 26 28 30
t 30 32 34
t 53 54 56
t 67 69 71
t 71 73 75
t 75 77 79
t 79 81 83
t 83 85 87
t 87 89 91
t 91 93 95
t 108 109 111
t 262 264 265
t 270 272 273
t 0 4 7
t 19 22 26
t 26 30 34
t 52 53 56
t 71 75 79
t 79 83 87
t 87 91 95
t 107 108 111
t 262 265 266
t 270 273 274
t 0 7 8
t 18 19 26
t 34 35 26
t 35 36 26
t 51 52 56
t 66 67 79
t 67 68 79
t 68 69 79
t 69 71 79
t 79 87 95
t 106 107 111
t 262 266 267
t 270 274 275
t 0 8 9
t 17 18 26
t 26 36 37
t 50 51 56
t 65 66 79
t 79 95 96
t 105 106 111
t 262 267 268
t 270 275 276
t 0 9 10
t 17 26 37
t 49 50 56
t 64 65 79
t 79 96 97
t 104 105 111
t 16 17 37
t 48 49 56
t 63 64 79
t 79 97 98
t 103 104 111
t 15 16 37
t 47 48 56
t 63 79 98
t 102 103 111
t 14 15 37
t 46 47 56
t 62 63 98
t 101 102 111
t 13 14 37
t 45 46 56
t 61 62 98
t 100 101 111
t 13 37 38
t 44 45 56
t 60 61 98
t 99 100 111
t 13 38 39
t 43 44 56
t 59 60 98
t 98 99 111
t 13 39 40
t 42 43 56
t 58 59 98
t 98 111 112
t 13 40 41
t 41 42 56
t 57 58 98
t 13 41 56
t 56 57 98
t 12 13 56
t 56 98 112
t 11 12 56
t 10 11 56
t 0 10 56
t 166 172 173
t 173 178 180
t 180 185 187
t 187 192 194
t 194 199 201
t 201 206 208
t 230 232 238
t 238 239 246
t 246 247 254
t 254 255 262
t 262 268 270
t 164 166 173
t 164 173 180
t 164 180 187
t 164 187 194
t 164 194 201
t 208 222 223
t 270 276 278
t 278 0 56
t 164 201 208
t 208 223 230
t 278 56 112
t 164 208 230
t 270 278 112
t 112 113 230
t 113 114 230
t 114 115 230
t 115 116 230
t 116 117 230
t 117 118 230
t 118 119 230
t 119 120 230
t 120 121 230
t 121 122 230
t 122 123 230
t 123 124 230
t 124 125 230
t 125 126 230
t 126 127 230
t 127 128 230
t 128 129 230
t 129 130 230
t 130 131 230
t 131 132 230
t 132 133 230
t 133 134 230
t 134 135 230
t 135 136 230
t 136 137 230
t 137 138 230
t 138 139 230
t 139 140 230
t 140 141 230
t 141 142 230
t 142 143 230
t 143 144 230
t 144 145 230
t 145 146 230
t 146 147 230
t 147 148 230
t 148 149 230
t 149 150 230
t 150 151 230
t 151 152 230
t 152 153 230
t 153 154 230
t 154 155 230
t 155 156 230
t 156 157 230
t 157 158 230
t 158 159 230
t 159 160 230
t 160 161 230
t 161 162 230
t 162 163 230
t 163 164 230
t 262 270 112
t 112 230 238
t 254 262 112
t 112 238 246
t 246 254 112
t 222 208 214
