type=Cylinder forward=true n_boundary=294 n_holes=0 n_interior=365 n_tris=657 label=brep62542_f35_Cylinder
boundary
b 4.628135076 -1.520000000
b 4.628135076 -1.970000000
b 4.628125255 -1.972764589
b 4.628095647 -1.975532452
b 4.628046037 -1.978301875
b 4.627976209 -1.981071147
b 4.627885945 -1.983838554
b 4.627775029 -1.986602384
b 4.627643246 -1.989360924
b 4.627490378 -1.992112462
b 4.627316210 -1.994855284
b 4.627120525 -1.997587679
b 4.626903107 -2.000307933
b 4.626663876 -2.003013948
b 4.626403298 -2.005702080
b 4.626121978 -2.008368302
b 4.625820519 -2.011008583
b 4.625499523 -2.013618896
b 4.625159594 -2.016195210
b 4.624801336 -2.018733498
b 4.624425352 -2.021229730
b 4.624032245 -2.023679876
b 4.623622619 -2.026079909
b 4.623197076 -2.028425799
b 4.622756111 -2.030714212
b 4.622299785 -2.032944590
b 4.621828049 -2.035117070
b 4.621340854 -2.037231788
b 4.620838152 -2.039288882
b 4.620319894 -2.041288489
b 4.619786031 -2.043230744
b 4.619236515 -2.045115786
b 4.618671297 -2.046943751
b 4.618090329 -2.048714776
b 4.617493561 -2.050428997
b 4.616881103 -2.052086117
b 4.616253695 -2.053684097
b 4.615612236 -2.055220465
b 4.614957624 -2.056692748
b 4.614290757 -2.058098472
b 4.613612534 -2.059435165
b 4.612923853 -2.060700354
b 4.612225613 -2.061891566
b 4.611518711 -2.063006328
b 4.610804046 -2.064042166
b 4.610082517 -2.064996609
b 4.609354947 -2.065867621
b 4.608621870 -2.066654924
b 4.607883744 -2.067358676
b 4.607141030 -2.067979037
b 4.606394185 -2.068516167
b 4.605643671 -2.068970224
b 4.604889945 -2.069341368
b 4.604133468 -2.069629759
b 4.603374698 -2.069835554
b 4.602614095 -2.069958915
b 4.601852118 -2.070000000
b 4.600547414 -2.070000000
b 4.599242710 -2.070000000
b 4.597938007 -2.070000000
b 4.596633303 -2.070000000
b 4.595328599 -2.070000000
b 4.594023895 -2.070000000
b 4.592719192 -2.070000000
b 4.591414488 -2.070000000
b 4.590109784 -2.070000000
b 4.588805080 -2.070000000
b 4.587500377 -2.070000000
b 4.586195673 -2.070000000
b 4.584890969 -2.070000000
b 4.583586265 -2.070000000
b 4.582281562 -2.070000000
b 4.580976858 -2.070000000
b 4.579672154 -2.070000000
b 4.578367450 -2.070000000
b 4.577062747 -2.070000000
b 4.575758043 -2.070000000
b 4.574453339 -2.070000000
b 4.573148635 -2.070000000
b 4.571843932 -2.070000000
b 4.570539228 -2.070000000
b 4.569234524 -2.070000000
b 4.567929820 -2.070000000
b 4.566625117 -2.070000000
b 4.565320413 -2.070000000
b 4.564015709 -2.070000000
b 4.562711005 -2.070000000
b 4.561406302 -2.070000000
b 4.560101598 -2.070000000
b 4.558796894 -2.070000000
b 4.557492190 -2.070000000
b 4.556187487 -2.070000000
b 4.554882783 -2.070000000
b 4.553578079 -2.070000000
b 4.552273375 -2.070000000
b 4.550968672 -2.070000000
b 4.549663968 -2.070000000
b 4.548359264 -2.070000000
b 4.547054560 -2.070000000
b 4.545749857 -2.070000000
b 4.544445153 -2.070000000
b 4.543140449 -2.070000000
b 4.541835745 -2.070000000
b 4.540531042 -2.070000000
b 4.539226338 -2.070000000
b 4.537921634 -2.070000000
b 4.536616930 -2.070000000
b 4.535312227 -2.070000000
b 4.534007523 -2.070000000
b 4.532702819 -2.070000000
b 4.531398115 -2.070000000
b 4.530093412 -2.070000000
b 4.528788708 -2.070000000
b 4.527484004 -2.070000000
b 4.526179300 -2.070000000
b 4.524874597 -2.070000000
b 4.523569893 -2.070000000
b 4.522265189 -2.070000000
b 4.520960485 -2.070000000
b 4.519655782 -2.070000000
b 4.519655782 -3.950786317
b 4.523159943 -3.950961259
b 4.526664105 -3.951132141
b 4.530168270 -3.951298761
b 4.533672440 -3.951460922
b 4.537176616 -3.951618424
b 4.540680800 -3.951771067
b 4.544184995 -3.951918651
b 4.547689202 -3.952060978
b 4.551193424 -3.952197848
b 4.554697662 -3.952329061
b 4.558201917 -3.952454417
b 4.561706193 -3.952573719
b 4.565210491 -3.952686765
b 4.568714813 -3.952793357
b 4.572219161 -3.952893294
b 4.575723536 -3.952986379
b 4.579227942 -3.953072410
b 4.582732379 -3.953151189
b 4.586236850 -3.953222527
b 4.589741352 -3.953286361
b 4.593245883 -3.953342709
b 4.596750438 -3.953391590
b 4.600255014 -3.953433022
b 4.603759605 -3.953467027
b 4.607264210 -3.953493621
b 4.610768823 -3.953512826
b 4.614273440 -3.953524660
b 4.617778059 -3.953529142
b 4.621282674 -3.953526291
b 4.624787281 -3.953516127
b 4.628291878 -3.953498669
b 4.631796460 -3.953473936
b 4.635301023 -3.953441947
b 4.638805563 -3.953402722
b 4.642310076 -3.953356280
b 4.645814559 -3.953302640
b 4.649319007 -3.953241815
b 4.652823417 -3.953173480
b 4.656327785 -3.953096782
b 4.659832108 -3.953010824
b 4.663336382 -3.952914709
b 4.666840602 -3.952807539
b 4.670344767 -3.952688416
b 4.673848871 -3.952556444
b 4.677352912 -3.952410725
b 4.680856885 -3.952250361
b 4.684360786 -3.952074455
b 4.687864613 -3.951882109
b 4.691368360 -3.951672427
b 4.694872025 -3.951444510
b 4.698375604 -3.951197461
b 4.701879092 -3.950930383
b 4.705382487 -3.950642379
b 4.708885784 -3.950332550
b 4.712388980 -3.950000000
b 4.712388980 -1.500000000
b 4.711048842 -1.500000000
b 4.709708704 -1.500000000
b 4.708368566 -1.500000000
b 4.707028428 -1.500000000
b 4.705688290 -1.500000000
b 4.704348152 -1.500000000
b 4.703008014 -1.500000000
b 4.701667876 -1.500000000
b 4.700327738 -1.500000000
b 4.698987601 -1.500000000
b 4.697647463 -1.500000000
b 4.696307325 -1.500000000
b 4.694967187 -1.500000000
b 4.693627049 -1.500000000
b 4.692286911 -1.500000000
b 4.690946773 -1.500000000
b 4.689606635 -1.500000000
b 4.688266497 -1.500000000
b 4.686926359 -1.500000000
b 4.685586221 -1.500000000
b 4.684246083 -1.500000000
b 4.682905945 -1.500000000
b 4.681565807 -1.500000000
b 4.680225669 -1.500000000
b 4.678885531 -1.500000000
b 4.677545393 -1.500000000
b 4.676205255 -1.500000000
b 4.674865117 -1.500000000
b 4.673524979 -1.500000000
b 4.672184841 -1.500000000
b 4.670844703 -1.500000000
b 4.669504565 -1.500000000
b 4.668164427 -1.500000000
b 4.666824289 -1.500000000
b 4.665484151 -1.500000000
b 4.664144013 -1.500000000
b 4.662803875 -1.500000000
b 4.661463737 -1.500000000
b 4.660123599 -1.500000000
b 4.658783461 -1.500000000
b 4.657443323 -1.500000000
b 4.656103185 -1.500000000
b 4.654763047 -1.500000000
b 4.653422909 -1.500000000
b 4.652082771 -1.500000000
b 4.650742633 -1.500000000
b 4.649402495 -1.500000000
b 4.648062357 -1.500000000
b 4.646722219 -1.500000000
b 4.645382081 -1.500000000
b 4.644041943 -1.500000000
b 4.642701805 -1.500000000
b 4.641361667 -1.500000000
b 4.640021529 -1.500000000
b 4.638681391 -1.500000000
b 4.637341253 -1.500000000
b 4.636001115 -1.500000000
b 4.634660977 -1.500000000
b 4.633320839 -1.500000000
b 4.631980701 -1.500000000
b 4.630640563 -1.500000000
b 4.629300425 -1.500000000
b 4.627960287 -1.500000000
b 4.627966584 -1.500363131
b 4.627972765 -1.500726289
b 4.627978830 -1.501089475
b 4.627984780 -1.501452689
b 4.627990615 -1.501815929
b 4.627996334 -1.502179195
b 4.628001938 -1.502542486
b 4.628007427 -1.502905802
b 4.628012800 -1.503269142
b 4.628018057 -1.503632507
b 4.628023199 -1.503995894
b 4.628028226 -1.504359304
b 4.628033137 -1.504722737
b 4.628037933 -1.505086191
b 4.628042613 -1.505449666
b 4.628047178 -1.505813161
b 4.628051627 -1.506176676
b 4.628055961 -1.506540211
b 4.628060179 -1.506903765
b 4.628064281 -1.507267337
b 4.628068269 -1.507630927
b 4.628072140 -1.507994534
b 4.628075896 -1.508358158
b 4.628079537 -1.508721798
b 4.628083062 -1.509085454
b 4.628086471 -1.509449126
b 4.628089765 -1.509812812
b 4.628092944 -1.510176513
b 4.628096007 -1.510540228
b 4.628098954 -1.510903956
b 4.628101786 -1.511267697
b 4.628104502 -1.511631450
b 4.628107103 -1.511995215
b 4.628109588 -1.512358992
b 4.628111957 -1.512722779
b 4.628114211 -1.513086577
b 4.628116350 -1.513450385
b 4.628118372 -1.513814202
b 4.628120280 -1.514178028
b 4.628122071 -1.514541863
b 4.628123747 -1.514905705
b 4.628125308 -1.515269554
b 4.628126753 -1.515633410
b 4.628128082 -1.515997272
b 4.628129296 -1.516361139
b 4.628130394 -1.516725012
b 4.628131377 -1.517088889
b 4.628132244 -1.517452770
b 4.628132995 -1.517816654
b 4.628133631 -1.518180541
b 4.628134151 -1.518544431
b 4.628134555 -1.518908322
b 4.628134844 -1.519272214
b 4.628135018 -1.519636107
interior
i 4.535716882 -3.890618138
i 4.551777981 -3.890618138
i 4.567839081 -3.890618138
i 4.583900181 -3.890618138
i 4.599961281 -3.890618138
i 4.616022381 -3.890618138
i 4.632083481 -3.890618138
i 4.648144581 -3.890618138
i 4.664205681 -3.890618138
i 4.680266781 -3.890618138
i 4.696327880 -3.890618138
i 4.535716882 -3.827707134
i 4.551777981 -3.827707134
i 4.567839081 -3.827707134
i 4.583900181 -3.827707134
i 4.599961281 -3.827707134
i 4.616022381 -3.827707134
i 4.632083481 -3.827707134
i 4.648144581 -3.827707134
i 4.664205681 -3.827707134
i 4.680266781 -3.827707134
i 4.696327880 -3.827707134
i 4.535716882 -3.764796131
i 4.551777981 -3.764796131
i 4.567839081 -3.764796131
i 4.583900181 -3.764796131
i 4.599961281 -3.764796131
i 4.616022381 -3.764796131
i 4.632083481 -3.764796131
i 4.648144581 -3.764796131
i 4.664205681 -3.764796131
i 4.680266781 -3.764796131
i 4.696327880 -3.764796131
i 4.535716882 -3.701885127
i 4.551777981 -3.701885127
i 4.567839081 -3.701885127
i 4.583900181 -3.701885127
i 4.599961281 -3.701885127
i 4.616022381 -3.701885127
i 4.632083481 -3.701885127
i 4.648144581 -3.701885127
i 4.664205681 -3.701885127
i 4.680266781 -3.701885127
i 4.696327880 -3.701885127
i 4.535716882 -3.638974123
i 4.551777981 -3.638974123
i 4.567839081 -3.638974123
i 4.583900181 -3.638974123
i 4.599961281 -3.638974123
i 4.616022381 -3.638974123
i 4.632083481 -3.638974123
i 4.648144581 -3.638974123
i 4.664205681 -3.638974123
i 4.680266781 -3.638974123
i 4.696327880 -3.638974123
i 4.535716882 -3.576063120
i 4.551777981 -3.576063120
i 4.567839081 -3.576063120
i 4.583900181 -3.576063120
i 4.599961281 -3.576063120
i 4.616022381 -3.576063120
i 4.632083481 -3.576063120
i 4.648144581 -3.576063120
i 4.664205681 -3.576063120
i 4.680266781 -3.576063120
i 4.696327880 -3.576063120
i 4.535716882 -3.513152116
i 4.551777981 -3.513152116
i 4.567839081 -3.513152116
i 4.583900181 -3.513152116
i 4.599961281 -3.513152116
i 4.616022381 -3.513152116
i 4.632083481 -3.513152116
i 4.648144581 -3.513152116
i 4.664205681 -3.513152116
i 4.680266781 -3.513152116
i 4.696327880 -3.513152116
i 4.535716882 -3.450241113
i 4.551777981 -3.450241113
i 4.567839081 -3.450241113
i 4.583900181 -3.450241113
i 4.599961281 -3.450241113
i 4.616022381 -3.450241113
i 4.632083481 -3.450241113
i 4.648144581 -3.450241113
i 4.664205681 -3.450241113
i 4.680266781 -3.450241113
i 4.696327880 -3.450241113
i 4.535716882 -3.387330109
i 4.551777981 -3.387330109
i 4.567839081 -3.387330109
i 4.583900181 -3.387330109
i 4.599961281 -3.387330109
i 4.616022381 -3.387330109
i 4.632083481 -3.387330109
i 4.648144581 -3.387330109
i 4.664205681 -3.387330109
i 4.680266781 -3.387330109
i 4.696327880 -3.387330109
i 4.535716882 -3.324419105
i 4.551777981 -3.324419105
i 4.567839081 -3.324419105
i 4.583900181 -3.324419105
i 4.599961281 -3.324419105
i 4.616022381 -3.324419105
i 4.632083481 -3.324419105
i 4.648144581 -3.324419105
i 4.664205681 -3.324419105
i 4.680266781 -3.324419105
i 4.696327880 -3.324419105
i 4.535716882 -3.261508102
i 4.551777981 -3.261508102
i 4.567839081 -3.261508102
i 4.583900181 -3.261508102
i 4.599961281 -3.261508102
i 4.616022381 -3.261508102
i 4.632083481 -3.261508102
i 4.648144581 -3.261508102
i 4.664205681 -3.261508102
i 4.680266781 -3.261508102
i 4.696327880 -3.261508102
i 4.535716882 -3.198597098
i 4.551777981 -3.198597098
i 4.567839081 -3.198597098
i 4.583900181 -3.198597098
i 4.599961281 -3.198597098
i 4.616022381 -3.198597098
i 4.632083481 -3.198597098
i 4.648144581 -3.198597098
i 4.664205681 -3.198597098
i 4.680266781 -3.198597098
i 4.696327880 -3.198597098
i 4.535716882 -3.135686094
i 4.551777981 -3.135686094
i 4.567839081 -3.135686094
i 4.583900181 -3.135686094
i 4.599961281 -3.135686094
i 4.616022381 -3.135686094
i 4.632083481 -3.135686094
i 4.648144581 -3.135686094
i 4.664205681 -3.135686094
i 4.680266781 -3.135686094
i 4.696327880 -3.135686094
i 4.535716882 -3.072775091
i 4.551777981 -3.072775091
i 4.567839081 -3.072775091
i 4.583900181 -3.072775091
i 4.599961281 -3.072775091
i 4.616022381 -3.072775091
i 4.632083481 -3.072775091
i 4.648144581 -3.072775091
i 4.664205681 -3.072775091
i 4.680266781 -3.072775091
i 4.696327880 -3.072775091
i 4.535716882 -3.009864087
i 4.551777981 -3.009864087
i 4.567839081 -3.009864087
i 4.583900181 -3.009864087
i 4.599961281 -3.009864087
i 4.616022381 -3.009864087
i 4.632083481 -3.009864087
i 4.648144581 -3.009864087
i 4.664205681 -3.009864087
i 4.680266781 -3.009864087
i 4.696327880 -3.009864087
i 4.535716882 -2.946953084
i 4.551777981 -2.946953084
i 4.567839081 -2.946953084
i 4.583900181 -2.946953084
i 4.599961281 -2.946953084
i 4.616022381 -2.946953084
i 4.632083481 -2.946953084
i 4.648144581 -2.946953084
i 4.664205681 -2.946953084
i 4.680266781 -2.946953084
i 4.696327880 -2.946953084
i 4.535716882 -2.884042080
i 4.551777981 -2.884042080
i 4.567839081 -2.884042080
i 4.583900181 -2.884042080
i 4.599961281 -2.884042080
i 4.616022381 -2.884042080
i 4.632083481 -2.884042080
i 4.648144581 -2.884042080
i 4.664205681 -2.884042080
i 4.680266781 -2.884042080
i 4.696327880 -2.884042080
i 4.535716882 -2.821131076
i 4.551777981 -2.821131076
i 4.567839081 -2.821131076
i 4.583900181 -2.821131076
i 4.599961281 -2.821131076
i 4.616022381 -2.821131076
i 4.632083481 -2.821131076
i 4.648144581 -2.821131076
i 4.664205681 -2.821131076
i 4.680266781 -2.821131076
i 4.696327880 -2.821131076
i 4.535716882 -2.758220073
i 4.551777981 -2.758220073
i 4.567839081 -2.758220073
i 4.583900181 -2.758220073
i 4.599961281 -2.758220073
i 4.616022381 -2.758220073
i 4.632083481 -2.758220073
i 4.648144581 -2.758220073
i 4.664205681 -2.758220073
i 4.680266781 -2.758220073
i 4.696327880 -2.758220073
i 4.535716882 -2.695309069
i 4.551777981 -2.695309069
i 4.567839081 -2.695309069
i 4.583900181 -2.695309069
i 4.599961281 -2.695309069
i 4.616022381 -2.695309069
i 4.632083481 -2.695309069
i 4.648144581 -2.695309069
i 4.664205681 -2.695309069
i 4.680266781 -2.695309069
i 4.696327880 -2.695309069
i 4.535716882 -2.632398065
i 4.551777981 -2.632398065
i 4.567839081 -2.632398065
i 4.583900181 -2.632398065
i 4.599961281 -2.632398065
i 4.616022381 -2.632398065
i 4.632083481 -2.632398065
i 4.648144581 -2.632398065
i 4.664205681 -2.632398065
i 4.680266781 -2.632398065
i 4.696327880 -2.632398065
i 4.535716882 -2.569487062
i 4.551777981 -2.569487062
i 4.567839081 -2.569487062
i 4.583900181 -2.569487062
i 4.599961281 -2.569487062
i 4.616022381 -2.569487062
i 4.632083481 -2.569487062
i 4.648144581 -2.569487062
i 4.664205681 -2.569487062
i 4.680266781 -2.569487062
i 4.696327880 -2.569487062
i 4.535716882 -2.506576058
i 4.551777981 -2.506576058
i 4.567839081 -2.506576058
i 4.583900181 -2.506576058
i 4.599961281 -2.506576058
i 4.616022381 -2.506576058
i 4.632083481 -2.506576058
i 4.648144581 -2.506576058
i 4.664205681 -2.506576058
i 4.680266781 -2.506576058
i 4.696327880 -2.506576058
i 4.535716882 -2.443665054
i 4.551777981 -2.443665054
i 4.567839081 -2.443665054
i 4.583900181 -2.443665054
i 4.599961281 -2.443665054
i 4.616022381 -2.443665054
i 4.632083481 -2.443665054
i 4.648144581 -2.443665054
i 4.664205681 -2.443665054
i 4.680266781 -2.443665054
i 4.696327880 -2.443665054
i 4.535716882 -2.380754051
i 4.551777981 -2.380754051
i 4.567839081 -2.380754051
i 4.583900181 -2.380754051
i 4.599961281 -2.380754051
i 4.616022381 -2.380754051
i 4.632083481 -2.380754051
i 4.648144581 -2.380754051
i 4.664205681 -2.380754051
i 4.680266781 -2.380754051
i 4.696327880 -2.380754051
i 4.535716882 -2.317843047
i 4.551777981 -2.317843047
i 4.567839081 -2.317843047
i 4.583900181 -2.317843047
i 4.599961281 -2.317843047
i 4.616022381 -2.317843047
i 4.632083481 -2.317843047
i 4.648144581 -2.317843047
i 4.664205681 -2.317843047
i 4.680266781 -2.317843047
i 4.696327880 -2.317843047
i 4.535716882 -2.254932044
i 4.551777981 -2.254932044
i 4.567839081 -2.254932044
i 4.583900181 -2.254932044
i 4.599961281 -2.254932044
i 4.616022381 -2.254932044
i 4.632083481 -2.254932044
i 4.648144581 -2.254932044
i 4.664205681 -2.254932044
i 4.680266781 -2.254932044
i 4.696327880 -2.254932044
i 4.535716882 -2.192021040
i 4.551777981 -2.192021040
i 4.567839081 -2.192021040
i 4.583900181 -2.192021040
i 4.599961281 -2.192021040
i 4.616022381 -2.192021040
i 4.632083481 -2.192021040
i 4.648144581 -2.192021040
i 4.664205681 -2.192021040
i 4.680266781 -2.192021040
i 4.696327880 -2.192021040
i 4.535716882 -2.129110036
i 4.551777981 -2.129110036
i 4.567839081 -2.129110036
i 4.583900181 -2.129110036
i 4.599961281 -2.129110036
i 4.616022381 -2.129110036
i 4.632083481 -2.129110036
i 4.648144581 -2.129110036
i 4.664205681 -2.129110036
i 4.680266781 -2.129110036
i 4.696327880 -2.129110036
i 4.616022381 -2.066199033
i 4.632083481 -2.066199033
i 4.648144581 -2.066199033
i 4.664205681 -2.066199033
i 4.680266781 -2.066199033
i 4.696327880 -2.066199033
i 4.632083481 -2.003288029
i 4.648144581 -2.003288029
i 4.664205681 -2.003288029
i 4.680266781 -2.003288029
i 4.696327880 -2.003288029
i 4.632083481 -1.940377025
i 4.648144581 -1.940377025
i 4.664205681 -1.940377025
i 4.680266781 -1.940377025
i 4.696327880 -1.940377025
i 4.632083481 -1.877466022
i 4.648144581 -1.877466022
i 4.664205681 -1.877466022
i 4.680266781 -1.877466022
i 4.696327880 -1.877466022
i 4.632083481 -1.814555018
i 4.648144581 -1.814555018
i 4.664205681 -1.814555018
i 4.680266781 -1.814555018
i 4.696327880 -1.814555018
i 4.632083481 -1.751644015
i 4.648144581 -1.751644015
i 4.664205681 -1.751644015
i 4.680266781 -1.751644015
i 4.696327880 -1.751644015
i 4.632083481 -1.688733011
i 4.648144581 -1.688733011
i 4.664205681 -1.688733011
i 4.680266781 -1.688733011
i 4.696327880 -1.688733011
i 4.632083481 -1.625822007
i 4.648144581 -1.625822007
i 4.664205681 -1.625822007
i 4.680266781 -1.625822007
i 4.696327880 -1.625822007
i 4.632083481 -1.562911004
i 4.648144581 -1.562911004
i 4.664205681 -1.562911004
i 4.680266781 -1.562911004
i 4.696327880 -1.562911004
tris
t 657 658 0
t 118 119 120
t 120 121 122
t 122 123 124
t 124 125 126
t 126 127 128
t 128 129 130
t 130 131 132
t 132 133 134
t 134 135 136
t 136 137 138
t 138 139 140
t 140 141 142
t 142 143 144
t 144 145 146
t 146 147 148
t 148 149 150
t 150 151 152
t 152 153 154
t 154 155 156
t 156 157 158
t 158 159 160
t 160 161 162
t 162 163 164
t 164 165 166
t 166 167 168
t 168 169 170
t 170 171 172
t 172 173 174
t 174 175 176
t 238 239 240
t 303 304 305
t 314 315 316
t 325 326 327
t 336 337 338
t 347 348 349
t 358 359 360
t 369 370 371
t 380 381 382
t 391 392 393
t 402 403 404
t 413 414 415
t 424 425 426
t 435 436 437
t 446 447 448
t 457 458 459
t 468 469 470
t 479 480 481
t 490 491 492
t 501 502 503
t 512 513 514
t 523 524 525
t 534 535 536
t 545 546 547
t 556 557 558
t 567 568 569
t 578 579 580
t 589 590 591
t 600 601 602
t 611 612 613
t 617 618 619
t 622 623 624
t 627 628 629
t 632 633 634
t 637 638 639
t 642 643 644
t 647 648 649
t 652 653 654
t 656 657 0
t 117 118 120
t 120 122 124
t 124 126 128
t 128 130 132
t 132 134 136
t 136 138 140
t 140 142 144
t 144 146 148
t 148 150 152
t 152 154 156
t 156 158 160
t 160 162 164
t 164 166 168
t 168 170 172
t 172 174 176
t 237 238 240
t 302 303 305
t 313 314 316
t 324 325 327
t 335 336 338
t 346 347 349
t 357 358 360
t 368 369 371
t 379 380 382
t 390 391 393
t 401 402 404
t 412 413 415
t 423 424 426
t 434 435 437
t 445 446 448
t 456 457 459
t 467 468 470
t 478 479 481
t 489 490 492
t 500 501 503
t 511 512 514
t 522 523 525
t 533 534 536
t 544 545 547
t 555 556 558
t 566 567 569
t 577 578 580
t 588 589 591
t 599 600 602
t 610 611 613
t 616 617 619
t 621 622 624
t 626 627 629
t 631 632 634
t 636 637 639
t 641 642 644
t 646 647 649
t 651 652 654
t 655 656 0
t 116 117 120
t 120 124 128
t 128 132 136
t 136 140 144
t 144 148 152
t 152 156 160
t 160 164 168
t 168 172 176
t 236 237 240
t 301 302 305
t 312 313 316
t 323 324 327
t 334 335 338
t 345 346 349
t 356 357 360
t 367 368 371
t 378 379 382
t 389 390 393
t 400 401 404
t 411 412 415
t 422 423 426
t 433 434 437
t 444 445 448
t 455 456 459
t 466 467 470
t 477 478 481
t 488 489 492
t 499 500 503
t 510 511 514
t 521 522 525
t 532 533 536
t 543 544 547
t 554 555 558
t 565 566 569
t 576 577 580
t 587 588 591
t 598 599 602
t 609 610 613
t 615 616 619
t 620 621 624
t 625 626 629
t 630 631 634
t 635 636 639
t 640 641 644
t 645 646 649
t 650 651 654
t 654 655 0
t 115 116 120
t 120 128 136
t 136 144 152
t 152 160 168
t 168 176 177
t 235 236 240
t 300 301 305
t 311 312 316
t 322 323 327
t 333 334 338
t 344 345 349
t 355 356 360
t 366 367 371
t 377 378 382
t 388 389 393
t 399 400 404
t 410 411 415
t 421 422 426
t 432 433 437
t 443 444 448
t 454 455 459
t 465 466 470
t 476 477 481
t 487 488 492
t 498 499 503
t 509 510 514
t 520 521 525
t 531 532 536
t 542 543 547
t 553 554 558
t 564 565 569
t 575 576 580
t 586 587 591
t 597 598 602
t 608 609 613
t 614 615 619
t 619 620 624
t 624 625 629
t 629 630 634
t 634 635 639
t 639 640 644
t 644 645 649
t 649 650 654
t 654 0 1
t 114 115 120
t 120 136 152
t 152 168 177
t 234 235 240
t 299 300 305
t 310 311 316
t 321 322 327
t 332 333 338
t 343 344 349
t 354 355 360
t 365 366 371
t 376 377 382
t 387 388 393
t 398 399 404
t 409 410 415
t 420 421 426
t 431 432 437
t 442 443 448
t 453 454 459
t 464 465 470
t 475 476 481
t 486 487 492
t 497 498 503
t 508 509 514
t 519 520 525
t 530 531 536
t 541 542 547
t 552 553 558
t 563 564 569
t 574 575 580
t 585 586 591
t 596 597 602
t 607 608 613
t 613 614 619
t 649 654 1
t 113 114 120
t 152 177 178
t 233 234 240
t 298 299 305
t 309 310 316
t 320 321 327
t 331 332 338
t 342 343 349
t 353 354 360
t 364 365 371
t 375 376 382
t 386 387 393
t 397 398 404
t 408 409 415
t 419 420 426
t 430 431 437
t 441 442 448
t 452 453 459
t 463 464 470
t 474 475 481
t 485 486 492
t 496 497 503
t 507 508 514
t 518 519 525
t 529 530 536
t 540 541 547
t 551 552 558
t 562 563 569
t 573 574 580
t 584 585 591
t 595 596 602
t 606 607 613
t 644 649 1
t 112 113 120
t 152 178 179
t 232 233 240
t 297 298 305
t 308 309 316
t 319 320 327
t 330 331 338
t 341 342 349
t 352 353 360
t 363 364 371
t 374 375 382
t 385 386 393
t 396 397 404
t 407 408 415
t 418 419 426
t 429 430 437
t 440 441 448
t 451 452 459
t 462 463 470
t 473 474 481
t 484 485 492
t 495 496 503
t 506 507 514
t 517 518 525
t 528 529 536
t 539 540 547
t 550 551 558
t 561 562 569
t 572 573 580
t 583 584 591
t 594 595 602
t 605 606 613
t 639 644 1
t 111 112 120
t 152 179 180
t 231 232 240
t 296 297 305
t 307 308 316
t 318 319 327
t 329 330 338
t 340 341 349
t 351 352 360
t 362 363 371
t 373 374 382
t 384 385 393
t 395 396 404
t 406 407 415
t 417 418 426
t 428 429 437
t 439 440 448
t 450 451 459
t 461 462 470
t 472 473 481
t 483 484 492
t 494 495 503
t 505 506 514
t 516 517 525
t 527 528 536
t 538 539 547
t 549 550 558
t 560 561 569
t 571 572 580
t 582 583 591
t 593 594 602
t 604 605 613
t 634 639 1
t 110 111 120
t 152 180 181
t 230 231 240
t 295 296 305
t 306 307 316
t 317 318 327
t 328 329 338
t 339 340 349
t 350 351 360
t 361 362 371
t 372 373 382
t 383 384 393
t 394 395 404
t 405 406 415
t 416 417 426
t 427 428 437
t 438 439 448
t 449 450 459
t 460 461 470
t 471 472 481
t 482 483 492
t 493 494 503
t 504 505 514
t 515 516 525
t 526 527 536
t 537 538 547
t 548 549 558
t 559 560 569
t 570 571 580
t 581 582 591
t 592 593 602
t 603 604 613
t 629 634 1
t 109 110 120
t 152 181 182
t 229 230 240
t 294 295 305
t 305 306 316
t 316 317 327
t 327 328 338
t 338 339 349
t 349 350 360
t 360 361 371
t 371 372 382
t 382 383 393
t 393 394 404
t 404 405 415
t 415 416 426
t 426 427 437
t 437 438 448
t 448 449 459
t 459 460 470
t 470 471 481
t 481 482 492
t 492 493 503
t 503 504 514
t 514 515 525
t 525 526 536
t 536 537 547
t 547 548 558
t 558 559 569
t 569 570 580
t 580 581 591
t 591 592 602
t 602 603 613
t 624 629 1
t 108 109 120
t 152 182 183
t 228 229 240
t 619 624 1
t 107 108 120
t 152 183 184
t 227 228 240
t 619 1 2
t 152 184 185
t 226 227 240
t 619 2 3
t 152 185 186
t 225 226 240
t 619 3 4
t 152 186 187
t 224 225 240
t 619 4 5
t 152 187 188
t 223 224 240
t 619 5 6
t 152 188 189
t 222 223 240
t 619 6 7
t 152 189 190
t 221 222 240
t 619 7 8
t 152 190 191
t 220 221 240
t 619 8 9
t 152 191 192
t 219 220 240
t 619 9 10
t 152 192 193
t 218 219 240
t 619 10 11
t 152 193 194
t 217 218 240
t 619 11 12
t 152 194 195
t 216 217 240
t 619 12 13
t 152 195 196
t 215 216 240
t 619 13 14
t 152 196 197
t 214 215 240
t 619 14 15
t 152 197 198
t 213 214 240
t 619 15 16
t 152 198 199
t 212 213 240
t 619 16 17
t 152 199 200
t 211 212 240
t 619 17 18
t 152 200 201
t 210 211 240
t 619 18 19
t 152 201 202
t 209 210 240
t 619 19 20
t 152 202 203
t 208 209 240
t 619 20 21
t 152 203 204
t 207 208 240
t 619 21 22
t 152 204 205
t 206 207 240
t 619 22 23
t 152 205 206
t 206 240 241
t 613 619 23
t 206 241 242
t 613 23 24
t 206 242 243
t 613 24 25
t 206 243 244
t 613 25 26
t 206 244 245
t 613 26 27
t 206 245 246
t 613 27 28
t 206 246 247
t 613 28 29
t 206 247 248
t 613 29 30
t 206 248 249
t 613 30 31
t 206 249 250
t 613 31 32
t 206 250 251
t 613 32 33
t 206 251 252
t 613 33 34
t 206 252 253
t 613 34 35
t 206 253 254
t 613 35 36
t 206 254 255
t 613 36 37
t 206 255 256
t 613 37 38
t 206 256 257
t 613 38 39
t 206 257 258
t 613 39 40
t 206 258 259
t 613 40 41
t 206 259 260
t 613 41 42
t 206 260 261
t 613 42 43
t 206 261 262
t 613 43 44
t 206 262 263
t 613 44 45
t 206 263 264
t 613 45 46
t 206 264 265
t 613 46 47
t 206 265 266
t 613 47 48
t 206 266 267
t 602 613 48
t 206 267 268
t 602 48 49
t 206 268 269
t 602 49 50
t 206 269 270
t 602 50 51
t 206 270 271
t 602 51 52
t 206 271 272
t 602 52 53
t 206 272 273
t 602 53 54
t 206 273 274
t 602 54 55
t 206 274 275
t 602 55 56
t 206 275 276
t 602 56 57
t 206 276 277
t 602 57 58
t 206 277 278
t 602 58 59
t 206 278 279
t 602 59 60
t 206 279 280
t 602 60 61
t 206 280 281
t 602 61 62
t 206 281 282
t 602 62 63
t 206 282 283
t 602 63 64
t 206 283 284
t 602 64 65
t 206 284 285
t 602 65 66
t 206 285 286
t 602 66 67
t 206 286 287
t 602 67 68
t 206 287 288
t 602 68 69
t 206 288 289
t 602 69 70
t 289 290 206
t 290 291 206
t 291 152 206
t 602 70 71
t 602 71 72
t 602 72 73
t 152 291 292
t 602 73 74
t 152 292 293
t 602 74 75
t 152 293 294
t 602 75 76
t 120 152 294
t 602 76 77
t 107 120 294
t 602 77 78
t 107 294 305
t 602 78 79
t 107 305 316
t 602 79 80
t 107 316 327
t 602 80 81
t 107 327 338
t 602 81 82
t 107 338 349
t 602 82 83
t 107 349 360
t 602 83 84
t 107 360 371
t 602 84 85
t 107 371 382
t 602 85 86
t 107 382 393
t 602 86 87
t 107 393 404
t 602 87 88
t 107 404 415
t 602 88 89
t 107 415 426
t 602 89 90
t 107 426 437
t 602 90 91
t 107 437 448
t 602 91 92
t 107 448 459
t 602 92 93
t 107 459 470
t 602 93 94
t 107 470 481
t 602 94 95
t 107 481 492
t 602 95 96
t 107 492 503
t 602 96 97
t 107 503 514
t 602 97 98
t 107 514 525
t 602 98 99
t 107 525 536
t 602 99 100
t 107 536 547
t 602 100 101
t 107 547 558
t 602 101 102
t 107 558 569
t 602 102 103
t 107 569 580
t 602 103 104
t 107 580 591
t 602 104 105
t 107 591 602
t 602 105 106
t 106 107 602
