type=Nurbs forward=true n_boundary=275 n_holes=0 n_interior=56 n_tris=2191 label=brep62542_f240_Nurbs(deg=3/3, cps=6x6)
boundary
b 0.417775946 0.433540948
b 0.410306373 0.433540948
b 0.402836967 0.433540948
b 0.395367724 0.433540949
b 0.387898640 0.433540950
b 0.380429709 0.433540951
b 0.372960927 0.433540951
b 0.365492291 0.433540953
b 0.358023794 0.433540954
b 0.350555433 0.433540955
b 0.343087203 0.433540957
b 0.335619099 0.433540958
b 0.328151117 0.433540960
b 0.320683252 0.433540962
b 0.313215499 0.433540964
b 0.305747853 0.433540966
b 0.298280310 0.433540968
b 0.290812866 0.433540970
b 0.283345514 0.433540972
b 0.275878251 0.433540974
b 0.268411072 0.433540977
b 0.260943972 0.433540979
b 0.253476946 0.433540982
b 0.246009989 0.433540984
b 0.238543097 0.433540987
b 0.231076264 0.433540989
b 0.223609487 0.433540992
b 0.216142759 0.433540994
b 0.208676077 0.433540997
b 0.201209435 0.433541000
b 0.193742829 0.433541002
b 0.186276253 0.433541005
b 0.178809704 0.433541007
b 0.171343175 0.433541010
b 0.163876663 0.433541012
b 0.156410163 0.433541015
b 0.148943669 0.433541017
b 0.141477177 0.433541020
b 0.134010682 0.433541022
b 0.126544180 0.433541024
b 0.119077665 0.433541026
b 0.111611132 0.433541028
b 0.104144578 0.433541030
b 0.096677997 0.433541032
b 0.089211384 0.433541034
b 0.081744736 0.433541036
b 0.074278046 0.433541037
b 0.066811311 0.433541038
b 0.059344525 0.433541040
b 0.051877685 0.433541041
b 0.044410785 0.433541042
b 0.036943821 0.433541042
b 0.029476788 0.433541043
b 0.022009682 0.433541043
b 0.014542499 0.433541043
b 0.014701641 0.425538388
b 0.014854590 0.417682214
b 0.015003309 0.409826269
b 0.015147853 0.401970006
b 0.015288285 0.394112883
b 0.015424679 0.386254357
b 0.015557118 0.378393884
b 0.015685694 0.370530922
b 0.015810509 0.362664926
b 0.015931676 0.354795355
b 0.016049314 0.346921665
b 0.016163555 0.339043316
b 0.016274540 0.331159767
b 0.016382418 0.323270480
b 0.016487348 0.315374916
b 0.016589501 0.307472541
b 0.016689056 0.299562821
b 0.016786201 0.291645226
b 0.016881133 0.283719317
b 0.016974040 0.275785698
b 0.017065085 0.267845648
b 0.017154406 0.259900458
b 0.017242119 0.251951419
b 0.017328317 0.243999822
b 0.017413069 0.236046960
b 0.017496422 0.228094120
b 0.017578397 0.220142593
b 0.017658995 0.212193663
b 0.017738192 0.204248612
b 0.017815939 0.196308721
b 0.017892168 0.188375262
b 0.017966783 0.180449507
b 0.018039669 0.172532719
b 0.018110686 0.164626156
b 0.018179670 0.156731068
b 0.018246437 0.148848701
b 0.018310779 0.140980278
b 0.018372496 0.133126347
b 0.018431429 0.125286414
b 0.018487431 0.117459896
b 0.018540368 0.109646210
b 0.018590112 0.101844775
b 0.018636550 0.094055009
b 0.018679574 0.086276335
b 0.018719090 0.078508173
b 0.018755010 0.070749949
b 0.018787259 0.063001087
b 0.018815770 0.055261017
b 0.018840487 0.047529169
b 0.018861361 0.039804977
b 0.018878356 0.032087878
b 0.018891442 0.024377311
b 0.018900602 0.016672719
b 0.018905826 0.008973550
b 0.018907114 0.001279255
b 0.021033432 0.001279255
b 0.023159751 0.001279255
b 0.025286070 0.001279255
b 0.027412389 0.001279255
b 0.029538709 0.001279255
b 0.031665029 0.001279255
b 0.033791349 0.001279255
b 0.035917669 0.001279255
b 0.038043990 0.001279255
b 0.040170311 0.001279255
b 0.042296632 0.001279255
b 0.044422953 0.001279255
b 0.046549274 0.001279255
b 0.048675596 0.001279255
b 0.050801917 0.001279255
b 0.052928238 0.001279255
b 0.055054560 0.001279255
b 0.057180881 0.001279255
b 0.059307202 0.001279255
b 0.061433523 0.001279255
b 0.063559844 0.001279255
b 0.065686165 0.001279255
b 0.067812486 0.001279255
b 0.069938806 0.001279255
b 0.072065127 0.001279255
b 0.074191447 0.001279255
b 0.076317767 0.001279255
b 0.078444087 0.001279255
b 0.080570407 0.001279255
b 0.082696726 0.001279255
b 0.084823045 0.001279255
b 0.086949364 0.001279255
b 0.089075683 0.001279255
b 0.091202001 0.001279255
b 0.093328320 0.001279255
b 0.095454638 0.001279255
b 0.097580955 0.001279255
b 0.099707273 0.001279255
b 0.101833590 0.001279255
b 0.103959907 0.001279255
b 0.106086224 0.001279255
b 0.108212540 0.001279255
b 0.110338856 0.001279255
b 0.112465172 0.001279255
b 0.114591488 0.001279255
b 0.116717804 0.001279255
b 0.118844119 0.001279255
b 0.120970434 0.001279255
b 0.123096749 0.001279255
b 0.125223064 0.001279255
b 0.127349378 0.001279255
b 0.129475693 0.001279255
b 0.131602007 0.001279255
b 0.133728321 0.001279255
b 0.135854635 0.001279255
b 0.135854672 0.001746476
b 0.135854708 0.002213725
b 0.135854743 0.002681003
b 0.135854778 0.003148308
b 0.135854811 0.003615641
b 0.135854842 0.004083002
b 0.135854873 0.004550391
b 0.135854903 0.005017808
b 0.135854931 0.005485252
b 0.135854958 0.005952724
b 0.135854983 0.006420224
b 0.135855007 0.006887751
b 0.135855029 0.007355305
b 0.135855050 0.007822888
b 0.135855069 0.008290497
b 0.135855086 0.008758134
b 0.135855101 0.009225799
b 0.135855115 0.009693490
b 0.135855126 0.010161209
b 0.135855136 0.010628956
b 0.135855143 0.011096729
b 0.135855149 0.011564530
b 0.135855152 0.012032358
b 0.135855153 0.012500213
b 0.135855151 0.012968094
b 0.135855147 0.013436003
b 0.135855141 0.013903939
b 0.135855132 0.014371902
b 0.135855121 0.014839892
b 0.135855106 0.015307908
b 0.135855090 0.015775952
b 0.135855070 0.016244022
b 0.135855047 0.016712119
b 0.135855022 0.017180242
b 0.135854994 0.017648392
b 0.135854962 0.018116569
b 0.135854928 0.018584773
b 0.135854890 0.019053003
b 0.135854849 0.019521259
b 0.135854805 0.019989542
b 0.135854757 0.020457852
b 0.135854706 0.020926187
b 0.135854651 0.021394550
b 0.135854593 0.021862938
b 0.135854531 0.022331353
b 0.135854466 0.022799794
b 0.135854397 0.023268261
b 0.135854324 0.023736755
b 0.135854247 0.024205274
b 0.135854166 0.024673820
b 0.135854081 0.025142392
b 0.135853992 0.025610990
b 0.135853899 0.026079614
b 0.135853801 0.026548264
b 0.135853700 0.027016940
b 0.135899924 0.032678643
b 0.136042804 0.038428256
b 0.136286326 0.044263746
b 0.136634464 0.050183046
b 0.137091178 0.056184061
b 0.137660412 0.062264661
b 0.138346097 0.068422689
b 0.139152145 0.074655953
b 0.140082451 0.080962234
b 0.141141032 0.087339617
b 0.142332817 0.093788420
b 0.143663133 0.100309848
b 0.145137337 0.106905082
b 0.146760817 0.113575269
b 0.148538987 0.120321524
b 0.150477293 0.127144928
b 0.152581207 0.134046523
b 0.154856232 0.141027316
b 0.157307982 0.148088162
b 0.159943098 0.155228635
b 0.162768875 0.162447461
b 0.165792623 0.169743318
b 0.169021652 0.177114843
b 0.172463275 0.184560636
b 0.176124808 0.192079257
b 0.180013564 0.199669227
b 0.184136859 0.207329031
b 0.188501988 0.215057049
b 0.193115852 0.222850128
b 0.197984936 0.230703595
b 0.203115663 0.238612701
b 0.208514419 0.246572694
b 0.214187543 0.254578819
b 0.220141337 0.262626322
b 0.226382061 0.270710459
b 0.232915933 0.278826492
b 0.239749165 0.286969712
b 0.246889863 0.295136017
b 0.254349132 0.303322241
b 0.262138363 0.311525317
b 0.270268979 0.319742202
b 0.278752435 0.327969878
b 0.287600224 0.336205354
b 0.296823868 0.344445672
b 0.306434925 0.352687904
b 0.316444973 0.360929149
b 0.326863258 0.369164009
b 0.337693247 0.377380971
b 0.348937507 0.385567777
b 0.360598592 0.393712371
b 0.372679056 0.401802908
b 0.385181472 0.409827759
b 0.398108455 0.417775515
b 0.411462672 0.425635004
b 0.425245691 0.433540948
interior
i 0.065880398 0.055311978
i 0.117218297 0.055311978
i 0.065880398 0.109344702
i 0.117218297 0.109344702
i 0.065880398 0.163377425
i 0.117218297 0.163377425
i 0.065880398 0.217410149
i 0.117218297 0.217410149
i 0.168556196 0.217410149
i 0.065880398 0.271442873
i 0.117218297 0.271442873
i 0.168556196 0.271442873
i 0.219894095 0.271442873
i 0.065880398 0.325475596
i 0.117218297 0.325475596
i 0.168556196 0.325475596
i 0.219894095 0.325475596
i 0.271231994 0.325475596
i 0.065880398 0.379508320
i 0.117218297 0.379508320
i 0.168556196 0.379508320
i 0.219894095 0.379508320
i 0.271231994 0.379508320
i 0.322569893 0.379508320
i 0.040211448 0.028295616
i 0.040211448 0.082328340
i 0.040211448 0.136361064
i 0.040211448 0.190393787
i 0.040211448 0.244426511
i 0.040211448 0.298459234
i 0.040211448 0.352491958
i 0.040211448 0.406524682
i 0.091549347 0.028295616
i 0.091549347 0.082328340
i 0.091549347 0.136361064
i 0.091549347 0.190393787
i 0.091549347 0.244426511
i 0.091549347 0.298459234
i 0.091549347 0.352491958
i 0.091549347 0.406524682
i 0.142887246 0.136361064
i 0.142887246 0.190393787
i 0.142887246 0.244426511
i 0.142887246 0.298459234
i 0.142887246 0.352491958
i 0.142887246 0.406524682
i 0.194225145 0.244426511
i 0.194225145 0.298459234
i 0.194225145 0.352491958
i 0.194225145 0.406524682
i 0.245563044 0.298459234
i 0.245563044 0.352491958
i 0.245563044 0.406524682
i 0.296900943 0.352491958
i 0.296900943 0.406524682
i 0.348238842 0.406524682
tris
t 109 107 108
t 109 106 107
t 109 105 106
t 109 104 105
t 109 103 104
t 109 102 103
t 164 165 166
t 164 166 167
t 164 167 168
t 164 168 169
t 164 169 170
t 164 170 171
t 164 171 172
t 164 172 173
t 164 173 174
t 164 174 175
t 164 175 176
t 164 176 177
t 164 177 178
t 164 178 179
t 164 179 180
t 164 180 181
t 164 181 182
t 164 182 183
t 164 183 184
t 164 184 185
t 164 185 186
t 164 186 187
t 164 187 188
t 164 188 189
t 164 189 190
t 164 190 191
t 164 191 192
t 164 192 193
t 164 193 194
t 164 194 195
t 164 195 196
t 164 196 197
t 164 197 198
t 164 198 199
t 164 199 200
t 164 200 201
t 164 201 202
t 164 202 203
t 164 203 204
t 164 204 205
t 164 205 206
t 164 206 207
t 164 207 208
t 164 208 209
t 164 209 210
t 164 210 211
t 164 211 212
t 164 212 213
t 164 213 214
t 164 214 215
t 164 215 216
t 164 216 217
t 164 217 218
t 164 218 219
t 164 219 220
t 164 220 221
t 164 221 222
t 164 222 223
t 109 331 102
t 109 332 331
t 109 333 332
t 109 334 333
t 109 335 334
t 109 336 335
t 109 337 336
t 109 110 337
t 110 338 337
t 110 339 338
t 110 111 339
t 111 340 339
t 111 112 340
t 112 341 340
t 112 113 341
t 113 342 341
t 113 343 342
t 113 114 343
t 114 344 343
t 114 115 344
t 115 345 344
t 115 116 345
t 116 346 345
t 116 117 346
t 117 347 346
t 117 348 347
t 117 118 348
t 118 349 348
t 118 119 349
t 119 350 349
t 119 120 350
t 120 351 350
t 120 352 351
t 120 121 352
t 121 353 352
t 121 122 353
t 122 354 353
t 122 123 354
t 123 355 354
t 123 124 355
t 124 356 355
t 124 357 356
t 124 125 357
t 125 358 357
t 125 126 358
t 126 359 358
t 126 127 359
t 127 360 359
t 127 128 360
t 128 361 360
t 128 362 361
t 128 129 362
t 129 363 362
t 129 130 363
t 130 364 363
t 130 131 364
t 131 365 364
t 131 366 365
t 131 132 366
t 132 367 366
t 132 133 367
t 133 368 367
t 133 134 368
t 134 369 368
t 134 135 369
t 135 370 369
t 135 371 370
t 135 136 371
t 136 372 371
t 136 137 372
t 137 373 372
t 137 138 373
t 138 374 373
t 138 375 374
t 138 139 375
t 139 376 375
t 139 140 376
t 140 377 376
t 140 141 377
t 141 378 377
t 141 142 378
t 142 379 378
t 142 380 379
t 142 143 380
t 143 381 380
t 143 144 381
t 144 382 381
t 144 145 382
t 145 383 382
t 145 384 383
t 145 146 384
t 146 385 384
t 146 147 385
t 147 386 385
t 147 148 386
t 148 387 386
t 148 149 387
t 149 388 387
t 149 389 388
t 149 150 389
t 150 390 389
t 150 151 390
t 151 391 390
t 151 152 391
t 152 392 391
t 152 393 392
t 152 153 393
t 153 394 393
t 153 154 394
t 154 395 394
t 154 155 395
t 155 396 395
t 155 156 396
t 156 397 396
t 156 398 397
t 156 157 398
t 157 399 398
t 157 158 399
t 158 400 399
t 158 159 400
t 159 401 400
t 159 402 401
t 159 160 402
t 160 403 402
t 160 161 403
t 161 404 403
t 161 162 404
t 162 405 404
t 162 163 405
t 163 406 405
t 163 407 406
t 163 408 407
t 163 409 408
t 163 410 409
t 163 164 410
t 164 411 410
t 164 412 411
t 164 413 412
t 164 414 413
t 164 223 414
t 102 100 101
t 102 99 100
t 102 98 99
t 102 97 98
t 102 96 97
t 223 224 225
t 223 225 226
t 223 226 227
t 223 227 228
t 223 228 229
t 223 229 230
t 223 230 231
t 223 231 232
t 102 415 96
t 102 416 415
t 102 417 416
t 102 418 417
t 102 419 418
t 102 420 419
t 102 331 420
t 331 421 420
t 331 332 421
t 332 422 421
t 332 333 422
t 333 423 422
t 333 334 423
t 334 424 423
t 334 335 424
t 335 425 424
t 335 336 425
t 336 426 425
t 336 337 426
t 337 427 426
t 337 338 427
t 338 428 427
t 338 339 428
t 339 429 428
t 339 340 429
t 340 430 429
t 340 341 430
t 341 431 430
t 341 342 431
t 342 432 431
t 342 343 432
t 343 433 432
t 343 344 433
t 344 434 433
t 344 345 434
t 345 435 434
t 345 346 435
t 346 436 435
t 346 347 436
t 347 437 436
t 347 348 437
t 348 438 437
t 348 349 438
t 349 439 438
t 349 350 439
t 350 440 439
t 350 351 440
t 351 441 440
t 351 352 441
t 352 442 441
t 352 353 442
t 353 443 442
t 353 354 443
t 354 444 443
t 354 355 444
t 355 445 444
t 355 356 445
t 356 446 445
t 356 357 446
t 357 447 446
t 357 358 447
t 358 448 447
t 358 359 448
t 359 449 448
t 359 360 449
t 360 450 449
t 360 361 450
t 361 451 450
t 361 362 451
t 362 452 451
t 362 363 452
t 363 453 452
t 363 364 453
t 364 454 453
t 364 365 454
t 365 455 454
t 365 366 455
t 366 456 455
t 366 367 456
t 367 457 456
t 367 368 457
t 368 458 457
t 368 369 458
t 369 459 458
t 369 370 459
t 370 460 459
t 370 371 460
t 371 461 460
t 371 372 461
t 372 462 461
t 372 373 462
t 373 463 462
t 373 374 463
t 374 464 463
t 374 375 464
t 375 465 464
t 375 376 465
t 376 466 465
t 376 377 466
t 377 467 466
t 377 378 467
t 378 468 467
t 378 379 468
t 379 469 468
t 379 380 469
t 380 470 469
t 380 381 470
t 381 471 470
t 381 382 471
t 382 472 471
t 382 383 472
t 383 473 472
t 383 384 473
t 384 474 473
t 384 385 474
t 385 475 474
t 385 386 475
t 386 476 475
t 386 387 476
t 387 477 476
t 387 388 477
t 388 478 477
t 388 389 478
t 389 479 478
t 389 390 479
t 390 480 479
t 390 391 480
t 391 481 480
t 391 392 481
t 392 482 481
t 392 393 482
t 393 483 482
t 393 394 483
t 394 484 483
t 394 395 484
t 395 485 484
t 395 396 485
t 396 486 485
t 396 397 486
t 397 487 486
t 397 398 487
t 398 488 487
t 398 399 488
t 399 489 488
t 399 400 489
t 400 490 489
t 400 401 490
t 401 491 490
t 401 402 491
t 402 492 491
t 402 403 492
t 403 493 492
t 403 404 493
t 404 494 493
t 404 405 494
t 405 495 494
t 405 406 495
t 406 496 495
t 406 407 496
t 407 497 496
t 407 408 497
t 408 498 497
t 408 409 498
t 409 499 498
t 409 410 499
t 410 500 499
t 410 411 500
t 411 501 500
t 411 412 501
t 412 502 501
t 412 413 502
t 413 503 502
t 413 414 503
t 414 504 503
t 414 223 504
t 223 505 504
t 223 506 505
t 223 507 506
t 223 508 507
t 223 509 508
t 223 510 509
t 223 511 510
t 223 512 511
t 223 513 512
t 223 514 513
t 223 232 514
t 96 94 95
t 96 93 94
t 96 92 93
t 96 91 92
t 96 90 91
t 96 89 90
t 232 233 234
t 232 234 235
t 232 235 236
t 232 236 237
t 232 237 238
t 232 238 239
t 232 239 240
t 96 515 89
t 96 516 515
t 96 517 516
t 96 518 517
t 96 519 518
t 96 520 519
t 96 521 520
t 96 415 521
t 415 522 521
t 415 416 522
t 416 523 522
t 416 417 523
t 417 524 523
t 417 418 524
t 418 525 524
t 418 419 525
t 419 526 525
t 419 420 526
t 420 527 526
t 420 421 527
t 421 528 527
t 421 422 528
t 422 529 528
t 422 423 529
t 423 530 529
t 423 424 530
t 424 531 530
t 424 425 531
t 425 532 531
t 425 426 532
t 426 533 532
t 426 427 533
t 427 534 533
t 427 428 534
t 428 535 534
t 428 429 535
t 429 536 535
t 429 430 536
t 430 537 536
t 430 431 537
t 431 538 537
t 431 432 538
t 432 539 538
t 432 433 539
t 433 540 539
t 433 434 540
t 434 541 540
t 434 435 541
t 435 542 541
t 435 436 542
t 436 543 542
t 436 437 543
t 437 544 543
t 437 438 544
t 438 545 544
t 438 439 545
t 439 546 545
t 439 440 546
t 440 547 546
t 440 441 547
t 441 548 547
t 441 442 548
t 442 549 548
t 442 443 549
t 443 550 549
t 443 444 550
t 444 551 550
t 444 445 551
t 445 552 551
t 445 446 552
t 446 553 552
t 446 447 553
t 447 554 553
t 447 448 554
t 448 555 554
t 448 449 555
t 449 556 555
t 449 450 556
t 450 557 556
t 450 451 557
t 451 558 557
t 451 452 558
t 452 559 558
t 452 453 559
t 453 560 559
t 453 454 560
t 454 561 560
t 454 455 561
t 455 562 561
t 455 456 562
t 456 563 562
t 456 457 563
t 457 564 563
t 457 458 564
t 458 565 564
t 458 459 565
t 459 566 565
t 459 460 566
t 460 567 566
t 460 461 567
t 461 568 567
t 461 462 568
t 462 569 568
t 462 463 569
t 463 570 569
t 463 464 570
t 464 571 570
t 464 465 571
t 465 572 571
t 465 466 572
t 466 573 572
t 466 467 573
t 467 574 573
t 467 468 574
t 468 575 574
t 468 469 575
t 469 576 575
t 469 470 576
t 470 577 576
t 470 471 577
t 471 578 577
t 471 472 578
t 472 579 578
t 472 473 579
t 473 580 579
t 473 474 580
t 474 581 580
t 474 475 581
t 475 582 581
t 475 476 582
t 476 583 582
t 476 477 583
t 477 584 583
t 477 478 584
t 478 585 584
t 478 479 585
t 479 586 585
t 479 480 586
t 480 587 586
t 480 481 587
t 481 588 587
t 481 482 588
t 482 589 588
t 482 483 589
t 483 590 589
t 483 484 590
t 484 591 590
t 484 485 591
t 485 592 591
t 485 486 592
t 486 593 592
t 486 487 593
t 487 594 593
t 487 488 594
t 488 595 594
t 488 489 595
t 489 596 595
t 489 490 596
t 490 597 596
t 490 491 597
t 491 598 597
t 491 492 598
t 492 599 598
t 492 493 599
t 493 600 599
t 493 494 600
t 494 601 600
t 494 495 601
t 495 602 601
t 495 496 602
t 496 603 602
t 496 497 603
t 497 604 603
t 497 498 604
t 498 605 604
t 498 499 605
t 499 606 605
t 499 500 606
t 500 607 606
t 500 501 607
t 501 608 607
t 501 502 608
t 502 609 608
t 502 503 609
t 503 610 609
t 503 504 610
t 504 611 610
t 504 505 611
t 505 612 611
t 505 506 612
t 506 613 612
t 506 507 613
t 507 614 613
t 507 508 614
t 508 615 614
t 508 509 615
t 509 616 615
t 509 510 616
t 510 617 616
t 510 511 617
t 511 618 617
t 511 512 618
t 512 619 618
t 512 513 619
t 513 620 619
t 513 514 620
t 514 621 620
t 514 232 621
t 232 622 621
t 232 623 622
t 232 624 623
t 232 625 624
t 232 626 625
t 232 627 626
t 232 628 627
t 232 629 628
t 232 630 629
t 232 631 630
t 232 240 631
t 89 87 88
t 89 86 87
t 89 85 86
t 89 84 85
t 89 83 84
t 89 82 83
t 240 241 242
t 240 242 243
t 240 243 244
t 240 244 245
t 240 245 246
t 240 246 247
t 89 632 82
t 89 633 632
t 89 634 633
t 89 635 634
t 89 636 635
t 89 637 636
t 89 638 637
t 89 515 638
t 515 639 638
t 515 516 639
t 516 640 639
t 516 517 640
t 517 641 640
t 517 518 641
t 518 642 641
t 518 519 642
t 519 643 642
t 519 520 643
t 520 644 643
t 520 521 644
t 521 645 644
t 521 522 645
t 522 646 645
t 522 523 646
t 523 647 646
t 523 524 647
t 524 648 647
t 524 525 648
t 525 649 648
t 525 526 649
t 526 650 649
t 526 527 650
t 527 651 650
t 527 528 651
t 528 652 651
t 528 529 652
t 529 653 652
t 529 530 653
t 530 654 653
t 530 531 654
t 531 655 654
t 531 532 655
t 532 656 655
t 532 533 656
t 533 657 656
t 533 534 657
t 534 658 657
t 534 535 658
t 535 659 658
t 535 536 659
t 536 660 659
t 536 537 660
t 537 661 660
t 537 538 661
t 538 662 661
t 538 539 662
t 539 663 662
t 539 540 663
t 540 664 663
t 540 541 664
t 541 665 664
t 541 542 665
t 542 666 665
t 542 543 666
t 543 667 666
t 543 544 667
t 544 668 667
t 544 545 668
t 545 669 668
t 545 546 669
t 546 670 669
t 546 547 670
t 547 671 670
t 547 548 671
t 548 672 671
t 548 549 672
t 549 673 672
t 549 550 673
t 550 674 673
t 550 551 674
t 551 675 674
t 551 552 675
t 552 676 675
t 552 553 676
t 553 677 676
t 553 554 677
t 554 678 677
t 554 555 678
t 555 679 678
t 555 556 679
t 556 680 679
t 556 557 680
t 557 681 680
t 557 558 681
t 558 682 681
t 558 559 682
t 559 683 682
t 559 560 683
t 560 684 683
t 560 561 684
t 561 685 684
t 561 562 685
t 562 686 685
t 562 563 686
t 563 687 686
t 563 564 687
t 564 688 687
t 564 565 688
t 565 689 688
t 565 566 689
t 566 690 689
t 566 567 690
t 567 691 690
t 567 568 691
t 568 692 691
t 568 569 692
t 569 693 692
t 569 570 693
t 570 694 693
t 570 571 694
t 571 695 694
t 571 572 695
t 572 696 695
t 572 573 696
t 573 697 696
t 573 574 697
t 574 698 697
t 574 575 698
t 575 699 698
t 575 576 699
t 576 700 699
t 576 577 700
t 577 701 700
t 577 578 701
t 578 702 701
t 578 579 702
t 579 703 702
t 579 580 703
t 580 704 703
t 580 581 704
t 581 705 704
t 581 582 705
t 582 706 705
t 582 583 706
t 583 707 706
t 583 584 707
t 584 708 707
t 584 585 708
t 585 709 708
t 585 586 709
t 586 710 709
t 586 587 710
t 587 711 710
t 587 588 711
t 588 712 711
t 588 589 712
t 589 713 712
t 589 590 713
t 590 714 713
t 590 591 714
t 591 715 714
t 591 592 715
t 592 716 715
t 592 593 716
t 593 717 716
t 593 594 717
t 594 718 717
t 594 595 718
t 595 719 718
t 595 596 719
t 596 720 719
t 596 597 720
t 597 721 720
t 597 598 721
t 598 722 721
t 598 599 722
t 599 723 722
t 599 600 723
t 600 724 723
t 600 601 724
t 601 725 724
t 601 602 725
t 602 726 725
t 602 603 726
t 603 727 726
t 603 604 727
t 604 728 727
t 604 605 728
t 605 729 728
t 605 606 729
t 606 730 729
t 606 607 730
t 607 731 730
t 607 608 731
t 608 732 731
t 608 609 732
t 609 733 732
t 609 610 733
t 610 734 733
t 610 611 734
t 611 735 734
t 611 612 735
t 612 736 735
t 612 613 736
t 613 737 736
t 613 614 737
t 614 738 737
t 614 615 738
t 615 739 738
t 615 616 739
t 616 740 739
t 616 617 740
t 617 741 740
t 617 618 741
t 618 742 741
t 618 619 742
t 619 743 742
t 619 620 743
t 620 744 743
t 620 621 744
t 621 745 744
t 621 622 745
t 622 746 745
t 622 623 746
t 623 747 746
t 623 624 747
t 624 748 747
t 624 625 748
t 625 749 748
t 625 626 749
t 626 750 749
t 626 627 750
t 627 751 750
t 627 628 751
t 628 752 751
t 628 629 752
t 629 753 752
t 629 630 753
t 630 754 753
t 630 631 754
t 631 755 754
t 631 240 755
t 240 756 755
t 240 757 756
t 240 758 757
t 240 759 758
t 240 760 759
t 240 761 760
t 240 762 761
t 240 763 762
t 240 764 763
t 240 765 764
t 240 766 765
t 240 247 766
t 82 80 81
t 82 79 80
t 82 78 79
t 82 77 78
t 82 76 77
t 82 75 76
t 247 248 249
t 247 249 250
t 247 250 251
t 247 251 252
t 247 252 253
t 247 253 254
t 82 767 75
t 82 768 767
t 82 769 768
t 82 770 769
t 82 771 770
t 82 772 771
t 82 773 772
t 82 632 773
t 632 774 773
t 632 633 774
t 633 775 774
t 633 634 775
t 634 776 775
t 634 635 776
t 635 777 776
t 635 636 777
t 636 778 777
t 636 637 778
t 637 779 778
t 637 638 779
t 638 780 779
t 638 639 780
t 639 781 780
t 639 640 781
t 640 782 781
t 640 641 782
t 641 783 782
t 641 642 783
t 642 784 783
t 642 643 784
t 643 785 784
t 643 644 785
t 644 786 785
t 644 645 786
t 645 787 786
t 645 646 787
t 646 788 787
t 646 647 788
t 647 789 788
t 647 648 789
t 648 790 789
t 648 649 790
t 649 791 790
t 649 650 791
t 650 792 791
t 650 651 792
t 651 793 792
t 651 652 793
t 652 794 793
t 652 653 794
t 653 795 794
t 653 654 795
t 654 796 795
t 654 655 796
t 655 797 796
t 655 656 797
t 656 798 797
t 656 657 798
t 657 799 798
t 657 658 799
t 658 800 799
t 658 659 800
t 659 801 800
t 659 660 801
t 660 802 801
t 660 661 802
t 661 803 802
t 661 662 803
t 662 804 803
t 662 663 804
t 663 805 804
t 663 664 805
t 664 806 805
t 664 665 806
t 665 807 806
t 665 666 807
t 666 808 807
t 666 667 808
t 667 809 808
t 667 668 809
t 668 810 809
t 668 669 810
t 669 811 810
t 669 670 811
t 670 812 811
t 670 671 812
t 671 813 812
t 671 672 813
t 672 814 813
t 672 673 814
t 673 815 814
t 673 674 815
t 674 816 815
t 674 675 816
t 675 817 816
t 675 676 817
t 676 818 817
t 676 677 818
t 677 819 818
t 677 678 819
t 678 820 819
t 678 679 820
t 679 821 820
t 679 680 821
t 680 822 821
t 680 681 822
t 681 823 822
t 681 682 823
t 682 824 823
t 682 683 824
t 683 825 824
t 683 684 825
t 684 826 825
t 684 685 826
t 685 827 826
t 685 686 827
t 686 828 827
t 686 687 828
t 687 829 828
t 687 688 829
t 688 830 829
t 688 689 830
t 689 831 830
t 689 690 831
t 690 832 831
t 690 691 832
t 691 833 832
t 691 692 833
t 692 834 833
t 692 693 834
t 693 835 834
t 693 694 835
t 694 836 835
t 694 695 836
t 695 837 836
t 695 696 837
t 696 838 837
t 696 697 838
t 697 839 838
t 697 698 839
t 698 840 839
t 698 699 840
t 699 841 840
t 699 700 841
t 700 842 841
t 700 701 842
t 701 843 842
t 701 702 843
t 702 844 843
t 702 703 844
t 703 845 844
t 703 704 845
t 704 846 845
t 704 705 846
t 705 847 846
t 705 706 847
t 706 848 847
t 706 707 848
t 707 849 848
t 707 708 849
t 708 850 849
t 708 709 850
t 709 851 850
t 709 710 851
t 710 852 851
t 710 711 852
t 711 853 852
t 711 712 853
t 712 854 853
t 712 713 854
t 713 855 854
t 713 714 855
t 714 856 855
t 714 715 856
t 715 857 856
t 715 716 857
t 716 858 857
t 716 717 858
t 717 859 858
t 717 718 859
t 718 860 859
t 718 719 860
t 719 861 860
t 719 720 861
t 720 862 861
t 720 721 862
t 721 863 862
t 721 722 863
t 722 864 863
t 722 723 864
t 723 865 864
t 723 724 865
t 724 866 865
t 724 725 866
t 725 867 866
t 725 726 867
t 726 868 867
t 726 727 868
t 727 869 868
t 727 728 869
t 728 870 869
t 728 729 870
t 729 871 870
t 729 730 871
t 730 872 871
t 730 731 872
t 731 873 872
t 731 732 873
t 732 874 873
t 732 733 874
t 733 875 874
t 733 734 875
t 734 876 875
t 734 735 876
t 735 877 876
t 735 736 877
t 736 878 877
t 736 737 878
t 737 879 878
t 737 738 879
t 738 880 879
t 738 739 880
t 739 881 880
t 739 740 881
t 740 882 881
t 740 741 882
t 741 883 882
t 741 742 883
t 742 884 883
t 742 743 884
t 743 885 884
t 743 744 885
t 744 886 885
t 744 745 886
t 745 887 886
t 745 746 887
t 746 888 887
t 746 747 888
t 747 889 888
t 747 748 889
t 748 890 889
t 748 749 890
t 749 891 890
t 749 750 891
t 750 892 891
t 750 751 892
t 751 893 892
t 751 752 893
t 752 894 893
t 752 753 894
t 753 895 894
t 753 754 895
t 754 896 895
t 754 755 896
t 755 897 896
t 755 756 897
t 756 898 897
t 756 757 898
t 757 899 898
t 757 758 899
t 758 900 899
t 758 759 900
t 759 901 900
t 759 760 901
t 760 902 901
t 760 761 902
t 761 903 902
t 761 762 903
t 762 904 903
t 762 763 904
t 763 905 904
t 763 764 905
t 764 906 905
t 764 765 906
t 765 907 906
t 765 766 907
t 766 908 907
t 766 247 908
t 247 909 908
t 247 910 909
t 247 911 910
t 247 912 911
t 247 913 912
t 247 914 913
t 247 915 914
t 247 916 915
t 247 917 916
t 247 918 917
t 247 919 918
t 247 920 919
t 247 254 920
t 75 73 74
t 75 72 73
t 75 71 72
t 75 70 71
t 75 69 70
t 75 68 69
t 254 255 256
t 254 256 257
t 254 257 258
t 254 258 259
t 254 259 260
t 75 921 68
t 75 922 921
t 75 923 922
t 75 924 923
t 75 925 924
t 75 926 925
t 75 927 926
t 75 767 927
t 767 928 927
t 767 768 928
t 768 929 928
t 768 769 929
t 769 930 929
t 769 770 930
t 770 931 930
t 770 771 931
t 771 932 931
t 771 772 932
t 772 933 932
t 772 773 933
t 773 934 933
t 773 774 934
t 774 935 934
t 774 775 935
t 775 936 935
t 775 776 936
t 776 937 936
t 776 777 937
t 777 938 937
t 777 778 938
t 778 939 938
t 778 779 939
t 779 940 939
t 779 780 940
t 780 941 940
t 780 781 941
t 781 942 941
t 781 782 942
t 782 943 942
t 782 783 943
t 783 944 943
t 783 784 944
t 784 945 944
t 784 785 945
t 785 946 945
t 785 786 946
t 786 947 946
t 786 787 947
t 787 948 947
t 787 788 948
t 788 949 948
t 788 789 949
t 789 950 949
t 789 790 950
t 790 951 950
t 790 791 951
t 791 952 951
t 791 792 952
t 792 953 952
t 792 793 953
t 793 954 953
t 793 794 954
t 794 955 954
t 794 795 955
t 795 956 955
t 795 796 956
t 796 957 956
t 796 797 957
t 797 958 957
t 797 798 958
t 798 959 958
t 798 799 959
t 799 960 959
t 799 800 960
t 800 961 960
t 800 801 961
t 801 962 961
t 801 802 962
t 802 963 962
t 802 803 963
t 803 964 963
t 803 804 964
t 804 965 964
t 804 805 965
t 805 966 965
t 805 806 966
t 806 967 966
t 806 807 967
t 807 968 967
t 807 808 968
t 808 969 968
t 808 809 969
t 809 970 969
t 809 810 970
t 810 971 970
t 810 811 971
t 811 972 971
t 811 812 972
t 812 973 972
t 812 813 973
t 813 974 973
t 813 814 974
t 814 975 974
t 814 815 975
t 815 976 975
t 815 816 976
t 816 977 976
t 816 817 977
t 817 978 977
t 817 818 978
t 818 979 978
t 818 819 979
t 819 980 979
t 819 820 980
t 820 981 980
t 820 821 981
t 821 982 981
t 821 822 982
t 822 983 982
t 822 823 983
t 823 984 983
t 823 824 984
t 824 985 984
t 824 825 985
t 825 986 985
t 825 826 986
t 826 987 986
t 826 827 987
t 827 988 987
t 827 828 988
t 828 989 988
t 828 829 989
t 829 990 989
t 829 830 990
t 830 991 990
t 830 831 991
t 831 992 991
t 831 832 992
t 832 993 992
t 832 833 993
t 833 994 993
t 833 834 994
t 834 995 994
t 834 835 995
t 835 996 995
t 835 836 996
t 836 997 996
t 836 837 997
t 837 998 997
t 837 838 998
t 838 999 998
t 838 839 999
t 839 1000 999
t 839 840 1000
t 840 1001 1000
t 840 841 1001
t 841 1002 1001
t 841 842 1002
t 842 1003 1002
t 842 843 1003
t 843 1004 1003
t 843 844 1004
t 844 1005 1004
t 844 845 1005
t 845 1006 1005
t 845 846 1006
t 846 1007 1006
t 846 847 1007
t 847 1008 1007
t 847 848 1008
t 848 1009 1008
t 848 849 1009
t 849 1010 1009
t 849 850 1010
t 850 1011 1010
t 850 851 1011
t 851 1012 1011
t 851 852 1012
t 852 1013 1012
t 852 853 1013
t 853 1014 1013
t 853 854 1014
t 854 1015 1014
t 854 855 1015
t 855 1016 1015
t 855 856 1016
t 856 1017 1016
t 856 857 1017
t 857 1018 1017
t 857 858 1018
t 858 1019 1018
t 858 859 1019
t 859 1020 1019
t 859 860 1020
t 860 1021 1020
t 860 861 1021
t 861 1022 1021
t 861 862 1022
t 862 1023 1022
t 862 863 1023
t 863 1024 1023
t 863 864 1024
t 864 1025 1024
t 864 865 1025
t 865 1026 1025
t 865 866 1026
t 866 1027 1026
t 866 867 1027
t 867 1028 1027
t 867 868 1028
t 868 1029 1028
t 868 869 1029
t 869 1030 1029
t 869 870 1030
t 870 1031 1030
t 870 871 1031
t 871 1032 1031
t 871 872 1032
t 872 1033 1032
t 872 873 1033
t 873 1034 1033
t 873 874 1034
t 874 1035 1034
t 874 875 1035
t 875 1036 1035
t 875 876 1036
t 876 1037 1036
t 876 877 1037
t 877 1038 1037
t 877 878 1038
t 878 1039 1038
t 878 879 1039
t 879 1040 1039
t 879 880 1040
t 880 1041 1040
t 880 881 1041
t 881 1042 1041
t 881 882 1042
t 882 1043 1042
t 882 883 1043
t 883 1044 1043
t 883 884 1044
t 884 1045 1044
t 884 885 1045
t 885 1046 1045
t 885 886 1046
t 886 1047 1046
t 886 887 1047
t 887 1048 1047
t 887 888 1048
t 888 1049 1048
t 888 889 1049
t 889 1050 1049
t 889 890 1050
t 890 1051 1050
t 890 891 1051
t 891 1052 1051
t 891 892 1052
t 892 1053 1052
t 892 893 1053
t 893 1054 1053
t 893 894 1054
t 894 1055 1054
t 894 895 1055
t 895 1056 1055
t 895 896 1056
t 896 1057 1056
t 896 897 1057
t 897 1058 1057
t 897 898 1058
t 898 1059 1058
t 898 899 1059
t 899 1060 1059
t 899 900 1060
t 900 1061 1060
t 900 901 1061
t 901 1062 1061
t 901 902 1062
t 902 1063 1062
t 902 903 1063
t 903 1064 1063
t 903 904 1064
t 904 1065 1064
t 904 905 1065
t 905 1066 1065
t 905 906 1066
t 906 1067 1066
t 906 907 1067
t 907 1068 1067
t 907 908 1068
t 908 1069 1068
t 908 909 1069
t 909 1070 1069
t 909 910 1070
t 910 1071 1070
t 910 911 1071
t 911 1072 1071
t 911 912 1072
t 912 1073 1072
t 912 913 1073
t 913 1074 1073
t 913 914 1074
t 914 1075 1074
t 914 915 1075
t 915 1076 1075
t 915 916 1076
t 916 1077 1076
t 916 917 1077
t 917 1078 1077
t 917 918 1078
t 918 1079 1078
t 918 919 1079
t 919 1080 1079
t 919 920 1080
t 920 1081 1080
t 920 254 1081
t 254 1082 1081
t 254 1083 1082
t 254 1084 1083
t 254 1085 1084
t 254 1086 1085
t 254 1087 1086
t 254 1088 1087
t 254 1089 1088
t 254 1090 1089
t 254 1091 1090
t 254 1092 1091
t 254 1093 1092
t 254 260 1093
t 68 66 67
t 68 65 66
t 68 64 65
t 68 63 64
t 68 62 63
t 68 61 62
t 260 261 262
t 260 262 263
t 260 263 264
t 260 264 265
t 260 265 266
t 260 266 267
t 68 1094 61
t 68 1095 1094
t 68 1096 1095
t 68 1097 1096
t 68 1098 1097
t 68 1099 1098
t 68 1100 1099
t 68 921 1100
t 921 1101 1100
t 921 922 1101
t 922 1102 1101
t 922 923 1102
t 923 1103 1102
t 923 924 1103
t 924 1104 1103
t 924 925 1104
t 925 1105 1104
t 925 926 1105
t 926 1106 1105
t 926 927 1106
t 927 1107 1106
t 927 928 1107
t 928 1108 1107
t 928 929 1108
t 929 1109 1108
t 929 930 1109
t 930 1110 1109
t 930 931 1110
t 931 1111 1110
t 931 932 1111
t 932 1112 1111
t 932 933 1112
t 933 1113 1112
t 933 934 1113
t 934 1114 1113
t 934 935 1114
t 935 1115 1114
t 935 936 1115
t 936 1116 1115
t 936 937 1116
t 937 1117 1116
t 937 938 1117
t 938 1118 1117
t 938 939 1118
t 939 1119 1118
t 939 940 1119
t 940 1120 1119
t 940 941 1120
t 941 1121 1120
t 941 942 1121
t 942 1122 1121
t 942 943 1122
t 943 1123 1122
t 943 944 1123
t 944 1124 1123
t 944 945 1124
t 945 1125 1124
t 945 946 1125
t 946 1126 1125
t 946 947 1126
t 947 1127 1126
t 947 948 1127
t 948 1128 1127
t 948 949 1128
t 949 1129 1128
t 949 950 1129
t 950 1130 1129
t 950 951 1130
t 951 1131 1130
t 951 952 1131
t 952 1132 1131
t 952 953 1132
t 953 1133 1132
t 953 954 1133
t 954 1134 1133
t 954 955 1134
t 955 1135 1134
t 955 956 1135
t 956 1136 1135
t 956 957 1136
t 957 1137 1136
t 957 958 1137
t 958 1138 1137
t 958 959 1138
t 959 1139 1138
t 959 960 1139
t 960 1140 1139
t 960 961 1140
t 961 1141 1140
t 961 962 1141
t 962 1142 1141
t 962 963 1142
t 963 1143 1142
t 963 964 1143
t 964 1144 1143
t 964 965 1144
t 965 1145 1144
t 965 966 1145
t 966 1146 1145
t 966 967 1146
t 967 1147 1146
t 967 968 1147
t 968 1148 1147
t 968 969 1148
t 969 1149 1148
t 969 970 1149
t 970 1150 1149
t 970 971 1150
t 971 1151 1150
t 971 972 1151
t 972 1152 1151
t 972 973 1152
t 973 1153 1152
t 973 974 1153
t 974 1154 1153
t 974 975 1154
t 975 1155 1154
t 975 976 1155
t 976 1156 1155
t 976 977 1156
t 977 1157 1156
t 977 978 1157
t 978 1158 1157
t 978 979 1158
t 979 1159 1158
t 979 980 1159
t 980 1160 1159
t 980 981 1160
t 981 1161 1160
t 981 982 1161
t 982 1162 1161
t 982 983 1162
t 983 1163 1162
t 983 984 1163
t 984 1164 1163
t 984 985 1164
t 985 1165 1164
t 985 986 1165
t 986 1166 1165
t 986 987 1166
t 987 1167 1166
t 987 988 1167
t 988 1168 1167
t 988 989 1168
t 989 1169 1168
t 989 990 1169
t 990 1170 1169
t 990 991 1170
t 991 1171 1170
t 991 992 1171
t 992 1172 1171
t 992 993 1172
t 993 1173 1172
t 993 994 1173
t 994 1174 1173
t 994 995 1174
t 995 1175 1174
t 995 996 1175
t 996 1176 1175
t 996 997 1176
t 997 1177 1176
t 997 998 1177
t 998 1178 1177
t 998 999 1178
t 999 1179 1178
t 999 1000 1179
t 1000 1180 1179
t 1000 1001 1180
t 1001 1181 1180
t 1001 1002 1181
t 1002 1182 1181
t 1002 1003 1182
t 1003 1183 1182
t 1003 1004 1183
t 1004 1184 1183
t 1004 1005 1184
t 1005 1185 1184
t 1005 1006 1185
t 1006 1186 1185
t 1006 1007 1186
t 1007 1187 1186
t 1007 1008 1187
t 1008 1188 1187
t 1008 1009 1188
t 1009 1189 1188
t 1009 1010 1189
t 1010 1190 1189
t 1010 1011 1190
t 1011 1191 1190
t 1011 1012 1191
t 1012 1192 1191
t 1012 1013 1192
t 1013 1193 1192
t 1013 1014 1193
t 1014 1194 1193
t 1014 1015 1194
t 1015 1195 1194
t 1015 1016 1195
t 1016 1196 1195
t 1016 1017 1196
t 1017 1197 1196
t 1017 1018 1197
t 1018 1198 1197
t 1018 1019 1198
t 1019 1199 1198
t 1019 1020 1199
t 1020 1200 1199
t 1020 1021 1200
t 1021 1201 1200
t 1021 1022 1201
t 1022 1202 1201
t 1022 1023 1202
t 1023 1203 1202
t 1023 1024 1203
t 1024 1204 1203
t 1024 1025 1204
t 1025 1205 1204
t 1025 1026 1205
t 1026 1206 1205
t 1026 1027 1206
t 1027 1207 1206
t 1027 1028 1207
t 1028 1208 1207
t 1028 1029 1208
t 1029 1209 1208
t 1029 1030 1209
t 1030 1210 1209
t 1030 1031 1210
t 1031 1211 1210
t 1031 1032 1211
t 1032 1212 1211
t 1032 1033 1212
t 1033 1213 1212
t 1033 1034 1213
t 1034 1214 1213
t 1034 1035 1214
t 1035 1215 1214
t 1035 1036 1215
t 1036 1216 1215
t 1036 1037 1216
t 1037 1217 1216
t 1037 1038 1217
t 1038 1218 1217
t 1038 1039 1218
t 1039 1219 1218
t 1039 1040 1219
t 1040 1220 1219
t 1040 1041 1220
t 1041 1221 1220
t 1041 1042 1221
t 1042 1222 1221
t 1042 1043 1222
t 1043 1223 1222
t 1043 1044 1223
t 1044 1224 1223
t 1044 1045 1224
t 1045 1225 1224
t 1045 1046 1225
t 1046 1226 1225
t 1046 1047 1226
t 1047 1227 1226
t 1047 1048 1227
t 1048 1228 1227
t 1048 1049 1228
t 1049 1229 1228
t 1049 1050 1229
t 1050 1230 1229
t 1050 1051 1230
t 1051 1231 1230
t 1051 1052 1231
t 1052 1232 1231
t 1052 1053 1232
t 1053 1233 1232
t 1053 1054 1233
t 1054 1234 1233
t 1054 1055 1234
t 1055 1235 1234
t 1055 1056 1235
t 1056 1236 1235
t 1056 1057 1236
t 1057 1237 1236
t 1057 1058 1237
t 1058 1238 1237
t 1058 1059 1238
t 1059 1239 1238
t 1059 1060 1239
t 1060 1240 1239
t 1060 1061 1240
t 1061 1241 1240
t 1061 1062 1241
t 1062 1242 1241
t 1062 1063 1242
t 1063 1243 1242
t 1063 1064 1243
t 1064 1244 1243
t 1064 1065 1244
t 1065 1245 1244
t 1065 1066 1245
t 1066 1246 1245
t 1066 1067 1246
t 1067 1247 1246
t 1067 1068 1247
t 1068 1248 1247
t 1068 1069 1248
t 1069 1249 1248
t 1069 1070 1249
t 1070 1250 1249
t 1070 1071 1250
t 1071 1251 1250
t 1071 1072 1251
t 1072 1252 1251
t 1072 1073 1252
t 1073 1253 1252
t 1073 1074 1253
t 1074 1254 1253
t 1074 1075 1254
t 1075 1255 1254
t 1075 1076 1255
t 1076 1256 1255
t 1076 1077 1256
t 1077 1257 1256
t 1077 1078 1257
t 1078 1258 1257
t 1078 1079 1258
t 1079 1259 1258
t 1079 1080 1259
t 1080 1260 1259
t 1080 1081 1260
t 1081 1261 1260
t 1081 1082 1261
t 1082 1262 1261
t 1082 1083 1262
t 1083 1263 1262
t 1083 1084 1263
t 1084 1264 1263
t 1084 1085 1264
t 1085 1265 1264
t 1085 1086 1265
t 1086 1266 1265
t 1086 1087 1266
t 1087 1267 1266
t 1087 1088 1267
t 1088 1268 1267
t 1088 1089 1268
t 1089 1269 1268
t 1089 1090 1269
t 1090 1270 1269
t 1090 1091 1270
t 1091 1271 1270
t 1091 1092 1271
t 1092 1272 1271
t 1092 1093 1272
t 1093 1273 1272
t 1093 260 1273
t 260 1274 1273
t 260 1275 1274
t 260 1276 1275
t 260 1277 1276
t 260 1278 1277
t 260 1279 1278
t 260 1280 1279
t 260 1281 1280
t 260 1282 1281
t 260 1283 1282
t 260 1284 1283
t 260 1285 1284
t 260 1286 1285
t 260 1287 1286
t 260 1288 1287
t 260 1289 1288
t 260 267 1289
t 61 59 60
t 61 58 59
t 61 57 58
t 61 56 57
t 61 55 56
t 61 54 55
t 267 268 269
t 267 269 270
t 267 270 271
t 267 271 272
t 267 272 273
t 267 273 274
t 267 274 0
t 267 0 1
t 267 1 2
t 267 2 3
t 267 3 4
t 267 4 5
t 267 5 6
t 267 6 7
t 267 7 8
t 267 8 9
t 267 9 10
t 267 10 11
t 267 11 12
t 267 12 13
t 267 13 14
t 267 14 15
t 267 15 16
t 267 16 17
t 267 17 18
t 267 18 19
t 267 19 20
t 267 20 21
t 267 21 22
t 267 22 23
t 267 23 24
t 267 24 25
t 267 25 26
t 267 26 27
t 267 27 28
t 267 28 29
t 267 29 30
t 61 1094 54
t 1094 1095 54
t 1095 1096 54
t 1096 1097 54
t 1097 1098 54
t 1098 1099 54
t 1099 1100 54
t 1100 1101 54
t 1101 1102 54
t 1102 1103 54
t 1103 1104 54
t 1104 1105 54
t 1105 1106 54
t 1106 1107 54
t 1107 1108 54
t 1108 1109 54
t 1109 1110 54
t 1110 1111 54
t 1111 1112 54
t 1112 1113 54
t 1113 1114 54
t 1114 1115 54
t 1115 1116 54
t 1116 1117 54
t 1117 1118 54
t 1118 1119 54
t 1119 1120 54
t 1120 1121 54
t 1121 1122 54
t 1122 1123 54
t 1123 1124 54
t 1124 1125 54
t 1125 1126 54
t 1126 1127 54
t 1127 1128 54
t 1128 1129 54
t 1129 1130 54
t 1130 1131 54
t 1131 1132 54
t 1132 1133 54
t 1133 1134 54
t 1134 1135 54
t 1135 1136 54
t 1136 1137 54
t 1137 1138 54
t 1138 1139 54
t 1139 1140 54
t 1140 1141 54
t 1141 1142 54
t 1142 1143 54
t 1143 53 54
t 1143 1144 53
t 1144 1145 53
t 1145 1146 53
t 1146 1147 53
t 1147 52 53
t 1147 1148 52
t 1148 1149 52
t 1149 1150 52
t 1150 1151 52
t 1151 1152 52
t 1152 51 52
t 1152 1153 51
t 1153 1154 51
t 1154 1155 51
t 1155 1156 51
t 1156 50 51
t 1156 1157 50
t 1157 1158 50
t 1158 1159 50
t 1159 1160 50
t 1160 1161 50
t 1161 49 50
t 1161 1162 49
t 1162 1163 49
t 1163 1164 49
t 1164 1165 49
t 1165 1166 49
t 1166 48 49
t 1166 1167 48
t 1167 1168 48
t 1168 1169 48
t 1169 1170 48
t 1170 47 48
t 1170 1171 47
t 1171 1172 47
t 1172 1173 47
t 1173 1174 47
t 1174 1175 47
t 1175 46 47
t 1175 1176 46
t 1176 1177 46
t 1177 1178 46
t 1178 1179 46
t 1179 45 46
t 1179 1180 45
t 1180 1181 45
t 1181 1182 45
t 1182 1183 45
t 1183 1184 45
t 1184 44 45
t 1184 1185 44
t 1185 1186 44
t 1186 1187 44
t 1187 1188 44
t 1188 43 44
t 1188 1189 43
t 1189 1190 43
t 1190 1191 43
t 1191 1192 43
t 1192 1193 43
t 1193 42 43
t 1193 1194 42
t 1194 1195 42
t 1195 1196 42
t 1196 1197 42
t 1197 41 42
t 1197 1198 41
t 1198 1199 41
t 1199 1200 41
t 1200 1201 41
t 1201 1202 41
t 1202 40 41
t 1202 1203 40
t 1203 1204 40
t 1204 1205 40
t 1205 1206 40
t 1206 39 40
t 1206 1207 39
t 1207 1208 39
t 1208 1209 39
t 1209 1210 39
t 1210 1211 39
t 1211 38 39
t 1211 1212 38
t 1212 1213 38
t 1213 1214 38
t 1214 1215 38
t 1215 1216 38
t 1216 1217 38
t 1217 1218 38
t 1218 1219 38
t 1219 1220 38
t 1220 1221 38
t 1221 1222 38
t 1222 1223 38
t 1223 1224 38
t 1224 1225 38
t 1225 1226 38
t 1226 37 38
t 1226 1227 37
t 1227 1228 37
t 1228 1229 37
t 1229 1230 37
t 1230 1231 37
t 1231 1232 37
t 1232 36 37
t 1232 1233 36
t 1233 1234 36
t 1234 1235 36
t 1235 1236 36
t 1236 35 36
t 1236 1237 35
t 1237 1238 35
t 1238 1239 35
t 1239 1240 35
t 1240 34 35
t 1240 1241 34
t 1241 1242 34
t 1242 1243 34
t 1243 33 34
t 1243 1244 33
t 1244 1245 33
t 1245 1246 33
t 1246 32 33
t 1246 1247 32
t 1247 1248 32
t 1248 1249 32
t 1249 31 32
t 1249 1250 31
t 1250 1251 31
t 1251 1252 31
t 1252 30 31
t 1252 1253 30
t 1253 1254 30
t 1254 1255 30
t 1255 1256 30
t 1256 1257 30
t 1257 1258 30
t 1258 1259 30
t 1259 1260 30
t 1260 1261 30
t 1261 1262 30
t 1262 1263 30
t 1263 1264 30
t 1264 1265 30
t 1265 1266 30
t 1266 1267 30
t 1267 1268 30
t 1268 1269 30
t 1269 1270 30
t 1270 1271 30
t 1271 1272 30
t 1272 1273 30
t 1273 1274 30
t 1274 1275 30
t 1275 1276 30
t 1276 1277 30
t 1277 1278 30
t 1278 1279 30
t 1279 1280 30
t 1280 1281 30
t 1281 1282 30
t 1282 1283 30
t 1283 1284 30
t 1284 1285 30
t 1285 1286 30
t 1286 1287 30
t 1287 1288 30
t 1288 1289 30
t 1289 267 30
