type=Cone forward=true n_boundary=172 n_holes=0 n_interior=94 n_tris=263 label=brep32629_f60_Cone
boundary
b 3.586778662 0.018000000
b 3.586168062 0.018000000
b 3.585557463 0.018000000
b 3.584946864 0.018000000
b 3.584336264 0.018000000
b 3.583725665 0.018000000
b 3.583115066 0.018000000
b 3.582504466 0.018000000
b 3.581893867 0.018000000
b 3.581283268 0.018000000
b 3.580672668 0.018000000
b 3.580062069 0.018000000
b 3.579451470 0.018000000
b 3.578840871 0.018000000
b 3.578230271 0.018000000
b 3.577619672 0.018000000
b 3.577009073 0.018000000
b 3.576398473 0.018000000
b 3.575787874 0.018000000
b 3.575177275 0.018000000
b 3.574566675 0.018000000
b 3.573956076 0.018000000
b 3.573345477 0.018000000
b 3.572734877 0.018000000
b 3.572124278 0.018000000
b 3.571513679 0.018000000
b 3.570903079 0.018000000
b 3.570292480 0.018000000
b 3.569681881 0.018000000
b 3.569071281 0.018000000
b 3.568460682 0.018000000
b 3.568200080 0.017320248
b 3.567937692 0.016641425
b 3.567673502 0.015963530
b 3.567407492 0.015286563
b 3.567139644 0.014610524
b 3.566869941 0.013935412
b 3.566598365 0.013261226
b 3.566324897 0.012587967
b 3.566049518 0.011915634
b 3.565772211 0.011244225
b 3.565492955 0.010573742
b 3.565211732 0.009904183
b 3.564928521 0.009235548
b 3.564643303 0.008567837
b 3.564356059 0.007901048
b 3.564066766 0.007235182
b 3.563775406 0.006570238
b 3.563481956 0.005906216
b 3.563186396 0.005243115
b 3.562888703 0.004580936
b 3.562588857 0.003919682
b 3.562286836 0.003259355
b 3.561982616 0.002599957
b 3.561676176 0.001941490
b 3.561367492 0.001283956
b 3.561056542 0.000627357
b 3.560743301 -0.000028304
b 3.560427747 -0.000683025
b 3.560109855 -0.001336805
b 3.559789600 -0.001989641
b 3.559466958 -0.002641530
b 3.559141903 -0.003292472
b 3.558814411 -0.003942463
b 3.558484456 -0.004591501
b 3.558152011 -0.005239585
b 3.557817050 -0.005886712
b 3.557479546 -0.006532880
b 3.557139471 -0.007178088
b 3.556796798 -0.007822336
b 3.556451498 -0.008465624
b 3.556103540 -0.009107953
b 3.555752896 -0.009749323
b 3.555399535 -0.010389734
b 3.555043427 -0.011029187
b 3.554684541 -0.011667681
b 3.554322845 -0.012305218
b 3.553958307 -0.012941797
b 3.553590895 -0.013577420
b 3.553220575 -0.014212085
b 3.552847315 -0.014845793
b 3.552471080 -0.015478546
b 3.552091836 -0.016110343
b 3.551709548 -0.016741184
b 3.551324180 -0.017371069
b 3.550935696 -0.018000000
b 3.552676940 -0.018000000
b 3.554418183 -0.018000000
b 3.556159426 -0.018000000
b 3.557900669 -0.018000000
b 3.559641913 -0.018000000
b 3.561383156 -0.018000000
b 3.563124399 -0.018000000
b 3.564865642 -0.018000000
b 3.566606886 -0.018000000
b 3.568348129 -0.018000000
b 3.570089372 -0.018000000
b 3.571830615 -0.018000000
b 3.573571859 -0.018000000
b 3.575313102 -0.018000000
b 3.577054345 -0.018000000
b 3.578795588 -0.018000000
b 3.580536831 -0.018000000
b 3.582278075 -0.018000000
b 3.584019318 -0.018000000
b 3.585760561 -0.018000000
b 3.587501804 -0.018000000
b 3.589243048 -0.018000000
b 3.590984291 -0.018000000
b 3.592725534 -0.018000000
b 3.594466777 -0.018000000
b 3.596208021 -0.018000000
b 3.597949264 -0.018000000
b 3.599690507 -0.018000000
b 3.601431750 -0.018000000
b 3.603172993 -0.018000000
b 3.604914237 -0.018000000
b 3.604526368 -0.017372069
b 3.604141581 -0.016743147
b 3.603759840 -0.016113233
b 3.603381111 -0.015482326
b 3.603005360 -0.014850426
b 3.602632552 -0.014217533
b 3.602262656 -0.013583648
b 3.601895637 -0.012948768
b 3.601531464 -0.012312895
b 3.601170106 -0.011676027
b 3.600811530 -0.011038165
b 3.600455706 -0.010399309
b 3.600102604 -0.009759457
b 3.599752193 -0.009118610
b 3.599404445 -0.008476768
b 3.599059330 -0.007833929
b 3.598716820 -0.007190095
b 3.598376886 -0.006545264
b 3.598039500 -0.005899436
b 3.597704636 -0.005252613
b 3.597372267 -0.004604797
b 3.597042368 -0.003955989
b 3.596714912 -0.003306192
b 3.596389874 -0.002655407
b 3.596067230 -0.002003638
b 3.595746955 -0.001350885
b 3.595429024 -0.000697151
b 3.595113413 -0.000042438
b 3.594800100 0.000613253
b 3.594489059 0.001269918
b 3.594180269 0.001927556
b 3.593873707 0.002586166
b 3.593569349 0.003245744
b 3.593267175 0.003906289
b 3.592967161 0.004567799
b 3.592669287 0.005230271
b 3.592373530 0.005893705
b 3.592079870 0.006558098
b 3.591788286 0.007223451
b 3.591498758 0.007889764
b 3.591211264 0.008557038
b 3.590925785 0.009225274
b 3.590642302 0.009894471
b 3.590360794 0.010564630
b 3.590081242 0.011235752
b 3.589803628 0.011907836
b 3.589527932 0.012580884
b 3.589254136 0.013254896
b 3.588982222 0.013929872
b 3.588712172 0.014605813
b 3.588443968 0.015282718
b 3.588177592 0.015960589
b 3.587913026 0.016639427
b 3.587650255 0.017319230
b 3.587389261 0.018000000
interior
i 3.555433908 -0.015230769
i 3.559932120 -0.015230769
i 3.564430332 -0.015230769
i 3.568928543 -0.015230769
i 3.573426755 -0.015230769
i 3.577924967 -0.015230769
i 3.582423178 -0.015230769
i 3.586921390 -0.015230769
i 3.591419602 -0.015230769
i 3.595917813 -0.015230769
i 3.600416025 -0.015230769
i 3.555433908 -0.012461538
i 3.559932120 -0.012461538
i 3.564430332 -0.012461538
i 3.568928543 -0.012461538
i 3.573426755 -0.012461538
i 3.577924967 -0.012461538
i 3.582423178 -0.012461538
i 3.586921390 -0.012461538
i 3.591419602 -0.012461538
i 3.595917813 -0.012461538
i 3.600416025 -0.012461538
i 3.559932120 -0.009692308
i 3.564430332 -0.009692308
i 3.568928543 -0.009692308
i 3.573426755 -0.009692308
i 3.577924967 -0.009692308
i 3.582423178 -0.009692308
i 3.586921390 -0.009692308
i 3.591419602 -0.009692308
i 3.595917813 -0.009692308
i 3.559932120 -0.006923077
i 3.564430332 -0.006923077
i 3.568928543 -0.006923077
i 3.573426755 -0.006923077
i 3.577924967 -0.006923077
i 3.582423178 -0.006923077
i 3.586921390 -0.006923077
i 3.591419602 -0.006923077
i 3.595917813 -0.006923077
i 3.559932120 -0.004153846
i 3.564430332 -0.004153846
i 3.568928543 -0.004153846
i 3.573426755 -0.004153846
i 3.577924967 -0.004153846
i 3.582423178 -0.004153846
i 3.586921390 -0.004153846
i 3.591419602 -0.004153846
i 3.595917813 -0.004153846
i 3.559932120 -0.001384615
i 3.564430332 -0.001384615
i 3.568928543 -0.001384615
i 3.573426755 -0.001384615
i 3.577924967 -0.001384615
i 3.582423178 -0.001384615
i 3.586921390 -0.001384615
i 3.591419602 -0.001384615
i 3.595917813 -0.001384615
i 3.564430332 0.001384615
i 3.568928543 0.001384615
i 3.573426755 0.001384615
i 3.577924967 0.001384615
i 3.582423178 0.001384615
i 3.586921390 0.001384615
i 3.591419602 0.001384615
i 3.564430332 0.004153846
i 3.568928543 0.004153846
i 3.573426755 0.004153846
i 3.577924967 0.004153846
i 3.582423178 0.004153846
i 3.586921390 0.004153846
i 3.591419602 0.004153846
i 3.564430332 0.006923077
i 3.568928543 0.006923077
i 3.573426755 0.006923077
i 3.577924967 0.006923077
i 3.582423178 0.006923077
i 3.586921390 0.006923077
i 3.591419602 0.006923077
i 3.568928543 0.009692308
i 3.573426755 0.009692308
i 3.577924967 0.009692308
i 3.582423178 0.009692308
i 3.586921390 0.009692308
i 3.568928543 0.012461538
i 3.573426755 0.012461538
i 3.577924967 0.012461538
i 3.582423178 0.012461538
i 3.586921390 0.012461538
i 3.568928543 0.015230769
i 3.573426755 0.015230769
i 3.577924967 0.015230769
i 3.582423178 0.015230769
i 3.586921390 0.015230769
tris
t 264 265 0
t 29 30 31
t 84 85 86
t 115 116 117
t 181 182 183
t 192 193 194
t 201 202 203
t 210 211 212
t 219 220 221
t 228 229 230
t 235 236 237
t 242 243 244
t 249 250 251
t 254 255 256
t 259 260 261
t 263 264 0
t 28 29 31
t 83 84 86
t 114 115 117
t 180 181 183
t 191 192 194
t 200 201 203
t 209 210 212
t 218 219 221
t 227 228 230
t 234 235 237
t 241 242 244
t 248 249 251
t 253 254 256
t 258 259 261
t 262 263 0
t 27 28 31
t 82 83 86
t 113 114 117
t 179 180 183
t 190 191 194
t 199 200 203
t 208 209 212
t 217 218 221
t 226 227 230
t 233 234 237
t 240 241 244
t 247 248 251
t 252 253 256
t 257 258 261
t 261 262 0
t 26 27 31
t 81 82 86
t 112 113 117
t 178 179 183
t 189 190 194
t 198 199 203
t 207 208 212
t 216 217 221
t 225 226 230
t 232 233 237
t 239 240 244
t 246 247 251
t 251 252 256
t 256 257 261
t 261 0 1
t 25 26 31
t 80 81 86
t 111 112 117
t 177 178 183
t 188 189 194
t 197 198 203
t 206 207 212
t 215 216 221
t 224 225 230
t 231 232 237
t 238 239 244
t 245 246 251
t 261 1 2
t 24 25 31
t 79 80 86
t 110 111 117
t 176 177 183
t 187 188 194
t 196 197 203
t 205 206 212
t 214 215 221
t 223 224 230
t 230 231 237
t 237 238 244
t 244 245 251
t 261 2 3
t 23 24 31
t 78 79 86
t 109 110 117
t 170 171 172
t 175 176 183
t 186 187 194
t 195 196 203
t 204 205 212
t 213 214 221
t 222 223 230
t 244 251 256
t 261 3 4
t 22 23 31
t 77 78 86
t 108 109 117
t 169 170 172
t 174 175 183
t 185 186 194
t 194 195 203
t 203 204 212
t 212 213 221
t 244 256 261
t 261 4 5
t 21 22 31
t 76 77 86
t 107 108 117
t 168 169 172
t 173 174 183
t 184 185 194
t 261 5 6
t 20 21 31
t 75 76 86
t 106 107 117
t 167 168 172
t 172 173 183
t 183 184 194
t 261 6 7
t 19 20 31
t 74 75 86
t 105 106 117
t 166 167 172
t 183 194 203
t 261 7 8
t 18 19 31
t 73 74 86
t 104 105 117
t 165 166 172
t 183 203 212
t 261 8 9
t 17 18 31
t 72 73 86
t 103 104 117
t 164 165 172
t 261 9 10
t 16 17 31
t 71 72 86
t 102 103 117
t 163 164 172
t 261 10 11
t 15 16 31
t 70 71 86
t 101 102 117
t 162 163 172
t 261 11 12
t 14 15 31
t 69 70 86
t 100 101 117
t 161 162 172
t 261 12 13
t 13 14 31
t 68 69 86
t 99 100 117
t 160 161 172
t 261 13 31
t 67 68 86
t 98 99 117
t 159 160 172
t 244 261 31
t 66 67 86
t 97 98 117
t 158 159 172
t 244 31 32
t 65 66 86
t 96 97 117
t 157 158 172
t 244 32 33
t 64 65 86
t 95 96 117
t 156 157 172
t 244 33 34
t 63 64 86
t 94 95 117
t 155 156 172
t 244 34 35
t 62 63 86
t 93 94 117
t 154 155 172
t 244 35 36
t 61 62 86
t 92 93 117
t 153 154 172
t 244 36 37
t 60 61 86
t 91 92 117
t 152 153 172
t 183 212 221
t 244 37 38
t 59 60 86
t 90 91 117
t 151 152 172
t 221 222 230
t 244 38 39
t 58 59 86
t 89 90 117
t 150 151 172
t 221 230 237
t 244 39 40
t 57 58 86
t 88 89 117
t 149 150 172
t 244 40 41
t 56 57 86
t 87 88 117
t 148 149 172
t 221 237 244
t 244 41 42
t 55 56 86
t 86 87 117
t 147 148 172
t 244 42 43
t 54 55 86
t 86 117 118
t 146 147 172
t 244 43 44
t 53 54 86
t 86 118 119
t 145 146 172
t 244 44 45
t 52 53 86
t 86 119 120
t 144 145 172
t 244 45 46
t 51 52 86
t 86 120 121
t 143 144 172
t 244 46 47
t 50 51 86
t 86 121 122
t 142 143 172
t 244 47 48
t 86 122 123
t 141 142 172
t 244 48 49
t 86 123 124
t 140 141 172
t 244 49 50
t 86 124 125
t 139 140 172
t 221 244 50
t 86 125 126
t 138 139 172
t 86 126 127
t 137 138 172
t 86 127 128
t 136 137 172
t 86 128 129
t 135 136 172
t 86 129 130
t 134 135 172
t 86 130 131
t 133 134 172
t 86 131 132
t 132 133 172
t 86 132 172
t 86 172 183
t 50 86 183
