type=Nurbs forward=false n_boundary=330 n_holes=0 n_interior=111 n_tris=3678 label=brep47598_f241_Nurbs(deg=3/3, cps=7x9)
boundary
b 0.425276263 -0.000000054
b 0.436799116 0.003595039
b 0.448369478 0.007075017
b 0.459979156 0.010442008
b 0.471620005 0.013698108
b 0.483283934 0.016845384
b 0.494962893 0.019885875
b 0.506648873 0.022821584
b 0.518333904 0.025654485
b 0.530010054 0.028386521
b 0.541669428 0.031019602
b 0.553304167 0.033555606
b 0.564906441 0.035996379
b 0.576468455 0.038343735
b 0.587982454 0.040599461
b 0.599442812 0.042765559
b 0.610848007 0.044844481
b 0.622197008 0.046838699
b 0.633488796 0.048750643
b 0.644722363 0.050582712
b 0.655896705 0.052337269
b 0.667010817 0.054016642
b 0.678063689 0.055623130
b 0.689054304 0.057159001
b 0.699981629 0.058626493
b 0.710844617 0.060027817
b 0.721642202 0.061365160
b 0.732373297 0.062640680
b 0.743036815 0.063856500
b 0.753632265 0.065014357
b 0.764159765 0.066115614
b 0.774619460 0.067161600
b 0.785011488 0.068153626
b 0.795335982 0.069092991
b 0.805593067 0.069980976
b 0.815782860 0.070818851
b 0.825905464 0.071607869
b 0.835960970 0.072349273
b 0.845949457 0.073044293
b 0.855870985 0.073694148
b 0.865725602 0.074300046
b 0.875513334 0.074863184
b 0.885234079 0.075384730
b 0.894886732 0.075865680
b 0.904469666 0.076306934
b 0.913981227 0.076709384
b 0.923419747 0.077073913
b 0.932783536 0.077401400
b 0.942070888 0.077692717
b 0.951280077 0.077948728
b 0.960409360 0.078170293
b 0.969456977 0.078358267
b 0.978421149 0.078513501
b 0.987300081 0.078636840
b 0.996091960 0.078729126
b 1.004794959 0.078791198
b 1.004794959 0.095540345
b 1.004794960 0.112289504
b 1.004794960 0.129038683
b 1.004794961 0.145787888
b 1.004794962 0.162537122
b 1.004794962 0.179286386
b 1.004794962 0.196035680
b 1.004794962 0.212784999
b 1.004794961 0.229534337
b 1.004794959 0.246283685
b 1.004794957 0.263033033
b 1.004794955 0.279782374
b 1.004794953 0.296531703
b 1.004794951 0.313281019
b 1.004794949 0.330030318
b 1.004794948 0.346779599
b 1.004794947 0.363528862
b 1.004794946 0.380278107
b 1.004794946 0.397027335
b 1.004794947 0.413776547
b 1.004794948 0.430525745
b 1.004794950 0.447274934
b 1.004794953 0.464024116
b 1.004794956 0.480773297
b 1.004794958 0.497522481
b 1.004794961 0.514271673
b 1.004794964 0.531020876
b 1.004794966 0.547770089
b 1.004794967 0.564519313
b 1.004794969 0.581268546
b 1.004794969 0.598017790
b 1.004794970 0.614767042
b 1.004794970 0.631516302
b 1.004794969 0.648265569
b 1.004794968 0.665014841
b 1.004794966 0.681764118
b 1.004794965 0.698513398
b 1.004794963 0.715262678
b 1.004794961 0.732011958
b 1.004794959 0.748761234
b 1.004794957 0.765510506
b 1.004794956 0.782259772
b 1.004794955 0.799009034
b 1.004794955 0.815758292
b 1.004794954 0.832507546
b 1.004794954 0.849256796
b 1.004794954 0.866006044
b 1.004794955 0.882755289
b 1.004794955 0.899504532
b 1.004794956 0.916253775
b 1.004794957 0.933003017
b 1.004794958 0.949752260
b 1.004794958 0.966501505
b 1.004794959 0.983250751
b 1.004794959 1.000000000
b 0.986332818 1.000000000
b 0.967870677 1.000000000
b 0.949408536 1.000000000
b 0.930946395 1.000000000
b 0.912484254 1.000000000
b 0.894022114 1.000000000
b 0.875559973 1.000000000
b 0.857097832 1.000000000
b 0.838635691 1.000000000
b 0.820173550 1.000000000
b 0.801711409 1.000000000
b 0.783249268 1.000000000
b 0.764787127 1.000000000
b 0.746324987 1.000000000
b 0.727862846 1.000000000
b 0.709400705 1.000000000
b 0.690938564 1.000000000
b 0.672476423 1.000000000
b 0.654014282 1.000000000
b 0.635552141 1.000000000
b 0.617090000 1.000000000
b 0.598627859 1.000000000
b 0.580165719 1.000000000
b 0.561703578 1.000000000
b 0.543241437 1.000000000
b 0.524779296 1.000000000
b 0.506317155 1.000000000
b 0.487855014 1.000000000
b 0.469392873 1.000000000
b 0.450930732 1.000000000
b 0.432468592 1.000000000
b 0.414006451 1.000000000
b 0.395544310 1.000000000
b 0.377082169 1.000000000
b 0.358620028 1.000000000
b 0.340157887 1.000000000
b 0.321695746 1.000000000
b 0.303233605 1.000000000
b 0.284771464 1.000000000
b 0.266309324 1.000000000
b 0.247847183 1.000000000
b 0.229385042 1.000000000
b 0.210922901 1.000000000
b 0.192460760 1.000000000
b 0.173998619 1.000000000
b 0.155536478 1.000000000
b 0.137074337 1.000000000
b 0.118612196 1.000000000
b 0.100150056 1.000000000
b 0.081687915 1.000000000
b 0.063225774 1.000000000
b 0.044763633 1.000000000
b 0.026301492 1.000000000
b 0.007839351 1.000000000
b -0.010622790 1.000000000
b -0.010607371 0.989770694
b -0.010564420 0.979553608
b -0.010498781 0.969346736
b -0.010415145 0.959148011
b -0.010318053 0.948955301
b -0.010211887 0.938766419
b -0.010100877 0.928579125
b -0.009989091 0.918391127
b -0.009880441 0.908200090
b -0.009778677 0.898003636
b -0.009687385 0.887799347
b -0.009608704 0.877585410
b -0.009539562 0.867362557
b -0.009475678 0.857132199
b -0.009412871 0.846895798
b -0.009347063 0.836654858
b -0.009274280 0.826410927
b -0.009190653 0.816165592
b -0.009092421 0.805920480
b -0.008975932 0.795677253
b -0.008837646 0.785437603
b -0.008674135 0.775203254
b -0.008483157 0.764975658
b -0.008266835 0.754755082
b -0.008028383 0.744541480
b -0.007771359 0.734334788
b -0.007499634 0.724134901
b -0.007217078 0.713941675
b -0.006927543 0.703754929
b -0.006634865 0.693574440
b -0.006342860 0.683399947
b -0.006055327 0.673231152
b -0.005776041 0.663067721
b -0.005507998 0.652909145
b -0.005251115 0.642754357
b -0.005004477 0.632602159
b -0.004767089 0.622451362
b -0.004537877 0.612300788
b -0.004315693 0.602149274
b -0.004099308 0.591995670
b -0.003887419 0.581838844
b -0.003678647 0.571677683
b -0.003471536 0.561511092
b -0.003264558 0.551338000
b -0.003055617 0.541157579
b -0.002840613 0.530969902
b -0.002614963 0.520775309
b -0.002374104 0.510574181
b -0.002113493 0.500366947
b -0.001828719 0.490154078
b -0.001515866 0.479936075
b -0.001171177 0.469713459
b -0.000790923 0.459486764
b -0.000371401 0.449256542
b 0.000091065 0.439023356
b 0.000457953 0.431046707
b 0.000803514 0.423069372
b 0.001129421 0.415091294
b 0.001437346 0.407112431
b 0.001728961 0.399132761
b 0.002005931 0.391152276
b 0.002269920 0.383170988
b 0.002522588 0.375188926
b 0.002765589 0.367206135
b 0.003000573 0.359222678
b 0.003229185 0.351238635
b 0.003453063 0.343254102
b 0.003673837 0.335269192
b 0.003893134 0.327284034
b 0.004112568 0.319298776
b 0.004333749 0.311313579
b 0.004558276 0.303328621
b 0.004787739 0.295344098
b 0.005023624 0.287360205
b 0.005266295 0.279376991
b 0.005515402 0.271394403
b 0.005770585 0.263412385
b 0.006031491 0.255430885
b 0.006297768 0.247449846
b 0.006568945 0.239469216
b 0.006844366 0.231488934
b 0.007123357 0.223508932
b 0.007405252 0.215529129
b 0.007689391 0.207549438
b 0.007975117 0.199569762
b 0.008261783 0.191589992
b 0.008548744 0.183610015
b 0.008835364 0.175629704
b 0.009121015 0.167648926
b 0.009405074 0.159667540
b 0.009686927 0.151685394
b 0.009965970 0.143702331
b 0.010241879 0.135718308
b 0.010514744 0.127733465
b 0.010784682 0.119747962
b 0.011051801 0.111761962
b 0.011316198 0.103775627
b 0.011577963 0.095789124
b 0.011837176 0.087802619
b 0.012093906 0.079816282
b 0.012348214 0.071830283
b 0.012600151 0.063844794
b 0.012849758 0.055859985
b 0.013097066 0.047876031
b 0.013342098 0.039893106
b 0.013584866 0.031911383
b 0.013825373 0.023931036
b 0.014063610 0.015952240
b 0.014299561 0.007975170
b 0.014533199 -0.000000002
b 0.022000782 -0.000000002
b 0.029468414 -0.000000002
b 0.036936096 -0.000000002
b 0.044403824 -0.000000003
b 0.051871598 -0.000000003
b 0.059339415 -0.000000004
b 0.066807274 -0.000000004
b 0.074275173 -0.000000005
b 0.081743110 -0.000000006
b 0.089211084 -0.000000007
b 0.096679092 -0.000000008
b 0.104147132 -0.000000009
b 0.111615204 -0.000000010
b 0.119083305 -0.000000011
b 0.126551432 -0.000000012
b 0.134019585 -0.000000013
b 0.141487762 -0.000000014
b 0.148955960 -0.000000016
b 0.156424177 -0.000000017
b 0.163892412 -0.000000018
b 0.171360663 -0.000000020
b 0.178828928 -0.000000021
b 0.186297204 -0.000000022
b 0.193765490 -0.000000024
b 0.201233784 -0.000000025
b 0.208702084 -0.000000027
b 0.216170388 -0.000000028
b 0.223638694 -0.000000030
b 0.231106999 -0.000000031
b 0.238575303 -0.000000032
b 0.246043602 -0.000000034
b 0.253511895 -0.000000035
b 0.260980180 -0.000000036
b 0.268448455 -0.000000038
b 0.275916718 -0.000000039
b 0.283384966 -0.000000040
b 0.290853198 -0.000000042
b 0.298321412 -0.000000043
b 0.305789606 -0.000000044
b 0.313257777 -0.000000045
b 0.320725923 -0.000000046
b 0.328194043 -0.000000047
b 0.335662135 -0.000000048
b 0.343130196 -0.000000049
b 0.350598224 -0.000000050
b 0.358066218 -0.000000051
b 0.365534175 -0.000000051
b 0.373002093 -0.000000052
b 0.380469970 -0.000000052
b 0.387937805 -0.000000053
b 0.395405594 -0.000000053
b 0.402873337 -0.000000054
b 0.410341031 -0.000000054
b 0.417808673 -0.000000054
interior
i 0.116304430 0.124999953
i 0.243231650 0.124999953
i 0.370158870 0.124999953
i 0.497086090 0.124999953
i 0.624013310 0.124999953
i 0.750940530 0.124999953
i 0.877867750 0.124999953
i 0.116304430 0.249999960
i 0.243231650 0.249999960
i 0.370158870 0.249999960
i 0.497086090 0.249999960
i 0.624013310 0.249999960
i 0.750940530 0.249999960
i 0.877867750 0.249999960
i 0.116304430 0.374999966
i 0.243231650 0.374999966
i 0.370158870 0.374999966
i 0.497086090 0.374999966
i 0.624013310 0.374999966
i 0.750940530 0.374999966
i 0.877867750 0.374999966
i 0.116304430 0.499999973
i 0.243231650 0.499999973
i 0.370158870 0.499999973
i 0.497086090 0.499999973
i 0.624013310 0.499999973
i 0.750940530 0.499999973
i 0.877867750 0.499999973
i 0.116304430 0.624999980
i 0.243231650 0.624999980
i 0.370158870 0.624999980
i 0.497086090 0.624999980
i 0.624013310 0.624999980
i 0.750940530 0.624999980
i 0.877867750 0.624999980
i 0.116304430 0.749999987
i 0.243231650 0.749999987
i 0.370158870 0.749999987
i 0.497086090 0.749999987
i 0.624013310 0.749999987
i 0.750940530 0.749999987
i 0.877867750 0.749999987
i 0.116304430 0.874999993
i 0.243231650 0.874999993
i 0.370158870 0.874999993
i 0.497086090 0.874999993
i 0.624013310 0.874999993
i 0.750940530 0.874999993
i 0.877867750 0.874999993
i 0.052840820 0.062499950
i 0.052840820 0.187499956
i 0.052840820 0.312499963
i 0.052840820 0.437499970
i 0.052840820 0.562499976
i 0.052840820 0.687499983
i 0.052840820 0.812499990
i 0.052840820 0.937499997
i 0.179768040 0.062499950
i 0.179768040 0.187499956
i 0.179768040 0.312499963
i 0.179768040 0.437499970
i 0.179768040 0.562499976
i 0.179768040 0.687499983
i 0.179768040 0.812499990
i 0.179768040 0.937499997
i 0.306695260 0.062499950
i 0.306695260 0.187499956
i 0.306695260 0.312499963
i 0.306695260 0.437499970
i 0.306695260 0.562499976
i 0.306695260 0.687499983
i 0.306695260 0.812499990
i 0.306695260 0.937499997
i 0.433622480 0.062499950
i 0.433622480 0.187499956
i 0.433622480 0.312499963
i 0.433622480 0.437499970
i 0.433622480 0.562499976
i 0.433622480 0.687499983
i 0.433622480 0.812499990
i 0.433622480 0.937499997
i 0.560549700 0.062499950
i 0.560549700 0.187499956
i 0.560549700 0.312499963
i 0.560549700 0.437499970
i 0.560549700 0.562499976
i 0.560549700 0.687499983
i 0.560549700 0.812499990
i 0.560549700 0.937499997
i 0.687476920 0.062499950
i 0.687476920 0.187499956
i 0.687476920 0.312499963
i 0.687476920 0.437499970
i 0.687476920 0.562499976
i 0.687476920 0.687499983
i 0.687476920 0.812499990
i 0.687476920 0.937499997
i 0.814404140 0.187499956
i 0.814404140 0.312499963
i 0.814404140 0.437499970
i 0.814404140 0.562499976
i 0.814404140 0.687499983
i 0.814404140 0.812499990
i 0.814404140 0.937499997
i 0.941331360 0.187499956
i 0.941331360 0.312499963
i 0.941331360 0.437499970
i 0.941331360 0.562499976
i 0.941331360 0.687499983
i 0.941331360 0.812499990
i 0.941331360 0.937499997
tris
t 275 273 274
t 275 272 273
t 275 271 272
t 275 270 271
t 275 269 270
t 275 268 269
t 0 1 2
t 0 2 3
t 0 3 4
t 0 4 5
t 0 5 6
t 0 6 7
t 0 7 8
t 0 8 9
t 0 9 10
t 0 10 11
t 0 11 12
t 0 12 13
t 0 13 14
t 0 14 15
t 0 15 16
t 0 16 17
t 0 17 18
t 0 18 19
t 0 19 20
t 0 20 21
t 0 21 22
t 0 22 23
t 0 23 24
t 0 24 25
t 0 25 26
t 0 26 27
t 0 27 28
t 275 441 268
t 275 442 441
t 275 443 442
t 275 444 443
t 275 445 444
t 275 446 445
t 275 447 446
t 275 276 447
t 276 448 447
t 276 449 448
t 276 277 449
t 277 450 449
t 277 278 450
t 278 451 450
t 278 279 451
t 279 452 451
t 279 453 452
t 279 280 453
t 280 454 453
t 280 281 454
t 281 455 454
t 281 456 455
t 281 282 456
t 282 457 456
t 282 283 457
t 283 458 457
t 283 459 458
t 283 284 459
t 284 460 459
t 284 285 460
t 285 461 460
t 285 286 461
t 286 462 461
t 286 463 462
t 286 287 463
t 287 464 463
t 287 288 464
t 288 465 464
t 288 466 465
t 288 289 466
t 289 467 466
t 289 290 467
t 290 468 467
t 290 291 468
t 291 469 468
t 291 470 469
t 291 292 470
t 292 471 470
t 292 293 471
t 293 472 471
t 293 473 472
t 293 294 473
t 294 474 473
t 294 295 474
t 295 475 474
t 295 296 475
t 296 476 475
t 296 477 476
t 296 297 477
t 297 478 477
t 297 298 478
t 298 479 478
t 298 480 479
t 298 299 480
t 299 481 480
t 299 300 481
t 300 482 481
t 300 301 482
t 301 483 482
t 301 484 483
t 301 302 484
t 302 485 484
t 302 303 485
t 303 486 485
t 303 487 486
t 303 304 487
t 304 488 487
t 304 305 488
t 305 489 488
t 305 306 489
t 306 490 489
t 306 491 490
t 306 307 491
t 307 492 491
t 307 308 492
t 308 493 492
t 308 494 493
t 308 309 494
t 309 495 494
t 309 310 495
t 310 496 495
t 310 311 496
t 311 497 496
t 311 498 497
t 311 312 498
t 312 499 498
t 312 313 499
t 313 500 499
t 313 501 500
t 313 314 501
t 314 502 501
t 314 315 502
t 315 503 502
t 315 316 503
t 316 504 503
t 316 505 504
t 316 317 505
t 317 506 505
t 317 318 506
t 318 507 506
t 318 508 507
t 318 319 508
t 319 509 508
t 319 320 509
t 320 510 509
t 320 321 510
t 321 511 510
t 321 512 511
t 321 322 512
t 322 513 512
t 322 323 513
t 323 514 513
t 323 515 514
t 323 324 515
t 324 516 515
t 324 325 516
t 325 517 516
t 325 326 517
t 326 518 517
t 326 519 518
t 326 327 519
t 327 520 519
t 327 328 520
t 328 521 520
t 328 522 521
t 328 329 522
t 329 523 522
t 329 0 523
t 0 524 523
t 0 525 524
t 0 526 525
t 0 527 526
t 0 528 527
t 0 529 528
t 0 530 529
t 0 531 530
t 0 532 531
t 0 533 532
t 0 534 533
t 0 535 534
t 0 536 535
t 0 537 536
t 0 538 537
t 0 539 538
t 0 540 539
t 0 541 540
t 0 542 541
t 0 543 542
t 0 544 543
t 0 545 544
t 0 546 545
t 0 547 546
t 0 548 547
t 0 549 548
t 0 550 549
t 0 551 550
t 0 552 551
t 0 553 552
t 0 554 553
t 0 555 554
t 0 556 555
t 0 557 556
t 0 558 557
t 0 559 558
t 0 560 559
t 0 561 560
t 0 562 561
t 0 563 562
t 0 564 563
t 0 565 564
t 0 566 565
t 0 567 566
t 0 568 567
t 0 28 568
t 268 266 267
t 268 265 266
t 268 264 265
t 268 263 264
t 268 262 263
t 268 261 262
t 268 260 261
t 28 29 30
t 28 30 31
t 28 31 32
t 28 32 33
t 28 33 34
t 28 34 35
t 28 35 36
t 28 36 37
t 28 37 38
t 28 38 39
t 28 39 40
t 28 40 41
t 28 41 42
t 28 42 43
t 28 43 44
t 28 44 45
t 28 45 46
t 28 46 47
t 28 47 48
t 28 48 49
t 28 49 50
t 28 50 51
t 28 51 52
t 28 52 53
t 28 53 54
t 28 54 55
t 28 55 56
t 28 56 57
t 268 569 260
t 268 570 569
t 268 571 570
t 268 572 571
t 268 573 572
t 268 574 573
t 268 575 574
t 268 576 575
t 268 441 576
t 441 577 576
t 441 442 577
t 442 578 577
t 442 443 578
t 443 579 578
t 443 444 579
t 444 580 579
t 444 445 580
t 445 581 580
t 445 446 581
t 446 582 581
t 446 447 582
t 447 583 582
t 447 448 583
t 448 584 583
t 448 449 584
t 449 585 584
t 449 450 585
t 450 586 585
t 450 451 586
t 451 587 586
t 451 452 587
t 452 588 587
t 452 453 588
t 453 589 588
t 453 454 589
t 454 590 589
t 454 455 590
t 455 591 590
t 455 456 591
t 456 592 591
t 456 457 592
t 457 593 592
t 457 458 593
t 458 594 593
t 458 459 594
t 459 595 594
t 459 460 595
t 460 596 595
t 460 461 596
t 461 597 596
t 461 462 597
t 462 598 597
t 462 463 598
t 463 599 598
t 463 464 599
t 464 600 599
t 464 465 600
t 465 601 600
t 465 466 601
t 466 602 601
t 466 467 602
t 467 603 602
t 467 468 603
t 468 604 603
t 468 469 604
t 469 605 604
t 469 470 605
t 470 606 605
t 470 471 606
t 471 607 606
t 471 472 607
t 472 608 607
t 472 473 608
t 473 609 608
t 473 474 609
t 474 610 609
t 474 475 610
t 475 611 610
t 475 476 611
t 476 612 611
t 476 477 612
t 477 613 612
t 477 478 613
t 478 614 613
t 478 479 614
t 479 615 614
t 479 480 615
t 480 616 615
t 480 481 616
t 481 617 616
t 481 482 617
t 482 618 617
t 482 483 618
t 483 619 618
t 483 484 619
t 484 620 619
t 484 485 620
t 485 621 620
t 485 486 621
t 486 622 621
t 486 487 622
t 487 623 622
t 487 488 623
t 488 624 623
t 488 489 624
t 489 625 624
t 489 490 625
t 490 626 625
t 490 491 626
t 491 627 626
t 491 492 627
t 492 628 627
t 492 493 628
t 493 629 628
t 493 494 629
t 494 630 629
t 494 495 630
t 495 631 630
t 495 496 631
t 496 632 631
t 496 497 632
t 497 633 632
t 497 498 633
t 498 634 633
t 498 499 634
t 499 635 634
t 499 500 635
t 500 636 635
t 500 501 636
t 501 637 636
t 501 502 637
t 502 638 637
t 502 503 638
t 503 639 638
t 503 504 639
t 504 640 639
t 504 505 640
t 505 641 640
t 505 506 641
t 506 642 641
t 506 507 642
t 507 643 642
t 507 508 643
t 508 644 643
t 508 509 644
t 509 645 644
t 509 510 645
t 510 646 645
t 510 511 646
t 511 647 646
t 511 512 647
t 512 648 647
t 512 513 648
t 513 649 648
t 513 514 649
t 514 650 649
t 514 515 650
t 515 651 650
t 515 516 651
t 516 652 651
t 516 517 652
t 517 653 652
t 517 518 653
t 518 654 653
t 518 519 654
t 519 655 654
t 519 520 655
t 520 656 655
t 520 521 656
t 521 657 656
t 521 522 657
t 522 658 657
t 522 523 658
t 523 659 658
t 523 524 659
t 524 660 659
t 524 525 660
t 525 661 660
t 525 526 661
t 526 662 661
t 526 527 662
t 527 663 662
t 527 528 663
t 528 664 663
t 528 529 664
t 529 665 664
t 529 530 665
t 530 666 665
t 530 531 666
t 531 667 666
t 531 532 667
t 532 668 667
t 532 533 668
t 533 669 668
t 533 534 669
t 534 670 669
t 534 535 670
t 535 671 670
t 535 536 671
t 536 672 671
t 536 537 672
t 537 673 672
t 537 538 673
t 538 674 673
t 538 539 674
t 539 675 674
t 539 540 675
t 540 676 675
t 540 541 676
t 541 677 676
t 541 542 677
t 542 678 677
t 542 543 678
t 543 679 678
t 543 544 679
t 544 680 679
t 544 545 680
t 545 681 680
t 545 546 681
t 546 682 681
t 546 547 682
t 547 683 682
t 547 548 683
t 548 684 683
t 548 549 684
t 549 685 684
t 549 550 685
t 550 686 685
t 550 551 686
t 551 687 686
t 551 552 687
t 552 688 687
t 552 553 688
t 553 689 688
t 553 554 689
t 554 690 689
t 554 555 690
t 555 691 690
t 555 556 691
t 556 692 691
t 556 557 692
t 557 693 692
t 557 558 693
t 558 694 693
t 558 559 694
t 559 695 694
t 559 560 695
t 560 696 695
t 560 561 696
t 561 697 696
t 561 562 697
t 562 698 697
t 562 563 698
t 563 699 698
t 563 564 699
t 564 700 699
t 564 565 700
t 565 701 700
t 565 566 701
t 566 702 701
t 566 567 702
t 567 703 702
t 567 568 703
t 568 704 703
t 568 28 704
t 28 705 704
t 28 706 705
t 28 707 706
t 28 708 707
t 28 709 708
t 28 710 709
t 28 711 710
t 28 712 711
t 28 713 712
t 28 714 713
t 28 715 714
t 28 716 715
t 28 717 716
t 28 718 717
t 28 719 718
t 28 720 719
t 28 721 720
t 28 722 721
t 28 723 722
t 28 724 723
t 28 725 724
t 28 726 725
t 28 727 726
t 28 728 727
t 28 729 728
t 28 730 729
t 28 731 730
t 28 732 731
t 28 733 732
t 28 734 733
t 28 735 734
t 28 736 735
t 28 737 736
t 28 738 737
t 28 739 738
t 28 740 739
t 28 741 740
t 28 742 741
t 28 743 742
t 28 744 743
t 28 745 744
t 28 57 745
t 260 258 259
t 260 257 258
t 260 256 257
t 260 255 256
t 260 254 255
t 260 253 254
t 260 252 253
t 260 251 252
t 260 250 251
t 260 249 250
t 260 248 249
t 260 247 248
t 260 246 247
t 260 245 246
t 260 244 245
t 57 58 59
t 57 59 60
t 57 60 61
t 57 61 62
t 57 62 63
t 57 63 64
t 57 64 65
t 260 746 244
t 260 747 746
t 260 748 747
t 260 749 748
t 260 750 749
t 260 751 750
t 260 752 751
t 260 753 752
t 260 754 753
t 260 755 754
t 260 756 755
t 260 757 756
t 260 758 757
t 260 759 758
t 260 760 759
t 260 761 760
t 260 762 761
t 260 569 762
t 569 763 762
t 569 570 763
t 570 764 763
t 570 571 764
t 571 765 764
t 571 572 765
t 572 766 765
t 572 573 766
t 573 767 766
t 573 574 767
t 574 768 767
t 574 575 768
t 575 769 768
t 575 576 769
t 576 770 769
t 576 577 770
t 577 771 770
t 577 578 771
t 578 772 771
t 578 579 772
t 579 773 772
t 579 580 773
t 580 774 773
t 580 581 774
t 581 775 774
t 581 582 775
t 582 776 775
t 582 583 776
t 583 777 776
t 583 584 777
t 584 778 777
t 584 585 778
t 585 779 778
t 585 586 779
t 586 780 779
t 586 587 780
t 587 781 780
t 587 588 781
t 588 782 781
t 588 589 782
t 589 783 782
t 589 590 783
t 590 784 783
t 590 591 784
t 591 785 784
t 591 592 785
t 592 786 785
t 592 593 786
t 593 787 786
t 593 594 787
t 594 788 787
t 594 595 788
t 595 789 788
t 595 596 789
t 596 790 789
t 596 597 790
t 597 791 790
t 597 598 791
t 598 792 791
t 598 599 792
t 599 793 792
t 599 600 793
t 600 794 793
t 600 601 794
t 601 795 794
t 601 602 795
t 602 796 795
t 602 603 796
t 603 797 796
t 603 604 797
t 604 798 797
t 604 605 798
t 605 799 798
t 605 606 799
t 606 800 799
t 606 607 800
t 607 801 800
t 607 608 801
t 608 802 801
t 608 609 802
t 609 803 802
t 609 610 803
t 610 804 803
t 610 611 804
t 611 805 804
t 611 612 805
t 612 806 805
t 612 613 806
t 613 807 806
t 613 614 807
t 614 808 807
t 614 615 808
t 615 809 808
t 615 616 809
t 616 810 809
t 616 617 810
t 617 811 810
t 617 618 811
t 618 812 811
t 618 619 812
t 619 813 812
t 619 620 813
t 620 814 813
t 620 621 814
t 621 815 814
t 621 622 815
t 622 816 815
t 622 623 816
t 623 817 816
t 623 624 817
t 624 818 817
t 624 625 818
t 625 819 818
t 625 626 819
t 626 820 819
t 626 627 820
t 627 821 820
t 627 628 821
t 628 822 821
t 628 629 822
t 629 823 822
t 629 630 823
t 630 824 823
t 630 631 824
t 631 825 824
t 631 632 825
t 632 826 825
t 632 633 826
t 633 827 826
t 633 634 827
t 634 828 827
t 634 635 828
t 635 829 828
t 635 636 829
t 636 830 829
t 636 637 830
t 637 831 830
t 637 638 831
t 638 832 831
t 638 639 832
t 639 833 832
t 639 640 833
t 640 834 833
t 640 641 834
t 641 835 834
t 641 642 835
t 642 836 835
t 642 643 836
t 643 837 836
t 643 644 837
t 644 838 837
t 644 645 838
t 645 839 838
t 645 646 839
t 646 840 839
t 646 647 840
t 647 841 840
t 647 648 841
t 648 842 841
t 648 649 842
t 649 843 842
t 649 650 843
t 650 844 843
t 650 651 844
t 651 845 844
t 651 652 845
t 652 846 845
t 652 653 846
t 653 847 846
t 653 654 847
t 654 848 847
t 654 655 848
t 655 849 848
t 655 656 849
t 656 850 849
t 656 657 850
t 657 851 850
t 657 658 851
t 658 852 851
t 658 659 852
t 659 853 852
t 659 660 853
t 660 854 853
t 660 661 854
t 661 855 854
t 661 662 855
t 662 856 855
t 662 663 856
t 663 857 856
t 663 664 857
t 664 858 857
t 664 665 858
t 665 859 858
t 665 666 859
t 666 860 859
t 666 667 860
t 667 861 860
t 667 668 861
t 668 862 861
t 668 669 862
t 669 863 862
t 669 670 863
t 670 864 863
t 670 671 864
t 671 865 864
t 671 672 865
t 672 866 865
t 672 673 866
t 673 867 866
t 673 674 867
t 674 868 867
t 674 675 868
t 675 869 868
t 675 676 869
t 676 870 869
t 676 677 870
t 677 871 870
t 677 678 871
t 678 872 871
t 678 679 872
t 679 873 872
t 679 680 873
t 680 874 873
t 680 681 874
t 681 875 874
t 681 682 875
t 682 876 875
t 682 683 876
t 683 877 876
t 683 684 877
t 684 878 877
t 684 685 878
t 685 879 878
t 685 686 879
t 686 880 879
t 686 687 880
t 687 881 880
t 687 688 881
t 688 882 881
t 688 689 882
t 689 883 882
t 689 690 883
t 690 884 883
t 690 691 884
t 691 885 884
t 691 692 885
t 692 886 885
t 692 693 886
t 693 887 886
t 693 694 887
t 694 888 887
t 694 695 888
t 695 889 888
t 695 696 889
t 696 890 889
t 696 697 890
t 697 891 890
t 697 698 891
t 698 892 891
t 698 699 892
t 699 893 892
t 699 700 893
t 700 894 893
t 700 701 894
t 701 895 894
t 701 702 895
t 702 896 895
t 702 703 896
t 703 897 896
t 703 704 897
t 704 898 897
t 704 705 898
t 705 899 898
t 705 706 899
t 706 900 899
t 706 707 900
t 707 901 900
t 707 708 901
t 708 902 901
t 708 709 902
t 709 903 902
t 709 710 903
t 710 904 903
t 710 711 904
t 711 905 904
t 711 712 905
t 712 906 905
t 712 713 906
t 713 907 906
t 713 714 907
t 714 908 907
t 714 715 908
t 715 909 908
t 715 716 909
t 716 910 909
t 716 717 910
t 717 911 910
t 717 718 911
t 718 912 911
t 718 719 912
t 719 913 912
t 719 720 913
t 720 914 913
t 720 721 914
t 721 915 914
t 721 722 915
t 722 916 915
t 722 723 916
t 723 917 916
t 723 724 917
t 724 918 917
t 724 725 918
t 725 919 918
t 725 726 919
t 726 920 919
t 726 727 920
t 727 921 920
t 727 728 921
t 728 922 921
t 728 729 922
t 729 923 922
t 729 730 923
t 730 924 923
t 730 731 924
t 731 925 924
t 731 732 925
t 732 926 925
t 732 733 926
t 733 927 926
t 733 734 927
t 734 928 927
t 734 735 928
t 735 929 928
t 735 736 929
t 736 930 929
t 736 737 930
t 737 931 930
t 737 738 931
t 738 932 931
t 738 739 932
t 739 933 932
t 739 740 933
t 740 934 933
t 740 741 934
t 741 935 934
t 741 742 935
t 742 936 935
t 742 743 936
t 743 937 936
t 743 744 937
t 744 938 937
t 744 745 938
t 745 939 938
t 745 65 939
t 745 57 65
t 244 242 243
t 244 241 242
t 244 240 241
t 244 239 240
t 244 238 239
t 244 237 238
t 244 236 237
t 244 235 236
t 244 234 235
t 244 233 234
t 244 232 233
t 244 231 232
t 244 230 231
t 244 229 230
t 65 66 67
t 65 67 68
t 65 68 69
t 65 69 70
t 65 70 71
t 65 71 72
t 244 940 229
t 244 941 940
t 244 942 941
t 244 943 942
t 244 944 943
t 244 945 944
t 244 946 945
t 244 947 946
t 244 948 947
t 244 949 948
t 244 950 949
t 244 951 950
t 244 952 951
t 244 953 952
t 244 954 953
t 244 746 954
t 746 955 954
t 746 747 955
t 747 956 955
t 747 748 956
t 748 957 956
t 748 749 957
t 749 958 957
t 749 750 958
t 750 959 958
t 750 751 959
t 751 960 959
t 751 752 960
t 752 961 960
t 752 753 961
t 753 962 961
t 753 754 962
t 754 963 962
t 754 755 963
t 755 964 963
t 755 756 964
t 756 965 964
t 756 757 965
t 757 966 965
t 757 758 966
t 758 967 966
t 758 759 967
t 759 968 967
t 759 760 968
t 760 969 968
t 760 761 969
t 761 970 969
t 761 762 970
t 762 971 970
t 762 763 971
t 763 972 971
t 763 764 972
t 764 973 972
t 764 765 973
t 765 974 973
t 765 766 974
t 766 975 974
t 766 767 975
t 767 976 975
t 767 768 976
t 768 977 976
t 768 769 977
t 769 978 977
t 769 770 978
t 770 979 978
t 770 771 979
t 771 980 979
t 771 772 980
t 772 981 980
t 772 773 981
t 773 982 981
t 773 774 982
t 774 983 982
t 774 775 983
t 775 984 983
t 775 776 984
t 776 985 984
t 776 777 985
t 777 986 985
t 777 778 986
t 778 987 986
t 778 779 987
t 779 988 987
t 779 780 988
t 780 989 988
t 780 781 989
t 781 990 989
t 781 782 990
t 782 991 990
t 782 783 991
t 783 992 991
t 783 784 992
t 784 993 992
t 784 785 993
t 785 994 993
t 785 786 994
t 786 995 994
t 786 787 995
t 787 996 995
t 787 788 996
t 788 997 996
t 788 789 997
t 789 998 997
t 789 790 998
t 790 999 998
t 790 791 999
t 791 1000 999
t 791 792 1000
t 792 1001 1000
t 792 793 1001
t 793 1002 1001
t 793 794 1002
t 794 1003 1002
t 794 795 1003
t 795 1004 1003
t 795 796 1004
t 796 1005 1004
t 796 797 1005
t 797 1006 1005
t 797 798 1006
t 798 1007 1006
t 798 799 1007
t 799 1008 1007
t 799 800 1008
t 800 1009 1008
t 800 801 1009
t 801 1010 1009
t 801 802 1010
t 802 1011 1010
t 802 803 1011
t 803 1012 1011
t 803 804 1012
t 804 1013 1012
t 804 805 1013
t 805 1014 1013
t 805 806 1014
t 806 1015 1014
t 806 807 1015
t 807 1016 1015
t 807 808 1016
t 808 1017 1016
t 808 809 1017
t 809 1018 1017
t 809 810 1018
t 810 1019 1018
t 810 811 1019
t 811 1020 1019
t 811 812 1020
t 812 1021 1020
t 812 813 1021
t 813 1022 1021
t 813 814 1022
t 814 1023 1022
t 814 815 1023
t 815 1024 1023
t 815 816 1024
t 816 1025 1024
t 816 817 1025
t 817 1026 1025
t 817 818 1026
t 818 1027 1026
t 818 819 1027
t 819 1028 1027
t 819 820 1028
t 820 1029 1028
t 820 821 1029
t 821 1030 1029
t 821 822 1030
t 822 1031 1030
t 822 823 1031
t 823 1032 1031
t 823 824 1032
t 824 1033 1032
t 824 825 1033
t 825 1034 1033
t 825 826 1034
t 826 1035 1034
t 826 827 1035
t 827 1036 1035
t 827 828 1036
t 828 1037 1036
t 828 829 1037
t 829 1038 1037
t 829 830 1038
t 830 1039 1038
t 830 831 1039
t 831 1040 1039
t 831 832 1040
t 832 1041 1040
t 832 833 1041
t 833 1042 1041
t 833 834 1042
t 834 1043 1042
t 834 835 1043
t 835 1044 1043
t 835 836 1044
t 836 1045 1044
t 836 837 1045
t 837 1046 1045
t 837 838 1046
t 838 1047 1046
t 838 839 1047
t 839 1048 1047
t 839 840 1048
t 840 1049 1048
t 840 841 1049
t 841 1050 1049
t 841 842 1050
t 842 1051 1050
t 842 843 1051
t 843 1052 1051
t 843 844 1052
t 844 1053 1052
t 844 845 1053
t 845 1054 1053
t 845 846 1054
t 846 1055 1054
t 846 847 1055
t 847 1056 1055
t 847 848 1056
t 848 1057 1056
t 848 849 1057
t 849 1058 1057
t 849 850 1058
t 850 1059 1058
t 850 851 1059
t 851 1060 1059
t 851 852 1060
t 852 1061 1060
t 852 853 1061
t 853 1062 1061
t 853 854 1062
t 854 1063 1062
t 854 855 1063
t 855 1064 1063
t 855 856 1064
t 856 1065 1064
t 856 857 1065
t 857 1066 1065
t 857 858 1066
t 858 1067 1066
t 858 859 1067
t 859 1068 1067
t 859 860 1068
t 860 1069 1068
t 860 861 1069
t 861 1070 1069
t 861 862 1070
t 862 1071 1070
t 862 863 1071
t 863 1072 1071
t 863 864 1072
t 864 1073 1072
t 864 865 1073
t 865 1074 1073
t 865 866 1074
t 866 1075 1074
t 866 867 1075
t 867 1076 1075
t 867 868 1076
t 868 1077 1076
t 868 869 1077
t 869 1078 1077
t 869 870 1078
t 870 1079 1078
t 870 871 1079
t 871 1080 1079
t 871 872 1080
t 872 1081 1080
t 872 873 1081
t 873 1082 1081
t 873 874 1082
t 874 1083 1082
t 874 875 1083
t 875 1084 1083
t 875 876 1084
t 876 1085 1084
t 876 877 1085
t 877 1086 1085
t 877 878 1086
t 878 1087 1086
t 878 879 1087
t 879 1088 1087
t 879 880 1088
t 880 1089 1088
t 880 881 1089
t 881 1090 1089
t 881 882 1090
t 882 1091 1090
t 882 883 1091
t 883 1092 1091
t 883 884 1092
t 884 1093 1092
t 884 885 1093
t 885 1094 1093
t 885 886 1094
t 886 1095 1094
t 886 887 1095
t 887 1096 1095
t 887 888 1096
t 888 1097 1096
t 888 889 1097
t 889 1098 1097
t 889 890 1098
t 890 1099 1098
t 890 891 1099
t 891 1100 1099
t 891 892 1100
t 892 1101 1100
t 892 893 1101
t 893 1102 1101
t 893 894 1102
t 894 1103 1102
t 894 895 1103
t 895 1104 1103
t 895 896 1104
t 896 1105 1104
t 896 897 1105
t 897 1106 1105
t 897 898 1106
t 898 1107 1106
t 898 899 1107
t 899 1108 1107
t 899 900 1108
t 900 1109 1108
t 900 901 1109
t 901 1110 1109
t 901 902 1110
t 902 1111 1110
t 902 903 1111
t 903 1112 1111
t 903 904 1112
t 904 1113 1112
t 904 905 1113
t 905 1114 1113
t 905 906 1114
t 906 1115 1114
t 906 907 1115
t 907 1116 1115
t 907 908 1116
t 908 1117 1116
t 908 909 1117
t 909 1118 1117
t 909 910 1118
t 910 1119 1118
t 910 911 1119
t 911 1120 1119
t 911 912 1120
t 912 1121 1120
t 912 913 1121
t 913 1122 1121
t 913 914 1122
t 914 1123 1122
t 914 915 1123
t 915 1124 1123
t 915 916 1124
t 916 1125 1124
t 916 917 1125
t 917 1126 1125
t 917 918 1126
t 918 1127 1126
t 918 919 1127
t 919 1128 1127
t 919 920 1128
t 920 1129 1128
t 920 921 1129
t 921 1130 1129
t 921 922 1130
t 922 1131 1130
t 922 923 1131
t 923 1132 1131
t 923 924 1132
t 924 1133 1132
t 924 925 1133
t 925 1134 1133
t 925 926 1134
t 926 1135 1134
t 926 927 1135
t 927 1136 1135
t 927 928 1136
t 928 1137 1136
t 928 929 1137
t 929 1138 1137
t 929 930 1138
t 930 1139 1138
t 930 931 1139
t 931 1140 1139
t 931 932 1140
t 932 1141 1140
t 932 933 1141
t 933 1142 1141
t 933 934 1142
t 934 1143 1142
t 934 935 1143
t 935 1144 1143
t 935 936 1144
t 936 1145 1144
t 936 937 1145
t 937 1146 1145
t 937 938 1146
t 938 1147 1146
t 938 939 1147
t 939 1148 1147
t 939 72 1148
t 939 65 72
t 229 227 228
t 229 226 227
t 229 225 226
t 229 224 225
t 229 223 224
t 229 222 223
t 229 221 222
t 229 220 221
t 229 219 220
t 229 218 219
t 229 217 218
t 229 216 217
t 229 215 216
t 72 73 74
t 72 74 75
t 72 75 76
t 72 76 77
t 72 77 78
t 72 78 79
t 72 79 80
t 229 1149 215
t 229 1150 1149
t 229 1151 1150
t 229 1152 1151
t 229 1153 1152
t 229 1154 1153
t 229 1155 1154
t 229 1156 1155
t 229 1157 1156
t 229 1158 1157
t 229 1159 1158
t 229 1160 1159
t 229 1161 1160
t 229 1162 1161
t 229 940 1162
t 940 1163 1162
t 940 941 1163
t 941 1164 1163
t 941 942 1164
t 942 1165 1164
t 942 943 1165
t 943 1166 1165
t 943 944 1166
t 944 1167 1166
t 944 945 1167
t 945 1168 1167
t 945 946 1168
t 946 1169 1168
t 946 947 1169
t 947 1170 1169
t 947 948 1170
t 948 1171 1170
t 948 949 1171
t 949 1172 1171
t 949 950 1172
t 950 1173 1172
t 950 951 1173
t 951 1174 1173
t 951 952 1174
t 952 1175 1174
t 952 953 1175
t 953 1176 1175
t 953 954 1176
t 954 1177 1176
t 954 955 1177
t 955 1178 1177
t 955 956 1178
t 956 1179 1178
t 956 957 1179
t 957 1180 1179
t 957 958 1180
t 958 1181 1180
t 958 959 1181
t 959 1182 1181
t 959 960 1182
t 960 1183 1182
t 960 961 1183
t 961 1184 1183
t 961 962 1184
t 962 1185 1184
t 962 963 1185
t 963 1186 1185
t 963 964 1186
t 964 1187 1186
t 964 965 1187
t 965 1188 1187
t 965 966 1188
t 966 1189 1188
t 966 967 1189
t 967 1190 1189
t 967 968 1190
t 968 1191 1190
t 968 969 1191
t 969 1192 1191
t 969 970 1192
t 970 1193 1192
t 970 971 1193
t 971 1194 1193
t 971 972 1194
t 972 1195 1194
t 972 973 1195
t 973 1196 1195
t 973 974 1196
t 974 1197 1196
t 974 975 1197
t 975 1198 1197
t 975 976 1198
t 976 1199 1198
t 976 977 1199
t 977 1200 1199
t 977 978 1200
t 978 1201 1200
t 978 979 1201
t 979 1202 1201
t 979 980 1202
t 980 1203 1202
t 980 981 1203
t 981 1204 1203
t 981 982 1204
t 982 1205 1204
t 982 983 1205
t 983 1206 1205
t 983 984 1206
t 984 1207 1206
t 984 985 1207
t 985 1208 1207
t 985 986 1208
t 986 1209 1208
t 986 987 1209
t 987 1210 1209
t 987 988 1210
t 988 1211 1210
t 988 989 1211
t 989 1212 1211
t 989 990 1212
t 990 1213 1212
t 990 991 1213
t 991 1214 1213
t 991 992 1214
t 992 1215 1214
t 992 993 1215
t 993 1216 1215
t 993 994 1216
t 994 1217 1216
t 994 995 1217
t 995 1218 1217
t 995 996 1218
t 996 1219 1218
t 996 997 1219
t 997 1220 1219
t 997 998 1220
t 998 1221 1220
t 998 999 1221
t 999 1222 1221
t 999 1000 1222
t 1000 1223 1222
t 1000 1001 1223
t 1001 1224 1223
t 1001 1002 1224
t 1002 1225 1224
t 1002 1003 1225
t 1003 1226 1225
t 1003 1004 1226
t 1004 1227 1226
t 1004 1005 1227
t 1005 1228 1227
t 1005 1006 1228
t 1006 1229 1228
t 1006 1007 1229
t 1007 1230 1229
t 1007 1008 1230
t 1008 1231 1230
t 1008 1009 1231
t 1009 1232 1231
t 1009 1010 1232
t 1010 1233 1232
t 1010 1011 1233
t 1011 1234 1233
t 1011 1012 1234
t 1012 1235 1234
t 1012 1013 1235
t 1013 1236 1235
t 1013 1014 1236
t 1014 1237 1236
t 1014 1015 1237
t 1015 1238 1237
t 1015 1016 1238
t 1016 1239 1238
t 1016 1017 1239
t 1017 1240 1239
t 1017 1018 1240
t 1018 1241 1240
t 1018 1019 1241
t 1019 1242 1241
t 1019 1020 1242
t 1020 1243 1242
t 1020 1021 1243
t 1021 1244 1243
t 1021 1022 1244
t 1022 1245 1244
t 1022 1023 1245
t 1023 1246 1245
t 1023 1024 1246
t 1024 1247 1246
t 1024 1025 1247
t 1025 1248 1247
t 1025 1026 1248
t 1026 1249 1248
t 1026 1027 1249
t 1027 1250 1249
t 1027 1028 1250
t 1028 1251 1250
t 1028 1029 1251
t 1029 1252 1251
t 1029 1030 1252
t 1030 1253 1252
t 1030 1031 1253
t 1031 1254 1253
t 1031 1032 1254
t 1032 1255 1254
t 1032 1033 1255
t 1033 1256 1255
t 1033 1034 1256
t 1034 1257 1256
t 1034 1035 1257
t 1035 1258 1257
t 1035 1036 1258
t 1036 1259 1258
t 1036 1037 1259
t 1037 1260 1259
t 1037 1038 1260
t 1038 1261 1260
t 1038 1039 1261
t 1039 1262 1261
t 1039 1040 1262
t 1040 1263 1262
t 1040 1041 1263
t 1041 1264 1263
t 1041 1042 1264
t 1042 1265 1264
t 1042 1043 1265
t 1043 1266 1265
t 1043 1044 1266
t 1044 1267 1266
t 1044 1045 1267
t 1045 1268 1267
t 1045 1046 1268
t 1046 1269 1268
t 1046 1047 1269
t 1047 1270 1269
t 1047 1048 1270
t 1048 1271 1270
t 1048 1049 1271
t 1049 1272 1271
t 1049 1050 1272
t 1050 1273 1272
t 1050 1051 1273
t 1051 1274 1273
t 1051 1052 1274
t 1052 1275 1274
t 1052 1053 1275
t 1053 1276 1275
t 1053 1054 1276
t 1054 1277 1276
t 1054 1055 1277
t 1055 1278 1277
t 1055 1056 1278
t 1056 1279 1278
t 1056 1057 1279
t 1057 1280 1279
t 1057 1058 1280
t 1058 1281 1280
t 1058 1059 1281
t 1059 1282 1281
t 1059 1060 1282
t 1060 1283 1282
t 1060 1061 1283
t 1061 1284 1283
t 1061 1062 1284
t 1062 1285 1284
t 1062 1063 1285
t 1063 1286 1285
t 1063 1064 1286
t 1064 1287 1286
t 1064 1065 1287
t 1065 1288 1287
t 1065 1066 1288
t 1066 1289 1288
t 1066 1067 1289
t 1067 1290 1289
t 1067 1068 1290
t 1068 1291 1290
t 1068 1069 1291
t 1069 1292 1291
t 1069 1070 1292
t 1070 1293 1292
t 1070 1071 1293
t 1071 1294 1293
t 1071 1072 1294
t 1072 1295 1294
t 1072 1073 1295
t 1073 1296 1295
t 1073 1074 1296
t 1074 1297 1296
t 1074 1075 1297
t 1075 1298 1297
t 1075 1076 1298
t 1076 1299 1298
t 1076 1077 1299
t 1077 1300 1299
t 1077 1078 1300
t 1078 1301 1300
t 1078 1079 1301
t 1079 1302 1301
t 1079 1080 1302
t 1080 1303 1302
t 1080 1081 1303
t 1081 1304 1303
t 1081 1082 1304
t 1082 1305 1304
t 1082 1083 1305
t 1083 1306 1305
t 1083 1084 1306
t 1084 1307 1306
t 1084 1085 1307
t 1085 1308 1307
t 1085 1086 1308
t 1086 1309 1308
t 1086 1087 1309
t 1087 1310 1309
t 1087 1088 1310
t 1088 1311 1310
t 1088 1089 1311
t 1089 1312 1311
t 1089 1090 1312
t 1090 1313 1312
t 1090 1091 1313
t 1091 1314 1313
t 1091 1092 1314
t 1092 1315 1314
t 1092 1093 1315
t 1093 1316 1315
t 1093 1094 1316
t 1094 1317 1316
t 1094 1095 1317
t 1095 1318 1317
t 1095 1096 1318
t 1096 1319 1318
t 1096 1097 1319
t 1097 1320 1319
t 1097 1098 1320
t 1098 1321 1320
t 1098 1099 1321
t 1099 1322 1321
t 1099 1100 1322
t 1100 1323 1322
t 1100 1101 1323
t 1101 1324 1323
t 1101 1102 1324
t 1102 1325 1324
t 1102 1103 1325
t 1103 1326 1325
t 1103 1104 1326
t 1104 1327 1326
t 1104 1105 1327
t 1105 1328 1327
t 1105 1106 1328
t 1106 1329 1328
t 1106 1107 1329
t 1107 1330 1329
t 1107 1108 1330
t 1108 1331 1330
t 1108 1109 1331
t 1109 1332 1331
t 1109 1110 1332
t 1110 1333 1332
t 1110 1111 1333
t 1111 1334 1333
t 1111 1112 1334
t 1112 1335 1334
t 1112 1113 1335
t 1113 1336 1335
t 1113 1114 1336
t 1114 1337 1336
t 1114 1115 1337
t 1115 1338 1337
t 1115 1116 1338
t 1116 1339 1338
t 1116 1117 1339
t 1117 1340 1339
t 1117 1118 1340
t 1118 1341 1340
t 1118 1119 1341
t 1119 1342 1341
t 1119 1120 1342
t 1120 1343 1342
t 1120 1121 1343
t 1121 1344 1343
t 1121 1122 1344
t 1122 1345 1344
t 1122 1123 1345
t 1123 1346 1345
t 1123 1124 1346
t 1124 1347 1346
t 1124 1125 1347
t 1125 1348 1347
t 1125 1126 1348
t 1126 1349 1348
t 1126 1127 1349
t 1127 1350 1349
t 1127 1128 1350
t 1128 1351 1350
t 1128 1129 1351
t 1129 1352 1351
t 1129 1130 1352
t 1130 1353 1352
t 1130 1131 1353
t 1131 1354 1353
t 1131 1132 1354
t 1132 1355 1354
t 1132 1133 1355
t 1133 1356 1355
t 1133 1134 1356
t 1134 1357 1356
t 1134 1135 1357
t 1135 1358 1357
t 1135 1136 1358
t 1136 1359 1358
t 1136 1137 1359
t 1137 1360 1359
t 1137 1138 1360
t 1138 1361 1360
t 1138 1139 1361
t 1139 1362 1361
t 1139 1140 1362
t 1140 1363 1362
t 1140 1141 1363
t 1141 1364 1363
t 1141 1142 1364
t 1142 1365 1364
t 1142 1143 1365
t 1143 1366 1365
t 1143 1144 1366
t 1144 1367 1366
t 1144 1145 1367
t 1145 1368 1367
t 1145 1146 1368
t 1146 1369 1368
t 1146 1147 1369
t 1147 1370 1369
t 1147 1148 1370
t 1148 1371 1370
t 1148 72 1371
t 72 80 1371
t 215 213 214
t 215 212 213
t 215 211 212
t 215 210 211
t 215 209 210
t 215 208 209
t 215 207 208
t 215 206 207
t 215 205 206
t 215 204 205
t 215 203 204
t 215 202 203
t 80 81 82
t 80 82 83
t 80 83 84
t 80 84 85
t 80 85 86
t 80 86 87
t 215 1372 202
t 215 1373 1372
t 215 1374 1373
t 215 1375 1374
t 215 1376 1375
t 215 1377 1376
t 215 1378 1377
t 215 1379 1378
t 215 1380 1379
t 215 1381 1380
t 215 1382 1381
t 215 1383 1382
t 215 1384 1383
t 215 1149 1384
t 1149 1385 1384
t 1149 1150 1385
t 1150 1386 1385
t 1150 1151 1386
t 1151 1387 1386
t 1151 1152 1387
t 1152 1388 1387
t 1152 1153 1388
t 1153 1389 1388
t 1153 1154 1389
t 1154 1390 1389
t 1154 1155 1390
t 1155 1391 1390
t 1155 1156 1391
t 1156 1392 1391
t 1156 1157 1392
t 1157 1393 1392
t 1157 1158 1393
t 1158 1394 1393
t 1158 1159 1394
t 1159 1395 1394
t 1159 1160 1395
t 1160 1396 1395
t 1160 1161 1396
t 1161 1397 1396
t 1161 1162 1397
t 1162 1398 1397
t 1162 1163 1398
t 1163 1399 1398
t 1163 1164 1399
t 1164 1400 1399
t 1164 1165 1400
t 1165 1401 1400
t 1165 1166 1401
t 1166 1402 1401
t 1166 1167 1402
t 1167 1403 1402
t 1167 1168 1403
t 1168 1404 1403
t 1168 1169 1404
t 1169 1405 1404
t 1169 1170 1405
t 1170 1406 1405
t 1170 1171 1406
t 1171 1407 1406
t 1171 1172 1407
t 1172 1408 1407
t 1172 1173 1408
t 1173 1409 1408
t 1173 1174 1409
t 1174 1410 1409
t 1174 1175 1410
t 1175 1411 1410
t 1175 1176 1411
t 1176 1412 1411
t 1176 1177 1412
t 1177 1413 1412
t 1177 1178 1413
t 1178 1414 1413
t 1178 1179 1414
t 1179 1415 1414
t 1179 1180 1415
t 1180 1416 1415
t 1180 1181 1416
t 1181 1417 1416
t 1181 1182 1417
t 1182 1418 1417
t 1182 1183 1418
t 1183 1419 1418
t 1183 1184 1419
t 1184 1420 1419
t 1184 1185 1420
t 1185 1421 1420
t 1185 1186 1421
t 1186 1422 1421
t 1186 1187 1422
t 1187 1423 1422
t 1187 1188 1423
t 1188 1424 1423
t 1188 1189 1424
t 1189 1425 1424
t 1189 1190 1425
t 1190 1426 1425
t 1190 1191 1426
t 1191 1427 1426
t 1191 1192 1427
t 1192 1428 1427
t 1192 1193 1428
t 1193 1429 1428
t 1193 1194 1429
t 1194 1430 1429
t 1194 1195 1430
t 1195 1431 1430
t 1195 1196 1431
t 1196 1432 1431
t 1196 1197 1432
t 1197 1433 1432
t 1197 1198 1433
t 1198 1434 1433
t 1198 1199 1434
t 1199 1435 1434
t 1199 1200 1435
t 1200 1436 1435
t 1200 1201 1436
t 1201 1437 1436
t 1201 1202 1437
t 1202 1438 1437
t 1202 1203 1438
t 1203 1439 1438
t 1203 1204 1439
t 1204 1440 1439
t 1204 1205 1440
t 1205 1441 1440
t 1205 1206 1441
t 1206 1442 1441
t 1206 1207 1442
t 1207 1443 1442
t 1207 1208 1443
t 1208 1444 1443
t 1208 1209 1444
t 1209 1445 1444
t 1209 1210 1445
t 1210 1446 1445
t 1210 1211 1446
t 1211 1447 1446
t 1211 1212 1447
t 1212 1448 1447
t 1212 1213 1448
t 1213 1449 1448
t 1213 1214 1449
t 1214 1450 1449
t 1214 1215 1450
t 1215 1451 1450
t 1215 1216 1451
t 1216 1452 1451
t 1216 1217 1452
t 1217 1453 1452
t 1217 1218 1453
t 1218 1454 1453
t 1218 1219 1454
t 1219 1455 1454
t 1219 1220 1455
t 1220 1456 1455
t 1220 1221 1456
t 1221 1457 1456
t 1221 1222 1457
t 1222 1458 1457
t 1222 1223 1458
t 1223 1459 1458
t 1223 1224 1459
t 1224 1460 1459
t 1224 1225 1460
t 1225 1461 1460
t 1225 1226 1461
t 1226 1462 1461
t 1226 1227 1462
t 1227 1463 1462
t 1227 1228 1463
t 1228 1464 1463
t 1228 1229 1464
t 1229 1465 1464
t 1229 1230 1465
t 1230 1466 1465
t 1230 1231 1466
t 1231 1467 1466
t 1231 1232 1467
t 1232 1468 1467
t 1232 1233 1468
t 1233 1469 1468
t 1233 1234 1469
t 1234 1470 1469
t 1234 1235 1470
t 1235 1471 1470
t 1235 1236 1471
t 1236 1472 1471
t 1236 1237 1472
t 1237 1473 1472
t 1237 1238 1473
t 1238 1474 1473
t 1238 1239 1474
t 1239 1475 1474
t 1239 1240 1475
t 1240 1476 1475
t 1240 1241 1476
t 1241 1477 1476
t 1241 1242 1477
t 1242 1478 1477
t 1242 1243 1478
t 1243 1479 1478
t 1243 1244 1479
t 1244 1480 1479
t 1244 1245 1480
t 1245 1481 1480
t 1245 1246 1481
t 1246 1482 1481
t 1246 1247 1482
t 1247 1483 1482
t 1247 1248 1483
t 1248 1484 1483
t 1248 1249 1484
t 1249 1485 1484
t 1249 1250 1485
t 1250 1486 1485
t 1250 1251 1486
t 1251 1487 1486
t 1251 1252 1487
t 1252 1488 1487
t 1252 1253 1488
t 1253 1489 1488
t 1253 1254 1489
t 1254 1490 1489
t 1254 1255 1490
t 1255 1491 1490
t 1255 1256 1491
t 1256 1492 1491
t 1256 1257 1492
t 1257 1493 1492
t 1257 1258 1493
t 1258 1494 1493
t 1258 1259 1494
t 1259 1495 1494
t 1259 1260 1495
t 1260 1496 1495
t 1260 1261 1496
t 1261 1497 1496
t 1261 1262 1497
t 1262 1498 1497
t 1262 1263 1498
t 1263 1499 1498
t 1263 1264 1499
t 1264 1500 1499
t 1264 1265 1500
t 1265 1501 1500
t 1265 1266 1501
t 1266 1502 1501
t 1266 1267 1502
t 1267 1503 1502
t 1267 1268 1503
t 1268 1504 1503
t 1268 1269 1504
t 1269 1505 1504
t 1269 1270 1505
t 1270 1506 1505
t 1270 1271 1506
t 1271 1507 1506
t 1271 1272 1507
t 1272 1508 1507
t 1272 1273 1508
t 1273 1509 1508
t 1273 1274 1509
t 1274 1510 1509
t 1274 1275 1510
t 1275 1511 1510
t 1275 1276 1511
t 1276 1512 1511
t 1276 1277 1512
t 1277 1513 1512
t 1277 1278 1513
t 1278 1514 1513
t 1278 1279 1514
t 1279 1515 1514
t 1279 1280 1515
t 1280 1516 1515
t 1280 1281 1516
t 1281 1517 1516
t 1281 1282 1517
t 1282 1518 1517
t 1282 1283 1518
t 1283 1519 1518
t 1283 1284 1519
t 1284 1520 1519
t 1284 1285 1520
t 1285 1521 1520
t 1285 1286 1521
t 1286 1522 1521
t 1286 1287 1522
t 1287 1523 1522
t 1287 1288 1523
t 1288 1524 1523
t 1288 1289 1524
t 1289 1525 1524
t 1289 1290 1525
t 1290 1526 1525
t 1290 1291 1526
t 1291 1527 1526
t 1291 1292 1527
t 1292 1528 1527
t 1292 1293 1528
t 1293 1529 1528
t 1293 1294 1529
t 1294 1530 1529
t 1294 1295 1530
t 1295 1531 1530
t 1295 1296 1531
t 1296 1532 1531
t 1296 1297 1532
t 1297 1533 1532
t 1297 1298 1533
t 1298 1534 1533
t 1298 1299 1534
t 1299 1535 1534
t 1299 1300 1535
t 1300 1536 1535
t 1300 1301 1536
t 1301 1537 1536
t 1301 1302 1537
t 1302 1538 1537
t 1302 1303 1538
t 1303 1539 1538
t 1303 1304 1539
t 1304 1540 1539
t 1304 1305 1540
t 1305 1541 1540
t 1305 1306 1541
t 1306 1542 1541
t 1306 1307 1542
t 1307 1543 1542
t 1307 1308 1543
t 1308 1544 1543
t 1308 1309 1544
t 1309 1545 1544
t 1309 1310 1545
t 1310 1546 1545
t 1310 1311 1546
t 1311 1547 1546
t 1311 1312 1547
t 1312 1548 1547
t 1312 1313 1548
t 1313 1549 1548
t 1313 1314 1549
t 1314 1550 1549
t 1314 1315 1550
t 1315 1551 1550
t 1315 1316 1551
t 1316 1552 1551
t 1316 1317 1552
t 1317 1553 1552
t 1317 1318 1553
t 1318 1554 1553
t 1318 1319 1554
t 1319 1555 1554
t 1319 1320 1555
t 1320 1556 1555
t 1320 1321 1556
t 1321 1557 1556
t 1321 1322 1557
t 1322 1558 1557
t 1322 1323 1558
t 1323 1559 1558
t 1323 1324 1559
t 1324 1560 1559
t 1324 1325 1560
t 1325 1561 1560
t 1325 1326 1561
t 1326 1562 1561
t 1326 1327 1562
t 1327 1563 1562
t 1327 1328 1563
t 1328 1564 1563
t 1328 1329 1564
t 1329 1565 1564
t 1329 1330 1565
t 1330 1566 1565
t 1330 1331 1566
t 1331 1567 1566
t 1331 1332 1567
t 1332 1568 1567
t 1332 1333 1568
t 1333 1569 1568
t 1333 1334 1569
t 1334 1570 1569
t 1334 1335 1570
t 1335 1571 1570
t 1335 1336 1571
t 1336 1572 1571
t 1336 1337 1572
t 1337 1573 1572
t 1337 1338 1573
t 1338 1574 1573
t 1338 1339 1574
t 1339 1575 1574
t 1339 1340 1575
t 1340 1576 1575
t 1340 1341 1576
t 1341 1577 1576
t 1341 1342 1577
t 1342 1578 1577
t 1342 1343 1578
t 1343 1579 1578
t 1343 1344 1579
t 1344 1580 1579
t 1344 1345 1580
t 1345 1581 1580
t 1345 1346 1581
t 1346 1582 1581
t 1346 1347 1582
t 1347 1583 1582
t 1347 1348 1583
t 1348 1584 1583
t 1348 1349 1584
t 1349 1585 1584
t 1349 1350 1585
t 1350 1586 1585
t 1350 1351 1586
t 1351 1587 1586
t 1351 1352 1587
t 1352 1588 1587
t 1352 1353 1588
t 1353 1589 1588
t 1353 1354 1589
t 1354 1590 1589
t 1354 1355 1590
t 1355 1591 1590
t 1355 1356 1591
t 1356 1592 1591
t 1356 1357 1592
t 1357 1593 1592
t 1357 1358 1593
t 1358 1594 1593
t 1358 1359 1594
t 1359 1595 1594
t 1359 1360 1595
t 1360 1596 1595
t 1360 1361 1596
t 1361 1597 1596
t 1361 1362 1597
t 1362 1598 1597
t 1362 1363 1598
t 1363 1599 1598
t 1363 1364 1599
t 1364 1600 1599
t 1364 1365 1600
t 1365 1601 1600
t 1365 1366 1601
t 1366 1602 1601
t 1366 1367 1602
t 1367 1603 1602
t 1367 1368 1603
t 1368 1604 1603
t 1368 1369 1604
t 1369 1605 1604
t 1369 1370 1605
t 1370 1606 1605
t 1370 1371 1606
t 1371 1607 1606
t 1371 80 1607
t 80 87 1607
t 202 200 201
t 202 199 200
t 202 198 199
t 202 197 198
t 202 196 197
t 202 195 196
t 202 194 195
t 202 193 194
t 202 192 193
t 202 191 192
t 202 190 191
t 87 88 89
t 87 89 90
t 87 90 91
t 87 91 92
t 87 92 93
t 87 93 94
t 87 94 95
t 202 1608 190
t 202 1609 1608
t 202 1610 1609
t 202 1611 1610
t 202 1612 1611
t 202 1613 1612
t 202 1614 1613
t 202 1615 1614
t 202 1616 1615
t 202 1617 1616
t 202 1618 1617
t 202 1619 1618
t 202 1372 1619
t 1372 1620 1619
t 1372 1373 1620
t 1373 1621 1620
t 1373 1374 1621
t 1374 1622 1621
t 1374 1375 1622
t 1375 1623 1622
t 1375 1376 1623
t 1376 1624 1623
t 1376 1377 1624
t 1377 1625 1624
t 1377 1378 1625
t 1378 1626 1625
t 1378 1379 1626
t 1379 1627 1626
t 1379 1380 1627
t 1380 1628 1627
t 1380 1381 1628
t 1381 1629 1628
t 1381 1382 1629
t 1382 1630 1629
t 1382 1383 1630
t 1383 1631 1630
t 1383 1384 1631
t 1384 1632 1631
t 1384 1385 1632
t 1385 1633 1632
t 1385 1386 1633
t 1386 1634 1633
t 1386 1387 1634
t 1387 1635 1634
t 1387 1388 1635
t 1388 1636 1635
t 1388 1389 1636
t 1389 1637 1636
t 1389 1390 1637
t 1390 1638 1637
t 1390 1391 1638
t 1391 1639 1638
t 1391 1392 1639
t 1392 1640 1639
t 1392 1393 1640
t 1393 1641 1640
t 1393 1394 1641
t 1394 1642 1641
t 1394 1395 1642
t 1395 1643 1642
t 1395 1396 1643
t 1396 1644 1643
t 1396 1397 1644
t 1397 1645 1644
t 1397 1398 1645
t 1398 1646 1645
t 1398 1399 1646
t 1399 1647 1646
t 1399 1400 1647
t 1400 1648 1647
t 1400 1401 1648
t 1401 1649 1648
t 1401 1402 1649
t 1402 1650 1649
t 1402 1403 1650
t 1403 1651 1650
t 1403 1404 1651
t 1404 1652 1651
t 1404 1405 1652
t 1405 1653 1652
t 1405 1406 1653
t 1406 1654 1653
t 1406 1407 1654
t 1407 1655 1654
t 1407 1408 1655
t 1408 1656 1655
t 1408 1409 1656
t 1409 1657 1656
t 1409 1410 1657
t 1410 1658 1657
t 1410 1411 1658
t 1411 1659 1658
t 1411 1412 1659
t 1412 1660 1659
t 1412 1413 1660
t 1413 1661 1660
t 1413 1414 1661
t 1414 1662 1661
t 1414 1415 1662
t 1415 1663 1662
t 1415 1416 1663
t 1416 1664 1663
t 1416 1417 1664
t 1417 1665 1664
t 1417 1418 1665
t 1418 1666 1665
t 1418 1419 1666
t 1419 1667 1666
t 1419 1420 1667
t 1420 1668 1667
t 1420 1421 1668
t 1421 1669 1668
t 1421 1422 1669
t 1422 1670 1669
t 1422 1423 1670
t 1423 1671 1670
t 1423 1424 1671
t 1424 1672 1671
t 1424 1425 1672
t 1425 1673 1672
t 1425 1426 1673
t 1426 1674 1673
t 1426 1427 1674
t 1427 1675 1674
t 1427 1428 1675
t 1428 1676 1675
t 1428 1429 1676
t 1429 1677 1676
t 1429 1430 1677
t 1430 1678 1677
t 1430 1431 1678
t 1431 1679 1678
t 1431 1432 1679
t 1432 1680 1679
t 1432 1433 1680
t 1433 1681 1680
t 1433 1434 1681
t 1434 1682 1681
t 1434 1435 1682
t 1435 1683 1682
t 1435 1436 1683
t 1436 1684 1683
t 1436 1437 1684
t 1437 1685 1684
t 1437 1438 1685
t 1438 1686 1685
t 1438 1439 1686
t 1439 1687 1686
t 1439 1440 1687
t 1440 1688 1687
t 1440 1441 1688
t 1441 1689 1688
t 1441 1442 1689
t 1442 1690 1689
t 1442 1443 1690
t 1443 1691 1690
t 1443 1444 1691
t 1444 1692 1691
t 1444 1445 1692
t 1445 1693 1692
t 1445 1446 1693
t 1446 1694 1693
t 1446 1447 1694
t 1447 1695 1694
t 1447 1448 1695
t 1448 1696 1695
t 1448 1449 1696
t 1449 1697 1696
t 1449 1450 1697
t 1450 1698 1697
t 1450 1451 1698
t 1451 1699 1698
t 1451 1452 1699
t 1452 1700 1699
t 1452 1453 1700
t 1453 1701 1700
t 1453 1454 1701
t 1454 1702 1701
t 1454 1455 1702
t 1455 1703 1702
t 1455 1456 1703
t 1456 1704 1703
t 1456 1457 1704
t 1457 1705 1704
t 1457 1458 1705
t 1458 1706 1705
t 1458 1459 1706
t 1459 1707 1706
t 1459 1460 1707
t 1460 1708 1707
t 1460 1461 1708
t 1461 1709 1708
t 1461 1462 1709
t 1462 1710 1709
t 1462 1463 1710
t 1463 1711 1710
t 1463 1464 1711
t 1464 1712 1711
t 1464 1465 1712
t 1465 1713 1712
t 1465 1466 1713
t 1466 1714 1713
t 1466 1467 1714
t 1467 1715 1714
t 1467 1468 1715
t 1468 1716 1715
t 1468 1469 1716
t 1469 1717 1716
t 1469 1470 1717
t 1470 1718 1717
t 1470 1471 1718
t 1471 1719 1718
t 1471 1472 1719
t 1472 1720 1719
t 1472 1473 1720
t 1473 1721 1720
t 1473 1474 1721
t 1474 1722 1721
t 1474 1475 1722
t 1475 1723 1722
t 1475 1476 1723
t 1476 1724 1723
t 1476 1477 1724
t 1477 1725 1724
t 1477 1478 1725
t 1478 1726 1725
t 1478 1479 1726
t 1479 1727 1726
t 1479 1480 1727
t 1480 1728 1727
t 1480 1481 1728
t 1481 1729 1728
t 1481 1482 1729
t 1482 1730 1729
t 1482 1483 1730
t 1483 1731 1730
t 1483 1484 1731
t 1484 1732 1731
t 1484 1485 1732
t 1485 1733 1732
t 1485 1486 1733
t 1486 1734 1733
t 1486 1487 1734
t 1487 1735 1734
t 1487 1488 1735
t 1488 1736 1735
t 1488 1489 1736
t 1489 1737 1736
t 1489 1490 1737
t 1490 1738 1737
t 1490 1491 1738
t 1491 1739 1738
t 1491 1492 1739
t 1492 1740 1739
t 1492 1493 1740
t 1493 1741 1740
t 1493 1494 1741
t 1494 1742 1741
t 1494 1495 1742
t 1495 1743 1742
t 1495 1496 1743
t 1496 1744 1743
t 1496 1497 1744
t 1497 1745 1744
t 1497 1498 1745
t 1498 1746 1745
t 1498 1499 1746
t 1499 1747 1746
t 1499 1500 1747
t 1500 1748 1747
t 1500 1501 1748
t 1501 1749 1748
t 1501 1502 1749
t 1502 1750 1749
t 1502 1503 1750
t 1503 1751 1750
t 1503 1504 1751
t 1504 1752 1751
t 1504 1505 1752
t 1505 1753 1752
t 1505 1506 1753
t 1506 1754 1753
t 1506 1507 1754
t 1507 1755 1754
t 1507 1508 1755
t 1508 1756 1755
t 1508 1509 1756
t 1509 1757 1756
t 1509 1510 1757
t 1510 1758 1757
t 1510 1511 1758
t 1511 1759 1758
t 1511 1512 1759
t 1512 1760 1759
t 1512 1513 1760
t 1513 1761 1760
t 1513 1514 1761
t 1514 1762 1761
t 1514 1515 1762
t 1515 1763 1762
t 1515 1516 1763
t 1516 1764 1763
t 1516 1517 1764
t 1517 1765 1764
t 1517 1518 1765
t 1518 1766 1765
t 1518 1519 1766
t 1519 1767 1766
t 1519 1520 1767
t 1520 1768 1767
t 1520 1521 1768
t 1521 1769 1768
t 1521 1522 1769
t 1522 1770 1769
t 1522 1523 1770
t 1523 1771 1770
t 1523 1524 1771
t 1524 1772 1771
t 1524 1525 1772
t 1525 1773 1772
t 1525 1526 1773
t 1526 1774 1773
t 1526 1527 1774
t 1527 1775 1774
t 1527 1528 1775
t 1528 1776 1775
t 1528 1529 1776
t 1529 1777 1776
t 1529 1530 1777
t 1530 1778 1777
t 1530 1531 1778
t 1531 1779 1778
t 1531 1532 1779
t 1532 1780 1779
t 1532 1533 1780
t 1533 1781 1780
t 1533 1534 1781
t 1534 1782 1781
t 1534 1535 1782
t 1535 1783 1782
t 1535 1536 1783
t 1536 1784 1783
t 1536 1537 1784
t 1537 1785 1784
t 1537 1538 1785
t 1538 1786 1785
t 1538 1539 1786
t 1539 1787 1786
t 1539 1540 1787
t 1540 1788 1787
t 1540 1541 1788
t 1541 1789 1788
t 1541 1542 1789
t 1542 1790 1789
t 1542 1543 1790
t 1543 1791 1790
t 1543 1544 1791
t 1544 1792 1791
t 1544 1545 1792
t 1545 1793 1792
t 1545 1546 1793
t 1546 1794 1793
t 1546 1547 1794
t 1547 1795 1794
t 1547 1548 1795
t 1548 1796 1795
t 1548 1549 1796
t 1549 1797 1796
t 1549 1550 1797
t 1550 1798 1797
t 1550 1551 1798
t 1551 1799 1798
t 1551 1552 1799
t 1552 1800 1799
t 1552 1553 1800
t 1553 1801 1800
t 1553 1554 1801
t 1554 1802 1801
t 1554 1555 1802
t 1555 1803 1802
t 1555 1556 1803
t 1556 1804 1803
t 1556 1557 1804
t 1557 1805 1804
t 1557 1558 1805
t 1558 1806 1805
t 1558 1559 1806
t 1559 1807 1806
t 1559 1560 1807
t 1560 1808 1807
t 1560 1561 1808
t 1561 1809 1808
t 1561 1562 1809
t 1562 1810 1809
t 1562 1563 1810
t 1563 1811 1810
t 1563 1564 1811
t 1564 1812 1811
t 1564 1565 1812
t 1565 1813 1812
t 1565 1566 1813
t 1566 1814 1813
t 1566 1567 1814
t 1567 1815 1814
t 1567 1568 1815
t 1568 1816 1815
t 1568 1569 1816
t 1569 1817 1816
t 1569 1570 1817
t 1570 1818 1817
t 1570 1571 1818
t 1571 1819 1818
t 1571 1572 1819
t 1572 1820 1819
t 1572 1573 1820
t 1573 1821 1820
t 1573 1574 1821
t 1574 1822 1821
t 1574 1575 1822
t 1575 1823 1822
t 1575 1576 1823
t 1576 1824 1823
t 1576 1577 1824
t 1577 1825 1824
t 1577 1578 1825
t 1578 1826 1825
t 1578 1579 1826
t 1579 1827 1826
t 1579 1580 1827
t 1580 1828 1827
t 1580 1581 1828
t 1581 1829 1828
t 1581 1582 1829
t 1582 1830 1829
t 1582 1583 1830
t 1583 1831 1830
t 1583 1584 1831
t 1584 1832 1831
t 1584 1585 1832
t 1585 1833 1832
t 1585 1586 1833
t 1586 1834 1833
t 1586 1587 1834
t 1587 1835 1834
t 1587 1588 1835
t 1588 1836 1835
t 1588 1589 1836
t 1589 1837 1836
t 1589 1590 1837
t 1590 1838 1837
t 1590 1591 1838
t 1591 1839 1838
t 1591 1592 1839
t 1592 1840 1839
t 1592 1593 1840
t 1593 1841 1840
t 1593 1594 1841
t 1594 1842 1841
t 1594 1595 1842
t 1595 1843 1842
t 1595 1596 1843
t 1596 1844 1843
t 1596 1597 1844
t 1597 1845 1844
t 1597 1598 1845
t 1598 1846 1845
t 1598 1599 1846
t 1599 1847 1846
t 1599 1600 1847
t 1600 1848 1847
t 1600 1601 1848
t 1601 1849 1848
t 1601 1602 1849
t 1602 1850 1849
t 1602 1603 1850
t 1603 1851 1850
t 1603 1604 1851
t 1604 1852 1851
t 1604 1605 1852
t 1605 1853 1852
t 1605 1606 1853
t 1606 1854 1853
t 1606 1607 1854
t 1607 1855 1854
t 1607 95 1855
t 1607 87 95
t 190 188 189
t 190 187 188
t 190 186 187
t 190 185 186
t 190 184 185
t 190 183 184
t 190 182 183
t 190 181 182
t 190 180 181
t 190 179 180
t 190 178 179
t 95 96 97
t 95 97 98
t 95 98 99
t 95 99 100
t 95 100 101
t 95 101 102
t 190 1856 178
t 190 1857 1856
t 190 1858 1857
t 190 1859 1858
t 190 1860 1859
t 190 1861 1860
t 190 1862 1861
t 190 1863 1862
t 190 1864 1863
t 190 1865 1864
t 190 1866 1865
t 190 1867 1866
t 190 1608 1867
t 1608 1868 1867
t 1608 1609 1868
t 1609 1869 1868
t 1609 1610 1869
t 1610 1870 1869
t 1610 1611 1870
t 1611 1871 1870
t 1611 1612 1871
t 1612 1872 1871
t 1612 1613 1872
t 1613 1873 1872
t 1613 1614 1873
t 1614 1874 1873
t 1614 1615 1874
t 1615 1875 1874
t 1615 1616 1875
t 1616 1876 1875
t 1616 1617 1876
t 1617 1877 1876
t 1617 1618 1877
t 1618 1878 1877
t 1618 1619 1878
t 1619 1879 1878
t 1619 1620 1879
t 1620 1880 1879
t 1620 1621 1880
t 1621 1881 1880
t 1621 1622 1881
t 1622 1882 1881
t 1622 1623 1882
t 1623 1883 1882
t 1623 1624 1883
t 1624 1884 1883
t 1624 1625 1884
t 1625 1885 1884
t 1625 1626 1885
t 1626 1886 1885
t 1626 1627 1886
t 1627 1887 1886
t 1627 1628 1887
t 1628 1888 1887
t 1628 1629 1888
t 1629 1889 1888
t 1629 1630 1889
t 1630 1890 1889
t 1630 1631 1890
t 1631 1891 1890
t 1631 1632 1891
t 1632 1892 1891
t 1632 1633 1892
t 1633 1893 1892
t 1633 1634 1893
t 1634 1894 1893
t 1634 1635 1894
t 1635 1895 1894
t 1635 1636 1895
t 1636 1896 1895
t 1636 1637 1896
t 1637 1897 1896
t 1637 1638 1897
t 1638 1898 1897
t 1638 1639 1898
t 1639 1899 1898
t 1639 1640 1899
t 1640 1900 1899
t 1640 1641 1900
t 1641 1901 1900
t 1641 1642 1901
t 1642 1902 1901
t 1642 1643 1902
t 1643 1903 1902
t 1643 1644 1903
t 1644 1904 1903
t 1644 1645 1904
t 1645 1905 1904
t 1645 1646 1905
t 1646 1906 1905
t 1646 1647 1906
t 1647 1907 1906
t 1647 1648 1907
t 1648 1908 1907
t 1648 1649 1908
t 1649 1909 1908
t 1649 1650 1909
t 1650 1910 1909
t 1650 1651 1910
t 1651 1911 1910
t 1651 1652 1911
t 1652 1912 1911
t 1652 1653 1912
t 1653 1913 1912
t 1653 1654 1913
t 1654 1914 1913
t 1654 1655 1914
t 1655 1915 1914
t 1655 1656 1915
t 1656 1916 1915
t 1656 1657 1916
t 1657 1917 1916
t 1657 1658 1917
t 1658 1918 1917
t 1658 1659 1918
t 1659 1919 1918
t 1659 1660 1919
t 1660 1920 1919
t 1660 1661 1920
t 1661 1921 1920
t 1661 1662 1921
t 1662 1922 1921
t 1662 1663 1922
t 1663 1923 1922
t 1663 1664 1923
t 1664 1924 1923
t 1664 1665 1924
t 1665 1925 1924
t 1665 1666 1925
t 1666 1926 1925
t 1666 1667 1926
t 1667 1927 1926
t 1667 1668 1927
t 1668 1928 1927
t 1668 1669 1928
t 1669 1929 1928
t 1669 1670 1929
t 1670 1930 1929
t 1670 1671 1930
t 1671 1931 1930
t 1671 1672 1931
t 1672 1932 1931
t 1672 1673 1932
t 1673 1933 1932
t 1673 1674 1933
t 1674 1934 1933
t 1674 1675 1934
t 1675 1935 1934
t 1675 1676 1935
t 1676 1936 1935
t 1676 1677 1936
t 1677 1937 1936
t 1677 1678 1937
t 1678 1938 1937
t 1678 1679 1938
t 1679 1939 1938
t 1679 1680 1939
t 1680 1940 1939
t 1680 1681 1940
t 1681 1941 1940
t 1681 1682 1941
t 1682 1942 1941
t 1682 1683 1942
t 1683 1943 1942
t 1683 1684 1943
t 1684 1944 1943
t 1684 1685 1944
t 1685 1945 1944
t 1685 1686 1945
t 1686 1946 1945
t 1686 1687 1946
t 1687 1947 1946
t 1687 1688 1947
t 1688 1948 1947
t 1688 1689 1948
t 1689 1949 1948
t 1689 1690 1949
t 1690 1950 1949
t 1690 1691 1950
t 1691 1951 1950
t 1691 1692 1951
t 1692 1952 1951
t 1692 1693 1952
t 1693 1953 1952
t 1693 1694 1953
t 1694 1954 1953
t 1694 1695 1954
t 1695 1955 1954
t 1695 1696 1955
t 1696 1956 1955
t 1696 1697 1956
t 1697 1957 1956
t 1697 1698 1957
t 1698 1958 1957
t 1698 1699 1958
t 1699 1959 1958
t 1699 1700 1959
t 1700 1960 1959
t 1700 1701 1960
t 1701 1961 1960
t 1701 1702 1961
t 1702 1962 1961
t 1702 1703 1962
t 1703 1963 1962
t 1703 1704 1963
t 1704 1964 1963
t 1704 1705 1964
t 1705 1965 1964
t 1705 1706 1965
t 1706 1966 1965
t 1706 1707 1966
t 1707 1967 1966
t 1707 1708 1967
t 1708 1968 1967
t 1708 1709 1968
t 1709 1969 1968
t 1709 1710 1969
t 1710 1970 1969
t 1710 1711 1970
t 1711 1971 1970
t 1711 1712 1971
t 1712 1972 1971
t 1712 1713 1972
t 1713 1973 1972
t 1713 1714 1973
t 1714 1974 1973
t 1714 1715 1974
t 1715 1975 1974
t 1715 1716 1975
t 1716 1976 1975
t 1716 1717 1976
t 1717 1977 1976
t 1717 1718 1977
t 1718 1978 1977
t 1718 1719 1978
t 1719 1979 1978
t 1719 1720 1979
t 1720 1980 1979
t 1720 1721 1980
t 1721 1981 1980
t 1721 1722 1981
t 1722 1982 1981
t 1722 1723 1982
t 1723 1983 1982
t 1723 1724 1983
t 1724 1984 1983
t 1724 1725 1984
t 1725 1985 1984
t 1725 1726 1985
t 1726 1986 1985
t 1726 1727 1986
t 1727 1987 1986
t 1727 1728 1987
t 1728 1988 1987
t 1728 1729 1988
t 1729 1989 1988
t 1729 1730 1989
t 1730 1990 1989
t 1730 1731 1990
t 1731 1991 1990
t 1731 1732 1991
t 1732 1992 1991
t 1732 1733 1992
t 1733 1993 1992
t 1733 1734 1993
t 1734 1994 1993
t 1734 1735 1994
t 1735 1995 1994
t 1735 1736 1995
t 1736 1996 1995
t 1736 1737 1996
t 1737 1997 1996
t 1737 1738 1997
t 1738 1998 1997
t 1738 1739 1998
t 1739 1999 1998
t 1739 1740 1999
t 1740 2000 1999
t 1740 1741 2000
t 1741 2001 2000
t 1741 1742 2001
t 1742 2002 2001
t 1742 1743 2002
t 1743 2003 2002
t 1743 1744 2003
t 1744 2004 2003
t 1744 1745 2004
t 1745 2005 2004
t 1745 1746 2005
t 1746 2006 2005
t 1746 1747 2006
t 1747 2007 2006
t 1747 1748 2007
t 1748 2008 2007
t 1748 1749 2008
t 1749 2009 2008
t 1749 1750 2009
t 1750 2010 2009
t 1750 1751 2010
t 1751 2011 2010
t 1751 1752 2011
t 1752 2012 2011
t 1752 1753 2012
t 1753 2013 2012
t 1753 1754 2013
t 1754 2014 2013
t 1754 1755 2014
t 1755 2015 2014
t 1755 1756 2015
t 1756 2016 2015
t 1756 1757 2016
t 1757 2017 2016
t 1757 1758 2017
t 1758 2018 2017
t 1758 1759 2018
t 1759 2019 2018
t 1759 1760 2019
t 1760 2020 2019
t 1760 1761 2020
t 1761 2021 2020
t 1761 1762 2021
t 1762 2022 2021
t 1762 1763 2022
t 1763 2023 2022
t 1763 1764 2023
t 1764 2024 2023
t 1764 1765 2024
t 1765 2025 2024
t 1765 1766 2025
t 1766 2026 2025
t 1766 1767 2026
t 1767 2027 2026
t 1767 1768 2027
t 1768 2028 2027
t 1768 1769 2028
t 1769 2029 2028
t 1769 1770 2029
t 1770 2030 2029
t 1770 1771 2030
t 1771 2031 2030
t 1771 1772 2031
t 1772 2032 2031
t 1772 1773 2032
t 1773 2033 2032
t 1773 1774 2033
t 1774 2034 2033
t 1774 1775 2034
t 1775 2035 2034
t 1775 1776 2035
t 1776 2036 2035
t 1776 1777 2036
t 1777 2037 2036
t 1777 1778 2037
t 1778 2038 2037
t 1778 1779 2038
t 1779 2039 2038
t 1779 1780 2039
t 1780 2040 2039
t 1780 1781 2040
t 1781 2041 2040
t 1781 1782 2041
t 1782 2042 2041
t 1782 1783 2042
t 1783 2043 2042
t 1783 1784 2043
t 1784 2044 2043
t 1784 1785 2044
t 1785 2045 2044
t 1785 1786 2045
t 1786 2046 2045
t 1786 1787 2046
t 1787 2047 2046
t 1787 1788 2047
t 1788 2048 2047
t 1788 1789 2048
t 1789 2049 2048
t 1789 1790 2049
t 1790 2050 2049
t 1790 1791 2050
t 1791 2051 2050
t 1791 1792 2051
t 1792 2052 2051
t 1792 1793 2052
t 1793 2053 2052
t 1793 1794 2053
t 1794 2054 2053
t 1794 1795 2054
t 1795 2055 2054
t 1795 1796 2055
t 1796 2056 2055
t 1796 1797 2056
t 1797 2057 2056
t 1797 1798 2057
t 1798 2058 2057
t 1798 1799 2058
t 1799 2059 2058
t 1799 1800 2059
t 1800 2060 2059
t 1800 1801 2060
t 1801 2061 2060
t 1801 1802 2061
t 1802 2062 2061
t 1802 1803 2062
t 1803 2063 2062
t 1803 1804 2063
t 1804 2064 2063
t 1804 1805 2064
t 1805 2065 2064
t 1805 1806 2065
t 1806 2066 2065
t 1806 1807 2066
t 1807 2067 2066
t 1807 1808 2067
t 1808 2068 2067
t 1808 1809 2068
t 1809 2069 2068
t 1809 1810 2069
t 1810 2070 2069
t 1810 1811 2070
t 1811 2071 2070
t 1811 1812 2071
t 1812 2072 2071
t 1812 1813 2072
t 1813 2073 2072
t 1813 1814 2073
t 1814 2074 2073
t 1814 1815 2074
t 1815 2075 2074
t 1815 1816 2075
t 1816 2076 2075
t 1816 1817 2076
t 1817 2077 2076
t 1817 1818 2077
t 1818 2078 2077
t 1818 1819 2078
t 1819 2079 2078
t 1819 1820 2079
t 1820 2080 2079
t 1820 1821 2080
t 1821 2081 2080
t 1821 1822 2081
t 1822 2082 2081
t 1822 1823 2082
t 1823 2083 2082
t 1823 1824 2083
t 1824 2084 2083
t 1824 1825 2084
t 1825 2085 2084
t 1825 1826 2085
t 1826 2086 2085
t 1826 1827 2086
t 1827 2087 2086
t 1827 1828 2087
t 1828 2088 2087
t 1828 1829 2088
t 1829 2089 2088
t 1829 1830 2089
t 1830 2090 2089
t 1830 1831 2090
t 1831 2091 2090
t 1831 1832 2091
t 1832 2092 2091
t 1832 1833 2092
t 1833 2093 2092
t 1833 1834 2093
t 1834 2094 2093
t 1834 1835 2094
t 1835 2095 2094
t 1835 1836 2095
t 1836 2096 2095
t 1836 1837 2096
t 1837 2097 2096
t 1837 1838 2097
t 1838 2098 2097
t 1838 1839 2098
t 1839 2099 2098
t 1839 1840 2099
t 1840 2100 2099
t 1840 1841 2100
t 1841 2101 2100
t 1841 1842 2101
t 1842 2102 2101
t 1842 1843 2102
t 1843 2103 2102
t 1843 1844 2103
t 1844 2104 2103
t 1844 1845 2104
t 1845 2105 2104
t 1845 1846 2105
t 1846 2106 2105
t 1846 1847 2106
t 1847 2107 2106
t 1847 1848 2107
t 1848 2108 2107
t 1848 1849 2108
t 1849 2109 2108
t 1849 1850 2109
t 1850 2110 2109
t 1850 1851 2110
t 1851 2111 2110
t 1851 1852 2111
t 1852 2112 2111
t 1852 1853 2112
t 1853 2113 2112
t 1853 1854 2113
t 1854 2114 2113
t 1854 1855 2114
t 1855 2115 2114
t 1855 102 2115
t 1855 95 102
t 178 176 177
t 178 175 176
t 178 174 175
t 178 173 174
t 178 172 173
t 178 171 172
t 178 170 171
t 178 169 170
t 178 168 169
t 178 167 168
t 178 166 167
t 178 165 166
t 102 103 104
t 102 104 105
t 102 105 106
t 102 106 107
t 102 107 108
t 102 108 109
t 102 109 110
t 178 1856 165
t 1856 1857 165
t 1857 1858 165
t 1858 1859 165
t 1859 1860 165
t 1860 1861 165
t 1861 1862 165
t 1862 1863 165
t 1863 1864 165
t 1864 1865 165
t 1865 1866 165
t 1866 1867 165
t 1867 1868 165
t 1868 1869 165
t 1869 1870 165
t 1870 1871 165
t 1871 1872 165
t 1872 1873 165
t 1873 1874 165
t 1874 1875 165
t 1875 1876 165
t 1876 1877 165
t 1877 1878 165
t 1878 1879 165
t 1879 1880 165
t 1880 1881 165
t 1881 1882 165
t 1882 1883 165
t 1883 1884 165
t 1884 1885 165
t 1885 1886 165
t 1886 1887 165
t 1887 1888 165
t 1888 1889 165
t 1889 1890 165
t 1890 1891 165
t 1891 1892 165
t 1892 1893 165
t 1893 1894 165
t 1894 1895 165
t 1895 1896 165
t 1896 1897 165
t 1897 1898 165
t 1898 1899 165
t 1899 1900 165
t 1900 1901 165
t 1901 1902 165
t 1902 1903 165
t 1903 1904 165
t 1904 1905 165
t 1905 1906 165
t 1906 1907 165
t 1907 1908 165
t 1908 1909 165
t 1909 1910 165
t 1910 1911 165
t 1911 1912 165
t 1912 1913 165
t 1913 1914 165
t 1914 1915 165
t 1915 1916 165
t 1916 1917 165
t 1917 1918 165
t 1918 1919 165
t 1919 1920 165
t 1920 1921 165
t 1921 1922 165
t 1922 1923 165
t 1923 1924 165
t 1924 1925 165
t 1925 1926 165
t 1926 1927 165
t 1927 164 165
t 1927 1928 164
t 1928 1929 164
t 1929 1930 164
t 1930 1931 164
t 1931 1932 164
t 1932 1933 164
t 1933 1934 164
t 1934 1935 164
t 1935 1936 164
t 1936 1937 164
t 1937 1938 164
t 1938 1939 164
t 1939 1940 164
t 1940 1941 164
t 1941 1942 164
t 1942 1943 164
t 1943 1944 164
t 1944 1945 164
t 1945 1946 164
t 1946 1947 164
t 1947 1948 164
t 1948 1949 164
t 1949 1950 164
t 1950 1951 164
t 1951 1952 164
t 1952 1953 164
t 1953 1954 164
t 1954 1955 164
t 1955 163 164
t 1955 1956 163
t 1956 1957 163
t 1957 1958 163
t 1958 1959 163
t 1959 162 163
t 1959 1960 162
t 1960 1961 162
t 1961 1962 162
t 1962 161 162
t 1962 1963 161
t 1963 1964 161
t 1964 1965 161
t 1965 160 161
t 1965 1966 160
t 1966 1967 160
t 1967 1968 160
t 1968 1969 160
t 1969 159 160
t 1969 1970 159
t 1970 1971 159
t 1971 1972 159
t 1972 158 159
t 1972 1973 158
t 1973 1974 158
t 1974 1975 158
t 1975 1976 158
t 1976 157 158
t 1976 1977 157
t 1977 1978 157
t 1978 1979 157
t 1979 156 157
t 1979 1980 156
t 1980 1981 156
t 1981 1982 156
t 1982 1983 156
t 1983 155 156
t 1983 1984 155
t 1984 1985 155
t 1985 1986 155
t 1986 154 155
t 1986 1987 154
t 1987 1988 154
t 1988 1989 154
t 1989 1990 154
t 1990 153 154
t 1990 1991 153
t 1991 1992 153
t 1992 1993 153
t 1993 152 153
t 1993 1994 152
t 1994 1995 152
t 1995 1996 152
t 1996 1997 152
t 1997 151 152
t 1997 1998 151
t 1998 1999 151
t 1999 2000 151
t 2000 150 151
t 2000 2001 150
t 2001 2002 150
t 2002 2003 150
t 2003 2004 150
t 2004 149 150
t 2004 2005 149
t 2005 2006 149
t 2006 2007 149
t 2007 148 149
t 2007 2008 148
t 2008 2009 148
t 2009 2010 148
t 2010 2011 148
t 2011 147 148
t 2011 2012 147
t 2012 2013 147
t 2013 2014 147
t 2014 146 147
t 2014 2015 146
t 2015 2016 146
t 2016 2017 146
t 2017 2018 146
t 2018 145 146
t 2018 2019 145
t 2019 2020 145
t 2020 2021 145
t 2021 144 145
t 2021 2022 144
t 2022 2023 144
t 2023 2024 144
t 2024 2025 144
t 2025 143 144
t 2025 2026 143
t 2026 2027 143
t 2027 2028 143
t 2028 142 143
t 2028 2029 142
t 2029 2030 142
t 2030 2031 142
t 2031 141 142
t 2031 2032 141
t 2032 2033 141
t 2033 2034 141
t 2034 140 141
t 2034 2035 140
t 2035 2036 140
t 2036 139 140
t 2036 2037 139
t 2037 2038 139
t 2038 2039 139
t 2039 138 139
t 2039 2040 138
t 2040 2041 138
t 2041 137 138
t 2041 2042 137
t 2042 2043 137
t 2043 2044 137
t 2044 136 137
t 2044 2045 136
t 2045 2046 136
t 2046 2047 136
t 2047 135 136
t 2047 2048 135
t 2048 2049 135
t 2049 134 135
t 2049 2050 134
t 2050 2051 134
t 2051 2052 134
t 2052 133 134
t 2052 2053 133
t 2053 2054 133
t 2054 132 133
t 2054 2055 132
t 2055 2056 132
t 2056 2057 132
t 2057 131 132
t 2057 2058 131
t 2058 2059 131
t 2059 2060 131
t 2060 130 131
t 2060 2061 130
t 2061 2062 130
t 2062 129 130
t 2062 2063 129
t 2063 2064 129
t 2064 2065 129
t 2065 128 129
t 2065 2066 128
t 2066 2067 128
t 2067 2068 128
t 2068 127 128
t 2068 2069 127
t 2069 2070 127
t 2070 126 127
t 2070 2071 126
t 2071 2072 126
t 2072 2073 126
t 2073 125 126
t 2073 2074 125
t 2074 2075 125
t 2075 2076 125
t 2076 124 125
t 2076 2077 124
t 2077 2078 124
t 2078 2079 124
t 2079 123 124
t 2079 2080 123
t 2080 2081 123
t 2081 122 123
t 2081 2082 122
t 2082 2083 122
t 2083 2084 122
t 2084 121 122
t 2084 2085 121
t 2085 2086 121
t 2086 2087 121
t 2087 120 121
t 2087 2088 120
t 2088 2089 120
t 2089 2090 120
t 2090 119 120
t 2090 2091 119
t 2091 2092 119
t 2092 2093 119
t 2093 118 119
t 2093 2094 118
t 2094 2095 118
t 2095 2096 118
t 2096 117 118
t 2096 2097 117
t 2097 2098 117
t 2098 116 117
t 2098 2099 116
t 2099 2100 116
t 2100 2101 116
t 2101 115 116
t 2101 2102 115
t 2102 2103 115
t 2103 2104 115
t 2104 114 115
t 2104 2105 114
t 2105 2106 114
t 2106 2107 114
t 2107 113 114
t 2107 2108 113
t 2108 2109 113
t 2109 2110 113
t 2110 112 113
t 2110 2111 112
t 2111 2112 112
t 2112 2113 112
t 2113 111 112
t 2113 2114 111
t 2114 2115 111
t 2115 102 111
t 102 110 111
