type=Nurbs forward=false n_boundary=221 n_holes=0 n_interior=105 n_tris=2249 label=brep62542_f238_Nurbs(deg=3/3, cps=6x9)
boundary
b 0.977144890 1.001353457
b 0.959420151 1.001294498
b 0.941694513 1.001236261
b 0.923967734 1.001178909
b 0.906239576 1.001122606
b 0.888509796 1.001067521
b 0.870778157 1.001013828
b 0.853044419 1.000961706
b 0.835308344 1.000911336
b 0.817569695 1.000862907
b 0.799828234 1.000816609
b 0.782083728 1.000772641
b 0.764335939 1.000731204
b 0.746584636 1.000692505
b 0.728829584 1.000656757
b 0.711070553 1.000624177
b 0.693307313 1.000594989
b 0.675539635 1.000569423
b 0.657767290 1.000547712
b 0.639990091 1.000530071
b 0.622208257 1.000516388
b 0.604422277 1.000506336
b 0.586632639 1.000499575
b 0.568839831 1.000495757
b 0.551044337 1.000494523
b 0.533246641 1.000495506
b 0.515447222 1.000498327
b 0.497646558 1.000502600
b 0.479845123 1.000507925
b 0.462043388 1.000513893
b 0.444241821 1.000520086
b 0.426440887 1.000526072
b 0.408641046 1.000531409
b 0.390842754 1.000535643
b 0.373046464 1.000538308
b 0.355252625 1.000538926
b 0.337461679 1.000537005
b 0.319674063 1.000532048
b 0.301890003 1.000523777
b 0.284109408 1.000512280
b 0.266332162 1.000497678
b 0.248558147 1.000480097
b 0.230787250 1.000459664
b 0.213019358 1.000436512
b 0.195254358 1.000410777
b 0.177492142 1.000382598
b 0.159732599 1.000352118
b 0.141975624 1.000319486
b 0.124221111 1.000284852
b 0.106468957 1.000248373
b 0.088719059 1.000210208
b 0.070971318 1.000170522
b 0.053225636 1.000129483
b 0.035481918 1.000087263
b 0.017740070 1.000044042
b 0.000000000 1.000000000
b -0.000012612 0.981824275
b -0.000071964 0.963653470
b -0.000158658 0.945484232
b -0.000251597 0.927313557
b -0.000328381 0.909138844
b -0.000365729 0.890957936
b -0.000344686 0.872769749
b -0.000273412 0.854576776
b -0.000170737 0.836382491
b -0.000056706 0.818190087
b 0.000047806 0.800002439
b 0.000121482 0.781822069
b 0.000145141 0.763650085
b 0.000118515 0.745478927
b 0.000052220 0.727301012
b -0.000044597 0.709117720
b -0.000164713 0.690932034
b -0.000302668 0.672747514
b -0.000454003 0.654567920
b -0.000607421 0.636393246
b -0.000746336 0.618220966
b -0.000853765 0.600048669
b -0.000912643 0.581874141
b -0.000906022 0.563695406
b -0.000818921 0.545510912
b -0.000666738 0.527322061
b -0.000490253 0.509132098
b -0.000329156 0.490943412
b -0.000206706 0.472757324
b -0.000130647 0.454574698
b -0.000107867 0.436396388
b -0.000133588 0.418221746
b -0.000189536 0.400048470
b -0.000256945 0.381874397
b -0.000317370 0.363697621
b -0.000352728 0.345516517
b -0.000345502 0.327329793
b -0.000290141 0.309137801
b -0.000199168 0.290943067
b -0.000086507 0.272748186
b 0.000034118 0.254555614
b 0.000149656 0.236367319
b 0.000251267 0.218182201
b 0.000333897 0.199998167
b 0.000395504 0.181814821
b 0.000434333 0.163632037
b 0.000448543 0.145449732
b 0.000436218 0.127267866
b 0.000395375 0.109086438
b 0.000327372 0.090905370
b 0.000243283 0.072724352
b 0.000155841 0.054543201
b 0.000077714 0.036361925
b 0.000021549 0.018180726
b 0.000000007 0.000000000
b 1.015633694 -0.000000000
b 1.015642024 0.011846992
b 1.015663438 0.023677830
b 1.015692602 0.035493353
b 1.015724214 0.047294460
b 1.015753000 0.059082109
b 1.015773710 0.070857312
b 1.015781111 0.082621132
b 1.015769983 0.094374682
b 1.015735118 0.106119122
b 1.015671313 0.117855652
b 1.015573371 0.129585517
b 1.015437938 0.141309246
b 1.015268985 0.153024379
b 1.015072206 0.164727657
b 1.014853171 0.176415774
b 1.014617320 0.188085389
b 1.014369964 0.199733136
b 1.014116277 0.211355637
b 1.013861297 0.222949510
b 1.013609910 0.234511384
b 1.013366851 0.246037907
b 1.013136756 0.257525782
b 1.012923296 0.268972439
b 1.012723938 0.280376982
b 1.012534404 0.291738901
b 1.012350317 0.303057705
b 1.012167196 0.314332932
b 1.011980454 0.325564149
b 1.011785385 0.336750956
b 1.011577160 0.347892992
b 1.011350824 0.358989939
b 1.011101283 0.370041523
b 1.010823307 0.381047516
b 1.010512662 0.392007858
b 1.010169578 0.402922974
b 1.009795404 0.413793378
b 1.009391471 0.424619562
b 1.008959089 0.435401991
b 1.008499550 0.446141111
b 1.008014125 0.456837345
b 1.007504060 0.467491097
b 1.006970575 0.478102754
b 1.006414863 0.488672688
b 1.005838086 0.499201257
b 1.005242451 0.509688705
b 1.004634749 0.520134995
b 1.004023052 0.530539960
b 1.003415462 0.540903307
b 1.002820099 0.551224628
b 1.002245074 0.561503399
b 1.001698469 0.571738996
b 1.001188312 0.581930698
b 1.000722546 0.592077695
b 1.000308998 0.602179097
b 0.999955353 0.612233944
b 0.999685224 0.620038727
b 0.999377465 0.627817196
b 0.999035092 0.635569295
b 0.998661130 0.643294927
b 0.998258607 0.650993958
b 0.997830544 0.658666218
b 0.997379954 0.666311503
b 0.996909828 0.673929577
b 0.996423132 0.681520175
b 0.995922799 0.689083006
b 0.995411720 0.696617754
b 0.994892733 0.704124080
b 0.994368622 0.711601625
b 0.993842102 0.719050014
b 0.993315813 0.726468855
b 0.992792313 0.733857746
b 0.992274069 0.741216270
b 0.991763451 0.748544006
b 0.991262599 0.755840609
b 0.990772006 0.763106429
b 0.990291106 0.770342146
b 0.989819330 0.777548414
b 0.989356122 0.784725852
b 0.988900939 0.791875054
b 0.988453250 0.798996583
b 0.988012535 0.806090975
b 0.987578283 0.813158742
b 0.987149993 0.820200369
b 0.986727171 0.827216320
b 0.986309328 0.834207036
b 0.985895983 0.841172936
b 0.985486656 0.848114420
b 0.985080871 0.855031868
b 0.984678155 0.861925642
b 0.984278035 0.868796087
b 0.983880035 0.875643532
b 0.983483688 0.882468288
b 0.983089000 0.889270521
b 0.982696690 0.896050182
b 0.982307494 0.902807187
b 0.981922092 0.909541438
b 0.981541107 0.916252823
b 0.981165100 0.922941217
b 0.980794564 0.929606486
b 0.980429922 0.936248487
b 0.980071526 0.942867068
b 0.979719647 0.949462072
b 0.979374482 0.956033336
b 0.979036140 0.962580695
b 0.978704652 0.969103982
b 0.978379958 0.975603027
b 0.978061913 0.982077662
b 0.977750284 0.988527720
b 0.977444747 0.994953039
interior
i 0.126174076 0.125169182
i 0.253260795 0.125169182
i 0.380347515 0.125169182
i 0.507434234 0.125169182
i 0.634520953 0.125169182
i 0.761607672 0.125169182
i 0.888694392 0.125169182
i 0.126174076 0.250338364
i 0.253260795 0.250338364
i 0.380347515 0.250338364
i 0.507434234 0.250338364
i 0.634520953 0.250338364
i 0.761607672 0.250338364
i 0.888694392 0.250338364
i 0.126174076 0.375507546
i 0.253260795 0.375507546
i 0.380347515 0.375507546
i 0.507434234 0.375507546
i 0.634520953 0.375507546
i 0.761607672 0.375507546
i 0.888694392 0.375507546
i 0.126174076 0.500676729
i 0.253260795 0.500676729
i 0.380347515 0.500676729
i 0.507434234 0.500676729
i 0.634520953 0.500676729
i 0.761607672 0.500676729
i 0.888694392 0.500676729
i 0.126174076 0.625845911
i 0.253260795 0.625845911
i 0.380347515 0.625845911
i 0.507434234 0.625845911
i 0.634520953 0.625845911
i 0.761607672 0.625845911
i 0.888694392 0.625845911
i 0.126174076 0.751015093
i 0.253260795 0.751015093
i 0.380347515 0.751015093
i 0.507434234 0.751015093
i 0.634520953 0.751015093
i 0.761607672 0.751015093
i 0.888694392 0.751015093
i 0.126174076 0.876184275
i 0.253260795 0.876184275
i 0.380347515 0.876184275
i 0.507434234 0.876184275
i 0.634520953 0.876184275
i 0.761607672 0.876184275
i 0.888694392 0.876184275
i 0.062630717 0.062584591
i 0.062630717 0.187753773
i 0.062630717 0.312922955
i 0.062630717 0.438092138
i 0.062630717 0.563261320
i 0.062630717 0.688430502
i 0.062630717 0.813599684
i 0.062630717 0.938768866
i 0.189717436 0.062584591
i 0.189717436 0.187753773
i 0.189717436 0.312922955
i 0.189717436 0.438092138
i 0.189717436 0.563261320
i 0.189717436 0.688430502
i 0.189717436 0.813599684
i 0.189717436 0.938768866
i 0.316804155 0.062584591
i 0.316804155 0.187753773
i 0.316804155 0.312922955
i 0.316804155 0.438092138
i 0.316804155 0.563261320
i 0.316804155 0.688430502
i 0.316804155 0.813599684
i 0.316804155 0.938768866
i 0.443890874 0.062584591
i 0.443890874 0.187753773
i 0.443890874 0.312922955
i 0.443890874 0.438092138
i 0.443890874 0.563261320
i 0.443890874 0.688430502
i 0.443890874 0.813599684
i 0.443890874 0.938768866
i 0.570977594 0.062584591
i 0.570977594 0.187753773
i 0.570977594 0.312922955
i 0.570977594 0.438092138
i 0.570977594 0.563261320
i 0.570977594 0.688430502
i 0.570977594 0.813599684
i 0.570977594 0.938768866
i 0.698064313 0.187753773
i 0.698064313 0.312922955
i 0.698064313 0.438092138
i 0.698064313 0.563261320
i 0.698064313 0.688430502
i 0.698064313 0.813599684
i 0.698064313 0.938768866
i 0.825151032 0.312922955
i 0.825151032 0.438092138
i 0.825151032 0.563261320
i 0.825151032 0.688430502
i 0.825151032 0.813599684
i 0.952237751 0.438092138
i 0.952237751 0.563261320
i 0.952237751 0.688430502
i 0.952237751 0.813599684
tris
t 110 108 109
t 110 107 108
t 110 106 107
t 111 112 113
t 111 113 114
t 111 114 115
t 111 115 116
t 111 116 117
t 111 117 118
t 110 326 106
t 110 327 326
t 110 328 327
t 110 329 328
t 110 330 329
t 110 331 330
t 110 332 331
t 110 333 332
t 110 334 333
t 110 335 334
t 110 336 335
t 110 337 336
t 110 338 337
t 110 339 338
t 110 340 339
t 110 341 340
t 110 342 341
t 110 343 342
t 110 344 343
t 110 345 344
t 110 346 345
t 110 347 346
t 110 348 347
t 110 349 348
t 110 350 349
t 110 351 350
t 110 352 351
t 110 353 352
t 110 354 353
t 110 355 354
t 110 356 355
t 110 357 356
t 110 358 357
t 110 359 358
t 110 360 359
t 110 361 360
t 110 362 361
t 110 363 362
t 110 364 363
t 110 365 364
t 110 366 365
t 110 367 366
t 110 368 367
t 110 369 368
t 110 370 369
t 110 371 370
t 110 372 371
t 110 373 372
t 110 374 373
t 110 375 374
t 110 376 375
t 110 377 376
t 110 378 377
t 110 379 378
t 110 380 379
t 110 381 380
t 110 382 381
t 110 383 382
t 110 384 383
t 110 385 384
t 110 386 385
t 110 387 386
t 110 388 387
t 110 389 388
t 110 390 389
t 110 391 390
t 110 392 391
t 110 393 392
t 110 394 393
t 110 395 394
t 110 396 395
t 110 397 396
t 110 398 397
t 110 399 398
t 110 400 399
t 110 401 400
t 110 402 401
t 110 403 402
t 110 404 403
t 110 405 404
t 110 406 405
t 110 407 406
t 110 408 407
t 110 409 408
t 110 410 409
t 110 411 410
t 110 412 411
t 110 413 412
t 110 414 413
t 110 415 414
t 110 416 415
t 110 417 416
t 110 418 417
t 110 419 418
t 110 420 419
t 110 421 420
t 110 422 421
t 110 423 422
t 110 424 423
t 110 425 424
t 110 426 425
t 110 427 426
t 110 428 427
t 110 429 428
t 110 430 429
t 110 431 430
t 110 432 431
t 110 433 432
t 110 434 433
t 110 435 434
t 110 436 435
t 110 437 436
t 110 438 437
t 110 439 438
t 110 440 439
t 110 441 440
t 110 442 441
t 110 443 442
t 110 444 443
t 110 445 444
t 110 446 445
t 110 447 446
t 110 448 447
t 110 449 448
t 110 450 449
t 110 451 450
t 110 452 451
t 110 453 452
t 110 454 453
t 110 455 454
t 110 456 455
t 110 457 456
t 110 458 457
t 110 459 458
t 110 460 459
t 110 461 460
t 110 462 461
t 110 463 462
t 110 464 463
t 110 465 464
t 110 466 465
t 110 467 466
t 110 468 467
t 110 469 468
t 110 470 469
t 110 471 470
t 110 472 471
t 110 473 472
t 110 474 473
t 110 475 474
t 110 476 475
t 110 477 476
t 110 478 477
t 110 479 478
t 110 480 479
t 110 481 480
t 110 482 481
t 110 483 482
t 110 484 483
t 110 485 484
t 110 486 485
t 110 111 486
t 111 487 486
t 111 488 487
t 111 489 488
t 111 490 489
t 111 491 490
t 111 492 491
t 111 493 492
t 111 494 493
t 111 495 494
t 111 496 495
t 111 118 496
t 106 104 105
t 106 103 104
t 106 102 103
t 106 101 102
t 118 119 120
t 118 120 121
t 118 121 122
t 118 122 123
t 118 123 124
t 118 124 125
t 106 326 101
t 326 327 101
t 327 328 101
t 328 329 101
t 329 330 101
t 330 331 101
t 331 497 101
t 331 332 497
t 332 498 497
t 332 333 498
t 333 499 498
t 333 334 499
t 334 500 499
t 334 335 500
t 335 501 500
t 335 336 501
t 336 502 501
t 336 337 502
t 337 503 502
t 337 338 503
t 338 504 503
t 338 339 504
t 339 505 504
t 339 340 505
t 340 506 505
t 340 341 506
t 341 507 506
t 341 342 507
t 342 508 507
t 342 343 508
t 343 509 508
t 343 344 509
t 344 510 509
t 344 345 510
t 345 511 510
t 345 346 511
t 346 512 511
t 346 347 512
t 347 513 512
t 347 348 513
t 348 514 513
t 348 349 514
t 349 515 514
t 349 350 515
t 350 516 515
t 350 351 516
t 351 517 516
t 351 352 517
t 352 518 517
t 352 353 518
t 353 519 518
t 353 354 519
t 354 520 519
t 354 355 520
t 355 521 520
t 355 356 521
t 356 522 521
t 356 357 522
t 357 523 522
t 357 358 523
t 358 524 523
t 358 359 524
t 359 525 524
t 359 360 525
t 360 526 525
t 360 361 526
t 361 527 526
t 361 362 527
t 362 528 527
t 362 363 528
t 363 529 528
t 363 364 529
t 364 530 529
t 364 365 530
t 365 531 530
t 365 366 531
t 366 532 531
t 366 367 532
t 367 533 532
t 367 368 533
t 368 534 533
t 368 369 534
t 369 535 534
t 369 370 535
t 370 536 535
t 370 371 536
t 371 537 536
t 371 372 537
t 372 538 537
t 372 373 538
t 373 539 538
t 373 374 539
t 374 540 539
t 374 375 540
t 375 541 540
t 375 376 541
t 376 542 541
t 376 377 542
t 377 543 542
t 377 378 543
t 378 544 543
t 378 379 544
t 379 545 544
t 379 380 545
t 380 546 545
t 380 381 546
t 381 547 546
t 381 382 547
t 382 548 547
t 382 383 548
t 383 549 548
t 383 384 549
t 384 550 549
t 384 385 550
t 385 551 550
t 385 386 551
t 386 552 551
t 386 387 552
t 387 553 552
t 387 388 553
t 388 554 553
t 388 389 554
t 389 555 554
t 389 390 555
t 390 556 555
t 390 391 556
t 391 557 556
t 391 392 557
t 392 558 557
t 392 393 558
t 393 559 558
t 393 394 559
t 394 560 559
t 394 395 560
t 395 561 560
t 395 396 561
t 396 562 561
t 396 397 562
t 397 563 562
t 397 398 563
t 398 564 563
t 398 399 564
t 399 565 564
t 399 400 565
t 400 566 565
t 400 401 566
t 401 567 566
t 401 402 567
t 402 568 567
t 402 403 568
t 403 569 568
t 403 404 569
t 404 570 569
t 404 405 570
t 405 571 570
t 405 406 571
t 406 572 571
t 406 407 572
t 407 573 572
t 407 408 573
t 408 574 573
t 408 409 574
t 409 575 574
t 409 410 575
t 410 576 575
t 410 411 576
t 411 577 576
t 411 412 577
t 412 578 577
t 412 413 578
t 413 579 578
t 413 414 579
t 414 580 579
t 414 415 580
t 415 581 580
t 415 416 581
t 416 582 581
t 416 417 582
t 417 583 582
t 417 418 583
t 418 584 583
t 418 419 584
t 419 585 584
t 419 420 585
t 420 586 585
t 420 421 586
t 421 587 586
t 421 422 587
t 422 588 587
t 422 423 588
t 423 589 588
t 423 424 589
t 424 590 589
t 424 425 590
t 425 591 590
t 425 426 591
t 426 592 591
t 426 427 592
t 427 593 592
t 427 428 593
t 428 594 593
t 428 429 594
t 429 595 594
t 429 430 595
t 430 596 595
t 430 431 596
t 431 597 596
t 431 432 597
t 432 598 597
t 432 433 598
t 433 599 598
t 433 434 599
t 434 600 599
t 434 435 600
t 435 601 600
t 435 436 601
t 436 602 601
t 436 437 602
t 437 603 602
t 437 438 603
t 438 604 603
t 438 439 604
t 439 605 604
t 439 440 605
t 440 606 605
t 440 441 606
t 441 607 606
t 441 442 607
t 442 608 607
t 442 443 608
t 443 609 608
t 443 444 609
t 444 610 609
t 444 445 610
t 445 611 610
t 445 446 611
t 446 612 611
t 446 447 612
t 447 613 612
t 447 448 613
t 448 614 613
t 448 449 614
t 449 615 614
t 449 450 615
t 450 616 615
t 450 451 616
t 451 617 616
t 451 452 617
t 452 618 617
t 452 453 618
t 453 619 618
t 453 454 619
t 454 620 619
t 454 455 620
t 455 621 620
t 455 456 621
t 456 622 621
t 456 457 622
t 457 623 622
t 457 458 623
t 458 624 623
t 458 459 624
t 459 625 624
t 459 460 625
t 460 626 625
t 460 461 626
t 461 627 626
t 461 462 627
t 462 628 627
t 462 463 628
t 463 629 628
t 463 464 629
t 464 630 629
t 464 465 630
t 465 631 630
t 465 466 631
t 466 632 631
t 466 467 632
t 467 633 632
t 467 468 633
t 468 634 633
t 468 469 634
t 469 635 634
t 469 470 635
t 470 636 635
t 470 471 636
t 471 637 636
t 471 472 637
t 472 638 637
t 472 473 638
t 473 639 638
t 473 474 639
t 474 640 639
t 474 475 640
t 475 641 640
t 475 476 641
t 476 642 641
t 476 477 642
t 477 643 642
t 477 478 643
t 478 644 643
t 478 479 644
t 479 645 644
t 479 480 645
t 480 646 645
t 480 481 646
t 481 647 646
t 481 482 647
t 482 648 647
t 482 483 648
t 483 125 648
t 483 484 125
t 484 485 125
t 485 486 125
t 486 487 125
t 487 488 125
t 488 489 125
t 489 490 125
t 490 491 125
t 491 492 125
t 492 493 125
t 493 494 125
t 494 495 125
t 495 496 125
t 496 118 125
t 101 99 100
t 101 98 99
t 101 97 98
t 101 96 97
t 101 95 96
t 101 94 95
t 101 93 94
t 101 92 93
t 125 126 127
t 125 127 128
t 125 128 129
t 125 129 130
t 125 130 131
t 125 131 132
t 125 132 133
t 125 133 134
t 125 134 135
t 125 135 136
t 125 136 137
t 125 137 138
t 125 138 139
t 101 649 92
t 101 650 649
t 101 651 650
t 101 652 651
t 101 653 652
t 101 654 653
t 101 655 654
t 101 656 655
t 101 657 656
t 101 658 657
t 101 659 658
t 101 660 659
t 101 661 660
t 101 662 661
t 101 663 662
t 101 664 663
t 101 665 664
t 101 666 665
t 101 667 666
t 101 668 667
t 101 669 668
t 101 670 669
t 101 671 670
t 101 672 671
t 101 673 672
t 101 674 673
t 101 675 674
t 101 676 675
t 101 677 676
t 101 678 677
t 101 679 678
t 101 680 679
t 101 681 680
t 101 682 681
t 101 683 682
t 101 684 683
t 101 685 684
t 101 686 685
t 101 497 686
t 497 687 686
t 497 498 687
t 498 688 687
t 498 499 688
t 499 689 688
t 499 500 689
t 500 690 689
t 500 501 690
t 501 691 690
t 501 502 691
t 502 692 691
t 502 503 692
t 503 693 692
t 503 504 693
t 504 694 693
t 504 505 694
t 505 695 694
t 505 506 695
t 506 696 695
t 506 507 696
t 507 697 696
t 507 508 697
t 508 698 697
t 508 509 698
t 509 699 698
t 509 510 699
t 510 700 699
t 510 511 700
t 511 701 700
t 511 512 701
t 512 702 701
t 512 513 702
t 513 703 702
t 513 514 703
t 514 704 703
t 514 515 704
t 515 705 704
t 515 516 705
t 516 706 705
t 516 517 706
t 517 707 706
t 517 518 707
t 518 708 707
t 518 519 708
t 519 709 708
t 519 520 709
t 520 710 709
t 520 521 710
t 521 711 710
t 521 522 711
t 522 712 711
t 522 523 712
t 523 713 712
t 523 524 713
t 524 714 713
t 524 525 714
t 525 715 714
t 525 526 715
t 526 716 715
t 526 527 716
t 527 717 716
t 527 528 717
t 528 718 717
t 528 529 718
t 529 719 718
t 529 530 719
t 530 720 719
t 530 531 720
t 531 721 720
t 531 532 721
t 532 722 721
t 532 533 722
t 533 723 722
t 533 534 723
t 534 724 723
t 534 535 724
t 535 725 724
t 535 536 725
t 536 726 725
t 536 537 726
t 537 727 726
t 537 538 727
t 538 728 727
t 538 539 728
t 539 729 728
t 539 540 729
t 540 730 729
t 540 541 730
t 541 731 730
t 541 542 731
t 542 732 731
t 542 543 732
t 543 733 732
t 543 544 733
t 544 734 733
t 544 545 734
t 545 735 734
t 545 546 735
t 546 736 735
t 546 547 736
t 547 737 736
t 547 548 737
t 548 738 737
t 548 549 738
t 549 739 738
t 549 550 739
t 550 740 739
t 550 551 740
t 551 741 740
t 551 552 741
t 552 742 741
t 552 553 742
t 553 743 742
t 553 554 743
t 554 744 743
t 554 555 744
t 555 745 744
t 555 556 745
t 556 746 745
t 556 557 746
t 557 747 746
t 557 558 747
t 558 748 747
t 558 559 748
t 559 749 748
t 559 560 749
t 560 750 749
t 560 561 750
t 561 751 750
t 561 562 751
t 562 752 751
t 562 563 752
t 563 753 752
t 563 564 753
t 564 754 753
t 564 565 754
t 565 755 754
t 565 566 755
t 566 756 755
t 566 567 756
t 567 757 756
t 567 568 757
t 568 758 757
t 568 569 758
t 569 759 758
t 569 570 759
t 570 760 759
t 570 571 760
t 571 761 760
t 571 572 761
t 572 762 761
t 572 573 762
t 573 763 762
t 573 574 763
t 574 764 763
t 574 575 764
t 575 765 764
t 575 576 765
t 576 766 765
t 576 577 766
t 577 767 766
t 577 578 767
t 578 768 767
t 578 579 768
t 579 769 768
t 579 580 769
t 580 770 769
t 580 581 770
t 581 771 770
t 581 582 771
t 582 772 771
t 582 583 772
t 583 773 772
t 583 584 773
t 584 774 773
t 584 585 774
t 585 775 774
t 585 586 775
t 586 776 775
t 586 587 776
t 587 777 776
t 587 588 777
t 588 778 777
t 588 589 778
t 589 779 778
t 589 590 779
t 590 780 779
t 590 591 780
t 591 781 780
t 591 592 781
t 592 782 781
t 592 593 782
t 593 783 782
t 593 594 783
t 594 784 783
t 594 595 784
t 595 785 784
t 595 596 785
t 596 786 785
t 596 597 786
t 597 787 786
t 597 598 787
t 598 788 787
t 598 599 788
t 599 789 788
t 599 600 789
t 600 790 789
t 600 601 790
t 601 791 790
t 601 602 791
t 602 792 791
t 602 603 792
t 603 793 792
t 603 604 793
t 604 794 793
t 604 605 794
t 605 795 794
t 605 606 795
t 606 796 795
t 606 607 796
t 607 797 796
t 607 608 797
t 608 798 797
t 608 609 798
t 609 799 798
t 609 610 799
t 610 800 799
t 610 611 800
t 611 801 800
t 611 612 801
t 612 802 801
t 612 613 802
t 613 803 802
t 613 614 803
t 614 804 803
t 614 615 804
t 615 805 804
t 615 616 805
t 616 806 805
t 616 617 806
t 617 807 806
t 617 618 807
t 618 808 807
t 618 619 808
t 619 809 808
t 619 620 809
t 620 810 809
t 620 621 810
t 621 811 810
t 621 622 811
t 622 812 811
t 622 623 812
t 623 813 812
t 623 624 813
t 624 814 813
t 624 625 814
t 625 815 814
t 625 626 815
t 626 816 815
t 626 627 816
t 627 817 816
t 627 628 817
t 628 818 817
t 628 629 818
t 629 819 818
t 629 630 819
t 630 820 819
t 630 631 820
t 631 821 820
t 631 632 821
t 632 822 821
t 632 633 822
t 633 823 822
t 633 634 823
t 634 824 823
t 634 635 824
t 635 139 824
t 635 636 139
t 636 637 139
t 637 638 139
t 638 639 139
t 639 640 139
t 640 641 139
t 641 642 139
t 642 643 139
t 643 644 139
t 644 645 139
t 645 646 139
t 646 647 139
t 647 648 139
t 648 125 139
t 92 90 91
t 92 89 90
t 92 88 89
t 92 87 88
t 92 86 87
t 92 85 86
t 92 84 85
t 92 83 84
t 139 140 141
t 139 141 142
t 139 142 143
t 139 143 144
t 139 144 145
t 139 145 146
t 139 146 147
t 139 147 148
t 139 148 149
t 139 149 150
t 139 150 151
t 139 151 152
t 139 152 153
t 139 153 154
t 139 154 155
t 92 649 83
t 649 650 83
t 650 825 83
t 650 651 825
t 651 826 825
t 651 652 826
t 652 827 826
t 652 653 827
t 653 828 827
t 653 654 828
t 654 829 828
t 654 655 829
t 655 830 829
t 655 656 830
t 656 831 830
t 656 657 831
t 657 832 831
t 657 658 832
t 658 833 832
t 658 659 833
t 659 834 833
t 659 660 834
t 660 835 834
t 660 661 835
t 661 836 835
t 661 662 836
t 662 837 836
t 662 663 837
t 663 838 837
t 663 664 838
t 664 839 838
t 664 665 839
t 665 840 839
t 665 666 840
t 666 841 840
t 666 667 841
t 667 842 841
t 667 668 842
t 668 843 842
t 668 669 843
t 669 844 843
t 669 670 844
t 670 845 844
t 670 671 845
t 671 846 845
t 671 672 846
t 672 847 846
t 672 673 847
t 673 848 847
t 673 674 848
t 674 849 848
t 674 675 849
t 675 850 849
t 675 676 850
t 676 851 850
t 676 677 851
t 677 852 851
t 677 678 852
t 678 853 852
t 678 679 853
t 679 854 853
t 679 680 854
t 680 855 854
t 680 681 855
t 681 856 855
t 681 682 856
t 682 857 856
t 682 683 857
t 683 858 857
t 683 684 858
t 684 859 858
t 684 685 859
t 685 860 859
t 685 686 860
t 686 861 860
t 686 687 861
t 687 862 861
t 687 688 862
t 688 863 862
t 688 689 863
t 689 864 863
t 689 690 864
t 690 865 864
t 690 691 865
t 691 866 865
t 691 692 866
t 692 867 866
t 692 693 867
t 693 868 867
t 693 694 868
t 694 869 868
t 694 695 869
t 695 870 869
t 695 696 870
t 696 871 870
t 696 697 871
t 697 872 871
t 697 698 872
t 698 873 872
t 698 699 873
t 699 874 873
t 699 700 874
t 700 875 874
t 700 701 875
t 701 876 875
t 701 702 876
t 702 877 876
t 702 703 877
t 703 878 877
t 703 704 878
t 704 879 878
t 704 705 879
t 705 880 879
t 705 706 880
t 706 881 880
t 706 707 881
t 707 882 881
t 707 708 882
t 708 883 882
t 708 709 883
t 709 884 883
t 709 710 884
t 710 885 884
t 710 711 885
t 711 886 885
t 711 712 886
t 712 887 886
t 712 713 887
t 713 888 887
t 713 714 888
t 714 889 888
t 714 715 889
t 715 890 889
t 715 716 890
t 716 891 890
t 716 717 891
t 717 892 891
t 717 718 892
t 718 893 892
t 718 719 893
t 719 894 893
t 719 720 894
t 720 895 894
t 720 721 895
t 721 896 895
t 721 722 896
t 722 897 896
t 722 723 897
t 723 898 897
t 723 724 898
t 724 899 898
t 724 725 899
t 725 900 899
t 725 726 900
t 726 901 900
t 726 727 901
t 727 902 901
t 727 728 902
t 728 903 902
t 728 729 903
t 729 904 903
t 729 730 904
t 730 905 904
t 730 731 905
t 731 906 905
t 731 732 906
t 732 907 906
t 732 733 907
t 733 908 907
t 733 734 908
t 734 909 908
t 734 735 909
t 735 910 909
t 735 736 910
t 736 911 910
t 736 737 911
t 737 912 911
t 737 738 912
t 738 913 912
t 738 739 913
t 739 914 913
t 739 740 914
t 740 915 914
t 740 741 915
t 741 916 915
t 741 742 916
t 742 917 916
t 742 743 917
t 743 918 917
t 743 744 918
t 744 919 918
t 744 745 919
t 745 920 919
t 745 746 920
t 746 921 920
t 746 747 921
t 747 922 921
t 747 748 922
t 748 923 922
t 748 749 923
t 749 924 923
t 749 750 924
t 750 925 924
t 750 751 925
t 751 926 925
t 751 752 926
t 752 927 926
t 752 753 927
t 753 928 927
t 753 754 928
t 754 929 928
t 754 755 929
t 755 930 929
t 755 756 930
t 756 931 930
t 756 757 931
t 757 932 931
t 757 758 932
t 758 933 932
t 758 759 933
t 759 934 933
t 759 760 934
t 760 935 934
t 760 761 935
t 761 936 935
t 761 762 936
t 762 937 936
t 762 763 937
t 763 938 937
t 763 764 938
t 764 939 938
t 764 765 939
t 765 940 939
t 765 766 940
t 766 941 940
t 766 767 941
t 767 942 941
t 767 768 942
t 768 943 942
t 768 769 943
t 769 944 943
t 769 770 944
t 770 945 944
t 770 771 945
t 771 946 945
t 771 772 946
t 772 947 946
t 772 773 947
t 773 948 947
t 773 774 948
t 774 949 948
t 774 775 949
t 775 950 949
t 775 776 950
t 776 951 950
t 776 777 951
t 777 952 951
t 777 778 952
t 778 953 952
t 778 779 953
t 779 954 953
t 779 780 954
t 780 955 954
t 780 781 955
t 781 956 955
t 781 782 956
t 782 957 956
t 782 783 957
t 783 958 957
t 783 784 958
t 784 959 958
t 784 785 959
t 785 960 959
t 785 786 960
t 786 961 960
t 786 787 961
t 787 962 961
t 787 788 962
t 788 963 962
t 788 789 963
t 789 964 963
t 789 790 964
t 790 965 964
t 790 791 965
t 791 966 965
t 791 792 966
t 792 967 966
t 792 793 967
t 793 968 967
t 793 794 968
t 794 969 968
t 794 795 969
t 795 970 969
t 795 796 970
t 796 971 970
t 796 797 971
t 797 972 971
t 797 798 972
t 798 973 972
t 798 799 973
t 799 974 973
t 799 800 974
t 800 975 974
t 800 801 975
t 801 976 975
t 801 802 976
t 802 977 976
t 802 803 977
t 803 978 977
t 803 804 978
t 804 979 978
t 804 805 979
t 805 980 979
t 805 806 980
t 806 981 980
t 806 807 981
t 807 982 981
t 807 808 982
t 808 983 982
t 808 809 983
t 809 155 983
t 809 810 155
t 810 811 155
t 811 812 155
t 812 813 155
t 813 814 155
t 814 815 155
t 815 816 155
t 816 817 155
t 817 818 155
t 818 819 155
t 819 820 155
t 820 821 155
t 821 822 155
t 822 823 155
t 823 824 155
t 824 139 155
t 83 81 82
t 83 80 81
t 83 79 80
t 83 78 79
t 83 77 78
t 83 76 77
t 83 75 76
t 83 74 75
t 155 156 157
t 155 157 158
t 155 158 159
t 155 159 160
t 155 160 161
t 155 161 162
t 155 162 163
t 155 163 164
t 155 164 165
t 155 165 166
t 155 166 167
t 155 167 168
t 155 168 169
t 155 169 170
t 155 170 171
t 155 171 172
t 155 172 173
t 83 984 74
t 83 985 984
t 83 986 985
t 83 987 986
t 83 825 987
t 825 988 987
t 825 826 988
t 826 989 988
t 826 827 989
t 827 990 989
t 827 828 990
t 828 991 990
t 828 829 991
t 829 992 991
t 829 830 992
t 830 993 992
t 830 831 993
t 831 994 993
t 831 832 994
t 832 995 994
t 832 833 995
t 833 996 995
t 833 834 996
t 834 997 996
t 834 835 997
t 835 998 997
t 835 836 998
t 836 999 998
t 836 837 999
t 837 1000 999
t 837 838 1000
t 838 1001 1000
t 838 839 1001
t 839 1002 1001
t 839 840 1002
t 840 1003 1002
t 840 841 1003
t 841 1004 1003
t 841 842 1004
t 842 1005 1004
t 842 843 1005
t 843 1006 1005
t 843 844 1006
t 844 1007 1006
t 844 845 1007
t 845 1008 1007
t 845 846 1008
t 846 1009 1008
t 846 847 1009
t 847 1010 1009
t 847 848 1010
t 848 1011 1010
t 848 849 1011
t 849 1012 1011
t 849 850 1012
t 850 1013 1012
t 850 851 1013
t 851 1014 1013
t 851 852 1014
t 852 1015 1014
t 852 853 1015
t 853 1016 1015
t 853 854 1016
t 854 1017 1016
t 854 855 1017
t 855 1018 1017
t 855 856 1018
t 856 1019 1018
t 856 857 1019
t 857 1020 1019
t 857 858 1020
t 858 1021 1020
t 858 859 1021
t 859 1022 1021
t 859 860 1022
t 860 1023 1022
t 860 861 1023
t 861 1024 1023
t 861 862 1024
t 862 1025 1024
t 862 863 1025
t 863 1026 1025
t 863 864 1026
t 864 1027 1026
t 864 865 1027
t 865 1028 1027
t 865 866 1028
t 866 1029 1028
t 866 867 1029
t 867 1030 1029
t 867 868 1030
t 868 1031 1030
t 868 869 1031
t 869 1032 1031
t 869 870 1032
t 870 1033 1032
t 870 871 1033
t 871 1034 1033
t 871 872 1034
t 872 1035 1034
t 872 873 1035
t 873 1036 1035
t 873 874 1036
t 874 1037 1036
t 874 875 1037
t 875 1038 1037
t 875 876 1038
t 876 1039 1038
t 876 877 1039
t 877 1040 1039
t 877 878 1040
t 878 1041 1040
t 878 879 1041
t 879 1042 1041
t 879 880 1042
t 880 1043 1042
t 880 881 1043
t 881 1044 1043
t 881 882 1044
t 882 1045 1044
t 882 883 1045
t 883 1046 1045
t 883 884 1046
t 884 1047 1046
t 884 885 1047
t 885 1048 1047
t 885 886 1048
t 886 1049 1048
t 886 887 1049
t 887 1050 1049
t 887 888 1050
t 888 1051 1050
t 888 889 1051
t 889 1052 1051
t 889 890 1052
t 890 1053 1052
t 890 891 1053
t 891 1054 1053
t 891 892 1054
t 892 1055 1054
t 892 893 1055
t 893 1056 1055
t 893 894 1056
t 894 1057 1056
t 894 895 1057
t 895 1058 1057
t 895 896 1058
t 896 1059 1058
t 896 897 1059
t 897 1060 1059
t 897 898 1060
t 898 1061 1060
t 898 899 1061
t 899 1062 1061
t 899 900 1062
t 900 1063 1062
t 900 901 1063
t 901 1064 1063
t 901 902 1064
t 902 1065 1064
t 902 903 1065
t 903 1066 1065
t 903 904 1066
t 904 1067 1066
t 904 905 1067
t 905 1068 1067
t 905 906 1068
t 906 1069 1068
t 906 907 1069
t 907 1070 1069
t 907 908 1070
t 908 1071 1070
t 908 909 1071
t 909 1072 1071
t 909 910 1072
t 910 1073 1072
t 910 911 1073
t 911 1074 1073
t 911 912 1074
t 912 1075 1074
t 912 913 1075
t 913 1076 1075
t 913 914 1076
t 914 1077 1076
t 914 915 1077
t 915 1078 1077
t 915 916 1078
t 916 1079 1078
t 916 917 1079
t 917 1080 1079
t 917 918 1080
t 918 1081 1080
t 918 919 1081
t 919 1082 1081
t 919 920 1082
t 920 1083 1082
t 920 921 1083
t 921 1084 1083
t 921 922 1084
t 922 1085 1084
t 922 923 1085
t 923 1086 1085
t 923 924 1086
t 924 1087 1086
t 924 925 1087
t 925 1088 1087
t 925 926 1088
t 926 1089 1088
t 926 927 1089
t 927 1090 1089
t 927 928 1090
t 928 1091 1090
t 928 929 1091
t 929 1092 1091
t 929 930 1092
t 930 1093 1092
t 930 931 1093
t 931 1094 1093
t 931 932 1094
t 932 1095 1094
t 932 933 1095
t 933 1096 1095
t 933 934 1096
t 934 1097 1096
t 934 935 1097
t 935 1098 1097
t 935 936 1098
t 936 1099 1098
t 936 937 1099
t 937 1100 1099
t 937 938 1100
t 938 1101 1100
t 938 939 1101
t 939 1102 1101
t 939 940 1102
t 940 1103 1102
t 940 941 1103
t 941 1104 1103
t 941 942 1104
t 942 1105 1104
t 942 943 1105
t 943 1106 1105
t 943 944 1106
t 944 1107 1106
t 944 945 1107
t 945 1108 1107
t 945 946 1108
t 946 1109 1108
t 946 947 1109
t 947 1110 1109
t 947 948 1110
t 948 1111 1110
t 948 949 1111
t 949 1112 1111
t 949 950 1112
t 950 1113 1112
t 950 951 1113
t 951 1114 1113
t 951 952 1114
t 952 1115 1114
t 952 953 1115
t 953 1116 1115
t 953 954 1116
t 954 1117 1116
t 954 955 1117
t 955 1118 1117
t 955 956 1118
t 956 1119 1118
t 956 957 1119
t 957 1120 1119
t 957 958 1120
t 958 1121 1120
t 958 959 1121
t 959 1122 1121
t 959 960 1122
t 960 1123 1122
t 960 961 1123
t 961 1124 1123
t 961 962 1124
t 962 1125 1124
t 962 963 1125
t 963 1126 1125
t 963 964 1126
t 964 1127 1126
t 964 965 1127
t 965 1128 1127
t 965 966 1128
t 966 173 1128
t 966 967 173
t 967 968 173
t 968 969 173
t 969 970 173
t 970 971 173
t 971 972 173
t 972 973 173
t 973 974 173
t 974 975 173
t 975 976 173
t 976 977 173
t 977 978 173
t 978 979 173
t 979 980 173
t 980 981 173
t 981 982 173
t 982 983 173
t 983 155 173
t 74 72 73
t 74 71 72
t 74 70 71
t 74 69 70
t 74 68 69
t 74 67 68
t 74 66 67
t 74 65 66
t 173 174 175
t 173 175 176
t 173 176 177
t 173 177 178
t 173 178 179
t 173 179 180
t 173 180 181
t 173 181 182
t 173 182 183
t 173 183 184
t 173 184 185
t 173 185 186
t 173 186 187
t 173 187 188
t 173 188 189
t 173 189 190
t 173 190 191
t 173 191 192
t 173 192 193
t 173 193 194
t 173 194 195
t 173 195 196
t 74 984 65
t 984 985 65
t 985 986 65
t 986 987 65
t 987 988 65
t 988 989 65
t 989 990 65
t 990 991 65
t 991 992 65
t 992 993 65
t 993 994 65
t 994 995 65
t 995 996 65
t 996 997 65
t 997 998 65
t 998 999 65
t 999 1000 65
t 1000 1001 65
t 1001 1002 65
t 1002 1003 65
t 1003 1004 65
t 1004 1005 65
t 1005 1006 65
t 1006 1129 65
t 1006 1007 1129
t 1007 1130 1129
t 1007 1008 1130
t 1008 1131 1130
t 1008 1009 1131
t 1009 1132 1131
t 1009 1010 1132
t 1010 1133 1132
t 1010 1011 1133
t 1011 1134 1133
t 1011 1012 1134
t 1012 1135 1134
t 1012 1013 1135
t 1013 1136 1135
t 1013 1014 1136
t 1014 1137 1136
t 1014 1015 1137
t 1015 1138 1137
t 1015 1016 1138
t 1016 1139 1138
t 1016 1017 1139
t 1017 1140 1139
t 1017 1018 1140
t 1018 1141 1140
t 1018 1019 1141
t 1019 1142 1141
t 1019 1020 1142
t 1020 1143 1142
t 1020 1021 1143
t 1021 1144 1143
t 1021 1022 1144
t 1022 1145 1144
t 1022 1023 1145
t 1023 1146 1145
t 1023 1024 1146
t 1024 1147 1146
t 1024 1025 1147
t 1025 1148 1147
t 1025 1026 1148
t 1026 1149 1148
t 1026 1027 1149
t 1027 1150 1149
t 1027 1028 1150
t 1028 1151 1150
t 1028 1029 1151
t 1029 1152 1151
t 1029 1030 1152
t 1030 1153 1152
t 1030 1031 1153
t 1031 1154 1153
t 1031 1032 1154
t 1032 1155 1154
t 1032 1033 1155
t 1033 1156 1155
t 1033 1034 1156
t 1034 1157 1156
t 1034 1035 1157
t 1035 1158 1157
t 1035 1036 1158
t 1036 1159 1158
t 1036 1037 1159
t 1037 1160 1159
t 1037 1038 1160
t 1038 1161 1160
t 1038 1039 1161
t 1039 1162 1161
t 1039 1040 1162
t 1040 1163 1162
t 1040 1041 1163
t 1041 1164 1163
t 1041 1042 1164
t 1042 1165 1164
t 1042 1043 1165
t 1043 1166 1165
t 1043 1044 1166
t 1044 1167 1166
t 1044 1045 1167
t 1045 1168 1167
t 1045 1046 1168
t 1046 1169 1168
t 1046 1047 1169
t 1047 1170 1169
t 1047 1048 1170
t 1048 1171 1170
t 1048 1049 1171
t 1049 1172 1171
t 1049 1050 1172
t 1050 1173 1172
t 1050 1051 1173
t 1051 1174 1173
t 1051 1052 1174
t 1052 1175 1174
t 1052 1053 1175
t 1053 1176 1175
t 1053 1054 1176
t 1054 1177 1176
t 1054 1055 1177
t 1055 1178 1177
t 1055 1056 1178
t 1056 1179 1178
t 1056 1057 1179
t 1057 1180 1179
t 1057 1058 1180
t 1058 1181 1180
t 1058 1059 1181
t 1059 1182 1181
t 1059 1060 1182
t 1060 1183 1182
t 1060 1061 1183
t 1061 1184 1183
t 1061 1062 1184
t 1062 1185 1184
t 1062 1063 1185
t 1063 1186 1185
t 1063 1064 1186
t 1064 1187 1186
t 1064 1065 1187
t 1065 1188 1187
t 1065 1066 1188
t 1066 1189 1188
t 1066 1067 1189
t 1067 1190 1189
t 1067 1068 1190
t 1068 1191 1190
t 1068 1069 1191
t 1069 1192 1191
t 1069 1070 1192
t 1070 1193 1192
t 1070 1071 1193
t 1071 1194 1193
t 1071 1072 1194
t 1072 1195 1194
t 1072 1073 1195
t 1073 1196 1195
t 1073 1074 1196
t 1074 1197 1196
t 1074 1075 1197
t 1075 1198 1197
t 1075 1076 1198
t 1076 1199 1198
t 1076 1077 1199
t 1077 1200 1199
t 1077 1078 1200
t 1078 1201 1200
t 1078 1079 1201
t 1079 1202 1201
t 1079 1080 1202
t 1080 1203 1202
t 1080 1081 1203
t 1081 1204 1203
t 1081 1082 1204
t 1082 1205 1204
t 1082 1083 1205
t 1083 1206 1205
t 1083 1084 1206
t 1084 1207 1206
t 1084 1085 1207
t 1085 1208 1207
t 1085 1086 1208
t 1086 1209 1208
t 1086 1087 1209
t 1087 1210 1209
t 1087 1088 1210
t 1088 1211 1210
t 1088 1089 1211
t 1089 1212 1211
t 1089 1090 1212
t 1090 1213 1212
t 1090 1091 1213
t 1091 1214 1213
t 1091 1092 1214
t 1092 1215 1214
t 1092 1093 1215
t 1093 1216 1215
t 1093 1094 1216
t 1094 1217 1216
t 1094 1095 1217
t 1095 1218 1217
t 1095 1096 1218
t 1096 1219 1218
t 1096 1097 1219
t 1097 1220 1219
t 1097 1098 1220
t 1098 1221 1220
t 1098 1099 1221
t 1099 1222 1221
t 1099 1100 1222
t 1100 1223 1222
t 1100 1101 1223
t 1101 1224 1223
t 1101 1102 1224
t 1102 1225 1224
t 1102 1103 1225
t 1103 1226 1225
t 1103 1104 1226
t 1104 1227 1226
t 1104 1105 1227
t 1105 1228 1227
t 1105 1106 1228
t 1106 196 1228
t 1106 1107 196
t 1107 1108 196
t 1108 1109 196
t 1109 1110 196
t 1110 1111 196
t 1111 1112 196
t 1112 1113 196
t 1113 1114 196
t 1114 1115 196
t 1115 1116 196
t 1116 1117 196
t 1117 1118 196
t 1118 1119 196
t 1119 1120 196
t 1120 1121 196
t 1121 1122 196
t 1122 1123 196
t 1123 1124 196
t 1124 1125 196
t 1125 1126 196
t 1126 1127 196
t 1127 1128 196
t 1128 173 196
t 65 63 64
t 65 62 63
t 65 61 62
t 65 60 61
t 65 59 60
t 65 58 59
t 65 57 58
t 65 56 57
t 65 55 56
t 65 54 55
t 65 53 54
t 65 52 53
t 65 51 52
t 65 50 51
t 65 49 50
t 196 197 198
t 196 198 199
t 196 199 200
t 196 200 201
t 196 201 202
t 65 1129 49
t 1129 1130 49
t 1130 1131 49
t 1131 1132 49
t 1132 1133 49
t 1133 1134 49
t 1134 1135 49
t 1135 1136 49
t 1136 1137 49
t 1137 1138 49
t 1138 1139 49
t 1139 1140 49
t 1140 1141 49
t 1141 1142 49
t 1142 1143 49
t 1143 1144 49
t 1144 1145 49
t 1145 1146 49
t 1146 1147 49
t 1147 1148 49
t 1148 1149 49
t 1149 1150 49
t 1150 1151 49
t 1151 1152 49
t 1152 1153 49
t 1153 1154 49
t 1154 1155 49
t 1155 1156 49
t 1156 1229 49
t 1156 1157 1229
t 1157 1230 1229
t 1157 1158 1230
t 1158 1231 1230
t 1158 1159 1231
t 1159 1232 1231
t 1159 1160 1232
t 1160 1233 1232
t 1160 1161 1233
t 1161 1234 1233
t 1161 1162 1234
t 1162 1235 1234
t 1162 1163 1235
t 1163 1236 1235
t 1163 1164 1236
t 1164 1237 1236
t 1164 1165 1237
t 1165 1238 1237
t 1165 1166 1238
t 1166 1239 1238
t 1166 1167 1239
t 1167 1240 1239
t 1167 1168 1240
t 1168 1241 1240
t 1168 1169 1241
t 1169 1242 1241
t 1169 1170 1242
t 1170 1243 1242
t 1170 1171 1243
t 1171 1244 1243
t 1171 1172 1244
t 1172 1245 1244
t 1172 1173 1245
t 1173 1246 1245
t 1173 1174 1246
t 1174 1247 1246
t 1174 1175 1247
t 1175 1248 1247
t 1175 1176 1248
t 1176 1249 1248
t 1176 1177 1249
t 1177 1250 1249
t 1177 1178 1250
t 1178 1251 1250
t 1178 1179 1251
t 1179 1252 1251
t 1179 1180 1252
t 1180 1253 1252
t 1180 1181 1253
t 1181 1254 1253
t 1181 1182 1254
t 1182 1255 1254
t 1182 1183 1255
t 1183 1256 1255
t 1183 1184 1256
t 1184 1257 1256
t 1184 1185 1257
t 1185 1258 1257
t 1185 1186 1258
t 1186 1259 1258
t 1186 1187 1259
t 1187 1260 1259
t 1187 1188 1260
t 1188 1261 1260
t 1188 1189 1261
t 1189 1262 1261
t 1189 1190 1262
t 1190 1263 1262
t 1190 1191 1263
t 1191 1264 1263
t 1191 1192 1264
t 1192 1265 1264
t 1192 1193 1265
t 1193 1266 1265
t 1193 1194 1266
t 1194 1267 1266
t 1194 1195 1267
t 1195 1268 1267
t 1195 1196 1268
t 1196 1269 1268
t 1196 1197 1269
t 1197 1270 1269
t 1197 1198 1270
t 1198 1271 1270
t 1198 1199 1271
t 1199 1272 1271
t 1199 1200 1272
t 1200 1273 1272
t 1200 1201 1273
t 1201 1274 1273
t 1201 1202 1274
t 1202 1275 1274
t 1202 1203 1275
t 1203 1276 1275
t 1203 1204 1276
t 1204 1277 1276
t 1204 1205 1277
t 1205 1278 1277
t 1205 1206 1278
t 1206 1279 1278
t 1206 1207 1279
t 1207 1280 1279
t 1207 1208 1280
t 1208 1281 1280
t 1208 1209 1281
t 1209 1282 1281
t 1209 1210 1282
t 1210 1283 1282
t 1210 1211 1283
t 1211 1284 1283
t 1211 1212 1284
t 1212 1285 1284
t 1212 1213 1285
t 1213 1286 1285
t 1213 1214 1286
t 1214 1287 1286
t 1214 1215 1287
t 1215 1288 1287
t 1215 1216 1288
t 1216 1289 1288
t 1216 1217 1289
t 1217 1290 1289
t 1217 1218 1290
t 1218 1291 1290
t 1218 1219 1291
t 1219 1292 1291
t 1219 1220 1292
t 1220 1293 1292
t 1220 1221 1293
t 1221 1294 1293
t 1221 1222 1294
t 1222 1295 1294
t 1222 1223 1295
t 1223 202 1295
t 1223 1224 202
t 1224 1225 202
t 1225 1226 202
t 1226 1227 202
t 1227 1228 202
t 1228 196 202
t 49 47 48
t 49 46 47
t 49 45 46
t 49 44 45
t 49 43 44
t 49 42 43
t 49 41 42
t 49 40 41
t 49 39 40
t 49 38 39
t 49 37 38
t 49 36 37
t 49 35 36
t 49 34 35
t 49 33 34
t 202 203 204
t 202 204 205
t 202 205 206
t 202 206 207
t 202 207 208
t 49 1229 33
t 1229 1230 33
t 1230 1231 33
t 1231 1232 33
t 1232 1233 33
t 1233 1234 33
t 1234 1235 33
t 1235 1236 33
t 1236 1237 33
t 1237 1238 33
t 1238 1239 33
t 1239 1240 33
t 1240 1241 33
t 1241 1242 33
t 1242 1243 33
t 1243 1244 33
t 1244 1245 33
t 1245 1296 33
t 1245 1246 1296
t 1246 1297 1296
t 1246 1247 1297
t 1247 1298 1297
t 1247 1248 1298
t 1248 1299 1298
t 1248 1249 1299
t 1249 1300 1299
t 1249 1250 1300
t 1250 1301 1300
t 1250 1251 1301
t 1251 1302 1301
t 1251 1252 1302
t 1252 1303 1302
t 1252 1253 1303
t 1253 1304 1303
t 1253 1254 1304
t 1254 1305 1304
t 1254 1255 1305
t 1255 1306 1305
t 1255 1256 1306
t 1256 1307 1306
t 1256 1257 1307
t 1257 1308 1307
t 1257 1258 1308
t 1258 1309 1308
t 1258 1259 1309
t 1259 1310 1309
t 1259 1260 1310
t 1260 1311 1310
t 1260 1261 1311
t 1261 1312 1311
t 1261 1262 1312
t 1262 1313 1312
t 1262 1263 1313
t 1263 1314 1313
t 1263 1264 1314
t 1264 1315 1314
t 1264 1265 1315
t 1265 1316 1315
t 1265 1266 1316
t 1266 1317 1316
t 1266 1267 1317
t 1267 1318 1317
t 1267 1268 1318
t 1268 1319 1318
t 1268 1269 1319
t 1269 1320 1319
t 1269 1270 1320
t 1270 1321 1320
t 1270 1271 1321
t 1271 1322 1321
t 1271 1272 1322
t 1272 1323 1322
t 1272 1273 1323
t 1273 1324 1323
t 1273 1274 1324
t 1274 1325 1324
t 1274 1275 1325
t 1275 1326 1325
t 1275 1276 1326
t 1276 1327 1326
t 1276 1277 1327
t 1277 1328 1327
t 1277 1278 1328
t 1278 1329 1328
t 1278 1279 1329
t 1279 1330 1329
t 1279 1280 1330
t 1280 1331 1330
t 1280 1281 1331
t 1281 1332 1331
t 1281 1282 1332
t 1282 1333 1332
t 1282 1283 1333
t 1283 1334 1333
t 1283 1284 1334
t 1284 1335 1334
t 1284 1285 1335
t 1285 1336 1335
t 1285 1286 1336
t 1286 1337 1336
t 1286 1287 1337
t 1287 1338 1337
t 1287 1288 1338
t 1288 1339 1338
t 1288 1289 1339
t 1289 1340 1339
t 1289 1290 1340
t 1290 208 1340
t 1290 1291 208
t 1291 1292 208
t 1292 1293 208
t 1293 1294 208
t 1294 1295 208
t 1295 202 208
t 33 31 32
t 33 30 31
t 33 29 30
t 33 28 29
t 33 27 28
t 33 26 27
t 33 25 26
t 33 24 25
t 33 23 24
t 33 22 23
t 33 21 22
t 33 20 21
t 33 19 20
t 33 18 19
t 33 17 18
t 33 16 17
t 33 15 16
t 33 14 15
t 33 13 14
t 33 12 13
t 33 11 12
t 33 10 11
t 33 9 10
t 33 8 9
t 33 7 8
t 33 6 7
t 33 5 6
t 33 4 5
t 33 3 4
t 33 2 3
t 33 1 2
t 33 0 1
t 208 209 210
t 208 210 211
t 208 211 212
t 208 212 213
t 208 213 214
t 208 214 215
t 208 215 216
t 208 216 217
t 208 217 218
t 208 218 219
t 208 219 220
t 208 220 0
t 33 1296 0
t 1296 1297 0
t 1297 1298 0
t 1298 1299 0
t 1299 1300 0
t 1300 1301 0
t 1301 1302 0
t 1302 1303 0
t 1303 1304 0
t 1304 1305 0
t 1305 1306 0
t 1306 1307 0
t 1307 1308 0
t 1308 1309 0
t 1309 1310 0
t 1310 1311 0
t 1311 1312 0
t 1312 1313 0
t 1313 1314 0
t 1314 1315 0
t 1315 1316 0
t 1316 1317 0
t 1317 1318 0
t 1318 1319 0
t 1319 1320 0
t 1320 1321 0
t 1321 1322 0
t 1322 1323 0
t 1323 1324 0
t 1324 1325 0
t 1325 1326 0
t 1326 1327 0
t 1327 1328 0
t 1328 1329 0
t 1329 1330 0
t 1330 1331 0
t 1331 1332 0
t 1332 1333 0
t 1333 1334 0
t 1334 1335 0
t 1335 1336 0
t 1336 1337 0
t 1337 1338 0
t 1338 1339 0
t 1339 1340 0
t 1340 208 0
