type=Nurbs forward=false n_boundary=282 n_holes=0 n_interior=49 n_tris=316 label=brep47598_f4_Nurbs(deg=3/3, cps=7x13)
boundary
b 0.000002417 0.870028264
b 0.000002789 0.858687743
b 0.000003065 0.847347229
b 0.000003177 0.836006720
b 0.000003100 0.824666207
b 0.000002851 0.813325686
b 0.000002494 0.801985151
b 0.000002133 0.790644601
b 0.000001915 0.779304041
b 0.000001986 0.767963481
b 0.000002253 0.756622933
b 0.000002559 0.745282400
b 0.000002794 0.733941882
b 0.000002889 0.722601373
b 0.000002819 0.711260866
b 0.000002602 0.699920354
b 0.000002300 0.688579830
b 0.000002020 0.677239293
b 0.000001908 0.665898746
b 0.000002072 0.654558199
b 0.000002382 0.643217661
b 0.000002693 0.631877136
b 0.000002904 0.620536622
b 0.000002960 0.609196113
b 0.000002844 0.597855602
b 0.000002588 0.586515083
b 0.000002264 0.575174550
b 0.000001988 0.563834005
b 0.000001918 0.552493452
b 0.000002116 0.541152902
b 0.000002431 0.529812364
b 0.000002727 0.518471840
b 0.000002911 0.507131327
b 0.000002933 0.495790819
b 0.000002789 0.484450308
b 0.000002516 0.473109789
b 0.000002195 0.461769256
b 0.000001950 0.450428710
b -0.000001501 0.439088159
b -0.000001267 0.427829462
b -0.000000949 0.416570777
b -0.000000670 0.405312106
b -0.000000514 0.394053443
b -0.000000522 0.382794784
b -0.000000691 0.371536121
b -0.000000976 0.360277447
b -0.000001293 0.349018760
b -0.000001512 0.337760061
b -0.000001479 0.326501357
b -0.000001223 0.315242659
b -0.000000901 0.303983974
b -0.000000632 0.292725303
b -0.000000494 0.281466640
b -0.000000522 0.270207980
b -0.000000709 0.258949316
b -0.000001006 0.247690642
b -0.000001322 0.236431955
b -0.000001523 0.225173258
b -0.000001463 0.213914559
b -0.000001202 0.202655869
b -0.000000893 0.191397191
b -0.000000650 0.180138525
b -0.000000542 0.168879866
b -0.000000598 0.157621207
b -0.000000802 0.146362541
b -0.000001100 0.135103862
b -0.000001392 0.123845167
b -0.000001537 0.112586459
b -0.000001399 0.101327748
b -0.000001075 0.090069044
b -0.000000718 0.078810354
b -0.000000442 0.067551679
b -0.000000319 0.056293013
b -0.000000378 0.045034352
b -0.000000605 0.033775688
b -0.000000945 0.022517018
b -0.000001302 0.011258340
b 0.000003115 -0.000000343
b 0.007734576 -0.000000340
b 0.015466015 -0.000000333
b 0.023197434 -0.000000323
b 0.030928838 -0.000000309
b 0.038660231 -0.000000292
b 0.046391614 -0.000000273
b 0.054122993 -0.000000252
b 0.061854370 -0.000000230
b 0.069585748 -0.000000206
b 0.077317132 -0.000000182
b 0.085048524 -0.000000157
b 0.092779928 -0.000000132
b 0.100511347 -0.000000108
b 0.108242784 -0.000000084
b 0.115974242 -0.000000061
b 0.123705725 -0.000000041
b 0.131437236 -0.000000022
b 0.139168778 -0.000000005
b 0.146900353 0.000000009
b 0.154631963 0.000000020
b 0.162363605 0.000000029
b 0.170095277 0.000000036
b 0.177826978 0.000000041
b 0.185558706 0.000000043
b 0.193290459 0.000000044
b 0.201022237 0.000000044
b 0.208754036 0.000000042
b 0.216485857 0.000000040
b 0.224217696 0.000000036
b 0.231949553 0.000000032
b 0.239681426 0.000000027
b 0.247413313 0.000000022
b 0.255145213 0.000000017
b 0.262877125 0.000000012
b 0.270609047 0.000000007
b 0.278340978 0.000000003
b 0.286072915 -0.000000001
b 0.293804860 -0.000000004
b 0.301536811 -0.000000007
b 0.309268770 -0.000000008
b 0.317000737 -0.000000010
b 0.324732713 -0.000000011
b 0.332464699 -0.000000011
b 0.340196694 -0.000000011
b 0.347928700 -0.000000011
b 0.355660717 -0.000000010
b 0.363392746 -0.000000009
b 0.371124787 -0.000000009
b 0.378856841 -0.000000008
b 0.386588908 -0.000000007
b 0.394320988 -0.000000006
b 0.402053083 -0.000000005
b 0.409785193 -0.000000004
b 0.417517318 -0.000000004
b 0.425249459 -0.000000004
b 0.436882032 0.003629570
b 0.448554271 0.007139140
b 0.460256820 0.010530977
b 0.471980377 0.013807320
b 0.483715690 0.016970375
b 0.495453549 0.020022313
b 0.507184787 0.022965273
b 0.518900276 0.025801356
b 0.530590929 0.028532631
b 0.542247697 0.031161129
b 0.553861567 0.033688849
b 0.565424875 0.036117927
b 0.576935235 0.038451157
b 0.588391608 0.040691460
b 0.599792982 0.042841715
b 0.611138363 0.044904755
b 0.622426769 0.046883373
b 0.633657225 0.048780324
b 0.644828758 0.050598321
b 0.655940389 0.052340044
b 0.666991130 0.054008135
b 0.677979981 0.055605206
b 0.688905825 0.057133690
b 0.699767139 0.058595417
b 0.710562300 0.059992044
b 0.721289677 0.061325209
b 0.731947630 0.062596527
b 0.742534514 0.063807590
b 0.753048667 0.064959971
b 0.763488418 0.066055225
b 0.773852080 0.067094887
b 0.784137951 0.068080474
b 0.794344309 0.069013489
b 0.804469942 0.069895392
b 0.814515714 0.070727532
b 0.824483003 0.071511223
b 0.834373179 0.072247763
b 0.844187596 0.072938438
b 0.853927598 0.073584524
b 0.863594509 0.074187285
b 0.873189640 0.074747976
b 0.882714279 0.075267842
b 0.892169699 0.075748119
b 0.901557149 0.076190034
b 0.910877350 0.076594740
b 0.920128984 0.076963106
b 0.929310209 0.077295928
b 0.938419172 0.077593996
b 0.947454005 0.077858094
b 0.956412824 0.078089000
b 0.965293733 0.078287489
b 0.974094824 0.078454331
b 0.982814175 0.078590290
b 0.991449850 0.078696128
b 0.999999903 0.078772604
b 0.999999979 0.099709878
b 0.999999990 0.120647180
b 0.999999927 0.141584449
b 0.999999884 0.162521669
b 0.999999902 0.183458875
b 0.999999966 0.204396111
b 0.999999998 0.225333385
b 0.999999942 0.246270654
b 0.999999884 0.267207882
b 0.999999884 0.288145091
b 0.999999942 0.309082322
b 0.999999998 0.330019597
b 0.999999965 0.350956880
b 0.999999899 0.371894123
b 0.999999878 0.392831334
b 0.999999921 0.413768552
b 0.999999987 0.434705810
b 0.999999984 0.455643094
b 0.999999917 0.476580349
b 0.999999878 0.497517565
b 0.999999903 0.518454777
b 0.999999970 0.539392023
b 0.999999997 0.560329309
b 0.999999937 0.581266581
b 0.999999881 0.602203810
b 0.999999886 0.623141019
b 0.999999947 0.644078250
b 0.999999999 0.665015520
b 0.999999962 0.685952792
b 0.999999900 0.706890023
b 0.999999886 0.727827229
b 0.999999933 0.748764452
b 0.999999994 0.769701725
b 0.999999973 0.790639028
b 0.999999894 0.811576300
b 0.999999850 0.832513526
b 0.999999878 0.853450737
b 0.999999957 0.874387968
b 1.000000028 0.895325218
b 0.981704119 0.895370879
b 0.963441261 0.895406172
b 0.945207929 0.895431137
b 0.927000573 0.895445810
b 0.908815626 0.895450219
b 0.890649508 0.895444386
b 0.872498632 0.895428329
b 0.854359409 0.895402057
b 0.836228252 0.895365577
b 0.818101584 0.895318886
b 0.799975835 0.895261978
b 0.781847457 0.895194840
b 0.763712921 0.895117453
b 0.745568735 0.895029792
b 0.727412830 0.894931820
b 0.709245858 0.894823483
b 0.691068775 0.894704718
b 0.672882528 0.894575455
b 0.654688057 0.894435622
b 0.636486292 0.894285134
b 0.618278151 0.894123905
b 0.600064541 0.893951838
b 0.581846354 0.893768833
b 0.563624470 0.893574780
b 0.545399751 0.893369563
b 0.527173044 0.893153058
b 0.508945178 0.892925135
b 0.490716963 0.892685655
b 0.472489244 0.892434514
b 0.454262920 0.892171643
b 0.436038915 0.891896964
b 0.417818168 0.891610396
b 0.399601642 0.891311849
b 0.381390313 0.891001228
b 0.363185175 0.890678429
b 0.344987233 0.890343342
b 0.326797510 0.889995850
b 0.308617037 0.889635828
b 0.290446859 0.889263143
b 0.272288026 0.888877657
b 0.254141602 0.888479221
b 0.236008333 0.888067671
b 0.217886185 0.887642743
b 0.199771666 0.887204118
b 0.181661250 0.886751460
b 0.163551394 0.886284424
b 0.145438537 0.885802645
b 0.127319112 0.885305747
b 0.109189546 0.884793335
b 0.091046267 0.884264999
b 0.072885707 0.883720310
b 0.054704310 0.883158823
b 0.036498536 0.882580069
b 0.018264865 0.881983562
b -0.000000196 0.881368794
interior
i 0.124998659 0.783518898
i 0.249998854 0.783518898
i 0.124998659 0.671587578
i 0.124998659 0.559656258
i 0.124998659 0.447724938
i 0.124998659 0.335793618
i 0.124998659 0.223862297
i 0.124998659 0.111930977
i 0.249998854 0.111930977
i 0.374999050 0.111930977
i 0.249998854 0.223862297
i 0.249998854 0.335793618
i 0.374999050 0.223862297
i 0.499999246 0.111930977
i 0.624999441 0.111930977
i 0.499999246 0.223862297
i 0.374999050 0.335793618
i 0.249998854 0.447724938
i 0.249998854 0.559656258
i 0.374999050 0.447724938
i 0.499999246 0.335793618
i 0.624999441 0.223862297
i 0.749999637 0.111930977
i 0.874999833 0.111930977
i 0.874999833 0.223862297
i 0.749999637 0.223862297
i 0.874999833 0.335793618
i 0.874999833 0.447724938
i 0.749999637 0.335793618
i 0.624999441 0.335793618
i 0.749999637 0.447724938
i 0.874999833 0.559656258
i 0.874999833 0.671587578
i 0.874999833 0.783518898
i 0.749999637 0.783518898
i 0.624999441 0.783518898
i 0.749999637 0.671587578
i 0.749999637 0.559656258
i 0.624999441 0.447724938
i 0.499999246 0.447724938
i 0.624999441 0.559656258
i 0.624999441 0.671587578
i 0.499999246 0.783518898
i 0.374999050 0.783518898
i 0.499999246 0.671587578
i 0.499999246 0.559656258
i 0.374999050 0.671587578
i 0.374999050 0.559656258
i 0.249998854 0.671587578
tris
t 77 78 76
t 78 75 76
t 78 74 75
t 78 73 74
t 78 72 73
t 78 71 72
t 78 70 71
t 78 69 70
t 78 68 69
t 78 67 68
t 78 66 67
t 78 65 66
t 78 64 65
t 78 63 64
t 78 62 63
t 78 61 62
t 78 60 61
t 78 79 60
t 79 80 60
t 80 81 60
t 81 82 60
t 82 83 60
t 83 84 60
t 84 85 60
t 85 86 60
t 86 87 60
t 87 88 60
t 88 89 60
t 89 90 60
t 90 91 60
t 91 92 60
t 92 93 60
t 93 94 60
t 94 95 60
t 95 96 60
t 96 97 60
t 97 98 60
t 98 99 60
t 99 100 60
t 100 101 60
t 101 102 60
t 102 103 60
t 103 104 60
t 104 105 60
t 105 106 60
t 106 107 60
t 107 108 60
t 108 109 60
t 109 331 60
t 109 110 331
t 110 111 331
t 111 112 331
t 112 113 331
t 113 114 331
t 114 115 331
t 115 116 331
t 116 117 331
t 117 118 331
t 118 119 331
t 119 120 331
t 120 121 331
t 121 122 331
t 122 123 331
t 123 124 331
t 124 125 331
t 125 126 331
t 126 127 331
t 127 128 331
t 128 129 331
t 129 130 331
t 130 131 331
t 131 132 331
t 132 133 331
t 133 134 331
t 134 135 331
t 135 136 331
t 136 137 331
t 137 138 331
t 138 332 331
t 138 139 332
t 139 140 332
t 140 141 332
t 141 142 332
t 142 143 332
t 143 144 332
t 144 145 332
t 145 146 332
t 146 147 332
t 147 148 332
t 148 149 332
t 149 150 332
t 150 151 332
t 151 152 332
t 152 153 332
t 153 154 332
t 154 155 332
t 155 156 332
t 156 157 332
t 157 158 332
t 158 159 332
t 159 160 332
t 160 333 332
t 160 161 333
t 161 162 333
t 162 163 333
t 163 164 333
t 164 165 333
t 165 166 333
t 166 167 333
t 167 168 333
t 168 169 333
t 169 170 333
t 170 171 333
t 171 172 333
t 172 173 333
t 173 174 333
t 174 175 333
t 175 176 333
t 176 177 333
t 177 178 333
t 178 179 333
t 179 180 333
t 180 181 333
t 181 182 333
t 182 183 333
t 183 184 333
t 184 185 333
t 185 186 333
t 186 192 333
t 186 191 192
t 186 190 191
t 186 189 190
t 186 188 189
t 186 187 188
t 60 331 59
t 331 58 59
t 331 57 58
t 331 56 57
t 331 55 56
t 331 54 55
t 331 53 54
t 331 52 53
t 331 51 52
t 331 50 51
t 331 334 50
t 331 332 334
t 332 335 334
t 332 333 335
t 333 336 335
t 333 197 336
t 333 196 197
t 333 195 196
t 333 194 195
t 333 193 194
t 333 192 193
t 50 334 49
t 334 48 49
t 334 47 48
t 334 46 47
t 334 45 46
t 334 44 45
t 334 43 44
t 334 42 43
t 334 41 42
t 334 40 41
t 334 337 40
t 334 335 337
t 335 338 337
t 335 336 338
t 336 339 338
t 336 203 339
t 336 202 203
t 336 201 202
t 336 200 201
t 336 199 200
t 336 198 199
t 336 197 198
t 40 337 39
t 337 38 39
t 337 37 38
t 337 36 37
t 337 35 36
t 337 34 35
t 337 33 34
t 337 32 33
t 337 31 32
t 337 30 31
t 337 340 30
t 337 338 340
t 338 341 340
t 338 339 341
t 339 342 341
t 339 208 342
t 339 207 208
t 339 206 207
t 339 205 206
t 339 204 205
t 339 203 204
t 30 340 29
t 340 28 29
t 340 27 28
t 340 26 27
t 340 25 26
t 340 24 25
t 340 23 24
t 340 22 23
t 340 21 22
t 340 20 21
t 340 343 20
t 340 341 343
t 341 344 343
t 341 342 344
t 342 345 344
t 342 214 345
t 342 213 214
t 342 212 213
t 342 211 212
t 342 210 211
t 342 209 210
t 342 208 209
t 20 343 19
t 343 18 19
t 343 17 18
t 343 16 17
t 343 15 16
t 343 14 15
t 343 13 14
t 343 12 13
t 343 11 12
t 343 10 11
t 343 9 10
t 343 8 9
t 343 7 8
t 343 6 7
t 343 5 6
t 343 4 5
t 343 3 4
t 343 2 3
t 343 1 2
t 343 0 1
t 343 346 0
t 343 344 346
t 344 347 346
t 344 345 347
t 345 348 347
t 345 225 348
t 345 224 225
t 345 223 224
t 345 222 223
t 345 221 222
t 345 220 221
t 345 219 220
t 345 218 219
t 345 217 218
t 345 216 217
t 345 215 216
t 345 214 215
t 0 346 281
t 346 280 281
t 346 279 280
t 346 278 279
t 346 277 278
t 346 276 277
t 346 275 276
t 346 274 275
t 346 273 274
t 346 272 273
t 346 271 272
t 346 270 271
t 346 269 270
t 346 268 269
t 346 267 268
t 346 266 267
t 346 265 266
t 346 264 265
t 346 263 264
t 346 262 263
t 346 261 262
t 346 260 261
t 346 259 260
t 346 258 259
t 346 257 258
t 346 256 257
t 346 255 256
t 346 254 255
t 346 347 254
t 347 253 254
t 347 252 253
t 347 251 252
t 347 250 251
t 347 249 250
t 347 248 249
t 347 247 248
t 347 246 247
t 347 245 246
t 347 244 245
t 347 243 244
t 347 242 243
t 347 241 242
t 347 240 241
t 347 348 240
t 348 239 240
t 348 238 239
t 348 237 238
t 348 236 237
t 348 235 236
t 348 234 235
t 348 233 234
t 348 232 233
t 348 231 232
t 348 230 231
t 348 229 230
t 348 228 229
t 348 227 228
t 348 226 227
t 348 225 226
