type=Nurbs forward=false n_boundary=204 n_holes=0 n_interior=113 n_tris=1280 label=brep62542_f109_Nurbs(deg=3/3, cps=8x12)
boundary
b 0.999999069 0.018181765
b 0.999997356 0.036363526
b 0.999995375 0.054545319
b 0.999993635 0.072727166
b 0.999992649 0.090909080
b 0.999992923 0.109091062
b 0.999994958 0.127273102
b 0.999999245 0.145455182
b 1.000004704 0.163637121
b 1.000006874 0.181818487
b 1.000005391 0.199999423
b 1.000001829 0.218180279
b 0.999997775 0.236361363
b 0.999994814 0.254542944
b 0.999994528 0.272725244
b 0.999998473 0.290908437
b 1.000006214 0.309092138
b 1.000013799 0.327275104
b 1.000017178 0.345456242
b 1.000015782 0.363635828
b 1.000011344 0.381814924
b 1.000005704 0.399994533
b 1.000000775 0.418175578
b 0.999998502 0.436358871
b 0.999999510 0.454544046
b 1.000002665 0.472729425
b 1.000006554 0.490913340
b 1.000009594 0.509094290
b 1.000010669 0.527272515
b 1.000009401 0.545449898
b 1.000005692 0.563628341
b 0.999999766 0.581809580
b 0.999992850 0.599993642
b 0.999986745 0.618179156
b 0.999983044 0.636364707
b 0.999983110 0.654548881
b 0.999988024 0.672730292
b 0.999996650 0.690908933
b 1.000004893 0.709086947
b 1.000009126 0.727266533
b 1.000009156 0.745448140
b 1.000006540 0.763631191
b 1.000002742 0.781815078
b 0.999999105 0.799999164
b 0.999996854 0.818182794
b 0.999997082 0.836365293
b 0.999999114 0.854546595
b 0.999999036 0.872727988
b 0.999997042 0.890909764
b 0.999995030 0.909091683
b 0.999994643 0.927273481
b 0.999995815 0.945455107
b 0.999997670 0.963636653
b 0.999999344 0.981818235
b 1.000000000 1.000000000
b 0.981820842 1.000000000
b 0.963641435 1.000000000
b 0.945461756 1.000000000
b 0.927281782 1.000000000
b 0.909101484 1.000000000
b 0.890920833 1.000000000
b 0.872739796 1.000000000
b 0.854558341 1.000000000
b 0.836376431 1.000000000
b 0.818194042 1.000000000
b 0.800011230 1.000000000
b 0.781828090 1.000000000
b 0.763644714 1.000000000
b 0.745461199 1.000000000
b 0.727277639 1.000000000
b 0.709094130 1.000000000
b 0.690910766 1.000000000
b 0.672727640 1.000000000
b 0.654544836 1.000000000
b 0.636362359 1.000000000
b 0.618180167 1.000000000
b 0.599998216 1.000000000
b 0.581816464 1.000000000
b 0.563634871 1.000000000
b 0.545453398 1.000000000
b 0.527272007 1.000000000
b 0.509090664 1.000000000
b 0.490909337 1.000000000
b 0.472727994 1.000000000
b 0.454546603 1.000000000
b 0.436365130 1.000000000
b 0.418183536 1.000000000
b 0.400001784 1.000000000
b 0.381819833 1.000000000
b 0.363637641 1.000000000
b 0.345455164 1.000000000
b 0.327272360 1.000000000
b 0.309089234 1.000000000
b 0.290905870 1.000000000
b 0.272722361 1.000000000
b 0.254538801 1.000000000
b 0.236355286 1.000000000
b 0.218171911 1.000000000
b 0.199988770 1.000000000
b 0.181805959 1.000000000
b 0.163623570 1.000000000
b 0.145441660 1.000000000
b 0.127260204 1.000000000
b 0.109079168 1.000000000
b 0.090898517 1.000000000
b 0.072718219 1.000000000
b 0.054538244 1.000000000
b 0.036358565 1.000000000
b 0.018179158 1.000000000
b -0.000000000 1.000000000
b -0.000000000 0.974358969
b -0.000000000 0.948717943
b -0.000000000 0.923076921
b -0.000000000 0.897435904
b 0.000000000 0.871794888
b 0.000000000 0.846153856
b 0.000000000 0.820512811
b 0.000000000 0.794871790
b 0.000000000 0.769230806
b 0.000000000 0.743589833
b 0.000000000 0.717948832
b 0.000000000 0.692307774
b 0.000000000 0.666666667
b 0.000000000 0.641025567
b 0.000000000 0.615384526
b 0.000000000 0.589743539
b 0.000000000 0.564102570
b 0.000000000 0.538461578
b 0.000000000 0.512820536
b 0.000000000 0.487179462
b 0.000000000 0.461538411
b 0.000000000 0.435897407
b 0.000000000 0.410256430
b 0.000000000 0.384615442
b 0.000000000 0.358974409
b 0.000000000 0.333333333
b 0.000000000 0.307692262
b 0.000000000 0.282051239
b -0.000000000 0.256410261
b -0.000000000 0.230769289
b -0.000000000 0.205128283
b -0.000000000 0.179487217
b -0.000000000 0.153846114
b -0.000000000 0.128205034
b -0.000000000 0.102564007
b -0.000000000 0.076923020
b -0.000000000 0.051282038
b -0.000000000 0.025641031
b -0.000000000 0.000000000
b 0.018181818 0.000000000
b 0.036363636 0.000000000
b 0.054545455 0.000000000
b 0.072727273 0.000000000
b 0.090909091 0.000000000
b 0.109090909 0.000000000
b 0.127272727 0.000000000
b 0.145454545 0.000000000
b 0.163636364 0.000000000
b 0.181818182 0.000000000
b 0.200000000 0.000000000
b 0.218181818 0.000000000
b 0.236363636 0.000000000
b 0.254545455 0.000000000
b 0.272727273 0.000000000
b 0.290909091 0.000000000
b 0.309090909 0.000000000
b 0.327272727 0.000000000
b 0.345454545 0.000000000
b 0.363636364 0.000000000
b 0.381818182 0.000000000
b 0.400000000 0.000000000
b 0.418181818 0.000000000
b 0.436363636 0.000000000
b 0.454545455 0.000000000
b 0.472727273 0.000000000
b 0.490909091 0.000000000
b 0.509090909 0.000000000
b 0.527272727 0.000000000
b 0.545454545 0.000000000
b 0.563636364 0.000000000
b 0.581818182 0.000000000
b 0.600000000 0.000000000
b 0.618181818 0.000000000
b 0.636363636 0.000000000
b 0.654545455 0.000000000
b 0.672727273 0.000000000
b 0.690909091 0.000000000
b 0.709090909 0.000000000
b 0.727272727 0.000000000
b 0.745454545 0.000000000
b 0.763636364 0.000000000
b 0.781818182 0.000000000
b 0.800000000 0.000000000
b 0.818181818 0.000000000
b 0.836363636 0.000000000
b 0.854545455 0.000000000
b 0.872727273 0.000000000
b 0.890909091 0.000000000
b 0.909090909 0.000000000
b 0.927272727 0.000000000
b 0.945454545 0.000000000
b 0.963636364 0.000000000
b 0.981818182 0.000000000
b 1.000000000 0.000000000
interior
i 0.125002147 0.125000000
i 0.250004295 0.125000000
i 0.375006442 0.125000000
i 0.500008589 0.125000000
i 0.625010736 0.125000000
i 0.750012884 0.125000000
i 0.875015031 0.125000000
i 0.125002147 0.250000000
i 0.250004295 0.250000000
i 0.375006442 0.250000000
i 0.500008589 0.250000000
i 0.625010736 0.250000000
i 0.750012884 0.250000000
i 0.875015031 0.250000000
i 0.125002147 0.375000000
i 0.250004295 0.375000000
i 0.375006442 0.375000000
i 0.500008589 0.375000000
i 0.625010736 0.375000000
i 0.750012884 0.375000000
i 0.875015031 0.375000000
i 0.125002147 0.500000000
i 0.250004295 0.500000000
i 0.375006442 0.500000000
i 0.500008589 0.500000000
i 0.625010736 0.500000000
i 0.750012884 0.500000000
i 0.875015031 0.500000000
i 0.125002147 0.625000000
i 0.250004295 0.625000000
i 0.375006442 0.625000000
i 0.500008589 0.625000000
i 0.625010736 0.625000000
i 0.750012884 0.625000000
i 0.875015031 0.625000000
i 0.125002147 0.750000000
i 0.250004295 0.750000000
i 0.375006442 0.750000000
i 0.500008589 0.750000000
i 0.625010736 0.750000000
i 0.750012884 0.750000000
i 0.875015031 0.750000000
i 0.125002147 0.875000000
i 0.250004295 0.875000000
i 0.375006442 0.875000000
i 0.500008589 0.875000000
i 0.625010736 0.875000000
i 0.750012884 0.875000000
i 0.875015031 0.875000000
i 0.062501074 0.062500000
i 0.062501074 0.187500000
i 0.062501074 0.312500000
i 0.062501074 0.437500000
i 0.062501074 0.562500000
i 0.062501074 0.687500000
i 0.062501074 0.812500000
i 0.062501074 0.937500000
i 0.187503221 0.062500000
i 0.187503221 0.187500000
i 0.187503221 0.312500000
i 0.187503221 0.437500000
i 0.187503221 0.562500000
i 0.187503221 0.687500000
i 0.187503221 0.812500000
i 0.187503221 0.937500000
i 0.312505368 0.062500000
i 0.312505368 0.187500000
i 0.312505368 0.312500000
i 0.312505368 0.437500000
i 0.312505368 0.562500000
i 0.312505368 0.687500000
i 0.312505368 0.812500000
i 0.312505368 0.937500000
i 0.437507515 0.062500000
i 0.437507515 0.187500000
i 0.437507515 0.312500000
i 0.437507515 0.437500000
i 0.437507515 0.562500000
i 0.437507515 0.687500000
i 0.437507515 0.812500000
i 0.437507515 0.937500000
i 0.562509663 0.062500000
i 0.562509663 0.187500000
i 0.562509663 0.312500000
i 0.562509663 0.437500000
i 0.562509663 0.562500000
i 0.562509663 0.687500000
i 0.562509663 0.812500000
i 0.562509663 0.937500000
i 0.687511810 0.062500000
i 0.687511810 0.187500000
i 0.687511810 0.312500000
i 0.687511810 0.437500000
i 0.687511810 0.562500000
i 0.687511810 0.687500000
i 0.687511810 0.812500000
i 0.687511810 0.937500000
i 0.812513957 0.062500000
i 0.812513957 0.187500000
i 0.812513957 0.312500000
i 0.812513957 0.437500000
i 0.812513957 0.562500000
i 0.812513957 0.687500000
i 0.812513957 0.812500000
i 0.812513957 0.937500000
i 0.937516105 0.062500000
i 0.937516105 0.187500000
i 0.937516105 0.312500000
i 0.937516105 0.437500000
i 0.937516105 0.562500000
i 0.937516105 0.687500000
i 0.937516105 0.812500000
i 0.937516105 0.937500000
tris
t 148 146 147
t 148 145 146
t 148 144 145
t 148 143 144
t 148 142 143
t 148 141 142
t 148 140 141
t 148 139 140
t 203 0 1
t 203 1 2
t 203 2 3
t 203 3 4
t 203 4 5
t 203 5 6
t 203 6 7
t 203 7 8
t 203 8 9
t 203 9 10
t 203 10 11
t 203 11 12
t 148 317 139
t 148 149 317
t 149 318 317
t 149 319 318
t 149 150 319
t 150 320 319
t 150 321 320
t 150 151 321
t 151 322 321
t 151 323 322
t 151 152 323
t 152 324 323
t 152 325 324
t 152 153 325
t 153 326 325
t 153 327 326
t 153 154 327
t 154 328 327
t 154 329 328
t 154 155 329
t 155 330 329
t 155 331 330
t 155 156 331
t 156 332 331
t 156 333 332
t 156 157 333
t 157 334 333
t 157 335 334
t 157 158 335
t 158 336 335
t 158 337 336
t 158 159 337
t 159 338 337
t 159 339 338
t 159 160 339
t 160 340 339
t 160 341 340
t 160 161 341
t 161 342 341
t 161 343 342
t 161 162 343
t 162 344 343
t 162 345 344
t 162 163 345
t 163 346 345
t 163 347 346
t 163 164 347
t 164 348 347
t 164 349 348
t 164 165 349
t 165 350 349
t 165 351 350
t 165 166 351
t 166 167 351
t 167 352 351
t 167 168 352
t 168 353 352
t 168 354 353
t 168 169 354
t 169 355 354
t 169 356 355
t 169 170 356
t 170 357 356
t 170 358 357
t 170 171 358
t 171 359 358
t 171 360 359
t 171 172 360
t 172 361 360
t 172 362 361
t 172 173 362
t 173 363 362
t 173 364 363
t 173 174 364
t 174 365 364
t 174 175 365
t 175 366 365
t 175 367 366
t 175 176 367
t 176 368 367
t 176 177 368
t 177 369 368
t 177 178 369
t 178 370 369
t 178 371 370
t 178 179 371
t 179 372 371
t 179 373 372
t 179 180 373
t 180 374 373
t 180 375 374
t 180 181 375
t 181 376 375
t 181 377 376
t 181 182 377
t 182 378 377
t 182 379 378
t 182 183 379
t 183 380 379
t 183 381 380
t 183 184 381
t 184 185 381
t 185 382 381
t 185 186 382
t 186 383 382
t 186 384 383
t 186 187 384
t 187 385 384
t 187 386 385
t 187 188 386
t 188 387 386
t 188 388 387
t 188 189 388
t 189 389 388
t 189 390 389
t 189 190 390
t 190 391 390
t 190 392 391
t 190 191 392
t 191 393 392
t 191 394 393
t 191 192 394
t 192 395 394
t 192 396 395
t 192 193 396
t 193 397 396
t 193 398 397
t 193 194 398
t 194 399 398
t 194 400 399
t 194 195 400
t 195 401 400
t 195 402 401
t 195 196 402
t 196 403 402
t 196 404 403
t 196 197 404
t 197 405 404
t 197 406 405
t 197 198 406
t 198 407 406
t 198 408 407
t 198 199 408
t 199 409 408
t 199 410 409
t 199 200 410
t 200 411 410
t 200 412 411
t 200 201 412
t 201 413 412
t 201 414 413
t 201 202 414
t 202 415 414
t 202 416 415
t 202 417 416
t 202 418 417
t 202 419 418
t 202 420 419
t 202 421 420
t 202 422 421
t 202 12 422
t 202 203 12
t 139 137 138
t 139 136 137
t 139 135 136
t 139 134 135
t 139 133 134
t 139 132 133
t 139 131 132
t 139 130 131
t 139 129 130
t 12 13 14
t 12 14 15
t 12 15 16
t 12 16 17
t 12 17 18
t 12 18 19
t 12 19 20
t 12 20 21
t 12 21 22
t 12 22 23
t 12 23 24
t 12 24 25
t 12 25 26
t 139 317 129
t 317 423 129
t 317 318 423
t 318 424 423
t 318 319 424
t 319 425 424
t 319 320 425
t 320 426 425
t 320 321 426
t 321 427 426
t 321 322 427
t 322 428 427
t 322 323 428
t 323 429 428
t 323 324 429
t 324 430 429
t 324 325 430
t 325 431 430
t 325 326 431
t 326 432 431
t 326 327 432
t 327 433 432
t 327 328 433
t 328 434 433
t 328 329 434
t 329 435 434
t 329 330 435
t 330 436 435
t 330 331 436
t 331 437 436
t 331 332 437
t 332 438 437
t 332 333 438
t 333 439 438
t 333 334 439
t 334 440 439
t 334 335 440
t 335 441 440
t 335 336 441
t 336 442 441
t 336 337 442
t 337 443 442
t 337 338 443
t 338 444 443
t 338 339 444
t 339 445 444
t 339 340 445
t 340 446 445
t 340 341 446
t 341 447 446
t 341 342 447
t 342 448 447
t 342 343 448
t 343 449 448
t 343 344 449
t 344 450 449
t 344 345 450
t 345 451 450
t 345 346 451
t 346 452 451
t 346 347 452
t 347 453 452
t 347 348 453
t 348 454 453
t 348 349 454
t 349 455 454
t 349 350 455
t 350 456 455
t 350 351 456
t 351 457 456
t 351 352 457
t 352 458 457
t 352 353 458
t 353 459 458
t 353 354 459
t 354 460 459
t 354 355 460
t 355 461 460
t 355 356 461
t 356 462 461
t 356 357 462
t 357 463 462
t 357 358 463
t 358 464 463
t 358 359 464
t 359 465 464
t 359 360 465
t 360 466 465
t 360 361 466
t 361 467 466
t 361 362 467
t 362 468 467
t 362 363 468
t 363 469 468
t 363 364 469
t 364 470 469
t 364 365 470
t 365 471 470
t 365 366 471
t 366 472 471
t 366 367 472
t 367 473 472
t 367 368 473
t 368 474 473
t 368 369 474
t 369 475 474
t 369 370 475
t 370 476 475
t 370 371 476
t 371 477 476
t 371 372 477
t 372 478 477
t 372 373 478
t 373 479 478
t 373 374 479
t 374 480 479
t 374 375 480
t 375 481 480
t 375 376 481
t 376 482 481
t 376 377 482
t 377 483 482
t 377 378 483
t 378 484 483
t 378 379 484
t 379 485 484
t 379 380 485
t 380 486 485
t 380 381 486
t 381 487 486
t 381 382 487
t 382 488 487
t 382 383 488
t 383 489 488
t 383 384 489
t 384 490 489
t 384 385 490
t 385 491 490
t 385 386 491
t 386 492 491
t 386 387 492
t 387 493 492
t 387 388 493
t 388 494 493
t 388 389 494
t 389 495 494
t 389 390 495
t 390 496 495
t 390 391 496
t 391 497 496
t 391 392 497
t 392 498 497
t 392 393 498
t 393 499 498
t 393 394 499
t 394 500 499
t 394 395 500
t 395 501 500
t 395 396 501
t 396 502 501
t 396 397 502
t 397 503 502
t 397 398 503
t 398 504 503
t 398 399 504
t 399 505 504
t 399 400 505
t 400 506 505
t 400 401 506
t 401 507 506
t 401 402 507
t 402 508 507
t 402 403 508
t 403 509 508
t 403 404 509
t 404 510 509
t 404 405 510
t 405 511 510
t 405 406 511
t 406 512 511
t 406 407 512
t 407 513 512
t 407 408 513
t 408 514 513
t 408 409 514
t 409 515 514
t 409 410 515
t 410 516 515
t 410 411 516
t 411 517 516
t 411 412 517
t 412 518 517
t 412 413 518
t 413 519 518
t 413 414 519
t 414 520 519
t 414 415 520
t 415 521 520
t 415 416 521
t 416 522 521
t 416 417 522
t 417 523 522
t 417 418 523
t 418 524 523
t 418 419 524
t 419 525 524
t 419 420 525
t 420 526 525
t 420 421 526
t 421 527 526
t 421 422 527
t 422 528 527
t 422 529 528
t 422 12 529
t 12 530 529
t 12 531 530
t 12 532 531
t 12 533 532
t 12 534 533
t 12 26 534
t 129 127 128
t 129 126 127
t 129 125 126
t 129 124 125
t 26 27 28
t 26 28 29
t 26 29 30
t 26 30 31
t 26 31 32
t 26 32 33
t 129 423 124
t 423 535 124
t 423 424 535
t 424 536 535
t 424 425 536
t 425 537 536
t 425 426 537
t 426 538 537
t 426 427 538
t 427 539 538
t 427 428 539
t 428 540 539
t 428 429 540
t 429 541 540
t 429 430 541
t 430 542 541
t 430 431 542
t 431 543 542
t 431 432 543
t 432 544 543
t 432 433 544
t 433 545 544
t 433 434 545
t 434 546 545
t 434 435 546
t 435 547 546
t 435 436 547
t 436 548 547
t 436 437 548
t 437 549 548
t 437 438 549
t 438 550 549
t 438 439 550
t 439 551 550
t 439 440 551
t 440 552 551
t 440 441 552
t 441 553 552
t 441 442 553
t 442 554 553
t 442 443 554
t 443 555 554
t 443 444 555
t 444 556 555
t 444 445 556
t 445 557 556
t 445 446 557
t 446 558 557
t 446 447 558
t 447 559 558
t 447 448 559
t 448 560 559
t 448 449 560
t 449 561 560
t 449 450 561
t 450 562 561
t 450 451 562
t 451 563 562
t 451 452 563
t 452 564 563
t 452 453 564
t 453 565 564
t 453 454 565
t 454 566 565
t 454 455 566
t 455 567 566
t 455 456 567
t 456 568 567
t 456 457 568
t 457 569 568
t 457 458 569
t 458 570 569
t 458 459 570
t 459 571 570
t 459 460 571
t 460 572 571
t 460 461 572
t 461 573 572
t 461 462 573
t 462 574 573
t 462 463 574
t 463 575 574
t 463 464 575
t 464 576 575
t 464 465 576
t 465 577 576
t 465 466 577
t 466 578 577
t 466 467 578
t 467 579 578
t 467 468 579
t 468 580 579
t 468 469 580
t 469 581 580
t 469 470 581
t 470 582 581
t 470 471 582
t 471 583 582
t 471 472 583
t 472 584 583
t 472 473 584
t 473 585 584
t 473 474 585
t 474 586 585
t 474 475 586
t 475 587 586
t 475 476 587
t 476 588 587
t 476 477 588
t 477 589 588
t 477 478 589
t 478 590 589
t 478 479 590
t 479 591 590
t 479 480 591
t 480 592 591
t 480 481 592
t 481 593 592
t 481 482 593
t 482 594 593
t 482 483 594
t 483 595 594
t 483 484 595
t 484 596 595
t 484 485 596
t 485 597 596
t 485 486 597
t 486 598 597
t 486 487 598
t 487 599 598
t 487 488 599
t 488 600 599
t 488 489 600
t 489 601 600
t 489 490 601
t 490 602 601
t 490 491 602
t 491 603 602
t 491 492 603
t 492 604 603
t 492 493 604
t 493 605 604
t 493 494 605
t 494 606 605
t 494 495 606
t 495 607 606
t 495 496 607
t 496 608 607
t 496 497 608
t 497 609 608
t 497 498 609
t 498 610 609
t 498 499 610
t 499 611 610
t 499 500 611
t 500 612 611
t 500 501 612
t 501 613 612
t 501 502 613
t 502 614 613
t 502 503 614
t 503 615 614
t 503 504 615
t 504 616 615
t 504 505 616
t 505 617 616
t 505 506 617
t 506 618 617
t 506 507 618
t 507 619 618
t 507 508 619
t 508 620 619
t 508 509 620
t 509 621 620
t 509 510 621
t 510 622 621
t 510 511 622
t 511 623 622
t 511 512 623
t 512 624 623
t 512 513 624
t 513 625 624
t 513 514 625
t 514 626 625
t 514 515 626
t 515 627 626
t 515 516 627
t 516 628 627
t 516 517 628
t 517 629 628
t 517 518 629
t 518 630 629
t 518 519 630
t 519 631 630
t 519 520 631
t 520 632 631
t 520 521 632
t 521 633 632
t 521 522 633
t 522 634 633
t 522 523 634
t 523 635 634
t 523 524 635
t 524 33 635
t 524 525 33
t 525 526 33
t 526 527 33
t 527 528 33
t 528 529 33
t 529 530 33
t 530 531 33
t 531 532 33
t 532 533 33
t 533 534 33
t 534 26 33
t 124 122 123
t 124 121 122
t 124 120 121
t 124 119 120
t 33 34 35
t 33 35 36
t 33 36 37
t 33 37 38
t 33 38 39
t 33 39 40
t 124 535 119
t 535 636 119
t 535 536 636
t 536 637 636
t 536 537 637
t 537 638 637
t 537 538 638
t 538 639 638
t 538 539 639
t 539 640 639
t 539 540 640
t 540 641 640
t 540 541 641
t 541 642 641
t 541 542 642
t 542 643 642
t 542 543 643
t 543 644 643
t 543 544 644
t 544 645 644
t 544 545 645
t 545 646 645
t 545 546 646
t 546 647 646
t 546 547 647
t 547 648 647
t 547 548 648
t 548 649 648
t 548 549 649
t 549 650 649
t 549 550 650
t 550 651 650
t 550 551 651
t 551 652 651
t 551 552 652
t 552 653 652
t 552 553 653
t 553 654 653
t 553 554 654
t 554 655 654
t 554 555 655
t 555 656 655
t 555 556 656
t 556 657 656
t 556 557 657
t 557 658 657
t 557 558 658
t 558 659 658
t 558 559 659
t 559 660 659
t 559 560 660
t 560 661 660
t 560 561 661
t 561 662 661
t 561 562 662
t 562 663 662
t 562 563 663
t 563 664 663
t 563 564 664
t 564 665 664
t 564 565 665
t 565 666 665
t 565 566 666
t 566 667 666
t 566 567 667
t 567 668 667
t 567 568 668
t 568 669 668
t 568 569 669
t 569 670 669
t 569 570 670
t 570 671 670
t 570 571 671
t 571 672 671
t 571 572 672
t 572 673 672
t 572 573 673
t 573 674 673
t 573 574 674
t 574 675 674
t 574 575 675
t 575 676 675
t 575 576 676
t 576 677 676
t 576 577 677
t 577 678 677
t 577 578 678
t 578 679 678
t 578 579 679
t 579 680 679
t 579 580 680
t 580 681 680
t 580 581 681
t 581 682 681
t 581 582 682
t 582 683 682
t 582 583 683
t 583 684 683
t 583 584 684
t 584 685 684
t 584 585 685
t 585 686 685
t 585 586 686
t 586 687 686
t 586 587 687
t 587 688 687
t 587 588 688
t 588 689 688
t 588 589 689
t 589 690 689
t 589 590 690
t 590 691 690
t 590 591 691
t 591 692 691
t 591 592 692
t 592 693 692
t 592 593 693
t 593 694 693
t 593 594 694
t 594 695 694
t 594 595 695
t 595 696 695
t 595 596 696
t 596 697 696
t 596 597 697
t 597 698 697
t 597 598 698
t 598 699 698
t 598 599 699
t 599 700 699
t 599 600 700
t 600 701 700
t 600 601 701
t 601 702 701
t 601 602 702
t 602 703 702
t 602 603 703
t 603 704 703
t 603 604 704
t 604 705 704
t 604 605 705
t 605 706 705
t 605 606 706
t 606 707 706
t 606 607 707
t 607 708 707
t 607 608 708
t 608 709 708
t 608 609 709
t 609 710 709
t 609 610 710
t 610 711 710
t 610 611 711
t 611 712 711
t 611 612 712
t 612 713 712
t 612 613 713
t 613 714 713
t 613 614 714
t 614 715 714
t 614 615 715
t 615 716 715
t 615 616 716
t 616 717 716
t 616 617 717
t 617 718 717
t 617 618 718
t 618 719 718
t 618 619 719
t 619 720 719
t 619 620 720
t 620 721 720
t 620 621 721
t 621 722 721
t 621 622 722
t 622 723 722
t 622 623 723
t 623 724 723
t 623 624 724
t 624 725 724
t 624 625 725
t 625 726 725
t 625 626 726
t 626 727 726
t 626 627 727
t 627 728 727
t 627 628 728
t 628 729 728
t 628 629 729
t 629 730 729
t 629 630 730
t 630 731 730
t 630 631 731
t 631 732 731
t 631 632 732
t 632 733 732
t 632 633 733
t 633 734 733
t 633 634 734
t 634 735 734
t 634 635 735
t 635 736 735
t 635 33 736
t 33 737 736
t 33 738 737
t 33 739 738
t 33 740 739
t 33 741 740
t 33 742 741
t 33 743 742
t 33 744 743
t 33 745 744
t 33 746 745
t 33 747 746
t 33 748 747
t 33 40 748
t 119 117 118
t 119 116 117
t 119 115 116
t 119 114 115
t 40 41 42
t 40 42 43
t 40 43 44
t 40 44 45
t 40 45 46
t 40 46 47
t 119 636 114
t 636 749 114
t 636 637 749
t 637 750 749
t 637 638 750
t 638 751 750
t 638 639 751
t 639 752 751
t 639 640 752
t 640 753 752
t 640 641 753
t 641 754 753
t 641 642 754
t 642 755 754
t 642 643 755
t 643 756 755
t 643 644 756
t 644 757 756
t 644 645 757
t 645 758 757
t 645 646 758
t 646 759 758
t 646 647 759
t 647 760 759
t 647 648 760
t 648 761 760
t 648 649 761
t 649 762 761
t 649 650 762
t 650 763 762
t 650 651 763
t 651 764 763
t 651 652 764
t 652 765 764
t 652 653 765
t 653 766 765
t 653 654 766
t 654 767 766
t 654 655 767
t 655 768 767
t 655 656 768
t 656 769 768
t 656 657 769
t 657 770 769
t 657 658 770
t 658 771 770
t 658 659 771
t 659 772 771
t 659 660 772
t 660 773 772
t 660 661 773
t 661 774 773
t 661 662 774
t 662 775 774
t 662 663 775
t 663 776 775
t 663 664 776
t 664 777 776
t 664 665 777
t 665 778 777
t 665 666 778
t 666 779 778
t 666 667 779
t 667 780 779
t 667 668 780
t 668 781 780
t 668 669 781
t 669 782 781
t 669 670 782
t 670 783 782
t 670 671 783
t 671 784 783
t 671 672 784
t 672 785 784
t 672 673 785
t 673 786 785
t 673 674 786
t 674 787 786
t 674 675 787
t 675 788 787
t 675 676 788
t 676 789 788
t 676 677 789
t 677 790 789
t 677 678 790
t 678 791 790
t 678 679 791
t 679 792 791
t 679 680 792
t 680 793 792
t 680 681 793
t 681 794 793
t 681 682 794
t 682 795 794
t 682 683 795
t 683 796 795
t 683 684 796
t 684 797 796
t 684 685 797
t 685 798 797
t 685 686 798
t 686 799 798
t 686 687 799
t 687 800 799
t 687 688 800
t 688 801 800
t 688 689 801
t 689 802 801
t 689 690 802
t 690 803 802
t 690 691 803
t 691 804 803
t 691 692 804
t 692 805 804
t 692 693 805
t 693 806 805
t 693 694 806
t 694 807 806
t 694 695 807
t 695 808 807
t 695 696 808
t 696 809 808
t 696 697 809
t 697 810 809
t 697 698 810
t 698 811 810
t 698 699 811
t 699 812 811
t 699 700 812
t 700 813 812
t 700 701 813
t 701 814 813
t 701 702 814
t 702 815 814
t 702 703 815
t 703 816 815
t 703 704 816
t 704 817 816
t 704 705 817
t 705 818 817
t 705 706 818
t 706 819 818
t 706 707 819
t 707 820 819
t 707 708 820
t 708 821 820
t 708 709 821
t 709 822 821
t 709 710 822
t 710 823 822
t 710 711 823
t 711 824 823
t 711 712 824
t 712 825 824
t 712 713 825
t 713 826 825
t 713 714 826
t 714 827 826
t 714 715 827
t 715 828 827
t 715 716 828
t 716 829 828
t 716 717 829
t 717 830 829
t 717 718 830
t 718 831 830
t 718 719 831
t 719 832 831
t 719 720 832
t 720 833 832
t 720 721 833
t 721 834 833
t 721 722 834
t 722 835 834
t 722 723 835
t 723 836 835
t 723 724 836
t 724 837 836
t 724 725 837
t 725 838 837
t 725 726 838
t 726 839 838
t 726 727 839
t 727 840 839
t 727 728 840
t 728 841 840
t 728 729 841
t 729 842 841
t 729 730 842
t 730 843 842
t 730 731 843
t 731 844 843
t 731 732 844
t 732 845 844
t 732 733 845
t 733 846 845
t 733 734 846
t 734 847 846
t 734 735 847
t 735 848 847
t 735 736 848
t 736 849 848
t 736 737 849
t 737 850 849
t 737 738 850
t 738 851 850
t 738 739 851
t 739 852 851
t 739 740 852
t 740 853 852
t 740 741 853
t 741 854 853
t 741 742 854
t 742 855 854
t 742 743 855
t 743 47 855
t 743 744 47
t 744 745 47
t 745 746 47
t 746 747 47
t 747 748 47
t 748 40 47
t 114 112 113
t 114 111 112
t 114 110 111
t 114 109 110
t 47 48 49
t 47 49 50
t 47 50 51
t 47 51 52
t 47 52 53
t 47 53 54
t 114 749 109
t 749 108 109
t 749 750 108
t 750 751 108
t 751 107 108
t 751 752 107
t 752 753 107
t 753 106 107
t 753 754 106
t 754 755 106
t 755 105 106
t 755 756 105
t 756 757 105
t 757 104 105
t 757 758 104
t 758 759 104
t 759 103 104
t 759 760 103
t 760 761 103
t 761 102 103
t 761 762 102
t 762 763 102
t 763 101 102
t 763 764 101
t 764 765 101
t 765 100 101
t 765 766 100
t 766 767 100
t 767 99 100
t 767 768 99
t 768 769 99
t 769 98 99
t 769 770 98
t 770 771 98
t 771 97 98
t 771 772 97
t 772 773 97
t 773 96 97
t 773 774 96
t 774 775 96
t 775 95 96
t 775 776 95
t 776 777 95
t 777 94 95
t 777 778 94
t 778 779 94
t 779 93 94
t 779 780 93
t 780 781 93
t 781 92 93
t 781 782 92
t 782 783 92
t 783 91 92
t 783 784 91
t 784 90 91
t 784 785 90
t 785 786 90
t 786 89 90
t 786 787 89
t 787 788 89
t 788 88 89
t 788 789 88
t 789 790 88
t 790 87 88
t 790 791 87
t 791 792 87
t 792 86 87
t 792 793 86
t 793 794 86
t 794 85 86
t 794 795 85
t 795 796 85
t 796 84 85
t 796 797 84
t 797 83 84
t 797 798 83
t 798 82 83
t 798 799 82
t 799 81 82
t 799 800 81
t 800 80 81
t 800 801 80
t 801 79 80
t 801 802 79
t 802 803 79
t 803 78 79
t 803 804 78
t 804 805 78
t 805 77 78
t 805 806 77
t 806 807 77
t 807 76 77
t 807 808 76
t 808 809 76
t 809 75 76
t 809 810 75
t 810 811 75
t 811 74 75
t 811 812 74
t 812 813 74
t 813 73 74
t 813 814 73
t 814 72 73
t 814 815 72
t 815 816 72
t 816 71 72
t 816 817 71
t 817 818 71
t 818 70 71
t 818 819 70
t 819 820 70
t 820 69 70
t 820 821 69
t 821 822 69
t 822 68 69
t 822 823 68
t 823 824 68
t 824 67 68
t 824 825 67
t 825 826 67
t 826 66 67
t 826 827 66
t 827 828 66
t 828 65 66
t 828 829 65
t 829 830 65
t 830 64 65
t 830 831 64
t 831 832 64
t 832 63 64
t 832 833 63
t 833 834 63
t 834 62 63
t 834 835 62
t 835 836 62
t 836 61 62
t 836 837 61
t 837 838 61
t 838 60 61
t 838 839 60
t 839 840 60
t 840 59 60
t 840 841 59
t 841 842 59
t 842 58 59
t 842 843 58
t 843 844 58
t 844 57 58
t 844 845 57
t 845 846 57
t 846 56 57
t 846 847 56
t 847 848 56
t 848 55 56
t 848 849 55
t 849 850 55
t 850 851 55
t 851 852 55
t 852 853 55
t 853 854 55
t 854 855 55
t 855 47 55
t 47 54 55
