type=Nurbs forward=true n_boundary=172 n_holes=0 n_interior=348 n_tris=1586 label=brep62542_f255_Nurbs(deg=3/3, cps=4x8)
boundary
b 0.863752548 0.998734215
b 0.837517447 0.998734217
b 0.811536212 0.998734222
b 0.785787120 0.998734231
b 0.760249160 0.998734243
b 0.734901960 0.998734258
b 0.709725716 0.998734277
b 0.684701132 0.998734300
b 0.659809356 0.998734326
b 0.635031922 0.998734355
b 0.610350692 0.998734388
b 0.585747806 0.998734425
b 0.561205627 0.998734465
b 0.536706689 0.998734508
b 0.512233651 0.998734556
b 0.487769242 0.998734607
b 0.463296217 0.998734661
b 0.438797307 0.998734719
b 0.414255169 0.998734780
b 0.389652338 0.998734844
b 0.364971178 0.998734912
b 0.340193827 0.998734983
b 0.315302149 0.998735057
b 0.290277679 0.998735134
b 0.265101564 0.998735213
b 0.239754507 0.998735296
b 0.214216707 0.998735381
b 0.188467792 0.998735468
b 0.162486750 0.998735557
b 0.136251859 0.998735649
b 0.109740587 0.998735308
b 0.109740347 0.979657577
b 0.109739750 0.960621499
b 0.109738909 0.941626755
b 0.109737923 0.922673047
b 0.109736882 0.903760096
b 0.109735868 0.884887644
b 0.109734948 0.866055450
b 0.109734182 0.847263296
b 0.109733620 0.828510981
b 0.109733297 0.809798322
b 0.109733241 0.791125158
b 0.109733468 0.772491344
b 0.109733980 0.753896756
b 0.109734770 0.735341287
b 0.109735819 0.716824849
b 0.109737092 0.698347373
b 0.109738546 0.679908805
b 0.109740122 0.661509111
b 0.109741755 0.643148228
b 0.109743385 0.624825585
b 0.109744941 0.606540290
b 0.109746358 0.588291450
b 0.109747582 0.570078183
b 0.109748567 0.551899616
b 0.109749281 0.533754882
b 0.109749698 0.515643126
b 0.109749808 0.497563501
b 0.109749608 0.479515174
b 0.109749109 0.461497320
b 0.109748332 0.443509125
b 0.109747309 0.425549789
b 0.109746085 0.407618524
b 0.109744717 0.389714553
b 0.109743272 0.371837116
b 0.109741831 0.353985462
b 0.109740484 0.336158859
b 0.109739337 0.318356591
b 0.109738488 0.300578149
b 0.109737911 0.282823273
b 0.109737561 0.265091723
b 0.109737397 0.247383270
b 0.109737383 0.229697691
b 0.109737484 0.212034770
b 0.109737672 0.194394304
b 0.109737922 0.176776094
b 0.109738209 0.159179953
b 0.109738517 0.141605701
b 0.109738826 0.124053167
b 0.109739125 0.106522191
b 0.109739401 0.089012619
b 0.109739645 0.071524308
b 0.109739848 0.054057125
b 0.109740006 0.036610944
b 0.109740112 0.019185649
b 0.109740162 0.001781134
b 0.134278699 0.001781144
b 0.158579200 0.001781144
b 0.182659569 0.001781144
b 0.206537119 0.001781144
b 0.230228631 0.001781144
b 0.253750404 0.001781144
b 0.277118300 0.001781144
b 0.300347788 0.001781144
b 0.323453992 0.001781144
b 0.346451723 0.001781144
b 0.369355526 0.001781144
b 0.392179715 0.001781144
b 0.414938405 0.001781144
b 0.437645557 0.001781144
b 0.460315001 0.001781144
b 0.482960480 0.001781144
b 0.505595677 0.001781144
b 0.528234250 0.001781144
b 0.550889866 0.001781144
b 0.573576233 0.001781143
b 0.596307133 0.001781143
b 0.619096456 0.001781143
b 0.641958235 0.001781143
b 0.664906679 0.001781143
b 0.687956211 0.001781143
b 0.711121504 0.001781143
b 0.734417519 0.001781143
b 0.757859543 0.001781142
b 0.781463237 0.001781142
b 0.805244670 0.001781142
b 0.829220376 0.001781141
b 0.829240428 0.019070926
b 0.829300003 0.036391196
b 0.829399336 0.053741437
b 0.829538651 0.071121148
b 0.829718155 0.088529838
b 0.829938047 0.105967034
b 0.830198514 0.123432274
b 0.830499734 0.140925112
b 0.830841878 0.158445115
b 0.831225109 0.175991866
b 0.831649585 0.193564962
b 0.832115460 0.211164016
b 0.832622884 0.228788656
b 0.833172005 0.246438525
b 0.833762971 0.264113283
b 0.834395929 0.281812606
b 0.835071030 0.299536184
b 0.835788427 0.317283727
b 0.836548219 0.335055015
b 0.837349988 0.352850570
b 0.838193074 0.370671433
b 0.839076880 0.388518685
b 0.840000882 0.406393439
b 0.840964624 0.424296836
b 0.841967723 0.442230049
b 0.843009870 0.460194280
b 0.844090828 0.478190758
b 0.845210439 0.496220742
b 0.846368620 0.514285519
b 0.847565370 0.532386402
b 0.848800766 0.550524731
b 0.850074968 0.568701872
b 0.851388222 0.586919219
b 0.852740858 0.605178189
b 0.854133295 0.623480226
b 0.855566042 0.641826795
b 0.857039694 0.660219377
b 0.858554591 0.678658637
b 0.860110545 0.697143974
b 0.861707282 0.715674710
b 0.863344487 0.734250197
b 0.865021809 0.752869828
b 0.866738864 0.771533028
b 0.868495231 0.790239262
b 0.870290463 0.808988033
b 0.872124080 0.827778882
b 0.873995580 0.846611390
b 0.875904434 0.865485179
b 0.877850094 0.884399913
b 0.879831990 0.903355297
b 0.881849536 0.922351078
b 0.883902133 0.941387048
b 0.885989167 0.960463041
b 0.888110016 0.979578936
b 0.890264050 0.998734657
interior
i 0.207299593 0.126400448
i 0.304865944 0.126400448
i 0.402432295 0.126400448
i 0.499998646 0.126400448
i 0.597564997 0.126400448
i 0.695131348 0.126400448
i 0.792697699 0.126400448
i 0.207299593 0.251019763
i 0.304865944 0.251019763
i 0.402432295 0.251019763
i 0.499998646 0.251019763
i 0.597564997 0.251019763
i 0.695131348 0.251019763
i 0.792697699 0.251019763
i 0.207299593 0.375639077
i 0.304865944 0.375639077
i 0.402432295 0.375639077
i 0.499998646 0.375639077
i 0.597564997 0.375639077
i 0.695131348 0.375639077
i 0.792697699 0.375639077
i 0.207299593 0.500258391
i 0.304865944 0.500258391
i 0.402432295 0.500258391
i 0.499998646 0.500258391
i 0.597564997 0.500258391
i 0.695131348 0.500258391
i 0.792697699 0.500258391
i 0.207299593 0.624877706
i 0.304865944 0.624877706
i 0.402432295 0.624877706
i 0.499998646 0.624877706
i 0.597564997 0.624877706
i 0.695131348 0.624877706
i 0.792697699 0.624877706
i 0.207299593 0.749497020
i 0.304865944 0.749497020
i 0.402432295 0.749497020
i 0.499998646 0.749497020
i 0.597564997 0.749497020
i 0.695131348 0.749497020
i 0.792697699 0.749497020
i 0.207299593 0.874116334
i 0.304865944 0.874116334
i 0.402432295 0.874116334
i 0.499998646 0.874116334
i 0.597564997 0.874116334
i 0.695131348 0.874116334
i 0.792697699 0.874116334
i 0.158516417 0.064090791
i 0.134124829 0.032935963
i 0.182908005 0.032935963
i 0.134124829 0.095245620
i 0.182908005 0.095245620
i 0.158516417 0.188710106
i 0.134124829 0.157555277
i 0.182908005 0.157555277
i 0.134124829 0.219864934
i 0.182908005 0.219864934
i 0.158516417 0.313329420
i 0.134124829 0.282174591
i 0.182908005 0.282174591
i 0.134124829 0.344484248
i 0.182908005 0.344484248
i 0.158516417 0.437948734
i 0.134124829 0.406793906
i 0.182908005 0.406793906
i 0.134124829 0.469103563
i 0.182908005 0.469103563
i 0.158516417 0.562568048
i 0.134124829 0.531413220
i 0.182908005 0.531413220
i 0.134124829 0.593722877
i 0.182908005 0.593722877
i 0.158516417 0.687187363
i 0.134124829 0.656032534
i 0.182908005 0.656032534
i 0.134124829 0.718342191
i 0.182908005 0.718342191
i 0.158516417 0.811806677
i 0.134124829 0.780651849
i 0.182908005 0.780651849
i 0.134124829 0.842961506
i 0.182908005 0.842961506
i 0.158516417 0.936425991
i 0.134124829 0.905271163
i 0.182908005 0.905271163
i 0.134124829 0.967580820
i 0.182908005 0.967580820
i 0.256082768 0.064090791
i 0.231691180 0.032935963
i 0.280474356 0.032935963
i 0.231691180 0.095245620
i 0.280474356 0.095245620
i 0.256082768 0.188710106
i 0.231691180 0.157555277
i 0.280474356 0.157555277
i 0.231691180 0.219864934
i 0.280474356 0.219864934
i 0.256082768 0.313329420
i 0.231691180 0.282174591
i 0.280474356 0.282174591
i 0.231691180 0.344484248
i 0.280474356 0.344484248
i 0.256082768 0.437948734
i 0.231691180 0.406793906
i 0.280474356 0.406793906
i 0.231691180 0.469103563
i 0.280474356 0.469103563
i 0.256082768 0.562568048
i 0.231691180 0.531413220
i 0.280474356 0.531413220
i 0.231691180 0.593722877
i 0.280474356 0.593722877
i 0.256082768 0.687187363
i 0.231691180 0.656032534
i 0.280474356 0.656032534
i 0.231691180 0.718342191
i 0.280474356 0.718342191
i 0.256082768 0.811806677
i 0.231691180 0.780651849
i 0.280474356 0.780651849
i 0.231691180 0.842961506
i 0.280474356 0.842961506
i 0.256082768 0.936425991
i 0.231691180 0.905271163
i 0.280474356 0.905271163
i 0.231691180 0.967580820
i 0.280474356 0.967580820
i 0.353649119 0.064090791
i 0.329257531 0.032935963
i 0.378040707 0.032935963
i 0.329257531 0.095245620
i 0.378040707 0.095245620
i 0.353649119 0.188710106
i 0.329257531 0.157555277
i 0.378040707 0.157555277
i 0.329257531 0.219864934
i 0.378040707 0.219864934
i 0.353649119 0.313329420
i 0.329257531 0.282174591
i 0.378040707 0.282174591
i 0.329257531 0.344484248
i 0.378040707 0.344484248
i 0.353649119 0.437948734
i 0.329257531 0.406793906
i 0.378040707 0.406793906
i 0.329257531 0.469103563
i 0.378040707 0.469103563
i 0.353649119 0.562568048
i 0.329257531 0.531413220
i 0.378040707 0.531413220
i 0.329257531 0.593722877
i 0.378040707 0.593722877
i 0.353649119 0.687187363
i 0.329257531 0.656032534
i 0.378040707 0.656032534
i 0.329257531 0.718342191
i 0.378040707 0.718342191
i 0.353649119 0.811806677
i 0.329257531 0.780651849
i 0.378040707 0.780651849
i 0.329257531 0.842961506
i 0.378040707 0.842961506
i 0.353649119 0.936425991
i 0.329257531 0.905271163
i 0.378040707 0.905271163
i 0.329257531 0.967580820
i 0.378040707 0.967580820
i 0.451215470 0.064090791
i 0.426823882 0.032935963
i 0.475607058 0.032935963
i 0.426823882 0.095245620
i 0.475607058 0.095245620
i 0.451215470 0.188710106
i 0.426823882 0.157555277
i 0.475607058 0.157555277
i 0.426823882 0.219864934
i 0.475607058 0.219864934
i 0.451215470 0.313329420
i 0.426823882 0.282174591
i 0.475607058 0.282174591
i 0.426823882 0.344484248
i 0.475607058 0.344484248
i 0.451215470 0.437948734
i 0.426823882 0.406793906
i 0.475607058 0.406793906
i 0.426823882 0.469103563
i 0.475607058 0.469103563
i 0.451215470 0.562568048
i 0.426823882 0.531413220
i 0.475607058 0.531413220
i 0.426823882 0.593722877
i 0.475607058 0.593722877
i 0.451215470 0.687187363
i 0.426823882 0.656032534
i 0.475607058 0.656032534
i 0.426823882 0.718342191
i 0.475607058 0.718342191
i 0.451215470 0.811806677
i 0.426823882 0.780651849
i 0.475607058 0.780651849
i 0.426823882 0.842961506
i 0.475607058 0.842961506
i 0.451215470 0.936425991
i 0.426823882 0.905271163
i 0.475607058 0.905271163
i 0.426823882 0.967580820
i 0.475607058 0.967580820
i 0.548781821 0.064090791
i 0.524390233 0.032935963
i 0.573173409 0.032935963
i 0.524390233 0.095245620
i 0.573173409 0.095245620
i 0.548781821 0.188710106
i 0.524390233 0.157555277
i 0.573173409 0.157555277
i 0.524390233 0.219864934
i 0.573173409 0.219864934
i 0.548781821 0.313329420
i 0.524390233 0.282174591
i 0.573173409 0.282174591
i 0.524390233 0.344484248
i 0.573173409 0.344484248
i 0.548781821 0.437948734
i 0.524390233 0.406793906
i 0.573173409 0.406793906
i 0.524390233 0.469103563
i 0.573173409 0.469103563
i 0.548781821 0.562568048
i 0.524390233 0.531413220
i 0.573173409 0.531413220
i 0.524390233 0.593722877
i 0.573173409 0.593722877
i 0.548781821 0.687187363
i 0.524390233 0.656032534
i 0.573173409 0.656032534
i 0.524390233 0.718342191
i 0.573173409 0.718342191
i 0.548781821 0.811806677
i 0.524390233 0.780651849
i 0.573173409 0.780651849
i 0.524390233 0.842961506
i 0.573173409 0.842961506
i 0.548781821 0.936425991
i 0.524390233 0.905271163
i 0.573173409 0.905271163
i 0.524390233 0.967580820
i 0.573173409 0.967580820
i 0.646348172 0.064090791
i 0.621956584 0.032935963
i 0.670739760 0.032935963
i 0.621956584 0.095245620
i 0.670739760 0.095245620
i 0.646348172 0.188710106
i 0.621956584 0.157555277
i 0.670739760 0.157555277
i 0.621956584 0.219864934
i 0.670739760 0.219864934
i 0.646348172 0.313329420
i 0.621956584 0.282174591
i 0.670739760 0.282174591
i 0.621956584 0.344484248
i 0.670739760 0.344484248
i 0.646348172 0.437948734
i 0.621956584 0.406793906
i 0.670739760 0.406793906
i 0.621956584 0.469103563
i 0.670739760 0.469103563
i 0.646348172 0.562568048
i 0.621956584 0.531413220
i 0.670739760 0.531413220
i 0.621956584 0.593722877
i 0.670739760 0.593722877
i 0.646348172 0.687187363
i 0.621956584 0.656032534
i 0.670739760 0.656032534
i 0.621956584 0.718342191
i 0.670739760 0.718342191
i 0.646348172 0.811806677
i 0.621956584 0.780651849
i 0.670739760 0.780651849
i 0.621956584 0.842961506
i 0.670739760 0.842961506
i 0.646348172 0.936425991
i 0.621956584 0.905271163
i 0.670739760 0.905271163
i 0.621956584 0.967580820
i 0.670739760 0.967580820
i 0.743914523 0.064090791
i 0.719522935 0.032935963
i 0.768306111 0.032935963
i 0.719522935 0.095245620
i 0.768306111 0.095245620
i 0.743914523 0.188710106
i 0.719522935 0.157555277
i 0.768306111 0.157555277
i 0.719522935 0.219864934
i 0.768306111 0.219864934
i 0.743914523 0.313329420
i 0.719522935 0.282174591
i 0.768306111 0.282174591
i 0.719522935 0.344484248
i 0.768306111 0.344484248
i 0.743914523 0.437948734
i 0.719522935 0.406793906
i 0.768306111 0.406793906
i 0.719522935 0.469103563
i 0.768306111 0.469103563
i 0.743914523 0.562568048
i 0.719522935 0.531413220
i 0.768306111 0.531413220
i 0.719522935 0.593722877
i 0.768306111 0.593722877
i 0.743914523 0.687187363
i 0.719522935 0.656032534
i 0.768306111 0.656032534
i 0.719522935 0.718342191
i 0.768306111 0.718342191
i 0.743914523 0.811806677
i 0.719522935 0.780651849
i 0.768306111 0.780651849
i 0.719522935 0.842961506
i 0.768306111 0.842961506
i 0.743914523 0.936425991
i 0.719522935 0.905271163
i 0.768306111 0.905271163
i 0.719522935 0.967580820
i 0.768306111 0.967580820
i 0.841480874 0.437948734
i 0.817089287 0.406793906
i 0.817089287 0.469103563
i 0.841480874 0.562568048
i 0.817089287 0.531413220
i 0.817089287 0.593722877
i 0.841480874 0.687187363
i 0.817089287 0.656032534
i 0.817089287 0.718342191
i 0.841480874 0.811806677
i 0.817089287 0.780651849
i 0.865872462 0.780651849
i 0.817089287 0.842961506
i 0.865872462 0.842961506
i 0.841480874 0.936425991
i 0.817089287 0.905271163
i 0.865872462 0.905271163
i 0.817089287 0.967580820
i 0.865872462 0.967580820
tris
t 85 83 84
t 85 82 83
t 85 81 82
t 85 80 81
t 85 79 80
t 85 78 79
t 116 117 118
t 116 118 119
t 116 119 120
t 116 120 121
t 116 121 122
t 116 122 123
t 85 520 78
t 85 521 520
t 85 522 521
t 85 523 522
t 85 524 523
t 85 525 524
t 85 526 525
t 85 527 526
t 85 86 527
t 86 528 527
t 86 529 528
t 86 87 529
t 87 530 529
t 87 531 530
t 87 88 531
t 88 532 531
t 88 533 532
t 88 89 533
t 89 534 533
t 89 535 534
t 89 90 535
t 90 536 535
t 90 537 536
t 90 91 537
t 91 538 537
t 91 539 538
t 91 92 539
t 92 540 539
t 92 541 540
t 92 93 541
t 93 542 541
t 93 543 542
t 93 94 543
t 94 544 543
t 94 545 544
t 94 95 545
t 95 546 545
t 95 547 546
t 95 96 547
t 96 548 547
t 96 549 548
t 96 97 549
t 97 550 549
t 97 551 550
t 97 98 551
t 98 552 551
t 98 99 552
t 99 553 552
t 99 554 553
t 99 100 554
t 100 555 554
t 100 556 555
t 100 101 556
t 101 557 556
t 101 558 557
t 101 102 558
t 102 559 558
t 102 560 559
t 102 103 560
t 103 561 560
t 103 562 561
t 103 104 562
t 104 563 562
t 104 564 563
t 104 105 564
t 105 565 564
t 105 566 565
t 105 106 566
t 106 567 566
t 106 568 567
t 106 107 568
t 107 569 568
t 107 570 569
t 107 108 570
t 108 571 570
t 108 572 571
t 108 109 572
t 109 573 572
t 109 574 573
t 109 110 574
t 110 575 574
t 110 576 575
t 110 111 576
t 111 577 576
t 111 112 577
t 112 578 577
t 112 579 578
t 112 113 579
t 113 580 579
t 113 581 580
t 113 114 581
t 114 582 581
t 114 583 582
t 114 115 583
t 115 584 583
t 115 585 584
t 115 116 585
t 116 586 585
t 116 587 586
t 116 588 587
t 116 589 588
t 116 590 589
t 116 591 590
t 116 592 591
t 116 123 592
t 78 76 77
t 78 75 76
t 78 74 75
t 78 73 74
t 78 72 73
t 78 71 72
t 123 124 125
t 123 125 126
t 123 126 127
t 123 127 128
t 123 128 129
t 123 129 130
t 78 593 71
t 78 594 593
t 78 520 594
t 520 595 594
t 520 521 595
t 521 596 595
t 521 522 596
t 522 597 596
t 522 523 597
t 523 598 597
t 523 524 598
t 524 599 598
t 524 525 599
t 525 600 599
t 525 526 600
t 526 601 600
t 526 527 601
t 527 602 601
t 527 528 602
t 528 603 602
t 528 529 603
t 529 604 603
t 529 530 604
t 530 605 604
t 530 531 605
t 531 606 605
t 531 532 606
t 532 607 606
t 532 533 607
t 533 608 607
t 533 534 608
t 534 609 608
t 534 535 609
t 535 610 609
t 535 536 610
t 536 611 610
t 536 537 611
t 537 612 611
t 537 538 612
t 538 613 612
t 538 539 613
t 539 614 613
t 539 540 614
t 540 615 614
t 540 541 615
t 541 616 615
t 541 542 616
t 542 617 616
t 542 543 617
t 543 618 617
t 543 544 618
t 544 619 618
t 544 545 619
t 545 620 619
t 545 546 620
t 546 621 620
t 546 547 621
t 547 622 621
t 547 548 622
t 548 623 622
t 548 549 623
t 549 624 623
t 549 550 624
t 550 625 624
t 550 551 625
t 551 626 625
t 551 552 626
t 552 627 626
t 552 553 627
t 553 628 627
t 553 554 628
t 554 629 628
t 554 555 629
t 555 630 629
t 555 556 630
t 556 631 630
t 556 557 631
t 557 632 631
t 557 558 632
t 558 633 632
t 558 559 633
t 559 634 633
t 559 560 634
t 560 635 634
t 560 561 635
t 561 636 635
t 561 562 636
t 562 637 636
t 562 563 637
t 563 638 637
t 563 564 638
t 564 639 638
t 564 565 639
t 565 640 639
t 565 566 640
t 566 641 640
t 566 567 641
t 567 642 641
t 567 568 642
t 568 643 642
t 568 569 643
t 569 644 643
t 569 570 644
t 570 645 644
t 570 571 645
t 571 646 645
t 571 572 646
t 572 647 646
t 572 573 647
t 573 648 647
t 573 574 648
t 574 649 648
t 574 575 649
t 575 650 649
t 575 576 650
t 576 651 650
t 576 577 651
t 577 652 651
t 577 578 652
t 578 653 652
t 578 579 653
t 579 654 653
t 579 580 654
t 580 655 654
t 580 581 655
t 581 656 655
t 581 582 656
t 582 657 656
t 582 583 657
t 583 658 657
t 583 584 658
t 584 659 658
t 584 585 659
t 585 660 659
t 585 586 660
t 586 661 660
t 586 587 661
t 587 662 661
t 587 588 662
t 588 663 662
t 588 589 663
t 589 664 663
t 589 590 664
t 590 665 664
t 590 591 665
t 591 666 665
t 591 592 666
t 592 667 666
t 592 123 667
t 123 668 667
t 123 669 668
t 123 670 669
t 123 671 670
t 123 672 671
t 123 673 672
t 123 674 673
t 123 130 674
t 71 69 70
t 71 68 69
t 71 67 68
t 71 66 67
t 71 65 66
t 71 64 65
t 130 131 132
t 130 132 133
t 130 133 134
t 130 134 135
t 130 135 136
t 130 136 137
t 71 593 64
t 593 594 64
t 594 595 64
t 595 596 64
t 596 597 64
t 597 598 64
t 598 675 64
t 598 599 675
t 599 676 675
t 599 600 676
t 600 677 676
t 600 601 677
t 601 678 677
t 601 602 678
t 602 679 678
t 602 603 679
t 603 680 679
t 603 604 680
t 604 681 680
t 604 605 681
t 605 682 681
t 605 606 682
t 606 683 682
t 606 607 683
t 607 684 683
t 607 608 684
t 608 685 684
t 608 609 685
t 609 686 685
t 609 610 686
t 610 687 686
t 610 611 687
t 611 688 687
t 611 612 688
t 612 689 688
t 612 613 689
t 613 690 689
t 613 614 690
t 614 691 690
t 614 615 691
t 615 692 691
t 615 616 692
t 616 693 692
t 616 617 693
t 617 694 693
t 617 618 694
t 618 695 694
t 618 619 695
t 619 696 695
t 619 620 696
t 620 697 696
t 620 621 697
t 621 698 697
t 621 622 698
t 622 699 698
t 622 623 699
t 623 700 699
t 623 624 700
t 624 701 700
t 624 625 701
t 625 702 701
t 625 626 702
t 626 703 702
t 626 627 703
t 627 704 703
t 627 628 704
t 628 705 704
t 628 629 705
t 629 706 705
t 629 630 706
t 630 707 706
t 630 631 707
t 631 708 707
t 631 632 708
t 632 709 708
t 632 633 709
t 633 710 709
t 633 634 710
t 634 711 710
t 634 635 711
t 635 712 711
t 635 636 712
t 636 713 712
t 636 637 713
t 637 714 713
t 637 638 714
t 638 715 714
t 638 639 715
t 639 716 715
t 639 640 716
t 640 717 716
t 640 641 717
t 641 718 717
t 641 642 718
t 642 719 718
t 642 643 719
t 643 720 719
t 643 644 720
t 644 721 720
t 644 645 721
t 645 722 721
t 645 646 722
t 646 723 722
t 646 647 723
t 647 724 723
t 647 648 724
t 648 725 724
t 648 649 725
t 649 726 725
t 649 650 726
t 650 727 726
t 650 651 727
t 651 728 727
t 651 652 728
t 652 729 728
t 652 653 729
t 653 730 729
t 653 654 730
t 654 731 730
t 654 655 731
t 655 732 731
t 655 656 732
t 656 733 732
t 656 657 733
t 657 734 733
t 657 658 734
t 658 735 734
t 658 659 735
t 659 736 735
t 659 660 736
t 660 737 736
t 660 661 737
t 661 738 737
t 661 662 738
t 662 739 738
t 662 663 739
t 663 740 739
t 663 664 740
t 664 741 740
t 664 665 741
t 665 742 741
t 665 666 742
t 666 743 742
t 666 667 743
t 667 744 743
t 667 668 744
t 668 745 744
t 668 669 745
t 669 746 745
t 669 670 746
t 670 747 746
t 670 671 747
t 671 748 747
t 671 672 748
t 672 749 748
t 672 673 749
t 673 750 749
t 673 674 750
t 674 751 750
t 674 130 751
t 130 752 751
t 130 753 752
t 130 754 753
t 130 755 754
t 130 756 755
t 130 757 756
t 130 758 757
t 130 759 758
t 130 137 759
t 64 62 63
t 64 61 62
t 64 60 61
t 64 59 60
t 64 58 59
t 64 57 58
t 137 138 139
t 137 139 140
t 137 140 141
t 137 141 142
t 137 142 143
t 137 143 144
t 64 675 57
t 675 676 57
t 676 677 57
t 677 678 57
t 678 679 57
t 679 680 57
t 680 760 57
t 680 681 760
t 681 761 760
t 681 682 761
t 682 762 761
t 682 683 762
t 683 763 762
t 683 684 763
t 684 764 763
t 684 685 764
t 685 765 764
t 685 686 765
t 686 766 765
t 686 687 766
t 687 767 766
t 687 688 767
t 688 768 767
t 688 689 768
t 689 769 768
t 689 690 769
t 690 770 769
t 690 691 770
t 691 771 770
t 691 692 771
t 692 772 771
t 692 693 772
t 693 773 772
t 693 694 773
t 694 774 773
t 694 695 774
t 695 775 774
t 695 696 775
t 696 776 775
t 696 697 776
t 697 777 776
t 697 698 777
t 698 778 777
t 698 699 778
t 699 779 778
t 699 700 779
t 700 780 779
t 700 701 780
t 701 781 780
t 701 702 781
t 702 782 781
t 702 703 782
t 703 783 782
t 703 704 783
t 704 784 783
t 704 705 784
t 705 785 784
t 705 706 785
t 706 786 785
t 706 707 786
t 707 787 786
t 707 708 787
t 708 788 787
t 708 709 788
t 709 789 788
t 709 710 789
t 710 790 789
t 710 711 790
t 711 791 790
t 711 712 791
t 712 792 791
t 712 713 792
t 713 793 792
t 713 714 793
t 714 794 793
t 714 715 794
t 715 795 794
t 715 716 795
t 716 796 795
t 716 717 796
t 717 797 796
t 717 718 797
t 718 798 797
t 718 719 798
t 719 799 798
t 719 720 799
t 720 800 799
t 720 721 800
t 721 801 800
t 721 722 801
t 722 802 801
t 722 723 802
t 723 803 802
t 723 724 803
t 724 804 803
t 724 725 804
t 725 805 804
t 725 726 805
t 726 806 805
t 726 727 806
t 727 807 806
t 727 728 807
t 728 808 807
t 728 729 808
t 729 809 808
t 729 730 809
t 730 810 809
t 730 731 810
t 731 811 810
t 731 732 811
t 732 812 811
t 732 733 812
t 733 813 812
t 733 734 813
t 734 814 813
t 734 735 814
t 735 815 814
t 735 736 815
t 736 816 815
t 736 737 816
t 737 817 816
t 737 738 817
t 738 818 817
t 738 739 818
t 739 819 818
t 739 740 819
t 740 820 819
t 740 741 820
t 741 821 820
t 741 742 821
t 742 822 821
t 742 743 822
t 743 823 822
t 743 744 823
t 744 824 823
t 744 745 824
t 745 825 824
t 745 746 825
t 746 826 825
t 746 747 826
t 747 827 826
t 747 748 827
t 748 828 827
t 748 749 828
t 749 829 828
t 749 750 829
t 750 830 829
t 750 751 830
t 751 831 830
t 751 752 831
t 752 832 831
t 752 753 832
t 753 833 832
t 753 754 833
t 754 834 833
t 754 755 834
t 755 835 834
t 755 756 835
t 756 836 835
t 756 757 836
t 757 837 836
t 757 758 837
t 758 838 837
t 758 759 838
t 759 839 838
t 759 137 839
t 137 840 839
t 137 841 840
t 137 842 841
t 137 843 842
t 137 844 843
t 137 845 844
t 137 846 845
t 137 144 846
t 57 55 56
t 57 54 55
t 57 53 54
t 57 52 53
t 57 51 52
t 57 50 51
t 144 145 146
t 144 146 147
t 144 147 148
t 144 148 149
t 144 149 150
t 144 150 151
t 57 847 50
t 57 848 847
t 57 849 848
t 57 850 849
t 57 851 850
t 57 760 851
t 760 852 851
t 760 761 852
t 761 853 852
t 761 762 853
t 762 854 853
t 762 763 854
t 763 855 854
t 763 764 855
t 764 856 855
t 764 765 856
t 765 857 856
t 765 766 857
t 766 858 857
t 766 767 858
t 767 859 858
t 767 768 859
t 768 860 859
t 768 769 860
t 769 861 860
t 769 770 861
t 770 862 861
t 770 771 862
t 771 863 862
t 771 772 863
t 772 864 863
t 772 773 864
t 773 865 864
t 773 774 865
t 774 866 865
t 774 775 866
t 775 867 866
t 775 776 867
t 776 868 867
t 776 777 868
t 777 869 868
t 777 778 869
t 778 870 869
t 778 779 870
t 779 871 870
t 779 780 871
t 780 872 871
t 780 781 872
t 781 873 872
t 781 782 873
t 782 874 873
t 782 783 874
t 783 875 874
t 783 784 875
t 784 876 875
t 784 785 876
t 785 877 876
t 785 786 877
t 786 878 877
t 786 787 878
t 787 879 878
t 787 788 879
t 788 880 879
t 788 789 880
t 789 881 880
t 789 790 881
t 790 882 881
t 790 791 882
t 791 883 882
t 791 792 883
t 792 884 883
t 792 793 884
t 793 885 884
t 793 794 885
t 794 886 885
t 794 795 886
t 795 887 886
t 795 796 887
t 796 888 887
t 796 797 888
t 797 889 888
t 797 798 889
t 798 890 889
t 798 799 890
t 799 891 890
t 799 800 891
t 800 892 891
t 800 801 892
t 801 893 892
t 801 802 893
t 802 894 893
t 802 803 894
t 803 895 894
t 803 804 895
t 804 896 895
t 804 805 896
t 805 897 896
t 805 806 897
t 806 898 897
t 806 807 898
t 807 899 898
t 807 808 899
t 808 900 899
t 808 809 900
t 809 901 900
t 809 810 901
t 810 902 901
t 810 811 902
t 811 903 902
t 811 812 903
t 812 904 903
t 812 813 904
t 813 905 904
t 813 814 905
t 814 906 905
t 814 815 906
t 815 907 906
t 815 816 907
t 816 908 907
t 816 817 908
t 817 909 908
t 817 818 909
t 818 910 909
t 818 819 910
t 819 911 910
t 819 820 911
t 820 912 911
t 820 821 912
t 821 913 912
t 821 822 913
t 822 914 913
t 822 823 914
t 823 915 914
t 823 824 915
t 824 916 915
t 824 825 916
t 825 917 916
t 825 826 917
t 826 918 917
t 826 827 918
t 827 919 918
t 827 828 919
t 828 920 919
t 828 829 920
t 829 921 920
t 829 830 921
t 830 922 921
t 830 831 922
t 831 923 922
t 831 832 923
t 832 924 923
t 832 833 924
t 833 925 924
t 833 834 925
t 834 926 925
t 834 835 926
t 835 927 926
t 835 836 927
t 836 928 927
t 836 837 928
t 837 929 928
t 837 838 929
t 838 930 929
t 838 839 930
t 839 931 930
t 839 840 931
t 840 932 931
t 840 841 932
t 841 933 932
t 841 842 933
t 842 934 933
t 842 843 934
t 843 935 934
t 843 844 935
t 844 936 935
t 844 845 936
t 845 937 936
t 845 846 937
t 846 938 937
t 846 144 938
t 144 939 938
t 144 940 939
t 144 941 940
t 144 942 941
t 144 943 942
t 144 944 943
t 144 945 944
t 144 151 945
t 50 48 49
t 50 47 48
t 50 46 47
t 50 45 46
t 50 44 45
t 151 152 153
t 151 153 154
t 151 154 155
t 151 155 156
t 151 156 157
t 50 946 44
t 50 947 946
t 50 948 947
t 50 949 948
t 50 950 949
t 50 951 950
t 50 952 951
t 50 953 952
t 50 847 953
t 847 954 953
t 847 848 954
t 848 955 954
t 848 849 955
t 849 956 955
t 849 850 956
t 850 957 956
t 850 851 957
t 851 958 957
t 851 852 958
t 852 959 958
t 852 853 959
t 853 960 959
t 853 854 960
t 854 961 960
t 854 855 961
t 855 962 961
t 855 856 962
t 856 963 962
t 856 857 963
t 857 964 963
t 857 858 964
t 858 965 964
t 858 859 965
t 859 966 965
t 859 860 966
t 860 967 966
t 860 861 967
t 861 968 967
t 861 862 968
t 862 969 968
t 862 863 969
t 863 970 969
t 863 864 970
t 864 971 970
t 864 865 971
t 865 972 971
t 865 866 972
t 866 973 972
t 866 867 973
t 867 974 973
t 867 868 974
t 868 975 974
t 868 869 975
t 869 976 975
t 869 870 976
t 870 977 976
t 870 871 977
t 871 978 977
t 871 872 978
t 872 979 978
t 872 873 979
t 873 980 979
t 873 874 980
t 874 981 980
t 874 875 981
t 875 982 981
t 875 876 982
t 876 983 982
t 876 877 983
t 877 984 983
t 877 878 984
t 878 985 984
t 878 879 985
t 879 986 985
t 879 880 986
t 880 987 986
t 880 881 987
t 881 988 987
t 881 882 988
t 882 989 988
t 882 883 989
t 883 990 989
t 883 884 990
t 884 991 990
t 884 885 991
t 885 992 991
t 885 886 992
t 886 993 992
t 886 887 993
t 887 994 993
t 887 888 994
t 888 995 994
t 888 889 995
t 889 996 995
t 889 890 996
t 890 997 996
t 890 891 997
t 891 998 997
t 891 892 998
t 892 999 998
t 892 893 999
t 893 1000 999
t 893 894 1000
t 894 1001 1000
t 894 895 1001
t 895 1002 1001
t 895 896 1002
t 896 1003 1002
t 896 897 1003
t 897 1004 1003
t 897 898 1004
t 898 1005 1004
t 898 899 1005
t 899 1006 1005
t 899 900 1006
t 900 1007 1006
t 900 901 1007
t 901 1008 1007
t 901 902 1008
t 902 1009 1008
t 902 903 1009
t 903 1010 1009
t 903 904 1010
t 904 1011 1010
t 904 905 1011
t 905 1012 1011
t 905 906 1012
t 906 1013 1012
t 906 907 1013
t 907 1014 1013
t 907 908 1014
t 908 1015 1014
t 908 909 1015
t 909 1016 1015
t 909 910 1016
t 910 1017 1016
t 910 911 1017
t 911 1018 1017
t 911 912 1018
t 912 1019 1018
t 912 913 1019
t 913 1020 1019
t 913 914 1020
t 914 1021 1020
t 914 915 1021
t 915 1022 1021
t 915 916 1022
t 916 1023 1022
t 916 917 1023
t 917 1024 1023
t 917 918 1024
t 918 1025 1024
t 918 919 1025
t 919 1026 1025
t 919 920 1026
t 920 1027 1026
t 920 921 1027
t 921 1028 1027
t 921 922 1028
t 922 1029 1028
t 922 923 1029
t 923 1030 1029
t 923 924 1030
t 924 1031 1030
t 924 925 1031
t 925 1032 1031
t 925 926 1032
t 926 1033 1032
t 926 927 1033
t 927 1034 1033
t 927 928 1034
t 928 1035 1034
t 928 929 1035
t 929 1036 1035
t 929 930 1036
t 930 1037 1036
t 930 931 1037
t 931 1038 1037
t 931 932 1038
t 932 1039 1038
t 932 933 1039
t 933 1040 1039
t 933 934 1040
t 934 1041 1040
t 934 935 1041
t 935 1042 1041
t 935 936 1042
t 936 1043 1042
t 936 937 1043
t 937 1044 1043
t 937 938 1044
t 938 1045 1044
t 938 939 1045
t 939 1046 1045
t 939 940 1046
t 940 1047 1046
t 940 941 1047
t 941 1048 1047
t 941 942 1048
t 942 1049 1048
t 942 943 1049
t 943 1050 1049
t 943 944 1050
t 944 1051 1050
t 944 945 1051
t 945 1052 1051
t 945 151 1052
t 151 1053 1052
t 151 1054 1053
t 151 1055 1054
t 151 1056 1055
t 151 1057 1056
t 151 1058 1057
t 151 157 1058
t 44 42 43
t 44 41 42
t 44 40 41
t 44 39 40
t 44 38 39
t 44 37 38
t 157 158 159
t 157 159 160
t 157 160 161
t 157 161 162
t 157 162 163
t 157 163 164
t 44 946 37
t 946 1059 37
t 946 947 1059
t 947 1060 1059
t 947 948 1060
t 948 1061 1060
t 948 949 1061
t 949 1062 1061
t 949 950 1062
t 950 1063 1062
t 950 951 1063
t 951 1064 1063
t 951 952 1064
t 952 1065 1064
t 952 953 1065
t 953 1066 1065
t 953 954 1066
t 954 1067 1066
t 954 955 1067
t 955 1068 1067
t 955 956 1068
t 956 1069 1068
t 956 957 1069
t 957 1070 1069
t 957 958 1070
t 958 1071 1070
t 958 959 1071
t 959 1072 1071
t 959 960 1072
t 960 1073 1072
t 960 961 1073
t 961 1074 1073
t 961 962 1074
t 962 1075 1074
t 962 963 1075
t 963 1076 1075
t 963 964 1076
t 964 1077 1076
t 964 965 1077
t 965 1078 1077
t 965 966 1078
t 966 1079 1078
t 966 967 1079
t 967 1080 1079
t 967 968 1080
t 968 1081 1080
t 968 969 1081
t 969 1082 1081
t 969 970 1082
t 970 1083 1082
t 970 971 1083
t 971 1084 1083
t 971 972 1084
t 972 1085 1084
t 972 973 1085
t 973 1086 1085
t 973 974 1086
t 974 1087 1086
t 974 975 1087
t 975 1088 1087
t 975 976 1088
t 976 1089 1088
t 976 977 1089
t 977 1090 1089
t 977 978 1090
t 978 1091 1090
t 978 979 1091
t 979 1092 1091
t 979 980 1092
t 980 1093 1092
t 980 981 1093
t 981 1094 1093
t 981 982 1094
t 982 1095 1094
t 982 983 1095
t 983 1096 1095
t 983 984 1096
t 984 1097 1096
t 984 985 1097
t 985 1098 1097
t 985 986 1098
t 986 1099 1098
t 986 987 1099
t 987 1100 1099
t 987 988 1100
t 988 1101 1100
t 988 989 1101
t 989 1102 1101
t 989 990 1102
t 990 1103 1102
t 990 991 1103
t 991 1104 1103
t 991 992 1104
t 992 1105 1104
t 992 993 1105
t 993 1106 1105
t 993 994 1106
t 994 1107 1106
t 994 995 1107
t 995 1108 1107
t 995 996 1108
t 996 1109 1108
t 996 997 1109
t 997 1110 1109
t 997 998 1110
t 998 1111 1110
t 998 999 1111
t 999 1112 1111
t 999 1000 1112
t 1000 1113 1112
t 1000 1001 1113
t 1001 1114 1113
t 1001 1002 1114
t 1002 1115 1114
t 1002 1003 1115
t 1003 1116 1115
t 1003 1004 1116
t 1004 1117 1116
t 1004 1005 1117
t 1005 1118 1117
t 1005 1006 1118
t 1006 1119 1118
t 1006 1007 1119
t 1007 1120 1119
t 1007 1008 1120
t 1008 1121 1120
t 1008 1009 1121
t 1009 1122 1121
t 1009 1010 1122
t 1010 1123 1122
t 1010 1011 1123
t 1011 1124 1123
t 1011 1012 1124
t 1012 1125 1124
t 1012 1013 1125
t 1013 1126 1125
t 1013 1014 1126
t 1014 1127 1126
t 1014 1015 1127
t 1015 1128 1127
t 1015 1016 1128
t 1016 1129 1128
t 1016 1017 1129
t 1017 1130 1129
t 1017 1018 1130
t 1018 1131 1130
t 1018 1019 1131
t 1019 1132 1131
t 1019 1020 1132
t 1020 1133 1132
t 1020 1021 1133
t 1021 1134 1133
t 1021 1022 1134
t 1022 1135 1134
t 1022 1023 1135
t 1023 1136 1135
t 1023 1024 1136
t 1024 1137 1136
t 1024 1025 1137
t 1025 1138 1137
t 1025 1026 1138
t 1026 1139 1138
t 1026 1027 1139
t 1027 1140 1139
t 1027 1028 1140
t 1028 1141 1140
t 1028 1029 1141
t 1029 1142 1141
t 1029 1030 1142
t 1030 1143 1142
t 1030 1031 1143
t 1031 1144 1143
t 1031 1032 1144
t 1032 1145 1144
t 1032 1033 1145
t 1033 1146 1145
t 1033 1034 1146
t 1034 1147 1146
t 1034 1035 1147
t 1035 1148 1147
t 1035 1036 1148
t 1036 1149 1148
t 1036 1037 1149
t 1037 1150 1149
t 1037 1038 1150
t 1038 1151 1150
t 1038 1039 1151
t 1039 1152 1151
t 1039 1040 1152
t 1040 1153 1152
t 1040 1041 1153
t 1041 1154 1153
t 1041 1042 1154
t 1042 1155 1154
t 1042 1043 1155
t 1043 1156 1155
t 1043 1044 1156
t 1044 1157 1156
t 1044 1045 1157
t 1045 1158 1157
t 1045 1046 1158
t 1046 1159 1158
t 1046 1047 1159
t 1047 1160 1159
t 1047 1048 1160
t 1048 1161 1160
t 1048 1049 1161
t 1049 1162 1161
t 1049 1050 1162
t 1050 1163 1162
t 1050 1051 1163
t 1051 1164 1163
t 1051 1052 1164
t 1052 1165 1164
t 1052 1053 1165
t 1053 1166 1165
t 1053 1054 1166
t 1054 1167 1166
t 1054 1055 1167
t 1055 1168 1167
t 1055 1056 1168
t 1056 1169 1168
t 1056 1057 1169
t 1057 1170 1169
t 1057 1058 1170
t 1058 1171 1170
t 1058 157 1171
t 157 1172 1171
t 157 1173 1172
t 157 1174 1173
t 157 1175 1174
t 157 1176 1175
t 157 1177 1176
t 157 1178 1177
t 157 1179 1178
t 157 164 1179
t 37 35 36
t 37 34 35
t 37 33 34
t 164 165 166
t 164 166 167
t 164 167 168
t 164 168 169
t 164 169 170
t 164 170 171
t 164 171 0
t 164 0 1
t 164 1 2
t 164 2 3
t 164 3 4
t 164 4 5
t 164 5 6
t 164 6 7
t 164 7 8
t 164 8 9
t 164 9 10
t 37 1059 33
t 1059 1060 33
t 1060 1061 33
t 1061 1062 33
t 1062 1063 33
t 1063 1064 33
t 1064 1180 33
t 1064 1065 1180
t 1065 1181 1180
t 1065 1066 1181
t 1066 1182 1181
t 1066 1067 1182
t 1067 1183 1182
t 1067 1068 1183
t 1068 1184 1183
t 1068 1069 1184
t 1069 1185 1184
t 1069 1070 1185
t 1070 1186 1185
t 1070 1071 1186
t 1071 1187 1186
t 1071 1072 1187
t 1072 1188 1187
t 1072 1073 1188
t 1073 1189 1188
t 1073 1074 1189
t 1074 1190 1189
t 1074 1075 1190
t 1075 1191 1190
t 1075 1076 1191
t 1076 1192 1191
t 1076 1077 1192
t 1077 1193 1192
t 1077 1078 1193
t 1078 1194 1193
t 1078 1079 1194
t 1079 1195 1194
t 1079 1080 1195
t 1080 1196 1195
t 1080 1081 1196
t 1081 1197 1196
t 1081 1082 1197
t 1082 1198 1197
t 1082 1083 1198
t 1083 1199 1198
t 1083 1084 1199
t 1084 1200 1199
t 1084 1085 1200
t 1085 1201 1200
t 1085 1086 1201
t 1086 1202 1201
t 1086 1087 1202
t 1087 1203 1202
t 1087 1088 1203
t 1088 1204 1203
t 1088 1089 1204
t 1089 1205 1204
t 1089 1090 1205
t 1090 1206 1205
t 1090 1091 1206
t 1091 1207 1206
t 1091 1092 1207
t 1092 1208 1207
t 1092 1093 1208
t 1093 1209 1208
t 1093 1094 1209
t 1094 1210 1209
t 1094 1095 1210
t 1095 1211 1210
t 1095 1096 1211
t 1096 1212 1211
t 1096 1097 1212
t 1097 1213 1212
t 1097 1098 1213
t 1098 1214 1213
t 1098 1099 1214
t 1099 1215 1214
t 1099 1100 1215
t 1100 1216 1215
t 1100 1101 1216
t 1101 1217 1216
t 1101 1102 1217
t 1102 1218 1217
t 1102 1103 1218
t 1103 1219 1218
t 1103 1104 1219
t 1104 1220 1219
t 1104 1105 1220
t 1105 1221 1220
t 1105 1106 1221
t 1106 1222 1221
t 1106 1107 1222
t 1107 1223 1222
t 1107 1108 1223
t 1108 1224 1223
t 1108 1109 1224
t 1109 1225 1224
t 1109 1110 1225
t 1110 1226 1225
t 1110 1111 1226
t 1111 1227 1226
t 1111 1112 1227
t 1112 10 1227
t 1112 1113 10
t 1113 1114 10
t 1114 1115 10
t 1115 1116 10
t 1116 1117 10
t 1117 1118 10
t 1118 1119 10
t 1119 1120 10
t 1120 1121 10
t 1121 1122 10
t 1122 1123 10
t 1123 1124 10
t 1124 1125 10
t 1125 1126 10
t 1126 1127 10
t 1127 1128 10
t 1128 1129 10
t 1129 1130 10
t 1130 1131 10
t 1131 1132 10
t 1132 1133 10
t 1133 1134 10
t 1134 1135 10
t 1135 1136 10
t 1136 1137 10
t 1137 1138 10
t 1138 1139 10
t 1139 1140 10
t 1140 1141 10
t 1141 1142 10
t 1142 1143 10
t 1143 1144 10
t 1144 1145 10
t 1145 1146 10
t 1146 1147 10
t 1147 1148 10
t 1148 1149 10
t 1149 1150 10
t 1150 1151 10
t 1151 1152 10
t 1152 1153 10
t 1153 1154 10
t 1154 1155 10
t 1155 1156 10
t 1156 1157 10
t 1157 1158 10
t 1158 1159 10
t 1159 1160 10
t 1160 1161 10
t 1161 1162 10
t 1162 1163 10
t 1163 1164 10
t 1164 1165 10
t 1165 1166 10
t 1166 1167 10
t 1167 1168 10
t 1168 1169 10
t 1169 1170 10
t 1170 1171 10
t 1171 1172 10
t 1172 1173 10
t 1173 1174 10
t 1174 1175 10
t 1175 1176 10
t 1176 1177 10
t 1177 1178 10
t 1178 1179 10
t 1179 164 10
t 33 31 32
t 33 30 31
t 33 29 30
t 10 11 12
t 10 12 13
t 10 13 14
t 10 14 15
t 10 15 16
t 10 16 17
t 10 17 18
t 10 18 19
t 10 19 20
t 10 20 21
t 10 21 22
t 10 22 23
t 10 23 24
t 10 24 25
t 10 25 26
t 10 26 27
t 10 27 28
t 33 1180 29
t 1180 1181 29
t 1181 1182 29
t 1182 1183 29
t 1183 1184 29
t 1184 1185 29
t 1185 1186 29
t 1186 1187 29
t 1187 1188 29
t 1188 1189 29
t 1189 1190 29
t 1190 1191 29
t 1191 28 29
t 1191 1192 28
t 1192 1193 28
t 1193 1194 28
t 1194 1195 28
t 1195 1196 28
t 1196 1197 28
t 1197 1198 28
t 1198 1199 28
t 1199 1200 28
t 1200 1201 28
t 1201 1202 28
t 1202 1203 28
t 1203 1204 28
t 1204 1205 28
t 1205 1206 28
t 1206 1207 28
t 1207 1208 28
t 1208 1209 28
t 1209 1210 28
t 1210 1211 28
t 1211 1212 28
t 1212 1213 28
t 1213 1214 28
t 1214 1215 28
t 1215 1216 28
t 1216 1217 28
t 1217 1218 28
t 1218 1219 28
t 1219 1220 28
t 1220 1221 28
t 1221 1222 28
t 1222 1223 28
t 1223 1224 28
t 1224 1225 28
t 1225 1226 28
t 1226 1227 28
t 1227 10 28
