type=Nurbs forward=true n_boundary=172 n_holes=0 n_interior=98 n_tris=816 label=brep47598_f222_Nurbs(deg=3/3, cps=4x11)
boundary
b 0.076945404 -0.000000000
b 0.107166949 -0.000000000
b 0.137158980 -0.000000000
b 0.166940570 -0.000000000
b 0.196530291 -0.000000000
b 0.225946266 -0.000000000
b 0.255206213 -0.000000000
b 0.284327491 -0.000000000
b 0.313327142 -0.000000000
b 0.342221928 -0.000000000
b 0.371028379 -0.000000000
b 0.399762823 -0.000000000
b 0.428441427 -0.000000000
b 0.457080233 -0.000000000
b 0.485695196 -0.000000000
b 0.514302216 -0.000000000
b 0.542917178 -0.000000000
b 0.571555981 -0.000000000
b 0.600234581 -0.000000000
b 0.628969018 -0.000000000
b 0.657775462 -0.000000000
b 0.686670240 -0.000000000
b 0.715669880 -0.000000000
b 0.744791147 -0.000000000
b 0.774051081 -0.000000000
b 0.803467041 -0.000000000
b 0.833056745 -0.000000000
b 0.862838317 -0.000000000
b 0.892830328 -0.000000000
b 0.923051851 -0.000000000
b 0.953522508 0.000000000
b 0.953546726 0.022369044
b 0.953577336 0.044527955
b 0.953612467 0.066479020
b 0.953650094 0.088224442
b 0.953688040 0.109766347
b 0.953723977 0.131106792
b 0.953755435 0.152247774
b 0.953779800 0.173191239
b 0.953794326 0.193939094
b 0.953796138 0.214493213
b 0.953782963 0.234855600
b 0.953757281 0.255029213
b 0.953723202 0.275017162
b 0.953684322 0.294822249
b 0.953643719 0.314446993
b 0.953603967 0.333893654
b 0.953567141 0.353164254
b 0.953534832 0.372260609
b 0.953508300 0.391184490
b 0.953490040 0.409939176
b 0.953482520 0.428529101
b 0.953483944 0.446959969
b 0.953491557 0.465237802
b 0.953503035 0.483368489
b 0.953516464 0.501357784
b 0.953530316 0.519211303
b 0.953543422 0.536934528
b 0.953554960 0.554532803
b 0.953564429 0.572011329
b 0.953571624 0.589375178
b 0.953576079 0.606629590
b 0.953576843 0.623780152
b 0.953573289 0.640832358
b 0.953565165 0.657791565
b 0.953552577 0.674662997
b 0.953535974 0.691451738
b 0.953516121 0.708162722
b 0.953493711 0.724800228
b 0.953469101 0.741367624
b 0.953442895 0.757868469
b 0.953416088 0.774306847
b 0.953389955 0.790686766
b 0.953366021 0.807012082
b 0.953346060 0.823286509
b 0.953332081 0.839513609
b 0.953326327 0.855696797
b 0.953331269 0.871839338
b 0.953348804 0.887944482
b 0.953376032 0.904016259
b 0.953408495 0.920059099
b 0.953442165 0.936077516
b 0.953473431 0.952076106
b 0.953499074 0.968059541
b 0.953516258 0.984032566
b 0.953522508 1.000000000
b 0.928968629 1.000000000
b 0.904578769 1.000000000
b 0.880342599 1.000000000
b 0.856250029 1.000000000
b 0.832291190 1.000000000
b 0.808456420 1.000000000
b 0.784736244 1.000000000
b 0.761121361 1.000000000
b 0.737602627 1.000000000
b 0.714171043 1.000000000
b 0.690817736 1.000000000
b 0.667533952 1.000000000
b 0.644311036 1.000000000
b 0.621140424 1.000000000
b 0.598013626 1.000000000
b 0.574922217 1.000000000
b 0.551857824 1.000000000
b 0.528812111 1.000000000
b 0.505776770 1.000000000
b 0.482743509 1.000000000
b 0.459704036 1.000000000
b 0.436650053 1.000000000
b 0.413573239 1.000000000
b 0.390465243 1.000000000
b 0.367317665 1.000000000
b 0.344122051 1.000000000
b 0.320869875 1.000000000
b 0.297552529 1.000000000
b 0.274161312 1.000000000
b 0.250687410 1.000000000
b 0.227121890 1.000000000
b 0.228728229 0.981980990
b 0.230135143 0.963964639
b 0.231336289 0.945953179
b 0.232325046 0.927948447
b 0.233094469 0.909951899
b 0.233637232 0.891964618
b 0.233945568 0.873987338
b 0.234014123 0.856020454
b 0.233848125 0.838064309
b 0.233455009 0.820119601
b 0.232841845 0.802187437
b 0.232015400 0.784269328
b 0.230982182 0.766367185
b 0.229748492 0.748483302
b 0.228320480 0.730619230
b 0.226702986 0.712773065
b 0.224898835 0.694940444
b 0.222910649 0.677117151
b 0.220741040 0.659299340
b 0.218392657 0.641483540
b 0.215868216 0.623666665
b 0.213170538 0.605846019
b 0.210302580 0.588019306
b 0.207267344 0.570184430
b 0.204066905 0.552337880
b 0.200702985 0.534475563
b 0.197177564 0.516593746
b 0.193492895 0.498689086
b 0.189650761 0.480758820
b 0.185652482 0.462800715
b 0.181499677 0.444812843
b 0.177194340 0.426793582
b 0.172738863 0.408741622
b 0.168135823 0.390655280
b 0.163387683 0.372531341
b 0.158497430 0.354366514
b 0.153468748 0.336157713
b 0.148306066 0.317902076
b 0.143014615 0.299596961
b 0.137600485 0.281239962
b 0.132070670 0.262828912
b 0.126433576 0.244362358
b 0.120702500 0.225843229
b 0.114893100 0.207276676
b 0.109013094 0.188665214
b 0.103063425 0.170008985
b 0.097044774 0.151307861
b 0.090957760 0.132561506
b 0.084802945 0.113769385
b 0.078580834 0.094930755
b 0.072291876 0.076044673
b 0.065936469 0.057109998
b 0.059514958 0.038125387
b 0.053027632 0.019089300
b 0.046474723 0.000000000
interior
i 0.159889900 0.125000000
i 0.273305077 0.125000000
i 0.386720254 0.125000000
i 0.500135430 0.125000000
i 0.613550607 0.125000000
i 0.726965784 0.125000000
i 0.840380961 0.125000000
i 0.159889900 0.250000000
i 0.273305077 0.250000000
i 0.386720254 0.250000000
i 0.500135430 0.250000000
i 0.613550607 0.250000000
i 0.726965784 0.250000000
i 0.840380961 0.250000000
i 0.273305077 0.375000000
i 0.386720254 0.375000000
i 0.500135430 0.375000000
i 0.613550607 0.375000000
i 0.726965784 0.375000000
i 0.840380961 0.375000000
i 0.273305077 0.500000000
i 0.386720254 0.500000000
i 0.500135430 0.500000000
i 0.613550607 0.500000000
i 0.726965784 0.500000000
i 0.840380961 0.500000000
i 0.273305077 0.625000000
i 0.386720254 0.625000000
i 0.500135430 0.625000000
i 0.613550607 0.625000000
i 0.726965784 0.625000000
i 0.840380961 0.625000000
i 0.273305077 0.750000000
i 0.386720254 0.750000000
i 0.500135430 0.750000000
i 0.613550607 0.750000000
i 0.726965784 0.750000000
i 0.840380961 0.750000000
i 0.273305077 0.875000000
i 0.386720254 0.875000000
i 0.500135430 0.875000000
i 0.613550607 0.875000000
i 0.726965784 0.875000000
i 0.840380961 0.875000000
i 0.103182312 0.062500000
i 0.216597489 0.062500000
i 0.216597489 0.187500000
i 0.216597489 0.312500000
i 0.216597489 0.437500000
i 0.216597489 0.562500000
i 0.330012665 0.062500000
i 0.330012665 0.187500000
i 0.330012665 0.312500000
i 0.330012665 0.437500000
i 0.330012665 0.562500000
i 0.330012665 0.687500000
i 0.330012665 0.812500000
i 0.330012665 0.937500000
i 0.443427842 0.062500000
i 0.443427842 0.187500000
i 0.443427842 0.312500000
i 0.443427842 0.437500000
i 0.443427842 0.562500000
i 0.443427842 0.687500000
i 0.443427842 0.812500000
i 0.443427842 0.937500000
i 0.556843019 0.062500000
i 0.556843019 0.187500000
i 0.556843019 0.312500000
i 0.556843019 0.437500000
i 0.556843019 0.562500000
i 0.556843019 0.687500000
i 0.556843019 0.812500000
i 0.556843019 0.937500000
i 0.670258196 0.062500000
i 0.670258196 0.187500000
i 0.670258196 0.312500000
i 0.670258196 0.437500000
i 0.670258196 0.562500000
i 0.670258196 0.687500000
i 0.670258196 0.812500000
i 0.670258196 0.937500000
i 0.783673372 0.062500000
i 0.783673372 0.187500000
i 0.783673372 0.312500000
i 0.783673372 0.437500000
i 0.783673372 0.562500000
i 0.783673372 0.687500000
i 0.783673372 0.812500000
i 0.783673372 0.937500000
i 0.897088549 0.062500000
i 0.897088549 0.187500000
i 0.897088549 0.312500000
i 0.897088549 0.437500000
i 0.897088549 0.562500000
i 0.897088549 0.687500000
i 0.897088549 0.812500000
i 0.897088549 0.937500000
tris
t 171 169 170
t 171 168 169
t 171 167 168
t 171 166 167
t 171 165 166
t 171 164 165
t 171 163 164
t 171 162 163
t 171 161 162
t 171 160 161
t 171 159 160
t 171 158 159
t 30 31 32
t 30 32 33
t 30 33 34
t 30 34 35
t 30 35 36
t 30 36 37
t 30 37 38
t 30 38 39
t 30 39 40
t 30 40 41
t 171 0 158
t 0 1 158
t 1 270 158
t 1 2 270
t 2 271 270
t 2 272 271
t 2 273 272
t 2 274 273
t 2 275 274
t 2 276 275
t 2 277 276
t 2 3 277
t 3 278 277
t 3 279 278
t 3 280 279
t 3 281 280
t 3 282 281
t 3 283 282
t 3 284 283
t 3 285 284
t 3 4 285
t 4 286 285
t 4 287 286
t 4 288 287
t 4 289 288
t 4 290 289
t 4 291 290
t 4 292 291
t 4 293 292
t 4 294 293
t 4 295 294
t 4 296 295
t 4 297 296
t 4 5 297
t 5 298 297
t 5 299 298
t 5 300 299
t 5 301 300
t 5 302 301
t 5 303 302
t 5 304 303
t 5 305 304
t 5 306 305
t 5 307 306
t 5 308 307
t 5 309 308
t 5 310 309
t 5 311 310
t 5 312 311
t 5 313 312
t 5 314 313
t 5 315 314
t 5 316 315
t 5 6 316
t 6 317 316
t 6 318 317
t 6 7 318
t 7 319 318
t 7 320 319
t 7 8 320
t 8 321 320
t 8 322 321
t 8 9 322
t 9 323 322
t 9 324 323
t 9 325 324
t 9 10 325
t 10 326 325
t 10 327 326
t 10 11 327
t 11 328 327
t 11 329 328
t 11 12 329
t 12 330 329
t 12 331 330
t 12 13 331
t 13 332 331
t 13 333 332
t 13 334 333
t 13 14 334
t 14 335 334
t 14 336 335
t 14 15 336
t 15 337 336
t 15 338 337
t 15 16 338
t 16 339 338
t 16 340 339
t 16 17 340
t 17 341 340
t 17 342 341
t 17 343 342
t 17 18 343
t 18 344 343
t 18 345 344
t 18 19 345
t 19 346 345
t 19 347 346
t 19 20 347
t 20 348 347
t 20 349 348
t 20 21 349
t 21 350 349
t 21 351 350
t 21 352 351
t 21 22 352
t 22 353 352
t 22 354 353
t 22 23 354
t 23 355 354
t 23 356 355
t 23 24 356
t 24 357 356
t 24 358 357
t 24 25 358
t 25 359 358
t 25 360 359
t 25 361 360
t 25 26 361
t 26 362 361
t 26 363 362
t 26 27 363
t 27 364 363
t 27 365 364
t 27 28 365
t 28 366 365
t 28 367 366
t 28 29 367
t 29 368 367
t 29 369 368
t 29 370 369
t 29 371 370
t 29 372 371
t 29 373 372
t 29 374 373
t 29 375 374
t 29 376 375
t 29 377 376
t 29 378 377
t 29 379 378
t 29 380 379
t 29 381 380
t 29 382 381
t 29 383 382
t 29 384 383
t 29 385 384
t 29 386 385
t 29 387 386
t 29 388 387
t 29 389 388
t 29 390 389
t 29 391 390
t 29 30 391
t 30 392 391
t 30 393 392
t 30 394 393
t 30 395 394
t 30 396 395
t 30 397 396
t 30 398 397
t 30 399 398
t 30 400 399
t 30 401 400
t 30 402 401
t 30 403 402
t 30 404 403
t 30 405 404
t 30 406 405
t 30 407 406
t 30 408 407
t 30 409 408
t 30 410 409
t 30 411 410
t 30 412 411
t 30 413 412
t 30 414 413
t 30 41 414
t 158 156 157
t 158 155 156
t 158 154 155
t 158 153 154
t 158 152 153
t 158 151 152
t 158 150 151
t 158 149 150
t 158 148 149
t 158 147 148
t 158 146 147
t 158 145 146
t 158 144 145
t 41 42 43
t 41 43 44
t 41 44 45
t 41 45 46
t 41 46 47
t 41 47 48
t 41 48 49
t 41 49 50
t 41 50 51
t 41 51 52
t 41 52 53
t 41 53 54
t 158 270 144
t 270 271 144
t 271 272 144
t 272 273 144
t 273 274 144
t 274 275 144
t 275 276 144
t 276 277 144
t 277 278 144
t 278 279 144
t 279 280 144
t 280 281 144
t 281 282 144
t 282 283 144
t 283 284 144
t 284 285 144
t 285 286 144
t 286 415 144
t 286 287 415
t 287 416 415
t 287 288 416
t 288 417 416
t 288 289 417
t 289 418 417
t 289 290 418
t 290 419 418
t 290 291 419
t 291 420 419
t 291 292 420
t 292 421 420
t 292 293 421
t 293 422 421
t 293 294 422
t 294 423 422
t 294 295 423
t 295 424 423
t 295 296 424
t 296 425 424
t 296 297 425
t 297 426 425
t 297 298 426
t 298 427 426
t 298 299 427
t 299 428 427
t 299 300 428
t 300 429 428
t 300 301 429
t 301 430 429
t 301 302 430
t 302 431 430
t 302 303 431
t 303 432 431
t 303 304 432
t 304 433 432
t 304 305 433
t 305 434 433
t 305 306 434
t 306 435 434
t 306 307 435
t 307 436 435
t 307 308 436
t 308 437 436
t 308 309 437
t 309 438 437
t 309 310 438
t 310 439 438
t 310 311 439
t 311 440 439
t 311 312 440
t 312 441 440
t 312 313 441
t 313 442 441
t 313 314 442
t 314 443 442
t 314 315 443
t 315 444 443
t 315 316 444
t 316 445 444
t 316 317 445
t 317 446 445
t 317 318 446
t 318 447 446
t 318 319 447
t 319 448 447
t 319 320 448
t 320 449 448
t 320 321 449
t 321 450 449
t 321 322 450
t 322 451 450
t 322 323 451
t 323 452 451
t 323 324 452
t 324 453 452
t 324 325 453
t 325 454 453
t 325 326 454
t 326 455 454
t 326 327 455
t 327 456 455
t 327 328 456
t 328 457 456
t 328 329 457
t 329 458 457
t 329 330 458
t 330 459 458
t 330 331 459
t 331 460 459
t 331 332 460
t 332 461 460
t 332 333 461
t 333 462 461
t 333 334 462
t 334 463 462
t 334 335 463
t 335 464 463
t 335 336 464
t 336 465 464
t 336 337 465
t 337 466 465
t 337 338 466
t 338 467 466
t 338 339 467
t 339 468 467
t 339 340 468
t 340 469 468
t 340 341 469
t 341 470 469
t 341 342 470
t 342 471 470
t 342 343 471
t 343 472 471
t 343 344 472
t 344 473 472
t 344 345 473
t 345 474 473
t 345 346 474
t 346 475 474
t 346 347 475
t 347 476 475
t 347 348 476
t 348 477 476
t 348 349 477
t 349 478 477
t 349 350 478
t 350 479 478
t 350 351 479
t 351 480 479
t 351 352 480
t 352 481 480
t 352 353 481
t 353 482 481
t 353 354 482
t 354 483 482
t 354 355 483
t 355 484 483
t 355 356 484
t 356 485 484
t 356 357 485
t 357 486 485
t 357 358 486
t 358 487 486
t 358 359 487
t 359 488 487
t 359 360 488
t 360 489 488
t 360 361 489
t 361 490 489
t 361 362 490
t 362 491 490
t 362 363 491
t 363 492 491
t 363 364 492
t 364 493 492
t 364 365 493
t 365 494 493
t 365 366 494
t 366 495 494
t 366 367 495
t 367 496 495
t 367 368 496
t 368 497 496
t 368 369 497
t 369 498 497
t 369 370 498
t 370 499 498
t 370 371 499
t 371 500 499
t 371 372 500
t 372 501 500
t 372 373 501
t 373 502 501
t 373 374 502
t 374 503 502
t 374 375 503
t 375 504 503
t 375 376 504
t 376 505 504
t 376 377 505
t 377 506 505
t 377 378 506
t 378 507 506
t 378 379 507
t 379 508 507
t 379 380 508
t 380 509 508
t 380 381 509
t 381 510 509
t 381 382 510
t 382 511 510
t 382 383 511
t 383 512 511
t 383 384 512
t 384 513 512
t 384 385 513
t 385 514 513
t 385 386 514
t 386 515 514
t 386 387 515
t 387 516 515
t 387 388 516
t 388 54 516
t 388 389 54
t 389 390 54
t 390 391 54
t 391 392 54
t 392 393 54
t 393 394 54
t 394 395 54
t 395 396 54
t 396 397 54
t 397 398 54
t 398 399 54
t 399 400 54
t 400 401 54
t 401 402 54
t 402 403 54
t 403 404 54
t 404 405 54
t 405 406 54
t 406 407 54
t 407 408 54
t 408 409 54
t 409 410 54
t 410 411 54
t 411 412 54
t 412 413 54
t 413 414 54
t 414 41 54
t 144 142 143
t 144 141 142
t 144 140 141
t 144 139 140
t 144 138 139
t 144 137 138
t 144 136 137
t 144 135 136
t 144 134 135
t 144 133 134
t 144 132 133
t 144 131 132
t 144 130 131
t 54 55 56
t 54 56 57
t 54 57 58
t 54 58 59
t 54 59 60
t 54 60 61
t 54 61 62
t 54 62 63
t 54 63 64
t 54 64 65
t 54 65 66
t 54 66 67
t 54 67 68
t 54 68 69
t 144 415 130
t 415 416 130
t 416 417 130
t 417 418 130
t 418 419 130
t 419 420 130
t 420 421 130
t 421 422 130
t 422 423 130
t 423 424 130
t 424 425 130
t 425 426 130
t 426 427 130
t 427 428 130
t 428 429 130
t 429 430 130
t 430 431 130
t 431 432 130
t 432 433 130
t 433 517 130
t 433 434 517
t 434 518 517
t 434 435 518
t 435 519 518
t 435 436 519
t 436 520 519
t 436 437 520
t 437 521 520
t 437 438 521
t 438 522 521
t 438 439 522
t 439 523 522
t 439 440 523
t 440 524 523
t 440 441 524
t 441 525 524
t 441 442 525
t 442 526 525
t 442 443 526
t 443 527 526
t 443 444 527
t 444 528 527
t 444 445 528
t 445 529 528
t 445 446 529
t 446 530 529
t 446 447 530
t 447 531 530
t 447 448 531
t 448 532 531
t 448 449 532
t 449 533 532
t 449 450 533
t 450 534 533
t 450 451 534
t 451 535 534
t 451 452 535
t 452 536 535
t 452 453 536
t 453 537 536
t 453 454 537
t 454 538 537
t 454 455 538
t 455 539 538
t 455 456 539
t 456 540 539
t 456 457 540
t 457 541 540
t 457 458 541
t 458 542 541
t 458 459 542
t 459 543 542
t 459 460 543
t 460 544 543
t 460 461 544
t 461 545 544
t 461 462 545
t 462 546 545
t 462 463 546
t 463 547 546
t 463 464 547
t 464 548 547
t 464 465 548
t 465 549 548
t 465 466 549
t 466 550 549
t 466 467 550
t 467 551 550
t 467 468 551
t 468 552 551
t 468 469 552
t 469 553 552
t 469 470 553
t 470 554 553
t 470 471 554
t 471 555 554
t 471 472 555
t 472 556 555
t 472 473 556
t 473 557 556
t 473 474 557
t 474 558 557
t 474 475 558
t 475 559 558
t 475 476 559
t 476 560 559
t 476 477 560
t 477 561 560
t 477 478 561
t 478 562 561
t 478 479 562
t 479 563 562
t 479 480 563
t 480 564 563
t 480 481 564
t 481 565 564
t 481 482 565
t 482 566 565
t 482 483 566
t 483 567 566
t 483 484 567
t 484 568 567
t 484 485 568
t 485 569 568
t 485 486 569
t 486 570 569
t 486 487 570
t 487 571 570
t 487 488 571
t 488 572 571
t 488 489 572
t 489 573 572
t 489 490 573
t 490 574 573
t 490 491 574
t 491 575 574
t 491 492 575
t 492 576 575
t 492 493 576
t 493 577 576
t 493 494 577
t 494 578 577
t 494 495 578
t 495 579 578
t 495 496 579
t 496 580 579
t 496 497 580
t 497 581 580
t 497 498 581
t 498 582 581
t 498 499 582
t 499 583 582
t 499 500 583
t 500 584 583
t 500 501 584
t 501 585 584
t 501 502 585
t 502 586 585
t 502 503 586
t 503 587 586
t 503 504 587
t 504 588 587
t 504 505 588
t 505 589 588
t 505 506 589
t 506 590 589
t 506 507 590
t 507 591 590
t 507 508 591
t 508 592 591
t 508 509 592
t 509 69 592
t 509 510 69
t 510 511 69
t 511 512 69
t 512 513 69
t 513 514 69
t 514 515 69
t 515 516 69
t 516 54 69
t 130 128 129
t 130 127 128
t 130 126 127
t 130 125 126
t 130 124 125
t 130 123 124
t 130 122 123
t 130 121 122
t 130 120 121
t 130 119 120
t 130 118 119
t 130 117 118
t 130 116 117
t 69 70 71
t 69 71 72
t 69 72 73
t 69 73 74
t 69 74 75
t 69 75 76
t 69 76 77
t 69 77 78
t 69 78 79
t 69 79 80
t 69 80 81
t 69 81 82
t 69 82 83
t 69 83 84
t 69 84 85
t 130 517 116
t 517 518 116
t 518 519 116
t 519 520 116
t 520 521 116
t 521 522 116
t 522 523 116
t 523 524 116
t 524 525 116
t 525 526 116
t 526 527 116
t 527 528 116
t 528 529 116
t 529 115 116
t 529 530 115
t 530 531 115
t 531 114 115
t 531 532 114
t 532 533 114
t 533 113 114
t 533 534 113
t 534 535 113
t 535 112 113
t 535 536 112
t 536 537 112
t 537 111 112
t 537 538 111
t 538 110 111
t 538 539 110
t 539 540 110
t 540 109 110
t 540 541 109
t 541 542 109
t 542 108 109
t 542 543 108
t 543 544 108
t 544 107 108
t 544 545 107
t 545 546 107
t 546 106 107
t 546 547 106
t 547 105 106
t 547 548 105
t 548 549 105
t 549 104 105
t 549 550 104
t 550 551 104
t 551 103 104
t 551 552 103
t 552 553 103
t 553 102 103
t 553 554 102
t 554 555 102
t 555 101 102
t 555 556 101
t 556 100 101
t 556 557 100
t 557 558 100
t 558 99 100
t 558 559 99
t 559 560 99
t 560 98 99
t 560 561 98
t 561 562 98
t 562 97 98
t 562 563 97
t 563 564 97
t 564 96 97
t 564 565 96
t 565 95 96
t 565 566 95
t 566 567 95
t 567 94 95
t 567 568 94
t 568 569 94
t 569 93 94
t 569 570 93
t 570 571 93
t 571 92 93
t 571 572 92
t 572 573 92
t 573 91 92
t 573 574 91
t 574 90 91
t 574 575 90
t 575 576 90
t 576 89 90
t 576 577 89
t 577 578 89
t 578 88 89
t 578 579 88
t 579 580 88
t 580 87 88
t 580 581 87
t 581 582 87
t 582 86 87
t 582 583 86
t 583 584 86
t 584 585 86
t 585 586 86
t 586 587 86
t 587 588 86
t 588 589 86
t 589 590 86
t 590 591 86
t 591 592 86
t 592 69 86
t 69 85 86
