type=Cylinder forward=true n_boundary=196 n_holes=0 n_interior=31 n_tris=194 label=brep47598_f97_Cylinder
boundary
b 1.817501355 0.375154771
b 1.814264067 0.368392158
b 1.811025783 0.361622033
b 1.807786435 0.354844314
b 1.804545956 0.348058921
b 1.801304275 0.341265770
b 1.798061325 0.334464781
b 1.794817036 0.327655871
b 1.791571339 0.320838957
b 1.788324165 0.314013960
b 1.785075445 0.307180795
b 1.781825108 0.300339383
b 1.778573086 0.293489640
b 1.775319307 0.286631485
b 1.772063703 0.279764835
b 1.768806204 0.272889610
b 1.765546738 0.266005727
b 1.762285236 0.259113104
b 1.759021637 0.252211679
b 1.755755984 0.245301613
b 1.752488387 0.238383211
b 1.749218959 0.231456783
b 1.745947813 0.224522636
b 1.742675060 0.217581078
b 1.739400812 0.210632418
b 1.736125181 0.203676965
b 1.732848281 0.196715026
b 1.729570222 0.189746909
b 1.726291117 0.182772923
b 1.723011077 0.175793377
b 1.719730215 0.168808577
b 1.716448641 0.161818834
b 1.713166469 0.154824454
b 1.709883808 0.147825747
b 1.706600771 0.140823020
b 1.703317469 0.133816582
b 1.700034011 0.126806738
b 1.696750439 0.119793651
b 1.693466690 0.112777259
b 1.690182691 0.105757482
b 1.686898369 0.098734239
b 1.683613651 0.091707451
b 1.680328466 0.084677038
b 1.677042739 0.077642917
b 1.673756398 0.070605010
b 1.670469371 0.063563236
b 1.667181584 0.056517515
b 1.663892965 0.049467766
b 1.660603441 0.042413909
b 1.657312938 0.035355864
b 1.654021385 0.028293550
b 1.650728709 0.021226887
b 1.647434836 0.014155794
b 1.644139694 0.007080192
b 1.640843210 0.000000000
b 1.665158562 -0.000000000
b 1.689473913 -0.000000000
b 1.713789265 -0.000000000
b 1.738104617 -0.000000000
b 1.762419968 -0.000000000
b 1.786735320 -0.000000000
b 1.811050671 -0.000000000
b 1.835366023 -0.000000000
b 1.859681375 -0.000000000
b 1.883996726 -0.000000000
b 1.908312078 -0.000000000
b 1.932627429 -0.000000000
b 1.956942781 -0.000000000
b 1.981258133 -0.000000000
b 2.005573484 -0.000000000
b 2.029888836 -0.000000000
b 2.054204188 -0.000000000
b 2.078519539 -0.000000000
b 2.102834891 -0.000000000
b 2.127150242 -0.000000000
b 2.151465594 -0.000000000
b 2.175780946 -0.000000000
b 2.200096297 -0.000000000
b 2.224411649 -0.000000000
b 2.248727000 -0.000000000
b 2.273042352 -0.000000000
b 2.297357704 -0.000000000
b 2.321673055 -0.000000000
b 2.345988407 -0.000000000
b 2.370303759 -0.000000000
b 2.394619110 0.000000000
b 2.389580550 0.002968157
b 2.384573018 0.005938960
b 2.379596433 0.008912071
b 2.374650720 0.011887151
b 2.369735808 0.014863862
b 2.364851628 0.017841865
b 2.359998118 0.020820823
b 2.355175221 0.023800396
b 2.350382880 0.026780247
b 2.345621047 0.029760037
b 2.340889677 0.032739427
b 2.336188727 0.035718080
b 2.331518161 0.038695656
b 2.326877947 0.041671819
b 2.322268055 0.044646228
b 2.317688463 0.047618547
b 2.313139150 0.050588435
b 2.308620101 0.053555556
b 2.304131288 0.056519585
b 2.299672483 0.059480358
b 2.295243332 0.062437815
b 2.290843482 0.065391898
b 2.286472581 0.068342550
b 2.282130280 0.071289713
b 2.277816233 0.074233328
b 2.273530096 0.077173338
b 2.269271529 0.080109685
b 2.265040193 0.083042310
b 2.260835755 0.085971157
b 2.256657881 0.088896166
b 2.252506242 0.091817280
b 2.248380514 0.094734441
b 2.244280373 0.097647591
b 2.240205500 0.100556673
b 2.236155578 0.103461627
b 2.232130294 0.106362397
b 2.228129339 0.109258923
b 2.224152508 0.112151091
b 2.220199749 0.115038702
b 2.216271027 0.117921548
b 2.212366308 0.120799422
b 2.208485560 0.123672118
b 2.204628753 0.126539426
b 2.200795858 0.129401142
b 2.196986850 0.132257057
b 2.193201704 0.135106964
b 2.189440397 0.137950657
b 2.185702910 0.140787927
b 2.181989224 0.143618569
b 2.178299322 0.146442374
b 2.174633189 0.149259135
b 2.170990813 0.152068646
b 2.167372183 0.154870699
b 2.163777289 0.157665087
b 2.160206126 0.160451603
b 2.154401753 0.164976515
b 2.148584430 0.169486184
b 2.142753651 0.173980729
b 2.136908904 0.178460270
b 2.131049669 0.182924925
b 2.125175422 0.187374816
b 2.119285632 0.191810061
b 2.113379763 0.196230779
b 2.107457273 0.200637091
b 2.101517613 0.205029116
b 2.095560230 0.209406974
b 2.089584566 0.213770783
b 2.083590058 0.218120665
b 2.077576136 0.222456737
b 2.071542228 0.226779121
b 2.065487755 0.231087935
b 2.059412136 0.235383298
b 2.053314783 0.239665332
b 2.047195200 0.243934099
b 2.041053973 0.248189020
b 2.034892394 0.252429102
b 2.028711765 0.256653341
b 2.022513390 0.260860738
b 2.016298573 0.265050290
b 2.010068619 0.269220996
b 2.003824832 0.273371855
b 1.997568515 0.277501865
b 1.991300968 0.281610025
b 1.985023491 0.285695333
b 1.978737380 0.289756787
b 1.972443927 0.293793387
b 1.966144422 0.297804131
b 1.959840149 0.301788017
b 1.953532387 0.305744044
b 1.947222411 0.309671211
b 1.940911488 0.313568515
b 1.934600870 0.317434964
b 1.928291166 0.321270032
b 1.921982006 0.325073919
b 1.915672932 0.328846889
b 1.909363488 0.332589203
b 1.903053216 0.336301125
b 1.896741661 0.339982917
b 1.890428367 0.343634842
b 1.884112877 0.347257163
b 1.877794738 0.350850143
b 1.871473495 0.354414044
b 1.865148695 0.357949129
b 1.858819886 0.361455662
b 1.852486618 0.364933903
b 1.846148441 0.368384118
b 1.839804908 0.371806567
b 1.833455572 0.375201515
b 1.827099989 0.378569223
b 1.820737716 0.381909955
interior
i 1.703657868 0.063651659
i 1.766472527 0.063651659
i 1.829287185 0.063651659
i 1.892101843 0.063651659
i 1.954916502 0.063651659
i 2.017731160 0.063651659
i 2.080545818 0.063651659
i 2.143360477 0.063651659
i 2.206175135 0.063651659
i 2.268989793 0.063651659
i 1.703657868 0.127303318
i 1.766472527 0.127303318
i 1.829287185 0.127303318
i 1.892101843 0.127303318
i 1.954916502 0.127303318
i 2.017731160 0.127303318
i 2.080545818 0.127303318
i 2.143360477 0.127303318
i 1.766472527 0.190954978
i 1.829287185 0.190954978
i 1.892101843 0.190954978
i 1.954916502 0.190954978
i 2.017731160 0.190954978
i 2.080545818 0.190954978
i 1.766472527 0.254606637
i 1.829287185 0.254606637
i 1.892101843 0.254606637
i 1.954916502 0.254606637
i 2.017731160 0.254606637
i 1.829287185 0.318258296
i 1.892101843 0.318258296
tris
t 54 52 53
t 54 51 52
t 54 50 51
t 54 49 50
t 54 48 49
t 54 47 48
t 54 55 47
t 55 46 47
t 55 45 46
t 55 44 45
t 55 43 44
t 55 42 43
t 55 41 42
t 55 40 41
t 55 56 40
t 56 39 40
t 56 38 39
t 56 37 38
t 56 36 37
t 56 35 36
t 56 34 35
t 56 33 34
t 56 32 33
t 56 57 32
t 57 31 32
t 57 30 31
t 57 29 30
t 57 28 29
t 57 27 28
t 57 26 27
t 57 25 26
t 57 58 25
t 58 24 25
t 58 23 24
t 58 22 23
t 58 21 22
t 58 20 21
t 58 19 20
t 58 18 19
t 58 17 18
t 58 59 17
t 59 16 17
t 59 15 16
t 59 14 15
t 59 13 14
t 59 12 13
t 59 11 12
t 59 10 11
t 59 60 10
t 60 9 10
t 60 8 9
t 60 7 8
t 60 6 7
t 60 5 6
t 60 4 5
t 60 3 4
t 60 2 3
t 60 61 2
t 61 1 2
t 61 0 1
t 61 195 0
t 61 194 195
t 61 193 194
t 61 62 193
t 62 192 193
t 62 191 192
t 62 190 191
t 62 189 190
t 62 63 189
t 63 188 189
t 63 187 188
t 63 186 187
t 63 64 186
t 64 185 186
t 64 184 185
t 64 183 184
t 64 182 183
t 64 65 182
t 65 181 182
t 65 180 181
t 65 179 180
t 65 178 179
t 65 66 178
t 66 177 178
t 66 176 177
t 66 175 176
t 66 174 175
t 66 67 174
t 67 173 174
t 67 172 173
t 67 171 172
t 67 170 171
t 67 68 170
t 68 169 170
t 68 168 169
t 68 167 168
t 68 166 167
t 68 69 166
t 69 165 166
t 69 164 165
t 69 163 164
t 69 162 163
t 69 70 162
t 70 161 162
t 70 160 161
t 70 159 160
t 70 158 159
t 70 71 158
t 71 157 158
t 71 156 157
t 71 155 156
t 71 154 155
t 71 72 154
t 72 153 154
t 72 152 153
t 72 151 152
t 72 150 151
t 72 73 150
t 73 149 150
t 73 148 149
t 73 147 148
t 73 146 147
t 73 74 146
t 74 145 146
t 74 144 145
t 74 143 144
t 74 142 143
t 74 75 142
t 75 141 142
t 75 140 141
t 75 139 140
t 75 138 139
t 75 137 138
t 75 136 137
t 75 76 136
t 76 135 136
t 76 134 135
t 76 133 134
t 76 132 133
t 76 131 132
t 76 130 131
t 76 77 130
t 77 129 130
t 77 128 129
t 77 127 128
t 77 126 127
t 77 125 126
t 77 124 125
t 77 123 124
t 77 78 123
t 78 122 123
t 78 121 122
t 78 120 121
t 78 119 120
t 78 118 119
t 78 117 118
t 78 79 117
t 79 116 117
t 79 115 116
t 79 114 115
t 79 113 114
t 79 112 113
t 79 80 112
t 80 111 112
t 80 110 111
t 80 109 110
t 80 108 109
t 80 107 108
t 80 106 107
t 80 81 106
t 81 105 106
t 81 104 105
t 81 103 104
t 81 102 103
t 81 101 102
t 81 82 101
t 82 100 101
t 82 99 100
t 82 98 99
t 82 97 98
t 82 96 97
t 82 95 96
t 82 83 95
t 83 94 95
t 83 93 94
t 83 92 93
t 83 91 92
t 83 90 91
t 83 84 90
t 84 89 90
t 84 88 89
t 84 87 88
t 84 86 87
t 84 85 86
