type=Nurbs forward=false n_boundary=165 n_holes=0 n_interior=79 n_tris=2461 label=brep62542_f88_Nurbs(deg=3/3, cps=4x15)
boundary
b 0.080286839 -0.000000000
b 0.109579490 0.015974745
b 0.138393260 0.031732034
b 0.166608478 0.047246366
b 0.194110410 0.062492945
b 0.220788550 0.077447628
b 0.246536069 0.092086949
b 0.271273750 0.106401268
b 0.295050408 0.120450872
b 0.317955229 0.134320089
b 0.340077554 0.148093121
b 0.361511422 0.161853840
b 0.382365210 0.175685575
b 0.402760074 0.189666677
b 0.422743923 0.203842170
b 0.442323180 0.218241769
b 0.461502425 0.232895466
b 0.480290372 0.247833721
b 0.498712911 0.263088171
b 0.516804395 0.278689332
b 0.534570805 0.294649211
b 0.551996622 0.310968460
b 0.569067908 0.327648573
b 0.585780138 0.344692959
b 0.602136234 0.362106804
b 0.618144439 0.379896112
b 0.633810967 0.398057795
b 0.649135899 0.416581312
b 0.664110004 0.435457839
b 0.678714474 0.454680795
b 0.692928929 0.474245764
b 0.706734329 0.494149670
b 0.720152574 0.514365622
b 0.733235126 0.534837632
b 0.746000487 0.555508111
b 0.758432056 0.576320736
b 0.770475657 0.597220972
b 0.782037986 0.618156789
b 0.793057762 0.639098530
b 0.803558949 0.660049029
b 0.813568802 0.681014135
b 0.823117597 0.701999587
b 0.832238915 0.723010973
b 0.840969694 0.744053687
b 0.849345999 0.765130103
b 0.857387131 0.786235708
b 0.865101285 0.807364765
b 0.872490950 0.828511695
b 0.879552879 0.849671135
b 0.886278073 0.870837986
b 0.892660907 0.892008444
b 0.898709387 0.913183039
b 0.904430618 0.934363622
b 0.909832077 0.955552046
b 0.914921680 0.976750169
b 0.919707832 0.997959852
b 0.902983575 0.997967548
b 0.886502985 0.997976480
b 0.870243426 0.997986653
b 0.854182917 0.997998073
b 0.838300117 0.998010746
b 0.822574320 0.998024678
b 0.806985442 0.998039872
b 0.791514010 0.998056334
b 0.776141155 0.998074070
b 0.760848604 0.998093084
b 0.745618677 0.998113380
b 0.730436882 0.998134960
b 0.715299562 0.998157816
b 0.700205788 0.998181933
b 0.685154676 0.998207300
b 0.670145356 0.998233903
b 0.655176932 0.998261727
b 0.640248448 0.998290757
b 0.625358859 0.998320979
b 0.610506989 0.998352377
b 0.595691507 0.998384933
b 0.580910887 0.998418631
b 0.566162662 0.998453452
b 0.551441370 0.998489379
b 0.536740898 0.998526393
b 0.522055206 0.998564473
b 0.507378310 0.998603600
b 0.492704254 0.998643753
b 0.478027096 0.998684911
b 0.463340877 0.998727052
b 0.448639610 0.998770153
b 0.433917248 0.998814193
b 0.419167671 0.998859146
b 0.404385411 0.998904987
b 0.389568015 0.998951671
b 0.374713979 0.998999154
b 0.359821988 0.999047388
b 0.344890887 0.999096325
b 0.329919648 0.999145918
b 0.314907332 0.999196118
b 0.299853061 0.999246875
b 0.284755977 0.999298141
b 0.269615213 0.999349864
b 0.254429850 0.999401995
b 0.239196239 0.999454491
b 0.223899866 0.999507348
b 0.208523017 0.999560571
b 0.193047388 0.999614164
b 0.177454076 0.999668132
b 0.161723573 0.999722477
b 0.145835756 0.999777204
b 0.129769878 0.999832317
b 0.113504559 0.999887818
b 0.097017773 0.999943712
b 0.080286839 1.000000000
b 0.080286774 0.981644039
b 0.080286607 0.963298375
b 0.080286422 0.944962062
b 0.080286298 0.926634182
b 0.080286308 0.908313841
b 0.080286517 0.890000182
b 0.080286980 0.871692380
b 0.080287558 0.853389929
b 0.080288050 0.835093008
b 0.080288344 0.816801905
b 0.080288364 0.798516923
b 0.080288069 0.780238379
b 0.080287452 0.761966597
b 0.080286549 0.743701911
b 0.080285429 0.725444760
b 0.080284240 0.707195861
b 0.080283212 0.688956012
b 0.080282661 0.670726058
b 0.080283000 0.652506888
b 0.080284740 0.634299425
b 0.080288326 0.616104599
b 0.080292727 0.597922607
b 0.080296832 0.579752766
b 0.080299687 0.561594357
b 0.080300362 0.543446686
b 0.080297954 0.525309093
b 0.080291582 0.507180948
b 0.080281238 0.489061713
b 0.080269014 0.470952098
b 0.080257584 0.452854125
b 0.080249942 0.434769985
b 0.080249420 0.416701975
b 0.080259507 0.398652467
b 0.080278667 0.380623391
b 0.080299933 0.362615758
b 0.080317098 0.344625443
b 0.080324060 0.326644637
b 0.080314059 0.308665457
b 0.080290425 0.290679567
b 0.080272331 0.272677838
b 0.080279206 0.254650987
b 0.080323988 0.236590549
b 0.080376652 0.218495707
b 0.080414448 0.200370259
b 0.080428654 0.182218280
b 0.080411390 0.164043768
b 0.080358103 0.145850716
b 0.080293550 0.127644128
b 0.080254307 0.109428739
b 0.080241729 0.091204761
b 0.080244662 0.072970967
b 0.080255408 0.054729122
b 0.080269232 0.036483649
b 0.080281411 0.018239096
interior
i 0.185174992 0.125000000
i 0.290108255 0.125000000
i 0.185174992 0.250000000
i 0.290108255 0.250000000
i 0.395041518 0.250000000
i 0.185174992 0.375000000
i 0.290108255 0.375000000
i 0.395041518 0.375000000
i 0.499974781 0.375000000
i 0.604908044 0.375000000
i 0.185174992 0.500000000
i 0.290108255 0.500000000
i 0.395041518 0.500000000
i 0.499974781 0.500000000
i 0.604908044 0.500000000
i 0.709841307 0.500000000
i 0.185174992 0.625000000
i 0.290108255 0.625000000
i 0.395041518 0.625000000
i 0.499974781 0.625000000
i 0.604908044 0.625000000
i 0.709841307 0.625000000
i 0.185174992 0.750000000
i 0.290108255 0.750000000
i 0.395041518 0.750000000
i 0.499974781 0.750000000
i 0.604908044 0.750000000
i 0.709841307 0.750000000
i 0.814774569 0.750000000
i 0.185174992 0.875000000
i 0.290108255 0.875000000
i 0.395041518 0.875000000
i 0.499974781 0.875000000
i 0.604908044 0.875000000
i 0.709841307 0.875000000
i 0.814774569 0.875000000
i 0.132708361 0.062500000
i 0.132708361 0.187500000
i 0.132708361 0.312500000
i 0.132708361 0.437500000
i 0.132708361 0.562500000
i 0.132708361 0.687500000
i 0.132708361 0.812500000
i 0.132708361 0.937500000
i 0.237641624 0.187500000
i 0.237641624 0.312500000
i 0.237641624 0.437500000
i 0.237641624 0.562500000
i 0.237641624 0.687500000
i 0.237641624 0.812500000
i 0.237641624 0.937500000
i 0.342574887 0.187500000
i 0.342574887 0.312500000
i 0.342574887 0.437500000
i 0.342574887 0.562500000
i 0.342574887 0.687500000
i 0.342574887 0.812500000
i 0.342574887 0.937500000
i 0.447508149 0.312500000
i 0.447508149 0.437500000
i 0.447508149 0.562500000
i 0.447508149 0.687500000
i 0.447508149 0.812500000
i 0.447508149 0.937500000
i 0.552441412 0.312500000
i 0.552441412 0.437500000
i 0.552441412 0.562500000
i 0.552441412 0.687500000
i 0.552441412 0.812500000
i 0.552441412 0.937500000
i 0.657374675 0.437500000
i 0.657374675 0.562500000
i 0.657374675 0.687500000
i 0.657374675 0.812500000
i 0.657374675 0.937500000
i 0.762307938 0.687500000
i 0.762307938 0.812500000
i 0.762307938 0.937500000
i 0.867241201 0.937500000
tris
t 0 163 164
t 0 162 163
t 0 161 162
t 0 160 161
t 0 159 160
t 0 158 159
t 0 1 2
t 0 2 3
t 0 3 4
t 0 4 5
t 0 5 6
t 0 6 7
t 0 7 8
t 0 8 9
t 0 244 158
t 0 245 244
t 0 246 245
t 0 247 246
t 0 248 247
t 0 249 248
t 0 250 249
t 0 251 250
t 0 252 251
t 0 253 252
t 0 254 253
t 0 255 254
t 0 256 255
t 0 257 256
t 0 258 257
t 0 259 258
t 0 260 259
t 0 261 260
t 0 262 261
t 0 263 262
t 0 264 263
t 0 265 264
t 0 266 265
t 0 267 266
t 0 268 267
t 0 269 268
t 0 270 269
t 0 271 270
t 0 272 271
t 0 273 272
t 0 274 273
t 0 275 274
t 0 276 275
t 0 277 276
t 0 9 277
t 158 156 157
t 158 155 156
t 158 154 155
t 158 153 154
t 158 152 153
t 158 151 152
t 158 150 151
t 9 10 11
t 9 11 12
t 9 12 13
t 9 13 14
t 9 14 15
t 9 15 16
t 9 16 17
t 9 17 18
t 9 18 19
t 158 278 150
t 158 279 278
t 158 280 279
t 158 281 280
t 158 282 281
t 158 283 282
t 158 284 283
t 158 285 284
t 158 286 285
t 158 287 286
t 158 288 287
t 158 244 288
t 244 289 288
t 244 245 289
t 245 290 289
t 245 246 290
t 246 291 290
t 246 247 291
t 247 292 291
t 247 248 292
t 248 293 292
t 248 249 293
t 249 294 293
t 249 250 294
t 250 295 294
t 250 251 295
t 251 296 295
t 251 252 296
t 252 297 296
t 252 253 297
t 253 298 297
t 253 254 298
t 254 299 298
t 254 255 299
t 255 300 299
t 255 256 300
t 256 301 300
t 256 257 301
t 257 302 301
t 257 258 302
t 258 303 302
t 258 259 303
t 259 304 303
t 259 260 304
t 260 305 304
t 260 261 305
t 261 306 305
t 261 262 306
t 262 307 306
t 262 263 307
t 263 308 307
t 263 264 308
t 264 309 308
t 264 265 309
t 265 310 309
t 265 266 310
t 266 311 310
t 266 267 311
t 267 312 311
t 267 268 312
t 268 313 312
t 268 269 313
t 269 314 313
t 269 270 314
t 270 315 314
t 270 271 315
t 271 316 315
t 271 272 316
t 272 317 316
t 272 273 317
t 273 318 317
t 273 274 318
t 274 319 318
t 274 275 319
t 275 320 319
t 275 276 320
t 276 321 320
t 276 277 321
t 277 322 321
t 277 9 322
t 9 323 322
t 9 324 323
t 9 325 324
t 9 326 325
t 9 327 326
t 9 328 327
t 9 329 328
t 9 330 329
t 9 331 330
t 9 332 331
t 9 333 332
t 9 334 333
t 9 335 334
t 9 336 335
t 9 337 336
t 9 338 337
t 9 339 338
t 9 340 339
t 9 341 340
t 9 342 341
t 9 343 342
t 9 344 343
t 9 345 344
t 9 19 345
t 150 148 149
t 150 147 148
t 150 146 147
t 150 145 146
t 150 144 145
t 150 143 144
t 150 142 143
t 19 20 21
t 19 21 22
t 19 22 23
t 19 23 24
t 19 24 25
t 19 25 26
t 19 26 27
t 150 346 142
t 150 347 346
t 150 348 347
t 150 349 348
t 150 350 349
t 150 351 350
t 150 278 351
t 278 352 351
t 278 279 352
t 279 353 352
t 279 280 353
t 280 354 353
t 280 281 354
t 281 355 354
t 281 282 355
t 282 356 355
t 282 283 356
t 283 357 356
t 283 284 357
t 284 358 357
t 284 285 358
t 285 359 358
t 285 286 359
t 286 360 359
t 286 287 360
t 287 361 360
t 287 288 361
t 288 362 361
t 288 289 362
t 289 363 362
t 289 290 363
t 290 364 363
t 290 291 364
t 291 365 364
t 291 292 365
t 292 366 365
t 292 293 366
t 293 367 366
t 293 294 367
t 294 368 367
t 294 295 368
t 295 369 368
t 295 296 369
t 296 370 369
t 296 297 370
t 297 371 370
t 297 298 371
t 298 372 371
t 298 299 372
t 299 373 372
t 299 300 373
t 300 374 373
t 300 301 374
t 301 375 374
t 301 302 375
t 302 376 375
t 302 303 376
t 303 377 376
t 303 304 377
t 304 378 377
t 304 305 378
t 305 379 378
t 305 306 379
t 306 380 379
t 306 307 380
t 307 381 380
t 307 308 381
t 308 382 381
t 308 309 382
t 309 383 382
t 309 310 383
t 310 384 383
t 310 311 384
t 311 385 384
t 311 312 385
t 312 386 385
t 312 313 386
t 313 387 386
t 313 314 387
t 314 388 387
t 314 315 388
t 315 389 388
t 315 316 389
t 316 390 389
t 316 317 390
t 317 391 390
t 317 318 391
t 318 392 391
t 318 319 392
t 319 393 392
t 319 320 393
t 320 394 393
t 320 321 394
t 321 395 394
t 321 322 395
t 322 396 395
t 322 323 396
t 323 397 396
t 323 324 397
t 324 398 397
t 324 325 398
t 325 399 398
t 325 326 399
t 326 400 399
t 326 327 400
t 327 401 400
t 327 328 401
t 328 402 401
t 328 329 402
t 329 403 402
t 329 330 403
t 330 404 403
t 330 331 404
t 331 405 404
t 331 332 405
t 332 406 405
t 332 333 406
t 333 407 406
t 333 334 407
t 334 408 407
t 334 335 408
t 335 409 408
t 335 336 409
t 336 410 409
t 336 337 410
t 337 411 410
t 337 338 411
t 338 412 411
t 338 339 412
t 339 413 412
t 339 340 413
t 340 414 413
t 340 341 414
t 341 415 414
t 341 342 415
t 342 416 415
t 342 343 416
t 343 417 416
t 343 344 417
t 344 418 417
t 344 345 418
t 345 419 418
t 345 19 419
t 19 420 419
t 19 421 420
t 19 422 421
t 19 423 422
t 19 424 423
t 19 425 424
t 19 426 425
t 19 427 426
t 19 428 427
t 19 429 428
t 19 430 429
t 19 431 430
t 19 432 431
t 19 433 432
t 19 434 433
t 19 435 434
t 19 436 435
t 19 27 436
t 142 140 141
t 142 139 140
t 142 138 139
t 142 137 138
t 142 136 137
t 142 135 136
t 142 134 135
t 27 28 29
t 27 29 30
t 27 30 31
t 27 31 32
t 27 32 33
t 27 33 34
t 142 346 134
t 346 347 134
t 347 348 134
t 348 349 134
t 349 350 134
t 350 351 134
t 351 352 134
t 352 353 134
t 353 354 134
t 354 355 134
t 355 356 134
t 356 357 134
t 357 358 134
t 358 359 134
t 359 360 134
t 360 361 134
t 361 362 134
t 362 363 134
t 363 364 134
t 364 365 134
t 365 366 134
t 366 437 134
t 366 367 437
t 367 438 437
t 367 368 438
t 368 439 438
t 368 369 439
t 369 440 439
t 369 370 440
t 370 441 440
t 370 371 441
t 371 442 441
t 371 372 442
t 372 443 442
t 372 373 443
t 373 444 443
t 373 374 444
t 374 445 444
t 374 375 445
t 375 446 445
t 375 376 446
t 376 447 446
t 376 377 447
t 377 448 447
t 377 378 448
t 378 449 448
t 378 379 449
t 379 450 449
t 379 380 450
t 380 451 450
t 380 381 451
t 381 452 451
t 381 382 452
t 382 453 452
t 382 383 453
t 383 454 453
t 383 384 454
t 384 455 454
t 384 385 455
t 385 456 455
t 385 386 456
t 386 457 456
t 386 387 457
t 387 458 457
t 387 388 458
t 388 459 458
t 388 389 459
t 389 460 459
t 389 390 460
t 390 461 460
t 390 391 461
t 391 462 461
t 391 392 462
t 392 463 462
t 392 393 463
t 393 464 463
t 393 394 464
t 394 465 464
t 394 395 465
t 395 466 465
t 395 396 466
t 396 467 466
t 396 397 467
t 397 468 467
t 397 398 468
t 398 469 468
t 398 399 469
t 399 470 469
t 399 400 470
t 400 471 470
t 400 401 471
t 401 472 471
t 401 402 472
t 402 473 472
t 402 403 473
t 403 474 473
t 403 404 474
t 404 475 474
t 404 405 475
t 405 476 475
t 405 406 476
t 406 477 476
t 406 407 477
t 407 478 477
t 407 408 478
t 408 479 478
t 408 409 479
t 409 480 479
t 409 410 480
t 410 481 480
t 410 411 481
t 411 482 481
t 411 412 482
t 412 483 482
t 412 413 483
t 413 484 483
t 413 414 484
t 414 485 484
t 414 415 485
t 415 486 485
t 415 416 486
t 416 487 486
t 416 417 487
t 417 488 487
t 417 418 488
t 418 489 488
t 418 419 489
t 419 490 489
t 419 420 490
t 420 491 490
t 420 421 491
t 421 492 491
t 421 422 492
t 422 493 492
t 422 423 493
t 423 494 493
t 423 424 494
t 424 495 494
t 424 425 495
t 425 496 495
t 425 426 496
t 426 497 496
t 426 427 497
t 427 498 497
t 427 428 498
t 428 499 498
t 428 429 499
t 429 500 499
t 429 430 500
t 430 501 500
t 430 431 501
t 431 502 501
t 431 432 502
t 432 503 502
t 432 433 503
t 433 504 503
t 433 434 504
t 434 505 504
t 434 435 505
t 435 506 505
t 435 436 506
t 436 507 506
t 436 27 507
t 27 508 507
t 27 509 508
t 27 510 509
t 27 511 510
t 27 512 511
t 27 513 512
t 27 514 513
t 27 515 514
t 27 516 515
t 27 517 516
t 27 518 517
t 27 519 518
t 27 520 519
t 27 521 520
t 27 34 521
t 134 132 133
t 134 131 132
t 134 130 131
t 34 35 36
t 34 36 37
t 134 522 130
t 134 523 522
t 134 524 523
t 134 525 524
t 134 526 525
t 134 527 526
t 134 528 527
t 134 529 528
t 134 530 529
t 134 437 530
t 437 531 530
t 437 438 531
t 438 532 531
t 438 439 532
t 439 533 532
t 439 440 533
t 440 534 533
t 440 441 534
t 441 535 534
t 441 442 535
t 442 536 535
t 442 443 536
t 443 537 536
t 443 444 537
t 444 538 537
t 444 445 538
t 445 539 538
t 445 446 539
t 446 540 539
t 446 447 540
t 447 541 540
t 447 448 541
t 448 542 541
t 448 449 542
t 449 543 542
t 449 450 543
t 450 544 543
t 450 451 544
t 451 545 544
t 451 452 545
t 452 546 545
t 452 453 546
t 453 547 546
t 453 454 547
t 454 548 547
t 454 455 548
t 455 549 548
t 455 456 549
t 456 550 549
t 456 457 550
t 457 551 550
t 457 458 551
t 458 552 551
t 458 459 552
t 459 553 552
t 459 460 553
t 460 554 553
t 460 461 554
t 461 555 554
t 461 462 555
t 462 556 555
t 462 463 556
t 463 557 556
t 463 464 557
t 464 558 557
t 464 465 558
t 465 559 558
t 465 466 559
t 466 560 559
t 466 467 560
t 467 561 560
t 467 468 561
t 468 562 561
t 468 469 562
t 469 563 562
t 469 470 563
t 470 564 563
t 470 471 564
t 471 565 564
t 471 472 565
t 472 566 565
t 472 473 566
t 473 567 566
t 473 474 567
t 474 568 567
t 474 475 568
t 475 569 568
t 475 476 569
t 476 570 569
t 476 477 570
t 477 571 570
t 477 478 571
t 478 572 571
t 478 479 572
t 479 573 572
t 479 480 573
t 480 574 573
t 480 481 574
t 481 575 574
t 481 482 575
t 482 576 575
t 482 483 576
t 483 577 576
t 483 484 577
t 484 578 577
t 484 485 578
t 485 579 578
t 485 486 579
t 486 580 579
t 486 487 580
t 487 581 580
t 487 488 581
t 488 582 581
t 488 489 582
t 489 583 582
t 489 490 583
t 490 584 583
t 490 491 584
t 491 585 584
t 491 492 585
t 492 586 585
t 492 493 586
t 493 587 586
t 493 494 587
t 494 588 587
t 494 495 588
t 495 589 588
t 495 496 589
t 496 590 589
t 496 497 590
t 497 591 590
t 497 498 591
t 498 592 591
t 498 499 592
t 499 593 592
t 499 500 593
t 500 594 593
t 500 501 594
t 501 595 594
t 501 502 595
t 502 596 595
t 502 503 596
t 503 597 596
t 503 504 597
t 504 598 597
t 504 505 598
t 505 599 598
t 505 506 599
t 506 600 599
t 506 507 600
t 507 601 600
t 507 508 601
t 508 602 601
t 508 509 602
t 509 603 602
t 509 510 603
t 510 604 603
t 510 511 604
t 511 605 604
t 511 512 605
t 512 606 605
t 512 513 606
t 513 607 606
t 513 514 607
t 514 608 607
t 514 515 608
t 515 609 608
t 515 516 609
t 516 610 609
t 516 517 610
t 517 611 610
t 517 518 611
t 518 612 611
t 518 519 612
t 519 613 612
t 519 520 613
t 520 614 613
t 520 521 614
t 521 615 614
t 521 34 615
t 34 616 615
t 34 617 616
t 34 618 617
t 34 619 618
t 34 620 619
t 34 37 620
t 130 128 129
t 130 127 128
t 130 126 127
t 37 38 39
t 37 39 40
t 37 40 41
t 130 621 126
t 130 522 621
t 522 622 621
t 522 523 622
t 523 623 622
t 523 524 623
t 524 624 623
t 524 525 624
t 525 625 624
t 525 526 625
t 526 626 625
t 526 527 626
t 527 627 626
t 527 528 627
t 528 628 627
t 528 529 628
t 529 629 628
t 529 530 629
t 530 630 629
t 530 531 630
t 531 631 630
t 531 532 631
t 532 632 631
t 532 533 632
t 533 633 632
t 533 534 633
t 534 634 633
t 534 535 634
t 535 635 634
t 535 536 635
t 536 636 635
t 536 537 636
t 537 637 636
t 537 538 637
t 538 638 637
t 538 539 638
t 539 639 638
t 539 540 639
t 540 640 639
t 540 541 640
t 541 641 640
t 541 542 641
t 542 642 641
t 542 543 642
t 543 643 642
t 543 544 643
t 544 644 643
t 544 545 644
t 545 645 644
t 545 546 645
t 546 646 645
t 546 547 646
t 547 647 646
t 547 548 647
t 548 648 647
t 548 549 648
t 549 649 648
t 549 550 649
t 550 650 649
t 550 551 650
t 551 651 650
t 551 552 651
t 552 652 651
t 552 553 652
t 553 653 652
t 553 554 653
t 554 654 653
t 554 555 654
t 555 655 654
t 555 556 655
t 556 656 655
t 556 557 656
t 557 657 656
t 557 558 657
t 558 658 657
t 558 559 658
t 559 659 658
t 559 560 659
t 560 660 659
t 560 561 660
t 561 661 660
t 561 562 661
t 562 662 661
t 562 563 662
t 563 663 662
t 563 564 663
t 564 664 663
t 564 565 664
t 565 665 664
t 565 566 665
t 566 666 665
t 566 567 666
t 567 667 666
t 567 568 667
t 568 668 667
t 568 569 668
t 569 669 668
t 569 570 669
t 570 670 669
t 570 571 670
t 571 671 670
t 571 572 671
t 572 672 671
t 572 573 672
t 573 673 672
t 573 574 673
t 574 674 673
t 574 575 674
t 575 675 674
t 575 576 675
t 576 676 675
t 576 577 676
t 577 677 676
t 577 578 677
t 578 678 677
t 578 579 678
t 579 679 678
t 579 580 679
t 580 680 679
t 580 581 680
t 581 681 680
t 581 582 681
t 582 682 681
t 582 583 682
t 583 683 682
t 583 584 683
t 584 684 683
t 584 585 684
t 585 685 684
t 585 586 685
t 586 686 685
t 586 587 686
t 587 687 686
t 587 588 687
t 588 688 687
t 588 589 688
t 589 689 688
t 589 590 689
t 590 690 689
t 590 591 690
t 591 691 690
t 591 592 691
t 592 692 691
t 592 593 692
t 593 693 692
t 593 594 693
t 594 694 693
t 594 595 694
t 595 695 694
t 595 596 695
t 596 696 695
t 596 597 696
t 597 697 696
t 597 598 697
t 598 698 697
t 598 599 698
t 599 699 698
t 599 600 699
t 600 700 699
t 600 601 700
t 601 701 700
t 601 602 701
t 602 702 701
t 602 603 702
t 603 703 702
t 603 604 703
t 604 704 703
t 604 605 704
t 605 705 704
t 605 606 705
t 606 706 705
t 606 607 706
t 607 707 706
t 607 608 707
t 608 708 707
t 608 609 708
t 609 709 708
t 609 610 709
t 610 710 709
t 610 611 710
t 611 711 710
t 611 612 711
t 612 712 711
t 612 613 712
t 613 713 712
t 613 614 713
t 614 714 713
t 614 615 714
t 615 715 714
t 615 616 715
t 616 716 715
t 616 617 716
t 617 717 716
t 617 618 717
t 618 718 717
t 618 619 718
t 619 719 718
t 619 620 719
t 620 720 719
t 620 37 720
t 37 721 720
t 37 722 721
t 37 723 722
t 37 724 723
t 37 725 724
t 37 726 725
t 37 727 726
t 37 41 727
t 126 124 125
t 126 123 124
t 126 122 123
t 41 42 43
t 41 43 44
t 126 621 122
t 621 622 122
t 622 623 122
t 623 624 122
t 624 625 122
t 625 728 122
t 625 626 728
t 626 729 728
t 626 627 729
t 627 730 729
t 627 628 730
t 628 731 730
t 628 629 731
t 629 732 731
t 629 630 732
t 630 733 732
t 630 631 733
t 631 734 733
t 631 632 734
t 632 735 734
t 632 633 735
t 633 736 735
t 633 634 736
t 634 737 736
t 634 635 737
t 635 738 737
t 635 636 738
t 636 739 738
t 636 637 739
t 637 740 739
t 637 638 740
t 638 741 740
t 638 639 741
t 639 742 741
t 639 640 742
t 640 743 742
t 640 641 743
t 641 744 743
t 641 642 744
t 642 745 744
t 642 643 745
t 643 746 745
t 643 644 746
t 644 747 746
t 644 645 747
t 645 748 747
t 645 646 748
t 646 749 748
t 646 647 749
t 647 750 749
t 647 648 750
t 648 751 750
t 648 649 751
t 649 752 751
t 649 650 752
t 650 753 752
t 650 651 753
t 651 754 753
t 651 652 754
t 652 755 754
t 652 653 755
t 653 756 755
t 653 654 756
t 654 757 756
t 654 655 757
t 655 758 757
t 655 656 758
t 656 759 758
t 656 657 759
t 657 760 759
t 657 658 760
t 658 761 760
t 658 659 761
t 659 762 761
t 659 660 762
t 660 763 762
t 660 661 763
t 661 764 763
t 661 662 764
t 662 765 764
t 662 663 765
t 663 766 765
t 663 664 766
t 664 767 766
t 664 665 767
t 665 768 767
t 665 666 768
t 666 769 768
t 666 667 769
t 667 770 769
t 667 668 770
t 668 771 770
t 668 669 771
t 669 772 771
t 669 670 772
t 670 773 772
t 670 671 773
t 671 774 773
t 671 672 774
t 672 775 774
t 672 673 775
t 673 776 775
t 673 674 776
t 674 777 776
t 674 675 777
t 675 778 777
t 675 676 778
t 676 779 778
t 676 677 779
t 677 780 779
t 677 678 780
t 678 781 780
t 678 679 781
t 679 782 781
t 679 680 782
t 680 783 782
t 680 681 783
t 681 784 783
t 681 682 784
t 682 785 784
t 682 683 785
t 683 786 785
t 683 684 786
t 684 787 786
t 684 685 787
t 685 788 787
t 685 686 788
t 686 789 788
t 686 687 789
t 687 790 789
t 687 688 790
t 688 791 790
t 688 689 791
t 689 792 791
t 689 690 792
t 690 793 792
t 690 691 793
t 691 794 793
t 691 692 794
t 692 795 794
t 692 693 795
t 693 796 795
t 693 694 796
t 694 797 796
t 694 695 797
t 695 798 797
t 695 696 798
t 696 799 798
t 696 697 799
t 697 800 799
t 697 698 800
t 698 801 800
t 698 699 801
t 699 802 801
t 699 700 802
t 700 803 802
t 700 701 803
t 701 804 803
t 701 702 804
t 702 805 804
t 702 703 805
t 703 806 805
t 703 704 806
t 704 807 806
t 704 705 807
t 705 808 807
t 705 706 808
t 706 809 808
t 706 707 809
t 707 810 809
t 707 708 810
t 708 811 810
t 708 709 811
t 709 812 811
t 709 710 812
t 710 813 812
t 710 711 813
t 711 814 813
t 711 712 814
t 712 815 814
t 712 713 815
t 713 816 815
t 713 714 816
t 714 817 816
t 714 715 817
t 715 818 817
t 715 716 818
t 716 819 818
t 716 717 819
t 717 820 819
t 717 718 820
t 718 821 820
t 718 719 821
t 719 822 821
t 719 720 822
t 720 823 822
t 720 721 823
t 721 824 823
t 721 722 824
t 722 825 824
t 722 723 825
t 723 826 825
t 723 724 826
t 724 827 826
t 724 725 827
t 725 828 827
t 725 726 828
t 726 829 828
t 726 727 829
t 727 830 829
t 727 41 830
t 41 831 830
t 41 832 831
t 41 833 832
t 41 834 833
t 41 44 834
t 122 120 121
t 122 119 120
t 122 118 119
t 44 45 46
t 44 46 47
t 44 47 48
t 122 728 118
t 728 835 118
t 728 729 835
t 729 836 835
t 729 730 836
t 730 837 836
t 730 731 837
t 731 838 837
t 731 732 838
t 732 839 838
t 732 733 839
t 733 840 839
t 733 734 840
t 734 841 840
t 734 735 841
t 735 842 841
t 735 736 842
t 736 843 842
t 736 737 843
t 737 844 843
t 737 738 844
t 738 845 844
t 738 739 845
t 739 846 845
t 739 740 846
t 740 847 846
t 740 741 847
t 741 848 847
t 741 742 848
t 742 849 848
t 742 743 849
t 743 850 849
t 743 744 850
t 744 851 850
t 744 745 851
t 745 852 851
t 745 746 852
t 746 853 852
t 746 747 853
t 747 854 853
t 747 748 854
t 748 855 854
t 748 749 855
t 749 856 855
t 749 750 856
t 750 857 856
t 750 751 857
t 751 858 857
t 751 752 858
t 752 859 858
t 752 753 859
t 753 860 859
t 753 754 860
t 754 861 860
t 754 755 861
t 755 862 861
t 755 756 862
t 756 863 862
t 756 757 863
t 757 864 863
t 757 758 864
t 758 865 864
t 758 759 865
t 759 866 865
t 759 760 866
t 760 867 866
t 760 761 867
t 761 868 867
t 761 762 868
t 762 869 868
t 762 763 869
t 763 870 869
t 763 764 870
t 764 871 870
t 764 765 871
t 765 872 871
t 765 766 872
t 766 873 872
t 766 767 873
t 767 874 873
t 767 768 874
t 768 875 874
t 768 769 875
t 769 876 875
t 769 770 876
t 770 877 876
t 770 771 877
t 771 878 877
t 771 772 878
t 772 879 878
t 772 773 879
t 773 880 879
t 773 774 880
t 774 881 880
t 774 775 881
t 775 882 881
t 775 776 882
t 776 883 882
t 776 777 883
t 777 884 883
t 777 778 884
t 778 885 884
t 778 779 885
t 779 886 885
t 779 780 886
t 780 887 886
t 780 781 887
t 781 888 887
t 781 782 888
t 782 889 888
t 782 783 889
t 783 890 889
t 783 784 890
t 784 891 890
t 784 785 891
t 785 892 891
t 785 786 892
t 786 893 892
t 786 787 893
t 787 894 893
t 787 788 894
t 788 895 894
t 788 789 895
t 789 896 895
t 789 790 896
t 790 897 896
t 790 791 897
t 791 898 897
t 791 792 898
t 792 899 898
t 792 793 899
t 793 900 899
t 793 794 900
t 794 901 900
t 794 795 901
t 795 902 901
t 795 796 902
t 796 903 902
t 796 797 903
t 797 904 903
t 797 798 904
t 798 905 904
t 798 799 905
t 799 906 905
t 799 800 906
t 800 907 906
t 800 801 907
t 801 908 907
t 801 802 908
t 802 909 908
t 802 803 909
t 803 910 909
t 803 804 910
t 804 911 910
t 804 805 911
t 805 912 911
t 805 806 912
t 806 913 912
t 806 807 913
t 807 914 913
t 807 808 914
t 808 915 914
t 808 809 915
t 809 916 915
t 809 810 916
t 810 917 916
t 810 811 917
t 811 918 917
t 811 812 918
t 812 919 918
t 812 813 919
t 813 920 919
t 813 814 920
t 814 921 920
t 814 815 921
t 815 922 921
t 815 816 922
t 816 923 922
t 816 817 923
t 817 924 923
t 817 818 924
t 818 925 924
t 818 819 925
t 819 926 925
t 819 820 926
t 820 927 926
t 820 821 927
t 821 928 927
t 821 822 928
t 822 929 928
t 822 823 929
t 823 930 929
t 823 824 930
t 824 931 930
t 824 825 931
t 825 932 931
t 825 826 932
t 826 933 932
t 826 827 933
t 827 934 933
t 827 828 934
t 828 935 934
t 828 829 935
t 829 936 935
t 829 830 936
t 830 937 936
t 830 831 937
t 831 938 937
t 831 832 938
t 832 939 938
t 832 833 939
t 833 940 939
t 833 834 940
t 834 941 940
t 834 44 941
t 44 942 941
t 44 943 942
t 44 944 943
t 44 945 944
t 44 946 945
t 44 947 946
t 44 48 947
t 48 49 50
t 48 50 51
t 835 948 118
t 835 836 948
t 836 949 948
t 836 837 949
t 837 950 949
t 837 838 950
t 838 951 950
t 838 839 951
t 839 952 951
t 839 840 952
t 840 953 952
t 840 841 953
t 841 954 953
t 841 842 954
t 842 955 954
t 842 843 955
t 843 956 955
t 843 844 956
t 844 957 956
t 844 845 957
t 845 958 957
t 845 846 958
t 846 959 958
t 846 847 959
t 847 960 959
t 847 848 960
t 848 961 960
t 848 849 961
t 849 962 961
t 849 850 962
t 850 963 962
t 850 851 963
t 851 964 963
t 851 852 964
t 852 965 964
t 852 853 965
t 853 966 965
t 853 854 966
t 854 967 966
t 854 855 967
t 855 968 967
t 855 856 968
t 856 969 968
t 856 857 969
t 857 970 969
t 857 858 970
t 858 971 970
t 858 859 971
t 859 972 971
t 859 860 972
t 860 973 972
t 860 861 973
t 861 974 973
t 861 862 974
t 862 975 974
t 862 863 975
t 863 976 975
t 863 864 976
t 864 977 976
t 864 865 977
t 865 978 977
t 865 866 978
t 866 979 978
t 866 867 979
t 867 980 979
t 867 868 980
t 868 981 980
t 868 869 981
t 869 982 981
t 869 870 982
t 870 983 982
t 870 871 983
t 871 984 983
t 871 872 984
t 872 985 984
t 872 873 985
t 873 986 985
t 873 874 986
t 874 987 986
t 874 875 987
t 875 988 987
t 875 876 988
t 876 989 988
t 876 877 989
t 877 990 989
t 877 878 990
t 878 991 990
t 878 879 991
t 879 992 991
t 879 880 992
t 880 993 992
t 880 881 993
t 881 994 993
t 881 882 994
t 882 995 994
t 882 883 995
t 883 996 995
t 883 884 996
t 884 997 996
t 884 885 997
t 885 998 997
t 885 886 998
t 886 999 998
t 886 887 999
t 887 1000 999
t 887 888 1000
t 888 1001 1000
t 888 889 1001
t 889 1002 1001
t 889 890 1002
t 890 1003 1002
t 890 891 1003
t 891 1004 1003
t 891 892 1004
t 892 1005 1004
t 892 893 1005
t 893 1006 1005
t 893 894 1006
t 894 1007 1006
t 894 895 1007
t 895 1008 1007
t 895 896 1008
t 896 1009 1008
t 896 897 1009
t 897 1010 1009
t 897 898 1010
t 898 1011 1010
t 898 899 1011
t 899 1012 1011
t 899 900 1012
t 900 1013 1012
t 900 901 1013
t 901 1014 1013
t 901 902 1014
t 902 1015 1014
t 902 903 1015
t 903 1016 1015
t 903 904 1016
t 904 1017 1016
t 904 905 1017
t 905 1018 1017
t 905 906 1018
t 906 1019 1018
t 906 907 1019
t 907 1020 1019
t 907 908 1020
t 908 1021 1020
t 908 909 1021
t 909 1022 1021
t 909 910 1022
t 910 1023 1022
t 910 911 1023
t 911 1024 1023
t 911 912 1024
t 912 1025 1024
t 912 913 1025
t 913 1026 1025
t 913 914 1026
t 914 1027 1026
t 914 915 1027
t 915 1028 1027
t 915 916 1028
t 916 1029 1028
t 916 917 1029
t 917 1030 1029
t 917 918 1030
t 918 1031 1030
t 918 919 1031
t 919 1032 1031
t 919 920 1032
t 920 1033 1032
t 920 921 1033
t 921 1034 1033
t 921 922 1034
t 922 1035 1034
t 922 923 1035
t 923 1036 1035
t 923 924 1036
t 924 1037 1036
t 924 925 1037
t 925 1038 1037
t 925 926 1038
t 926 1039 1038
t 926 927 1039
t 927 1040 1039
t 927 928 1040
t 928 1041 1040
t 928 929 1041
t 929 1042 1041
t 929 930 1042
t 930 1043 1042
t 930 931 1043
t 931 1044 1043
t 931 932 1044
t 932 1045 1044
t 932 933 1045
t 933 1046 1045
t 933 934 1046
t 934 1047 1046
t 934 935 1047
t 935 1048 1047
t 935 936 1048
t 936 1049 1048
t 936 937 1049
t 937 1050 1049
t 937 938 1050
t 938 1051 1050
t 938 939 1051
t 939 1052 1051
t 939 940 1052
t 940 1053 1052
t 940 941 1053
t 941 1054 1053
t 941 942 1054
t 942 1055 1054
t 942 943 1055
t 943 1056 1055
t 943 944 1056
t 944 1057 1056
t 944 945 1057
t 945 1058 1057
t 945 946 1058
t 946 1059 1058
t 946 947 1059
t 947 1060 1059
t 947 48 1060
t 48 1061 1060
t 48 1062 1061
t 48 1063 1062
t 48 1064 1063
t 48 51 1064
t 51 52 53
t 51 53 54
t 51 54 55
t 118 1065 117
t 118 948 1065
t 948 1066 1065
t 948 949 1066
t 949 1067 1066
t 949 950 1067
t 950 1068 1067
t 950 951 1068
t 951 1069 1068
t 951 952 1069
t 952 1070 1069
t 952 953 1070
t 953 1071 1070
t 953 954 1071
t 954 1072 1071
t 954 955 1072
t 955 1073 1072
t 955 956 1073
t 956 1074 1073
t 956 957 1074
t 957 1075 1074
t 957 958 1075
t 958 1076 1075
t 958 959 1076
t 959 1077 1076
t 959 960 1077
t 960 1078 1077
t 960 961 1078
t 961 1079 1078
t 961 962 1079
t 962 1080 1079
t 962 963 1080
t 963 1081 1080
t 963 964 1081
t 964 1082 1081
t 964 965 1082
t 965 1083 1082
t 965 966 1083
t 966 1084 1083
t 966 967 1084
t 967 1085 1084
t 967 968 1085
t 968 1086 1085
t 968 969 1086
t 969 1087 1086
t 969 970 1087
t 970 1088 1087
t 970 971 1088
t 971 1089 1088
t 971 972 1089
t 972 1090 1089
t 972 973 1090
t 973 1091 1090
t 973 974 1091
t 974 1092 1091
t 974 975 1092
t 975 1093 1092
t 975 976 1093
t 976 1094 1093
t 976 977 1094
t 977 1095 1094
t 977 978 1095
t 978 1096 1095
t 978 979 1096
t 979 1097 1096
t 979 980 1097
t 980 1098 1097
t 980 981 1098
t 981 1099 1098
t 981 982 1099
t 982 1100 1099
t 982 983 1100
t 983 1101 1100
t 983 984 1101
t 984 1102 1101
t 984 985 1102
t 985 1103 1102
t 985 986 1103
t 986 1104 1103
t 986 987 1104
t 987 1105 1104
t 987 988 1105
t 988 1106 1105
t 988 989 1106
t 989 1107 1106
t 989 990 1107
t 990 1108 1107
t 990 991 1108
t 991 1109 1108
t 991 992 1109
t 992 1110 1109
t 992 993 1110
t 993 1111 1110
t 993 994 1111
t 994 1112 1111
t 994 995 1112
t 995 1113 1112
t 995 996 1113
t 996 1114 1113
t 996 997 1114
t 997 1115 1114
t 997 998 1115
t 998 1116 1115
t 998 999 1116
t 999 1117 1116
t 999 1000 1117
t 1000 1118 1117
t 1000 1001 1118
t 1001 1119 1118
t 1001 1002 1119
t 1002 1120 1119
t 1002 1003 1120
t 1003 1121 1120
t 1003 1004 1121
t 1004 1122 1121
t 1004 1005 1122
t 1005 1123 1122
t 1005 1006 1123
t 1006 1124 1123
t 1006 1007 1124
t 1007 1125 1124
t 1007 1008 1125
t 1008 1126 1125
t 1008 1009 1126
t 1009 1127 1126
t 1009 1010 1127
t 1010 1128 1127
t 1010 1011 1128
t 1011 1129 1128
t 1011 1012 1129
t 1012 1130 1129
t 1012 1013 1130
t 1013 1131 1130
t 1013 1014 1131
t 1014 1132 1131
t 1014 1015 1132
t 1015 1133 1132
t 1015 1016 1133
t 1016 1134 1133
t 1016 1017 1134
t 1017 1135 1134
t 1017 1018 1135
t 1018 1136 1135
t 1018 1019 1136
t 1019 1137 1136
t 1019 1020 1137
t 1020 1138 1137
t 1020 1021 1138
t 1021 1139 1138
t 1021 1022 1139
t 1022 1140 1139
t 1022 1023 1140
t 1023 1141 1140
t 1023 1024 1141
t 1024 1142 1141
t 1024 1025 1142
t 1025 1143 1142
t 1025 1026 1143
t 1026 1144 1143
t 1026 1027 1144
t 1027 1145 1144
t 1027 1028 1145
t 1028 1146 1145
t 1028 1029 1146
t 1029 1147 1146
t 1029 1030 1147
t 1030 1148 1147
t 1030 1031 1148
t 1031 1149 1148
t 1031 1032 1149
t 1032 1150 1149
t 1032 1033 1150
t 1033 1151 1150
t 1033 1034 1151
t 1034 1152 1151
t 1034 1035 1152
t 1035 1153 1152
t 1035 1036 1153
t 1036 1154 1153
t 1036 1037 1154
t 1037 1155 1154
t 1037 1038 1155
t 1038 1156 1155
t 1038 1039 1156
t 1039 1157 1156
t 1039 1040 1157
t 1040 1158 1157
t 1040 1041 1158
t 1041 1159 1158
t 1041 1042 1159
t 1042 1160 1159
t 1042 1043 1160
t 1043 1161 1160
t 1043 1044 1161
t 1044 1162 1161
t 1044 1045 1162
t 1045 1163 1162
t 1045 1046 1163
t 1046 1164 1163
t 1046 1047 1164
t 1047 1165 1164
t 1047 1048 1165
t 1048 1166 1165
t 1048 1049 1166
t 1049 1167 1166
t 1049 1050 1167
t 1050 1168 1167
t 1050 1051 1168
t 1051 1169 1168
t 1051 1052 1169
t 1052 1170 1169
t 1052 1053 1170
t 1053 1171 1170
t 1053 1054 1171
t 1054 1172 1171
t 1054 1055 1172
t 1055 1173 1172
t 1055 1056 1173
t 1056 1174 1173
t 1056 1057 1174
t 1057 1175 1174
t 1057 1058 1175
t 1058 1176 1175
t 1058 1059 1176
t 1059 1177 1176
t 1059 1060 1177
t 1060 1178 1177
t 1060 1061 1178
t 1061 1179 1178
t 1061 1062 1179
t 1062 1180 1179
t 1062 1063 1180
t 1063 1181 1180
t 1063 1064 1181
t 1064 1182 1181
t 1064 51 1182
t 51 1183 1182
t 51 1184 1183
t 51 1185 1184
t 51 1186 1185
t 51 1187 1186
t 51 55 1187
t 55 56 57
t 55 57 58
t 55 58 59
t 55 59 60
t 55 60 61
t 55 61 62
t 55 62 63
t 117 1188 116
t 117 1065 1188
t 1065 1189 1188
t 1065 1066 1189
t 1066 1190 1189
t 1066 1067 1190
t 1067 1191 1190
t 1067 1068 1191
t 1068 1192 1191
t 1068 1069 1192
t 1069 1193 1192
t 1069 1070 1193
t 1070 1194 1193
t 1070 1071 1194
t 1071 1195 1194
t 1071 1072 1195
t 1072 1196 1195
t 1072 1073 1196
t 1073 1197 1196
t 1073 1074 1197
t 1074 1198 1197
t 1074 1075 1198
t 1075 1199 1198
t 1075 1076 1199
t 1076 1200 1199
t 1076 1077 1200
t 1077 1201 1200
t 1077 1078 1201
t 1078 1202 1201
t 1078 1079 1202
t 1079 1203 1202
t 1079 1080 1203
t 1080 1204 1203
t 1080 1081 1204
t 1081 1205 1204
t 1081 1082 1205
t 1082 1206 1205
t 1082 1083 1206
t 1083 1207 1206
t 1083 1084 1207
t 1084 1208 1207
t 1084 1085 1208
t 1085 1209 1208
t 1085 1086 1209
t 1086 1210 1209
t 1086 1087 1210
t 1087 1211 1210
t 1087 1088 1211
t 1088 1212 1211
t 1088 1089 1212
t 1089 1213 1212
t 1089 1090 1213
t 1090 1214 1213
t 1090 1091 1214
t 1091 1215 1214
t 1091 1092 1215
t 1092 1216 1215
t 1092 1093 1216
t 1093 1217 1216
t 1093 1094 1217
t 1094 1218 1217
t 1094 1095 1218
t 1095 1219 1218
t 1095 1096 1219
t 1096 1220 1219
t 1096 1097 1220
t 1097 1221 1220
t 1097 1098 1221
t 1098 1222 1221
t 1098 1099 1222
t 1099 1223 1222
t 1099 1100 1223
t 1100 1224 1223
t 1100 1101 1224
t 1101 1225 1224
t 1101 1102 1225
t 1102 1226 1225
t 1102 1103 1226
t 1103 1227 1226
t 1103 1104 1227
t 1104 1228 1227
t 1104 1105 1228
t 1105 1229 1228
t 1105 1106 1229
t 1106 1230 1229
t 1106 1107 1230
t 1107 1231 1230
t 1107 1108 1231
t 1108 1232 1231
t 1108 1109 1232
t 1109 1233 1232
t 1109 1110 1233
t 1110 1234 1233
t 1110 1111 1234
t 1111 1235 1234
t 1111 1112 1235
t 1112 1236 1235
t 1112 1113 1236
t 1113 1237 1236
t 1113 1114 1237
t 1114 1238 1237
t 1114 1115 1238
t 1115 1239 1238
t 1115 1116 1239
t 1116 1240 1239
t 1116 1117 1240
t 1117 1241 1240
t 1117 1118 1241
t 1118 1242 1241
t 1118 1119 1242
t 1119 1243 1242
t 1119 1120 1243
t 1120 1244 1243
t 1120 1121 1244
t 1121 1245 1244
t 1121 1122 1245
t 1122 1246 1245
t 1122 1123 1246
t 1123 1247 1246
t 1123 1124 1247
t 1124 1248 1247
t 1124 1125 1248
t 1125 1249 1248
t 1125 1126 1249
t 1126 1250 1249
t 1126 1127 1250
t 1127 1251 1250
t 1127 1128 1251
t 1128 1252 1251
t 1128 1129 1252
t 1129 1253 1252
t 1129 1130 1253
t 1130 1254 1253
t 1130 1131 1254
t 1131 1255 1254
t 1131 1132 1255
t 1132 1256 1255
t 1132 1133 1256
t 1133 1257 1256
t 1133 1134 1257
t 1134 1258 1257
t 1134 1135 1258
t 1135 1259 1258
t 1135 1136 1259
t 1136 1260 1259
t 1136 1137 1260
t 1137 1261 1260
t 1137 1138 1261
t 1138 1262 1261
t 1138 1139 1262
t 1139 1263 1262
t 1139 1140 1263
t 1140 1264 1263
t 1140 1141 1264
t 1141 1265 1264
t 1141 1142 1265
t 1142 1266 1265
t 1142 1143 1266
t 1143 1267 1266
t 1143 1144 1267
t 1144 1268 1267
t 1144 1145 1268
t 1145 1269 1268
t 1145 1146 1269
t 1146 1270 1269
t 1146 1147 1270
t 1147 1271 1270
t 1147 1148 1271
t 1148 1272 1271
t 1148 1149 1272
t 1149 1273 1272
t 1149 1150 1273
t 1150 1274 1273
t 1150 1151 1274
t 1151 1275 1274
t 1151 1152 1275
t 1152 1276 1275
t 1152 1153 1276
t 1153 1277 1276
t 1153 1154 1277
t 1154 1278 1277
t 1154 1155 1278
t 1155 1279 1278
t 1155 1156 1279
t 1156 1280 1279
t 1156 1157 1280
t 1157 1281 1280
t 1157 1158 1281
t 1158 1282 1281
t 1158 1159 1282
t 1159 1283 1282
t 1159 1160 1283
t 1160 1284 1283
t 1160 1161 1284
t 1161 1285 1284
t 1161 1162 1285
t 1162 1286 1285
t 1162 1163 1286
t 1163 63 1286
t 1163 1164 63
t 1164 1165 63
t 1165 1166 63
t 1166 1167 63
t 1167 1168 63
t 1168 1169 63
t 1169 1170 63
t 1170 1171 63
t 1171 1172 63
t 1172 1173 63
t 1173 1174 63
t 1174 1175 63
t 1175 1176 63
t 1176 1177 63
t 1177 1178 63
t 1178 1179 63
t 1179 1180 63
t 1180 1181 63
t 1181 1182 63
t 1182 1183 63
t 1183 1184 63
t 1184 1185 63
t 1185 1186 63
t 1186 1187 63
t 1187 55 63
t 116 114 115
t 63 64 65
t 63 65 66
t 63 66 67
t 63 67 68
t 63 68 69
t 63 69 70
t 63 70 71
t 63 71 72
t 63 72 73
t 63 73 74
t 63 74 75
t 63 75 76
t 63 76 77
t 63 77 78
t 63 78 79
t 116 1188 114
t 1188 1287 114
t 1188 1189 1287
t 1189 1288 1287
t 1189 1190 1288
t 1190 1289 1288
t 1190 1191 1289
t 1191 1290 1289
t 1191 1192 1290
t 1192 1291 1290
t 1192 1193 1291
t 1193 1292 1291
t 1193 1194 1292
t 1194 1293 1292
t 1194 1195 1293
t 1195 1294 1293
t 1195 1196 1294
t 1196 1295 1294
t 1196 1197 1295
t 1197 1296 1295
t 1197 1198 1296
t 1198 1297 1296
t 1198 1199 1297
t 1199 1298 1297
t 1199 1200 1298
t 1200 1299 1298
t 1200 1201 1299
t 1201 1300 1299
t 1201 1202 1300
t 1202 1301 1300
t 1202 1203 1301
t 1203 1302 1301
t 1203 1204 1302
t 1204 1303 1302
t 1204 1205 1303
t 1205 1304 1303
t 1205 1206 1304
t 1206 1305 1304
t 1206 1207 1305
t 1207 1306 1305
t 1207 1208 1306
t 1208 1307 1306
t 1208 1209 1307
t 1209 1308 1307
t 1209 1210 1308
t 1210 1309 1308
t 1210 1211 1309
t 1211 1310 1309
t 1211 1212 1310
t 1212 1311 1310
t 1212 1213 1311
t 1213 1312 1311
t 1213 1214 1312
t 1214 1313 1312
t 1214 1215 1313
t 1215 1314 1313
t 1215 1216 1314
t 1216 1315 1314
t 1216 1217 1315
t 1217 1316 1315
t 1217 1218 1316
t 1218 1317 1316
t 1218 1219 1317
t 1219 1318 1317
t 1219 1220 1318
t 1220 1319 1318
t 1220 1221 1319
t 1221 1320 1319
t 1221 1222 1320
t 1222 1321 1320
t 1222 1223 1321
t 1223 1322 1321
t 1223 1224 1322
t 1224 1323 1322
t 1224 1225 1323
t 1225 1324 1323
t 1225 1226 1324
t 1226 1325 1324
t 1226 1227 1325
t 1227 1326 1325
t 1227 1228 1326
t 1228 1327 1326
t 1228 1229 1327
t 1229 1328 1327
t 1229 1230 1328
t 1230 1329 1328
t 1230 1231 1329
t 1231 1330 1329
t 1231 1232 1330
t 1232 1331 1330
t 1232 1233 1331
t 1233 1332 1331
t 1233 1234 1332
t 1234 1333 1332
t 1234 1235 1333
t 1235 1334 1333
t 1235 1236 1334
t 1236 1335 1334
t 1236 1237 1335
t 1237 1336 1335
t 1237 1238 1336
t 1238 1337 1336
t 1238 1239 1337
t 1239 1338 1337
t 1239 1240 1338
t 1240 1339 1338
t 1240 1241 1339
t 1241 1340 1339
t 1241 1242 1340
t 1242 1341 1340
t 1242 1243 1341
t 1243 1342 1341
t 1243 1244 1342
t 1244 1343 1342
t 1244 1245 1343
t 1245 1344 1343
t 1245 1246 1344
t 1246 1345 1344
t 1246 1247 1345
t 1247 1346 1345
t 1247 1248 1346
t 1248 1347 1346
t 1248 1249 1347
t 1249 1348 1347
t 1249 1250 1348
t 1250 1349 1348
t 1250 1251 1349
t 1251 1350 1349
t 1251 1252 1350
t 1252 1351 1350
t 1252 1253 1351
t 1253 1352 1351
t 1253 1254 1352
t 1254 79 1352
t 1254 1255 79
t 1255 1256 79
t 1256 1257 79
t 1257 1258 79
t 1258 1259 79
t 1259 1260 79
t 1260 1261 79
t 1261 1262 79
t 1262 1263 79
t 1263 1264 79
t 1264 1265 79
t 1265 1266 79
t 1266 1267 79
t 1267 1268 79
t 1268 1269 79
t 1269 1270 79
t 1270 1271 79
t 1271 1272 79
t 1272 1273 79
t 1273 1274 79
t 1274 1275 79
t 1275 1276 79
t 1276 1277 79
t 1277 1278 79
t 1278 1279 79
t 1279 1280 79
t 1280 1281 79
t 1281 1282 79
t 1282 1283 79
t 1283 1284 79
t 1284 1285 79
t 1285 1286 79
t 1286 63 79
t 114 112 113
t 79 80 81
t 79 81 82
t 79 82 83
t 79 83 84
t 79 84 85
t 79 85 86
t 79 86 87
t 79 87 88
t 79 88 89
t 79 89 90
t 79 90 91
t 79 91 92
t 79 92 93
t 79 93 94
t 114 1287 112
t 1287 1353 112
t 1287 1288 1353
t 1288 1354 1353
t 1288 1289 1354
t 1289 1355 1354
t 1289 1290 1355
t 1290 1356 1355
t 1290 1291 1356
t 1291 1357 1356
t 1291 1292 1357
t 1292 1358 1357
t 1292 1293 1358
t 1293 1359 1358
t 1293 1294 1359
t 1294 1360 1359
t 1294 1295 1360
t 1295 1361 1360
t 1295 1296 1361
t 1296 1362 1361
t 1296 1297 1362
t 1297 1363 1362
t 1297 1298 1363
t 1298 1364 1363
t 1298 1299 1364
t 1299 1365 1364
t 1299 1300 1365
t 1300 1366 1365
t 1300 1301 1366
t 1301 1367 1366
t 1301 1302 1367
t 1302 1368 1367
t 1302 1303 1368
t 1303 1369 1368
t 1303 1304 1369
t 1304 1370 1369
t 1304 1305 1370
t 1305 1371 1370
t 1305 1306 1371
t 1306 1372 1371
t 1306 1307 1372
t 1307 1373 1372
t 1307 1308 1373
t 1308 1374 1373
t 1308 1309 1374
t 1309 1375 1374
t 1309 1310 1375
t 1310 1376 1375
t 1310 1311 1376
t 1311 1377 1376
t 1311 1312 1377
t 1312 1378 1377
t 1312 1313 1378
t 1313 1379 1378
t 1313 1314 1379
t 1314 1380 1379
t 1314 1315 1380
t 1315 1381 1380
t 1315 1316 1381
t 1316 1382 1381
t 1316 1317 1382
t 1317 1383 1382
t 1317 1318 1383
t 1318 1384 1383
t 1318 1319 1384
t 1319 1385 1384
t 1319 1320 1385
t 1320 1386 1385
t 1320 1321 1386
t 1321 1387 1386
t 1321 1322 1387
t 1322 1388 1387
t 1322 1323 1388
t 1323 1389 1388
t 1323 1324 1389
t 1324 1390 1389
t 1324 1325 1390
t 1325 1391 1390
t 1325 1326 1391
t 1326 1392 1391
t 1326 1327 1392
t 1327 94 1392
t 1327 1328 94
t 1328 1329 94
t 1329 1330 94
t 1330 1331 94
t 1331 1332 94
t 1332 1333 94
t 1333 1334 94
t 1334 1335 94
t 1335 1336 94
t 1336 1337 94
t 1337 1338 94
t 1338 1339 94
t 1339 1340 94
t 1340 1341 94
t 1341 1342 94
t 1342 1343 94
t 1343 1344 94
t 1344 1345 94
t 1345 1346 94
t 1346 1347 94
t 1347 1348 94
t 1348 1349 94
t 1349 1350 94
t 1350 1351 94
t 1351 1352 94
t 1352 79 94
t 112 110 111
t 94 95 96
t 94 96 97
t 94 97 98
t 94 98 99
t 94 99 100
t 94 100 101
t 94 101 102
t 94 102 103
t 94 103 104
t 94 104 105
t 94 105 106
t 94 106 107
t 94 107 108
t 94 108 109
t 94 109 110
t 112 1353 110
t 1353 1354 110
t 1354 1355 110
t 1355 1356 110
t 1356 1357 110
t 1357 1358 110
t 1358 1359 110
t 1359 1360 110
t 1360 1361 110
t 1361 1362 110
t 1362 1363 110
t 1363 1364 110
t 1364 1365 110
t 1365 1366 110
t 1366 1367 110
t 1367 1368 110
t 1368 1369 110
t 1369 1370 110
t 1370 1371 110
t 1371 1372 110
t 1372 1373 110
t 1373 1374 110
t 1374 1375 110
t 1375 1376 110
t 1376 1377 110
t 1377 1378 110
t 1378 1379 110
t 1379 1380 110
t 1380 1381 110
t 1381 1382 110
t 1382 1383 110
t 1383 1384 110
t 1384 1385 110
t 1385 1386 110
t 1386 1387 110
t 1387 1388 110
t 1388 1389 110
t 1389 1390 110
t 1390 1391 110
t 1391 1392 110
t 1392 94 110
