type=Nurbs forward=true n_boundary=196 n_holes=0 n_interior=329 n_tris=2036 label=brep62542_f71_Nurbs(deg=3/3, cps=4x7)
boundary
b 0.703828016 0.658334908
b 0.683978823 0.658334917
b 0.664215487 0.658334928
b 0.644528472 0.658334938
b 0.624908386 0.658334949
b 0.605345959 0.658334960
b 0.585832030 0.658334971
b 0.566357528 0.658334983
b 0.546913452 0.658334995
b 0.527490860 0.658335007
b 0.508080847 0.658335019
b 0.488674533 0.658335032
b 0.469263044 0.658335045
b 0.449837495 0.658335058
b 0.430388978 0.658335072
b 0.410908541 0.658335085
b 0.391387173 0.658335099
b 0.371815790 0.658335113
b 0.352185212 0.658335127
b 0.332486152 0.658335142
b 0.312709194 0.658335156
b 0.292844775 0.658335171
b 0.272883170 0.658335186
b 0.252814465 0.658335201
b 0.232628544 0.658335216
b 0.212315064 0.658335231
b 0.191863431 0.658335246
b 0.171262782 0.658335262
b 0.150501957 0.658335277
b 0.129569474 0.658335293
b 0.108458083 0.658326604
b 0.108459570 0.653747354
b 0.108463612 0.649166335
b 0.108469582 0.644583220
b 0.108476880 0.639997684
b 0.108484935 0.635409395
b 0.108493205 0.630817999
b 0.108501182 0.626223119
b 0.108508397 0.621624374
b 0.108514422 0.617021378
b 0.108518873 0.612413747
b 0.108521411 0.607801089
b 0.108521743 0.603183015
b 0.108519627 0.598559130
b 0.108514873 0.593929040
b 0.108507342 0.589292346
b 0.108496955 0.584648650
b 0.108483690 0.579997552
b 0.108467585 0.575338648
b 0.108448800 0.570671604
b 0.108428210 0.565996880
b 0.108407044 0.561315447
b 0.108386426 0.556628292
b 0.108367350 0.551936403
b 0.108350685 0.547240771
b 0.108337166 0.542542388
b 0.108327387 0.537842249
b 0.108321801 0.533141351
b 0.108320710 0.528440692
b 0.108324265 0.523741269
b 0.108332449 0.519044080
b 0.108344946 0.514350085
b 0.108361196 0.509660227
b 0.108380472 0.504975443
b 0.108401886 0.500296671
b 0.108424379 0.495624843
b 0.108446723 0.490960894
b 0.108467526 0.486305742
b 0.108485756 0.481659816
b 0.108501155 0.477022787
b 0.108513598 0.472394262
b 0.108523021 0.467773847
b 0.108529429 0.463161156
b 0.108532890 0.458555799
b 0.108533540 0.453957393
b 0.108531581 0.449365556
b 0.108527285 0.444779908
b 0.108520991 0.440200072
b 0.108513107 0.435625675
b 0.108504112 0.431056345
b 0.108494554 0.426491716
b 0.108485053 0.421931422
b 0.108476300 0.417375103
b 0.108469059 0.412822403
b 0.108464165 0.408272969
b 0.108462449 0.403726441
b 0.123518722 0.403726546
b 0.138480066 0.403726952
b 0.153350939 0.403727604
b 0.168135640 0.403728448
b 0.182838330 0.403729430
b 0.197463048 0.403730495
b 0.212013731 0.403731591
b 0.226494231 0.403732663
b 0.240908334 0.403733658
b 0.255259774 0.403734524
b 0.269552249 0.403735206
b 0.283789440 0.403735652
b 0.297975023 0.403735809
b 0.312112684 0.403735625
b 0.326206093 0.403735098
b 0.340258790 0.403734326
b 0.354274208 0.403733418
b 0.368255685 0.403732482
b 0.382206484 0.403731628
b 0.396129808 0.403730963
b 0.410028815 0.403730596
b 0.423906633 0.403730636
b 0.437766374 0.403731190
b 0.451611154 0.403732367
b 0.465444100 0.403734275
b 0.479268370 0.403737024
b 0.493087167 0.403740721
b 0.506903757 0.403745466
b 0.520721552 0.403751147
b 0.534544032 0.403757438
b 0.548374624 0.403764004
b 0.562216711 0.403770509
b 0.576073650 0.403776619
b 0.589948784 0.403781998
b 0.603845458 0.403786309
b 0.617767035 0.403789216
b 0.631716912 0.403790382
b 0.645698534 0.403789467
b 0.659715408 0.403786133
b 0.673771125 0.403780039
b 0.687869370 0.403770843
b 0.702013888 0.403758299
b 0.716208031 0.403743007
b 0.730454898 0.403726003
b 0.744757564 0.403708329
b 0.759119092 0.403691031
b 0.773542554 0.403675156
b 0.788031038 0.403661756
b 0.802587671 0.403651886
b 0.817215628 0.403646605
b 0.831918150 0.403646977
b 0.846698562 0.403654070
b 0.861560282 0.403668959
b 0.876506846 0.403692723
b 0.891541919 0.403726446
b 0.888951098 0.408282299
b 0.886335043 0.412839418
b 0.883694800 0.417398273
b 0.881031342 0.421959322
b 0.878345542 0.426523028
b 0.875638177 0.431089858
b 0.872909926 0.435660284
b 0.870161376 0.440234784
b 0.867393023 0.444813838
b 0.864605273 0.449397928
b 0.861798445 0.453987544
b 0.858972773 0.458583175
b 0.856128406 0.463185316
b 0.853265416 0.467794464
b 0.850383793 0.472411118
b 0.847483452 0.477035781
b 0.844564233 0.481668957
b 0.841625907 0.486311154
b 0.838668160 0.490962808
b 0.835690552 0.495623527
b 0.832692713 0.500292376
b 0.829674459 0.504968412
b 0.826635790 0.509650690
b 0.823576884 0.514338263
b 0.820498094 0.519030181
b 0.817399940 0.523725495
b 0.814283115 0.528423228
b 0.811148499 0.533122360
b 0.807997130 0.537821869
b 0.804830203 0.542520733
b 0.801649059 0.547217933
b 0.798455179 0.551912452
b 0.795250179 0.556603276
b 0.792035800 0.561289392
b 0.788813907 0.565969792
b 0.785586474 0.570643471
b 0.782355572 0.575309437
b 0.779122631 0.579967240
b 0.775887933 0.584617263
b 0.772651589 0.589259963
b 0.769413632 0.593895794
b 0.766174022 0.598525211
b 0.762932651 0.603148665
b 0.759689342 0.607766609
b 0.756443854 0.612379492
b 0.753195888 0.616987762
b 0.749945084 0.621591864
b 0.746691029 0.626192245
b 0.743433255 0.630789345
b 0.740171247 0.635383605
b 0.736904443 0.639975462
b 0.733632244 0.644565319
b 0.730354023 0.649153558
b 0.727069120 0.653740553
b 0.723776844 0.658326678
interior
i 0.206223361 0.435482691
i 0.304126012 0.435482691
i 0.402028663 0.435482691
i 0.499931314 0.435482691
i 0.597833966 0.435482691
i 0.695736617 0.435482691
i 0.793639268 0.435482691
i 0.206223361 0.467318777
i 0.304126012 0.467318777
i 0.402028663 0.467318777
i 0.499931314 0.467318777
i 0.597833966 0.467318777
i 0.695736617 0.467318777
i 0.793639268 0.467318777
i 0.206223361 0.499154863
i 0.304126012 0.499154863
i 0.402028663 0.499154863
i 0.499931314 0.499154863
i 0.597833966 0.499154863
i 0.695736617 0.499154863
i 0.793639268 0.499154863
i 0.206223361 0.530990949
i 0.304126012 0.530990949
i 0.402028663 0.530990949
i 0.499931314 0.530990949
i 0.597833966 0.530990949
i 0.695736617 0.530990949
i 0.793639268 0.530990949
i 0.206223361 0.562827035
i 0.304126012 0.562827035
i 0.402028663 0.562827035
i 0.499931314 0.562827035
i 0.597833966 0.562827035
i 0.695736617 0.562827035
i 0.206223361 0.594663121
i 0.304126012 0.594663121
i 0.402028663 0.594663121
i 0.499931314 0.594663121
i 0.597833966 0.594663121
i 0.695736617 0.594663121
i 0.206223361 0.626499207
i 0.304126012 0.626499207
i 0.402028663 0.626499207
i 0.499931314 0.626499207
i 0.597833966 0.626499207
i 0.695736617 0.626499207
i 0.157272036 0.419564648
i 0.132796373 0.411605626
i 0.181747698 0.411605626
i 0.132796373 0.427523669
i 0.181747698 0.427523669
i 0.157272036 0.451400734
i 0.132796373 0.443441712
i 0.181747698 0.443441712
i 0.132796373 0.459359755
i 0.181747698 0.459359755
i 0.157272036 0.483236820
i 0.132796373 0.475277798
i 0.181747698 0.475277798
i 0.132796373 0.491195841
i 0.181747698 0.491195841
i 0.157272036 0.515072906
i 0.132796373 0.507113884
i 0.181747698 0.507113884
i 0.132796373 0.523031927
i 0.181747698 0.523031927
i 0.157272036 0.546908992
i 0.132796373 0.538949970
i 0.181747698 0.538949970
i 0.132796373 0.554868013
i 0.181747698 0.554868013
i 0.157272036 0.578745078
i 0.132796373 0.570786056
i 0.181747698 0.570786056
i 0.132796373 0.586704099
i 0.181747698 0.586704099
i 0.157272036 0.610581164
i 0.132796373 0.602622142
i 0.181747698 0.602622142
i 0.132796373 0.618540185
i 0.181747698 0.618540185
i 0.157272036 0.642417250
i 0.132796373 0.634458228
i 0.181747698 0.634458228
i 0.132796373 0.650376271
i 0.181747698 0.650376271
i 0.255174687 0.419564648
i 0.230699024 0.411605626
i 0.279650349 0.411605626
i 0.230699024 0.427523669
i 0.279650349 0.427523669
i 0.255174687 0.451400734
i 0.230699024 0.443441712
i 0.279650349 0.443441712
i 0.230699024 0.459359755
i 0.279650349 0.459359755
i 0.255174687 0.483236820
i 0.230699024 0.475277798
i 0.279650349 0.475277798
i 0.230699024 0.491195841
i 0.279650349 0.491195841
i 0.255174687 0.515072906
i 0.230699024 0.507113884
i 0.279650349 0.507113884
i 0.230699024 0.523031927
i 0.279650349 0.523031927
i 0.255174687 0.546908992
i 0.230699024 0.538949970
i 0.279650349 0.538949970
i 0.230699024 0.554868013
i 0.279650349 0.554868013
i 0.255174687 0.578745078
i 0.230699024 0.570786056
i 0.279650349 0.570786056
i 0.230699024 0.586704099
i 0.279650349 0.586704099
i 0.255174687 0.610581164
i 0.230699024 0.602622142
i 0.279650349 0.602622142
i 0.230699024 0.618540185
i 0.279650349 0.618540185
i 0.255174687 0.642417250
i 0.230699024 0.634458228
i 0.279650349 0.634458228
i 0.230699024 0.650376271
i 0.279650349 0.650376271
i 0.353077338 0.419564648
i 0.328601675 0.411605626
i 0.377553001 0.411605626
i 0.328601675 0.427523669
i 0.377553001 0.427523669
i 0.353077338 0.451400734
i 0.328601675 0.443441712
i 0.377553001 0.443441712
i 0.328601675 0.459359755
i 0.377553001 0.459359755
i 0.353077338 0.483236820
i 0.328601675 0.475277798
i 0.377553001 0.475277798
i 0.328601675 0.491195841
i 0.377553001 0.491195841
i 0.353077338 0.515072906
i 0.328601675 0.507113884
i 0.377553001 0.507113884
i 0.328601675 0.523031927
i 0.377553001 0.523031927
i 0.353077338 0.546908992
i 0.328601675 0.538949970
i 0.377553001 0.538949970
i 0.328601675 0.554868013
i 0.377553001 0.554868013
i 0.353077338 0.578745078
i 0.328601675 0.570786056
i 0.377553001 0.570786056
i 0.328601675 0.586704099
i 0.377553001 0.586704099
i 0.353077338 0.610581164
i 0.328601675 0.602622142
i 0.377553001 0.602622142
i 0.328601675 0.618540185
i 0.377553001 0.618540185
i 0.353077338 0.642417250
i 0.328601675 0.634458228
i 0.377553001 0.634458228
i 0.328601675 0.650376271
i 0.377553001 0.650376271
i 0.450979989 0.419564648
i 0.426504326 0.411605626
i 0.475455652 0.411605626
i 0.426504326 0.427523669
i 0.475455652 0.427523669
i 0.450979989 0.451400734
i 0.426504326 0.443441712
i 0.475455652 0.443441712
i 0.426504326 0.459359755
i 0.475455652 0.459359755
i 0.450979989 0.483236820
i 0.426504326 0.475277798
i 0.475455652 0.475277798
i 0.426504326 0.491195841
i 0.475455652 0.491195841
i 0.450979989 0.515072906
i 0.426504326 0.507113884
i 0.475455652 0.507113884
i 0.426504326 0.523031927
i 0.475455652 0.523031927
i 0.450979989 0.546908992
i 0.426504326 0.538949970
i 0.475455652 0.538949970
i 0.426504326 0.554868013
i 0.475455652 0.554868013
i 0.450979989 0.578745078
i 0.426504326 0.570786056
i 0.475455652 0.570786056
i 0.426504326 0.586704099
i 0.475455652 0.586704099
i 0.450979989 0.610581164
i 0.426504326 0.602622142
i 0.475455652 0.602622142
i 0.426504326 0.618540185
i 0.475455652 0.618540185
i 0.450979989 0.642417250
i 0.426504326 0.634458228
i 0.475455652 0.634458228
i 0.426504326 0.650376271
i 0.475455652 0.650376271
i 0.548882640 0.419564648
i 0.524406977 0.411605626
i 0.573358303 0.411605626
i 0.524406977 0.427523669
i 0.573358303 0.427523669
i 0.548882640 0.451400734
i 0.524406977 0.443441712
i 0.573358303 0.443441712
i 0.524406977 0.459359755
i 0.573358303 0.459359755
i 0.548882640 0.483236820
i 0.524406977 0.475277798
i 0.573358303 0.475277798
i 0.524406977 0.491195841
i 0.573358303 0.491195841
i 0.548882640 0.515072906
i 0.524406977 0.507113884
i 0.573358303 0.507113884
i 0.524406977 0.523031927
i 0.573358303 0.523031927
i 0.548882640 0.546908992
i 0.524406977 0.538949970
i 0.573358303 0.538949970
i 0.524406977 0.554868013
i 0.573358303 0.554868013
i 0.548882640 0.578745078
i 0.524406977 0.570786056
i 0.573358303 0.570786056
i 0.524406977 0.586704099
i 0.573358303 0.586704099
i 0.548882640 0.610581164
i 0.524406977 0.602622142
i 0.573358303 0.602622142
i 0.524406977 0.618540185
i 0.573358303 0.618540185
i 0.548882640 0.642417250
i 0.524406977 0.634458228
i 0.573358303 0.634458228
i 0.524406977 0.650376271
i 0.573358303 0.650376271
i 0.646785291 0.419564648
i 0.622309628 0.411605626
i 0.671260954 0.411605626
i 0.622309628 0.427523669
i 0.671260954 0.427523669
i 0.646785291 0.451400734
i 0.622309628 0.443441712
i 0.671260954 0.443441712
i 0.622309628 0.459359755
i 0.671260954 0.459359755
i 0.646785291 0.483236820
i 0.622309628 0.475277798
i 0.671260954 0.475277798
i 0.622309628 0.491195841
i 0.671260954 0.491195841
i 0.646785291 0.515072906
i 0.622309628 0.507113884
i 0.671260954 0.507113884
i 0.622309628 0.523031927
i 0.671260954 0.523031927
i 0.646785291 0.546908992
i 0.622309628 0.538949970
i 0.671260954 0.538949970
i 0.622309628 0.554868013
i 0.671260954 0.554868013
i 0.646785291 0.578745078
i 0.622309628 0.570786056
i 0.671260954 0.570786056
i 0.622309628 0.586704099
i 0.671260954 0.586704099
i 0.646785291 0.610581164
i 0.622309628 0.602622142
i 0.671260954 0.602622142
i 0.622309628 0.618540185
i 0.671260954 0.618540185
i 0.646785291 0.642417250
i 0.622309628 0.634458228
i 0.671260954 0.634458228
i 0.622309628 0.650376271
i 0.671260954 0.650376271
i 0.744687942 0.419564648
i 0.720212279 0.411605626
i 0.769163605 0.411605626
i 0.720212279 0.427523669
i 0.769163605 0.427523669
i 0.744687942 0.451400734
i 0.720212279 0.443441712
i 0.769163605 0.443441712
i 0.720212279 0.459359755
i 0.769163605 0.459359755
i 0.744687942 0.483236820
i 0.720212279 0.475277798
i 0.769163605 0.475277798
i 0.720212279 0.491195841
i 0.769163605 0.491195841
i 0.744687942 0.515072906
i 0.720212279 0.507113884
i 0.769163605 0.507113884
i 0.720212279 0.523031927
i 0.769163605 0.523031927
i 0.744687942 0.546908992
i 0.720212279 0.538949970
i 0.769163605 0.538949970
i 0.720212279 0.554868013
i 0.769163605 0.554868013
i 0.744687942 0.578745078
i 0.720212279 0.570786056
i 0.769163605 0.570786056
i 0.720212279 0.586704099
i 0.769163605 0.586704099
i 0.744687942 0.610581164
i 0.720212279 0.602622142
i 0.769163605 0.602622142
i 0.720212279 0.618540185
i 0.842590593 0.419564648
i 0.818114931 0.411605626
i 0.867066256 0.411605626
i 0.818114931 0.427523669
i 0.867066256 0.427523669
i 0.842590593 0.451400734
i 0.818114931 0.443441712
i 0.867066256 0.443441712
i 0.818114931 0.459359755
tris
t 135 133 134
t 135 132 133
t 135 131 132
t 135 130 131
t 135 129 130
t 135 128 129
t 135 127 128
t 135 126 127
t 135 125 126
t 135 124 125
t 135 123 124
t 135 122 123
t 135 121 122
t 135 120 121
t 135 119 120
t 135 118 119
t 135 117 118
t 135 116 117
t 135 115 116
t 135 114 115
t 135 113 114
t 135 112 113
t 135 111 112
t 135 110 111
t 135 109 110
t 135 108 109
t 135 107 108
t 135 136 137
t 135 137 138
t 135 138 139
t 135 139 140
t 135 140 141
t 135 525 107
t 135 526 525
t 135 527 526
t 135 528 527
t 135 529 528
t 135 530 529
t 135 531 530
t 135 532 531
t 135 533 532
t 135 534 533
t 135 535 534
t 135 536 535
t 135 537 536
t 135 538 537
t 135 539 538
t 135 540 539
t 135 541 540
t 135 542 541
t 135 543 542
t 135 544 543
t 135 545 544
t 135 546 545
t 135 547 546
t 135 548 547
t 135 549 548
t 135 550 549
t 135 551 550
t 135 552 551
t 135 553 552
t 135 554 553
t 135 555 554
t 135 556 555
t 135 557 556
t 135 558 557
t 135 559 558
t 135 560 559
t 135 561 560
t 135 562 561
t 135 563 562
t 135 564 563
t 135 565 564
t 135 566 565
t 135 567 566
t 135 568 567
t 135 569 568
t 135 570 569
t 135 571 570
t 135 572 571
t 135 573 572
t 135 574 573
t 135 575 574
t 135 576 575
t 135 577 576
t 135 578 577
t 135 579 578
t 135 580 579
t 135 581 580
t 135 582 581
t 135 583 582
t 135 584 583
t 135 585 584
t 135 586 585
t 135 587 586
t 135 588 587
t 135 589 588
t 135 590 589
t 135 591 590
t 135 592 591
t 135 593 592
t 135 594 593
t 135 595 594
t 135 596 595
t 135 597 596
t 135 598 597
t 135 599 598
t 135 600 599
t 135 601 600
t 135 602 601
t 135 603 602
t 135 604 603
t 135 605 604
t 135 606 605
t 135 607 606
t 135 608 607
t 135 609 608
t 135 610 609
t 135 611 610
t 135 612 611
t 135 613 612
t 135 614 613
t 135 615 614
t 135 616 615
t 135 617 616
t 135 618 617
t 135 619 618
t 135 620 619
t 135 621 620
t 135 622 621
t 135 623 622
t 135 624 623
t 135 625 624
t 135 141 625
t 107 105 106
t 107 104 105
t 107 103 104
t 107 102 103
t 107 101 102
t 107 100 101
t 107 99 100
t 107 98 99
t 107 97 98
t 107 96 97
t 107 95 96
t 107 94 95
t 107 93 94
t 107 92 93
t 107 91 92
t 107 90 91
t 107 89 90
t 107 88 89
t 107 87 88
t 107 86 87
t 107 85 86
t 107 84 85
t 107 83 84
t 107 82 83
t 107 81 82
t 107 80 81
t 107 79 80
t 107 78 79
t 141 142 143
t 141 143 144
t 141 144 145
t 141 145 146
t 141 146 147
t 107 626 78
t 107 627 626
t 107 628 627
t 107 629 628
t 107 630 629
t 107 631 630
t 107 632 631
t 107 633 632
t 107 634 633
t 107 635 634
t 107 636 635
t 107 637 636
t 107 638 637
t 107 639 638
t 107 640 639
t 107 641 640
t 107 642 641
t 107 643 642
t 107 644 643
t 107 645 644
t 107 646 645
t 107 647 646
t 107 648 647
t 107 649 648
t 107 650 649
t 107 651 650
t 107 652 651
t 107 653 652
t 107 654 653
t 107 655 654
t 107 656 655
t 107 657 656
t 107 658 657
t 107 659 658
t 107 660 659
t 107 661 660
t 107 662 661
t 107 663 662
t 107 664 663
t 107 665 664
t 107 666 665
t 107 667 666
t 107 668 667
t 107 669 668
t 107 670 669
t 107 525 670
t 525 671 670
t 525 526 671
t 526 672 671
t 526 527 672
t 527 673 672
t 527 528 673
t 528 674 673
t 528 529 674
t 529 675 674
t 529 530 675
t 530 676 675
t 530 531 676
t 531 677 676
t 531 532 677
t 532 678 677
t 532 533 678
t 533 679 678
t 533 534 679
t 534 680 679
t 534 535 680
t 535 681 680
t 535 536 681
t 536 682 681
t 536 537 682
t 537 683 682
t 537 538 683
t 538 684 683
t 538 539 684
t 539 685 684
t 539 540 685
t 540 686 685
t 540 541 686
t 541 687 686
t 541 542 687
t 542 688 687
t 542 543 688
t 543 689 688
t 543 544 689
t 544 690 689
t 544 545 690
t 545 691 690
t 545 546 691
t 546 692 691
t 546 547 692
t 547 693 692
t 547 548 693
t 548 694 693
t 548 549 694
t 549 695 694
t 549 550 695
t 550 696 695
t 550 551 696
t 551 697 696
t 551 552 697
t 552 698 697
t 552 553 698
t 553 699 698
t 553 554 699
t 554 700 699
t 554 555 700
t 555 701 700
t 555 556 701
t 556 702 701
t 556 557 702
t 557 703 702
t 557 558 703
t 558 704 703
t 558 559 704
t 559 705 704
t 559 560 705
t 560 706 705
t 560 561 706
t 561 707 706
t 561 562 707
t 562 708 707
t 562 563 708
t 563 709 708
t 563 564 709
t 564 710 709
t 564 565 710
t 565 711 710
t 565 566 711
t 566 712 711
t 566 567 712
t 567 713 712
t 567 568 713
t 568 714 713
t 568 569 714
t 569 715 714
t 569 570 715
t 570 716 715
t 570 571 716
t 571 717 716
t 571 572 717
t 572 718 717
t 572 573 718
t 573 719 718
t 573 574 719
t 574 720 719
t 574 575 720
t 575 721 720
t 575 576 721
t 576 722 721
t 576 577 722
t 577 723 722
t 577 578 723
t 578 724 723
t 578 579 724
t 579 725 724
t 579 580 725
t 580 726 725
t 580 581 726
t 581 727 726
t 581 582 727
t 582 728 727
t 582 583 728
t 583 729 728
t 583 584 729
t 584 730 729
t 584 585 730
t 585 731 730
t 585 586 731
t 586 732 731
t 586 587 732
t 587 733 732
t 587 588 733
t 588 734 733
t 588 589 734
t 589 735 734
t 589 590 735
t 590 736 735
t 590 591 736
t 591 737 736
t 591 592 737
t 592 738 737
t 592 593 738
t 593 739 738
t 593 594 739
t 594 740 739
t 594 595 740
t 595 741 740
t 595 596 741
t 596 742 741
t 596 597 742
t 597 743 742
t 597 598 743
t 598 744 743
t 598 599 744
t 599 745 744
t 599 600 745
t 600 746 745
t 600 601 746
t 601 747 746
t 601 602 747
t 602 748 747
t 602 603 748
t 603 749 748
t 603 604 749
t 604 750 749
t 604 605 750
t 605 751 750
t 605 606 751
t 606 752 751
t 606 607 752
t 607 753 752
t 607 608 753
t 608 754 753
t 608 609 754
t 609 755 754
t 609 610 755
t 610 756 755
t 610 611 756
t 611 757 756
t 611 612 757
t 612 758 757
t 612 613 758
t 613 759 758
t 613 614 759
t 614 760 759
t 614 615 760
t 615 761 760
t 615 616 761
t 616 762 761
t 616 617 762
t 617 763 762
t 617 618 763
t 618 764 763
t 618 619 764
t 619 147 764
t 619 620 147
t 620 621 147
t 621 622 147
t 622 623 147
t 623 624 147
t 624 625 147
t 625 141 147
t 78 76 77
t 78 75 76
t 78 74 75
t 78 73 74
t 78 72 73
t 78 71 72
t 78 70 71
t 147 148 149
t 147 149 150
t 147 150 151
t 147 151 152
t 147 152 153
t 147 153 154
t 147 154 155
t 78 626 70
t 626 765 70
t 626 627 765
t 627 766 765
t 627 628 766
t 628 767 766
t 628 629 767
t 629 768 767
t 629 630 768
t 630 769 768
t 630 631 769
t 631 770 769
t 631 632 770
t 632 771 770
t 632 633 771
t 633 772 771
t 633 634 772
t 634 773 772
t 634 635 773
t 635 774 773
t 635 636 774
t 636 775 774
t 636 637 775
t 637 776 775
t 637 638 776
t 638 777 776
t 638 639 777
t 639 778 777
t 639 640 778
t 640 779 778
t 640 641 779
t 641 780 779
t 641 642 780
t 642 781 780
t 642 643 781
t 643 782 781
t 643 644 782
t 644 783 782
t 644 645 783
t 645 784 783
t 645 646 784
t 646 785 784
t 646 647 785
t 647 786 785
t 647 648 786
t 648 787 786
t 648 649 787
t 649 788 787
t 649 650 788
t 650 789 788
t 650 651 789
t 651 790 789
t 651 652 790
t 652 791 790
t 652 653 791
t 653 792 791
t 653 654 792
t 654 793 792
t 654 655 793
t 655 794 793
t 655 656 794
t 656 795 794
t 656 657 795
t 657 796 795
t 657 658 796
t 658 797 796
t 658 659 797
t 659 798 797
t 659 660 798
t 660 799 798
t 660 661 799
t 661 800 799
t 661 662 800
t 662 801 800
t 662 663 801
t 663 802 801
t 663 664 802
t 664 803 802
t 664 665 803
t 665 804 803
t 665 666 804
t 666 805 804
t 666 667 805
t 667 806 805
t 667 668 806
t 668 807 806
t 668 669 807
t 669 808 807
t 669 670 808
t 670 809 808
t 670 671 809
t 671 810 809
t 671 672 810
t 672 811 810
t 672 673 811
t 673 812 811
t 673 674 812
t 674 813 812
t 674 675 813
t 675 814 813
t 675 676 814
t 676 815 814
t 676 677 815
t 677 816 815
t 677 678 816
t 678 817 816
t 678 679 817
t 679 818 817
t 679 680 818
t 680 819 818
t 680 681 819
t 681 820 819
t 681 682 820
t 682 821 820
t 682 683 821
t 683 822 821
t 683 684 822
t 684 823 822
t 684 685 823
t 685 824 823
t 685 686 824
t 686 825 824
t 686 687 825
t 687 826 825
t 687 688 826
t 688 827 826
t 688 689 827
t 689 828 827
t 689 690 828
t 690 829 828
t 690 691 829
t 691 830 829
t 691 692 830
t 692 831 830
t 692 693 831
t 693 832 831
t 693 694 832
t 694 833 832
t 694 695 833
t 695 834 833
t 695 696 834
t 696 835 834
t 696 697 835
t 697 836 835
t 697 698 836
t 698 837 836
t 698 699 837
t 699 838 837
t 699 700 838
t 700 839 838
t 700 701 839
t 701 840 839
t 701 702 840
t 702 841 840
t 702 703 841
t 703 842 841
t 703 704 842
t 704 843 842
t 704 705 843
t 705 844 843
t 705 706 844
t 706 845 844
t 706 707 845
t 707 846 845
t 707 708 846
t 708 847 846
t 708 709 847
t 709 848 847
t 709 710 848
t 710 849 848
t 710 711 849
t 711 850 849
t 711 712 850
t 712 851 850
t 712 713 851
t 713 852 851
t 713 714 852
t 714 853 852
t 714 715 853
t 715 854 853
t 715 716 854
t 716 855 854
t 716 717 855
t 717 856 855
t 717 718 856
t 718 857 856
t 718 719 857
t 719 858 857
t 719 720 858
t 720 859 858
t 720 721 859
t 721 860 859
t 721 722 860
t 722 861 860
t 722 723 861
t 723 862 861
t 723 724 862
t 724 863 862
t 724 725 863
t 725 864 863
t 725 726 864
t 726 865 864
t 726 727 865
t 727 866 865
t 727 728 866
t 728 867 866
t 728 729 867
t 729 868 867
t 729 730 868
t 730 869 868
t 730 731 869
t 731 870 869
t 731 732 870
t 732 871 870
t 732 733 871
t 733 872 871
t 733 734 872
t 734 873 872
t 734 735 873
t 735 874 873
t 735 736 874
t 736 875 874
t 736 737 875
t 737 876 875
t 737 738 876
t 738 877 876
t 738 739 877
t 739 878 877
t 739 740 878
t 740 879 878
t 740 741 879
t 741 880 879
t 741 742 880
t 742 881 880
t 742 743 881
t 743 882 881
t 743 744 882
t 744 883 882
t 744 745 883
t 745 884 883
t 745 746 884
t 746 885 884
t 746 747 885
t 747 886 885
t 747 748 886
t 748 887 886
t 748 749 887
t 749 888 887
t 749 750 888
t 750 889 888
t 750 751 889
t 751 890 889
t 751 752 890
t 752 891 890
t 752 753 891
t 753 892 891
t 753 754 892
t 754 893 892
t 754 755 893
t 755 894 893
t 755 756 894
t 756 155 894
t 756 757 155
t 757 758 155
t 758 759 155
t 759 760 155
t 760 761 155
t 761 762 155
t 762 763 155
t 763 764 155
t 764 147 155
t 70 68 69
t 70 67 68
t 70 66 67
t 70 65 66
t 70 64 65
t 70 63 64
t 70 62 63
t 155 156 157
t 155 157 158
t 155 158 159
t 155 159 160
t 155 160 161
t 155 161 162
t 155 162 163
t 70 895 62
t 70 896 895
t 70 897 896
t 70 898 897
t 70 899 898
t 70 900 899
t 70 901 900
t 70 902 901
t 70 903 902
t 70 904 903
t 70 905 904
t 70 906 905
t 70 907 906
t 70 908 907
t 70 909 908
t 70 910 909
t 70 911 910
t 70 912 911
t 70 913 912
t 70 914 913
t 70 915 914
t 70 916 915
t 70 917 916
t 70 918 917
t 70 919 918
t 70 920 919
t 70 921 920
t 70 765 921
t 765 922 921
t 765 766 922
t 766 923 922
t 766 767 923
t 767 924 923
t 767 768 924
t 768 925 924
t 768 769 925
t 769 926 925
t 769 770 926
t 770 927 926
t 770 771 927
t 771 928 927
t 771 772 928
t 772 929 928
t 772 773 929
t 773 930 929
t 773 774 930
t 774 931 930
t 774 775 931
t 775 932 931
t 775 776 932
t 776 933 932
t 776 777 933
t 777 934 933
t 777 778 934
t 778 935 934
t 778 779 935
t 779 936 935
t 779 780 936
t 780 937 936
t 780 781 937
t 781 938 937
t 781 782 938
t 782 939 938
t 782 783 939
t 783 940 939
t 783 784 940
t 784 941 940
t 784 785 941
t 785 942 941
t 785 786 942
t 786 943 942
t 786 787 943
t 787 944 943
t 787 788 944
t 788 945 944
t 788 789 945
t 789 946 945
t 789 790 946
t 790 947 946
t 790 791 947
t 791 948 947
t 791 792 948
t 792 949 948
t 792 793 949
t 793 950 949
t 793 794 950
t 794 951 950
t 794 795 951
t 795 952 951
t 795 796 952
t 796 953 952
t 796 797 953
t 797 954 953
t 797 798 954
t 798 955 954
t 798 799 955
t 799 956 955
t 799 800 956
t 800 957 956
t 800 801 957
t 801 958 957
t 801 802 958
t 802 959 958
t 802 803 959
t 803 960 959
t 803 804 960
t 804 961 960
t 804 805 961
t 805 962 961
t 805 806 962
t 806 963 962
t 806 807 963
t 807 964 963
t 807 808 964
t 808 965 964
t 808 809 965
t 809 966 965
t 809 810 966
t 810 967 966
t 810 811 967
t 811 968 967
t 811 812 968
t 812 969 968
t 812 813 969
t 813 970 969
t 813 814 970
t 814 971 970
t 814 815 971
t 815 972 971
t 815 816 972
t 816 973 972
t 816 817 973
t 817 974 973
t 817 818 974
t 818 975 974
t 818 819 975
t 819 976 975
t 819 820 976
t 820 977 976
t 820 821 977
t 821 978 977
t 821 822 978
t 822 979 978
t 822 823 979
t 823 980 979
t 823 824 980
t 824 981 980
t 824 825 981
t 825 982 981
t 825 826 982
t 826 983 982
t 826 827 983
t 827 984 983
t 827 828 984
t 828 985 984
t 828 829 985
t 829 986 985
t 829 830 986
t 830 987 986
t 830 831 987
t 831 988 987
t 831 832 988
t 832 989 988
t 832 833 989
t 833 990 989
t 833 834 990
t 834 991 990
t 834 835 991
t 835 992 991
t 835 836 992
t 836 993 992
t 836 837 993
t 837 994 993
t 837 838 994
t 838 995 994
t 838 839 995
t 839 996 995
t 839 840 996
t 840 997 996
t 840 841 997
t 841 998 997
t 841 842 998
t 842 999 998
t 842 843 999
t 843 1000 999
t 843 844 1000
t 844 1001 1000
t 844 845 1001
t 845 1002 1001
t 845 846 1002
t 846 1003 1002
t 846 847 1003
t 847 1004 1003
t 847 848 1004
t 848 1005 1004
t 848 849 1005
t 849 1006 1005
t 849 850 1006
t 850 1007 1006
t 850 851 1007
t 851 1008 1007
t 851 852 1008
t 852 1009 1008
t 852 853 1009
t 853 1010 1009
t 853 854 1010
t 854 1011 1010
t 854 855 1011
t 855 1012 1011
t 855 856 1012
t 856 1013 1012
t 856 857 1013
t 857 1014 1013
t 857 858 1014
t 858 1015 1014
t 858 859 1015
t 859 1016 1015
t 859 860 1016
t 860 1017 1016
t 860 861 1017
t 861 1018 1017
t 861 862 1018
t 862 1019 1018
t 862 863 1019
t 863 1020 1019
t 863 864 1020
t 864 1021 1020
t 864 865 1021
t 865 1022 1021
t 865 866 1022
t 866 1023 1022
t 866 867 1023
t 867 1024 1023
t 867 868 1024
t 868 1025 1024
t 868 869 1025
t 869 1026 1025
t 869 870 1026
t 870 1027 1026
t 870 871 1027
t 871 1028 1027
t 871 872 1028
t 872 1029 1028
t 872 873 1029
t 873 1030 1029
t 873 874 1030
t 874 1031 1030
t 874 875 1031
t 875 1032 1031
t 875 876 1032
t 876 1033 1032
t 876 877 1033
t 877 1034 1033
t 877 878 1034
t 878 1035 1034
t 878 879 1035
t 879 1036 1035
t 879 880 1036
t 880 1037 1036
t 880 881 1037
t 881 1038 1037
t 881 882 1038
t 882 1039 1038
t 882 883 1039
t 883 1040 1039
t 883 884 1040
t 884 1041 1040
t 884 885 1041
t 885 163 1041
t 885 886 163
t 886 887 163
t 887 888 163
t 888 889 163
t 889 890 163
t 890 891 163
t 891 892 163
t 892 893 163
t 893 894 163
t 894 155 163
t 62 60 61
t 62 59 60
t 62 58 59
t 62 57 58
t 62 56 57
t 62 55 56
t 62 54 55
t 163 164 165
t 163 165 166
t 163 166 167
t 163 167 168
t 163 168 169
t 163 169 170
t 163 170 171
t 62 1042 54
t 62 895 1042
t 895 1043 1042
t 895 896 1043
t 896 1044 1043
t 896 897 1044
t 897 1045 1044
t 897 898 1045
t 898 1046 1045
t 898 899 1046
t 899 1047 1046
t 899 900 1047
t 900 1048 1047
t 900 901 1048
t 901 1049 1048
t 901 902 1049
t 902 1050 1049
t 902 903 1050
t 903 1051 1050
t 903 904 1051
t 904 1052 1051
t 904 905 1052
t 905 1053 1052
t 905 906 1053
t 906 1054 1053
t 906 907 1054
t 907 1055 1054
t 907 908 1055
t 908 1056 1055
t 908 909 1056
t 909 1057 1056
t 909 910 1057
t 910 1058 1057
t 910 911 1058
t 911 1059 1058
t 911 912 1059
t 912 1060 1059
t 912 913 1060
t 913 1061 1060
t 913 914 1061
t 914 1062 1061
t 914 915 1062
t 915 1063 1062
t 915 916 1063
t 916 1064 1063
t 916 917 1064
t 917 1065 1064
t 917 918 1065
t 918 1066 1065
t 918 919 1066
t 919 1067 1066
t 919 920 1067
t 920 1068 1067
t 920 921 1068
t 921 1069 1068
t 921 922 1069
t 922 1070 1069
t 922 923 1070
t 923 1071 1070
t 923 924 1071
t 924 1072 1071
t 924 925 1072
t 925 1073 1072
t 925 926 1073
t 926 1074 1073
t 926 927 1074
t 927 1075 1074
t 927 928 1075
t 928 1076 1075
t 928 929 1076
t 929 1077 1076
t 929 930 1077
t 930 1078 1077
t 930 931 1078
t 931 1079 1078
t 931 932 1079
t 932 1080 1079
t 932 933 1080
t 933 1081 1080
t 933 934 1081
t 934 1082 1081
t 934 935 1082
t 935 1083 1082
t 935 936 1083
t 936 1084 1083
t 936 937 1084
t 937 1085 1084
t 937 938 1085
t 938 1086 1085
t 938 939 1086
t 939 1087 1086
t 939 940 1087
t 940 1088 1087
t 940 941 1088
t 941 1089 1088
t 941 942 1089
t 942 1090 1089
t 942 943 1090
t 943 1091 1090
t 943 944 1091
t 944 1092 1091
t 944 945 1092
t 945 1093 1092
t 945 946 1093
t 946 1094 1093
t 946 947 1094
t 947 1095 1094
t 947 948 1095
t 948 1096 1095
t 948 949 1096
t 949 1097 1096
t 949 950 1097
t 950 1098 1097
t 950 951 1098
t 951 1099 1098
t 951 952 1099
t 952 1100 1099
t 952 953 1100
t 953 1101 1100
t 953 954 1101
t 954 1102 1101
t 954 955 1102
t 955 1103 1102
t 955 956 1103
t 956 1104 1103
t 956 957 1104
t 957 1105 1104
t 957 958 1105
t 958 1106 1105
t 958 959 1106
t 959 1107 1106
t 959 960 1107
t 960 1108 1107
t 960 961 1108
t 961 1109 1108
t 961 962 1109
t 962 1110 1109
t 962 963 1110
t 963 1111 1110
t 963 964 1111
t 964 1112 1111
t 964 965 1112
t 965 1113 1112
t 965 966 1113
t 966 1114 1113
t 966 967 1114
t 967 1115 1114
t 967 968 1115
t 968 1116 1115
t 968 969 1116
t 969 1117 1116
t 969 970 1117
t 970 1118 1117
t 970 971 1118
t 971 1119 1118
t 971 972 1119
t 972 1120 1119
t 972 973 1120
t 973 1121 1120
t 973 974 1121
t 974 1122 1121
t 974 975 1122
t 975 1123 1122
t 975 976 1123
t 976 1124 1123
t 976 977 1124
t 977 1125 1124
t 977 978 1125
t 978 1126 1125
t 978 979 1126
t 979 1127 1126
t 979 980 1127
t 980 1128 1127
t 980 981 1128
t 981 1129 1128
t 981 982 1129
t 982 1130 1129
t 982 983 1130
t 983 1131 1130
t 983 984 1131
t 984 1132 1131
t 984 985 1132
t 985 1133 1132
t 985 986 1133
t 986 1134 1133
t 986 987 1134
t 987 1135 1134
t 987 988 1135
t 988 1136 1135
t 988 989 1136
t 989 1137 1136
t 989 990 1137
t 990 1138 1137
t 990 991 1138
t 991 1139 1138
t 991 992 1139
t 992 1140 1139
t 992 993 1140
t 993 1141 1140
t 993 994 1141
t 994 1142 1141
t 994 995 1142
t 995 1143 1142
t 995 996 1143
t 996 1144 1143
t 996 997 1144
t 997 1145 1144
t 997 998 1145
t 998 1146 1145
t 998 999 1146
t 999 1147 1146
t 999 1000 1147
t 1000 1148 1147
t 1000 1001 1148
t 1001 1149 1148
t 1001 1002 1149
t 1002 1150 1149
t 1002 1003 1150
t 1003 1151 1150
t 1003 1004 1151
t 1004 1152 1151
t 1004 1005 1152
t 1005 1153 1152
t 1005 1006 1153
t 1006 1154 1153
t 1006 1007 1154
t 1007 1155 1154
t 1007 1008 1155
t 1008 1156 1155
t 1008 1009 1156
t 1009 1157 1156
t 1009 1010 1157
t 1010 1158 1157
t 1010 1011 1158
t 1011 1159 1158
t 1011 1012 1159
t 1012 1160 1159
t 1012 1013 1160
t 1013 1161 1160
t 1013 1014 1161
t 1014 1162 1161
t 1014 1015 1162
t 1015 1163 1162
t 1015 1016 1163
t 1016 1164 1163
t 1016 1017 1164
t 1017 1165 1164
t 1017 1018 1165
t 1018 1166 1165
t 1018 1019 1166
t 1019 1167 1166
t 1019 1020 1167
t 1020 1168 1167
t 1020 1021 1168
t 1021 1169 1168
t 1021 1022 1169
t 1022 1170 1169
t 1022 1023 1170
t 1023 1171 1170
t 1023 1024 1171
t 1024 1172 1171
t 1024 1025 1172
t 1025 1173 1172
t 1025 1026 1173
t 1026 1174 1173
t 1026 1027 1174
t 1027 1175 1174
t 1027 1028 1175
t 1028 1176 1175
t 1028 1029 1176
t 1029 1177 1176
t 1029 1030 1177
t 1030 1178 1177
t 1030 1031 1178
t 1031 1179 1178
t 1031 1032 1179
t 1032 171 1179
t 1032 1033 171
t 1033 1034 171
t 1034 1035 171
t 1035 1036 171
t 1036 1037 171
t 1037 1038 171
t 1038 1039 171
t 1039 1040 171
t 1040 1041 171
t 1041 163 171
t 54 52 53
t 54 51 52
t 54 50 51
t 54 49 50
t 54 48 49
t 54 47 48
t 54 46 47
t 171 172 173
t 171 173 174
t 171 174 175
t 171 175 176
t 171 176 177
t 171 177 178
t 171 178 179
t 54 1042 46
t 1042 1043 46
t 1043 1044 46
t 1044 1045 46
t 1045 1046 46
t 1046 1047 46
t 1047 1048 46
t 1048 1049 46
t 1049 1050 46
t 1050 1051 46
t 1051 1052 46
t 1052 1053 46
t 1053 1054 46
t 1054 1055 46
t 1055 1056 46
t 1056 1057 46
t 1057 1058 46
t 1058 1059 46
t 1059 1060 46
t 1060 1061 46
t 1061 1062 46
t 1062 1063 46
t 1063 1064 46
t 1064 1065 46
t 1065 1180 46
t 1065 1066 1180
t 1066 1181 1180
t 1066 1067 1181
t 1067 1182 1181
t 1067 1068 1182
t 1068 1183 1182
t 1068 1069 1183
t 1069 1184 1183
t 1069 1070 1184
t 1070 1185 1184
t 1070 1071 1185
t 1071 1186 1185
t 1071 1072 1186
t 1072 1187 1186
t 1072 1073 1187
t 1073 1188 1187
t 1073 1074 1188
t 1074 1189 1188
t 1074 1075 1189
t 1075 1190 1189
t 1075 1076 1190
t 1076 1191 1190
t 1076 1077 1191
t 1077 1192 1191
t 1077 1078 1192
t 1078 1193 1192
t 1078 1079 1193
t 1079 1194 1193
t 1079 1080 1194
t 1080 1195 1194
t 1080 1081 1195
t 1081 1196 1195
t 1081 1082 1196
t 1082 1197 1196
t 1082 1083 1197
t 1083 1198 1197
t 1083 1084 1198
t 1084 1199 1198
t 1084 1085 1199
t 1085 1200 1199
t 1085 1086 1200
t 1086 1201 1200
t 1086 1087 1201
t 1087 1202 1201
t 1087 1088 1202
t 1088 1203 1202
t 1088 1089 1203
t 1089 1204 1203
t 1089 1090 1204
t 1090 1205 1204
t 1090 1091 1205
t 1091 1206 1205
t 1091 1092 1206
t 1092 1207 1206
t 1092 1093 1207
t 1093 1208 1207
t 1093 1094 1208
t 1094 1209 1208
t 1094 1095 1209
t 1095 1210 1209
t 1095 1096 1210
t 1096 1211 1210
t 1096 1097 1211
t 1097 1212 1211
t 1097 1098 1212
t 1098 1213 1212
t 1098 1099 1213
t 1099 1214 1213
t 1099 1100 1214
t 1100 1215 1214
t 1100 1101 1215
t 1101 1216 1215
t 1101 1102 1216
t 1102 1217 1216
t 1102 1103 1217
t 1103 1218 1217
t 1103 1104 1218
t 1104 1219 1218
t 1104 1105 1219
t 1105 1220 1219
t 1105 1106 1220
t 1106 1221 1220
t 1106 1107 1221
t 1107 1222 1221
t 1107 1108 1222
t 1108 1223 1222
t 1108 1109 1223
t 1109 1224 1223
t 1109 1110 1224
t 1110 1225 1224
t 1110 1111 1225
t 1111 1226 1225
t 1111 1112 1226
t 1112 1227 1226
t 1112 1113 1227
t 1113 1228 1227
t 1113 1114 1228
t 1114 1229 1228
t 1114 1115 1229
t 1115 1230 1229
t 1115 1116 1230
t 1116 1231 1230
t 1116 1117 1231
t 1117 1232 1231
t 1117 1118 1232
t 1118 1233 1232
t 1118 1119 1233
t 1119 1234 1233
t 1119 1120 1234
t 1120 1235 1234
t 1120 1121 1235
t 1121 1236 1235
t 1121 1122 1236
t 1122 1237 1236
t 1122 1123 1237
t 1123 1238 1237
t 1123 1124 1238
t 1124 1239 1238
t 1124 1125 1239
t 1125 1240 1239
t 1125 1126 1240
t 1126 1241 1240
t 1126 1127 1241
t 1127 1242 1241
t 1127 1128 1242
t 1128 1243 1242
t 1128 1129 1243
t 1129 1244 1243
t 1129 1130 1244
t 1130 1245 1244
t 1130 1131 1245
t 1131 1246 1245
t 1131 1132 1246
t 1132 1247 1246
t 1132 1133 1247
t 1133 1248 1247
t 1133 1134 1248
t 1134 1249 1248
t 1134 1135 1249
t 1135 1250 1249
t 1135 1136 1250
t 1136 1251 1250
t 1136 1137 1251
t 1137 1252 1251
t 1137 1138 1252
t 1138 1253 1252
t 1138 1139 1253
t 1139 1254 1253
t 1139 1140 1254
t 1140 1255 1254
t 1140 1141 1255
t 1141 1256 1255
t 1141 1142 1256
t 1142 1257 1256
t 1142 1143 1257
t 1143 1258 1257
t 1143 1144 1258
t 1144 1259 1258
t 1144 1145 1259
t 1145 1260 1259
t 1145 1146 1260
t 1146 1261 1260
t 1146 1147 1261
t 1147 1262 1261
t 1147 1148 1262
t 1148 1263 1262
t 1148 1149 1263
t 1149 1264 1263
t 1149 1150 1264
t 1150 1265 1264
t 1150 1151 1265
t 1151 1266 1265
t 1151 1152 1266
t 1152 1267 1266
t 1152 1153 1267
t 1153 1268 1267
t 1153 1154 1268
t 1154 1269 1268
t 1154 1155 1269
t 1155 1270 1269
t 1155 1156 1270
t 1156 1271 1270
t 1156 1157 1271
t 1157 1272 1271
t 1157 1158 1272
t 1158 1273 1272
t 1158 1159 1273
t 1159 1274 1273
t 1159 1160 1274
t 1160 1275 1274
t 1160 1161 1275
t 1161 1276 1275
t 1161 1162 1276
t 1162 1277 1276
t 1162 1163 1277
t 1163 1278 1277
t 1163 1164 1278
t 1164 1279 1278
t 1164 1165 1279
t 1165 1280 1279
t 1165 1166 1280
t 1166 1281 1280
t 1166 1167 1281
t 1167 1282 1281
t 1167 1168 1282
t 1168 1283 1282
t 1168 1169 1283
t 1169 1284 1283
t 1169 1170 1284
t 1170 1285 1284
t 1170 1171 1285
t 1171 179 1285
t 1171 1172 179
t 1172 1173 179
t 1173 1174 179
t 1174 1175 179
t 1175 1176 179
t 1176 1177 179
t 1177 1178 179
t 1178 1179 179
t 1179 171 179
t 46 44 45
t 46 43 44
t 46 42 43
t 46 41 42
t 46 40 41
t 46 39 40
t 46 38 39
t 179 180 181
t 179 181 182
t 179 182 183
t 179 183 184
t 179 184 185
t 179 185 186
t 179 186 187
t 46 1180 38
t 1180 1181 38
t 1181 1182 38
t 1182 1183 38
t 1183 1184 38
t 1184 1286 38
t 1184 1185 1286
t 1185 1287 1286
t 1185 1186 1287
t 1186 1288 1287
t 1186 1187 1288
t 1187 1289 1288
t 1187 1188 1289
t 1188 1290 1289
t 1188 1189 1290
t 1189 1291 1290
t 1189 1190 1291
t 1190 1292 1291
t 1190 1191 1292
t 1191 1293 1292
t 1191 1192 1293
t 1192 1294 1293
t 1192 1193 1294
t 1193 1295 1294
t 1193 1194 1295
t 1194 1296 1295
t 1194 1195 1296
t 1195 1297 1296
t 1195 1196 1297
t 1196 1298 1297
t 1196 1197 1298
t 1197 1299 1298
t 1197 1198 1299
t 1198 1300 1299
t 1198 1199 1300
t 1199 1301 1300
t 1199 1200 1301
t 1200 1302 1301
t 1200 1201 1302
t 1201 1303 1302
t 1201 1202 1303
t 1202 1304 1303
t 1202 1203 1304
t 1203 1305 1304
t 1203 1204 1305
t 1204 1306 1305
t 1204 1205 1306
t 1205 1307 1306
t 1205 1206 1307
t 1206 1308 1307
t 1206 1207 1308
t 1207 1309 1308
t 1207 1208 1309
t 1208 1310 1309
t 1208 1209 1310
t 1209 1311 1310
t 1209 1210 1311
t 1210 1312 1311
t 1210 1211 1312
t 1211 1313 1312
t 1211 1212 1313
t 1212 1314 1313
t 1212 1213 1314
t 1213 1315 1314
t 1213 1214 1315
t 1214 1316 1315
t 1214 1215 1316
t 1215 1317 1316
t 1215 1216 1317
t 1216 1318 1317
t 1216 1217 1318
t 1217 1319 1318
t 1217 1218 1319
t 1218 1320 1319
t 1218 1219 1320
t 1219 1321 1320
t 1219 1220 1321
t 1220 1322 1321
t 1220 1221 1322
t 1221 1323 1322
t 1221 1222 1323
t 1222 1324 1323
t 1222 1223 1324
t 1223 1325 1324
t 1223 1224 1325
t 1224 1326 1325
t 1224 1225 1326
t 1225 1327 1326
t 1225 1226 1327
t 1226 1328 1327
t 1226 1227 1328
t 1227 1329 1328
t 1227 1228 1329
t 1228 1330 1329
t 1228 1229 1330
t 1229 1331 1330
t 1229 1230 1331
t 1230 1332 1331
t 1230 1231 1332
t 1231 1333 1332
t 1231 1232 1333
t 1232 1334 1333
t 1232 1233 1334
t 1233 1335 1334
t 1233 1234 1335
t 1234 1336 1335
t 1234 1235 1336
t 1235 1337 1336
t 1235 1236 1337
t 1236 1338 1337
t 1236 1237 1338
t 1237 1339 1338
t 1237 1238 1339
t 1238 1340 1339
t 1238 1239 1340
t 1239 1341 1340
t 1239 1240 1341
t 1240 1342 1341
t 1240 1241 1342
t 1241 1343 1342
t 1241 1242 1343
t 1242 1344 1343
t 1242 1243 1344
t 1243 1345 1344
t 1243 1244 1345
t 1244 1346 1345
t 1244 1245 1346
t 1245 1347 1346
t 1245 1246 1347
t 1246 1348 1347
t 1246 1247 1348
t 1247 1349 1348
t 1247 1248 1349
t 1248 1350 1349
t 1248 1249 1350
t 1249 1351 1350
t 1249 1250 1351
t 1250 1352 1351
t 1250 1251 1352
t 1251 1353 1352
t 1251 1252 1353
t 1252 1354 1353
t 1252 1253 1354
t 1253 1355 1354
t 1253 1254 1355
t 1254 1356 1355
t 1254 1255 1356
t 1255 1357 1356
t 1255 1256 1357
t 1256 1358 1357
t 1256 1257 1358
t 1257 1359 1358
t 1257 1258 1359
t 1258 1360 1359
t 1258 1259 1360
t 1259 1361 1360
t 1259 1260 1361
t 1260 1362 1361
t 1260 1261 1362
t 1261 1363 1362
t 1261 1262 1363
t 1262 1364 1363
t 1262 1263 1364
t 1263 1365 1364
t 1263 1264 1365
t 1264 1366 1365
t 1264 1265 1366
t 1265 1367 1366
t 1265 1266 1367
t 1266 1368 1367
t 1266 1267 1368
t 1267 1369 1368
t 1267 1268 1369
t 1268 1370 1369
t 1268 1269 1370
t 1269 1371 1370
t 1269 1270 1371
t 1270 1372 1371
t 1270 1271 1372
t 1271 1373 1372
t 1271 1272 1373
t 1272 1374 1373
t 1272 1273 1374
t 1273 1375 1374
t 1273 1274 1375
t 1274 1376 1375
t 1274 1275 1376
t 1275 1377 1376
t 1275 1276 1377
t 1276 187 1377
t 1276 1277 187
t 1277 1278 187
t 1278 1279 187
t 1279 1280 187
t 1280 1281 187
t 1281 1282 187
t 1282 1283 187
t 1283 1284 187
t 1284 1285 187
t 1285 179 187
t 38 36 37
t 38 35 36
t 38 34 35
t 187 188 189
t 187 189 190
t 187 190 191
t 187 191 192
t 187 192 193
t 187 193 194
t 187 194 195
t 187 195 0
t 187 0 1
t 187 1 2
t 187 2 3
t 187 3 4
t 187 4 5
t 187 5 6
t 187 6 7
t 187 7 8
t 187 8 9
t 38 1378 34
t 38 1379 1378
t 38 1380 1379
t 38 1381 1380
t 38 1382 1381
t 38 1383 1382
t 38 1384 1383
t 38 1385 1384
t 38 1386 1385
t 38 1387 1386
t 38 1286 1387
t 1286 1388 1387
t 1286 1287 1388
t 1287 1389 1388
t 1287 1288 1389
t 1288 1390 1389
t 1288 1289 1390
t 1289 1391 1390
t 1289 1290 1391
t 1290 1392 1391
t 1290 1291 1392
t 1291 1393 1392
t 1291 1292 1393
t 1292 1394 1393
t 1292 1293 1394
t 1293 1395 1394
t 1293 1294 1395
t 1294 1396 1395
t 1294 1295 1396
t 1295 1397 1396
t 1295 1296 1397
t 1296 1398 1397
t 1296 1297 1398
t 1297 1399 1398
t 1297 1298 1399
t 1298 1400 1399
t 1298 1299 1400
t 1299 1401 1400
t 1299 1300 1401
t 1300 1402 1401
t 1300 1301 1402
t 1301 1403 1402
t 1301 1302 1403
t 1302 1404 1403
t 1302 1303 1404
t 1303 1405 1404
t 1303 1304 1405
t 1304 1406 1405
t 1304 1305 1406
t 1305 1407 1406
t 1305 1306 1407
t 1306 1408 1407
t 1306 1307 1408
t 1307 1409 1408
t 1307 1308 1409
t 1308 1410 1409
t 1308 1309 1410
t 1309 1411 1410
t 1309 1310 1411
t 1310 1412 1411
t 1310 1311 1412
t 1311 1413 1412
t 1311 1312 1413
t 1312 1414 1413
t 1312 1313 1414
t 1313 1415 1414
t 1313 1314 1415
t 1314 1416 1415
t 1314 1315 1416
t 1315 1417 1416
t 1315 1316 1417
t 1316 1418 1417
t 1316 1317 1418
t 1317 1419 1418
t 1317 1318 1419
t 1318 1420 1419
t 1318 1319 1420
t 1319 1421 1420
t 1319 1320 1421
t 1320 1422 1421
t 1320 1321 1422
t 1321 1423 1422
t 1321 1322 1423
t 1322 1424 1423
t 1322 1323 1424
t 1323 1425 1424
t 1323 1324 1425
t 1324 1426 1425
t 1324 1325 1426
t 1325 1427 1426
t 1325 1326 1427
t 1326 1428 1427
t 1326 1327 1428
t 1327 1429 1428
t 1327 1328 1429
t 1328 1430 1429
t 1328 1329 1430
t 1329 1431 1430
t 1329 1330 1431
t 1330 1432 1431
t 1330 1331 1432
t 1331 1433 1432
t 1331 1332 1433
t 1332 1434 1433
t 1332 1333 1434
t 1333 1435 1434
t 1333 1334 1435
t 1334 1436 1435
t 1334 1335 1436
t 1335 1437 1436
t 1335 1336 1437
t 1336 1438 1437
t 1336 1337 1438
t 1337 1439 1438
t 1337 1338 1439
t 1338 1440 1439
t 1338 1339 1440
t 1339 1441 1440
t 1339 1340 1441
t 1340 1442 1441
t 1340 1341 1442
t 1341 1443 1442
t 1341 1342 1443
t 1342 1444 1443
t 1342 1343 1444
t 1343 1445 1444
t 1343 1344 1445
t 1344 9 1445
t 1344 1345 9
t 1345 1346 9
t 1346 1347 9
t 1347 1348 9
t 1348 1349 9
t 1349 1350 9
t 1350 1351 9
t 1351 1352 9
t 1352 1353 9
t 1353 1354 9
t 1354 1355 9
t 1355 1356 9
t 1356 1357 9
t 1357 1358 9
t 1358 1359 9
t 1359 1360 9
t 1360 1361 9
t 1361 1362 9
t 1362 1363 9
t 1363 1364 9
t 1364 1365 9
t 1365 1366 9
t 1366 1367 9
t 1367 1368 9
t 1368 1369 9
t 1369 1370 9
t 1370 1371 9
t 1371 1372 9
t 1372 1373 9
t 1373 1374 9
t 1374 1375 9
t 1375 1376 9
t 1376 1377 9
t 1377 187 9
t 34 32 33
t 34 31 32
t 34 30 31
t 34 29 30
t 9 10 11
t 9 11 12
t 9 12 13
t 9 13 14
t 9 14 15
t 9 15 16
t 9 16 17
t 9 17 18
t 9 18 19
t 9 19 20
t 9 20 21
t 9 21 22
t 9 22 23
t 9 23 24
t 9 24 25
t 9 25 26
t 9 26 27
t 9 27 28
t 34 1378 29
t 1378 1379 29
t 1379 1380 29
t 1380 1381 29
t 1381 1382 29
t 1382 1383 29
t 1383 1384 29
t 1384 1385 29
t 1385 1386 29
t 1386 1387 29
t 1387 1388 29
t 1388 1389 29
t 1389 1390 29
t 1390 1391 29
t 1391 1392 29
t 1392 1393 29
t 1393 1394 29
t 1394 1395 29
t 1395 1396 29
t 1396 1397 29
t 1397 1398 29
t 1398 1399 29
t 1399 1400 29
t 1400 28 29
t 1400 1401 28
t 1401 1402 28
t 1402 1403 28
t 1403 1404 28
t 1404 1405 28
t 1405 1406 28
t 1406 1407 28
t 1407 1408 28
t 1408 1409 28
t 1409 1410 28
t 1410 1411 28
t 1411 1412 28
t 1412 1413 28
t 1413 1414 28
t 1414 1415 28
t 1415 1416 28
t 1416 1417 28
t 1417 1418 28
t 1418 1419 28
t 1419 1420 28
t 1420 1421 28
t 1421 1422 28
t 1422 1423 28
t 1423 1424 28
t 1424 1425 28
t 1425 1426 28
t 1426 1427 28
t 1427 1428 28
t 1428 1429 28
t 1429 1430 28
t 1430 1431 28
t 1431 1432 28
t 1432 1433 28
t 1433 1434 28
t 1434 1435 28
t 1435 1436 28
t 1436 1437 28
t 1437 1438 28
t 1438 1439 28
t 1439 1440 28
t 1440 1441 28
t 1441 1442 28
t 1442 1443 28
t 1443 1444 28
t 1444 1445 28
t 1445 9 28
