type=Sphere forward=false n_boundary=93 n_holes=0 n_interior=56 n_tris=147 label=brep62542_f54_Sphere
boundary
b 3.091690321 1.562001078
b 3.041780280 1.553227728
b 2.991854894 1.544498138
b 2.941906669 1.535834083
b 2.891928326 1.527257217
b 2.841912871 1.518789025
b 2.791853658 1.510450784
b 2.741744458 1.502263517
b 2.691579519 1.494247949
b 2.641353626 1.486424459
b 2.591062153 1.478813035
b 2.540701114 1.471433221
b 2.490267209 1.464304071
b 2.439757861 1.457444099
b 2.389171246 1.450871222
b 2.338506323 1.444602711
b 2.287762851 1.438655138
b 2.236941394 1.433044319
b 2.186043330 1.427785268
b 2.135070838 1.422892137
b 2.084026883 1.418378170
b 2.032915195 1.414255650
b 1.981740231 1.410535852
b 1.930507133 1.407228999
b 1.879221677 1.404344219
b 1.827890214 1.401889506
b 1.776519602 1.399871685
b 1.725117133 1.398296384
b 1.673690456 1.397168006
b 1.622247487 1.396489711
b 1.570796327 1.396263402
b 1.570796327 1.351222647
b 1.570796327 1.306181892
b 1.570796327 1.261141137
b 1.570796327 1.216100382
b 1.570796327 1.171059627
b 1.570796327 1.126018872
b 1.570796327 1.080978117
b 1.570796327 1.035937362
b 1.570796327 0.990896608
b 1.570796327 0.945855853
b 1.570796327 0.900815098
b 1.570796327 0.855774343
b 1.570796327 0.810733588
b 1.570796327 0.765692833
b 1.570796327 0.720652078
b 1.570796327 0.675611323
b 1.570796327 0.630570568
b 1.570796327 0.585529814
b 1.570796327 0.540489059
b 1.570796327 0.495448304
b 1.570796327 0.450407549
b 1.570796327 0.405366794
b 1.570796327 0.360326039
b 1.570796327 0.315285284
b 1.570796327 0.270244529
b 1.570796327 0.225203774
b 1.570796327 0.180163020
b 1.570796327 0.135122265
b 1.570796327 0.090081510
b 1.570796327 0.045040755
b 0.915100701 0.000000000
b 3.141592654 0.050670849
b 3.141592654 0.101341699
b 3.141592654 0.152012548
b 3.141592654 0.202683397
b 3.141592654 0.253354246
b 3.141592654 0.304025096
b 3.141592654 0.354695945
b 3.141592654 0.405366794
b 3.141592654 0.456037643
b 3.141592654 0.506708493
b 3.141592654 0.557379342
b 3.141592654 0.608050191
b 3.141592654 0.658721040
b 3.141592654 0.709391890
b 3.141592654 0.760062739
b 3.141592654 0.810733588
b 3.141592654 0.861404437
b 3.141592654 0.912075287
b 3.141592654 0.962746136
b 3.141592654 1.013416985
b 3.141592654 1.064087834
b 3.141592654 1.114758684
b 3.141592654 1.165429533
b 3.141592654 1.216100382
b 3.141592654 1.266771231
b 3.141592654 1.317442081
b 3.141592654 1.368112930
b 3.141592654 1.418783779
b 3.141592654 1.469454628
b 3.141592654 1.520125478
b 3.141592654 1.570796327
interior
i 2.956051658 1.374446786
i 2.956051658 1.178097245
i 2.770510661 1.374446786
i 2.584969665 1.374446786
i 2.399428669 1.374446786
i 2.213887673 1.374446786
i 2.028346677 1.374446786
i 1.842805681 1.374446786
i 1.657264685 1.374446786
i 1.657264685 1.178097245
i 1.842805681 1.178097245
i 1.657264685 0.981747704
i 1.657264685 0.785398163
i 1.657264685 0.589048623
i 1.657264685 0.392699082
i 1.657264685 0.196349541
i 1.842805681 0.196349541
i 2.028346677 0.196349541
i 1.842805681 0.392699082
i 1.842805681 0.589048623
i 1.842805681 0.785398163
i 1.842805681 0.981747704
i 2.028346677 1.178097245
i 2.028346677 0.981747704
i 2.213887673 1.178097245
i 2.399428669 1.178097245
i 2.584969665 1.178097245
i 2.399428669 0.981747704
i 2.213887673 0.981747704
i 2.028346677 0.785398163
i 2.028346677 0.589048623
i 2.213887673 0.785398163
i 2.399428669 0.785398163
i 2.213887673 0.589048623
i 2.028346677 0.392699082
i 2.213887673 0.196349541
i 2.213887673 0.392699082
i 2.399428669 0.196349541
i 2.584969665 0.196349541
i 2.399428669 0.392699082
i 2.399428669 0.589048623
i 2.584969665 0.392699082
i 2.770510661 0.196349541
i 2.956051658 0.196349541
i 2.956051658 0.392699082
i 2.770510661 0.392699082
i 2.584969665 0.589048623
i 2.770510661 0.589048623
i 2.956051658 0.589048623
i 2.956051658 0.785398163
i 2.956051658 0.981747704
i 2.770510661 0.785398163
i 2.584969665 0.785398163
i 2.584969665 0.981747704
i 2.770510661 0.981747704
i 2.770510661 1.178097245
tris
t 148 0 1
t 29 30 31
t 60 61 62
t 91 92 93
t 94 95 96
t 100 101 102
t 103 104 105
t 107 108 109
t 109 110 111
t 115 116 117
t 120 121 122
t 122 123 124
t 127 128 129
t 129 130 131
t 134 135 136
t 136 137 138
t 140 141 142
t 142 143 144
t 146 147 148
t 148 1 2
t 28 29 31
t 59 60 62
t 90 91 93
t 94 96 97
t 99 100 102
t 103 105 106
t 106 107 109
t 120 122 124
t 125 126 129
t 126 127 129
t 129 131 132
t 133 134 136
t 139 140 142
t 146 148 2
t 27 28 31
t 58 59 62
t 90 93 94
t 94 97 98
t 98 99 102
t 106 109 111
t 120 124 125
t 129 132 133
t 133 136 138
t 139 142 144
t 146 2 3
t 26 27 31
t 57 58 62
t 98 102 103
t 106 111 112
t 119 120 125
t 125 129 133
t 133 138 139
t 139 144 145
t 146 3 4
t 25 26 31
t 56 57 62
t 106 112 113
t 119 125 133
t 133 139 145
t 146 4 5
t 24 25 31
t 55 56 62
t 62 63 94
t 63 64 94
t 64 65 94
t 65 66 94
t 66 67 94
t 67 68 94
t 68 69 94
t 69 70 94
t 70 71 94
t 71 72 94
t 72 73 94
t 73 74 94
t 74 75 94
t 75 76 94
t 76 77 94
t 77 78 94
t 78 79 94
t 79 80 94
t 80 81 94
t 81 82 94
t 82 83 94
t 83 84 94
t 84 85 94
t 85 86 94
t 86 87 94
t 87 88 94
t 88 89 94
t 89 90 94
t 106 113 114
t 133 145 146
t 146 5 6
t 23 24 31
t 54 55 62
t 103 106 114
t 119 133 146
t 146 6 7
t 22 23 31
t 53 54 62
t 103 114 115
t 119 146 7
t 21 22 31
t 52 53 62
t 98 103 115
t 118 119 7
t 20 21 31
t 51 52 62
t 62 94 98
t 98 115 117
t 117 118 7
t 19 20 31
t 50 51 62
t 62 98 117
t 117 7 8
t 18 19 31
t 49 50 62
t 117 8 9
t 17 18 31
t 48 49 62
t 117 9 10
t 16 17 31
t 47 48 62
t 117 10 11
t 15 16 31
t 46 47 62
t 117 11 12
t 15 31 32
t 45 46 62
t 117 12 13
t 14 15 32
t 44 45 62
t 117 13 14
t 32 33 14
t 33 34 14
t 43 44 62
t 117 14 34
t 42 43 62
t 62 117 34
t 41 42 62
t 62 34 35
t 40 41 62
t 35 36 62
t 36 37 62
t 39 40 62
t 62 37 38
t 38 39 62
