type=Nurbs forward=false n_boundary=196 n_holes=0 n_interior=96 n_tris=882 label=brep47598_f262_Nurbs(deg=3/3, cps=4x14)
boundary
b 0.068693724 -0.000000000
b 0.100445256 -0.000000000
b 0.131747050 -0.000000000
b 0.162639983 -0.000000000
b 0.193163045 -0.000000000
b 0.223353549 -0.000000000
b 0.253247323 -0.000000000
b 0.282878893 -0.000000000
b 0.312281649 -0.000000000
b 0.341488003 -0.000000000
b 0.370529534 -0.000000000
b 0.399437131 -0.000000000
b 0.428241124 -0.000000000
b 0.456971415 -0.000000000
b 0.485657603 -0.000000000
b 0.514329105 -0.000000000
b 0.543015280 -0.000000000
b 0.571745543 -0.000000000
b 0.600549495 -0.000000000
b 0.629457036 -0.000000000
b 0.658498498 -0.000000000
b 0.687704769 -0.000000000
b 0.717107427 -0.000000000
b 0.746738883 -0.000000000
b 0.776632527 -0.000000000
b 0.806822885 -0.000000000
b 0.837345785 -0.000000000
b 0.868238538 -0.000000000
b 0.899540133 -0.000000000
b 0.931291446 -0.000000000
b 0.963535473 -0.000000000
b 0.963548152 0.025370724
b 0.963565600 0.050373231
b 0.963569053 0.075111587
b 0.963554060 0.099687461
b 0.963526702 0.124198350
b 0.963493298 0.148693813
b 0.963471439 0.173071722
b 0.963471376 0.197190701
b 0.963491892 0.220906704
b 0.963523671 0.244073616
b 0.963550141 0.266577130
b 0.963561900 0.288450590
b 0.963559189 0.309762175
b 0.963547871 0.330575686
b 0.963537245 0.350950169
b 0.963535742 0.370935129
b 0.963540833 0.390557255
b 0.963546526 0.409836074
b 0.963549081 0.428789867
b 0.963546781 0.447435639
b 0.963539726 0.465789932
b 0.963530461 0.483871721
b 0.963523136 0.501700122
b 0.963520923 0.519294352
b 0.963522470 0.536674870
b 0.963526011 0.553860528
b 0.963530048 0.570866440
b 0.963533803 0.587706510
b 0.963537099 0.604394185
b 0.963540125 0.620942466
b 0.963543460 0.637363629
b 0.963546695 0.653669927
b 0.963548695 0.669873784
b 0.963548418 0.685987165
b 0.963544670 0.702021592
b 0.963536755 0.717985581
b 0.963527647 0.733877007
b 0.963521576 0.749693211
b 0.963520535 0.765439108
b 0.963526046 0.781121095
b 0.963537750 0.796742314
b 0.963548505 0.812292591
b 0.963552179 0.827756603
b 0.963548066 0.843117880
b 0.963550487 0.858364902
b 0.963573038 0.873486795
b 0.963597058 0.888457044
b 0.963602426 0.903239606
b 0.963578954 0.917793203
b 0.963531967 0.932073896
b 0.963493669 0.946057336
b 0.963481507 0.959786141
b 0.963494957 0.973317731
b 0.963520889 0.986706069
b 0.963535473 1.000000000
b 0.955109294 0.999998030
b 0.946718439 0.999996926
b 0.938362122 0.999996563
b 0.930039573 0.999996828
b 0.921750032 0.999997614
b 0.913492754 0.999998823
b 0.905267004 1.000000365
b 0.897072058 1.000002155
b 0.888907201 1.000004116
b 0.880771727 1.000006175
b 0.872664939 1.000008266
b 0.864586146 1.000010326
b 0.856534664 1.000012299
b 0.848509815 1.000014132
b 0.840510927 1.000015774
b 0.832537330 1.000017182
b 0.824588359 1.000018311
b 0.816663351 1.000019124
b 0.808761646 1.000019586
b 0.800882582 1.000019699
b 0.793025507 1.000019486
b 0.785189777 1.000018967
b 0.777374763 1.000018162
b 0.769579841 1.000017091
b 0.761804400 1.000015770
b 0.754047835 1.000014217
b 0.746309547 1.000012447
b 0.738588946 1.000010475
b 0.730885446 1.000008315
b 0.723198465 1.000005981
b 0.715527428 1.000003485
b 0.707871760 1.000000839
b 0.700230891 0.999998053
b 0.692604250 0.999995139
b 0.684991268 0.999992106
b 0.677391379 0.999988964
b 0.669804012 0.999985722
b 0.662228592 0.999982426
b 0.654664539 0.999979175
b 0.647111280 0.999976068
b 0.639568250 0.999973197
b 0.632034893 0.999970651
b 0.624510656 0.999968514
b 0.616994996 0.999966866
b 0.609487370 0.999965781
b 0.601987244 0.999965330
b 0.594494082 0.999965583
b 0.587007356 0.999966602
b 0.579526534 0.999968449
b 0.572051089 0.999971183
b 0.564580493 0.999974859
b 0.557114216 0.999979529
b 0.549651728 0.999985244
b 0.542192498 0.999992053
b 0.534735990 1.000000000
b 0.536962670 0.984778888
b 0.538420484 0.969391769
b 0.539071962 0.953851868
b 0.538876173 0.938173431
b 0.537788214 0.922371445
b 0.535769592 0.906463641
b 0.532859514 0.890473928
b 0.529116619 0.874375876
b 0.524573586 0.858114228
b 0.519235755 0.841620662
b 0.513077471 0.824812541
b 0.506065200 0.807622491
b 0.498188896 0.790021835
b 0.489465241 0.772019969
b 0.479935948 0.753634942
b 0.469656242 0.734868657
b 0.458685984 0.715712209
b 0.447072401 0.696187734
b 0.434870948 0.676327403
b 0.422139886 0.656168106
b 0.408948025 0.635748599
b 0.395383596 0.615102520
b 0.381524070 0.594265390
b 0.367422669 0.573281618
b 0.353143467 0.552196597
b 0.338747071 0.531054083
b 0.324292144 0.509897394
b 0.309848348 0.488770492
b 0.295473552 0.467714911
b 0.281211758 0.446770476
b 0.267113782 0.425977453
b 0.253222387 0.405365834
b 0.239567233 0.384954185
b 0.226180448 0.364761418
b 0.213094954 0.344806649
b 0.200336735 0.325107795
b 0.187931787 0.305682616
b 0.175901666 0.286540296
b 0.164257958 0.267676725
b 0.153010652 0.249086947
b 0.142169003 0.230766250
b 0.131741494 0.212711927
b 0.121736070 0.194927668
b 0.112161064 0.177413967
b 0.103024722 0.160161743
b 0.094333906 0.143159856
b 0.086093964 0.126396281
b 0.078308748 0.109858218
b 0.070979614 0.093532813
b 0.064103538 0.077412257
b 0.057677618 0.061498967
b 0.051699930 0.045797090
b 0.046169398 0.030310693
b 0.041085748 0.015043725
b 0.036449459 -0.000000000
interior
i 0.152343580 0.125002462
i 0.268237701 0.125002462
i 0.384131822 0.125002462
i 0.500025942 0.125002462
i 0.615920063 0.125002462
i 0.731814184 0.125002462
i 0.847708305 0.125002462
i 0.268237701 0.250004925
i 0.384131822 0.250004925
i 0.500025942 0.250004925
i 0.615920063 0.250004925
i 0.731814184 0.250004925
i 0.847708305 0.250004925
i 0.268237701 0.375007387
i 0.384131822 0.375007387
i 0.500025942 0.375007387
i 0.615920063 0.375007387
i 0.731814184 0.375007387
i 0.847708305 0.375007387
i 0.384131822 0.500009850
i 0.500025942 0.500009850
i 0.615920063 0.500009850
i 0.731814184 0.500009850
i 0.847708305 0.500009850
i 0.500025942 0.625012312
i 0.615920063 0.625012312
i 0.731814184 0.625012312
i 0.847708305 0.625012312
i 0.500025942 0.750014775
i 0.615920063 0.750014775
i 0.731814184 0.750014775
i 0.847708305 0.750014775
i 0.615920063 0.875017237
i 0.731814184 0.875017237
i 0.847708305 0.875017237
i 0.094396520 0.062501231
i 0.210290640 0.062501231
i 0.210290640 0.187503694
i 0.210290640 0.312506156
i 0.326184761 0.062501231
i 0.326184761 0.187503694
i 0.326184761 0.312506156
i 0.326184761 0.437508618
i 0.442078882 0.062501231
i 0.442078882 0.187503694
i 0.442078882 0.312506156
i 0.442078882 0.437508618
i 0.442078882 0.562511081
i 0.557973003 0.062501231
i 0.528999473 0.031250616
i 0.586946533 0.031250616
i 0.528999473 0.093751847
i 0.586946533 0.093751847
i 0.557973003 0.187503694
i 0.557973003 0.312506156
i 0.557973003 0.437508618
i 0.557973003 0.562511081
i 0.557973003 0.687513543
i 0.557973003 0.812516006
i 0.557973003 0.937518468
i 0.673867124 0.062501231
i 0.644893594 0.031250616
i 0.702840654 0.031250616
i 0.644893594 0.093751847
i 0.702840654 0.093751847
i 0.673867124 0.187503694
i 0.673867124 0.312506156
i 0.673867124 0.437508618
i 0.673867124 0.562511081
i 0.673867124 0.687513543
i 0.673867124 0.812516006
i 0.673867124 0.937518468
i 0.789761245 0.062501231
i 0.760787714 0.031250616
i 0.818734775 0.031250616
i 0.760787714 0.093751847
i 0.818734775 0.093751847
i 0.789761245 0.187503694
i 0.789761245 0.312506156
i 0.789761245 0.437508618
i 0.789761245 0.562511081
i 0.789761245 0.687513543
i 0.789761245 0.812516006
i 0.789761245 0.937518468
i 0.905655365 0.062501231
i 0.876681835 0.031250616
i 0.934628896 0.031250616
i 0.876681835 0.093751847
i 0.934628896 0.093751847
i 0.905655365 0.187503694
i 0.905655365 0.312506156
i 0.905655365 0.437508618
i 0.905655365 0.562511081
i 0.905655365 0.687513543
i 0.905655365 0.812516006
i 0.905655365 0.937518468
tris
t 195 0 292
t 0 1 292
t 1 2 292
t 2 3 292
t 3 4 292
t 4 5 292
t 5 6 292
t 6 7 292
t 7 304 292
t 7 305 304
t 7 8 305
t 8 306 305
t 8 307 306
t 8 308 307
t 8 9 308
t 9 309 308
t 9 310 309
t 9 311 310
t 9 10 311
t 10 312 311
t 10 313 312
t 10 314 313
t 10 11 314
t 11 315 314
t 11 316 315
t 11 317 316
t 11 12 317
t 12 318 317
t 12 319 318
t 12 320 319
t 12 13 320
t 13 321 320
t 13 322 321
t 13 323 322
t 13 324 323
t 13 14 324
t 14 325 324
t 14 326 325
t 14 327 326
t 14 328 327
t 14 329 328
t 14 15 329
t 15 330 329
t 15 331 330
t 15 332 331
t 15 333 332
t 15 334 333
t 15 335 334
t 15 336 335
t 15 337 336
t 15 338 337
t 15 339 338
t 15 340 339
t 15 341 340
t 15 342 341
t 15 16 342
t 16 343 342
t 16 344 343
t 16 345 344
t 16 346 345
t 16 17 346
t 17 347 346
t 17 348 347
t 17 349 348
t 17 350 349
t 17 351 350
t 17 18 351
t 18 352 351
t 18 353 352
t 18 354 353
t 18 355 354
t 18 356 355
t 18 19 356
t 19 357 356
t 19 358 357
t 19 359 358
t 19 360 359
t 19 361 360
t 19 20 361
t 20 362 361
t 20 363 362
t 20 364 363
t 20 365 364
t 20 366 365
t 20 21 366
t 21 367 366
t 21 368 367
t 21 369 368
t 21 370 369
t 21 293 370
t 21 22 293
t 22 23 293
t 23 24 293
t 24 25 293
t 25 26 293
t 26 27 293
t 27 28 293
t 28 29 293
t 29 30 293
t 195 292 194
t 194 292 193
t 193 292 192
t 192 292 191
t 191 292 190
t 190 292 189
t 189 292 188
t 188 292 187
t 187 292 186
t 186 292 185
t 185 292 184
t 184 292 183
t 183 292 182
t 182 292 181
t 181 292 180
t 180 292 294
t 30 31 293
t 31 32 293
t 32 33 293
t 33 34 293
t 34 35 293
t 35 36 293
t 36 37 293
t 37 38 293
t 38 39 293
t 39 40 293
t 40 295 293
t 292 304 294
t 304 305 294
t 305 306 294
t 306 307 294
t 307 308 294
t 308 309 294
t 309 310 294
t 310 311 294
t 311 312 294
t 312 313 294
t 313 314 294
t 314 371 294
t 314 315 371
t 315 372 371
t 315 316 372
t 316 373 372
t 316 317 373
t 317 374 373
t 317 318 374
t 318 375 374
t 318 319 375
t 319 376 375
t 319 320 376
t 320 377 376
t 320 321 377
t 321 378 377
t 321 322 378
t 322 379 378
t 322 323 379
t 323 380 379
t 323 324 380
t 324 381 380
t 324 325 381
t 325 382 381
t 325 326 382
t 326 383 382
t 326 327 383
t 327 384 383
t 327 328 384
t 328 385 384
t 328 329 385
t 329 386 385
t 329 330 386
t 330 387 386
t 330 331 387
t 331 388 387
t 331 332 388
t 332 389 388
t 332 333 389
t 333 390 389
t 333 334 390
t 334 391 390
t 334 335 391
t 335 392 391
t 335 336 392
t 336 393 392
t 336 337 393
t 337 394 393
t 337 338 394
t 338 395 394
t 338 339 395
t 339 396 395
t 339 340 396
t 340 397 396
t 340 341 397
t 341 398 397
t 341 342 398
t 342 399 398
t 342 343 399
t 343 400 399
t 343 344 400
t 344 401 400
t 344 345 401
t 345 402 401
t 345 346 402
t 346 403 402
t 346 347 403
t 347 404 403
t 347 348 404
t 348 405 404
t 348 349 405
t 349 406 405
t 349 350 406
t 350 407 406
t 350 351 407
t 351 408 407
t 351 352 408
t 352 409 408
t 352 353 409
t 353 410 409
t 353 354 410
t 354 411 410
t 354 355 411
t 355 412 411
t 355 356 412
t 356 413 412
t 356 357 413
t 357 414 413
t 357 358 414
t 358 415 414
t 358 359 415
t 359 416 415
t 359 360 416
t 360 417 416
t 360 361 417
t 361 418 417
t 361 362 418
t 362 419 418
t 362 363 419
t 363 420 419
t 363 364 420
t 364 421 420
t 364 365 421
t 365 422 421
t 365 366 422
t 366 423 422
t 366 367 423
t 367 424 423
t 367 368 424
t 368 425 424
t 368 369 425
t 369 426 425
t 369 370 426
t 370 427 426
t 370 293 427
t 293 428 427
t 293 429 428
t 293 430 429
t 293 295 430
t 180 294 179
t 179 294 178
t 178 294 177
t 177 294 176
t 176 294 175
t 175 294 174
t 174 294 173
t 173 294 172
t 172 294 171
t 171 294 170
t 170 294 169
t 169 294 168
t 168 294 296
t 40 41 295
t 41 42 295
t 42 43 295
t 43 44 295
t 44 45 295
t 45 46 295
t 46 47 295
t 47 48 295
t 48 49 295
t 49 50 295
t 50 51 295
t 51 52 295
t 52 297 295
t 294 371 296
t 371 372 296
t 372 373 296
t 373 374 296
t 374 375 296
t 375 376 296
t 376 377 296
t 377 431 296
t 377 378 431
t 378 432 431
t 378 379 432
t 379 433 432
t 379 380 433
t 380 434 433
t 380 381 434
t 381 435 434
t 381 382 435
t 382 436 435
t 382 383 436
t 383 437 436
t 383 384 437
t 384 438 437
t 384 385 438
t 385 439 438
t 385 386 439
t 386 440 439
t 386 387 440
t 387 441 440
t 387 388 441
t 388 442 441
t 388 389 442
t 389 443 442
t 389 390 443
t 390 444 443
t 390 391 444
t 391 445 444
t 391 392 445
t 392 446 445
t 392 393 446
t 393 447 446
t 393 394 447
t 394 448 447
t 394 395 448
t 395 449 448
t 395 396 449
t 396 450 449
t 396 397 450
t 397 451 450
t 397 398 451
t 398 452 451
t 398 399 452
t 399 453 452
t 399 400 453
t 400 454 453
t 400 401 454
t 401 455 454
t 401 402 455
t 402 456 455
t 402 403 456
t 403 457 456
t 403 404 457
t 404 458 457
t 404 405 458
t 405 459 458
t 405 406 459
t 406 460 459
t 406 407 460
t 407 461 460
t 407 408 461
t 408 462 461
t 408 409 462
t 409 463 462
t 409 410 463
t 410 464 463
t 410 411 464
t 411 465 464
t 411 412 465
t 412 466 465
t 412 413 466
t 413 467 466
t 413 414 467
t 414 468 467
t 414 415 468
t 415 469 468
t 415 416 469
t 416 470 469
t 416 417 470
t 417 471 470
t 417 418 471
t 418 472 471
t 418 419 472
t 419 473 472
t 419 420 473
t 420 474 473
t 420 421 474
t 421 475 474
t 421 422 475
t 422 476 475
t 422 423 476
t 423 477 476
t 423 424 477
t 424 478 477
t 424 425 478
t 425 479 478
t 425 426 479
t 426 480 479
t 426 427 480
t 427 481 480
t 427 428 481
t 428 482 481
t 428 429 482
t 429 483 482
t 429 430 483
t 430 484 483
t 430 295 484
t 295 485 484
t 295 486 485
t 295 487 486
t 295 488 487
t 295 489 488
t 295 490 489
t 295 491 490
t 295 492 491
t 295 493 492
t 295 494 493
t 295 495 494
t 295 496 495
t 295 497 496
t 295 498 497
t 295 499 498
t 295 500 499
t 295 501 500
t 295 297 501
t 168 296 167
t 167 296 166
t 166 296 165
t 165 296 164
t 164 296 163
t 163 296 162
t 162 296 298
t 52 53 297
t 53 54 297
t 54 55 297
t 55 56 297
t 56 57 297
t 57 58 297
t 58 59 297
t 59 60 297
t 60 299 297
t 296 431 298
t 431 432 298
t 432 433 298
t 433 434 298
t 434 435 298
t 435 436 298
t 436 437 298
t 437 438 298
t 438 439 298
t 439 440 298
t 440 441 298
t 441 442 298
t 442 502 298
t 442 443 502
t 443 503 502
t 443 444 503
t 444 504 503
t 444 445 504
t 445 505 504
t 445 446 505
t 446 506 505
t 446 447 506
t 447 507 506
t 447 448 507
t 448 508 507
t 448 449 508
t 449 509 508
t 449 450 509
t 450 510 509
t 450 451 510
t 451 511 510
t 451 452 511
t 452 512 511
t 452 453 512
t 453 513 512
t 453 454 513
t 454 514 513
t 454 455 514
t 455 515 514
t 455 456 515
t 456 516 515
t 456 457 516
t 457 517 516
t 457 458 517
t 458 518 517
t 458 459 518
t 459 519 518
t 459 460 519
t 460 520 519
t 460 461 520
t 461 521 520
t 461 462 521
t 462 522 521
t 462 463 522
t 463 523 522
t 463 464 523
t 464 524 523
t 464 465 524
t 465 525 524
t 465 466 525
t 466 526 525
t 466 467 526
t 467 527 526
t 467 468 527
t 468 528 527
t 468 469 528
t 469 529 528
t 469 470 529
t 470 530 529
t 470 471 530
t 471 531 530
t 471 472 531
t 472 532 531
t 472 473 532
t 473 533 532
t 473 474 533
t 474 534 533
t 474 475 534
t 475 535 534
t 475 476 535
t 476 536 535
t 476 477 536
t 477 537 536
t 477 478 537
t 478 538 537
t 478 479 538
t 479 539 538
t 479 480 539
t 480 540 539
t 480 481 540
t 481 541 540
t 481 482 541
t 482 542 541
t 482 483 542
t 483 543 542
t 483 484 543
t 484 544 543
t 484 485 544
t 485 545 544
t 485 486 545
t 486 546 545
t 486 487 546
t 487 547 546
t 487 488 547
t 488 548 547
t 488 489 548
t 489 549 548
t 489 490 549
t 490 550 549
t 490 491 550
t 491 551 550
t 491 492 551
t 492 552 551
t 492 493 552
t 493 553 552
t 493 494 553
t 494 554 553
t 494 495 554
t 495 555 554
t 495 496 555
t 496 556 555
t 496 497 556
t 497 557 556
t 497 498 557
t 498 558 557
t 498 499 558
t 499 559 558
t 499 500 559
t 500 560 559
t 500 501 560
t 501 561 560
t 501 297 561
t 297 562 561
t 297 563 562
t 297 299 563
t 162 298 161
t 161 298 160
t 160 298 159
t 159 298 158
t 158 298 157
t 157 298 156
t 156 298 300
t 60 61 299
t 61 62 299
t 62 63 299
t 63 64 299
t 64 65 299
t 65 66 299
t 66 67 299
t 67 68 299
t 68 301 299
t 298 502 300
t 502 503 300
t 503 504 300
t 504 505 300
t 505 506 300
t 506 507 300
t 507 508 300
t 508 509 300
t 509 510 300
t 510 511 300
t 511 512 300
t 512 513 300
t 513 514 300
t 514 515 300
t 515 516 300
t 516 517 300
t 517 518 300
t 518 519 300
t 519 520 300
t 520 521 300
t 521 522 300
t 522 564 300
t 522 523 564
t 523 565 564
t 523 524 565
t 524 566 565
t 524 525 566
t 525 567 566
t 525 526 567
t 526 568 567
t 526 527 568
t 527 569 568
t 527 528 569
t 528 570 569
t 528 529 570
t 529 571 570
t 529 530 571
t 530 572 571
t 530 531 572
t 531 573 572
t 531 532 573
t 532 574 573
t 532 533 574
t 533 575 574
t 533 534 575
t 534 576 575
t 534 535 576
t 535 577 576
t 535 536 577
t 536 578 577
t 536 537 578
t 537 579 578
t 537 538 579
t 538 580 579
t 538 539 580
t 539 581 580
t 539 540 581
t 540 582 581
t 540 541 582
t 541 583 582
t 541 542 583
t 542 584 583
t 542 543 584
t 543 585 584
t 543 544 585
t 544 586 585
t 544 545 586
t 545 587 586
t 545 546 587
t 546 588 587
t 546 547 588
t 547 589 588
t 547 548 589
t 548 590 589
t 548 549 590
t 549 591 590
t 549 550 591
t 550 592 591
t 550 551 592
t 551 593 592
t 551 552 593
t 552 594 593
t 552 553 594
t 553 595 594
t 553 554 595
t 554 596 595
t 554 555 596
t 555 597 596
t 555 556 597
t 556 598 597
t 556 557 598
t 557 599 598
t 557 558 599
t 558 600 599
t 558 559 600
t 559 601 600
t 559 560 601
t 560 602 601
t 560 561 602
t 561 603 602
t 561 562 603
t 562 604 603
t 562 563 604
t 563 605 604
t 563 301 605
t 563 299 301
t 156 300 155
t 155 300 154
t 154 300 153
t 153 300 152
t 152 300 151
t 151 300 150
t 150 300 149
t 149 300 148
t 148 300 302
t 68 69 301
t 69 70 301
t 70 71 301
t 71 72 301
t 72 73 301
t 73 74 301
t 74 75 301
t 75 76 301
t 76 303 301
t 300 564 302
t 564 565 302
t 565 566 302
t 566 567 302
t 567 568 302
t 568 569 302
t 569 570 302
t 570 571 302
t 571 572 302
t 572 573 302
t 573 574 302
t 574 575 302
t 575 606 302
t 575 576 606
t 576 607 606
t 576 577 607
t 577 608 607
t 577 578 608
t 578 609 608
t 578 579 609
t 579 610 609
t 579 580 610
t 580 611 610
t 580 581 611
t 581 612 611
t 581 582 612
t 582 613 612
t 582 583 613
t 583 614 613
t 583 584 614
t 584 615 614
t 584 585 615
t 585 616 615
t 585 586 616
t 586 617 616
t 586 587 617
t 587 618 617
t 587 588 618
t 588 619 618
t 588 589 619
t 589 620 619
t 589 590 620
t 590 621 620
t 590 591 621
t 591 622 621
t 591 592 622
t 592 623 622
t 592 593 623
t 593 624 623
t 593 594 624
t 594 625 624
t 594 595 625
t 595 626 625
t 595 596 626
t 596 627 626
t 596 597 627
t 597 628 627
t 597 598 628
t 598 629 628
t 598 599 629
t 599 630 629
t 599 600 630
t 600 631 630
t 600 601 631
t 601 632 631
t 601 602 632
t 602 633 632
t 602 603 633
t 603 634 633
t 603 604 634
t 604 635 634
t 604 303 635
t 604 605 303
t 605 301 303
t 148 302 147
t 147 302 146
t 146 302 145
t 145 302 144
t 144 302 143
t 143 302 142
t 142 302 141
t 141 302 140
t 76 77 303
t 77 78 303
t 78 79 303
t 79 80 303
t 80 81 303
t 81 82 303
t 82 83 303
t 83 84 303
t 84 85 303
t 302 139 140
t 302 138 139
t 302 137 138
t 302 136 137
t 302 135 136
t 302 134 135
t 302 133 134
t 302 132 133
t 302 131 132
t 302 130 131
t 302 129 130
t 302 128 129
t 302 127 128
t 302 126 127
t 302 125 126
t 302 124 125
t 302 606 124
t 606 607 124
t 607 123 124
t 607 608 123
t 608 122 123
t 608 609 122
t 609 121 122
t 609 610 121
t 610 120 121
t 610 611 120
t 611 612 120
t 612 119 120
t 612 613 119
t 613 118 119
t 613 614 118
t 614 117 118
t 614 615 117
t 615 116 117
t 615 616 116
t 616 617 116
t 617 115 116
t 617 618 115
t 618 114 115
t 618 619 114
t 619 113 114
t 619 620 113
t 620 112 113
t 620 621 112
t 621 622 112
t 622 111 112
t 622 623 111
t 623 110 111
t 623 624 110
t 624 109 110
t 624 625 109
t 625 626 109
t 626 108 109
t 626 627 108
t 627 107 108
t 627 628 107
t 628 106 107
t 628 629 106
t 629 105 106
t 629 630 105
t 630 631 105
t 631 104 105
t 631 632 104
t 632 103 104
t 632 633 103
t 633 102 103
t 633 634 102
t 634 101 102
t 634 635 101
t 635 303 101
t 303 100 101
t 303 99 100
t 303 98 99
t 303 97 98
t 303 96 97
t 303 95 96
t 303 94 95
t 303 93 94
t 303 92 93
t 303 91 92
t 303 90 91
t 303 89 90
t 303 88 89
t 303 87 88
t 303 86 87
t 303 85 86
