type=Nurbs forward=true n_boundary=196 n_holes=0 n_interior=113 n_tris=206 label=brep47598_f2_Nurbs(deg=3/3, cps=7x8)
boundary
b 0.981818924 0.999985766
b 0.963637805 0.999986223
b 0.945456634 0.999986934
b 0.927275410 0.999987860
b 0.909094131 0.999988961
b 0.890912794 0.999990197
b 0.872731400 0.999991529
b 0.854549944 0.999992917
b 0.836368427 0.999994321
b 0.818186846 0.999995703
b 0.800005199 0.999997021
b 0.781823484 0.999998237
b 0.763641700 0.999999312
b 0.745459844 1.000000204
b 0.727277917 1.000000894
b 0.709095923 1.000001396
b 0.690913869 1.000001730
b 0.672731759 1.000001916
b 0.654549600 1.000001972
b 0.636367397 1.000001919
b 0.618185155 1.000001776
b 0.600002879 1.000001563
b 0.581820575 1.000001298
b 0.563638249 1.000001001
b 0.545455905 1.000000693
b 0.527273548 1.000000393
b 0.509091184 1.000000120
b 0.490908817 0.999999894
b 0.472726452 0.999999722
b 0.454544095 0.999999599
b 0.436361751 0.999999521
b 0.418179424 0.999999481
b 0.399997120 0.999999474
b 0.381814844 0.999999496
b 0.363632602 0.999999541
b 0.345450398 0.999999603
b 0.327268239 0.999999677
b 0.309086130 0.999999757
b 0.290904076 0.999999839
b 0.272722083 0.999999917
b 0.254540156 0.999999985
b 0.236358301 1.000000039
b 0.218176517 1.000000077
b 0.199994803 1.000000102
b 0.181813156 1.000000115
b 0.163631575 1.000000118
b 0.145450058 1.000000113
b 0.127268602 1.000000102
b 0.109087207 1.000000086
b 0.090905870 1.000000067
b 0.072724589 1.000000048
b 0.054543363 1.000000030
b 0.036362191 1.000000015
b 0.018181070 1.000000004
b 0.000000000 1.000000000
b 0.000000037 0.976744185
b 0.000000109 0.953488371
b 0.000000196 0.930232557
b 0.000000282 0.906976745
b 0.000000353 0.883720935
b 0.000000401 0.860465125
b 0.000000419 0.837209316
b 0.000000407 0.813953506
b 0.000000364 0.790697695
b 0.000000297 0.767441882
b 0.000000214 0.744186067
b 0.000000126 0.720930249
b 0.000000050 0.697674429
b 0.000000005 0.674418607
b 0.000000010 0.651162786
b 0.000000060 0.627906965
b 0.000000135 0.604651148
b 0.000000216 0.581395333
b 0.000000289 0.558139521
b 0.000000344 0.534883712
b 0.000000373 0.511627904
b 0.000000373 0.488372096
b 0.000000344 0.465116288
b 0.000000289 0.441860479
b 0.000000216 0.418604667
b 0.000000135 0.395348852
b 0.000000060 0.372093035
b 0.000000010 0.348837214
b 0.000000005 0.325581393
b 0.000000050 0.302325571
b 0.000000126 0.279069751
b 0.000000214 0.255813933
b 0.000000297 0.232558117
b 0.000000364 0.209302305
b 0.000000407 0.186046494
b 0.000000419 0.162790684
b 0.000000401 0.139534875
b 0.000000353 0.116279065
b 0.000000282 0.093023255
b 0.000000196 0.069767443
b 0.000000109 0.046511629
b 0.000000037 0.023255815
b 0.000000001 -0.000000000
b 0.018315638 0.000000000
b 0.036596989 0.000000000
b 0.054847328 0.000000000
b 0.073069981 0.000000000
b 0.091268316 0.000000000
b 0.109445738 0.000000000
b 0.127605686 0.000000000
b 0.145751626 0.000000000
b 0.163887047 0.000000000
b 0.182015455 0.000000000
b 0.200140370 0.000000000
b 0.218265320 0.000000000
b 0.236393835 0.000000000
b 0.254529435 -0.000000000
b 0.272674302 -0.000000000
b 0.290828018 -0.000000000
b 0.308989867 -0.000000000
b 0.327159130 0.000000000
b 0.345335088 0.000000000
b 0.363517021 0.000000000
b 0.381704211 0.000000000
b 0.399895942 0.000000000
b 0.418091502 0.000000000
b 0.436290180 0.000000000
b 0.454491273 0.000000000
b 0.472694082 0.000000000
b 0.490897914 0.000000000
b 0.509102086 0.000000000
b 0.527305918 0.000000000
b 0.545508727 0.000000000
b 0.563709820 0.000000000
b 0.581908498 0.000000000
b 0.600104058 0.000000000
b 0.618295789 0.000000000
b 0.636482979 0.000000000
b 0.654664912 0.000000000
b 0.672840870 0.000000000
b 0.691010133 -0.000000000
b 0.709171982 -0.000000000
b 0.727325698 -0.000000000
b 0.745470565 -0.000000000
b 0.763606165 0.000000000
b 0.781734681 0.000000000
b 0.799859630 0.000000000
b 0.817984545 0.000000000
b 0.836112953 0.000000000
b 0.854248374 0.000000000
b 0.872394315 0.000000000
b 0.890554263 0.000000000
b 0.908731685 0.000000000
b 0.926930019 0.000000000
b 0.945152672 0.000000000
b 0.963403012 0.000000000
b 0.981684363 0.000000000
b 1.000000000 0.000000000
b 0.999999996 0.023255312
b 0.999999988 0.046510625
b 0.999999979 0.069765936
b 0.999999969 0.093021246
b 0.999999961 0.116276554
b 0.999999956 0.139531861
b 0.999999954 0.162787168
b 0.999999955 0.186042476
b 0.999999960 0.209297785
b 0.999999967 0.232553095
b 0.999999977 0.255808408
b 0.999999986 0.279063724
b 0.999999995 0.302319042
b 0.999999999 0.325574362
b 0.999999999 0.348829681
b 0.999999993 0.372084999
b 0.999999985 0.395340314
b 0.999999976 0.418595627
b 0.999999968 0.441850936
b 0.999999962 0.465106244
b 0.999999959 0.488361550
b 0.999999959 0.511616855
b 0.999999962 0.534872161
b 0.999999968 0.558127468
b 0.999999976 0.581382778
b 0.999999985 0.604638090
b 0.999999993 0.627893406
b 0.999999999 0.651148723
b 1.000000000 0.674404043
b 0.999999995 0.697659362
b 0.999999986 0.720914680
b 0.999999977 0.744169996
b 0.999999967 0.767425309
b 0.999999960 0.790680620
b 0.999999955 0.813935929
b 0.999999954 0.837191236
b 0.999999956 0.860446543
b 0.999999961 0.883701851
b 0.999999969 0.906957159
b 0.999999979 0.930212469
b 0.999999988 0.953467780
b 0.999999996 0.976723092
b 1.000000000 0.999978405
interior
i 0.125000000 0.125000247
i 0.250000000 0.125000247
i 0.375000000 0.125000247
i 0.500000000 0.125000247
i 0.625000000 0.125000247
i 0.750000000 0.125000247
i 0.875000000 0.125000247
i 0.125000000 0.250000493
i 0.250000000 0.250000493
i 0.375000000 0.250000493
i 0.500000000 0.250000493
i 0.625000000 0.250000493
i 0.750000000 0.250000493
i 0.875000000 0.250000493
i 0.125000000 0.375000740
i 0.250000000 0.375000740
i 0.375000000 0.375000740
i 0.500000000 0.375000740
i 0.625000000 0.375000740
i 0.750000000 0.375000740
i 0.875000000 0.375000740
i 0.125000000 0.500000986
i 0.250000000 0.500000986
i 0.375000000 0.500000986
i 0.500000000 0.500000986
i 0.625000000 0.500000986
i 0.750000000 0.500000986
i 0.875000000 0.500000986
i 0.125000000 0.625001233
i 0.250000000 0.625001233
i 0.375000000 0.625001233
i 0.500000000 0.625001233
i 0.625000000 0.625001233
i 0.750000000 0.625001233
i 0.875000000 0.625001233
i 0.125000000 0.750001479
i 0.250000000 0.750001479
i 0.375000000 0.750001479
i 0.500000000 0.750001479
i 0.625000000 0.750001479
i 0.750000000 0.750001479
i 0.875000000 0.750001479
i 0.125000000 0.875001726
i 0.250000000 0.875001726
i 0.375000000 0.875001726
i 0.500000000 0.875001726
i 0.625000000 0.875001726
i 0.750000000 0.875001726
i 0.875000000 0.875001726
i 0.062500000 0.062500123
i 0.062500000 0.187500370
i 0.062500000 0.312500616
i 0.062500000 0.437500863
i 0.062500000 0.562501110
i 0.062500000 0.687501356
i 0.062500000 0.812501603
i 0.062500000 0.937501849
i 0.187500000 0.062500123
i 0.187500000 0.187500370
i 0.187500000 0.312500616
i 0.187500000 0.437500863
i 0.187500000 0.562501110
i 0.187500000 0.687501356
i 0.187500000 0.812501603
i 0.187500000 0.937501849
i 0.312500000 0.062500123
i 0.312500000 0.187500370
i 0.312500000 0.312500616
i 0.312500000 0.437500863
i 0.312500000 0.562501110
i 0.312500000 0.687501356
i 0.312500000 0.812501603
i 0.312500000 0.937501849
i 0.437500000 0.062500123
i 0.437500000 0.187500370
i 0.437500000 0.312500616
i 0.437500000 0.437500863
i 0.437500000 0.562501110
i 0.437500000 0.687501356
i 0.437500000 0.812501603
i 0.437500000 0.937501849
i 0.562500000 0.062500123
i 0.562500000 0.187500370
i 0.562500000 0.312500616
i 0.562500000 0.437500863
i 0.562500000 0.562501110
i 0.562500000 0.687501356
i 0.562500000 0.812501603
i 0.562500000 0.937501849
i 0.687500000 0.062500123
i 0.687500000 0.187500370
i 0.687500000 0.312500616
i 0.687500000 0.437500863
i 0.687500000 0.562501110
i 0.687500000 0.687501356
i 0.687500000 0.812501603
i 0.687500000 0.937501849
i 0.812500000 0.062500123
i 0.812500000 0.187500370
i 0.812500000 0.312500616
i 0.812500000 0.437500863
i 0.812500000 0.562501110
i 0.812500000 0.687501356
i 0.812500000 0.812501603
i 0.812500000 0.937501849
i 0.937500000 0.062500123
i 0.937500000 0.187500370
i 0.937500000 0.312500616
i 0.937500000 0.437500863
i 0.937500000 0.562501110
i 0.937500000 0.687501356
i 0.937500000 0.812501603
i 0.937500000 0.937501849
tris
t 97 98 96
t 98 95 96
t 98 94 95
t 98 93 94
t 98 92 93
t 98 91 92
t 98 90 91
t 98 89 90
t 98 88 89
t 98 87 88
t 98 86 87
t 98 85 86
t 98 84 85
t 98 83 84
t 98 99 83
t 99 100 83
t 100 101 83
t 101 102 83
t 102 103 83
t 103 104 83
t 104 105 83
t 105 106 83
t 106 107 83
t 107 108 83
t 108 109 83
t 109 110 83
t 110 309 83
t 110 111 309
t 111 112 309
t 112 113 309
t 113 114 309
t 114 115 309
t 115 116 309
t 116 117 309
t 117 118 309
t 118 119 309
t 119 120 309
t 120 121 309
t 121 122 309
t 122 123 309
t 123 124 309
t 124 310 309
t 124 125 310
t 125 126 310
t 126 127 310
t 127 128 310
t 128 129 310
t 129 130 310
t 130 131 310
t 131 132 310
t 132 133 310
t 133 134 310
t 134 135 310
t 135 136 310
t 136 137 310
t 137 138 310
t 138 311 310
t 138 139 311
t 139 140 311
t 140 141 311
t 141 142 311
t 142 143 311
t 143 144 311
t 144 145 311
t 145 146 311
t 146 147 311
t 147 148 311
t 148 149 311
t 149 150 311
t 150 151 311
t 151 166 311
t 151 165 166
t 151 164 165
t 151 163 164
t 151 162 163
t 151 161 162
t 151 160 161
t 151 159 160
t 151 158 159
t 151 157 158
t 151 156 157
t 151 155 156
t 151 154 155
t 151 153 154
t 151 152 153
t 83 309 82
t 309 81 82
t 309 80 81
t 309 79 80
t 309 78 79
t 309 77 78
t 309 76 77
t 309 75 76
t 309 74 75
t 309 73 74
t 309 72 73
t 309 71 72
t 309 70 71
t 309 69 70
t 309 68 69
t 309 67 68
t 309 66 67
t 309 65 66
t 309 64 65
t 309 63 64
t 309 62 63
t 309 61 62
t 309 60 61
t 309 59 60
t 309 58 59
t 309 57 58
t 309 56 57
t 309 55 56
t 309 312 55
t 309 310 312
t 310 313 312
t 310 311 313
t 311 314 313
t 311 194 314
t 311 193 194
t 311 192 193
t 311 191 192
t 311 190 191
t 311 189 190
t 311 188 189
t 311 187 188
t 311 186 187
t 311 185 186
t 311 184 185
t 311 183 184
t 311 182 183
t 311 181 182
t 311 180 181
t 311 179 180
t 311 178 179
t 311 177 178
t 311 176 177
t 311 175 176
t 311 174 175
t 311 173 174
t 311 172 173
t 311 171 172
t 311 170 171
t 311 169 170
t 311 168 169
t 311 167 168
t 311 166 167
t 55 312 54
t 312 53 54
t 312 52 53
t 312 51 52
t 312 50 51
t 312 49 50
t 312 48 49
t 312 47 48
t 312 46 47
t 312 45 46
t 312 44 45
t 312 43 44
t 312 42 43
t 312 41 42
t 312 40 41
t 312 39 40
t 312 38 39
t 312 37 38
t 312 36 37
t 312 35 36
t 312 34 35
t 312 33 34
t 312 32 33
t 312 31 32
t 312 30 31
t 312 29 30
t 312 28 29
t 312 27 28
t 312 313 27
t 313 26 27
t 313 25 26
t 313 24 25
t 313 23 24
t 313 22 23
t 313 21 22
t 313 20 21
t 313 19 20
t 313 18 19
t 313 17 18
t 313 16 17
t 313 15 16
t 313 14 15
t 313 13 14
t 313 314 13
t 314 12 13
t 314 11 12
t 314 10 11
t 314 9 10
t 314 8 9
t 314 7 8
t 314 6 7
t 314 5 6
t 314 4 5
t 314 3 4
t 314 2 3
t 314 1 2
t 314 0 1
t 314 195 0
t 314 194 195
