type=Nurbs forward=false n_boundary=124 n_holes=0 n_interior=201 n_tris=242 label=brep62542_f129_Nurbs(deg=3/3, cps=4x4)
boundary
b 0.039760341 0.927594759
b 0.039760341 0.895580417
b 0.039760341 0.864138568
b 0.039760341 0.833214653
b 0.039760341 0.802757205
b 0.039760341 0.772717484
b 0.039760341 0.743049133
b 0.039760341 0.713707880
b 0.039760341 0.684651256
b 0.039760341 0.655838336
b 0.039760341 0.627229502
b 0.039760341 0.598786215
b 0.039760341 0.570470804
b 0.039760341 0.542246265
b 0.039760341 0.514076061
b 0.039760341 0.485923939
b 0.039760341 0.457753735
b 0.039760341 0.429529196
b 0.039760341 0.401213785
b 0.039760341 0.372770498
b 0.039760341 0.344161664
b 0.039760341 0.315348744
b 0.039760341 0.286292120
b 0.039760341 0.256950867
b 0.039760341 0.227282516
b 0.039760341 0.197242795
b 0.039760341 0.166785347
b 0.039760341 0.135861432
b 0.039760341 0.104419583
b 0.039760341 0.072405241
b 0.039760341 0.039760341
b 0.072405241 0.039760341
b 0.104419583 0.039760341
b 0.135861432 0.039760341
b 0.166785347 0.039760341
b 0.197242795 0.039760341
b 0.227282516 0.039760341
b 0.256950867 0.039760341
b 0.286292120 0.039760341
b 0.315348744 0.039760341
b 0.344161664 0.039760341
b 0.372770498 0.039760341
b 0.401213785 0.039760341
b 0.429529196 0.039760341
b 0.457753735 0.039760341
b 0.485923939 0.039760341
b 0.514076061 0.039760341
b 0.542246265 0.039760341
b 0.570470804 0.039760341
b 0.598786215 0.039760341
b 0.627229502 0.039760341
b 0.655838336 0.039760341
b 0.684651256 0.039760341
b 0.713707880 0.039760341
b 0.743049133 0.039760341
b 0.772717484 0.039760341
b 0.802757205 0.039760341
b 0.833214653 0.039760341
b 0.864138568 0.039760341
b 0.895580417 0.039760341
b 0.927594759 0.039760341
b 0.960239659 0.039760341
b 0.960239659 0.072405241
b 0.960239659 0.104419583
b 0.960239659 0.135861432
b 0.960239659 0.166785347
b 0.960239659 0.197242795
b 0.960239659 0.227282516
b 0.960239659 0.256950867
b 0.960239659 0.286292120
b 0.960239659 0.315348744
b 0.960239659 0.344161664
b 0.960239659 0.372770498
b 0.960239659 0.401213785
b 0.960239659 0.429529196
b 0.960239659 0.457753735
b 0.960239659 0.485923939
b 0.960239659 0.514076061
b 0.960239659 0.542246265
b 0.960239659 0.570470804
b 0.960239659 0.598786215
b 0.960239659 0.627229502
b 0.960239659 0.655838336
b 0.960239659 0.684651256
b 0.960239659 0.713707880
b 0.960239659 0.743049133
b 0.960239659 0.772717484
b 0.960239659 0.802757205
b 0.960239659 0.833214653
b 0.960239659 0.864138568
b 0.960239659 0.895580417
b 0.960239659 0.927594759
b 0.960239659 0.960239659
b 0.927594759 0.960239659
b 0.895580417 0.960239659
b 0.864138568 0.960239659
b 0.833214653 0.960239659
b 0.802757205 0.960239659
b 0.772717484 0.960239659
b 0.743049133 0.960239659
b 0.713707880 0.960239659
b 0.684651256 0.960239659
b 0.655838336 0.960239659
b 0.627229502 0.960239659
b 0.598786215 0.960239659
b 0.570470804 0.960239659
b 0.542246265 0.960239659
b 0.514076061 0.960239659
b 0.485923939 0.960239659
b 0.457753735 0.960239659
b 0.429529196 0.960239659
b 0.401213785 0.960239659
b 0.372770498 0.960239659
b 0.344161664 0.960239659
b 0.315348744 0.960239659
b 0.286292120 0.960239659
b 0.256950867 0.960239659
b 0.227282516 0.960239659
b 0.197242795 0.960239659
b 0.166785347 0.960239659
b 0.135861432 0.960239659
b 0.104419583 0.960239659
b 0.072405241 0.960239659
b 0.039760341 0.960239659
interior
i 0.154820256 0.154820256
i 0.269880171 0.154820256
i 0.384940085 0.154820256
i 0.500000000 0.154820256
i 0.615059915 0.154820256
i 0.730119829 0.154820256
i 0.845179744 0.154820256
i 0.154820256 0.269880171
i 0.269880171 0.269880171
i 0.384940085 0.269880171
i 0.500000000 0.269880171
i 0.615059915 0.269880171
i 0.730119829 0.269880171
i 0.845179744 0.269880171
i 0.154820256 0.384940085
i 0.269880171 0.384940085
i 0.384940085 0.384940085
i 0.500000000 0.384940085
i 0.615059915 0.384940085
i 0.730119829 0.384940085
i 0.845179744 0.384940085
i 0.154820256 0.500000000
i 0.269880171 0.500000000
i 0.384940085 0.500000000
i 0.500000000 0.500000000
i 0.615059915 0.500000000
i 0.730119829 0.500000000
i 0.845179744 0.500000000
i 0.154820256 0.615059915
i 0.269880171 0.615059915
i 0.384940085 0.615059915
i 0.500000000 0.615059915
i 0.615059915 0.615059915
i 0.730119829 0.615059915
i 0.845179744 0.615059915
i 0.154820256 0.730119829
i 0.269880171 0.730119829
i 0.384940085 0.730119829
i 0.500000000 0.730119829
i 0.615059915 0.730119829
i 0.730119829 0.730119829
i 0.845179744 0.730119829
i 0.154820256 0.845179744
i 0.269880171 0.845179744
i 0.384940085 0.845179744
i 0.500000000 0.845179744
i 0.615059915 0.845179744
i 0.730119829 0.845179744
i 0.845179744 0.845179744
i 0.097290299 0.097290299
i 0.097290299 0.212350213
i 0.097290299 0.327410128
i 0.068525320 0.298645149
i 0.126055277 0.298645149
i 0.068525320 0.356175107
i 0.126055277 0.356175107
i 0.097290299 0.442470043
i 0.097290299 0.557529957
i 0.068525320 0.528764979
i 0.126055277 0.528764979
i 0.068525320 0.586294936
i 0.126055277 0.586294936
i 0.097290299 0.672589872
i 0.097290299 0.787649787
i 0.097290299 0.902709701
i 0.212350213 0.097290299
i 0.183585235 0.068525320
i 0.241115192 0.068525320
i 0.183585235 0.126055277
i 0.241115192 0.126055277
i 0.212350213 0.212350213
i 0.183585235 0.183585235
i 0.241115192 0.183585235
i 0.183585235 0.241115192
i 0.241115192 0.241115192
i 0.212350213 0.327410128
i 0.183585235 0.298645149
i 0.241115192 0.298645149
i 0.183585235 0.356175107
i 0.241115192 0.356175107
i 0.212350213 0.442470043
i 0.212350213 0.557529957
i 0.183585235 0.528764979
i 0.241115192 0.528764979
i 0.183585235 0.586294936
i 0.241115192 0.586294936
i 0.212350213 0.672589872
i 0.212350213 0.787649787
i 0.212350213 0.902709701
i 0.327410128 0.097290299
i 0.327410128 0.212350213
i 0.327410128 0.327410128
i 0.327410128 0.442470043
i 0.327410128 0.557529957
i 0.327410128 0.672589872
i 0.327410128 0.787649787
i 0.327410128 0.902709701
i 0.442470043 0.097290299
i 0.442470043 0.212350213
i 0.413705064 0.183585235
i 0.471235021 0.183585235
i 0.413705064 0.241115192
i 0.471235021 0.241115192
i 0.442470043 0.327410128
i 0.442470043 0.442470043
i 0.442470043 0.557529957
i 0.413705064 0.528764979
i 0.471235021 0.528764979
i 0.413705064 0.586294936
i 0.471235021 0.586294936
i 0.442470043 0.672589872
i 0.442470043 0.787649787
i 0.442470043 0.902709701
i 0.557529957 0.097290299
i 0.557529957 0.212350213
i 0.557529957 0.327410128
i 0.528764979 0.298645149
i 0.586294936 0.298645149
i 0.528764979 0.356175107
i 0.586294936 0.356175107
i 0.557529957 0.442470043
i 0.557529957 0.557529957
i 0.528764979 0.528764979
i 0.586294936 0.528764979
i 0.528764979 0.586294936
i 0.586294936 0.586294936
i 0.557529957 0.672589872
i 0.557529957 0.787649787
i 0.557529957 0.902709701
i 0.528764979 0.873944723
i 0.586294936 0.873944723
i 0.528764979 0.931474680
i 0.586294936 0.931474680
i 0.672589872 0.097290299
i 0.672589872 0.212350213
i 0.643824893 0.183585235
i 0.701354851 0.183585235
i 0.643824893 0.241115192
i 0.701354851 0.241115192
i 0.672589872 0.327410128
i 0.643824893 0.298645149
i 0.701354851 0.298645149
i 0.643824893 0.356175107
i 0.701354851 0.356175107
i 0.672589872 0.442470043
i 0.672589872 0.557529957
i 0.643824893 0.528764979
i 0.701354851 0.528764979
i 0.643824893 0.586294936
i 0.701354851 0.586294936
i 0.672589872 0.672589872
i 0.672589872 0.787649787
i 0.672589872 0.902709701
i 0.787649787 0.097290299
i 0.787649787 0.212350213
i 0.758884808 0.183585235
i 0.816414765 0.183585235
i 0.758884808 0.241115192
i 0.816414765 0.241115192
i 0.787649787 0.327410128
i 0.787649787 0.442470043
i 0.787649787 0.557529957
i 0.758884808 0.528764979
i 0.816414765 0.528764979
i 0.758884808 0.586294936
i 0.816414765 0.586294936
i 0.787649787 0.672589872
i 0.787649787 0.787649787
i 0.787649787 0.902709701
i 0.758884808 0.873944723
i 0.816414765 0.873944723
i 0.758884808 0.931474680
i 0.816414765 0.931474680
i 0.902709701 0.097290299
i 0.902709701 0.212350213
i 0.873944723 0.183585235
i 0.931474680 0.183585235
i 0.873944723 0.241115192
i 0.931474680 0.241115192
i 0.902709701 0.327410128
i 0.873944723 0.298645149
i 0.931474680 0.298645149
i 0.873944723 0.356175107
i 0.931474680 0.356175107
i 0.902709701 0.442470043
i 0.902709701 0.557529957
i 0.873944723 0.528764979
i 0.931474680 0.528764979
i 0.873944723 0.586294936
i 0.931474680 0.586294936
i 0.902709701 0.672589872
i 0.873944723 0.643824893
i 0.931474680 0.643824893
i 0.873944723 0.701354851
i 0.931474680 0.701354851
i 0.902709701 0.787649787
i 0.902709701 0.902709701
i 0.873944723 0.873944723
i 0.931474680 0.873944723
i 0.873944723 0.931474680
i 0.931474680 0.931474680
tris
t 30 28 29
t 30 27 28
t 30 26 27
t 30 25 26
t 30 24 25
t 30 23 24
t 30 22 23
t 30 21 22
t 30 20 21
t 61 62 63
t 61 63 64
t 61 64 65
t 61 65 66
t 61 66 67
t 61 67 68
t 61 68 69
t 61 69 70
t 61 70 71
t 30 31 20
t 31 325 20
t 31 32 325
t 32 326 325
t 32 33 326
t 33 327 326
t 33 34 327
t 34 328 327
t 34 35 328
t 35 329 328
t 35 330 329
t 35 36 330
t 36 331 330
t 36 37 331
t 37 332 331
t 37 38 332
t 38 333 332
t 38 39 333
t 39 334 333
t 39 40 334
t 40 335 334
t 40 41 335
t 41 336 335
t 41 42 336
t 42 337 336
t 42 43 337
t 43 338 337
t 43 44 338
t 44 339 338
t 44 45 339
t 45 340 339
t 45 46 340
t 46 341 340
t 46 47 341
t 47 342 341
t 47 48 342
t 48 343 342
t 48 49 343
t 49 344 343
t 49 50 344
t 50 345 344
t 50 51 345
t 51 346 345
t 51 52 346
t 52 347 346
t 52 53 347
t 53 348 347
t 53 54 348
t 54 349 348
t 54 55 349
t 55 350 349
t 55 56 350
t 56 351 350
t 56 57 351
t 57 352 351
t 57 58 352
t 58 353 352
t 58 59 353
t 59 354 353
t 59 60 354
t 60 71 354
t 60 61 71
t 20 18 19
t 20 17 18
t 20 16 17
t 20 15 16
t 20 14 15
t 20 13 14
t 20 12 13
t 20 11 12
t 20 10 11
t 71 72 73
t 71 73 74
t 71 74 75
t 71 75 76
t 71 76 77
t 71 77 78
t 71 78 79
t 71 79 80
t 71 80 81
t 20 325 10
t 325 355 10
t 325 326 355
t 326 356 355
t 326 327 356
t 327 357 356
t 327 328 357
t 328 358 357
t 328 329 358
t 329 359 358
t 329 330 359
t 330 360 359
t 330 331 360
t 331 361 360
t 331 332 361
t 332 362 361
t 332 333 362
t 333 363 362
t 333 334 363
t 334 364 363
t 334 335 364
t 335 365 364
t 335 336 365
t 336 366 365
t 336 337 366
t 337 367 366
t 337 338 367
t 338 368 367
t 338 339 368
t 339 369 368
t 339 340 369
t 340 370 369
t 340 341 370
t 341 371 370
t 341 342 371
t 342 372 371
t 342 343 372
t 343 373 372
t 343 344 373
t 344 374 373
t 344 345 374
t 345 375 374
t 345 346 375
t 346 376 375
t 346 347 376
t 347 377 376
t 347 348 377
t 348 378 377
t 348 349 378
t 349 379 378
t 349 350 379
t 350 380 379
t 350 351 380
t 351 381 380
t 351 352 381
t 352 382 381
t 352 353 382
t 353 383 382
t 353 354 383
t 354 384 383
t 354 81 384
t 354 71 81
t 10 8 9
t 10 7 8
t 10 6 7
t 10 5 6
t 10 4 5
t 10 3 4
t 10 2 3
t 10 1 2
t 10 0 1
t 10 123 0
t 81 82 83
t 81 83 84
t 81 84 85
t 81 85 86
t 81 86 87
t 81 87 88
t 81 88 89
t 81 89 90
t 81 90 91
t 81 91 92
t 10 355 123
t 355 122 123
t 355 356 122
t 356 121 122
t 356 357 121
t 357 120 121
t 357 358 120
t 358 119 120
t 358 359 119
t 359 118 119
t 359 360 118
t 360 117 118
t 360 361 117
t 361 116 117
t 361 362 116
t 362 115 116
t 362 363 115
t 363 114 115
t 363 364 114
t 364 113 114
t 364 365 113
t 365 112 113
t 365 366 112
t 366 111 112
t 366 367 111
t 367 110 111
t 367 368 110
t 368 109 110
t 368 369 109
t 369 108 109
t 369 370 108
t 370 107 108
t 370 371 107
t 371 106 107
t 371 372 106
t 372 105 106
t 372 373 105
t 373 104 105
t 373 374 104
t 374 103 104
t 374 375 103
t 375 102 103
t 375 376 102
t 376 101 102
t 376 377 101
t 377 100 101
t 377 378 100
t 378 99 100
t 378 379 99
t 379 98 99
t 379 380 98
t 380 97 98
t 380 381 97
t 381 96 97
t 381 382 96
t 382 95 96
t 382 383 95
t 383 94 95
t 383 384 94
t 384 93 94
t 384 92 93
t 384 81 92
