type=Nurbs forward=true n_boundary=172 n_holes=0 n_interior=98 n_tris=830 label=brep62542_f103_Nurbs(deg=3/3, cps=4x11)
boundary
b 0.945179091 -0.000000036
b 0.938696937 0.019244636
b 0.932285206 0.038430015
b 0.925943010 0.057557286
b 0.919669838 0.076627384
b 0.913465298 0.095641023
b 0.907329121 0.114598697
b 0.901261165 0.133500676
b 0.895261417 0.152347007
b 0.889330002 0.171137510
b 0.883467186 0.189871777
b 0.877673388 0.208549173
b 0.871949518 0.227168763
b 0.866304784 0.245727679
b 0.860756307 0.264221337
b 0.855318264 0.282647577
b 0.849999219 0.301008894
b 0.844806070 0.319308475
b 0.839744627 0.337549681
b 0.834819692 0.355736038
b 0.830035123 0.373871224
b 0.825393915 0.391959060
b 0.820898266 0.410003502
b 0.816549826 0.428008304
b 0.812350494 0.445975763
b 0.808301948 0.463907898
b 0.804405423 0.481806958
b 0.800661747 0.499675417
b 0.797071430 0.517515973
b 0.793635811 0.535331895
b 0.790357034 0.553127100
b 0.787236937 0.570905835
b 0.784277045 0.588672649
b 0.781479343 0.606431516
b 0.778846854 0.624185236
b 0.776382514 0.641936804
b 0.774089081 0.659689548
b 0.771969175 0.677447123
b 0.770025310 0.695213504
b 0.768259939 0.712992972
b 0.766675489 0.730790114
b 0.765274603 0.748609614
b 0.764062267 0.766453897
b 0.763045062 0.784321659
b 0.762229797 0.802210557
b 0.761623531 0.820118575
b 0.761233622 0.838044040
b 0.761067777 0.855985631
b 0.761134118 0.873942384
b 0.761438393 0.891913689
b 0.761974802 0.909899049
b 0.762734884 0.927897726
b 0.763710654 0.945908678
b 0.764894532 0.963930552
b 0.766279287 0.981961665
b 0.767857980 1.000000000
b 0.744726388 1.000000000
b 0.721684727 1.000000000
b 0.698724230 1.000000000
b 0.675836247 1.000000000
b 0.653012235 1.000000000
b 0.630243745 1.000000000
b 0.607522408 1.000000000
b 0.584839926 1.000000000
b 0.562188054 1.000000000
b 0.539558594 1.000000000
b 0.516943378 1.000000000
b 0.494334261 1.000000000
b 0.471723105 1.000000000
b 0.449101769 1.000000000
b 0.426462099 1.000000000
b 0.403795912 1.000000000
b 0.381094990 1.000000000
b 0.358351061 1.000000000
b 0.335555794 1.000000000
b 0.312700781 1.000000000
b 0.289777528 1.000000000
b 0.266777440 1.000000000
b 0.243691809 1.000000000
b 0.220511802 1.000000000
b 0.197228443 1.000000000
b 0.173832601 1.000000000
b 0.150314977 1.000000000
b 0.126666087 1.000000000
b 0.102876242 1.000000000
b 0.078935541 1.000000000
b 0.054833842 1.000000000
b 0.054837110 0.984137151
b 0.054846461 0.968265577
b 0.054860931 0.952379079
b 0.054878984 0.936471470
b 0.054898485 0.920536578
b 0.054916672 0.904568254
b 0.054930124 0.888560370
b 0.054934728 0.872506833
b 0.054927802 0.856401861
b 0.054912277 0.840240396
b 0.054891759 0.824017335
b 0.054869434 0.807727377
b 0.054848053 0.791365028
b 0.054829919 0.774924611
b 0.054816212 0.758401989
b 0.054806590 0.741796230
b 0.054800561 0.725106735
b 0.054797513 0.708333466
b 0.054796828 0.691476706
b 0.054797974 0.674536668
b 0.054800503 0.657513485
b 0.054804039 0.640407202
b 0.054808266 0.623217781
b 0.054812922 0.605945087
b 0.054817779 0.588588892
b 0.054822748 0.571148915
b 0.054828886 0.553625263
b 0.054838001 0.536018004
b 0.054851320 0.518322545
b 0.054868911 0.500529625
b 0.054890010 0.482629638
b 0.054913020 0.464612847
b 0.054935475 0.446469388
b 0.054954016 0.428189281
b 0.054964350 0.409762435
b 0.054962949 0.391179088
b 0.054950908 0.372430658
b 0.054930086 0.353508614
b 0.054902169 0.334404212
b 0.054868690 0.315108491
b 0.054831064 0.295612263
b 0.054790773 0.275906722
b 0.054750779 0.255988165
b 0.054715469 0.235855340
b 0.054690123 0.215506669
b 0.054678536 0.194940674
b 0.054678664 0.174156929
b 0.054687703 0.153155168
b 0.054703169 0.131935061
b 0.054722908 0.110496211
b 0.054745100 0.088838129
b 0.054768264 0.066960231
b 0.054791256 0.044861815
b 0.054813272 0.022542059
b 0.054833842 -0.000000000
b 0.084743364 -0.000000000
b 0.114408343 -0.000000000
b 0.143848040 -0.000000000
b 0.173081175 -0.000000000
b 0.202125979 -0.000000000
b 0.231000241 -0.000000000
b 0.259721352 -0.000000000
b 0.288306352 -0.000000000
b 0.316771969 -0.000000000
b 0.345134657 -0.000000000
b 0.373410640 -0.000000000
b 0.401615946 -0.000000000
b 0.429766444 -0.000000000
b 0.457877881 -0.000000000
b 0.485965919 -0.000000000
b 0.514046164 -0.000000000
b 0.542134208 -0.000000000
b 0.570245659 -0.000000000
b 0.598396177 -0.000000000
b 0.626601510 -0.000000000
b 0.654877527 -0.000000000
b 0.683240256 -0.000000000
b 0.711705920 -0.000000000
b 0.740290975 -0.000000000
b 0.769012149 -0.000000000
b 0.797886480 -0.000000000
b 0.826931362 -0.000000000
b 0.856164582 -0.000000000
b 0.885604371 -0.000000000
b 0.915269452 -0.000000000
interior
i 0.165991106 0.124999968
i 0.277303675 0.124999968
i 0.388616244 0.124999968
i 0.499928814 0.124999968
i 0.611241383 0.124999968
i 0.722553952 0.124999968
i 0.833866522 0.124999968
i 0.165991106 0.249999973
i 0.277303675 0.249999973
i 0.388616244 0.249999973
i 0.499928814 0.249999973
i 0.611241383 0.249999973
i 0.722553952 0.249999973
i 0.833866522 0.249999973
i 0.165991106 0.374999977
i 0.277303675 0.374999977
i 0.388616244 0.374999977
i 0.499928814 0.374999977
i 0.611241383 0.374999977
i 0.722553952 0.374999977
i 0.165991106 0.499999982
i 0.277303675 0.499999982
i 0.388616244 0.499999982
i 0.499928814 0.499999982
i 0.611241383 0.499999982
i 0.722553952 0.499999982
i 0.165991106 0.624999986
i 0.277303675 0.624999986
i 0.388616244 0.624999986
i 0.499928814 0.624999986
i 0.611241383 0.624999986
i 0.722553952 0.624999986
i 0.165991106 0.749999991
i 0.277303675 0.749999991
i 0.388616244 0.749999991
i 0.499928814 0.749999991
i 0.611241383 0.749999991
i 0.722553952 0.749999991
i 0.165991106 0.874999995
i 0.277303675 0.874999995
i 0.388616244 0.874999995
i 0.499928814 0.874999995
i 0.611241383 0.874999995
i 0.722553952 0.874999995
i 0.110334821 0.062499966
i 0.110334821 0.187499971
i 0.110334821 0.312499975
i 0.110334821 0.437499980
i 0.110334821 0.562499984
i 0.110334821 0.687499989
i 0.110334821 0.812499993
i 0.110334821 0.937499998
i 0.221647390 0.062499966
i 0.221647390 0.187499971
i 0.221647390 0.312499975
i 0.221647390 0.437499980
i 0.221647390 0.562499984
i 0.221647390 0.687499989
i 0.221647390 0.812499993
i 0.221647390 0.937499998
i 0.332959960 0.062499966
i 0.332959960 0.187499971
i 0.332959960 0.312499975
i 0.332959960 0.437499980
i 0.332959960 0.562499984
i 0.332959960 0.687499989
i 0.332959960 0.812499993
i 0.332959960 0.937499998
i 0.444272529 0.062499966
i 0.444272529 0.187499971
i 0.444272529 0.312499975
i 0.444272529 0.437499980
i 0.444272529 0.562499984
i 0.444272529 0.687499989
i 0.444272529 0.812499993
i 0.444272529 0.937499998
i 0.555585098 0.062499966
i 0.555585098 0.187499971
i 0.555585098 0.312499975
i 0.555585098 0.437499980
i 0.555585098 0.562499984
i 0.555585098 0.687499989
i 0.555585098 0.812499993
i 0.555585098 0.937499998
i 0.666897668 0.062499966
i 0.666897668 0.187499971
i 0.666897668 0.312499975
i 0.666897668 0.437499980
i 0.666897668 0.562499984
i 0.666897668 0.687499989
i 0.666897668 0.812499993
i 0.666897668 0.937499998
i 0.778210237 0.062499966
i 0.778210237 0.187499971
i 0.778210237 0.312499975
i 0.778210237 0.437499980
i 0.778210237 0.562499984
i 0.889522806 0.062499966
tris
t 141 139 140
t 141 138 139
t 141 137 138
t 141 136 137
t 141 135 136
t 141 134 135
t 141 133 134
t 141 132 133
t 141 131 132
t 141 130 131
t 0 1 2
t 0 2 3
t 0 3 4
t 0 4 5
t 0 5 6
t 0 6 7
t 0 7 8
t 0 8 9
t 0 9 10
t 0 10 11
t 0 11 12
t 0 12 13
t 141 270 130
t 141 271 270
t 141 272 271
t 141 273 272
t 141 274 273
t 141 275 274
t 141 276 275
t 141 277 276
t 141 278 277
t 141 279 278
t 141 280 279
t 141 281 280
t 141 282 281
t 141 283 282
t 141 284 283
t 141 285 284
t 141 286 285
t 141 287 286
t 141 288 287
t 141 289 288
t 141 290 289
t 141 291 290
t 141 292 291
t 141 293 292
t 141 294 293
t 141 295 294
t 141 296 295
t 141 297 296
t 141 298 297
t 141 299 298
t 141 300 299
t 141 301 300
t 141 302 301
t 141 303 302
t 141 304 303
t 141 305 304
t 141 306 305
t 141 307 306
t 141 308 307
t 141 309 308
t 141 142 309
t 142 310 309
t 142 311 310
t 142 143 311
t 143 312 311
t 143 313 312
t 143 144 313
t 144 314 313
t 144 315 314
t 144 145 315
t 145 316 315
t 145 317 316
t 145 318 317
t 145 146 318
t 146 319 318
t 146 320 319
t 146 147 320
t 147 321 320
t 147 322 321
t 147 148 322
t 148 323 322
t 148 324 323
t 148 149 324
t 149 325 324
t 149 326 325
t 149 327 326
t 149 150 327
t 150 328 327
t 150 329 328
t 150 151 329
t 151 330 329
t 151 331 330
t 151 152 331
t 152 332 331
t 152 333 332
t 152 153 333
t 153 334 333
t 153 335 334
t 153 336 335
t 153 154 336
t 154 337 336
t 154 338 337
t 154 155 338
t 155 339 338
t 155 340 339
t 155 156 340
t 156 341 340
t 156 342 341
t 156 157 342
t 157 343 342
t 157 344 343
t 157 345 344
t 157 158 345
t 158 346 345
t 158 347 346
t 158 159 347
t 159 348 347
t 159 349 348
t 159 160 349
t 160 350 349
t 160 351 350
t 160 161 351
t 161 352 351
t 161 353 352
t 161 354 353
t 161 162 354
t 162 355 354
t 162 356 355
t 162 163 356
t 163 357 356
t 163 358 357
t 163 164 358
t 164 359 358
t 164 360 359
t 164 165 360
t 165 361 360
t 165 362 361
t 165 363 362
t 165 364 363
t 165 365 364
t 165 366 365
t 165 367 366
t 165 368 367
t 165 369 368
t 165 370 369
t 165 371 370
t 165 372 371
t 165 373 372
t 165 374 373
t 165 375 374
t 165 376 375
t 165 377 376
t 165 378 377
t 165 379 378
t 165 166 379
t 166 380 379
t 166 381 380
t 166 382 381
t 166 383 382
t 166 384 383
t 166 385 384
t 166 386 385
t 166 387 386
t 166 388 387
t 166 389 388
t 166 390 389
t 166 391 390
t 166 167 391
t 167 392 391
t 167 393 392
t 167 394 393
t 167 395 394
t 167 396 395
t 167 397 396
t 167 398 397
t 167 399 398
t 167 168 399
t 168 400 399
t 168 401 400
t 168 402 401
t 168 403 402
t 168 404 403
t 168 405 404
t 168 406 405
t 168 169 406
t 169 407 406
t 169 408 407
t 169 13 408
t 169 170 13
t 170 171 13
t 171 0 13
t 130 128 129
t 130 127 128
t 130 126 127
t 130 125 126
t 130 124 125
t 130 123 124
t 130 122 123
t 130 121 122
t 130 120 121
t 130 119 120
t 130 118 119
t 130 117 118
t 13 14 15
t 13 15 16
t 13 16 17
t 13 17 18
t 13 18 19
t 13 19 20
t 13 20 21
t 13 21 22
t 13 22 23
t 13 23 24
t 13 24 25
t 13 25 26
t 13 26 27
t 130 270 117
t 270 271 117
t 271 272 117
t 272 273 117
t 273 274 117
t 274 275 117
t 275 276 117
t 276 277 117
t 277 278 117
t 278 279 117
t 279 280 117
t 280 281 117
t 281 282 117
t 282 283 117
t 283 284 117
t 284 285 117
t 285 286 117
t 286 287 117
t 287 288 117
t 288 289 117
t 289 290 117
t 290 291 117
t 291 292 117
t 292 293 117
t 293 294 117
t 294 295 117
t 295 296 117
t 296 297 117
t 297 409 117
t 297 298 409
t 298 410 409
t 298 299 410
t 299 411 410
t 299 300 411
t 300 412 411
t 300 301 412
t 301 413 412
t 301 302 413
t 302 414 413
t 302 303 414
t 303 415 414
t 303 304 415
t 304 416 415
t 304 305 416
t 305 417 416
t 305 306 417
t 306 418 417
t 306 307 418
t 307 419 418
t 307 308 419
t 308 420 419
t 308 309 420
t 309 421 420
t 309 310 421
t 310 422 421
t 310 311 422
t 311 423 422
t 311 312 423
t 312 424 423
t 312 313 424
t 313 425 424
t 313 314 425
t 314 426 425
t 314 315 426
t 315 427 426
t 315 316 427
t 316 428 427
t 316 317 428
t 317 429 428
t 317 318 429
t 318 430 429
t 318 319 430
t 319 431 430
t 319 320 431
t 320 432 431
t 320 321 432
t 321 433 432
t 321 322 433
t 322 434 433
t 322 323 434
t 323 435 434
t 323 324 435
t 324 436 435
t 324 325 436
t 325 437 436
t 325 326 437
t 326 438 437
t 326 327 438
t 327 439 438
t 327 328 439
t 328 440 439
t 328 329 440
t 329 441 440
t 329 330 441
t 330 442 441
t 330 331 442
t 331 443 442
t 331 332 443
t 332 444 443
t 332 333 444
t 333 445 444
t 333 334 445
t 334 446 445
t 334 335 446
t 335 447 446
t 335 336 447
t 336 448 447
t 336 337 448
t 337 449 448
t 337 338 449
t 338 450 449
t 338 339 450
t 339 451 450
t 339 340 451
t 340 452 451
t 340 341 452
t 341 453 452
t 341 342 453
t 342 454 453
t 342 343 454
t 343 455 454
t 343 344 455
t 344 456 455
t 344 345 456
t 345 457 456
t 345 346 457
t 346 458 457
t 346 347 458
t 347 459 458
t 347 348 459
t 348 460 459
t 348 349 460
t 349 461 460
t 349 350 461
t 350 462 461
t 350 351 462
t 351 463 462
t 351 352 463
t 352 464 463
t 352 353 464
t 353 465 464
t 353 354 465
t 354 466 465
t 354 355 466
t 355 467 466
t 355 356 467
t 356 468 467
t 356 357 468
t 357 469 468
t 357 358 469
t 358 470 469
t 358 359 470
t 359 471 470
t 359 360 471
t 360 472 471
t 360 361 472
t 361 473 472
t 361 362 473
t 362 474 473
t 362 363 474
t 363 475 474
t 363 364 475
t 364 476 475
t 364 365 476
t 365 477 476
t 365 366 477
t 366 478 477
t 366 367 478
t 367 479 478
t 367 368 479
t 368 480 479
t 368 369 480
t 369 481 480
t 369 370 481
t 370 482 481
t 370 371 482
t 371 483 482
t 371 372 483
t 372 484 483
t 372 373 484
t 373 485 484
t 373 374 485
t 374 486 485
t 374 375 486
t 375 487 486
t 375 376 487
t 376 488 487
t 376 377 488
t 377 489 488
t 377 378 489
t 378 490 489
t 378 379 490
t 379 491 490
t 379 380 491
t 380 492 491
t 380 381 492
t 381 493 492
t 381 382 493
t 382 494 493
t 382 383 494
t 383 495 494
t 383 384 495
t 384 496 495
t 384 385 496
t 385 497 496
t 385 386 497
t 386 498 497
t 386 387 498
t 387 499 498
t 387 388 499
t 388 500 499
t 388 389 500
t 389 501 500
t 389 390 501
t 390 502 501
t 390 391 502
t 391 503 502
t 391 392 503
t 392 504 503
t 392 393 504
t 393 27 504
t 393 394 27
t 394 395 27
t 395 396 27
t 396 397 27
t 397 398 27
t 398 399 27
t 399 400 27
t 400 401 27
t 401 402 27
t 402 403 27
t 403 404 27
t 404 405 27
t 405 406 27
t 406 407 27
t 407 408 27
t 408 13 27
t 117 115 116
t 117 114 115
t 117 113 114
t 117 112 113
t 117 111 112
t 117 110 111
t 117 109 110
t 117 108 109
t 117 107 108
t 117 106 107
t 117 105 106
t 117 104 105
t 117 103 104
t 117 102 103
t 27 28 29
t 27 29 30
t 27 30 31
t 27 31 32
t 27 32 33
t 27 33 34
t 27 34 35
t 27 35 36
t 27 36 37
t 27 37 38
t 27 38 39
t 27 39 40
t 27 40 41
t 117 505 102
t 117 506 505
t 117 507 506
t 117 508 507
t 117 509 508
t 117 510 509
t 117 511 510
t 117 512 511
t 117 513 512
t 117 514 513
t 117 515 514
t 117 516 515
t 117 517 516
t 117 518 517
t 117 519 518
t 117 520 519
t 117 521 520
t 117 409 521
t 409 522 521
t 409 410 522
t 410 523 522
t 410 411 523
t 411 524 523
t 411 412 524
t 412 525 524
t 412 413 525
t 413 526 525
t 413 414 526
t 414 527 526
t 414 415 527
t 415 528 527
t 415 416 528
t 416 529 528
t 416 417 529
t 417 530 529
t 417 418 530
t 418 531 530
t 418 419 531
t 419 532 531
t 419 420 532
t 420 533 532
t 420 421 533
t 421 534 533
t 421 422 534
t 422 535 534
t 422 423 535
t 423 536 535
t 423 424 536
t 424 537 536
t 424 425 537
t 425 538 537
t 425 426 538
t 426 539 538
t 426 427 539
t 427 540 539
t 427 428 540
t 428 541 540
t 428 429 541
t 429 542 541
t 429 430 542
t 430 543 542
t 430 431 543
t 431 544 543
t 431 432 544
t 432 545 544
t 432 433 545
t 433 546 545
t 433 434 546
t 434 547 546
t 434 435 547
t 435 548 547
t 435 436 548
t 436 549 548
t 436 437 549
t 437 550 549
t 437 438 550
t 438 551 550
t 438 439 551
t 439 552 551
t 439 440 552
t 440 553 552
t 440 441 553
t 441 554 553
t 441 442 554
t 442 555 554
t 442 443 555
t 443 556 555
t 443 444 556
t 444 557 556
t 444 445 557
t 445 558 557
t 445 446 558
t 446 559 558
t 446 447 559
t 447 560 559
t 447 448 560
t 448 561 560
t 448 449 561
t 449 562 561
t 449 450 562
t 450 563 562
t 450 451 563
t 451 564 563
t 451 452 564
t 452 565 564
t 452 453 565
t 453 566 565
t 453 454 566
t 454 567 566
t 454 455 567
t 455 568 567
t 455 456 568
t 456 569 568
t 456 457 569
t 457 570 569
t 457 458 570
t 458 571 570
t 458 459 571
t 459 572 571
t 459 460 572
t 460 573 572
t 460 461 573
t 461 574 573
t 461 462 574
t 462 575 574
t 462 463 575
t 463 576 575
t 463 464 576
t 464 577 576
t 464 465 577
t 465 578 577
t 465 466 578
t 466 579 578
t 466 467 579
t 467 580 579
t 467 468 580
t 468 581 580
t 468 469 581
t 469 582 581
t 469 470 582
t 470 583 582
t 470 471 583
t 471 584 583
t 471 472 584
t 472 585 584
t 472 473 585
t 473 586 585
t 473 474 586
t 474 587 586
t 474 475 587
t 475 588 587
t 475 476 588
t 476 589 588
t 476 477 589
t 477 590 589
t 477 478 590
t 478 591 590
t 478 479 591
t 479 592 591
t 479 480 592
t 480 593 592
t 480 481 593
t 481 594 593
t 481 482 594
t 482 595 594
t 482 483 595
t 483 596 595
t 483 484 596
t 484 597 596
t 484 485 597
t 485 598 597
t 485 486 598
t 486 599 598
t 486 487 599
t 487 41 599
t 487 488 41
t 488 489 41
t 489 490 41
t 490 491 41
t 491 492 41
t 492 493 41
t 493 494 41
t 494 495 41
t 495 496 41
t 496 497 41
t 497 498 41
t 498 499 41
t 499 500 41
t 500 501 41
t 501 502 41
t 502 503 41
t 503 504 41
t 504 27 41
t 102 100 101
t 102 99 100
t 102 98 99
t 102 97 98
t 102 96 97
t 102 95 96
t 102 94 95
t 102 93 94
t 102 92 93
t 102 91 92
t 102 90 91
t 102 89 90
t 102 88 89
t 102 87 88
t 102 86 87
t 41 42 43
t 41 43 44
t 41 44 45
t 41 45 46
t 41 46 47
t 41 47 48
t 41 48 49
t 41 49 50
t 41 50 51
t 41 51 52
t 41 52 53
t 41 53 54
t 41 54 55
t 102 505 86
t 505 506 86
t 506 507 86
t 507 508 86
t 508 509 86
t 509 510 86
t 510 511 86
t 511 512 86
t 512 513 86
t 513 514 86
t 514 515 86
t 515 516 86
t 516 517 86
t 517 518 86
t 518 519 86
t 519 520 86
t 520 521 86
t 521 522 86
t 522 523 86
t 523 524 86
t 524 525 86
t 525 526 86
t 526 527 86
t 527 528 86
t 528 529 86
t 529 530 86
t 530 531 86
t 531 532 86
t 532 533 86
t 533 534 86
t 534 85 86
t 534 535 85
t 535 536 85
t 536 84 85
t 536 537 84
t 537 538 84
t 538 83 84
t 538 539 83
t 539 540 83
t 540 82 83
t 540 541 82
t 541 542 82
t 542 81 82
t 542 543 81
t 543 80 81
t 543 544 80
t 544 545 80
t 545 79 80
t 545 546 79
t 546 547 79
t 547 78 79
t 547 548 78
t 548 549 78
t 549 77 78
t 549 550 77
t 550 551 77
t 551 76 77
t 551 552 76
t 552 75 76
t 552 553 75
t 553 554 75
t 554 74 75
t 554 555 74
t 555 556 74
t 556 73 74
t 556 557 73
t 557 558 73
t 558 72 73
t 558 559 72
t 559 560 72
t 560 71 72
t 560 561 71
t 561 70 71
t 561 562 70
t 562 563 70
t 563 69 70
t 563 564 69
t 564 565 69
t 565 68 69
t 565 566 68
t 566 567 68
t 567 67 68
t 567 568 67
t 568 569 67
t 569 66 67
t 569 570 66
t 570 65 66
t 570 571 65
t 571 572 65
t 572 64 65
t 572 573 64
t 573 574 64
t 574 63 64
t 574 575 63
t 575 576 63
t 576 62 63
t 576 577 62
t 577 578 62
t 578 61 62
t 578 579 61
t 579 60 61
t 579 580 60
t 580 581 60
t 581 59 60
t 581 582 59
t 582 583 59
t 583 58 59
t 583 584 58
t 584 585 58
t 585 57 58
t 585 586 57
t 586 587 57
t 587 56 57
t 587 588 56
t 588 589 56
t 589 590 56
t 590 591 56
t 591 592 56
t 592 593 56
t 593 594 56
t 594 595 56
t 595 596 56
t 596 597 56
t 597 598 56
t 598 599 56
t 599 41 56
t 41 55 56
