type=Nurbs forward=true n_boundary=196 n_holes=0 n_interior=363 n_tris=1616 label=brep62542_f126_Nurbs(deg=3/3, cps=4x9)
boundary
b 0.784644305 0.403171084
b 0.785249570 0.410006515
b 0.785879001 0.416853575
b 0.786529377 0.423712470
b 0.787197776 0.430583458
b 0.787881670 0.437466851
b 0.788579026 0.444363014
b 0.789288408 0.451272360
b 0.790009083 0.458195351
b 0.790740986 0.465132494
b 0.791479013 0.472084131
b 0.792222608 0.479049478
b 0.792975597 0.486027313
b 0.793739771 0.493016444
b 0.794514937 0.500015706
b 0.795299006 0.507023978
b 0.796088071 0.514040180
b 0.796876489 0.521063283
b 0.797656962 0.528092315
b 0.798421276 0.535126355
b 0.799169607 0.542164490
b 0.799907970 0.549205791
b 0.800641040 0.556249309
b 0.801372009 0.563294082
b 0.802102588 0.570339138
b 0.802833018 0.577383502
b 0.803562077 0.584426197
b 0.804287092 0.591466253
b 0.805004107 0.598502766
b 0.805709608 0.605536051
b 0.806397600 0.612567565
b 0.807062863 0.619598828
b 0.807702224 0.626631388
b 0.808314570 0.633666812
b 0.808900863 0.640706683
b 0.809464155 0.647752591
b 0.810009597 0.654806126
b 0.810544473 0.661868856
b 0.811079095 0.668941266
b 0.811623381 0.676022108
b 0.812183306 0.683109921
b 0.812762640 0.690203241
b 0.813363073 0.697300612
b 0.813984249 0.704400591
b 0.814623798 0.711501757
b 0.815277369 0.718602715
b 0.815938680 0.725702108
b 0.816601548 0.732799088
b 0.817264073 0.739893966
b 0.817926576 0.746987213
b 0.818590348 0.754079292
b 0.819257310 0.761170665
b 0.819930008 0.768261786
b 0.820611610 0.775353103
b 0.821305907 0.782445053
b 0.822017305 0.789538057
b 0.809241342 0.789526807
b 0.796641418 0.789514680
b 0.784203108 0.789501674
b 0.771912353 0.789487789
b 0.759755461 0.789473022
b 0.747719095 0.789457373
b 0.735790277 0.789440841
b 0.723956376 0.789423425
b 0.712205105 0.789405126
b 0.700524518 0.789385942
b 0.688903005 0.789365873
b 0.677329288 0.789344920
b 0.665792419 0.789323082
b 0.654281802 0.789300360
b 0.642790022 0.789276757
b 0.631315373 0.789252286
b 0.619856795 0.789226960
b 0.608413212 0.789200791
b 0.596983511 0.789173794
b 0.585566525 0.789145981
b 0.574161020 0.789117368
b 0.562765674 0.789087970
b 0.551379062 0.789057800
b 0.539999639 0.789026875
b 0.528625724 0.788995210
b 0.517255484 0.788962822
b 0.505886912 0.788929726
b 0.494517831 0.788895941
b 0.483146206 0.788861490
b 0.471770380 0.788826403
b 0.460388897 0.788790711
b 0.449000468 0.788754444
b 0.437603953 0.788717634
b 0.426198347 0.788680312
b 0.414782759 0.788642510
b 0.403356393 0.788604260
b 0.391918533 0.788565594
b 0.380468522 0.788526545
b 0.369005744 0.788487144
b 0.357529608 0.788447426
b 0.346039526 0.788407421
b 0.334534284 0.788367163
b 0.323007276 0.788326661
b 0.311448937 0.788285917
b 0.299849423 0.788244934
b 0.288198624 0.788203713
b 0.276486168 0.788162255
b 0.264701415 0.788120564
b 0.252833448 0.788078641
b 0.240871074 0.788036487
b 0.228802813 0.787994107
b 0.216616896 0.787951501
b 0.204301256 0.787908673
b 0.191843526 0.787865626
b 0.179231028 0.787822360
b 0.179202197 0.780726896
b 0.179121251 0.773645668
b 0.179000151 0.766576179
b 0.178850157 0.759515887
b 0.178681894 0.752462226
b 0.178505393 0.745412611
b 0.178330124 0.738364450
b 0.178165101 0.731315159
b 0.178024322 0.724262183
b 0.177926489 0.717203418
b 0.177870973 0.710139566
b 0.177849362 0.703072509
b 0.177853566 0.696004176
b 0.177875802 0.688936530
b 0.177908561 0.681871559
b 0.177944581 0.674811265
b 0.177976826 0.667757660
b 0.177999180 0.660712747
b 0.178013065 0.653678295
b 0.178021789 0.646653935
b 0.178026646 0.639637955
b 0.178028576 0.632628617
b 0.178028238 0.625624192
b 0.178026043 0.618622962
b 0.178022184 0.611623231
b 0.178016657 0.604623330
b 0.178009277 0.597621628
b 0.178001488 0.590616570
b 0.177996643 0.583607844
b 0.177994409 0.576596424
b 0.177994248 0.569583346
b 0.177995624 0.562569649
b 0.177997981 0.555556367
b 0.178000713 0.548544528
b 0.178003140 0.541535145
b 0.178004489 0.534529216
b 0.178003888 0.527527712
b 0.178001422 0.520531512
b 0.177998574 0.513541403
b 0.177996528 0.506558212
b 0.177995988 0.499582808
b 0.177997148 0.492616100
b 0.177999658 0.485659029
b 0.178002593 0.478712568
b 0.178004422 0.471777713
b 0.178002978 0.464855481
b 0.177998648 0.457946635
b 0.177994760 0.451051296
b 0.177992282 0.444169513
b 0.177991746 0.437301372
b 0.177993270 0.430446998
b 0.177996536 0.423606553
b 0.178000769 0.416780238
b 0.178004718 0.409968289
b 0.178006626 0.403170977
b 0.198814452 0.403171029
b 0.219391216 0.403171028
b 0.239755001 0.403171027
b 0.259923234 0.403171027
b 0.279912736 0.403171026
b 0.299739781 0.403171026
b 0.319420152 0.403171025
b 0.338969192 0.403171025
b 0.358401861 0.403171024
b 0.377732772 0.403171024
b 0.396976248 0.403171024
b 0.416146356 0.403171024
b 0.435256954 0.403171023
b 0.454321733 0.403171023
b 0.473354249 0.403171023
b 0.492367972 0.403171023
b 0.511376314 0.403171023
b 0.530392675 0.403171023
b 0.549430478 0.403171023
b 0.568503203 0.403171024
b 0.587624434 0.403171024
b 0.606807888 0.403171024
b 0.626067462 0.403171024
b 0.645417270 0.403171025
b 0.664871689 0.403171025
b 0.684445398 0.403171026
b 0.704153426 0.403171026
b 0.724011200 0.403171027
b 0.744034596 0.403171027
b 0.764239991 0.403171028
interior
i 0.258370355 0.451466862
i 0.338891348 0.451466862
i 0.419412341 0.451466862
i 0.499933334 0.451466862
i 0.580454326 0.451466862
i 0.660975319 0.451466862
i 0.741496312 0.451466862
i 0.258370355 0.499762747
i 0.338891348 0.499762747
i 0.419412341 0.499762747
i 0.499933334 0.499762747
i 0.580454326 0.499762747
i 0.660975319 0.499762747
i 0.741496312 0.499762747
i 0.258370355 0.548058632
i 0.338891348 0.548058632
i 0.419412341 0.548058632
i 0.499933334 0.548058632
i 0.580454326 0.548058632
i 0.660975319 0.548058632
i 0.741496312 0.548058632
i 0.258370355 0.596354517
i 0.338891348 0.596354517
i 0.419412341 0.596354517
i 0.499933334 0.596354517
i 0.580454326 0.596354517
i 0.660975319 0.596354517
i 0.741496312 0.596354517
i 0.258370355 0.644650402
i 0.338891348 0.644650402
i 0.419412341 0.644650402
i 0.499933334 0.644650402
i 0.580454326 0.644650402
i 0.660975319 0.644650402
i 0.741496312 0.644650402
i 0.258370355 0.692946287
i 0.338891348 0.692946287
i 0.419412341 0.692946287
i 0.499933334 0.692946287
i 0.580454326 0.692946287
i 0.660975319 0.692946287
i 0.741496312 0.692946287
i 0.258370355 0.741242172
i 0.338891348 0.741242172
i 0.419412341 0.741242172
i 0.499933334 0.741242172
i 0.580454326 0.741242172
i 0.660975319 0.741242172
i 0.741496312 0.741242172
i 0.218109858 0.427318919
i 0.197979610 0.415244948
i 0.238240107 0.415244948
i 0.197979610 0.439392890
i 0.238240107 0.439392890
i 0.218109858 0.475614804
i 0.197979610 0.463540833
i 0.238240107 0.463540833
i 0.197979610 0.487688775
i 0.238240107 0.487688775
i 0.218109858 0.523910689
i 0.197979610 0.511836718
i 0.238240107 0.511836718
i 0.197979610 0.535984660
i 0.238240107 0.535984660
i 0.218109858 0.572206574
i 0.197979610 0.560132603
i 0.238240107 0.560132603
i 0.197979610 0.584280546
i 0.238240107 0.584280546
i 0.218109858 0.620502459
i 0.197979610 0.608428488
i 0.238240107 0.608428488
i 0.197979610 0.632576431
i 0.238240107 0.632576431
i 0.218109858 0.668798344
i 0.197979610 0.656724373
i 0.238240107 0.656724373
i 0.197979610 0.680872316
i 0.238240107 0.680872316
i 0.218109858 0.717094230
i 0.197979610 0.705020258
i 0.238240107 0.705020258
i 0.197979610 0.729168201
i 0.238240107 0.729168201
i 0.218109858 0.765390115
i 0.197979610 0.753316143
i 0.238240107 0.753316143
i 0.197979610 0.777464086
i 0.238240107 0.777464086
i 0.298630851 0.427318919
i 0.278500603 0.415244948
i 0.318761099 0.415244948
i 0.278500603 0.439392890
i 0.318761099 0.439392890
i 0.298630851 0.475614804
i 0.278500603 0.463540833
i 0.318761099 0.463540833
i 0.278500603 0.487688775
i 0.318761099 0.487688775
i 0.298630851 0.523910689
i 0.278500603 0.511836718
i 0.318761099 0.511836718
i 0.278500603 0.535984660
i 0.318761099 0.535984660
i 0.298630851 0.572206574
i 0.278500603 0.560132603
i 0.318761099 0.560132603
i 0.278500603 0.584280546
i 0.318761099 0.584280546
i 0.298630851 0.620502459
i 0.278500603 0.608428488
i 0.318761099 0.608428488
i 0.278500603 0.632576431
i 0.318761099 0.632576431
i 0.298630851 0.668798344
i 0.278500603 0.656724373
i 0.318761099 0.656724373
i 0.278500603 0.680872316
i 0.318761099 0.680872316
i 0.298630851 0.717094230
i 0.278500603 0.705020258
i 0.318761099 0.705020258
i 0.278500603 0.729168201
i 0.318761099 0.729168201
i 0.298630851 0.765390115
i 0.278500603 0.753316143
i 0.318761099 0.753316143
i 0.278500603 0.777464086
i 0.318761099 0.777464086
i 0.379151844 0.427318919
i 0.359021596 0.415244948
i 0.399282092 0.415244948
i 0.359021596 0.439392890
i 0.399282092 0.439392890
i 0.379151844 0.475614804
i 0.359021596 0.463540833
i 0.399282092 0.463540833
i 0.359021596 0.487688775
i 0.399282092 0.487688775
i 0.379151844 0.523910689
i 0.359021596 0.511836718
i 0.399282092 0.511836718
i 0.359021596 0.535984660
i 0.399282092 0.535984660
i 0.379151844 0.572206574
i 0.359021596 0.560132603
i 0.399282092 0.560132603
i 0.359021596 0.584280546
i 0.399282092 0.584280546
i 0.379151844 0.620502459
i 0.359021596 0.608428488
i 0.399282092 0.608428488
i 0.359021596 0.632576431
i 0.399282092 0.632576431
i 0.379151844 0.668798344
i 0.359021596 0.656724373
i 0.399282092 0.656724373
i 0.359021596 0.680872316
i 0.399282092 0.680872316
i 0.379151844 0.717094230
i 0.359021596 0.705020258
i 0.399282092 0.705020258
i 0.359021596 0.729168201
i 0.399282092 0.729168201
i 0.379151844 0.765390115
i 0.359021596 0.753316143
i 0.399282092 0.753316143
i 0.359021596 0.777464086
i 0.399282092 0.777464086
i 0.459672837 0.427318919
i 0.439542589 0.415244948
i 0.479803085 0.415244948
i 0.439542589 0.439392890
i 0.479803085 0.439392890
i 0.459672837 0.475614804
i 0.439542589 0.463540833
i 0.479803085 0.463540833
i 0.439542589 0.487688775
i 0.479803085 0.487688775
i 0.459672837 0.523910689
i 0.439542589 0.511836718
i 0.479803085 0.511836718
i 0.439542589 0.535984660
i 0.479803085 0.535984660
i 0.459672837 0.572206574
i 0.439542589 0.560132603
i 0.479803085 0.560132603
i 0.439542589 0.584280546
i 0.479803085 0.584280546
i 0.459672837 0.620502459
i 0.439542589 0.608428488
i 0.479803085 0.608428488
i 0.439542589 0.632576431
i 0.479803085 0.632576431
i 0.459672837 0.668798344
i 0.439542589 0.656724373
i 0.479803085 0.656724373
i 0.439542589 0.680872316
i 0.479803085 0.680872316
i 0.459672837 0.717094230
i 0.439542589 0.705020258
i 0.479803085 0.705020258
i 0.439542589 0.729168201
i 0.479803085 0.729168201
i 0.459672837 0.765390115
i 0.439542589 0.753316143
i 0.479803085 0.753316143
i 0.439542589 0.777464086
i 0.479803085 0.777464086
i 0.540193830 0.427318919
i 0.520063582 0.415244948
i 0.560324078 0.415244948
i 0.520063582 0.439392890
i 0.560324078 0.439392890
i 0.540193830 0.475614804
i 0.520063582 0.463540833
i 0.560324078 0.463540833
i 0.520063582 0.487688775
i 0.560324078 0.487688775
i 0.540193830 0.523910689
i 0.520063582 0.511836718
i 0.560324078 0.511836718
i 0.520063582 0.535984660
i 0.560324078 0.535984660
i 0.540193830 0.572206574
i 0.520063582 0.560132603
i 0.560324078 0.560132603
i 0.520063582 0.584280546
i 0.560324078 0.584280546
i 0.540193830 0.620502459
i 0.520063582 0.608428488
i 0.560324078 0.608428488
i 0.520063582 0.632576431
i 0.560324078 0.632576431
i 0.540193830 0.668798344
i 0.520063582 0.656724373
i 0.560324078 0.656724373
i 0.520063582 0.680872316
i 0.560324078 0.680872316
i 0.540193830 0.717094230
i 0.520063582 0.705020258
i 0.560324078 0.705020258
i 0.520063582 0.729168201
i 0.560324078 0.729168201
i 0.540193830 0.765390115
i 0.520063582 0.753316143
i 0.560324078 0.753316143
i 0.520063582 0.777464086
i 0.560324078 0.777464086
i 0.620714823 0.427318919
i 0.600584575 0.415244948
i 0.640845071 0.415244948
i 0.600584575 0.439392890
i 0.640845071 0.439392890
i 0.620714823 0.475614804
i 0.600584575 0.463540833
i 0.640845071 0.463540833
i 0.600584575 0.487688775
i 0.640845071 0.487688775
i 0.620714823 0.523910689
i 0.600584575 0.511836718
i 0.640845071 0.511836718
i 0.600584575 0.535984660
i 0.640845071 0.535984660
i 0.620714823 0.572206574
i 0.600584575 0.560132603
i 0.640845071 0.560132603
i 0.600584575 0.584280546
i 0.640845071 0.584280546
i 0.620714823 0.620502459
i 0.600584575 0.608428488
i 0.640845071 0.608428488
i 0.600584575 0.632576431
i 0.640845071 0.632576431
i 0.620714823 0.668798344
i 0.600584575 0.656724373
i 0.640845071 0.656724373
i 0.600584575 0.680872316
i 0.640845071 0.680872316
i 0.620714823 0.717094230
i 0.600584575 0.705020258
i 0.640845071 0.705020258
i 0.600584575 0.729168201
i 0.640845071 0.729168201
i 0.620714823 0.765390115
i 0.600584575 0.753316143
i 0.640845071 0.753316143
i 0.600584575 0.777464086
i 0.640845071 0.777464086
i 0.701235816 0.427318919
i 0.681105568 0.415244948
i 0.721366064 0.415244948
i 0.681105568 0.439392890
i 0.721366064 0.439392890
i 0.701235816 0.475614804
i 0.681105568 0.463540833
i 0.721366064 0.463540833
i 0.681105568 0.487688775
i 0.721366064 0.487688775
i 0.701235816 0.523910689
i 0.681105568 0.511836718
i 0.721366064 0.511836718
i 0.681105568 0.535984660
i 0.721366064 0.535984660
i 0.701235816 0.572206574
i 0.681105568 0.560132603
i 0.721366064 0.560132603
i 0.681105568 0.584280546
i 0.721366064 0.584280546
i 0.701235816 0.620502459
i 0.681105568 0.608428488
i 0.721366064 0.608428488
i 0.681105568 0.632576431
i 0.721366064 0.632576431
i 0.701235816 0.668798344
i 0.681105568 0.656724373
i 0.721366064 0.656724373
i 0.681105568 0.680872316
i 0.721366064 0.680872316
i 0.701235816 0.717094230
i 0.681105568 0.705020258
i 0.721366064 0.705020258
i 0.681105568 0.729168201
i 0.721366064 0.729168201
i 0.701235816 0.765390115
i 0.681105568 0.753316143
i 0.721366064 0.753316143
i 0.681105568 0.777464086
i 0.721366064 0.777464086
i 0.781756809 0.427318919
i 0.761626560 0.415244948
i 0.761626560 0.439392890
i 0.781756809 0.475614804
i 0.761626560 0.463540833
i 0.761626560 0.487688775
i 0.781756809 0.523910689
i 0.761626560 0.511836718
i 0.761626560 0.535984660
i 0.781756809 0.572206574
i 0.761626560 0.560132603
i 0.801887057 0.560132603
i 0.761626560 0.584280546
i 0.801887057 0.584280546
i 0.781756809 0.620502459
i 0.761626560 0.608428488
i 0.801887057 0.608428488
i 0.761626560 0.632576431
i 0.801887057 0.632576431
i 0.781756809 0.668798344
i 0.761626560 0.656724373
i 0.801887057 0.656724373
i 0.761626560 0.680872316
i 0.801887057 0.680872316
i 0.781756809 0.717094230
i 0.761626560 0.705020258
i 0.801887057 0.705020258
i 0.761626560 0.729168201
i 0.801887057 0.729168201
i 0.781756809 0.765390115
i 0.761626560 0.753316143
i 0.801887057 0.753316143
i 0.761626560 0.777464086
i 0.801887057 0.777464086
tris
t 165 163 164
t 165 162 163
t 165 161 162
t 165 160 161
t 165 166 167
t 165 167 168
t 165 168 169
t 165 169 170
t 165 170 171
t 165 171 172
t 165 172 173
t 165 173 174
t 165 174 175
t 165 175 176
t 165 176 177
t 165 177 178
t 165 178 179
t 165 179 180
t 165 180 181
t 165 181 182
t 165 182 183
t 165 183 184
t 165 184 185
t 165 185 186
t 165 559 160
t 165 560 559
t 165 561 560
t 165 562 561
t 165 563 562
t 165 564 563
t 165 565 564
t 165 566 565
t 165 567 566
t 165 568 567
t 165 569 568
t 165 570 569
t 165 571 570
t 165 572 571
t 165 573 572
t 165 574 573
t 165 575 574
t 165 576 575
t 165 577 576
t 165 578 577
t 165 579 578
t 165 580 579
t 165 581 580
t 165 582 581
t 165 583 582
t 165 584 583
t 165 585 584
t 165 586 585
t 165 587 586
t 165 588 587
t 165 589 588
t 165 590 589
t 165 591 590
t 165 592 591
t 165 593 592
t 165 594 593
t 165 595 594
t 165 596 595
t 165 597 596
t 165 598 597
t 165 599 598
t 165 600 599
t 165 601 600
t 165 602 601
t 165 603 602
t 165 604 603
t 165 605 604
t 165 606 605
t 165 607 606
t 165 608 607
t 165 609 608
t 165 610 609
t 165 611 610
t 165 612 611
t 165 613 612
t 165 614 613
t 165 615 614
t 165 616 615
t 165 617 616
t 165 618 617
t 165 619 618
t 165 620 619
t 165 621 620
t 165 622 621
t 165 623 622
t 165 624 623
t 165 625 624
t 165 626 625
t 165 627 626
t 165 628 627
t 165 629 628
t 165 630 629
t 165 631 630
t 165 632 631
t 165 633 632
t 165 634 633
t 165 635 634
t 165 636 635
t 165 637 636
t 165 638 637
t 165 639 638
t 165 640 639
t 165 641 640
t 165 642 641
t 165 186 642
t 160 158 159
t 160 157 158
t 160 156 157
t 160 155 156
t 160 154 155
t 186 187 188
t 186 188 189
t 186 189 190
t 186 190 191
t 186 191 192
t 186 192 193
t 186 193 194
t 186 194 195
t 186 195 0
t 186 0 1
t 186 1 2
t 186 2 3
t 186 3 4
t 186 4 5
t 186 5 6
t 186 6 7
t 186 7 8
t 186 8 9
t 186 9 10
t 186 10 11
t 160 559 154
t 559 560 154
t 560 561 154
t 561 562 154
t 562 563 154
t 563 564 154
t 564 565 154
t 565 566 154
t 566 567 154
t 567 568 154
t 568 569 154
t 569 643 154
t 569 570 643
t 570 644 643
t 570 571 644
t 571 645 644
t 571 572 645
t 572 646 645
t 572 573 646
t 573 647 646
t 573 574 647
t 574 648 647
t 574 575 648
t 575 649 648
t 575 576 649
t 576 650 649
t 576 577 650
t 577 651 650
t 577 578 651
t 578 652 651
t 578 579 652
t 579 653 652
t 579 580 653
t 580 654 653
t 580 581 654
t 581 655 654
t 581 582 655
t 582 656 655
t 582 583 656
t 583 657 656
t 583 584 657
t 584 658 657
t 584 585 658
t 585 659 658
t 585 586 659
t 586 660 659
t 586 587 660
t 587 661 660
t 587 588 661
t 588 662 661
t 588 589 662
t 589 663 662
t 589 590 663
t 590 664 663
t 590 591 664
t 591 665 664
t 591 592 665
t 592 666 665
t 592 593 666
t 593 667 666
t 593 594 667
t 594 668 667
t 594 595 668
t 595 669 668
t 595 596 669
t 596 670 669
t 596 597 670
t 597 671 670
t 597 598 671
t 598 672 671
t 598 599 672
t 599 673 672
t 599 600 673
t 600 674 673
t 600 601 674
t 601 675 674
t 601 602 675
t 602 676 675
t 602 603 676
t 603 677 676
t 603 604 677
t 604 678 677
t 604 605 678
t 605 679 678
t 605 606 679
t 606 680 679
t 606 607 680
t 607 681 680
t 607 608 681
t 608 682 681
t 608 609 682
t 609 683 682
t 609 610 683
t 610 684 683
t 610 611 684
t 611 685 684
t 611 612 685
t 612 686 685
t 612 613 686
t 613 687 686
t 613 614 687
t 614 688 687
t 614 615 688
t 615 689 688
t 615 616 689
t 616 690 689
t 616 617 690
t 617 691 690
t 617 618 691
t 618 692 691
t 618 619 692
t 619 693 692
t 619 620 693
t 620 694 693
t 620 621 694
t 621 695 694
t 621 622 695
t 622 696 695
t 622 623 696
t 623 697 696
t 623 624 697
t 624 698 697
t 624 625 698
t 625 699 698
t 625 626 699
t 626 700 699
t 626 627 700
t 627 701 700
t 627 628 701
t 628 702 701
t 628 629 702
t 629 703 702
t 629 630 703
t 630 704 703
t 630 631 704
t 631 705 704
t 631 632 705
t 632 706 705
t 632 633 706
t 633 707 706
t 633 634 707
t 634 708 707
t 634 635 708
t 635 709 708
t 635 636 709
t 636 710 709
t 636 637 710
t 637 711 710
t 637 638 711
t 638 712 711
t 638 639 712
t 639 713 712
t 639 640 713
t 640 714 713
t 640 641 714
t 641 715 714
t 641 642 715
t 642 716 715
t 642 186 716
t 186 717 716
t 186 718 717
t 186 719 718
t 186 720 719
t 186 721 720
t 186 722 721
t 186 723 722
t 186 724 723
t 186 725 724
t 186 726 725
t 186 727 726
t 186 728 727
t 186 729 728
t 186 730 729
t 186 731 730
t 186 732 731
t 186 733 732
t 186 734 733
t 186 735 734
t 186 736 735
t 186 737 736
t 186 738 737
t 186 739 738
t 186 740 739
t 186 741 740
t 186 742 741
t 186 743 742
t 186 744 743
t 186 745 744
t 186 746 745
t 186 747 746
t 186 748 747
t 186 749 748
t 186 750 749
t 186 751 750
t 186 752 751
t 186 753 752
t 186 754 753
t 186 11 754
t 154 152 153
t 154 151 152
t 154 150 151
t 154 149 150
t 154 148 149
t 154 147 148
t 154 146 147
t 154 145 146
t 154 144 145
t 154 143 144
t 11 12 13
t 11 13 14
t 11 14 15
t 11 15 16
t 11 16 17
t 11 17 18
t 11 18 19
t 11 19 20
t 11 20 21
t 11 21 22
t 154 755 143
t 154 756 755
t 154 757 756
t 154 758 757
t 154 759 758
t 154 643 759
t 643 760 759
t 643 644 760
t 644 761 760
t 644 645 761
t 645 762 761
t 645 646 762
t 646 763 762
t 646 647 763
t 647 764 763
t 647 648 764
t 648 765 764
t 648 649 765
t 649 766 765
t 649 650 766
t 650 767 766
t 650 651 767
t 651 768 767
t 651 652 768
t 652 769 768
t 652 653 769
t 653 770 769
t 653 654 770
t 654 771 770
t 654 655 771
t 655 772 771
t 655 656 772
t 656 773 772
t 656 657 773
t 657 774 773
t 657 658 774
t 658 775 774
t 658 659 775
t 659 776 775
t 659 660 776
t 660 777 776
t 660 661 777
t 661 778 777
t 661 662 778
t 662 779 778
t 662 663 779
t 663 780 779
t 663 664 780
t 664 781 780
t 664 665 781
t 665 782 781
t 665 666 782
t 666 783 782
t 666 667 783
t 667 784 783
t 667 668 784
t 668 785 784
t 668 669 785
t 669 786 785
t 669 670 786
t 670 787 786
t 670 671 787
t 671 788 787
t 671 672 788
t 672 789 788
t 672 673 789
t 673 790 789
t 673 674 790
t 674 791 790
t 674 675 791
t 675 792 791
t 675 676 792
t 676 793 792
t 676 677 793
t 677 794 793
t 677 678 794
t 678 795 794
t 678 679 795
t 679 796 795
t 679 680 796
t 680 797 796
t 680 681 797
t 681 798 797
t 681 682 798
t 682 799 798
t 682 683 799
t 683 800 799
t 683 684 800
t 684 801 800
t 684 685 801
t 685 802 801
t 685 686 802
t 686 803 802
t 686 687 803
t 687 804 803
t 687 688 804
t 688 805 804
t 688 689 805
t 689 806 805
t 689 690 806
t 690 807 806
t 690 691 807
t 691 808 807
t 691 692 808
t 692 809 808
t 692 693 809
t 693 810 809
t 693 694 810
t 694 811 810
t 694 695 811
t 695 812 811
t 695 696 812
t 696 813 812
t 696 697 813
t 697 814 813
t 697 698 814
t 698 815 814
t 698 699 815
t 699 816 815
t 699 700 816
t 700 817 816
t 700 701 817
t 701 818 817
t 701 702 818
t 702 819 818
t 702 703 819
t 703 820 819
t 703 704 820
t 704 821 820
t 704 705 821
t 705 822 821
t 705 706 822
t 706 823 822
t 706 707 823
t 707 824 823
t 707 708 824
t 708 825 824
t 708 709 825
t 709 826 825
t 709 710 826
t 710 827 826
t 710 711 827
t 711 828 827
t 711 712 828
t 712 829 828
t 712 713 829
t 713 830 829
t 713 714 830
t 714 831 830
t 714 715 831
t 715 832 831
t 715 716 832
t 716 833 832
t 716 717 833
t 717 834 833
t 717 718 834
t 718 835 834
t 718 719 835
t 719 836 835
t 719 720 836
t 720 837 836
t 720 721 837
t 721 838 837
t 721 722 838
t 722 839 838
t 722 723 839
t 723 840 839
t 723 724 840
t 724 841 840
t 724 725 841
t 725 842 841
t 725 726 842
t 726 843 842
t 726 727 843
t 727 844 843
t 727 728 844
t 728 845 844
t 728 729 845
t 729 846 845
t 729 730 846
t 730 847 846
t 730 731 847
t 731 848 847
t 731 732 848
t 732 849 848
t 732 733 849
t 733 850 849
t 733 734 850
t 734 851 850
t 734 735 851
t 735 852 851
t 735 736 852
t 736 853 852
t 736 737 853
t 737 854 853
t 737 738 854
t 738 855 854
t 738 739 855
t 739 856 855
t 739 740 856
t 740 857 856
t 740 741 857
t 741 858 857
t 741 742 858
t 742 859 858
t 742 743 859
t 743 860 859
t 743 744 860
t 744 861 860
t 744 745 861
t 745 862 861
t 745 746 862
t 746 863 862
t 746 747 863
t 747 864 863
t 747 748 864
t 748 865 864
t 748 749 865
t 749 866 865
t 749 750 866
t 750 867 866
t 750 751 867
t 751 868 867
t 751 752 868
t 752 869 868
t 752 753 869
t 753 870 869
t 753 754 870
t 754 871 870
t 754 11 871
t 11 872 871
t 11 873 872
t 11 874 873
t 11 875 874
t 11 876 875
t 11 877 876
t 11 878 877
t 11 879 878
t 11 880 879
t 11 881 880
t 11 882 881
t 11 883 882
t 11 22 883
t 143 141 142
t 143 140 141
t 143 139 140
t 143 138 139
t 143 137 138
t 143 136 137
t 143 135 136
t 143 134 135
t 143 133 134
t 143 132 133
t 22 23 24
t 22 24 25
t 22 25 26
t 22 26 27
t 22 27 28
t 22 28 29
t 22 29 30
t 22 30 31
t 22 31 32
t 22 32 33
t 143 755 132
t 755 756 132
t 756 757 132
t 757 758 132
t 758 759 132
t 759 760 132
t 760 761 132
t 761 762 132
t 762 763 132
t 763 764 132
t 764 765 132
t 765 766 132
t 766 767 132
t 767 768 132
t 768 769 132
t 769 770 132
t 770 884 132
t 770 771 884
t 771 885 884
t 771 772 885
t 772 886 885
t 772 773 886
t 773 887 886
t 773 774 887
t 774 888 887
t 774 775 888
t 775 889 888
t 775 776 889
t 776 890 889
t 776 777 890
t 777 891 890
t 777 778 891
t 778 892 891
t 778 779 892
t 779 893 892
t 779 780 893
t 780 894 893
t 780 781 894
t 781 895 894
t 781 782 895
t 782 896 895
t 782 783 896
t 783 897 896
t 783 784 897
t 784 898 897
t 784 785 898
t 785 899 898
t 785 786 899
t 786 900 899
t 786 787 900
t 787 901 900
t 787 788 901
t 788 902 901
t 788 789 902
t 789 903 902
t 789 790 903
t 790 904 903
t 790 791 904
t 791 905 904
t 791 792 905
t 792 906 905
t 792 793 906
t 793 907 906
t 793 794 907
t 794 908 907
t 794 795 908
t 795 909 908
t 795 796 909
t 796 910 909
t 796 797 910
t 797 911 910
t 797 798 911
t 798 912 911
t 798 799 912
t 799 913 912
t 799 800 913
t 800 914 913
t 800 801 914
t 801 915 914
t 801 802 915
t 802 916 915
t 802 803 916
t 803 917 916
t 803 804 917
t 804 918 917
t 804 805 918
t 805 919 918
t 805 806 919
t 806 920 919
t 806 807 920
t 807 921 920
t 807 808 921
t 808 922 921
t 808 809 922
t 809 923 922
t 809 810 923
t 810 924 923
t 810 811 924
t 811 925 924
t 811 812 925
t 812 926 925
t 812 813 926
t 813 927 926
t 813 814 927
t 814 928 927
t 814 815 928
t 815 929 928
t 815 816 929
t 816 930 929
t 816 817 930
t 817 931 930
t 817 818 931
t 818 932 931
t 818 819 932
t 819 933 932
t 819 820 933
t 820 934 933
t 820 821 934
t 821 935 934
t 821 822 935
t 822 936 935
t 822 823 936
t 823 937 936
t 823 824 937
t 824 938 937
t 824 825 938
t 825 939 938
t 825 826 939
t 826 940 939
t 826 827 940
t 827 941 940
t 827 828 941
t 828 942 941
t 828 829 942
t 829 943 942
t 829 830 943
t 830 944 943
t 830 831 944
t 831 945 944
t 831 832 945
t 832 946 945
t 832 833 946
t 833 947 946
t 833 834 947
t 834 948 947
t 834 835 948
t 835 949 948
t 835 836 949
t 836 950 949
t 836 837 950
t 837 951 950
t 837 838 951
t 838 952 951
t 838 839 952
t 839 953 952
t 839 840 953
t 840 954 953
t 840 841 954
t 841 955 954
t 841 842 955
t 842 956 955
t 842 843 956
t 843 957 956
t 843 844 957
t 844 958 957
t 844 845 958
t 845 959 958
t 845 846 959
t 846 960 959
t 846 847 960
t 847 961 960
t 847 848 961
t 848 962 961
t 848 849 962
t 849 963 962
t 849 850 963
t 850 964 963
t 850 851 964
t 851 965 964
t 851 852 965
t 852 966 965
t 852 853 966
t 853 967 966
t 853 854 967
t 854 968 967
t 854 855 968
t 855 969 968
t 855 856 969
t 856 970 969
t 856 857 970
t 857 971 970
t 857 858 971
t 858 972 971
t 858 859 972
t 859 973 972
t 859 860 973
t 860 974 973
t 860 861 974
t 861 975 974
t 861 862 975
t 862 976 975
t 862 863 976
t 863 977 976
t 863 864 977
t 864 978 977
t 864 865 978
t 865 979 978
t 865 866 979
t 866 980 979
t 866 867 980
t 867 981 980
t 867 868 981
t 868 982 981
t 868 869 982
t 869 983 982
t 869 870 983
t 870 984 983
t 870 871 984
t 871 985 984
t 871 872 985
t 872 986 985
t 872 873 986
t 873 987 986
t 873 874 987
t 874 988 987
t 874 875 988
t 875 989 988
t 875 876 989
t 876 990 989
t 876 877 990
t 877 991 990
t 877 878 991
t 878 992 991
t 878 879 992
t 879 993 992
t 879 880 993
t 880 994 993
t 880 881 994
t 881 995 994
t 881 882 995
t 882 996 995
t 882 883 996
t 883 997 996
t 883 22 997
t 22 998 997
t 22 999 998
t 22 1000 999
t 22 1001 1000
t 22 1002 1001
t 22 1003 1002
t 22 1004 1003
t 22 1005 1004
t 22 1006 1005
t 22 1007 1006
t 22 1008 1007
t 22 33 1008
t 132 130 131
t 132 129 130
t 132 128 129
t 132 127 128
t 132 126 127
t 132 125 126
t 132 124 125
t 132 123 124
t 132 122 123
t 132 121 122
t 33 34 35
t 33 35 36
t 33 36 37
t 33 37 38
t 33 38 39
t 33 39 40
t 33 40 41
t 33 41 42
t 33 42 43
t 33 43 44
t 132 1009 121
t 132 1010 1009
t 132 1011 1010
t 132 1012 1011
t 132 1013 1012
t 132 1014 1013
t 132 1015 1014
t 132 1016 1015
t 132 1017 1016
t 132 1018 1017
t 132 1019 1018
t 132 1020 1019
t 132 1021 1020
t 132 1022 1021
t 132 1023 1022
t 132 1024 1023
t 132 1025 1024
t 132 1026 1025
t 132 1027 1026
t 132 1028 1027
t 132 1029 1028
t 132 1030 1029
t 132 1031 1030
t 132 1032 1031
t 132 1033 1032
t 132 1034 1033
t 132 884 1034
t 884 1035 1034
t 884 885 1035
t 885 1036 1035
t 885 886 1036
t 886 1037 1036
t 886 887 1037
t 887 1038 1037
t 887 888 1038
t 888 1039 1038
t 888 889 1039
t 889 1040 1039
t 889 890 1040
t 890 1041 1040
t 890 891 1041
t 891 1042 1041
t 891 892 1042
t 892 1043 1042
t 892 893 1043
t 893 1044 1043
t 893 894 1044
t 894 1045 1044
t 894 895 1045
t 895 1046 1045
t 895 896 1046
t 896 1047 1046
t 896 897 1047
t 897 1048 1047
t 897 898 1048
t 898 1049 1048
t 898 899 1049
t 899 1050 1049
t 899 900 1050
t 900 1051 1050
t 900 901 1051
t 901 1052 1051
t 901 902 1052
t 902 1053 1052
t 902 903 1053
t 903 1054 1053
t 903 904 1054
t 904 1055 1054
t 904 905 1055
t 905 1056 1055
t 905 906 1056
t 906 1057 1056
t 906 907 1057
t 907 1058 1057
t 907 908 1058
t 908 1059 1058
t 908 909 1059
t 909 1060 1059
t 909 910 1060
t 910 1061 1060
t 910 911 1061
t 911 1062 1061
t 911 912 1062
t 912 1063 1062
t 912 913 1063
t 913 1064 1063
t 913 914 1064
t 914 1065 1064
t 914 915 1065
t 915 1066 1065
t 915 916 1066
t 916 1067 1066
t 916 917 1067
t 917 1068 1067
t 917 918 1068
t 918 1069 1068
t 918 919 1069
t 919 1070 1069
t 919 920 1070
t 920 1071 1070
t 920 921 1071
t 921 1072 1071
t 921 922 1072
t 922 1073 1072
t 922 923 1073
t 923 1074 1073
t 923 924 1074
t 924 1075 1074
t 924 925 1075
t 925 1076 1075
t 925 926 1076
t 926 1077 1076
t 926 927 1077
t 927 1078 1077
t 927 928 1078
t 928 1079 1078
t 928 929 1079
t 929 1080 1079
t 929 930 1080
t 930 1081 1080
t 930 931 1081
t 931 1082 1081
t 931 932 1082
t 932 1083 1082
t 932 933 1083
t 933 1084 1083
t 933 934 1084
t 934 1085 1084
t 934 935 1085
t 935 1086 1085
t 935 936 1086
t 936 1087 1086
t 936 937 1087
t 937 1088 1087
t 937 938 1088
t 938 1089 1088
t 938 939 1089
t 939 1090 1089
t 939 940 1090
t 940 1091 1090
t 940 941 1091
t 941 1092 1091
t 941 942 1092
t 942 1093 1092
t 942 943 1093
t 943 1094 1093
t 943 944 1094
t 944 1095 1094
t 944 945 1095
t 945 1096 1095
t 945 946 1096
t 946 1097 1096
t 946 947 1097
t 947 1098 1097
t 947 948 1098
t 948 1099 1098
t 948 949 1099
t 949 1100 1099
t 949 950 1100
t 950 1101 1100
t 950 951 1101
t 951 1102 1101
t 951 952 1102
t 952 1103 1102
t 952 953 1103
t 953 1104 1103
t 953 954 1104
t 954 1105 1104
t 954 955 1105
t 955 1106 1105
t 955 956 1106
t 956 1107 1106
t 956 957 1107
t 957 1108 1107
t 957 958 1108
t 958 1109 1108
t 958 959 1109
t 959 1110 1109
t 959 960 1110
t 960 1111 1110
t 960 961 1111
t 961 1112 1111
t 961 962 1112
t 962 1113 1112
t 962 963 1113
t 963 1114 1113
t 963 964 1114
t 964 1115 1114
t 964 965 1115
t 965 1116 1115
t 965 966 1116
t 966 1117 1116
t 966 967 1117
t 967 1118 1117
t 967 968 1118
t 968 1119 1118
t 968 969 1119
t 969 1120 1119
t 969 970 1120
t 970 1121 1120
t 970 971 1121
t 971 1122 1121
t 971 972 1122
t 972 1123 1122
t 972 973 1123
t 973 1124 1123
t 973 974 1124
t 974 1125 1124
t 974 975 1125
t 975 1126 1125
t 975 976 1126
t 976 1127 1126
t 976 977 1127
t 977 1128 1127
t 977 978 1128
t 978 1129 1128
t 978 979 1129
t 979 1130 1129
t 979 980 1130
t 980 1131 1130
t 980 981 1131
t 981 1132 1131
t 981 982 1132
t 982 1133 1132
t 982 983 1133
t 983 1134 1133
t 983 984 1134
t 984 1135 1134
t 984 985 1135
t 985 1136 1135
t 985 986 1136
t 986 1137 1136
t 986 987 1137
t 987 1138 1137
t 987 988 1138
t 988 1139 1138
t 988 989 1139
t 989 1140 1139
t 989 990 1140
t 990 1141 1140
t 990 991 1141
t 991 1142 1141
t 991 992 1142
t 992 1143 1142
t 992 993 1143
t 993 1144 1143
t 993 994 1144
t 994 1145 1144
t 994 995 1145
t 995 1146 1145
t 995 996 1146
t 996 1147 1146
t 996 997 1147
t 997 1148 1147
t 997 998 1148
t 998 1149 1148
t 998 999 1149
t 999 1150 1149
t 999 1000 1150
t 1000 1151 1150
t 1000 1001 1151
t 1001 1152 1151
t 1001 1002 1152
t 1002 1153 1152
t 1002 1003 1153
t 1003 1154 1153
t 1003 1004 1154
t 1004 1155 1154
t 1004 1005 1155
t 1005 1156 1155
t 1005 1006 1156
t 1006 1157 1156
t 1006 1007 1157
t 1007 1158 1157
t 1007 1008 1158
t 1008 1159 1158
t 1008 33 1159
t 33 1160 1159
t 33 1161 1160
t 33 1162 1161
t 33 1163 1162
t 33 1164 1163
t 33 1165 1164
t 33 1166 1165
t 33 1167 1166
t 33 1168 1167
t 33 1169 1168
t 33 1170 1169
t 33 1171 1170
t 33 44 1171
t 121 119 120
t 121 118 119
t 121 117 118
t 121 116 117
t 121 115 116
t 121 114 115
t 121 113 114
t 121 112 113
t 121 111 112
t 121 110 111
t 121 109 110
t 121 108 109
t 121 107 108
t 121 106 107
t 121 105 106
t 121 104 105
t 121 103 104
t 121 102 103
t 121 101 102
t 121 100 101
t 121 99 100
t 121 98 99
t 121 97 98
t 121 96 97
t 121 95 96
t 121 94 95
t 121 93 94
t 121 92 93
t 121 91 92
t 121 90 91
t 121 89 90
t 121 88 89
t 44 45 46
t 44 46 47
t 44 47 48
t 44 48 49
t 121 1009 88
t 1009 1010 88
t 1010 1011 88
t 1011 1012 88
t 1012 1013 88
t 1013 1014 88
t 1014 1015 88
t 1015 1016 88
t 1016 1017 88
t 1017 1018 88
t 1018 1019 88
t 1019 1020 88
t 1020 1021 88
t 1021 1022 88
t 1022 1023 88
t 1023 1024 88
t 1024 1025 88
t 1025 1026 88
t 1026 1027 88
t 1027 1028 88
t 1028 1029 88
t 1029 1030 88
t 1030 1031 88
t 1031 1032 88
t 1032 1033 88
t 1033 1034 88
t 1034 1035 88
t 1035 1036 88
t 1036 1037 88
t 1037 1038 88
t 1038 1039 88
t 1039 1040 88
t 1040 1041 88
t 1041 1042 88
t 1042 1043 88
t 1043 1044 88
t 1044 1045 88
t 1045 1046 88
t 1046 1047 88
t 1047 1048 88
t 1048 1049 88
t 1049 1050 88
t 1050 1051 88
t 1051 1052 88
t 1052 1053 88
t 1053 1054 88
t 1054 1055 88
t 1055 1056 88
t 1056 1057 88
t 1057 1058 88
t 1058 1059 88
t 1059 1060 88
t 1060 1061 88
t 1061 1062 88
t 1062 1063 88
t 1063 1064 88
t 1064 1065 88
t 1065 1066 88
t 1066 1067 88
t 1067 1068 88
t 1068 1069 88
t 1069 1070 88
t 1070 1071 88
t 1071 1072 88
t 1072 1073 88
t 1073 1074 88
t 1074 1075 88
t 1075 1076 88
t 1076 1077 88
t 1077 1078 88
t 1078 1079 88
t 1079 1172 88
t 1079 1080 1172
t 1080 1173 1172
t 1080 1081 1173
t 1081 1174 1173
t 1081 1082 1174
t 1082 1175 1174
t 1082 1083 1175
t 1083 1176 1175
t 1083 1084 1176
t 1084 1177 1176
t 1084 1085 1177
t 1085 1178 1177
t 1085 1086 1178
t 1086 1179 1178
t 1086 1087 1179
t 1087 1180 1179
t 1087 1088 1180
t 1088 1181 1180
t 1088 1089 1181
t 1089 1182 1181
t 1089 1090 1182
t 1090 1183 1182
t 1090 1091 1183
t 1091 1184 1183
t 1091 1092 1184
t 1092 1185 1184
t 1092 1093 1185
t 1093 1186 1185
t 1093 1094 1186
t 1094 1187 1186
t 1094 1095 1187
t 1095 1188 1187
t 1095 1096 1188
t 1096 1189 1188
t 1096 1097 1189
t 1097 1190 1189
t 1097 1098 1190
t 1098 1191 1190
t 1098 1099 1191
t 1099 1192 1191
t 1099 1100 1192
t 1100 1193 1192
t 1100 1101 1193
t 1101 1194 1193
t 1101 1102 1194
t 1102 1195 1194
t 1102 1103 1195
t 1103 1196 1195
t 1103 1104 1196
t 1104 1197 1196
t 1104 1105 1197
t 1105 1198 1197
t 1105 1106 1198
t 1106 1199 1198
t 1106 1107 1199
t 1107 1200 1199
t 1107 1108 1200
t 1108 1201 1200
t 1108 1109 1201
t 1109 1202 1201
t 1109 1110 1202
t 1110 1203 1202
t 1110 1111 1203
t 1111 1204 1203
t 1111 1112 1204
t 1112 1205 1204
t 1112 1113 1205
t 1113 1206 1205
t 1113 1114 1206
t 1114 1207 1206
t 1114 1115 1207
t 1115 1208 1207
t 1115 1116 1208
t 1116 1209 1208
t 1116 1117 1209
t 1117 1210 1209
t 1117 1118 1210
t 1118 1211 1210
t 1118 1119 1211
t 1119 1212 1211
t 1119 1120 1212
t 1120 1213 1212
t 1120 1121 1213
t 1121 1214 1213
t 1121 1122 1214
t 1122 1215 1214
t 1122 1123 1215
t 1123 1216 1215
t 1123 1124 1216
t 1124 1217 1216
t 1124 1125 1217
t 1125 1218 1217
t 1125 1126 1218
t 1126 1219 1218
t 1126 1127 1219
t 1127 1220 1219
t 1127 1128 1220
t 1128 1221 1220
t 1128 1129 1221
t 1129 1222 1221
t 1129 1130 1222
t 1130 1223 1222
t 1130 1131 1223
t 1131 1224 1223
t 1131 1132 1224
t 1132 1225 1224
t 1132 1133 1225
t 1133 1226 1225
t 1133 1134 1226
t 1134 1227 1226
t 1134 1135 1227
t 1135 1228 1227
t 1135 1136 1228
t 1136 1229 1228
t 1136 1137 1229
t 1137 1230 1229
t 1137 1138 1230
t 1138 1231 1230
t 1138 1139 1231
t 1139 1232 1231
t 1139 1140 1232
t 1140 1233 1232
t 1140 1141 1233
t 1141 1234 1233
t 1141 1142 1234
t 1142 1235 1234
t 1142 1143 1235
t 1143 1236 1235
t 1143 1144 1236
t 1144 1237 1236
t 1144 1145 1237
t 1145 1238 1237
t 1145 1146 1238
t 1146 1239 1238
t 1146 1147 1239
t 1147 1240 1239
t 1147 1148 1240
t 1148 1241 1240
t 1148 1149 1241
t 1149 1242 1241
t 1149 1150 1242
t 1150 1243 1242
t 1150 1151 1243
t 1151 1244 1243
t 1151 1152 1244
t 1152 1245 1244
t 1152 1153 1245
t 1153 1246 1245
t 1153 1154 1246
t 1154 1247 1246
t 1154 1155 1247
t 1155 1248 1247
t 1155 1156 1248
t 1156 1249 1248
t 1156 1157 1249
t 1157 1250 1249
t 1157 1158 1250
t 1158 1251 1250
t 1158 1159 1251
t 1159 1252 1251
t 1159 1160 1252
t 1160 1253 1252
t 1160 1161 1253
t 1161 1254 1253
t 1161 1162 1254
t 1162 1255 1254
t 1162 1163 1255
t 1163 1256 1255
t 1163 1164 1256
t 1164 1257 1256
t 1164 1165 1257
t 1165 1258 1257
t 1165 1166 1258
t 1166 1259 1258
t 1166 1167 1259
t 1167 1260 1259
t 1167 1168 1260
t 1168 1261 1260
t 1168 1169 1261
t 1169 1262 1261
t 1169 1170 1262
t 1170 1263 1262
t 1170 1171 1263
t 1171 1264 1263
t 1171 44 1264
t 44 1265 1264
t 44 1266 1265
t 44 1267 1266
t 44 1268 1267
t 44 1269 1268
t 44 49 1269
t 88 86 87
t 88 85 86
t 88 84 85
t 88 83 84
t 88 82 83
t 88 81 82
t 88 80 81
t 88 79 80
t 88 78 79
t 88 77 78
t 88 76 77
t 88 75 76
t 88 74 75
t 88 73 74
t 88 72 73
t 88 71 72
t 88 70 71
t 88 69 70
t 88 68 69
t 88 67 68
t 88 66 67
t 88 65 66
t 88 64 65
t 88 63 64
t 88 62 63
t 88 61 62
t 88 60 61
t 88 59 60
t 88 58 59
t 88 57 58
t 88 56 57
t 88 55 56
t 49 50 51
t 49 51 52
t 49 52 53
t 49 53 54
t 49 54 55
t 88 1172 55
t 1172 1173 55
t 1173 1174 55
t 1174 1175 55
t 1175 1176 55
t 1176 1177 55
t 1177 1178 55
t 1178 1179 55
t 1179 1180 55
t 1180 1181 55
t 1181 1182 55
t 1182 1183 55
t 1183 1184 55
t 1184 1185 55
t 1185 1186 55
t 1186 1187 55
t 1187 1188 55
t 1188 1189 55
t 1189 1190 55
t 1190 1191 55
t 1191 1192 55
t 1192 1193 55
t 1193 1194 55
t 1194 1195 55
t 1195 1196 55
t 1196 1197 55
t 1197 1198 55
t 1198 1199 55
t 1199 1200 55
t 1200 1201 55
t 1201 1202 55
t 1202 1203 55
t 1203 1204 55
t 1204 1205 55
t 1205 1206 55
t 1206 1207 55
t 1207 1208 55
t 1208 1209 55
t 1209 1210 55
t 1210 1211 55
t 1211 1212 55
t 1212 1213 55
t 1213 1214 55
t 1214 1215 55
t 1215 1216 55
t 1216 1217 55
t 1217 1218 55
t 1218 1219 55
t 1219 1220 55
t 1220 1221 55
t 1221 1222 55
t 1222 1223 55
t 1223 1224 55
t 1224 1225 55
t 1225 1226 55
t 1226 1227 55
t 1227 1228 55
t 1228 1229 55
t 1229 1230 55
t 1230 1231 55
t 1231 1232 55
t 1232 1233 55
t 1233 1234 55
t 1234 1235 55
t 1235 1236 55
t 1236 1237 55
t 1237 1238 55
t 1238 1239 55
t 1239 1240 55
t 1240 1241 55
t 1241 1242 55
t 1242 1243 55
t 1243 1244 55
t 1244 1245 55
t 1245 1246 55
t 1246 1247 55
t 1247 1248 55
t 1248 1249 55
t 1249 1250 55
t 1250 1251 55
t 1251 1252 55
t 1252 1253 55
t 1253 1254 55
t 1254 1255 55
t 1255 1256 55
t 1256 1257 55
t 1257 1258 55
t 1258 1259 55
t 1259 1260 55
t 1260 1261 55
t 1261 1262 55
t 1262 1263 55
t 1263 1264 55
t 1264 1265 55
t 1265 1266 55
t 1266 1267 55
t 1267 1268 55
t 1268 1269 55
t 1269 49 55
