type=Cylinder forward=false n_boundary=143 n_holes=0 n_interior=11 n_tris=141 label=brep47598_f11_Cylinder
boundary
b 5.514521410 0.266525524
b 5.492703705 0.266840426
b 5.471219477 0.267160206
b 5.450072368 0.267483001
b 5.429267016 0.267806946
b 5.408809021 0.268130176
b 5.388704887 0.268450828
b 5.368956352 0.268767309
b 5.349550286 0.269078776
b 5.330471485 0.269384516
b 5.311705371 0.269683813
b 5.293238041 0.269975953
b 5.275056303 0.270260223
b 5.257147722 0.270535909
b 5.239502918 0.270802410
b 5.222117540 0.271059342
b 5.204988158 0.271306350
b 5.188111743 0.271543074
b 5.171485670 0.271769157
b 5.155107723 0.271984241
b 5.138976075 0.272187972
b 5.123088358 0.272380139
b 5.107441252 0.272560734
b 5.092031676 0.272729761
b 5.076856887 0.272887225
b 5.061914485 0.273033132
b 5.047202412 0.273167488
b 5.032718867 0.273290301
b 5.018460389 0.273401680
b 5.004421781 0.273501834
b 4.990597981 0.273590975
b 4.976984160 0.273669315
b 4.963575725 0.273737066
b 4.950368332 0.273794442
b 4.937357871 0.273841656
b 4.924540341 0.273878958
b 4.911911816 0.273906620
b 4.899468533 0.273924916
b 4.887206892 0.273934119
b 4.875123467 0.273934504
b 4.863215005 0.273926343
b 4.851478211 0.273909907
b 4.839908050 0.273885451
b 4.828498611 0.273853219
b 4.817244078 0.273813455
b 4.806138743 0.273766404
b 4.795177009 0.273712309
b 4.784353402 0.273651415
b 4.773663336 0.273583970
b 4.763106793 0.273510242
b 4.752685464 0.273430505
b 4.742401122 0.273345034
b 4.732255624 0.273254104
b 4.722250905 0.273157990
b 4.712388980 0.273056966
b 4.712388980 0.250000000
b 4.763059830 0.250000000
b 4.813730679 0.250000000
b 4.864401528 0.250000000
b 4.915072377 0.250000000
b 4.965743227 0.250000000
b 5.016414076 0.250000000
b 5.067084925 0.250000000
b 5.117755774 0.250000000
b 5.168426624 0.250000000
b 5.219097473 0.250000000
b 5.269768322 0.250000000
b 5.320439171 0.250000000
b 5.371110021 0.250000000
b 5.421780870 0.250000000
b 5.472451719 0.250000000
b 5.523122568 0.250000000
b 5.573793418 0.250000000
b 5.624464267 0.250000000
b 5.675135116 0.250000000
b 5.725805965 0.250000000
b 5.776476815 0.250000000
b 5.827147664 0.250000000
b 5.877818513 0.250000000
b 5.928489362 0.250000000
b 5.979160212 0.250000000
b 6.029831061 0.250000000
b 6.080501910 0.250000000
b 6.131172759 0.250000000
b 6.181843609 0.250000000
b 6.232514458 0.250000000
b 6.283185307 0.250000000
b 6.283185307 0.271073617
b 6.272924329 0.270740459
b 6.262558889 0.270412465
b 6.252090320 0.270089885
b 6.241519900 0.269772972
b 6.230848851 0.269461974
b 6.220078336 0.269157142
b 6.209209458 0.268858728
b 6.198243259 0.268566982
b 6.187180719 0.268282153
b 6.176022752 0.268004494
b 6.164770205 0.267734254
b 6.153423239 0.267471673
b 6.141979461 0.267216944
b 6.130435747 0.266970250
b 6.118788870 0.266731773
b 6.107035493 0.266501696
b 6.095172182 0.266280200
b 6.083195400 0.266067469
b 6.071101519 0.265863684
b 6.058886816 0.265669028
b 6.046547488 0.265483684
b 6.034079647 0.265307833
b 6.021479915 0.265141667
b 6.008747150 0.264985414
b 5.995880657 0.264839310
b 5.982879599 0.264703591
b 5.969742999 0.264578494
b 5.956469739 0.264464255
b 5.943058557 0.264361112
b 5.929508054 0.264269300
b 5.915816689 0.264189055
b 5.901982785 0.264120615
b 5.888004527 0.264064215
b 5.873879692 0.264020090
b 5.859604764 0.263988463
b 5.845175699 0.263969553
b 5.830588193 0.263963582
b 5.815837684 0.263970769
b 5.800919362 0.263991335
b 5.785828170 0.264025501
b 5.770558820 0.264073486
b 5.755105792 0.264135512
b 5.739463353 0.264211797
b 5.723625563 0.264302564
b 5.707587877 0.264407955
b 5.691351877 0.264527805
b 5.674920440 0.264661875
b 5.658296130 0.264809922
b 5.641481187 0.264971705
b 5.624477516 0.265146984
b 5.607286673 0.265335517
b 5.589909859 0.265537063
b 5.572347902 0.265751381
b 5.554601257 0.265978229
b 5.536669989 0.266217367
interior
i 4.843288674 0.261967252
i 4.974188368 0.261967252
i 5.105088062 0.261967252
i 5.235987756 0.261967252
i 5.366887450 0.261967252
i 5.497787144 0.261967252
i 5.628686838 0.261967252
i 5.759586532 0.261967252
i 5.890486225 0.261967252
i 6.021385919 0.261967252
i 6.152285613 0.261967252
tris
t 55 53 54
t 55 52 53
t 55 51 52
t 55 50 51
t 55 56 50
t 56 49 50
t 56 48 49
t 56 47 48
t 56 46 47
t 56 45 46
t 56 57 45
t 57 44 45
t 57 43 44
t 57 42 43
t 57 41 42
t 57 40 41
t 57 58 40
t 58 39 40
t 58 38 39
t 58 37 38
t 58 36 37
t 58 59 36
t 59 35 36
t 59 34 35
t 59 33 34
t 59 32 33
t 59 60 32
t 60 31 32
t 60 30 31
t 60 29 30
t 60 61 29
t 61 28 29
t 61 27 28
t 61 26 27
t 61 25 26
t 61 62 25
t 62 24 25
t 62 23 24
t 62 22 23
t 62 63 22
t 63 21 22
t 63 20 21
t 63 19 20
t 63 64 19
t 64 18 19
t 64 17 18
t 64 16 17
t 64 65 16
t 65 15 16
t 65 14 15
t 65 13 14
t 65 66 13
t 66 12 13
t 66 11 12
t 66 10 11
t 66 67 10
t 67 9 10
t 67 8 9
t 67 7 8
t 67 68 7
t 68 6 7
t 68 5 6
t 68 69 5
t 69 4 5
t 69 3 4
t 69 2 3
t 69 70 2
t 70 1 2
t 70 0 1
t 70 71 0
t 71 142 0
t 71 141 142
t 71 140 141
t 71 72 140
t 72 139 140
t 72 138 139
t 72 73 138
t 73 137 138
t 73 136 137
t 73 135 136
t 73 134 135
t 73 74 134
t 74 133 134
t 74 132 133
t 74 131 132
t 74 75 131
t 75 130 131
t 75 129 130
t 75 128 129
t 75 76 128
t 76 127 128
t 76 126 127
t 76 125 126
t 76 77 125
t 77 124 125
t 77 123 124
t 77 122 123
t 77 121 122
t 77 78 121
t 78 120 121
t 78 119 120
t 78 118 119
t 78 79 118
t 79 117 118
t 79 116 117
t 79 115 116
t 79 114 115
t 79 80 114
t 80 113 114
t 80 112 113
t 80 111 112
t 80 110 111
t 80 81 110
t 81 109 110
t 81 108 109
t 81 107 108
t 81 106 107
t 81 82 106
t 82 105 106
t 82 104 105
t 82 103 104
t 82 102 103
t 82 101 102
t 82 83 101
t 83 100 101
t 83 99 100
t 83 98 99
t 83 97 98
t 83 84 97
t 84 96 97
t 84 95 96
t 84 94 95
t 84 93 94
t 84 92 93
t 84 85 92
t 85 91 92
t 85 90 91
t 85 89 90
t 85 88 89
t 85 86 88
t 86 87 88
