type=Torus forward=false n_boundary=179 n_holes=0 n_interior=479 n_tris=1027 label=brep62542_f247_Torus
boundary
b 4.710818079 0.340109971
b 4.733049584 0.342154667
b 4.755247583 0.343715170
b 4.777413508 0.344796761
b 4.799548881 0.345404664
b 4.821655315 0.345544030
b 4.843734510 0.345219916
b 4.865788245 0.344437270
b 4.887818380 0.343200930
b 4.909826847 0.341515611
b 4.931815648 0.339385914
b 4.953786851 0.336816328
b 4.975741143 0.333812253
b 4.997673523 0.330383254
b 5.019577663 0.326540338
b 5.041447394 0.322294980
b 5.063276747 0.317659096
b 5.085059992 0.312645013
b 5.106791671 0.307265433
b 5.128466640 0.301533384
b 5.150080100 0.295462171
b 5.171627630 0.289065313
b 5.193105216 0.282356487
b 5.214510224 0.275350051
b 5.235844172 0.268062755
b 5.257109755 0.260511862
b 5.278309871 0.252714540
b 5.299447629 0.244687850
b 5.320526347 0.236448739
b 5.341549553 0.228014035
b 5.362520984 0.219400430
b 5.383444586 0.210624481
b 5.404324518 0.201702593
b 5.425165149 0.192651014
b 5.445970192 0.183486485
b 5.466739999 0.174228362
b 5.487474024 0.164896919
b 5.508171686 0.155512692
b 5.528832398 0.146096428
b 5.549455584 0.136669038
b 5.570040705 0.127251537
b 5.590587282 0.117864996
b 5.611094919 0.108530483
b 5.631563320 0.099269014
b 5.651992317 0.090101505
b 5.672382353 0.081047612
b 5.692735728 0.072122508
b 5.713054936 0.063340443
b 5.733342161 0.054715869
b 5.753599303 0.046263418
b 5.773827984 0.037997881
b 5.794029563 0.029934184
b 5.814205155 0.022087364
b 5.834355643 0.014472543
b 5.854481694 0.007104910
b 5.874583775 -0.000000303
b 5.887713795 -0.000000000
b 5.900843815 -0.000000000
b 5.913973836 -0.000000000
b 5.927103856 -0.000000000
b 5.940233876 -0.000000000
b 5.953363897 -0.000000000
b 5.966493917 -0.000000000
b 5.979623937 -0.000000000
b 5.992753958 -0.000000000
b 6.005883978 -0.000000000
b 6.019013999 -0.000000000
b 6.032144019 -0.000000000
b 6.045274039 -0.000000000
b 6.058404060 -0.000000000
b 6.071534080 -0.000000000
b 6.084664100 -0.000000000
b 6.097794121 -0.000000000
b 6.110924141 -0.000000000
b 6.124054162 -0.000000000
b 6.137184182 -0.000000000
b 6.150314202 -0.000000000
b 6.163444223 -0.000000000
b 6.176574243 -0.000000000
b 6.189704263 -0.000000000
b 6.202834284 -0.000000000
b 6.215964304 -0.000000000
b 6.229094325 -0.000000000
b 6.242224345 -0.000000000
b 6.255354365 -0.000000000
b 6.268484386 -0.000000000
b 6.281614406 -0.000000000
b 6.281614406 0.050670849
b 6.281614406 0.101341699
b 6.281614406 0.152012548
b 6.281614406 0.202683397
b 6.281614406 0.253354246
b 6.281614406 0.304025096
b 6.281614406 0.354695945
b 6.281614406 0.405366794
b 6.281614406 0.456037643
b 6.281614406 0.506708493
b 6.281614406 0.557379342
b 6.281614406 0.608050191
b 6.281614406 0.658721040
b 6.281614406 0.709391890
b 6.281614406 0.760062739
b 6.281614406 0.810733588
b 6.281614406 0.861404437
b 6.281614406 0.912075287
b 6.281614406 0.962746136
b 6.281614406 1.013416985
b 6.281614406 1.064087834
b 6.281614406 1.114758684
b 6.281614406 1.165429533
b 6.281614406 1.216100382
b 6.281614406 1.266771231
b 6.281614406 1.317442081
b 6.281614406 1.368112930
b 6.281614406 1.418783779
b 6.281614406 1.469454628
b 6.281614406 1.520125478
b 6.281614406 1.570796327
b 6.230943557 1.570796327
b 6.180272707 1.570796327
b 6.129601858 1.570796327
b 6.078931009 1.570796327
b 6.028260160 1.570796327
b 5.977589310 1.570796327
b 5.926918461 1.570796327
b 5.876247612 1.570796327
b 5.825576763 1.570796327
b 5.774905913 1.570796327
b 5.724235064 1.570796327
b 5.673564215 1.570796327
b 5.622893366 1.570796327
b 5.572222516 1.570796327
b 5.521551667 1.570796327
b 5.470880818 1.570796327
b 5.420209969 1.570796327
b 5.369539119 1.570796327
b 5.318868270 1.570796327
b 5.268197421 1.570796327
b 5.217526572 1.570796327
b 5.166855722 1.570796327
b 5.116184873 1.570796327
b 5.065514024 1.570796327
b 5.014843175 1.570796327
b 4.964172325 1.570796327
b 4.913501476 1.570796327
b 4.862830627 1.570796327
b 4.812159778 1.570796327
b 4.761488928 1.570796327
b 4.710818079 1.570796327
b 4.710818079 1.531096767
b 4.710818079 1.491397207
b 4.710818079 1.451697647
b 4.710818079 1.411998087
b 4.710818079 1.372298528
b 4.710818079 1.332598968
b 4.710818079 1.292899408
b 4.710818079 1.253199848
b 4.710818079 1.213500288
b 4.710818079 1.173800728
b 4.710818079 1.134101168
b 4.710818079 1.094401609
b 4.710818079 1.054702049
b 4.710818079 1.015002489
b 4.710818079 0.975302929
b 4.710818079 0.935603369
b 4.710818079 0.895903809
b 4.710818079 0.856204249
b 4.710818079 0.816504690
b 4.710818079 0.776805130
b 4.710818079 0.737105570
b 4.710818079 0.697406010
b 4.710818079 0.657706450
b 4.710818079 0.618006890
b 4.710818079 0.578307330
b 4.710818079 0.538607771
b 4.710818079 0.498908211
b 4.710818079 0.459208651
b 4.710818079 0.419509091
b 4.710818079 0.379809531
interior
i 5.758015630 0.065449557
i 5.823465477 0.065449557
i 5.888915324 0.065449557
i 5.954365171 0.065449557
i 6.019815018 0.065449557
i 6.085264865 0.065449557
i 6.150714712 0.065449557
i 6.216164559 0.065449557
i 5.627115937 0.130899416
i 5.692565783 0.130899416
i 5.758015630 0.130899416
i 5.823465477 0.130899416
i 5.888915324 0.130899416
i 5.954365171 0.130899416
i 6.019815018 0.130899416
i 6.085264865 0.130899416
i 6.150714712 0.130899416
i 6.216164559 0.130899416
i 5.430766396 0.196349276
i 5.496216243 0.196349276
i 5.561666090 0.196349276
i 5.627115937 0.196349276
i 5.692565783 0.196349276
i 5.758015630 0.196349276
i 5.823465477 0.196349276
i 5.888915324 0.196349276
i 5.954365171 0.196349276
i 6.019815018 0.196349276
i 6.085264865 0.196349276
i 6.150714712 0.196349276
i 6.216164559 0.196349276
i 5.299866702 0.261799135
i 5.365316549 0.261799135
i 5.430766396 0.261799135
i 5.496216243 0.261799135
i 5.561666090 0.261799135
i 5.627115937 0.261799135
i 5.692565783 0.261799135
i 5.758015630 0.261799135
i 5.823465477 0.261799135
i 5.888915324 0.261799135
i 5.954365171 0.261799135
i 6.019815018 0.261799135
i 6.085264865 0.261799135
i 6.150714712 0.261799135
i 6.216164559 0.261799135
i 5.038067314 0.327248995
i 5.103517161 0.327248995
i 5.168967008 0.327248995
i 5.234416855 0.327248995
i 5.299866702 0.327248995
i 5.365316549 0.327248995
i 5.430766396 0.327248995
i 5.496216243 0.327248995
i 5.561666090 0.327248995
i 5.627115937 0.327248995
i 5.692565783 0.327248995
i 5.758015630 0.327248995
i 5.823465477 0.327248995
i 5.888915324 0.327248995
i 5.954365171 0.327248995
i 6.019815018 0.327248995
i 6.085264865 0.327248995
i 6.150714712 0.327248995
i 6.216164559 0.327248995
i 4.776267926 0.392698855
i 4.841717773 0.392698855
i 4.907167620 0.392698855
i 4.972617467 0.392698855
i 5.038067314 0.392698855
i 5.103517161 0.392698855
i 5.168967008 0.392698855
i 5.234416855 0.392698855
i 5.299866702 0.392698855
i 5.365316549 0.392698855
i 5.430766396 0.392698855
i 5.496216243 0.392698855
i 5.561666090 0.392698855
i 5.627115937 0.392698855
i 5.692565783 0.392698855
i 5.758015630 0.392698855
i 5.823465477 0.392698855
i 5.888915324 0.392698855
i 5.954365171 0.392698855
i 6.019815018 0.392698855
i 6.085264865 0.392698855
i 6.150714712 0.392698855
i 6.216164559 0.392698855
i 4.776267926 0.458148714
i 4.841717773 0.458148714
i 4.907167620 0.458148714
i 4.972617467 0.458148714
i 5.038067314 0.458148714
i 5.103517161 0.458148714
i 5.168967008 0.458148714
i 5.234416855 0.458148714
i 5.299866702 0.458148714
i 5.365316549 0.458148714
i 5.430766396 0.458148714
i 5.496216243 0.458148714
i 5.561666090 0.458148714
i 5.627115937 0.458148714
i 5.692565783 0.458148714
i 5.758015630 0.458148714
i 5.823465477 0.458148714
i 5.888915324 0.458148714
i 5.954365171 0.458148714
i 6.019815018 0.458148714
i 6.085264865 0.458148714
i 6.150714712 0.458148714
i 6.216164559 0.458148714
i 4.776267926 0.523598574
i 4.841717773 0.523598574
i 4.907167620 0.523598574
i 4.972617467 0.523598574
i 5.038067314 0.523598574
i 5.103517161 0.523598574
i 5.168967008 0.523598574
i 5.234416855 0.523598574
i 5.299866702 0.523598574
i 5.365316549 0.523598574
i 5.430766396 0.523598574
i 5.496216243 0.523598574
i 5.561666090 0.523598574
i 5.627115937 0.523598574
i 5.692565783 0.523598574
i 5.758015630 0.523598574
i 5.823465477 0.523598574
i 5.888915324 0.523598574
i 5.954365171 0.523598574
i 6.019815018 0.523598574
i 6.085264865 0.523598574
i 6.150714712 0.523598574
i 6.216164559 0.523598574
i 4.776267926 0.589048433
i 4.841717773 0.589048433
i 4.907167620 0.589048433
i 4.972617467 0.589048433
i 5.038067314 0.589048433
i 5.103517161 0.589048433
i 5.168967008 0.589048433
i 5.234416855 0.589048433
i 5.299866702 0.589048433
i 5.365316549 0.589048433
i 5.430766396 0.589048433
i 5.496216243 0.589048433
i 5.561666090 0.589048433
i 5.627115937 0.589048433
i 5.692565783 0.589048433
i 5.758015630 0.589048433
i 5.823465477 0.589048433
i 5.888915324 0.589048433
i 5.954365171 0.589048433
i 6.019815018 0.589048433
i 6.085264865 0.589048433
i 6.150714712 0.589048433
i 6.216164559 0.589048433
i 4.776267926 0.654498293
i 4.841717773 0.654498293
i 4.907167620 0.654498293
i 4.972617467 0.654498293
i 5.038067314 0.654498293
i 5.103517161 0.654498293
i 5.168967008 0.654498293
i 5.234416855 0.654498293
i 5.299866702 0.654498293
i 5.365316549 0.654498293
i 5.430766396 0.654498293
i 5.496216243 0.654498293
i 5.561666090 0.654498293
i 5.627115937 0.654498293
i 5.692565783 0.654498293
i 5.758015630 0.654498293
i 5.823465477 0.654498293
i 5.888915324 0.654498293
i 5.954365171 0.654498293
i 6.019815018 0.654498293
i 6.085264865 0.654498293
i 6.150714712 0.654498293
i 6.216164559 0.654498293
i 4.776267926 0.719948152
i 4.841717773 0.719948152
i 4.907167620 0.719948152
i 4.972617467 0.719948152
i 5.038067314 0.719948152
i 5.103517161 0.719948152
i 5.168967008 0.719948152
i 5.234416855 0.719948152
i 5.299866702 0.719948152
i 5.365316549 0.719948152
i 5.430766396 0.719948152
i 5.496216243 0.719948152
i 5.561666090 0.719948152
i 5.627115937 0.719948152
i 5.692565783 0.719948152
i 5.758015630 0.719948152
i 5.823465477 0.719948152
i 5.888915324 0.719948152
i 5.954365171 0.719948152
i 6.019815018 0.719948152
i 6.085264865 0.719948152
i 6.150714712 0.719948152
i 6.216164559 0.719948152
i 4.776267926 0.785398012
i 4.841717773 0.785398012
i 4.907167620 0.785398012
i 4.972617467 0.785398012
i 5.038067314 0.785398012
i 5.103517161 0.785398012
i 5.168967008 0.785398012
i 5.234416855 0.785398012
i 5.299866702 0.785398012
i 5.365316549 0.785398012
i 5.430766396 0.785398012
i 5.496216243 0.785398012
i 5.561666090 0.785398012
i 5.627115937 0.785398012
i 5.692565783 0.785398012
i 5.758015630 0.785398012
i 5.823465477 0.785398012
i 5.888915324 0.785398012
i 5.954365171 0.785398012
i 6.019815018 0.785398012
i 6.085264865 0.785398012
i 6.150714712 0.785398012
i 6.216164559 0.785398012
i 4.776267926 0.850847872
i 4.841717773 0.850847872
i 4.907167620 0.850847872
i 4.972617467 0.850847872
i 5.038067314 0.850847872
i 5.103517161 0.850847872
i 5.168967008 0.850847872
i 5.234416855 0.850847872
i 5.299866702 0.850847872
i 5.365316549 0.850847872
i 5.430766396 0.850847872
i 5.496216243 0.850847872
i 5.561666090 0.850847872
i 5.627115937 0.850847872
i 5.692565783 0.850847872
i 5.758015630 0.850847872
i 5.823465477 0.850847872
i 5.888915324 0.850847872
i 5.954365171 0.850847872
i 6.019815018 0.850847872
i 6.085264865 0.850847872
i 6.150714712 0.850847872
i 6.216164559 0.850847872
i 4.776267926 0.916297731
i 4.841717773 0.916297731
i 4.907167620 0.916297731
i 4.972617467 0.916297731
i 5.038067314 0.916297731
i 5.103517161 0.916297731
i 5.168967008 0.916297731
i 5.234416855 0.916297731
i 5.299866702 0.916297731
i 5.365316549 0.916297731
i 5.430766396 0.916297731
i 5.496216243 0.916297731
i 5.561666090 0.916297731
i 5.627115937 0.916297731
i 5.692565783 0.916297731
i 5.758015630 0.916297731
i 5.823465477 0.916297731
i 5.888915324 0.916297731
i 5.954365171 0.916297731
i 6.019815018 0.916297731
i 6.085264865 0.916297731
i 6.150714712 0.916297731
i 6.216164559 0.916297731
i 4.776267926 0.981747591
i 4.841717773 0.981747591
i 4.907167620 0.981747591
i 4.972617467 0.981747591
i 5.038067314 0.981747591
i 5.103517161 0.981747591
i 5.168967008 0.981747591
i 5.234416855 0.981747591
i 5.299866702 0.981747591
i 5.365316549 0.981747591
i 5.430766396 0.981747591
i 5.496216243 0.981747591
i 5.561666090 0.981747591
i 5.627115937 0.981747591
i 5.692565783 0.981747591
i 5.758015630 0.981747591
i 5.823465477 0.981747591
i 5.888915324 0.981747591
i 5.954365171 0.981747591
i 6.019815018 0.981747591
i 6.085264865 0.981747591
i 6.150714712 0.981747591
i 6.216164559 0.981747591
i 4.776267926 1.047197450
i 4.841717773 1.047197450
i 4.907167620 1.047197450
i 4.972617467 1.047197450
i 5.038067314 1.047197450
i 5.103517161 1.047197450
i 5.168967008 1.047197450
i 5.234416855 1.047197450
i 5.299866702 1.047197450
i 5.365316549 1.047197450
i 5.430766396 1.047197450
i 5.496216243 1.047197450
i 5.561666090 1.047197450
i 5.627115937 1.047197450
i 5.692565783 1.047197450
i 5.758015630 1.047197450
i 5.823465477 1.047197450
i 5.888915324 1.047197450
i 5.954365171 1.047197450
i 6.019815018 1.047197450
i 6.085264865 1.047197450
i 6.150714712 1.047197450
i 6.216164559 1.047197450
i 4.776267926 1.112647310
i 4.841717773 1.112647310
i 4.907167620 1.112647310
i 4.972617467 1.112647310
i 5.038067314 1.112647310
i 5.103517161 1.112647310
i 5.168967008 1.112647310
i 5.234416855 1.112647310
i 5.299866702 1.112647310
i 5.365316549 1.112647310
i 5.430766396 1.112647310
i 5.496216243 1.112647310
i 5.561666090 1.112647310
i 5.627115937 1.112647310
i 5.692565783 1.112647310
i 5.758015630 1.112647310
i 5.823465477 1.112647310
i 5.888915324 1.112647310
i 5.954365171 1.112647310
i 6.019815018 1.112647310
i 6.085264865 1.112647310
i 6.150714712 1.112647310
i 6.216164559 1.112647310
i 4.776267926 1.178097169
i 4.841717773 1.178097169
i 4.907167620 1.178097169
i 4.972617467 1.178097169
i 5.038067314 1.178097169
i 5.103517161 1.178097169
i 5.168967008 1.178097169
i 5.234416855 1.178097169
i 5.299866702 1.178097169
i 5.365316549 1.178097169
i 5.430766396 1.178097169
i 5.496216243 1.178097169
i 5.561666090 1.178097169
i 5.627115937 1.178097169
i 5.692565783 1.178097169
i 5.758015630 1.178097169
i 5.823465477 1.178097169
i 5.888915324 1.178097169
i 5.954365171 1.178097169
i 6.019815018 1.178097169
i 6.085264865 1.178097169
i 6.150714712 1.178097169
i 6.216164559 1.178097169
i 4.776267926 1.243547029
i 4.841717773 1.243547029
i 4.907167620 1.243547029
i 4.972617467 1.243547029
i 5.038067314 1.243547029
i 5.103517161 1.243547029
i 5.168967008 1.243547029
i 5.234416855 1.243547029
i 5.299866702 1.243547029
i 5.365316549 1.243547029
i 5.430766396 1.243547029
i 5.496216243 1.243547029
i 5.561666090 1.243547029
i 5.627115937 1.243547029
i 5.692565783 1.243547029
i 5.758015630 1.243547029
i 5.823465477 1.243547029
i 5.888915324 1.243547029
i 5.954365171 1.243547029
i 6.019815018 1.243547029
i 6.085264865 1.243547029
i 6.150714712 1.243547029
i 6.216164559 1.243547029
i 4.776267926 1.308996889
i 4.841717773 1.308996889
i 4.907167620 1.308996889
i 4.972617467 1.308996889
i 5.038067314 1.308996889
i 5.103517161 1.308996889
i 5.168967008 1.308996889
i 5.234416855 1.308996889
i 5.299866702 1.308996889
i 5.365316549 1.308996889
i 5.430766396 1.308996889
i 5.496216243 1.308996889
i 5.561666090 1.308996889
i 5.627115937 1.308996889
i 5.692565783 1.308996889
i 5.758015630 1.308996889
i 5.823465477 1.308996889
i 5.888915324 1.308996889
i 5.954365171 1.308996889
i 6.019815018 1.308996889
i 6.085264865 1.308996889
i 6.150714712 1.308996889
i 6.216164559 1.308996889
i 4.776267926 1.374446748
i 4.841717773 1.374446748
i 4.907167620 1.374446748
i 4.972617467 1.374446748
i 5.038067314 1.374446748
i 5.103517161 1.374446748
i 5.168967008 1.374446748
i 5.234416855 1.374446748
i 5.299866702 1.374446748
i 5.365316549 1.374446748
i 5.430766396 1.374446748
i 5.496216243 1.374446748
i 5.561666090 1.374446748
i 5.627115937 1.374446748
i 5.692565783 1.374446748
i 5.758015630 1.374446748
i 5.823465477 1.374446748
i 5.888915324 1.374446748
i 5.954365171 1.374446748
i 6.019815018 1.374446748
i 6.085264865 1.374446748
i 6.150714712 1.374446748
i 6.216164559 1.374446748
i 4.776267926 1.439896608
i 4.841717773 1.439896608
i 4.907167620 1.439896608
i 4.972617467 1.439896608
i 5.038067314 1.439896608
i 5.103517161 1.439896608
i 5.168967008 1.439896608
i 5.234416855 1.439896608
i 5.299866702 1.439896608
i 5.365316549 1.439896608
i 5.430766396 1.439896608
i 5.496216243 1.439896608
i 5.561666090 1.439896608
i 5.627115937 1.439896608
i 5.692565783 1.439896608
i 5.758015630 1.439896608
i 5.823465477 1.439896608
i 5.888915324 1.439896608
i 5.954365171 1.439896608
i 6.019815018 1.439896608
i 6.085264865 1.439896608
i 6.150714712 1.439896608
i 6.216164559 1.439896608
i 4.776267926 1.505346467
i 4.841717773 1.505346467
i 4.907167620 1.505346467
i 4.972617467 1.505346467
i 5.038067314 1.505346467
i 5.103517161 1.505346467
i 5.168967008 1.505346467
i 5.234416855 1.505346467
i 5.299866702 1.505346467
i 5.365316549 1.505346467
i 5.430766396 1.505346467
i 5.496216243 1.505346467
i 5.561666090 1.505346467
i 5.627115937 1.505346467
i 5.692565783 1.505346467
i 5.758015630 1.505346467
i 5.823465477 1.505346467
i 5.888915324 1.505346467
i 5.954365171 1.505346467
i 6.019815018 1.505346467
i 6.085264865 1.505346467
i 6.150714712 1.505346467
i 6.216164559 1.505346467
tris
t 55 53 54
t 55 52 53
t 55 51 52
t 55 50 51
t 55 49 50
t 55 48 49
t 55 47 48
t 55 46 47
t 55 45 46
t 55 44 45
t 55 43 44
t 55 42 43
t 55 41 42
t 55 56 57
t 55 57 58
t 55 58 59
t 55 59 60
t 55 60 61
t 55 61 62
t 55 62 63
t 55 63 64
t 55 64 65
t 55 658 41
t 55 659 658
t 55 660 659
t 55 661 660
t 55 662 661
t 55 663 662
t 55 664 663
t 55 665 664
t 55 666 665
t 55 667 666
t 55 668 667
t 55 669 668
t 55 670 669
t 55 671 670
t 55 672 671
t 55 673 672
t 55 674 673
t 55 675 674
t 55 676 675
t 55 677 676
t 55 678 677
t 55 679 678
t 55 680 679
t 55 681 680
t 55 682 681
t 55 683 682
t 55 684 683
t 55 685 684
t 55 686 685
t 55 687 686
t 55 688 687
t 55 65 688
t 41 39 40
t 41 38 39
t 41 37 38
t 41 36 37
t 41 35 36
t 41 34 35
t 41 33 34
t 41 32 33
t 41 31 32
t 41 30 31
t 41 29 30
t 41 28 29
t 41 27 28
t 41 26 27
t 65 66 67
t 65 67 68
t 65 68 69
t 65 69 70
t 65 70 71
t 65 71 72
t 65 72 73
t 65 73 74
t 65 74 75
t 41 689 26
t 41 690 689
t 41 691 690
t 41 692 691
t 41 693 692
t 41 694 693
t 41 695 694
t 41 696 695
t 41 697 696
t 41 698 697
t 41 699 698
t 41 700 699
t 41 701 700
t 41 702 701
t 41 703 702
t 41 704 703
t 41 705 704
t 41 706 705
t 41 707 706
t 41 708 707
t 41 709 708
t 41 658 709
t 658 710 709
t 658 659 710
t 659 711 710
t 659 660 711
t 660 712 711
t 660 661 712
t 661 713 712
t 661 662 713
t 662 714 713
t 662 663 714
t 663 715 714
t 663 664 715
t 664 716 715
t 664 665 716
t 665 717 716
t 665 666 717
t 666 718 717
t 666 667 718
t 667 719 718
t 667 668 719
t 668 720 719
t 668 669 720
t 669 721 720
t 669 670 721
t 670 722 721
t 670 671 722
t 671 723 722
t 671 672 723
t 672 724 723
t 672 673 724
t 673 725 724
t 673 674 725
t 674 726 725
t 674 675 726
t 675 727 726
t 675 676 727
t 676 728 727
t 676 677 728
t 677 729 728
t 677 678 729
t 678 730 729
t 678 679 730
t 679 731 730
t 679 680 731
t 680 732 731
t 680 681 732
t 681 733 732
t 681 682 733
t 682 734 733
t 682 683 734
t 683 735 734
t 683 684 735
t 684 736 735
t 684 685 736
t 685 737 736
t 685 686 737
t 686 738 737
t 686 687 738
t 687 739 738
t 687 688 739
t 688 740 739
t 688 65 740
t 65 741 740
t 65 742 741
t 65 743 742
t 65 744 743
t 65 745 744
t 65 746 745
t 65 747 746
t 65 748 747
t 65 749 748
t 65 750 749
t 65 751 750
t 65 752 751
t 65 753 752
t 65 75 753
t 26 24 25
t 26 23 24
t 26 22 23
t 26 21 22
t 26 20 21
t 26 19 20
t 26 18 19
t 26 17 18
t 26 16 17
t 26 15 16
t 26 14 15
t 26 13 14
t 26 12 13
t 26 11 12
t 75 76 77
t 75 77 78
t 75 78 79
t 75 79 80
t 75 80 81
t 75 81 82
t 75 82 83
t 75 83 84
t 75 84 85
t 26 754 11
t 26 755 754
t 26 756 755
t 26 757 756
t 26 758 757
t 26 759 758
t 26 760 759
t 26 761 760
t 26 762 761
t 26 763 762
t 26 764 763
t 26 765 764
t 26 766 765
t 26 767 766
t 26 768 767
t 26 769 768
t 26 770 769
t 26 771 770
t 26 772 771
t 26 773 772
t 26 774 773
t 26 775 774
t 26 689 775
t 689 776 775
t 689 690 776
t 690 777 776
t 690 691 777
t 691 778 777
t 691 692 778
t 692 779 778
t 692 693 779
t 693 780 779
t 693 694 780
t 694 781 780
t 694 695 781
t 695 782 781
t 695 696 782
t 696 783 782
t 696 697 783
t 697 784 783
t 697 698 784
t 698 785 784
t 698 699 785
t 699 786 785
t 699 700 786
t 700 787 786
t 700 701 787
t 701 788 787
t 701 702 788
t 702 789 788
t 702 703 789
t 703 790 789
t 703 704 790
t 704 791 790
t 704 705 791
t 705 792 791
t 705 706 792
t 706 793 792
t 706 707 793
t 707 794 793
t 707 708 794
t 708 795 794
t 708 709 795
t 709 796 795
t 709 710 796
t 710 797 796
t 710 711 797
t 711 798 797
t 711 712 798
t 712 799 798
t 712 713 799
t 713 800 799
t 713 714 800
t 714 801 800
t 714 715 801
t 715 802 801
t 715 716 802
t 716 803 802
t 716 717 803
t 717 804 803
t 717 718 804
t 718 805 804
t 718 719 805
t 719 806 805
t 719 720 806
t 720 807 806
t 720 721 807
t 721 808 807
t 721 722 808
t 722 809 808
t 722 723 809
t 723 810 809
t 723 724 810
t 724 811 810
t 724 725 811
t 725 812 811
t 725 726 812
t 726 813 812
t 726 727 813
t 727 814 813
t 727 728 814
t 728 815 814
t 728 729 815
t 729 816 815
t 729 730 816
t 730 817 816
t 730 731 817
t 731 818 817
t 731 732 818
t 732 819 818
t 732 733 819
t 733 820 819
t 733 734 820
t 734 821 820
t 734 735 821
t 735 822 821
t 735 736 822
t 736 823 822
t 736 737 823
t 737 824 823
t 737 738 824
t 738 825 824
t 738 739 825
t 739 826 825
t 739 740 826
t 740 827 826
t 740 741 827
t 741 828 827
t 741 742 828
t 742 829 828
t 742 743 829
t 743 830 829
t 743 744 830
t 744 831 830
t 744 745 831
t 745 832 831
t 745 746 832
t 746 833 832
t 746 747 833
t 747 834 833
t 747 748 834
t 748 835 834
t 748 749 835
t 749 836 835
t 749 750 836
t 750 837 836
t 750 751 837
t 751 838 837
t 751 752 838
t 752 839 838
t 752 753 839
t 753 840 839
t 753 75 840
t 75 841 840
t 75 842 841
t 75 843 842
t 75 844 843
t 75 845 844
t 75 846 845
t 75 847 846
t 75 848 847
t 75 849 848
t 75 850 849
t 75 851 850
t 75 852 851
t 75 85 852
t 11 9 10
t 11 8 9
t 11 7 8
t 11 6 7
t 11 5 6
t 11 4 5
t 11 3 4
t 11 2 3
t 11 1 2
t 11 0 1
t 11 178 0
t 11 177 178
t 11 176 177
t 11 175 176
t 85 86 87
t 85 87 88
t 85 88 89
t 85 89 90
t 85 90 91
t 85 91 92
t 85 92 93
t 85 93 94
t 85 94 95
t 85 95 96
t 11 853 175
t 11 854 853
t 11 855 854
t 11 856 855
t 11 857 856
t 11 858 857
t 11 859 858
t 11 860 859
t 11 861 860
t 11 862 861
t 11 863 862
t 11 864 863
t 11 865 864
t 11 866 865
t 11 867 866
t 11 754 867
t 754 868 867
t 754 755 868
t 755 869 868
t 755 756 869
t 756 870 869
t 756 757 870
t 757 871 870
t 757 758 871
t 758 872 871
t 758 759 872
t 759 873 872
t 759 760 873
t 760 874 873
t 760 761 874
t 761 875 874
t 761 762 875
t 762 876 875
t 762 763 876
t 763 877 876
t 763 764 877
t 764 878 877
t 764 765 878
t 765 879 878
t 765 766 879
t 766 880 879
t 766 767 880
t 767 881 880
t 767 768 881
t 768 882 881
t 768 769 882
t 769 883 882
t 769 770 883
t 770 884 883
t 770 771 884
t 771 885 884
t 771 772 885
t 772 886 885
t 772 773 886
t 773 887 886
t 773 774 887
t 774 888 887
t 774 775 888
t 775 889 888
t 775 776 889
t 776 890 889
t 776 777 890
t 777 891 890
t 777 778 891
t 778 892 891
t 778 779 892
t 779 893 892
t 779 780 893
t 780 894 893
t 780 781 894
t 781 895 894
t 781 782 895
t 782 896 895
t 782 783 896
t 783 897 896
t 783 784 897
t 784 898 897
t 784 785 898
t 785 899 898
t 785 786 899
t 786 900 899
t 786 787 900
t 787 901 900
t 787 788 901
t 788 902 901
t 788 789 902
t 789 903 902
t 789 790 903
t 790 904 903
t 790 791 904
t 791 905 904
t 791 792 905
t 792 906 905
t 792 793 906
t 793 907 906
t 793 794 907
t 794 908 907
t 794 795 908
t 795 909 908
t 795 796 909
t 796 910 909
t 796 797 910
t 797 911 910
t 797 798 911
t 798 912 911
t 798 799 912
t 799 913 912
t 799 800 913
t 800 914 913
t 800 801 914
t 801 915 914
t 801 802 915
t 802 916 915
t 802 803 916
t 803 917 916
t 803 804 917
t 804 918 917
t 804 805 918
t 805 919 918
t 805 806 919
t 806 920 919
t 806 807 920
t 807 921 920
t 807 808 921
t 808 922 921
t 808 809 922
t 809 923 922
t 809 810 923
t 810 924 923
t 810 811 924
t 811 925 924
t 811 812 925
t 812 926 925
t 812 813 926
t 813 927 926
t 813 814 927
t 814 928 927
t 814 815 928
t 815 929 928
t 815 816 929
t 816 930 929
t 816 817 930
t 817 931 930
t 817 818 931
t 818 932 931
t 818 819 932
t 819 933 932
t 819 820 933
t 820 934 933
t 820 821 934
t 821 935 934
t 821 822 935
t 822 936 935
t 822 823 936
t 823 937 936
t 823 824 937
t 824 938 937
t 824 825 938
t 825 939 938
t 825 826 939
t 826 940 939
t 826 827 940
t 827 941 940
t 827 828 941
t 828 942 941
t 828 829 942
t 829 943 942
t 829 830 943
t 830 944 943
t 830 831 944
t 831 945 944
t 831 832 945
t 832 946 945
t 832 833 946
t 833 947 946
t 833 834 947
t 834 948 947
t 834 835 948
t 835 949 948
t 835 836 949
t 836 950 949
t 836 837 950
t 837 951 950
t 837 838 951
t 838 952 951
t 838 839 952
t 839 953 952
t 839 840 953
t 840 954 953
t 840 841 954
t 841 955 954
t 841 842 955
t 842 956 955
t 842 843 956
t 843 957 956
t 843 844 957
t 844 958 957
t 844 845 958
t 845 959 958
t 845 846 959
t 846 960 959
t 846 847 960
t 847 961 960
t 847 848 961
t 848 962 961
t 848 849 962
t 849 963 962
t 849 850 963
t 850 964 963
t 850 851 964
t 851 965 964
t 851 852 965
t 852 966 965
t 852 85 966
t 85 967 966
t 85 96 967
t 175 173 174
t 175 172 173
t 175 171 172
t 175 170 171
t 175 169 170
t 175 168 169
t 175 167 168
t 175 166 167
t 175 165 166
t 175 164 165
t 175 163 164
t 175 162 163
t 96 97 98
t 96 98 99
t 96 99 100
t 96 100 101
t 96 101 102
t 96 102 103
t 96 103 104
t 96 104 105
t 96 105 106
t 175 853 162
t 853 968 162
t 853 854 968
t 854 969 968
t 854 855 969
t 855 970 969
t 855 856 970
t 856 971 970
t 856 857 971
t 857 972 971
t 857 858 972
t 858 973 972
t 858 859 973
t 859 974 973
t 859 860 974
t 860 975 974
t 860 861 975
t 861 976 975
t 861 862 976
t 862 977 976
t 862 863 977
t 863 978 977
t 863 864 978
t 864 979 978
t 864 865 979
t 865 980 979
t 865 866 980
t 866 981 980
t 866 867 981
t 867 982 981
t 867 868 982
t 868 983 982
t 868 869 983
t 869 984 983
t 869 870 984
t 870 985 984
t 870 871 985
t 871 986 985
t 871 872 986
t 872 987 986
t 872 873 987
t 873 988 987
t 873 874 988
t 874 989 988
t 874 875 989
t 875 990 989
t 875 876 990
t 876 991 990
t 876 877 991
t 877 992 991
t 877 878 992
t 878 993 992
t 878 879 993
t 879 994 993
t 879 880 994
t 880 995 994
t 880 881 995
t 881 996 995
t 881 882 996
t 882 997 996
t 882 883 997
t 883 998 997
t 883 884 998
t 884 999 998
t 884 885 999
t 885 1000 999
t 885 886 1000
t 886 1001 1000
t 886 887 1001
t 887 1002 1001
t 887 888 1002
t 888 1003 1002
t 888 889 1003
t 889 1004 1003
t 889 890 1004
t 890 1005 1004
t 890 891 1005
t 891 1006 1005
t 891 892 1006
t 892 1007 1006
t 892 893 1007
t 893 1008 1007
t 893 894 1008
t 894 1009 1008
t 894 895 1009
t 895 1010 1009
t 895 896 1010
t 896 1011 1010
t 896 897 1011
t 897 1012 1011
t 897 898 1012
t 898 1013 1012
t 898 899 1013
t 899 1014 1013
t 899 900 1014
t 900 1015 1014
t 900 901 1015
t 901 1016 1015
t 901 902 1016
t 902 1017 1016
t 902 903 1017
t 903 1018 1017
t 903 904 1018
t 904 1019 1018
t 904 905 1019
t 905 1020 1019
t 905 906 1020
t 906 1021 1020
t 906 907 1021
t 907 1022 1021
t 907 908 1022
t 908 1023 1022
t 908 909 1023
t 909 1024 1023
t 909 910 1024
t 910 1025 1024
t 910 911 1025
t 911 1026 1025
t 911 912 1026
t 912 1027 1026
t 912 913 1027
t 913 1028 1027
t 913 914 1028
t 914 1029 1028
t 914 915 1029
t 915 1030 1029
t 915 916 1030
t 916 1031 1030
t 916 917 1031
t 917 1032 1031
t 917 918 1032
t 918 1033 1032
t 918 919 1033
t 919 1034 1033
t 919 920 1034
t 920 1035 1034
t 920 921 1035
t 921 1036 1035
t 921 922 1036
t 922 1037 1036
t 922 923 1037
t 923 1038 1037
t 923 924 1038
t 924 1039 1038
t 924 925 1039
t 925 1040 1039
t 925 926 1040
t 926 1041 1040
t 926 927 1041
t 927 1042 1041
t 927 928 1042
t 928 1043 1042
t 928 929 1043
t 929 1044 1043
t 929 930 1044
t 930 1045 1044
t 930 931 1045
t 931 1046 1045
t 931 932 1046
t 932 1047 1046
t 932 933 1047
t 933 1048 1047
t 933 934 1048
t 934 1049 1048
t 934 935 1049
t 935 1050 1049
t 935 936 1050
t 936 1051 1050
t 936 937 1051
t 937 1052 1051
t 937 938 1052
t 938 1053 1052
t 938 939 1053
t 939 1054 1053
t 939 940 1054
t 940 1055 1054
t 940 941 1055
t 941 1056 1055
t 941 942 1056
t 942 1057 1056
t 942 943 1057
t 943 1058 1057
t 943 944 1058
t 944 1059 1058
t 944 945 1059
t 945 1060 1059
t 945 946 1060
t 946 1061 1060
t 946 947 1061
t 947 1062 1061
t 947 948 1062
t 948 1063 1062
t 948 949 1063
t 949 1064 1063
t 949 950 1064
t 950 1065 1064
t 950 951 1065
t 951 1066 1065
t 951 952 1066
t 952 1067 1066
t 952 953 1067
t 953 1068 1067
t 953 954 1068
t 954 1069 1068
t 954 955 1069
t 955 1070 1069
t 955 956 1070
t 956 1071 1070
t 956 957 1071
t 957 1072 1071
t 957 958 1072
t 958 1073 1072
t 958 959 1073
t 959 1074 1073
t 959 960 1074
t 960 1075 1074
t 960 961 1075
t 961 1076 1075
t 961 962 1076
t 962 1077 1076
t 962 963 1077
t 963 1078 1077
t 963 964 1078
t 964 1079 1078
t 964 965 1079
t 965 1080 1079
t 965 966 1080
t 966 1081 1080
t 966 967 1081
t 967 1082 1081
t 967 96 1082
t 96 106 1082
t 162 160 161
t 162 159 160
t 162 158 159
t 162 157 158
t 162 156 157
t 162 155 156
t 162 154 155
t 162 153 154
t 162 152 153
t 162 151 152
t 162 150 151
t 162 149 150
t 162 148 149
t 106 107 108
t 106 108 109
t 106 109 110
t 106 110 111
t 106 111 112
t 106 112 113
t 106 113 114
t 106 114 115
t 106 115 116
t 106 116 117
t 162 968 148
t 968 969 148
t 969 970 148
t 970 147 148
t 970 971 147
t 971 972 147
t 972 973 147
t 973 146 147
t 973 974 146
t 974 975 146
t 975 976 146
t 976 145 146
t 976 977 145
t 977 978 145
t 978 979 145
t 979 980 145
t 980 144 145
t 980 981 144
t 981 982 144
t 982 983 144
t 983 143 144
t 983 984 143
t 984 985 143
t 985 986 143
t 986 142 143
t 986 987 142
t 987 988 142
t 988 989 142
t 989 990 142
t 990 141 142
t 990 991 141
t 991 992 141
t 992 993 141
t 993 140 141
t 993 994 140
t 994 995 140
t 995 996 140
t 996 139 140
t 996 997 139
t 997 998 139
t 998 999 139
t 999 1000 139
t 1000 138 139
t 1000 1001 138
t 1001 1002 138
t 1002 1003 138
t 1003 137 138
t 1003 1004 137
t 1004 1005 137
t 1005 1006 137
t 1006 136 137
t 1006 1007 136
t 1007 1008 136
t 1008 1009 136
t 1009 1010 136
t 1010 135 136
t 1010 1011 135
t 1011 1012 135
t 1012 1013 135
t 1013 134 135
t 1013 1014 134
t 1014 1015 134
t 1015 1016 134
t 1016 1017 134
t 1017 133 134
t 1017 1018 133
t 1018 1019 133
t 1019 1020 133
t 1020 132 133
t 1020 1021 132
t 1021 1022 132
t 1022 1023 132
t 1023 1024 132
t 1024 131 132
t 1024 1025 131
t 1025 1026 131
t 1026 1027 131
t 1027 130 131
t 1027 1028 130
t 1028 1029 130
t 1029 1030 130
t 1030 1031 130
t 1031 129 130
t 1031 1032 129
t 1032 1033 129
t 1033 1034 129
t 1034 128 129
t 1034 1035 128
t 1035 1036 128
t 1036 1037 128
t 1037 1038 128
t 1038 127 128
t 1038 1039 127
t 1039 1040 127
t 1040 1041 127
t 1041 126 127
t 1041 1042 126
t 1042 1043 126
t 1043 1044 126
t 1044 1045 126
t 1045 125 126
t 1045 1046 125
t 1046 1047 125
t 1047 1048 125
t 1048 1049 125
t 1049 124 125
t 1049 1050 124
t 1050 1051 124
t 1051 1052 124
t 1052 1053 124
t 1053 1054 124
t 1054 123 124
t 1054 1055 123
t 1055 1056 123
t 1056 1057 123
t 1057 1058 123
t 1058 1059 123
t 1059 122 123
t 1059 1060 122
t 1060 1061 122
t 1061 1062 122
t 1062 1063 122
t 1063 1064 122
t 1064 121 122
t 1064 1065 121
t 1065 1066 121
t 1066 1067 121
t 1067 1068 121
t 1068 1069 121
t 1069 120 121
t 1069 1070 120
t 1070 1071 120
t 1071 1072 120
t 1072 1073 120
t 1073 1074 120
t 1074 119 120
t 1074 1075 119
t 1075 1076 119
t 1076 1077 119
t 1077 1078 119
t 1078 1079 119
t 1079 118 119
t 1079 1080 118
t 1080 1081 118
t 1081 1082 118
t 1082 117 118
t 1082 106 117
