type=Sphere forward=false n_boundary=93 n_holes=0 n_interior=56 n_tris=146 label=brep47598_f182_Sphere
boundary
b 3.141592654 1.570796327
b 3.141592654 1.520125478
b 3.141592654 1.469454628
b 3.141592654 1.418783779
b 3.141592654 1.368112930
b 3.141592654 1.317442081
b 3.141592654 1.266771231
b 3.141592654 1.216100382
b 3.141592654 1.165429533
b 3.141592654 1.114758684
b 3.141592654 1.064087834
b 3.141592654 1.013416985
b 3.141592654 0.962746136
b 3.141592654 0.912075287
b 3.141592654 0.861404437
b 3.141592654 0.810733588
b 3.141592654 0.760062739
b 3.141592654 0.709391890
b 3.141592654 0.658721040
b 3.141592654 0.608050191
b 3.141592654 0.557379342
b 3.141592654 0.506708493
b 3.141592654 0.456037643
b 3.141592654 0.405366794
b 3.141592654 0.354695945
b 3.141592654 0.304025096
b 3.141592654 0.253354246
b 3.141592654 0.202683397
b 3.141592654 0.152012548
b 3.141592654 0.101341699
b 3.141592654 0.050670849
b 5.368084607 0.000000000
b 4.712388980 0.045040755
b 4.712388980 0.090081510
b 4.712388980 0.135122265
b 4.712388980 0.180163020
b 4.712388980 0.225203774
b 4.712388980 0.270244529
b 4.712388980 0.315285284
b 4.712388980 0.360326039
b 4.712388980 0.405366794
b 4.712388980 0.450407549
b 4.712388980 0.495448304
b 4.712388980 0.540489059
b 4.712388980 0.585529814
b 4.712388980 0.630570568
b 4.712388980 0.675611323
b 4.712388980 0.720652078
b 4.712388980 0.765692833
b 4.712388980 0.810733588
b 4.712388980 0.855774343
b 4.712388980 0.900815098
b 4.712388980 0.945855853
b 4.712388980 0.990896608
b 4.712388980 1.035937362
b 4.712388980 1.080978117
b 4.712388980 1.126018872
b 4.712388980 1.171059627
b 4.712388980 1.216100382
b 4.712388980 1.261141137
b 4.712388980 1.306181892
b 4.712388980 1.351222647
b 4.712388980 1.396263402
b 4.660937820 1.396489711
b 4.609494851 1.397168006
b 4.558068174 1.398296384
b 4.506665706 1.399871685
b 4.455295094 1.401889506
b 4.403963630 1.404344219
b 4.352678174 1.407228999
b 4.301445076 1.410535852
b 4.250270112 1.414255650
b 4.199158424 1.418378170
b 4.148114470 1.422892137
b 4.097141977 1.427785268
b 4.046243913 1.433044319
b 3.995422456 1.438655138
b 3.944678984 1.444602711
b 3.894014062 1.450871222
b 3.843427447 1.457444099
b 3.792918098 1.464304071
b 3.742484193 1.471433221
b 3.692123155 1.478813035
b 3.641831681 1.486424459
b 3.591605788 1.494247949
b 3.541440849 1.502263517
b 3.491331649 1.510450784
b 3.441272436 1.518789025
b 3.391256981 1.527257217
b 3.341278639 1.535834083
b 3.291330414 1.544498138
b 3.241405027 1.553227728
b 3.191494986 1.562001078
interior
i 3.327133650 1.374446786
i 3.512674646 1.374446786
i 3.327133650 1.178097245
i 3.327133650 0.981747704
i 3.327133650 0.785398163
i 3.327133650 0.589048623
i 3.327133650 0.392699082
i 3.327133650 0.196349541
i 3.512674646 0.196349541
i 3.512674646 0.392699082
i 3.698215642 0.196349541
i 3.883756638 0.196349541
i 4.069297634 0.196349541
i 4.254838630 0.196349541
i 4.440379626 0.196349541
i 4.625920622 0.196349541
i 4.625920622 0.392699082
i 4.440379626 0.392699082
i 4.625920622 0.589048623
i 4.625920622 0.785398163
i 4.440379626 0.589048623
i 4.254838630 0.392699082
i 4.069297634 0.392699082
i 4.254838630 0.589048623
i 4.440379626 0.785398163
i 4.625920622 0.981747704
i 4.625920622 1.178097245
i 4.625920622 1.374446786
i 4.440379626 1.374446786
i 4.440379626 1.178097245
i 4.254838630 1.374446786
i 4.069297634 1.374446786
i 3.883756638 1.374446786
i 3.698215642 1.374446786
i 3.883756638 1.178097245
i 4.069297634 1.178097245
i 4.254838630 1.178097245
i 4.440379626 0.981747704
i 4.254838630 0.981747704
i 4.254838630 0.785398163
i 4.069297634 0.981747704
i 4.069297634 0.785398163
i 4.069297634 0.589048623
i 3.883756638 0.392699082
i 3.698215642 0.392699082
i 3.883756638 0.589048623
i 3.698215642 0.589048623
i 3.512674646 0.589048623
i 3.512674646 0.785398163
i 3.512674646 0.981747704
i 3.698215642 0.785398163
i 3.883756638 0.785398163
i 3.883756638 0.981747704
i 3.698215642 1.178097245
i 3.698215642 0.981747704
i 3.512674646 1.178097245
tris
t 29 30 31
t 91 92 93
t 94 95 96
t 99 100 101
t 102 103 104
t 107 108 109
t 110 111 112
t 119 120 121
t 122 123 124
t 125 126 127
t 130 131 132
t 132 133 134
t 137 138 139
t 142 143 144
t 144 145 146
t 147 148 1
t 148 0 1
t 29 31 32
t 90 91 93
t 94 96 97
t 98 99 101
t 102 104 105
t 106 107 109
t 110 112 113
t 118 119 121
t 122 124 125
t 125 127 128
t 132 134 135
t 137 139 140
t 144 146 147
t 1 2 147
t 2 3 147
t 29 32 33
t 89 90 93
t 94 97 98
t 98 101 102
t 102 105 106
t 106 109 110
t 110 113 114
t 118 121 122
t 125 128 129
t 142 144 147
t 3 4 147
t 4 5 147
t 5 6 147
t 6 7 147
t 7 8 147
t 8 9 147
t 21 22 33
t 22 23 33
t 23 24 33
t 24 25 33
t 25 26 33
t 26 27 33
t 27 28 33
t 28 29 33
t 88 89 93
t 106 110 114
t 122 125 129
t 142 147 9
t 21 33 34
t 54 55 63
t 55 56 63
t 56 57 63
t 57 58 63
t 58 59 63
t 59 60 63
t 60 61 63
t 61 62 63
t 87 88 93
t 106 114 115
t 118 122 129
t 141 142 9
t 21 34 35
t 52 53 63
t 53 54 63
t 86 87 93
t 118 129 130
t 140 141 9
t 50 51 63
t 51 52 63
t 85 86 93
t 115 116 130
t 116 117 130
t 117 118 130
t 9 10 140
t 10 11 140
t 11 12 140
t 12 13 140
t 13 14 140
t 14 15 140
t 15 16 140
t 16 17 140
t 17 18 140
t 18 19 140
t 19 20 140
t 20 21 140
t 44 45 63
t 45 46 63
t 46 47 63
t 47 48 63
t 48 49 63
t 49 50 63
t 84 85 93
t 94 98 102
t 130 132 115
t 132 135 115
t 135 136 115
t 137 140 21
t 43 44 63
t 83 84 93
t 106 115 136
t 137 21 35
t 42 43 63
t 82 83 93
t 94 102 106
t 106 136 137
t 137 35 36
t 41 42 63
t 81 82 93
t 137 36 37
t 40 41 63
t 80 81 93
t 137 37 38
t 38 39 63
t 39 40 63
t 79 80 93
t 137 38 63
t 78 79 93
t 137 63 64
t 77 78 93
t 137 64 65
t 76 77 93
t 137 65 66
t 75 76 93
t 137 66 67
t 74 75 93
t 137 67 68
t 73 74 93
t 137 68 69
t 72 73 93
t 137 69 70
t 71 72 93
t 137 70 71
t 71 93 94
t 137 71 94
