type=Nurbs forward=true n_boundary=196 n_holes=0 n_interior=84 n_tris=1282 label=brep62542_f214_Nurbs(deg=3/3, cps=4x15)
boundary
b 0.941075471 1.000000000
b 0.906903056 1.000000000
b 0.873601831 1.000000000
b 0.841080919 1.000000000
b 0.809256414 1.000000000
b 0.778050433 1.000000000
b 0.747390292 1.000000000
b 0.717207766 1.000000000
b 0.687438445 1.000000000
b 0.658021146 1.000000000
b 0.628897385 1.000000000
b 0.600010890 1.000000000
b 0.571307157 1.000000000
b 0.542733024 1.000000000
b 0.514236278 1.000000000
b 0.485765266 1.000000000
b 0.457268523 1.000000000
b 0.428694396 1.000000000
b 0.399990671 1.000000000
b 0.371104188 1.000000000
b 0.341980441 1.000000000
b 0.312563160 1.000000000
b 0.282793860 1.000000000
b 0.252611358 1.000000000
b 0.221951244 1.000000000
b 0.190745295 1.000000000
b 0.158920825 1.000000000
b 0.126399953 1.000000000
b 0.093098773 1.000000000
b 0.058926408 1.000000000
b 0.023783924 1.000000000
b 0.023780277 0.988115633
b 0.023775008 0.976115073
b 0.023774082 0.963984492
b 0.023779194 0.951708801
b 0.023787332 0.939271756
b 0.023791468 0.926656616
b 0.023789360 0.913849941
b 0.023785922 0.900841314
b 0.023784595 0.887619145
b 0.023786097 0.874170306
b 0.023788313 0.860481047
b 0.023787773 0.846539896
b 0.023784808 0.832337308
b 0.023782916 0.817863908
b 0.023784727 0.803108408
b 0.023790546 0.788058639
b 0.023796027 0.772705206
b 0.023796273 0.757039051
b 0.023790771 0.741056779
b 0.023782776 0.724756372
b 0.023776373 0.708134744
b 0.023772364 0.691189785
b 0.023772877 0.673918260
b 0.023779607 0.656316687
b 0.023786084 0.638386870
b 0.023787255 0.620129633
b 0.023785243 0.601537879
b 0.023783413 0.582601452
b 0.023784389 0.563308689
b 0.023787312 0.543647586
b 0.023785863 0.523608916
b 0.023782134 0.503184165
b 0.023779597 0.482363733
b 0.023779919 0.461136529
b 0.023782423 0.439489872
b 0.023782561 0.417418389
b 0.023777220 0.394949701
b 0.023769385 0.372118663
b 0.023767026 0.348958831
b 0.023782753 0.325502182
b 0.023823658 0.301796793
b 0.023857413 0.277957442
b 0.023854596 0.254112158
b 0.023817836 0.230388212
b 0.023784605 0.206911187
b 0.023803071 0.183794334
b 0.023841482 0.161109030
b 0.023857082 0.138916872
b 0.023833819 0.117283062
b 0.023784108 0.096275132
b 0.023742360 0.075938959
b 0.023727602 0.056225460
b 0.023740172 0.037063703
b 0.023767325 0.018388861
b 0.023783924 0.000141873
b 0.032623081 0.000139490
b 0.041397247 0.000137188
b 0.050108140 0.000134950
b 0.058757422 0.000132762
b 0.067346710 0.000130608
b 0.075877576 0.000128471
b 0.084351550 0.000126336
b 0.092770125 0.000124185
b 0.101134757 0.000122000
b 0.109446872 0.000119763
b 0.117707864 0.000117455
b 0.125919102 0.000115057
b 0.134081931 0.000112549
b 0.142197672 0.000109910
b 0.150267628 0.000107119
b 0.158293086 0.000104154
b 0.166275316 0.000100993
b 0.174215578 0.000097612
b 0.182115118 0.000093990
b 0.189975163 0.000090151
b 0.197796906 0.000086146
b 0.205581507 0.000082030
b 0.213330096 0.000077857
b 0.221043777 0.000073686
b 0.228723629 0.000069578
b 0.236370708 0.000065593
b 0.243986049 0.000061796
b 0.251570673 0.000058253
b 0.259125581 0.000055033
b 0.266651764 0.000052207
b 0.274150197 0.000049848
b 0.281621851 0.000048032
b 0.289067685 0.000046836
b 0.296488654 0.000046341
b 0.303885711 0.000046631
b 0.311259803 0.000047791
b 0.318611882 0.000049908
b 0.325942900 0.000052998
b 0.333253803 0.000056960
b 0.340545515 0.000061680
b 0.347818944 0.000067040
b 0.355074979 0.000072915
b 0.362314493 0.000079178
b 0.369538349 0.000085697
b 0.376747395 0.000092333
b 0.383942472 0.000098946
b 0.391124414 0.000105386
b 0.398294048 0.000111502
b 0.405452197 0.000117138
b 0.412599683 0.000122129
b 0.419737327 0.000126310
b 0.426865953 0.000129506
b 0.433986385 0.000131541
b 0.441099456 0.000132232
b 0.448206003 0.000131390
b 0.452454224 0.016670806
b 0.457351599 0.033424199
b 0.462883464 0.050408450
b 0.469034639 0.067636056
b 0.475788998 0.085114746
b 0.483123878 0.102844247
b 0.491017588 0.120823162
b 0.499454413 0.139052966
b 0.508418637 0.157533750
b 0.517895289 0.176268024
b 0.527875896 0.195281683
b 0.538355354 0.214608112
b 0.549337544 0.234274284
b 0.560829200 0.254304880
b 0.572825984 0.274713747
b 0.585301211 0.295495136
b 0.598226548 0.316641700
b 0.611577714 0.338149007
b 0.625337714 0.360015313
b 0.639471970 0.382196198
b 0.653934361 0.404621187
b 0.668679773 0.427223442
b 0.683662943 0.449939838
b 0.698821358 0.472687806
b 0.714046859 0.495327592
b 0.729216233 0.517708475
b 0.744194990 0.539679816
b 0.758837841 0.561096656
b 0.773073661 0.581912197
b 0.786912287 0.602183224
b 0.800368391 0.621972279
b 0.813461020 0.641339020
b 0.826209096 0.660333071
b 0.838608345 0.678965431
b 0.850639068 0.697234416
b 0.862269035 0.715138324
b 0.873464872 0.732675782
b 0.884196098 0.749852764
b 0.894437710 0.766686495
b 0.904165600 0.783194478
b 0.913346040 0.799387265
b 0.921943634 0.815274161
b 0.929938304 0.830863971
b 0.937318885 0.846165593
b 0.944076323 0.861189256
b 0.950201616 0.875945433
b 0.955685379 0.890448520
b 0.960520875 0.904723499
b 0.964704360 0.918797998
b 0.968234920 0.932700509
b 0.971114541 0.946457400
b 0.973348307 0.960074469
b 0.974941355 0.973543293
b 0.975897256 0.986854872
b 0.976218011 1.000000000
interior
i 0.142788903 0.125040549
i 0.261850205 0.125040549
i 0.380911506 0.125040549
i 0.142788903 0.250034756
i 0.261850205 0.250034756
i 0.380911506 0.250034756
i 0.499972807 0.250034756
i 0.142788903 0.375028963
i 0.261850205 0.375028963
i 0.380911506 0.375028963
i 0.499972807 0.375028963
i 0.619034108 0.375028963
i 0.142788903 0.500023171
i 0.261850205 0.500023171
i 0.380911506 0.500023171
i 0.499972807 0.500023171
i 0.619034108 0.500023171
i 0.142788903 0.625017378
i 0.261850205 0.625017378
i 0.380911506 0.625017378
i 0.499972807 0.625017378
i 0.619034108 0.625017378
i 0.738095409 0.625017378
i 0.142788903 0.750011585
i 0.261850205 0.750011585
i 0.380911506 0.750011585
i 0.499972807 0.750011585
i 0.619034108 0.750011585
i 0.738095409 0.750011585
i 0.857156710 0.750011585
i 0.142788903 0.875005793
i 0.261850205 0.875005793
i 0.380911506 0.875005793
i 0.499972807 0.875005793
i 0.619034108 0.875005793
i 0.738095409 0.875005793
i 0.857156710 0.875005793
i 0.083258253 0.062543445
i 0.083258253 0.187537652
i 0.083258253 0.312531860
i 0.083258253 0.437526067
i 0.083258253 0.562520274
i 0.083258253 0.687514482
i 0.083258253 0.812508689
i 0.083258253 0.937502896
i 0.202319554 0.062543445
i 0.202319554 0.187537652
i 0.202319554 0.312531860
i 0.202319554 0.437526067
i 0.202319554 0.562520274
i 0.202319554 0.687514482
i 0.202319554 0.812508689
i 0.202319554 0.937502896
i 0.321380855 0.062543445
i 0.321380855 0.187537652
i 0.321380855 0.312531860
i 0.321380855 0.437526067
i 0.321380855 0.562520274
i 0.321380855 0.687514482
i 0.321380855 0.812508689
i 0.321380855 0.937502896
i 0.440442156 0.062543445
i 0.440442156 0.187537652
i 0.440442156 0.312531860
i 0.440442156 0.437526067
i 0.440442156 0.562520274
i 0.440442156 0.687514482
i 0.440442156 0.812508689
i 0.440442156 0.937502896
i 0.559503457 0.312531860
i 0.559503457 0.437526067
i 0.559503457 0.562520274
i 0.559503457 0.687514482
i 0.559503457 0.812508689
i 0.559503457 0.937502896
i 0.678564758 0.562520274
i 0.678564758 0.687514482
i 0.678564758 0.812508689
i 0.678564758 0.937502896
i 0.797626059 0.687514482
i 0.797626059 0.812508689
i 0.797626059 0.937502896
i 0.916687360 0.812508689
i 0.916687360 0.937502896
tris
t 85 86 280
t 86 87 280
t 87 88 280
t 88 89 280
t 89 90 280
t 90 91 280
t 91 92 280
t 92 93 280
t 93 94 280
t 94 95 280
t 95 96 280
t 96 97 280
t 97 296 280
t 97 297 296
t 97 98 297
t 98 298 297
t 98 99 298
t 99 299 298
t 99 100 299
t 100 300 299
t 100 101 300
t 101 301 300
t 101 302 301
t 101 102 302
t 102 303 302
t 102 103 303
t 103 304 303
t 103 104 304
t 104 305 304
t 104 105 305
t 105 306 305
t 105 307 306
t 105 106 307
t 106 308 307
t 106 107 308
t 107 309 308
t 107 108 309
t 108 310 309
t 108 109 310
t 109 311 310
t 109 312 311
t 109 110 312
t 110 313 312
t 110 111 313
t 111 314 313
t 111 112 314
t 112 315 314
t 112 113 315
t 113 316 315
t 113 317 316
t 113 114 317
t 114 318 317
t 114 115 318
t 115 319 318
t 115 116 319
t 116 320 319
t 116 117 320
t 117 321 320
t 117 322 321
t 117 118 322
t 118 323 322
t 118 119 323
t 119 324 323
t 119 120 324
t 120 325 324
t 120 121 325
t 121 326 325
t 121 327 326
t 121 122 327
t 122 328 327
t 122 123 328
t 123 329 328
t 123 124 329
t 124 330 329
t 124 125 330
t 125 331 330
t 125 332 331
t 125 126 332
t 126 333 332
t 126 281 333
t 126 127 281
t 127 128 281
t 128 129 281
t 129 130 281
t 130 131 281
t 131 132 281
t 132 133 281
t 133 134 281
t 134 135 281
t 135 136 281
t 136 137 281
t 137 138 281
t 138 139 281
t 139 140 281
t 85 280 84
t 84 280 83
t 83 280 82
t 82 280 81
t 81 280 80
t 80 280 282
t 140 141 281
t 141 142 281
t 142 143 281
t 143 144 281
t 144 145 281
t 145 146 281
t 146 283 281
t 280 296 282
t 296 334 282
t 296 297 334
t 297 335 334
t 297 298 335
t 298 336 335
t 298 299 336
t 299 337 336
t 299 300 337
t 300 338 337
t 300 301 338
t 301 339 338
t 301 302 339
t 302 340 339
t 302 303 340
t 303 341 340
t 303 304 341
t 304 342 341
t 304 305 342
t 305 343 342
t 305 306 343
t 306 344 343
t 306 307 344
t 307 345 344
t 307 308 345
t 308 346 345
t 308 309 346
t 309 347 346
t 309 310 347
t 310 348 347
t 310 311 348
t 311 349 348
t 311 312 349
t 312 350 349
t 312 313 350
t 313 351 350
t 313 314 351
t 314 352 351
t 314 315 352
t 315 353 352
t 315 316 353
t 316 354 353
t 316 317 354
t 317 355 354
t 317 318 355
t 318 356 355
t 318 319 356
t 319 357 356
t 319 320 357
t 320 358 357
t 320 321 358
t 321 359 358
t 321 322 359
t 322 360 359
t 322 323 360
t 323 361 360
t 323 324 361
t 324 362 361
t 324 325 362
t 325 363 362
t 325 326 363
t 326 364 363
t 326 327 364
t 327 365 364
t 327 328 365
t 328 366 365
t 328 329 366
t 329 367 366
t 329 330 367
t 330 368 367
t 330 331 368
t 331 369 368
t 331 332 369
t 332 370 369
t 332 333 370
t 333 371 370
t 333 281 371
t 281 372 371
t 281 373 372
t 281 374 373
t 281 375 374
t 281 376 375
t 281 377 376
t 281 283 377
t 80 282 79
t 79 282 78
t 78 282 77
t 77 282 76
t 76 282 75
t 75 282 74
t 74 282 284
t 146 147 283
t 147 148 283
t 148 149 283
t 149 150 283
t 150 151 283
t 151 152 283
t 152 153 283
t 153 285 283
t 282 334 284
t 334 335 284
t 335 336 284
t 336 337 284
t 337 338 284
t 338 378 284
t 338 339 378
t 339 379 378
t 339 340 379
t 340 380 379
t 340 341 380
t 341 381 380
t 341 342 381
t 342 382 381
t 342 343 382
t 343 383 382
t 343 344 383
t 344 384 383
t 344 345 384
t 345 385 384
t 345 346 385
t 346 386 385
t 346 347 386
t 347 387 386
t 347 348 387
t 348 388 387
t 348 349 388
t 349 389 388
t 349 350 389
t 350 390 389
t 350 351 390
t 351 391 390
t 351 352 391
t 352 392 391
t 352 353 392
t 353 393 392
t 353 354 393
t 354 394 393
t 354 355 394
t 355 395 394
t 355 356 395
t 356 396 395
t 356 357 396
t 357 397 396
t 357 358 397
t 358 398 397
t 358 359 398
t 359 399 398
t 359 360 399
t 360 400 399
t 360 361 400
t 361 401 400
t 361 362 401
t 362 402 401
t 362 363 402
t 363 403 402
t 363 364 403
t 364 404 403
t 364 365 404
t 365 405 404
t 365 366 405
t 366 406 405
t 366 367 406
t 367 407 406
t 367 368 407
t 368 408 407
t 368 369 408
t 369 409 408
t 369 370 409
t 370 410 409
t 370 371 410
t 371 411 410
t 371 372 411
t 372 412 411
t 372 373 412
t 373 413 412
t 373 374 413
t 374 414 413
t 374 375 414
t 375 415 414
t 375 376 415
t 376 416 415
t 376 377 416
t 377 417 416
t 377 283 417
t 283 418 417
t 283 419 418
t 283 420 419
t 283 421 420
t 283 422 421
t 283 423 422
t 283 424 423
t 283 425 424
t 283 285 425
t 74 284 73
t 73 284 72
t 72 284 71
t 71 284 70
t 70 284 69
t 69 284 286
t 153 154 285
t 154 155 285
t 155 156 285
t 156 157 285
t 157 158 285
t 158 159 285
t 159 287 285
t 284 378 286
t 378 426 286
t 378 379 426
t 379 427 426
t 379 380 427
t 380 428 427
t 380 381 428
t 381 429 428
t 381 382 429
t 382 430 429
t 382 383 430
t 383 431 430
t 383 384 431
t 384 432 431
t 384 385 432
t 385 433 432
t 385 386 433
t 386 434 433
t 386 387 434
t 387 435 434
t 387 388 435
t 388 436 435
t 388 389 436
t 389 437 436
t 389 390 437
t 390 438 437
t 390 391 438
t 391 439 438
t 391 392 439
t 392 440 439
t 392 393 440
t 393 441 440
t 393 394 441
t 394 442 441
t 394 395 442
t 395 443 442
t 395 396 443
t 396 444 443
t 396 397 444
t 397 445 444
t 397 398 445
t 398 446 445
t 398 399 446
t 399 447 446
t 399 400 447
t 400 448 447
t 400 401 448
t 401 449 448
t 401 402 449
t 402 450 449
t 402 403 450
t 403 451 450
t 403 404 451
t 404 452 451
t 404 405 452
t 405 453 452
t 405 406 453
t 406 454 453
t 406 407 454
t 407 455 454
t 407 408 455
t 408 456 455
t 408 409 456
t 409 457 456
t 409 410 457
t 410 458 457
t 410 411 458
t 411 459 458
t 411 412 459
t 412 460 459
t 412 413 460
t 413 461 460
t 413 414 461
t 414 462 461
t 414 415 462
t 415 463 462
t 415 416 463
t 416 464 463
t 416 417 464
t 417 465 464
t 417 418 465
t 418 466 465
t 418 419 466
t 419 467 466
t 419 420 467
t 420 468 467
t 420 421 468
t 421 469 468
t 421 422 469
t 422 470 469
t 422 423 470
t 423 471 470
t 423 424 471
t 424 472 471
t 424 425 472
t 425 473 472
t 425 285 473
t 285 474 473
t 285 475 474
t 285 476 475
t 285 477 476
t 285 478 477
t 285 479 478
t 285 480 479
t 285 481 480
t 285 482 481
t 285 483 482
t 285 484 483
t 285 485 484
t 285 486 485
t 285 287 486
t 69 286 68
t 68 286 67
t 67 286 66
t 66 286 65
t 65 286 64
t 64 286 63
t 63 286 288
t 159 160 287
t 160 161 287
t 161 162 287
t 162 163 287
t 163 164 287
t 164 165 287
t 165 289 287
t 286 426 288
t 426 427 288
t 427 487 288
t 427 428 487
t 428 488 487
t 428 429 488
t 429 489 488
t 429 430 489
t 430 490 489
t 430 431 490
t 431 491 490
t 431 432 491
t 432 492 491
t 432 433 492
t 433 493 492
t 433 434 493
t 434 494 493
t 434 435 494
t 435 495 494
t 435 436 495
t 436 496 495
t 436 437 496
t 437 497 496
t 437 438 497
t 438 498 497
t 438 439 498
t 439 499 498
t 439 440 499
t 440 500 499
t 440 441 500
t 441 501 500
t 441 442 501
t 442 502 501
t 442 443 502
t 443 503 502
t 443 444 503
t 444 504 503
t 444 445 504
t 445 505 504
t 445 446 505
t 446 506 505
t 446 447 506
t 447 507 506
t 447 448 507
t 448 508 507
t 448 449 508
t 449 509 508
t 449 450 509
t 450 510 509
t 450 451 510
t 451 511 510
t 451 452 511
t 452 512 511
t 452 453 512
t 453 513 512
t 453 454 513
t 454 514 513
t 454 455 514
t 455 515 514
t 455 456 515
t 456 516 515
t 456 457 516
t 457 517 516
t 457 458 517
t 458 518 517
t 458 459 518
t 459 519 518
t 459 460 519
t 460 520 519
t 460 461 520
t 461 521 520
t 461 462 521
t 462 522 521
t 462 463 522
t 463 523 522
t 463 464 523
t 464 524 523
t 464 465 524
t 465 525 524
t 465 466 525
t 466 526 525
t 466 467 526
t 467 527 526
t 467 468 527
t 468 528 527
t 468 469 528
t 469 529 528
t 469 470 529
t 470 530 529
t 470 471 530
t 471 531 530
t 471 472 531
t 472 532 531
t 472 473 532
t 473 533 532
t 473 474 533
t 474 534 533
t 474 475 534
t 475 535 534
t 475 476 535
t 476 536 535
t 476 477 536
t 477 537 536
t 477 478 537
t 478 538 537
t 478 479 538
t 479 539 538
t 479 480 539
t 480 540 539
t 480 481 540
t 481 541 540
t 481 482 541
t 482 542 541
t 482 483 542
t 483 543 542
t 483 484 543
t 484 544 543
t 484 485 544
t 485 545 544
t 485 486 545
t 486 546 545
t 486 287 546
t 287 547 546
t 287 548 547
t 287 549 548
t 287 550 549
t 287 551 550
t 287 552 551
t 287 553 552
t 287 554 553
t 287 555 554
t 287 556 555
t 287 289 556
t 63 288 62
t 62 288 61
t 61 288 60
t 60 288 59
t 59 288 58
t 58 288 57
t 57 288 56
t 56 288 290
t 165 166 289
t 166 167 289
t 167 168 289
t 168 169 289
t 169 170 289
t 170 171 289
t 171 291 289
t 288 557 290
t 288 487 557
t 487 558 557
t 487 488 558
t 488 559 558
t 488 489 559
t 489 560 559
t 489 490 560
t 490 561 560
t 490 491 561
t 491 562 561
t 491 492 562
t 492 563 562
t 492 493 563
t 493 564 563
t 493 494 564
t 494 565 564
t 494 495 565
t 495 566 565
t 495 496 566
t 496 567 566
t 496 497 567
t 497 568 567
t 497 498 568
t 498 569 568
t 498 499 569
t 499 570 569
t 499 500 570
t 500 571 570
t 500 501 571
t 501 572 571
t 501 502 572
t 502 573 572
t 502 503 573
t 503 574 573
t 503 504 574
t 504 575 574
t 504 505 575
t 505 576 575
t 505 506 576
t 506 577 576
t 506 507 577
t 507 578 577
t 507 508 578
t 508 579 578
t 508 509 579
t 509 580 579
t 509 510 580
t 510 581 580
t 510 511 581
t 511 582 581
t 511 512 582
t 512 583 582
t 512 513 583
t 513 584 583
t 513 514 584
t 514 585 584
t 514 515 585
t 515 586 585
t 515 516 586
t 516 587 586
t 516 517 587
t 517 588 587
t 517 518 588
t 518 589 588
t 518 519 589
t 519 590 589
t 519 520 590
t 520 591 590
t 520 521 591
t 521 592 591
t 521 522 592
t 522 593 592
t 522 523 593
t 523 594 593
t 523 524 594
t 524 595 594
t 524 525 595
t 525 596 595
t 525 526 596
t 526 597 596
t 526 527 597
t 527 598 597
t 527 528 598
t 528 599 598
t 528 529 599
t 529 600 599
t 529 530 600
t 530 601 600
t 530 531 601
t 531 602 601
t 531 532 602
t 532 603 602
t 532 533 603
t 533 604 603
t 533 534 604
t 534 605 604
t 534 535 605
t 535 606 605
t 535 536 606
t 536 607 606
t 536 537 607
t 537 608 607
t 537 538 608
t 538 609 608
t 538 539 609
t 539 610 609
t 539 540 610
t 540 611 610
t 540 541 611
t 541 612 611
t 541 542 612
t 542 613 612
t 542 543 613
t 543 614 613
t 543 544 614
t 544 615 614
t 544 545 615
t 545 616 615
t 545 546 616
t 546 617 616
t 546 547 617
t 547 618 617
t 547 548 618
t 548 619 618
t 548 549 619
t 549 620 619
t 549 550 620
t 550 621 620
t 550 551 621
t 551 622 621
t 551 552 622
t 552 623 622
t 552 553 623
t 553 624 623
t 553 554 624
t 554 625 624
t 554 555 625
t 555 626 625
t 555 556 626
t 556 627 626
t 556 289 627
t 289 628 627
t 289 629 628
t 289 630 629
t 289 631 630
t 289 632 631
t 289 633 632
t 289 634 633
t 289 635 634
t 289 636 635
t 289 637 636
t 289 291 637
t 56 290 55
t 55 290 54
t 54 290 53
t 53 290 52
t 52 290 51
t 51 290 50
t 50 290 49
t 49 290 292
t 171 172 291
t 172 173 291
t 173 174 291
t 174 175 291
t 175 176 291
t 176 177 291
t 177 178 291
t 178 293 291
t 290 557 292
t 557 638 292
t 557 558 638
t 558 639 638
t 558 559 639
t 559 640 639
t 559 560 640
t 560 641 640
t 560 561 641
t 561 642 641
t 561 562 642
t 562 643 642
t 562 563 643
t 563 644 643
t 563 564 644
t 564 645 644
t 564 565 645
t 565 646 645
t 565 566 646
t 566 647 646
t 566 567 647
t 567 648 647
t 567 568 648
t 568 649 648
t 568 569 649
t 569 650 649
t 569 570 650
t 570 651 650
t 570 571 651
t 571 652 651
t 571 572 652
t 572 653 652
t 572 573 653
t 573 654 653
t 573 574 654
t 574 655 654
t 574 575 655
t 575 656 655
t 575 576 656
t 576 657 656
t 576 577 657
t 577 658 657
t 577 578 658
t 578 659 658
t 578 579 659
t 579 660 659
t 579 580 660
t 580 661 660
t 580 581 661
t 581 662 661
t 581 582 662
t 582 663 662
t 582 583 663
t 583 664 663
t 583 584 664
t 584 665 664
t 584 585 665
t 585 666 665
t 585 586 666
t 586 667 666
t 586 587 667
t 587 668 667
t 587 588 668
t 588 669 668
t 588 589 669
t 589 670 669
t 589 590 670
t 590 671 670
t 590 591 671
t 591 672 671
t 591 592 672
t 592 673 672
t 592 593 673
t 593 674 673
t 593 594 674
t 594 675 674
t 594 595 675
t 595 676 675
t 595 596 676
t 596 677 676
t 596 597 677
t 597 678 677
t 597 598 678
t 598 679 678
t 598 599 679
t 599 680 679
t 599 600 680
t 600 681 680
t 600 601 681
t 601 682 681
t 601 602 682
t 602 683 682
t 602 603 683
t 603 684 683
t 603 604 684
t 604 685 684
t 604 605 685
t 605 686 685
t 605 606 686
t 606 687 686
t 606 607 687
t 607 688 687
t 607 608 688
t 608 689 688
t 608 609 689
t 609 690 689
t 609 610 690
t 610 691 690
t 610 611 691
t 611 692 691
t 611 612 692
t 612 693 692
t 612 613 693
t 613 694 693
t 613 614 694
t 614 695 694
t 614 615 695
t 615 696 695
t 615 616 696
t 616 697 696
t 616 617 697
t 617 698 697
t 617 618 698
t 618 699 698
t 618 619 699
t 619 700 699
t 619 620 700
t 620 701 700
t 620 621 701
t 621 702 701
t 621 622 702
t 622 703 702
t 622 623 703
t 623 704 703
t 623 624 704
t 624 705 704
t 624 625 705
t 625 706 705
t 625 626 706
t 626 707 706
t 626 627 707
t 627 708 707
t 627 628 708
t 628 709 708
t 628 629 709
t 629 710 709
t 629 630 710
t 630 711 710
t 630 631 711
t 631 712 711
t 631 632 712
t 632 713 712
t 632 633 713
t 633 714 713
t 633 634 714
t 634 715 714
t 634 635 715
t 635 716 715
t 635 636 716
t 636 717 716
t 636 637 717
t 637 718 717
t 637 291 718
t 291 719 718
t 291 720 719
t 291 721 720
t 291 722 721
t 291 723 722
t 291 724 723
t 291 725 724
t 291 726 725
t 291 727 726
t 291 293 727
t 49 292 48
t 48 292 47
t 47 292 46
t 46 292 45
t 45 292 44
t 44 292 43
t 43 292 42
t 42 292 41
t 41 292 40
t 40 292 294
t 178 179 293
t 179 180 293
t 180 181 293
t 181 182 293
t 182 183 293
t 183 184 293
t 184 185 293
t 185 186 293
t 186 295 293
t 292 638 294
t 638 728 294
t 638 639 728
t 639 729 728
t 639 640 729
t 640 730 729
t 640 641 730
t 641 731 730
t 641 642 731
t 642 732 731
t 642 643 732
t 643 733 732
t 643 644 733
t 644 734 733
t 644 645 734
t 645 735 734
t 645 646 735
t 646 736 735
t 646 647 736
t 647 737 736
t 647 648 737
t 648 738 737
t 648 649 738
t 649 739 738
t 649 650 739
t 650 740 739
t 650 651 740
t 651 741 740
t 651 652 741
t 652 742 741
t 652 653 742
t 653 743 742
t 653 654 743
t 654 744 743
t 654 655 744
t 655 745 744
t 655 656 745
t 656 746 745
t 656 657 746
t 657 747 746
t 657 658 747
t 658 748 747
t 658 659 748
t 659 749 748
t 659 660 749
t 660 750 749
t 660 661 750
t 661 751 750
t 661 662 751
t 662 752 751
t 662 663 752
t 663 753 752
t 663 664 753
t 664 754 753
t 664 665 754
t 665 755 754
t 665 666 755
t 666 756 755
t 666 667 756
t 667 757 756
t 667 668 757
t 668 758 757
t 668 669 758
t 669 759 758
t 669 670 759
t 670 760 759
t 670 671 760
t 671 761 760
t 671 672 761
t 672 762 761
t 672 673 762
t 673 763 762
t 673 674 763
t 674 764 763
t 674 675 764
t 675 765 764
t 675 676 765
t 676 766 765
t 676 677 766
t 677 767 766
t 677 678 767
t 678 768 767
t 678 679 768
t 679 769 768
t 679 680 769
t 680 770 769
t 680 681 770
t 681 771 770
t 681 682 771
t 682 772 771
t 682 683 772
t 683 773 772
t 683 684 773
t 684 774 773
t 684 685 774
t 685 775 774
t 685 686 775
t 686 776 775
t 686 687 776
t 687 777 776
t 687 688 777
t 688 778 777
t 688 689 778
t 689 779 778
t 689 690 779
t 690 780 779
t 690 691 780
t 691 781 780
t 691 692 781
t 692 782 781
t 692 693 782
t 693 783 782
t 693 694 783
t 694 784 783
t 694 695 784
t 695 785 784
t 695 696 785
t 696 786 785
t 696 697 786
t 697 787 786
t 697 698 787
t 698 788 787
t 698 699 788
t 699 789 788
t 699 700 789
t 700 790 789
t 700 701 790
t 701 791 790
t 701 702 791
t 702 792 791
t 702 703 792
t 703 793 792
t 703 704 793
t 704 794 793
t 704 705 794
t 705 795 794
t 705 706 795
t 706 796 795
t 706 707 796
t 707 797 796
t 707 708 797
t 708 798 797
t 708 709 798
t 709 799 798
t 709 710 799
t 710 800 799
t 710 711 800
t 711 801 800
t 711 712 801
t 712 802 801
t 712 713 802
t 713 803 802
t 713 714 803
t 714 804 803
t 714 715 804
t 715 805 804
t 715 716 805
t 716 806 805
t 716 717 806
t 717 807 806
t 717 718 807
t 718 808 807
t 718 719 808
t 719 809 808
t 719 720 809
t 720 810 809
t 720 721 810
t 721 811 810
t 721 722 811
t 722 812 811
t 722 723 812
t 723 813 812
t 723 724 813
t 724 814 813
t 724 725 814
t 725 815 814
t 725 726 815
t 726 816 815
t 726 727 816
t 727 817 816
t 727 293 817
t 293 818 817
t 293 819 818
t 293 820 819
t 293 821 820
t 293 822 821
t 293 823 822
t 293 295 823
t 40 294 39
t 39 294 38
t 38 294 37
t 37 294 36
t 36 294 35
t 35 294 34
t 34 294 33
t 33 294 32
t 32 294 31
t 31 294 30
t 186 187 295
t 187 188 295
t 188 189 295
t 189 190 295
t 190 191 295
t 191 192 295
t 192 193 295
t 193 194 295
t 194 195 295
t 294 29 30
t 294 28 29
t 294 27 28
t 294 728 27
t 728 729 27
t 729 730 27
t 730 26 27
t 730 731 26
t 731 732 26
t 732 733 26
t 733 734 26
t 734 735 26
t 735 25 26
t 735 736 25
t 736 737 25
t 737 738 25
t 738 739 25
t 739 740 25
t 740 24 25
t 740 741 24
t 741 742 24
t 742 743 24
t 743 744 24
t 744 745 24
t 745 23 24
t 745 746 23
t 746 747 23
t 747 748 23
t 748 749 23
t 749 750 23
t 750 22 23
t 750 751 22
t 751 752 22
t 752 753 22
t 753 754 22
t 754 755 22
t 755 21 22
t 755 756 21
t 756 757 21
t 757 758 21
t 758 759 21
t 759 760 21
t 760 20 21
t 760 761 20
t 761 762 20
t 762 763 20
t 763 764 20
t 764 765 20
t 765 19 20
t 765 766 19
t 766 767 19
t 767 768 19
t 768 769 19
t 769 770 19
t 770 18 19
t 770 771 18
t 771 772 18
t 772 773 18
t 773 774 18
t 774 775 18
t 775 17 18
t 775 776 17
t 776 777 17
t 777 778 17
t 778 779 17
t 779 780 17
t 780 16 17
t 780 781 16
t 781 782 16
t 782 783 16
t 783 784 16
t 784 785 16
t 785 786 16
t 786 15 16
t 786 787 15
t 787 788 15
t 788 789 15
t 789 790 15
t 790 14 15
t 790 791 14
t 791 792 14
t 792 793 14
t 793 794 14
t 794 13 14
t 794 795 13
t 795 796 13
t 796 797 13
t 797 12 13
t 797 798 12
t 798 799 12
t 799 800 12
t 800 801 12
t 801 11 12
t 801 802 11
t 802 803 11
t 803 804 11
t 804 10 11
t 804 805 10
t 805 806 10
t 806 807 10
t 807 9 10
t 807 808 9
t 808 809 9
t 809 810 9
t 810 8 9
t 810 811 8
t 811 812 8
t 812 813 8
t 813 7 8
t 813 814 7
t 814 815 7
t 815 816 7
t 816 6 7
t 816 817 6
t 817 818 6
t 818 819 6
t 819 5 6
t 819 820 5
t 820 821 5
t 821 822 5
t 822 4 5
t 822 823 4
t 823 295 4
t 295 3 4
t 295 2 3
t 295 1 2
t 295 0 1
t 295 195 0
