type=Cylinder forward=false n_boundary=87 n_holes=0 n_interior=8 n_tris=85 label=brep62542_f254_Cylinder
boundary
b 4.305358349 -0.250000061
b 4.313069817 -0.250796796
b 4.320768553 -0.251581232
b 4.328454580 -0.252353234
b 4.336127911 -0.253112666
b 4.343788556 -0.253859392
b 4.351436517 -0.254593276
b 4.359071795 -0.255314184
b 4.366694381 -0.256021980
b 4.374304263 -0.256716528
b 4.381901425 -0.257397692
b 4.389485845 -0.258065338
b 4.397057495 -0.258719329
b 4.404616345 -0.259359530
b 4.412162359 -0.259985805
b 4.419695496 -0.260598020
b 4.427215712 -0.261196038
b 4.434722957 -0.261779723
b 4.442217179 -0.262348941
b 4.449698341 -0.262903561
b 4.457166621 -0.263443504
b 4.464622340 -0.263968728
b 4.472065818 -0.264479190
b 4.479497371 -0.264974849
b 4.486917314 -0.265455660
b 4.494325957 -0.265921583
b 4.501723608 -0.266372574
b 4.509110572 -0.266808592
b 4.516487150 -0.267229592
b 4.523853641 -0.267635534
b 4.531210338 -0.268026375
b 4.538557534 -0.268402072
b 4.545895515 -0.268762583
b 4.553224566 -0.269107865
b 4.560544968 -0.269437875
b 4.567856997 -0.269752573
b 4.575160926 -0.270051914
b 4.582457022 -0.270335857
b 4.589745423 -0.270604378
b 4.597026070 -0.270857484
b 4.604298884 -0.271095185
b 4.611563781 -0.271317487
b 4.618820678 -0.271524401
b 4.626069486 -0.271715935
b 4.633310115 -0.271892099
b 4.640542471 -0.272052900
b 4.647766459 -0.272198347
b 4.654981980 -0.272328450
b 4.662188936 -0.272443218
b 4.669387224 -0.272542658
b 4.676576739 -0.272626781
b 4.683757377 -0.272695594
b 4.690929029 -0.272749106
b 4.698091588 -0.272787327
b 4.705244942 -0.272810266
b 4.712388980 -0.272817930
b 4.712388980 -0.250000000
b 4.699258960 -0.250000000
b 4.686128940 -0.250000000
b 4.672998919 -0.250000000
b 4.659868899 -0.250000000
b 4.646738879 -0.250000000
b 4.633608858 -0.250000000
b 4.620478838 -0.250000000
b 4.607348817 -0.250000000
b 4.594218797 -0.250000000
b 4.581088777 -0.250000000
b 4.567958756 -0.250000000
b 4.554828736 -0.250000000
b 4.541698716 -0.250000000
b 4.528568695 -0.250000000
b 4.515438675 -0.250000000
b 4.502308654 -0.250000000
b 4.489178634 -0.250000000
b 4.476048614 -0.250000000
b 4.462918593 -0.250000000
b 4.449788573 -0.250000000
b 4.436658553 -0.250000000
b 4.423528532 -0.250000000
b 4.410398512 -0.250000000
b 4.397268492 -0.250000000
b 4.384138471 -0.250000000
b 4.371008451 -0.250000000
b 4.357878430 -0.250000000
b 4.344748410 -0.250000000
b 4.331618390 -0.250000000
b 4.318488369 -0.250000000
interior
i 4.441035226 -0.261408965
i 4.474954445 -0.261408965
i 4.508873665 -0.261408965
i 4.542792884 -0.261408965
i 4.576712103 -0.261408965
i 4.610631323 -0.261408965
i 4.644550542 -0.261408965
i 4.678469761 -0.261408965
tris
t 1 86 0
t 1 2 86
t 2 3 86
t 3 85 86
t 3 4 85
t 4 5 85
t 5 84 85
t 5 6 84
t 6 83 84
t 6 7 83
t 7 8 83
t 8 82 83
t 8 9 82
t 9 10 82
t 10 81 82
t 10 11 81
t 11 12 81
t 12 80 81
t 12 13 80
t 13 79 80
t 13 14 79
t 14 15 79
t 15 78 79
t 15 16 78
t 16 17 78
t 17 77 78
t 17 18 77
t 18 19 77
t 19 76 77
t 19 20 76
t 20 75 76
t 20 21 75
t 21 22 75
t 22 74 75
t 22 23 74
t 23 24 74
t 24 73 74
t 24 25 73
t 25 26 73
t 26 72 73
t 26 27 72
t 27 71 72
t 27 28 71
t 28 29 71
t 29 70 71
t 29 30 70
t 30 31 70
t 31 69 70
t 31 32 69
t 32 33 69
t 33 68 69
t 33 34 68
t 34 35 68
t 35 67 68
t 35 36 67
t 36 66 67
t 36 37 66
t 37 38 66
t 38 65 66
t 38 39 65
t 39 40 65
t 40 64 65
t 40 41 64
t 41 42 64
t 42 63 64
t 42 43 63
t 43 44 63
t 44 62 63
t 44 45 62
t 45 61 62
t 45 46 61
t 46 47 61
t 47 60 61
t 47 48 60
t 48 49 60
t 49 59 60
t 49 50 59
t 50 51 59
t 51 58 59
t 51 52 58
t 52 53 58
t 53 57 58
t 53 54 57
t 54 55 57
t 55 56 57
