type=Nurbs forward=false n_boundary=196 n_holes=0 n_interior=113 n_tris=402 label=brep62542_f108_Nurbs(deg=3/3, cps=8x9)
boundary
b 1.000001033 0.018182056
b 1.000003719 0.036363424
b 1.000007379 0.054544281
b 1.000011344 0.072724827
b 1.000014955 0.090905282
b 1.000017562 0.109085887
b 1.000018522 0.127266903
b 1.000017202 0.145448612
b 1.000012977 0.163631316
b 1.000006293 0.181814994
b 0.999999952 0.199998832
b 0.999996413 0.218182020
b 0.999995573 0.236364507
b 0.999996696 0.254546459
b 0.999999051 0.272728064
b 1.000001916 0.290909537
b 1.000004574 0.309091115
b 1.000006312 0.327273056
b 1.000006492 0.345455619
b 1.000005237 0.363638765
b 1.000003159 0.381822243
b 1.000000872 0.400005778
b 0.999998883 0.418189126
b 0.999997292 0.436372227
b 0.999996101 0.454555070
b 0.999995308 0.472737643
b 0.999994914 0.490919935
b 0.999994918 0.509101933
b 0.999995321 0.527283626
b 0.999996121 0.545465001
b 0.999997320 0.563646047
b 0.999998916 0.581826752
b 1.000000910 0.600007103
b 1.000003236 0.618187119
b 1.000005561 0.636366946
b 1.000007492 0.654546774
b 1.000008641 0.672726805
b 1.000008843 0.690907167
b 1.000008270 0.709087864
b 1.000007123 0.727268877
b 1.000005602 0.745450185
b 1.000003909 0.763631757
b 1.000002242 0.781813557
b 1.000000800 0.799995542
b 0.999999740 0.818177666
b 0.999999048 0.836359893
b 0.999998667 0.854542191
b 0.999998542 0.872724531
b 0.999998616 0.890906885
b 0.999998831 0.909089227
b 0.999999130 0.927271534
b 0.999999455 0.945453784
b 0.999999747 0.963635956
b 0.999999949 0.981818034
b 1.000000000 1.000000000
b 0.981819652 1.000000000
b 0.963639253 1.000000000
b 0.945458762 1.000000000
b 0.927278158 1.000000000
b 0.909097447 1.000000000
b 0.890916658 1.000000000
b 0.872735845 1.000000000
b 0.854555083 1.000000000
b 0.836374452 1.000000000
b 0.818193958 1.000000000
b 0.800013532 1.000000000
b 0.781833030 1.000000000
b 0.763652241 1.000000000
b 0.745470878 1.000000000
b 0.727288585 1.000000000
b 0.709104937 1.000000000
b 0.690919638 1.000000000
b 0.672732908 1.000000000
b 0.654545412 1.000000000
b 0.636358031 1.000000000
b 0.618171516 1.000000000
b 0.599986451 1.000000000
b 0.581803251 1.000000000
b 0.563622153 1.000000000
b 0.545442991 1.000000000
b 0.527265232 1.000000000
b 0.509088317 1.000000000
b 0.490911683 1.000000000
b 0.472734768 1.000000000
b 0.454557009 1.000000000
b 0.436377847 1.000000000
b 0.418196749 1.000000000
b 0.400013549 1.000000000
b 0.381828484 1.000000000
b 0.363641969 1.000000000
b 0.345454587 1.000000000
b 0.327267092 1.000000000
b 0.309080362 1.000000000
b 0.290895063 1.000000000
b 0.272711415 1.000000000
b 0.254529123 1.000000000
b 0.236347759 1.000000000
b 0.218166970 1.000000000
b 0.199986468 1.000000000
b 0.181806042 1.000000000
b 0.163625548 1.000000000
b 0.145444917 1.000000000
b 0.127264155 1.000000000
b 0.109083342 1.000000000
b 0.090902553 1.000000000
b 0.072721842 1.000000000
b 0.054541238 1.000000000
b 0.036360747 1.000000000
b 0.018180348 1.000000000
b 0.000000000 1.000000000
b 0.000000000 0.967741935
b 0.000000000 0.935483873
b 0.000000000 0.903225816
b 0.000000000 0.870967763
b 0.000000000 0.838709711
b 0.000000000 0.806451657
b 0.000000000 0.774193597
b 0.000000000 0.741935528
b 0.000000000 0.709677449
b -0.000000000 0.677419363
b -0.000000000 0.645161274
b -0.000000000 0.612903190
b -0.000000000 0.580645115
b -0.000000000 0.548387049
b -0.000000000 0.516128992
b -0.000000000 0.483870940
b -0.000000000 0.451612889
b -0.000000000 0.419354835
b -0.000000000 0.387096777
b -0.000000000 0.354838712
b -0.000000000 0.322580644
b 0.000000000 0.290322576
b 0.000000000 0.258064510
b 0.000000000 0.225806447
b 0.000000000 0.193548385
b -0.000000000 0.161290323
b -0.000000000 0.129032259
b -0.000000000 0.096774195
b -0.000000000 0.064516131
b -0.000000000 0.032258065
b -0.000000000 0.000000000
b 0.018179158 0.000000000
b 0.036358565 -0.000000000
b 0.054538244 -0.000000000
b 0.072718219 -0.000000000
b 0.090898517 -0.000000000
b 0.109079168 -0.000000000
b 0.127260204 -0.000000000
b 0.145441660 -0.000000000
b 0.163623570 -0.000000000
b 0.181805959 0.000000000
b 0.199988770 0.000000000
b 0.218171911 0.000000000
b 0.236355286 0.000000000
b 0.254538801 0.000000000
b 0.272722361 0.000000000
b 0.290905870 0.000000000
b 0.309089234 0.000000000
b 0.327272360 0.000000000
b 0.345455164 0.000000000
b 0.363637641 0.000000000
b 0.381819833 0.000000000
b 0.400001784 0.000000000
b 0.418183536 0.000000000
b 0.436365130 0.000000000
b 0.454546603 -0.000000000
b 0.472727994 -0.000000000
b 0.490909337 -0.000000000
b 0.509090664 -0.000000000
b 0.527272007 -0.000000000
b 0.545453398 -0.000000000
b 0.563634871 -0.000000000
b 0.581816464 -0.000000000
b 0.599998216 -0.000000000
b 0.618180167 -0.000000000
b 0.636362359 -0.000000000
b 0.654544836 -0.000000000
b 0.672727640 -0.000000000
b 0.690910766 -0.000000000
b 0.709094130 -0.000000000
b 0.727277639 -0.000000000
b 0.745461199 -0.000000000
b 0.763644714 -0.000000000
b 0.781828090 -0.000000000
b 0.800011230 -0.000000000
b 0.818194042 0.000000000
b 0.836376431 -0.000000000
b 0.854558341 -0.000000000
b 0.872739796 -0.000000000
b 0.890920833 -0.000000000
b 0.909101484 -0.000000000
b 0.927281782 -0.000000000
b 0.945461756 -0.000000000
b 0.963641435 -0.000000000
b 0.981820842 -0.000000000
b 1.000000000 -0.000000000
interior
i 0.125002315 0.125000000
i 0.250004631 0.125000000
i 0.375006946 0.125000000
i 0.500009261 0.125000000
i 0.625011576 0.125000000
i 0.750013892 0.125000000
i 0.875016207 0.125000000
i 0.125002315 0.250000000
i 0.250004631 0.250000000
i 0.375006946 0.250000000
i 0.500009261 0.250000000
i 0.625011576 0.250000000
i 0.750013892 0.250000000
i 0.875016207 0.250000000
i 0.125002315 0.375000000
i 0.250004631 0.375000000
i 0.375006946 0.375000000
i 0.500009261 0.375000000
i 0.625011576 0.375000000
i 0.750013892 0.375000000
i 0.875016207 0.375000000
i 0.125002315 0.500000000
i 0.250004631 0.500000000
i 0.375006946 0.500000000
i 0.500009261 0.500000000
i 0.625011576 0.500000000
i 0.750013892 0.500000000
i 0.875016207 0.500000000
i 0.125002315 0.625000000
i 0.250004631 0.625000000
i 0.375006946 0.625000000
i 0.500009261 0.625000000
i 0.625011576 0.625000000
i 0.750013892 0.625000000
i 0.875016207 0.625000000
i 0.125002315 0.750000000
i 0.250004631 0.750000000
i 0.375006946 0.750000000
i 0.500009261 0.750000000
i 0.625011576 0.750000000
i 0.750013892 0.750000000
i 0.875016207 0.750000000
i 0.125002315 0.875000000
i 0.250004631 0.875000000
i 0.375006946 0.875000000
i 0.500009261 0.875000000
i 0.625011576 0.875000000
i 0.750013892 0.875000000
i 0.875016207 0.875000000
i 0.062501158 0.062500000
i 0.062501158 0.187500000
i 0.062501158 0.312500000
i 0.062501158 0.437500000
i 0.062501158 0.562500000
i 0.062501158 0.687500000
i 0.062501158 0.812500000
i 0.062501158 0.937500000
i 0.187503473 0.062500000
i 0.187503473 0.187500000
i 0.187503473 0.312500000
i 0.187503473 0.437500000
i 0.187503473 0.562500000
i 0.187503473 0.687500000
i 0.187503473 0.812500000
i 0.187503473 0.937500000
i 0.312505788 0.062500000
i 0.312505788 0.187500000
i 0.312505788 0.312500000
i 0.312505788 0.437500000
i 0.312505788 0.562500000
i 0.312505788 0.687500000
i 0.312505788 0.812500000
i 0.312505788 0.937500000
i 0.437508104 0.062500000
i 0.437508104 0.187500000
i 0.437508104 0.312500000
i 0.437508104 0.437500000
i 0.437508104 0.562500000
i 0.437508104 0.687500000
i 0.437508104 0.812500000
i 0.437508104 0.937500000
i 0.562510419 0.062500000
i 0.562510419 0.187500000
i 0.562510419 0.312500000
i 0.562510419 0.437500000
i 0.562510419 0.562500000
i 0.562510419 0.687500000
i 0.562510419 0.812500000
i 0.562510419 0.937500000
i 0.687512734 0.062500000
i 0.687512734 0.187500000
i 0.687512734 0.312500000
i 0.687512734 0.437500000
i 0.687512734 0.562500000
i 0.687512734 0.687500000
i 0.687512734 0.812500000
i 0.687512734 0.937500000
i 0.812515049 0.062500000
i 0.812515049 0.187500000
i 0.812515049 0.312500000
i 0.812515049 0.437500000
i 0.812515049 0.562500000
i 0.812515049 0.687500000
i 0.812515049 0.812500000
i 0.812515049 0.937500000
i 0.937517365 0.062500000
i 0.937517365 0.187500000
i 0.937517365 0.312500000
i 0.937517365 0.437500000
i 0.937517365 0.562500000
i 0.937517365 0.687500000
i 0.937517365 0.812500000
i 0.937517365 0.937500000
tris
t 140 138 139
t 140 137 138
t 140 136 137
t 140 135 136
t 140 134 135
t 140 133 134
t 140 132 133
t 140 131 132
t 140 130 131
t 140 129 130
t 140 128 129
t 140 127 128
t 140 126 127
t 140 125 126
t 195 0 1
t 195 1 2
t 195 2 3
t 195 3 4
t 195 4 5
t 195 5 6
t 195 6 7
t 195 7 8
t 195 8 9
t 195 9 10
t 195 10 11
t 195 11 12
t 195 12 13
t 195 13 14
t 195 14 15
t 195 15 16
t 195 16 17
t 195 17 18
t 195 18 19
t 195 19 20
t 195 20 21
t 195 21 22
t 195 22 23
t 195 23 24
t 195 24 25
t 195 25 26
t 140 141 125
t 141 309 125
t 141 310 309
t 141 142 310
t 142 311 310
t 142 312 311
t 142 143 312
t 143 313 312
t 143 314 313
t 143 144 314
t 144 315 314
t 144 316 315
t 144 145 316
t 145 317 316
t 145 318 317
t 145 146 318
t 146 319 318
t 146 320 319
t 146 147 320
t 147 321 320
t 147 322 321
t 147 148 322
t 148 323 322
t 148 324 323
t 148 149 324
t 149 325 324
t 149 326 325
t 149 150 326
t 150 327 326
t 150 328 327
t 150 151 328
t 151 329 328
t 151 330 329
t 151 152 330
t 152 331 330
t 152 332 331
t 152 153 332
t 153 333 332
t 153 334 333
t 153 154 334
t 154 335 334
t 154 336 335
t 154 155 336
t 155 337 336
t 155 338 337
t 155 156 338
t 156 339 338
t 156 340 339
t 156 157 340
t 157 341 340
t 157 342 341
t 157 158 342
t 158 343 342
t 158 344 343
t 158 159 344
t 159 160 344
t 160 345 344
t 160 346 345
t 160 161 346
t 161 347 346
t 161 348 347
t 161 162 348
t 162 349 348
t 162 350 349
t 162 163 350
t 163 351 350
t 163 352 351
t 163 164 352
t 164 353 352
t 164 354 353
t 164 165 354
t 165 355 354
t 165 356 355
t 165 166 356
t 166 357 356
t 166 358 357
t 166 167 358
t 167 359 358
t 167 360 359
t 167 361 360
t 167 168 361
t 168 362 361
t 168 363 362
t 168 169 363
t 169 364 363
t 169 365 364
t 169 170 365
t 170 366 365
t 170 367 366
t 170 171 367
t 171 368 367
t 171 369 368
t 171 172 369
t 172 370 369
t 172 371 370
t 172 173 371
t 173 372 371
t 173 373 372
t 173 174 373
t 174 374 373
t 174 375 374
t 174 175 375
t 175 376 375
t 175 176 376
t 176 377 376
t 176 177 377
t 177 378 377
t 177 379 378
t 177 178 379
t 178 380 379
t 178 381 380
t 178 179 381
t 179 382 381
t 179 383 382
t 179 180 383
t 180 384 383
t 180 385 384
t 180 181 385
t 181 386 385
t 181 387 386
t 181 182 387
t 182 388 387
t 182 389 388
t 182 183 389
t 183 390 389
t 183 391 390
t 183 184 391
t 184 392 391
t 184 393 392
t 184 394 393
t 184 185 394
t 185 395 394
t 185 186 395
t 186 396 395
t 186 397 396
t 186 187 397
t 187 398 397
t 187 399 398
t 187 188 399
t 188 400 399
t 188 401 400
t 188 189 401
t 189 402 401
t 189 403 402
t 189 190 403
t 190 404 403
t 190 405 404
t 190 191 405
t 191 406 405
t 191 407 406
t 191 192 407
t 192 408 407
t 192 409 408
t 192 193 409
t 193 410 409
t 193 411 410
t 193 194 411
t 194 412 411
t 194 26 412
t 194 195 26
t 125 123 124
t 125 122 123
t 125 121 122
t 125 120 121
t 125 119 120
t 125 118 119
t 125 117 118
t 125 116 117
t 125 115 116
t 125 114 115
t 125 113 114
t 125 112 113
t 125 111 112
t 125 110 111
t 125 109 110
t 26 27 28
t 26 28 29
t 26 29 30
t 26 30 31
t 26 31 32
t 26 32 33
t 26 33 34
t 26 34 35
t 26 35 36
t 26 36 37
t 26 37 38
t 26 38 39
t 26 39 40
t 26 40 41
t 26 41 42
t 26 42 43
t 26 43 44
t 26 44 45
t 26 45 46
t 26 46 47
t 26 47 48
t 26 48 49
t 26 49 50
t 26 50 51
t 26 51 52
t 26 52 53
t 26 53 54
t 125 309 109
t 309 310 109
t 310 108 109
t 310 311 108
t 311 312 108
t 312 107 108
t 312 313 107
t 313 314 107
t 314 106 107
t 314 315 106
t 315 316 106
t 316 105 106
t 316 317 105
t 317 318 105
t 318 104 105
t 318 319 104
t 319 320 104
t 320 103 104
t 320 321 103
t 321 322 103
t 322 102 103
t 322 323 102
t 323 324 102
t 324 101 102
t 324 325 101
t 325 326 101
t 326 100 101
t 326 327 100
t 327 99 100
t 327 328 99
t 328 98 99
t 328 329 98
t 329 330 98
t 330 97 98
t 330 331 97
t 331 332 97
t 332 96 97
t 332 333 96
t 333 334 96
t 334 95 96
t 334 335 95
t 335 336 95
t 336 94 95
t 336 337 94
t 337 338 94
t 338 93 94
t 338 339 93
t 339 340 93
t 340 92 93
t 340 341 92
t 341 342 92
t 342 91 92
t 342 343 91
t 343 344 91
t 344 90 91
t 344 345 90
t 345 346 90
t 346 89 90
t 346 347 89
t 347 348 89
t 348 88 89
t 348 349 88
t 349 350 88
t 350 87 88
t 350 351 87
t 351 352 87
t 352 86 87
t 352 353 86
t 353 354 86
t 354 85 86
t 354 355 85
t 355 356 85
t 356 84 85
t 356 357 84
t 357 358 84
t 358 83 84
t 358 359 83
t 359 360 83
t 360 82 83
t 360 361 82
t 361 81 82
t 361 362 81
t 362 363 81
t 363 80 81
t 363 364 80
t 364 365 80
t 365 79 80
t 365 366 79
t 366 367 79
t 367 78 79
t 367 368 78
t 368 369 78
t 369 77 78
t 369 370 77
t 370 371 77
t 371 76 77
t 371 372 76
t 372 373 76
t 373 75 76
t 373 374 75
t 374 375 75
t 375 74 75
t 375 376 74
t 376 377 74
t 377 73 74
t 377 378 73
t 378 379 73
t 379 72 73
t 379 380 72
t 380 381 72
t 381 71 72
t 381 382 71
t 382 383 71
t 383 70 71
t 383 384 70
t 384 385 70
t 385 69 70
t 385 386 69
t 386 387 69
t 387 68 69
t 387 388 68
t 388 389 68
t 389 67 68
t 389 390 67
t 390 391 67
t 391 66 67
t 391 392 66
t 392 393 66
t 393 65 66
t 393 394 65
t 394 64 65
t 394 395 64
t 395 63 64
t 395 396 63
t 396 397 63
t 397 62 63
t 397 398 62
t 398 399 62
t 399 61 62
t 399 400 61
t 400 401 61
t 401 60 61
t 401 402 60
t 402 403 60
t 403 59 60
t 403 404 59
t 404 405 59
t 405 58 59
t 405 406 58
t 406 407 58
t 407 57 58
t 407 408 57
t 408 409 57
t 409 56 57
t 409 410 56
t 410 411 56
t 411 55 56
t 411 412 55
t 412 26 55
t 26 54 55
