type=Nurbs forward=true n_boundary=172 n_holes=0 n_interior=355 n_tris=1194 label=brep47598_f82_Nurbs(deg=3/3, cps=4x11)
boundary
b 0.149582035 1.000000000
b 0.149614306 0.982314909
b 0.149710058 0.964629797
b 0.149869192 0.946942521
b 0.150091527 0.929250924
b 0.150376806 0.911552845
b 0.150724692 0.893846135
b 0.151134771 0.876128665
b 0.151606558 0.858398341
b 0.152139496 0.840653117
b 0.152733033 0.822891134
b 0.153387398 0.805111865
b 0.154103030 0.787315201
b 0.154879237 0.769500411
b 0.155715031 0.751666647
b 0.156609405 0.733813073
b 0.157561332 0.715938866
b 0.158569771 0.698043223
b 0.159633667 0.680125368
b 0.160751970 0.662184546
b 0.161924029 0.644219776
b 0.163149583 0.626229608
b 0.164428302 0.608212248
b 0.165759517 0.590165968
b 0.167141534 0.572090415
b 0.168572454 0.553985705
b 0.170050432 0.535852076
b 0.171573676 0.517689879
b 0.173140465 0.499499589
b 0.174749480 0.481281792
b 0.176399900 0.463036929
b 0.178090891 0.444765087
b 0.179821558 0.426465984
b 0.181590938 0.408138979
b 0.183397721 0.389783430
b 0.185239520 0.371400001
b 0.187113799 0.352989964
b 0.189018168 0.334554888
b 0.190950552 0.316096853
b 0.192909258 0.297618377
b 0.194892659 0.279121885
b 0.196899146 0.260609651
b 0.198927119 0.242083783
b 0.200974977 0.223546206
b 0.203041106 0.204998651
b 0.205123805 0.186442316
b 0.207221146 0.167877061
b 0.209331344 0.149301930
b 0.211452850 0.130714447
b 0.213584102 0.112111776
b 0.215723497 0.093490914
b 0.217869412 0.074848717
b 0.220020217 0.056181922
b 0.222174291 0.037487167
b 0.224330042 0.018761020
b 0.226485923 0.000000000
b 0.247854521 0.000000000
b 0.268862800 0.000000000
b 0.289546122 0.000000000
b 0.309937941 0.000000000
b 0.330070034 0.000000000
b 0.349972717 0.000000000
b 0.369675031 0.000000000
b 0.389204930 0.000000000
b 0.408589438 0.000000000
b 0.427854807 0.000000000
b 0.447026664 0.000000000
b 0.466130148 0.000000000
b 0.485190045 0.000000000
b 0.504230913 0.000000000
b 0.523277215 0.000000000
b 0.542353441 0.000000000
b 0.561484236 0.000000000
b 0.580694524 0.000000000
b 0.600009646 0.000000000
b 0.619455488 0.000000000
b 0.639058629 0.000000000
b 0.658846484 0.000000000
b 0.678847470 0.000000000
b 0.699091172 0.000000000
b 0.719608530 0.000000000
b 0.740432040 0.000000000
b 0.761595972 0.000000000
b 0.783136620 0.000000000
b 0.805092564 0.000000000
b 0.827504978 0.000000000
b 0.850417965 -0.000000000
b 0.850448181 0.018647249
b 0.850515164 0.037160929
b 0.850589111 0.055566019
b 0.850647666 0.073888013
b 0.850675792 0.092152735
b 0.850665676 0.110386166
b 0.850616668 0.128614277
b 0.850535266 0.146862866
b 0.850435120 0.165157397
b 0.850336238 0.183519371
b 0.850254443 0.201946233
b 0.850197970 0.220425222
b 0.850171368 0.238943471
b 0.850175617 0.257488164
b 0.850208172 0.276046635
b 0.850262996 0.294606476
b 0.850330614 0.313155637
b 0.850398166 0.331682534
b 0.850450693 0.350176774
b 0.850483357 0.368636035
b 0.850498354 0.387062963
b 0.850498610 0.405460021
b 0.850487659 0.423829374
b 0.850469561 0.442172876
b 0.850448817 0.460492058
b 0.850430290 0.478788116
b 0.850419124 0.497061907
b 0.850420406 0.515313976
b 0.850433650 0.533545406
b 0.850453131 0.551758135
b 0.850473521 0.569954290
b 0.850490141 0.588136147
b 0.850498972 0.606306102
b 0.850496665 0.624466662
b 0.850480552 0.642620423
b 0.850448657 0.660770054
b 0.850399715 0.678918208
b 0.850338067 0.697063477
b 0.850276517 0.715197762
b 0.850226299 0.733311808
b 0.850195908 0.751395812
b 0.850191001 0.769439501
b 0.850214293 0.787432222
b 0.850265458 0.805363033
b 0.850341044 0.823220792
b 0.850434299 0.840994303
b 0.850530621 0.858682061
b 0.850609845 0.876305579
b 0.850658038 0.893890083
b 0.850668459 0.911461037
b 0.850641512 0.929043983
b 0.850584719 0.946664376
b 0.850512742 0.964347421
b 0.850447442 0.982117902
b 0.850417965 1.000000000
b 0.824990824 1.000000000
b 0.800175510 1.000000000
b 0.775912215 1.000000000
b 0.752145479 1.000000000
b 0.728823634 1.000000000
b 0.705898315 1.000000000
b 0.683324028 1.000000000
b 0.661057760 1.000000000
b 0.639058629 1.000000000
b 0.617287564 1.000000000
b 0.595707021 1.000000000
b 0.574280708 1.000000000
b 0.552973336 1.000000000
b 0.531750384 1.000000000
b 0.510577869 1.000000000
b 0.489422131 1.000000000
b 0.468249616 1.000000000
b 0.447026664 1.000000000
b 0.425719292 1.000000000
b 0.404292979 1.000000000
b 0.382712436 1.000000000
b 0.360941371 1.000000000
b 0.338942240 1.000000000
b 0.316675972 1.000000000
b 0.294101685 1.000000000
b 0.271176366 1.000000000
b 0.247854521 1.000000000
b 0.224087785 1.000000000
b 0.199824490 1.000000000
b 0.175009176 1.000000000
interior
i 0.237218755 0.125000000
i 0.324855474 0.125000000
i 0.412492194 0.125000000
i 0.500128914 0.125000000
i 0.587765633 0.125000000
i 0.675402353 0.125000000
i 0.763039073 0.125000000
i 0.237218755 0.250000000
i 0.324855474 0.250000000
i 0.412492194 0.250000000
i 0.500128914 0.250000000
i 0.587765633 0.250000000
i 0.675402353 0.250000000
i 0.763039073 0.250000000
i 0.237218755 0.375000000
i 0.324855474 0.375000000
i 0.412492194 0.375000000
i 0.500128914 0.375000000
i 0.587765633 0.375000000
i 0.675402353 0.375000000
i 0.763039073 0.375000000
i 0.237218755 0.500000000
i 0.324855474 0.500000000
i 0.412492194 0.500000000
i 0.500128914 0.500000000
i 0.587765633 0.500000000
i 0.675402353 0.500000000
i 0.763039073 0.500000000
i 0.237218755 0.625000000
i 0.324855474 0.625000000
i 0.412492194 0.625000000
i 0.500128914 0.625000000
i 0.587765633 0.625000000
i 0.675402353 0.625000000
i 0.763039073 0.625000000
i 0.237218755 0.750000000
i 0.324855474 0.750000000
i 0.412492194 0.750000000
i 0.500128914 0.750000000
i 0.587765633 0.750000000
i 0.675402353 0.750000000
i 0.763039073 0.750000000
i 0.237218755 0.875000000
i 0.324855474 0.875000000
i 0.412492194 0.875000000
i 0.500128914 0.875000000
i 0.587765633 0.875000000
i 0.675402353 0.875000000
i 0.763039073 0.875000000
i 0.193400395 0.312500000
i 0.215309575 0.281250000
i 0.215309575 0.343750000
i 0.193400395 0.437500000
i 0.215309575 0.406250000
i 0.215309575 0.468750000
i 0.193400395 0.562500000
i 0.171491215 0.531250000
i 0.215309575 0.531250000
i 0.171491215 0.593750000
i 0.215309575 0.593750000
i 0.193400395 0.687500000
i 0.171491215 0.656250000
i 0.215309575 0.656250000
i 0.171491215 0.718750000
i 0.215309575 0.718750000
i 0.193400395 0.812500000
i 0.171491215 0.781250000
i 0.215309575 0.781250000
i 0.171491215 0.843750000
i 0.215309575 0.843750000
i 0.193400395 0.937500000
i 0.171491215 0.906250000
i 0.215309575 0.906250000
i 0.171491215 0.968750000
i 0.215309575 0.968750000
i 0.281037114 0.062500000
i 0.259127935 0.031250000
i 0.302946294 0.031250000
i 0.259127935 0.093750000
i 0.302946294 0.093750000
i 0.281037114 0.187500000
i 0.259127935 0.156250000
i 0.302946294 0.156250000
i 0.259127935 0.218750000
i 0.302946294 0.218750000
i 0.281037114 0.312500000
i 0.259127935 0.281250000
i 0.302946294 0.281250000
i 0.259127935 0.343750000
i 0.302946294 0.343750000
i 0.281037114 0.437500000
i 0.259127935 0.406250000
i 0.302946294 0.406250000
i 0.259127935 0.468750000
i 0.302946294 0.468750000
i 0.281037114 0.562500000
i 0.259127935 0.531250000
i 0.302946294 0.531250000
i 0.259127935 0.593750000
i 0.302946294 0.593750000
i 0.281037114 0.687500000
i 0.259127935 0.656250000
i 0.302946294 0.656250000
i 0.259127935 0.718750000
i 0.302946294 0.718750000
i 0.281037114 0.812500000
i 0.259127935 0.781250000
i 0.302946294 0.781250000
i 0.259127935 0.843750000
i 0.302946294 0.843750000
i 0.281037114 0.937500000
i 0.259127935 0.906250000
i 0.302946294 0.906250000
i 0.259127935 0.968750000
i 0.302946294 0.968750000
i 0.368673834 0.062500000
i 0.346764654 0.031250000
i 0.390583014 0.031250000
i 0.346764654 0.093750000
i 0.390583014 0.093750000
i 0.368673834 0.187500000
i 0.346764654 0.156250000
i 0.390583014 0.156250000
i 0.346764654 0.218750000
i 0.390583014 0.218750000
i 0.368673834 0.312500000
i 0.346764654 0.281250000
i 0.390583014 0.281250000
i 0.346764654 0.343750000
i 0.390583014 0.343750000
i 0.368673834 0.437500000
i 0.346764654 0.406250000
i 0.390583014 0.406250000
i 0.346764654 0.468750000
i 0.390583014 0.468750000
i 0.368673834 0.562500000
i 0.346764654 0.531250000
i 0.390583014 0.531250000
i 0.346764654 0.593750000
i 0.390583014 0.593750000
i 0.368673834 0.687500000
i 0.346764654 0.656250000
i 0.390583014 0.656250000
i 0.346764654 0.718750000
i 0.390583014 0.718750000
i 0.368673834 0.812500000
i 0.346764654 0.781250000
i 0.390583014 0.781250000
i 0.346764654 0.843750000
i 0.390583014 0.843750000
i 0.368673834 0.937500000
i 0.346764654 0.906250000
i 0.390583014 0.906250000
i 0.346764654 0.968750000
i 0.390583014 0.968750000
i 0.456310554 0.062500000
i 0.434401374 0.031250000
i 0.478219734 0.031250000
i 0.434401374 0.093750000
i 0.478219734 0.093750000
i 0.456310554 0.187500000
i 0.434401374 0.156250000
i 0.478219734 0.156250000
i 0.434401374 0.218750000
i 0.478219734 0.218750000
i 0.456310554 0.312500000
i 0.434401374 0.281250000
i 0.478219734 0.281250000
i 0.434401374 0.343750000
i 0.478219734 0.343750000
i 0.456310554 0.437500000
i 0.434401374 0.406250000
i 0.478219734 0.406250000
i 0.434401374 0.468750000
i 0.478219734 0.468750000
i 0.456310554 0.562500000
i 0.434401374 0.531250000
i 0.478219734 0.531250000
i 0.434401374 0.593750000
i 0.478219734 0.593750000
i 0.456310554 0.687500000
i 0.434401374 0.656250000
i 0.478219734 0.656250000
i 0.434401374 0.718750000
i 0.478219734 0.718750000
i 0.456310554 0.812500000
i 0.434401374 0.781250000
i 0.478219734 0.781250000
i 0.434401374 0.843750000
i 0.478219734 0.843750000
i 0.456310554 0.937500000
i 0.434401374 0.906250000
i 0.478219734 0.906250000
i 0.434401374 0.968750000
i 0.478219734 0.968750000
i 0.543947273 0.062500000
i 0.522038094 0.031250000
i 0.565856453 0.031250000
i 0.522038094 0.093750000
i 0.565856453 0.093750000
i 0.543947273 0.187500000
i 0.522038094 0.156250000
i 0.565856453 0.156250000
i 0.522038094 0.218750000
i 0.565856453 0.218750000
i 0.543947273 0.312500000
i 0.522038094 0.281250000
i 0.565856453 0.281250000
i 0.522038094 0.343750000
i 0.565856453 0.343750000
i 0.543947273 0.437500000
i 0.522038094 0.406250000
i 0.565856453 0.406250000
i 0.522038094 0.468750000
i 0.565856453 0.468750000
i 0.543947273 0.562500000
i 0.522038094 0.531250000
i 0.565856453 0.531250000
i 0.522038094 0.593750000
i 0.565856453 0.593750000
i 0.543947273 0.687500000
i 0.522038094 0.656250000
i 0.565856453 0.656250000
i 0.522038094 0.718750000
i 0.565856453 0.718750000
i 0.543947273 0.812500000
i 0.522038094 0.781250000
i 0.565856453 0.781250000
i 0.522038094 0.843750000
i 0.565856453 0.843750000
i 0.543947273 0.937500000
i 0.522038094 0.906250000
i 0.565856453 0.906250000
i 0.522038094 0.968750000
i 0.565856453 0.968750000
i 0.631583993 0.062500000
i 0.609674813 0.031250000
i 0.653493173 0.031250000
i 0.609674813 0.093750000
i 0.653493173 0.093750000
i 0.631583993 0.187500000
i 0.609674813 0.156250000
i 0.653493173 0.156250000
i 0.609674813 0.218750000
i 0.653493173 0.218750000
i 0.631583993 0.312500000
i 0.609674813 0.281250000
i 0.653493173 0.281250000
i 0.609674813 0.343750000
i 0.653493173 0.343750000
i 0.631583993 0.437500000
i 0.609674813 0.406250000
i 0.653493173 0.406250000
i 0.609674813 0.468750000
i 0.653493173 0.468750000
i 0.631583993 0.562500000
i 0.609674813 0.531250000
i 0.653493173 0.531250000
i 0.609674813 0.593750000
i 0.653493173 0.593750000
i 0.631583993 0.687500000
i 0.609674813 0.656250000
i 0.653493173 0.656250000
i 0.609674813 0.718750000
i 0.653493173 0.718750000
i 0.631583993 0.812500000
i 0.609674813 0.781250000
i 0.653493173 0.781250000
i 0.609674813 0.843750000
i 0.653493173 0.843750000
i 0.631583993 0.937500000
i 0.609674813 0.906250000
i 0.653493173 0.906250000
i 0.609674813 0.968750000
i 0.653493173 0.968750000
i 0.719220713 0.062500000
i 0.697311533 0.031250000
i 0.741129893 0.031250000
i 0.697311533 0.093750000
i 0.741129893 0.093750000
i 0.719220713 0.187500000
i 0.697311533 0.156250000
i 0.741129893 0.156250000
i 0.697311533 0.218750000
i 0.741129893 0.218750000
i 0.719220713 0.312500000
i 0.697311533 0.281250000
i 0.741129893 0.281250000
i 0.697311533 0.343750000
i 0.741129893 0.343750000
i 0.719220713 0.437500000
i 0.697311533 0.406250000
i 0.741129893 0.406250000
i 0.697311533 0.468750000
i 0.741129893 0.468750000
i 0.719220713 0.562500000
i 0.697311533 0.531250000
i 0.741129893 0.531250000
i 0.697311533 0.593750000
i 0.741129893 0.593750000
i 0.719220713 0.687500000
i 0.697311533 0.656250000
i 0.741129893 0.656250000
i 0.697311533 0.718750000
i 0.741129893 0.718750000
i 0.719220713 0.812500000
i 0.697311533 0.781250000
i 0.741129893 0.781250000
i 0.697311533 0.843750000
i 0.741129893 0.843750000
i 0.719220713 0.937500000
i 0.697311533 0.906250000
i 0.741129893 0.906250000
i 0.697311533 0.968750000
i 0.741129893 0.968750000
i 0.806857433 0.062500000
i 0.784948253 0.031250000
i 0.828766612 0.031250000
i 0.784948253 0.093750000
i 0.828766612 0.093750000
i 0.806857433 0.187500000
i 0.784948253 0.156250000
i 0.828766612 0.156250000
i 0.784948253 0.218750000
i 0.828766612 0.218750000
i 0.806857433 0.312500000
i 0.784948253 0.281250000
i 0.828766612 0.281250000
i 0.784948253 0.343750000
i 0.828766612 0.343750000
i 0.806857433 0.437500000
i 0.784948253 0.406250000
i 0.828766612 0.406250000
i 0.784948253 0.468750000
i 0.828766612 0.468750000
i 0.806857433 0.562500000
i 0.784948253 0.531250000
i 0.828766612 0.531250000
i 0.784948253 0.593750000
i 0.828766612 0.593750000
i 0.806857433 0.687500000
i 0.784948253 0.656250000
i 0.828766612 0.656250000
i 0.784948253 0.718750000
i 0.828766612 0.718750000
i 0.806857433 0.812500000
i 0.784948253 0.781250000
i 0.828766612 0.781250000
i 0.784948253 0.843750000
i 0.828766612 0.843750000
i 0.806857433 0.937500000
i 0.784948253 0.906250000
i 0.828766612 0.906250000
i 0.784948253 0.968750000
i 0.828766612 0.968750000
tris
t 55 53 54
t 55 52 53
t 55 51 52
t 55 50 51
t 55 49 50
t 55 48 49
t 55 47 48
t 86 87 88
t 86 88 89
t 86 89 90
t 86 90 91
t 86 91 92
t 86 92 93
t 86 93 94
t 86 94 95
t 55 527 47
t 55 528 527
t 55 529 528
t 55 530 529
t 55 531 530
t 55 532 531
t 55 533 532
t 55 534 533
t 55 535 534
t 55 536 535
t 55 56 536
t 56 57 536
t 57 537 536
t 57 538 537
t 57 58 538
t 58 539 538
t 58 540 539
t 58 59 540
t 59 541 540
t 59 542 541
t 59 60 542
t 60 543 542
t 60 544 543
t 60 61 544
t 61 545 544
t 61 546 545
t 61 62 546
t 62 547 546
t 62 548 547
t 62 63 548
t 63 549 548
t 63 550 549
t 63 64 550
t 64 551 550
t 64 552 551
t 64 65 552
t 65 553 552
t 65 554 553
t 65 66 554
t 66 67 554
t 67 555 554
t 67 556 555
t 67 68 556
t 68 557 556
t 68 558 557
t 68 69 558
t 69 559 558
t 69 560 559
t 69 70 560
t 70 561 560
t 70 562 561
t 70 71 562
t 71 563 562
t 71 564 563
t 71 72 564
t 72 565 564
t 72 566 565
t 72 73 566
t 73 567 566
t 73 568 567
t 73 74 568
t 74 569 568
t 74 570 569
t 74 75 570
t 75 571 570
t 75 572 571
t 75 76 572
t 76 77 572
t 77 573 572
t 77 574 573
t 77 78 574
t 78 575 574
t 78 576 575
t 78 79 576
t 79 577 576
t 79 578 577
t 79 80 578
t 80 579 578
t 80 580 579
t 80 81 580
t 81 581 580
t 81 582 581
t 81 82 582
t 82 583 582
t 82 584 583
t 82 83 584
t 83 585 584
t 83 586 585
t 83 84 586
t 84 587 586
t 84 588 587
t 84 85 588
t 85 589 588
t 85 590 589
t 85 591 590
t 85 592 591
t 85 593 592
t 85 594 593
t 85 595 594
t 85 596 595
t 85 597 596
t 85 598 597
t 85 599 598
t 85 600 599
t 85 601 600
t 85 602 601
t 85 603 602
t 85 604 603
t 85 605 604
t 85 606 605
t 85 607 606
t 85 608 607
t 85 86 608
t 86 609 608
t 86 610 609
t 86 611 610
t 86 612 611
t 86 95 612
t 47 45 46
t 47 44 45
t 47 43 44
t 47 42 43
t 47 41 42
t 47 40 41
t 47 39 40
t 47 38 39
t 95 96 97
t 95 97 98
t 95 98 99
t 95 99 100
t 95 100 101
t 95 101 102
t 95 102 103
t 95 103 104
t 47 613 38
t 47 614 613
t 47 615 614
t 47 616 615
t 47 617 616
t 47 618 617
t 47 619 618
t 47 620 619
t 47 621 620
t 47 622 621
t 47 527 622
t 527 623 622
t 527 528 623
t 528 624 623
t 528 529 624
t 529 625 624
t 529 530 625
t 530 626 625
t 530 531 626
t 531 627 626
t 531 532 627
t 532 628 627
t 532 533 628
t 533 629 628
t 533 534 629
t 534 630 629
t 534 535 630
t 535 631 630
t 535 536 631
t 536 632 631
t 536 537 632
t 537 633 632
t 537 538 633
t 538 634 633
t 538 539 634
t 539 635 634
t 539 540 635
t 540 636 635
t 540 541 636
t 541 637 636
t 541 542 637
t 542 638 637
t 542 543 638
t 543 639 638
t 543 544 639
t 544 640 639
t 544 545 640
t 545 641 640
t 545 546 641
t 546 642 641
t 546 547 642
t 547 643 642
t 547 548 643
t 548 644 643
t 548 549 644
t 549 645 644
t 549 550 645
t 550 646 645
t 550 551 646
t 551 647 646
t 551 552 647
t 552 648 647
t 552 553 648
t 553 649 648
t 553 554 649
t 554 650 649
t 554 555 650
t 555 651 650
t 555 556 651
t 556 652 651
t 556 557 652
t 557 653 652
t 557 558 653
t 558 654 653
t 558 559 654
t 559 655 654
t 559 560 655
t 560 656 655
t 560 561 656
t 561 657 656
t 561 562 657
t 562 658 657
t 562 563 658
t 563 659 658
t 563 564 659
t 564 660 659
t 564 565 660
t 565 661 660
t 565 566 661
t 566 662 661
t 566 567 662
t 567 663 662
t 567 568 663
t 568 664 663
t 568 569 664
t 569 665 664
t 569 570 665
t 570 666 665
t 570 571 666
t 571 667 666
t 571 572 667
t 572 668 667
t 572 573 668
t 573 669 668
t 573 574 669
t 574 670 669
t 574 575 670
t 575 671 670
t 575 576 671
t 576 672 671
t 576 577 672
t 577 673 672
t 577 578 673
t 578 674 673
t 578 579 674
t 579 675 674
t 579 580 675
t 580 676 675
t 580 581 676
t 581 677 676
t 581 582 677
t 582 678 677
t 582 583 678
t 583 679 678
t 583 584 679
t 584 680 679
t 584 585 680
t 585 681 680
t 585 586 681
t 586 682 681
t 586 587 682
t 587 683 682
t 587 588 683
t 588 684 683
t 588 589 684
t 589 685 684
t 589 590 685
t 590 686 685
t 590 591 686
t 591 687 686
t 591 592 687
t 592 688 687
t 592 593 688
t 593 689 688
t 593 594 689
t 594 690 689
t 594 595 690
t 595 691 690
t 595 596 691
t 596 692 691
t 596 597 692
t 597 693 692
t 597 598 693
t 598 694 693
t 598 599 694
t 599 695 694
t 599 600 695
t 600 696 695
t 600 601 696
t 601 697 696
t 601 602 697
t 602 698 697
t 602 603 698
t 603 699 698
t 603 604 699
t 604 700 699
t 604 605 700
t 605 701 700
t 605 606 701
t 606 104 701
t 606 607 104
t 607 608 104
t 608 609 104
t 609 610 104
t 610 611 104
t 611 612 104
t 612 95 104
t 38 36 37
t 38 35 36
t 38 34 35
t 38 33 34
t 38 32 33
t 38 31 32
t 38 30 31
t 38 29 30
t 104 105 106
t 104 106 107
t 104 107 108
t 104 108 109
t 104 109 110
t 104 110 111
t 104 111 112
t 104 112 113
t 38 702 29
t 38 703 702
t 38 704 703
t 38 705 704
t 38 706 705
t 38 707 706
t 38 708 707
t 38 709 708
t 38 710 709
t 38 711 710
t 38 613 711
t 613 712 711
t 613 614 712
t 614 713 712
t 614 615 713
t 615 714 713
t 615 616 714
t 616 715 714
t 616 617 715
t 617 716 715
t 617 618 716
t 618 717 716
t 618 619 717
t 619 718 717
t 619 620 718
t 620 719 718
t 620 621 719
t 621 720 719
t 621 622 720
t 622 721 720
t 622 623 721
t 623 722 721
t 623 624 722
t 624 723 722
t 624 625 723
t 625 724 723
t 625 626 724
t 626 725 724
t 626 627 725
t 627 726 725
t 627 628 726
t 628 727 726
t 628 629 727
t 629 728 727
t 629 630 728
t 630 729 728
t 630 631 729
t 631 730 729
t 631 632 730
t 632 731 730
t 632 633 731
t 633 732 731
t 633 634 732
t 634 733 732
t 634 635 733
t 635 734 733
t 635 636 734
t 636 735 734
t 636 637 735
t 637 736 735
t 637 638 736
t 638 737 736
t 638 639 737
t 639 738 737
t 639 640 738
t 640 739 738
t 640 641 739
t 641 740 739
t 641 642 740
t 642 741 740
t 642 643 741
t 643 742 741
t 643 644 742
t 644 743 742
t 644 645 743
t 645 744 743
t 645 646 744
t 646 745 744
t 646 647 745
t 647 746 745
t 647 648 746
t 648 747 746
t 648 649 747
t 649 748 747
t 649 650 748
t 650 749 748
t 650 651 749
t 651 750 749
t 651 652 750
t 652 751 750
t 652 653 751
t 653 752 751
t 653 654 752
t 654 753 752
t 654 655 753
t 655 754 753
t 655 656 754
t 656 755 754
t 656 657 755
t 657 756 755
t 657 658 756
t 658 757 756
t 658 659 757
t 659 758 757
t 659 660 758
t 660 759 758
t 660 661 759
t 661 760 759
t 661 662 760
t 662 761 760
t 662 663 761
t 663 762 761
t 663 664 762
t 664 763 762
t 664 665 763
t 665 764 763
t 665 666 764
t 666 765 764
t 666 667 765
t 667 766 765
t 667 668 766
t 668 767 766
t 668 669 767
t 669 768 767
t 669 670 768
t 670 769 768
t 670 671 769
t 671 770 769
t 671 672 770
t 672 771 770
t 672 673 771
t 673 772 771
t 673 674 772
t 674 773 772
t 674 675 773
t 675 774 773
t 675 676 774
t 676 775 774
t 676 677 775
t 677 776 775
t 677 678 776
t 678 777 776
t 678 679 777
t 679 778 777
t 679 680 778
t 680 779 778
t 680 681 779
t 681 780 779
t 681 682 780
t 682 781 780
t 682 683 781
t 683 782 781
t 683 684 782
t 684 783 782
t 684 685 783
t 685 784 783
t 685 686 784
t 686 785 784
t 686 687 785
t 687 786 785
t 687 688 786
t 688 787 786
t 688 689 787
t 689 788 787
t 689 690 788
t 690 789 788
t 690 691 789
t 691 790 789
t 691 692 790
t 692 791 790
t 692 693 791
t 693 792 791
t 693 694 792
t 694 793 792
t 694 695 793
t 695 794 793
t 695 696 794
t 696 795 794
t 696 697 795
t 697 796 795
t 697 698 796
t 698 797 796
t 698 699 797
t 699 798 797
t 699 700 798
t 700 799 798
t 700 701 799
t 701 800 799
t 701 104 800
t 104 801 800
t 104 802 801
t 104 803 802
t 104 113 803
t 29 27 28
t 29 26 27
t 29 25 26
t 29 24 25
t 29 23 24
t 29 22 23
t 29 21 22
t 29 20 21
t 29 19 20
t 113 114 115
t 113 115 116
t 113 116 117
t 113 117 118
t 113 118 119
t 113 119 120
t 113 120 121
t 113 121 122
t 29 804 19
t 29 805 804
t 29 806 805
t 29 807 806
t 29 808 807
t 29 809 808
t 29 810 809
t 29 811 810
t 29 812 811
t 29 813 812
t 29 702 813
t 702 814 813
t 702 703 814
t 703 815 814
t 703 704 815
t 704 816 815
t 704 705 816
t 705 817 816
t 705 706 817
t 706 818 817
t 706 707 818
t 707 819 818
t 707 708 819
t 708 820 819
t 708 709 820
t 709 821 820
t 709 710 821
t 710 822 821
t 710 711 822
t 711 823 822
t 711 712 823
t 712 824 823
t 712 713 824
t 713 825 824
t 713 714 825
t 714 826 825
t 714 715 826
t 715 827 826
t 715 716 827
t 716 828 827
t 716 717 828
t 717 829 828
t 717 718 829
t 718 830 829
t 718 719 830
t 719 831 830
t 719 720 831
t 720 832 831
t 720 721 832
t 721 833 832
t 721 722 833
t 722 834 833
t 722 723 834
t 723 835 834
t 723 724 835
t 724 836 835
t 724 725 836
t 725 837 836
t 725 726 837
t 726 838 837
t 726 727 838
t 727 839 838
t 727 728 839
t 728 840 839
t 728 729 840
t 729 841 840
t 729 730 841
t 730 842 841
t 730 731 842
t 731 843 842
t 731 732 843
t 732 844 843
t 732 733 844
t 733 845 844
t 733 734 845
t 734 846 845
t 734 735 846
t 735 847 846
t 735 736 847
t 736 848 847
t 736 737 848
t 737 849 848
t 737 738 849
t 738 850 849
t 738 739 850
t 739 851 850
t 739 740 851
t 740 852 851
t 740 741 852
t 741 853 852
t 741 742 853
t 742 854 853
t 742 743 854
t 743 855 854
t 743 744 855
t 744 856 855
t 744 745 856
t 745 857 856
t 745 746 857
t 746 858 857
t 746 747 858
t 747 859 858
t 747 748 859
t 748 860 859
t 748 749 860
t 749 861 860
t 749 750 861
t 750 862 861
t 750 751 862
t 751 863 862
t 751 752 863
t 752 864 863
t 752 753 864
t 753 865 864
t 753 754 865
t 754 866 865
t 754 755 866
t 755 867 866
t 755 756 867
t 756 868 867
t 756 757 868
t 757 869 868
t 757 758 869
t 758 870 869
t 758 759 870
t 759 871 870
t 759 760 871
t 760 872 871
t 760 761 872
t 761 873 872
t 761 762 873
t 762 874 873
t 762 763 874
t 763 875 874
t 763 764 875
t 764 876 875
t 764 765 876
t 765 877 876
t 765 766 877
t 766 878 877
t 766 767 878
t 767 879 878
t 767 768 879
t 768 880 879
t 768 769 880
t 769 881 880
t 769 770 881
t 770 882 881
t 770 771 882
t 771 883 882
t 771 772 883
t 772 884 883
t 772 773 884
t 773 885 884
t 773 774 885
t 774 886 885
t 774 775 886
t 775 887 886
t 775 776 887
t 776 888 887
t 776 777 888
t 777 889 888
t 777 778 889
t 778 890 889
t 778 779 890
t 779 891 890
t 779 780 891
t 780 892 891
t 780 781 892
t 781 893 892
t 781 782 893
t 782 894 893
t 782 783 894
t 783 895 894
t 783 784 895
t 784 896 895
t 784 785 896
t 785 897 896
t 785 786 897
t 786 898 897
t 786 787 898
t 787 899 898
t 787 788 899
t 788 900 899
t 788 789 900
t 789 901 900
t 789 790 901
t 790 902 901
t 790 791 902
t 791 903 902
t 791 792 903
t 792 904 903
t 792 793 904
t 793 905 904
t 793 794 905
t 794 906 905
t 794 795 906
t 795 907 906
t 795 796 907
t 796 908 907
t 796 797 908
t 797 909 908
t 797 798 909
t 798 910 909
t 798 799 910
t 799 911 910
t 799 800 911
t 800 912 911
t 800 801 912
t 801 913 912
t 801 802 913
t 802 914 913
t 802 803 914
t 803 915 914
t 803 113 915
t 113 916 915
t 113 917 916
t 113 918 917
t 113 919 918
t 113 920 919
t 113 921 920
t 113 122 921
t 19 17 18
t 19 16 17
t 19 15 16
t 19 14 15
t 19 13 14
t 19 12 13
t 19 11 12
t 19 10 11
t 122 123 124
t 122 124 125
t 122 125 126
t 122 126 127
t 122 127 128
t 122 128 129
t 122 129 130
t 122 130 131
t 19 922 10
t 19 923 922
t 19 924 923
t 19 925 924
t 19 926 925
t 19 927 926
t 19 928 927
t 19 929 928
t 19 930 929
t 19 804 930
t 804 931 930
t 804 805 931
t 805 932 931
t 805 806 932
t 806 933 932
t 806 807 933
t 807 934 933
t 807 808 934
t 808 935 934
t 808 809 935
t 809 936 935
t 809 810 936
t 810 937 936
t 810 811 937
t 811 938 937
t 811 812 938
t 812 939 938
t 812 813 939
t 813 940 939
t 813 814 940
t 814 941 940
t 814 815 941
t 815 942 941
t 815 816 942
t 816 943 942
t 816 817 943
t 817 944 943
t 817 818 944
t 818 945 944
t 818 819 945
t 819 946 945
t 819 820 946
t 820 947 946
t 820 821 947
t 821 948 947
t 821 822 948
t 822 949 948
t 822 823 949
t 823 950 949
t 823 824 950
t 824 951 950
t 824 825 951
t 825 952 951
t 825 826 952
t 826 953 952
t 826 827 953
t 827 954 953
t 827 828 954
t 828 955 954
t 828 829 955
t 829 956 955
t 829 830 956
t 830 957 956
t 830 831 957
t 831 958 957
t 831 832 958
t 832 959 958
t 832 833 959
t 833 960 959
t 833 834 960
t 834 961 960
t 834 835 961
t 835 962 961
t 835 836 962
t 836 963 962
t 836 837 963
t 837 964 963
t 837 838 964
t 838 965 964
t 838 839 965
t 839 966 965
t 839 840 966
t 840 967 966
t 840 841 967
t 841 968 967
t 841 842 968
t 842 969 968
t 842 843 969
t 843 970 969
t 843 844 970
t 844 971 970
t 844 845 971
t 845 972 971
t 845 846 972
t 846 973 972
t 846 847 973
t 847 974 973
t 847 848 974
t 848 975 974
t 848 849 975
t 849 976 975
t 849 850 976
t 850 977 976
t 850 851 977
t 851 978 977
t 851 852 978
t 852 979 978
t 852 853 979
t 853 980 979
t 853 854 980
t 854 981 980
t 854 855 981
t 855 982 981
t 855 856 982
t 856 983 982
t 856 857 983
t 857 984 983
t 857 858 984
t 858 985 984
t 858 859 985
t 859 986 985
t 859 860 986
t 860 987 986
t 860 861 987
t 861 988 987
t 861 862 988
t 862 989 988
t 862 863 989
t 863 990 989
t 863 864 990
t 864 991 990
t 864 865 991
t 865 992 991
t 865 866 992
t 866 993 992
t 866 867 993
t 867 994 993
t 867 868 994
t 868 995 994
t 868 869 995
t 869 996 995
t 869 870 996
t 870 997 996
t 870 871 997
t 871 998 997
t 871 872 998
t 872 999 998
t 872 873 999
t 873 1000 999
t 873 874 1000
t 874 1001 1000
t 874 875 1001
t 875 1002 1001
t 875 876 1002
t 876 1003 1002
t 876 877 1003
t 877 1004 1003
t 877 878 1004
t 878 1005 1004
t 878 879 1005
t 879 1006 1005
t 879 880 1006
t 880 1007 1006
t 880 881 1007
t 881 1008 1007
t 881 882 1008
t 882 1009 1008
t 882 883 1009
t 883 1010 1009
t 883 884 1010
t 884 1011 1010
t 884 885 1011
t 885 1012 1011
t 885 886 1012
t 886 1013 1012
t 886 887 1013
t 887 1014 1013
t 887 888 1014
t 888 1015 1014
t 888 889 1015
t 889 1016 1015
t 889 890 1016
t 890 1017 1016
t 890 891 1017
t 891 1018 1017
t 891 892 1018
t 892 1019 1018
t 892 893 1019
t 893 1020 1019
t 893 894 1020
t 894 1021 1020
t 894 895 1021
t 895 1022 1021
t 895 896 1022
t 896 1023 1022
t 896 897 1023
t 897 1024 1023
t 897 898 1024
t 898 1025 1024
t 898 899 1025
t 899 1026 1025
t 899 900 1026
t 900 1027 1026
t 900 901 1027
t 901 1028 1027
t 901 902 1028
t 902 1029 1028
t 902 903 1029
t 903 1030 1029
t 903 904 1030
t 904 1031 1030
t 904 905 1031
t 905 1032 1031
t 905 906 1032
t 906 1033 1032
t 906 907 1033
t 907 1034 1033
t 907 908 1034
t 908 1035 1034
t 908 909 1035
t 909 1036 1035
t 909 910 1036
t 910 1037 1036
t 910 911 1037
t 911 1038 1037
t 911 912 1038
t 912 131 1038
t 912 913 131
t 913 914 131
t 914 915 131
t 915 916 131
t 916 917 131
t 917 918 131
t 918 919 131
t 919 920 131
t 920 921 131
t 921 122 131
t 10 8 9
t 10 7 8
t 10 6 7
t 10 5 6
t 10 4 5
t 10 3 4
t 10 2 3
t 10 1 2
t 10 0 1
t 131 132 133
t 131 133 134
t 131 134 135
t 131 135 136
t 131 136 137
t 131 137 138
t 131 138 139
t 131 139 140
t 131 140 141
t 10 922 0
t 922 923 0
t 923 924 0
t 924 925 0
t 925 926 0
t 926 927 0
t 927 928 0
t 928 929 0
t 929 930 0
t 930 931 0
t 931 932 0
t 932 933 0
t 933 934 0
t 934 935 0
t 935 936 0
t 936 937 0
t 937 938 0
t 938 939 0
t 939 940 0
t 940 941 0
t 941 171 0
t 941 942 171
t 942 943 171
t 943 944 171
t 944 945 171
t 945 946 171
t 946 947 171
t 947 948 171
t 948 949 171
t 949 950 171
t 950 951 171
t 951 952 171
t 952 953 171
t 953 954 171
t 954 955 171
t 955 170 171
t 955 956 170
t 956 957 170
t 957 958 170
t 958 959 170
t 959 960 170
t 960 961 170
t 961 962 170
t 962 963 170
t 963 964 170
t 964 965 170
t 965 966 170
t 966 967 170
t 967 169 170
t 967 968 169
t 968 969 169
t 969 970 169
t 970 168 169
t 970 971 168
t 971 972 168
t 972 167 168
t 972 973 167
t 973 974 167
t 974 166 167
t 974 975 166
t 975 976 166
t 976 165 166
t 976 977 165
t 977 978 165
t 978 164 165
t 978 979 164
t 979 980 164
t 980 163 164
t 980 981 163
t 981 982 163
t 982 162 163
t 982 983 162
t 983 984 162
t 984 161 162
t 984 985 161
t 985 986 161
t 986 160 161
t 986 987 160
t 987 988 160
t 988 159 160
t 988 989 159
t 989 990 159
t 990 158 159
t 990 991 158
t 991 992 158
t 992 157 158
t 992 993 157
t 993 994 157
t 994 156 157
t 994 995 156
t 995 996 156
t 996 155 156
t 996 997 155
t 997 998 155
t 998 154 155
t 998 999 154
t 999 1000 154
t 1000 153 154
t 1000 1001 153
t 1001 1002 153
t 1002 152 153
t 1002 1003 152
t 1003 1004 152
t 1004 151 152
t 1004 1005 151
t 1005 1006 151
t 1006 150 151
t 1006 1007 150
t 1007 1008 150
t 1008 149 150
t 1008 1009 149
t 1009 1010 149
t 1010 148 149
t 1010 1011 148
t 1011 1012 148
t 1012 147 148
t 1012 1013 147
t 1013 1014 147
t 1014 146 147
t 1014 1015 146
t 1015 1016 146
t 1016 145 146
t 1016 1017 145
t 1017 1018 145
t 1018 144 145
t 1018 1019 144
t 1019 1020 144
t 1020 143 144
t 1020 1021 143
t 1021 1022 143
t 1022 142 143
t 1022 1023 142
t 1023 1024 142
t 1024 1025 142
t 1025 1026 142
t 1026 1027 142
t 1027 1028 142
t 1028 1029 142
t 1029 1030 142
t 1030 1031 142
t 1031 1032 142
t 1032 1033 142
t 1033 1034 142
t 1034 1035 142
t 1035 1036 142
t 1036 1037 142
t 1037 1038 142
t 1038 131 142
t 131 141 142
