type=Nurbs forward=true n_boundary=220 n_holes=0 n_interior=67 n_tris=270 label=brep47598_f175_Nurbs(deg=3/3, cps=11x19)
boundary
b 0.999074803 0.901237661
b 0.975212557 0.901015634
b 0.951367562 0.900759589
b 0.927541203 0.900471483
b 0.903735242 0.900153959
b 0.879951912 0.899810450
b 0.856193267 0.899444741
b 0.832458929 0.899059081
b 0.808748139 0.898655342
b 0.785060496 0.898235569
b 0.761395998 0.897802062
b 0.737755253 0.897355558
b 0.714141201 0.896894648
b 0.690559052 0.896422705
b 0.667015224 0.895944953
b 0.643517563 0.895468516
b 0.620075514 0.895002473
b 0.596700074 0.894557517
b 0.573404846 0.894147333
b 0.550206801 0.893789432
b 0.527126943 0.893505756
b 0.504191760 0.893309504
b 0.481437407 0.893168492
b 0.458914268 0.893060437
b 0.436687414 0.892985527
b 0.414838466 0.892965931
b 0.393452516 0.893040968
b 0.372564674 0.893238255
b 0.352200467 0.893583126
b 0.332391627 0.894105054
b 0.313175446 0.894836734
b 0.294586489 0.895806880
b 0.276627339 0.897014042
b 0.259288685 0.898443900
b 0.242558321 0.900077830
b 0.226435781 0.901909369
b 0.210933029 0.903952204
b 0.196050011 0.906235283
b 0.181774553 0.908779755
b 0.168086534 0.911596694
b 0.154958817 0.914688550
b 0.142365758 0.918061580
b 0.130304266 0.921757109
b 0.118772278 0.925819130
b 0.107773406 0.930295938
b 0.097316983 0.935240437
b 0.087390284 0.940687775
b 0.077896177 0.946608509
b 0.068703195 0.952943289
b 0.059669420 0.959621845
b 0.050650552 0.966571083
b 0.041498134 0.973696421
b 0.032029411 0.980801675
b 0.022060546 0.987674524
b 0.011428158 0.994125651
b -0.000000000 1.000000000
b 0.003914004 0.990413662
b 0.008037294 0.981216861
b 0.012293513 0.972368379
b 0.016602088 0.963823902
b 0.020876997 0.955503070
b 0.025015079 0.947206680
b 0.028904047 0.938705743
b 0.032430224 0.929769922
b 0.035501106 0.920204886
b 0.038068746 0.909900457
b 0.040111029 0.898778643
b 0.041659321 0.886815451
b 0.042815582 0.874077350
b 0.043724055 0.860714721
b 0.044489500 0.846842219
b 0.045202794 0.832558299
b 0.045934011 0.817930428
b 0.046718648 0.802975610
b 0.047556974 0.787672925
b 0.048429479 0.771980936
b 0.049290348 0.755837696
b 0.050059818 0.739157125
b 0.050703833 0.721899040
b 0.051226277 0.704059464
b 0.051631193 0.685628184
b 0.051923359 0.666587570
b 0.052125889 0.646934119
b 0.052278905 0.626677559
b 0.052418474 0.605838515
b 0.052556125 0.584416722
b 0.052710667 0.562406753
b 0.052916344 0.539812608
b 0.053214244 0.516723255
b 0.053623537 0.493280888
b 0.054119589 0.469586984
b 0.054642248 0.445700738
b 0.055216684 0.421778378
b 0.055889462 0.398028793
b 0.056648406 0.374642468
b 0.057430879 0.351785621
b 0.058196128 0.329457562
b 0.058950053 0.307564413
b 0.059719893 0.286018689
b 0.060543381 0.264726584
b 0.061431022 0.243501546
b 0.062384324 0.222115563
b 0.063400359 0.200340435
b 0.064499015 0.177975902
b 0.065656891 0.154935031
b 0.066838969 0.131150810
b 0.068017503 0.106545961
b 0.069169346 0.081067306
b 0.070263186 0.054715245
b 0.071214944 0.027498778
b 0.071858909 -0.000584351
b 0.088726746 -0.000715666
b 0.105592408 -0.000844473
b 0.122456134 -0.000970663
b 0.139318151 -0.001094129
b 0.156178696 -0.001214758
b 0.173038001 -0.001332436
b 0.189896289 -0.001447048
b 0.206753775 -0.001558475
b 0.223610668 -0.001666601
b 0.240467165 -0.001771306
b 0.257323456 -0.001872471
b 0.274179727 -0.001969992
b 0.291036163 -0.002063777
b 0.307892939 -0.002153736
b 0.324750216 -0.002239780
b 0.341608146 -0.002321816
b 0.358466868 -0.002399750
b 0.375326510 -0.002473486
b 0.392187193 -0.002542918
b 0.409049033 -0.002607827
b 0.425912136 -0.002667924
b 0.442776600 -0.002722921
b 0.459642512 -0.002772523
b 0.476509945 -0.002816435
b 0.493378963 -0.002854361
b 0.510249618 -0.002885995
b 0.527121962 -0.002910981
b 0.543996046 -0.002928924
b 0.560871911 -0.002939423
b 0.577749585 -0.002942074
b 0.594629082 -0.002936469
b 0.611510406 -0.002922198
b 0.628393545 -0.002898847
b 0.645278473 -0.002865998
b 0.662165152 -0.002823231
b 0.679053525 -0.002770124
b 0.695943522 -0.002706256
b 0.712835023 -0.002631477
b 0.729727846 -0.002546062
b 0.746621793 -0.002450329
b 0.763516653 -0.002344604
b 0.780412163 -0.002229221
b 0.797308042 -0.002104515
b 0.814204018 -0.001970819
b 0.831099830 -0.001828464
b 0.847995225 -0.001677780
b 0.864889964 -0.001519094
b 0.881783819 -0.001352731
b 0.898676576 -0.001179013
b 0.915568036 -0.000998259
b 0.932458015 -0.000810788
b 0.949346344 -0.000616913
b 0.966232872 -0.000416948
b 0.983117463 -0.000211207
b 1.000000000 -0.000000000
b 1.000677586 0.013930642
b 1.001276949 0.028869391
b 1.001809195 0.044841826
b 1.002293333 0.061834229
b 1.002747454 0.079791360
b 1.003163719 0.098565377
b 1.003521590 0.117900748
b 1.003802298 0.137506174
b 1.003995466 0.157218696
b 1.004096378 0.176977396
b 1.004101643 0.196732085
b 1.004015431 0.216456539
b 1.003849286 0.236146970
b 1.003614695 0.255800463
b 1.003323945 0.275405998
b 1.002991596 0.294940324
b 1.002631965 0.314378333
b 1.002258603 0.333693662
b 1.001884035 0.352859759
b 1.001518845 0.371863351
b 1.001171701 0.390697532
b 1.000845798 0.409342940
b 1.000541919 0.427774896
b 1.000260345 0.445970759
b 1.000000905 0.463914681
b 0.999763439 0.481591453
b 0.999547736 0.498985378
b 0.999353186 0.516083737
b 0.999178121 0.532883907
b 0.999020852 0.549381172
b 0.998879832 0.565568513
b 0.998753565 0.581437261
b 0.998640573 0.596980371
b 0.998539537 0.612203798
b 0.998449311 0.627116694
b 0.998368998 0.641736679
b 0.998298179 0.656104783
b 0.998236745 0.670256554
b 0.998184853 0.684213668
b 0.998142773 0.697993404
b 0.998110857 0.711609471
b 0.998089398 0.725074113
b 0.998077755 0.738417735
b 0.998075006 0.751685399
b 0.998081249 0.764939683
b 0.998099054 0.778280464
b 0.998132283 0.791781261
b 0.998184934 0.805421458
b 0.998260304 0.819156724
b 0.998358224 0.832942037
b 0.998475903 0.846765941
b 0.998612010 0.860648486
b 0.998763091 0.874485378
b 0.998921847 0.888098600
interior
i 0.125512705 0.122425686
i 0.251025411 0.122425686
i 0.376538116 0.122425686
i 0.502050822 0.122425686
i 0.627563527 0.122425686
i 0.753076232 0.122425686
i 0.878588938 0.122425686
i 0.125512705 0.247793445
i 0.251025411 0.247793445
i 0.376538116 0.247793445
i 0.502050822 0.247793445
i 0.627563527 0.247793445
i 0.753076232 0.247793445
i 0.878588938 0.247793445
i 0.125512705 0.373161204
i 0.251025411 0.373161204
i 0.376538116 0.373161204
i 0.502050822 0.373161204
i 0.627563527 0.373161204
i 0.753076232 0.373161204
i 0.878588938 0.373161204
i 0.125512705 0.498528963
i 0.251025411 0.498528963
i 0.376538116 0.498528963
i 0.502050822 0.498528963
i 0.627563527 0.498528963
i 0.753076232 0.498528963
i 0.878588938 0.498528963
i 0.125512705 0.623896722
i 0.251025411 0.623896722
i 0.376538116 0.623896722
i 0.502050822 0.623896722
i 0.627563527 0.623896722
i 0.753076232 0.623896722
i 0.878588938 0.623896722
i 0.125512705 0.749264482
i 0.251025411 0.749264482
i 0.376538116 0.749264482
i 0.502050822 0.749264482
i 0.627563527 0.749264482
i 0.753076232 0.749264482
i 0.878588938 0.749264482
i 0.125512705 0.874632241
i 0.251025411 0.874632241
i 0.376538116 0.874632241
i 0.502050822 0.874632241
i 0.627563527 0.874632241
i 0.753076232 0.874632241
i 0.878588938 0.874632241
i 0.062756353 0.811948361
i 0.062756353 0.937316120
i 0.094134529 0.905974181
i 0.031378176 0.968658060
i 0.188269058 0.811948361
i 0.313781763 0.811948361
i 0.439294469 0.686580602
i 0.439294469 0.811948361
i 0.564807174 0.686580602
i 0.564807174 0.811948361
i 0.690319880 0.686580602
i 0.690319880 0.811948361
i 0.815832585 0.561212843
i 0.815832585 0.686580602
i 0.815832585 0.811948361
i 0.941345290 0.561212843
i 0.941345290 0.686580602
i 0.941345290 0.811948361
tris
t 286 0 1
t 1 2 3
t 3 4 5
t 5 6 7
t 7 8 9
t 9 10 11
t 11 12 13
t 50 51 52
t 52 53 54
t 54 55 56
t 56 57 58
t 58 59 60
t 70 71 72
t 72 73 74
t 84 85 86
t 86 87 88
t 88 89 90
t 90 91 92
t 92 93 94
t 94 95 96
t 96 97 98
t 98 99 100
t 100 101 102
t 102 103 104
t 109 110 111
t 111 112 113
t 113 114 115
t 115 116 117
t 117 118 119
t 119 120 121
t 121 122 123
t 123 124 125
t 125 126 127
t 127 128 129
t 129 130 131
t 131 132 133
t 133 134 135
t 135 136 137
t 137 138 139
t 139 140 141
t 141 142 143
t 143 144 145
t 145 146 147
t 147 148 149
t 149 150 151
t 151 152 153
t 153 154 155
t 155 156 157
t 157 158 159
t 159 160 161
t 161 162 163
t 163 164 165
t 165 166 167
t 167 168 169
t 169 170 171
t 171 172 173
t 173 174 175
t 175 176 177
t 177 178 179
t 179 180 181
t 181 182 183
t 218 219 220
t 225 226 227
t 232 233 234
t 239 240 241
t 246 247 248
t 253 254 255
t 272 270 274
t 270 271 274
t 271 273 274
t 283 284 285
t 286 1 3
t 3 5 7
t 7 9 11
t 11 13 14
t 49 50 52
t 52 54 56
t 56 58 60
t 70 72 74
t 83 84 86
t 86 88 90
t 90 92 94
t 94 96 98
t 98 100 102
t 108 109 111
t 111 113 115
t 115 117 119
t 119 121 123
t 123 125 127
t 127 129 131
t 131 133 135
t 135 137 139
t 139 141 143
t 143 145 147
t 147 149 151
t 151 153 155
t 155 157 159
t 159 161 163
t 163 165 167
t 167 169 171
t 171 173 175
t 175 177 179
t 179 181 183
t 217 218 220
t 224 225 227
t 231 232 234
t 238 239 241
t 245 246 248
t 252 253 255
t 269 270 272
t 283 285 286
t 3 7 11
t 11 14 15
t 49 52 56
t 56 60 61
t 70 74 75
t 83 86 90
t 90 94 98
t 102 104 98
t 104 105 98
t 107 108 111
t 111 115 119
t 119 123 127
t 127 131 135
t 135 139 143
t 143 147 151
t 151 155 159
t 159 163 167
t 167 171 175
t 175 179 183
t 216 217 220
t 223 224 227
t 230 231 234
t 237 238 241
t 244 245 248
t 251 252 255
t 283 286 3
t 3 11 15
t 48 49 56
t 70 75 76
t 82 83 90
t 90 98 105
t 106 107 111
t 111 119 127
t 127 135 143
t 143 151 159
t 159 167 175
t 175 183 184
t 222 223 227
t 229 230 234
t 236 237 241
t 243 244 248
t 250 251 255
t 3 15 16
t 47 48 56
t 81 82 90
t 90 105 106
t 106 111 127
t 127 143 159
t 159 175 184
t 221 222 227
t 228 229 234
t 235 236 241
t 242 243 248
t 249 250 255
t 3 16 17
t 46 47 56
t 81 90 106
t 106 127 159
t 159 184 185
t 220 221 227
t 227 228 234
t 234 235 241
t 241 242 248
t 248 249 255
t 80 81 106
t 159 185 186
t 79 80 106
t 159 186 187
t 159 187 188
t 159 188 189
t 159 189 190
t 159 190 191
t 159 191 192
t 159 192 193
t 159 193 194
t 159 194 195
t 159 195 196
t 159 196 197
t 159 197 198
t 159 198 199
t 159 199 200
t 159 200 201
t 159 201 202
t 159 202 203
t 159 203 204
t 159 204 205
t 159 205 206
t 159 206 207
t 159 207 208
t 159 208 209
t 159 209 210
t 159 210 211
t 159 211 212
t 159 212 213
t 159 213 214
t 159 214 215
t 159 215 216
t 280 281 283
t 159 216 220
t 274 275 276
t 276 277 278
t 278 279 280
t 106 159 220
t 79 106 220
t 78 79 220
t 77 78 220
t 76 77 220
t 70 76 220
t 69 70 220
t 68 69 220
t 67 68 220
t 261 262 269
t 280 283 3
t 255 261 269
t 278 280 3
t 220 255 269
t 276 278 3
t 67 220 269
t 274 276 3
t 66 67 269
t 274 3 17
t 65 66 269
t 274 17 18
t 64 65 269
t 274 18 19
t 64 269 272
t 274 19 20
t 63 64 272
t 274 20 21
t 62 63 272
t 274 21 22
t 61 62 272
t 274 22 23
t 56 61 272
t 274 23 24
t 46 56 272
t 274 24 25
t 45 46 272
t 274 25 26
t 45 272 274
t 274 26 27
t 44 45 274
t 274 27 28
t 43 44 274
t 274 28 29
t 42 43 274
t 274 29 30
t 41 42 274
t 274 30 31
t 40 41 274
t 274 31 32
t 39 40 274
t 274 32 33
t 38 39 274
t 274 33 34
t 37 38 274
t 274 34 35
t 36 37 274
t 274 35 36
