type=Nurbs forward=true n_boundary=172 n_holes=0 n_interior=360 n_tris=552 label=brep47598_f9_Nurbs(deg=3/3, cps=4x13)
boundary
b 0.218276939 0.998097670
b 0.218378859 0.986156717
b 0.218466713 0.974043207
b 0.218538660 0.961759619
b 0.218592983 0.949308323
b 0.218628077 0.936691579
b 0.218642431 0.923911538
b 0.218634616 0.910970234
b 0.218604696 0.897867656
b 0.218555801 0.884598275
b 0.218490086 0.871155482
b 0.218407965 0.857532522
b 0.218308027 0.843722502
b 0.218186953 0.829718400
b 0.218039457 0.815513086
b 0.217862164 0.801100491
b 0.217657522 0.786476665
b 0.217427468 0.771637703
b 0.217172525 0.756579483
b 0.216891710 0.741297667
b 0.216582434 0.725787712
b 0.216240511 0.710044880
b 0.215864884 0.694064361
b 0.215459361 0.677841256
b 0.215026409 0.661370367
b 0.214566547 0.644646187
b 0.214078205 0.627662914
b 0.213557567 0.610414455
b 0.212998731 0.592894550
b 0.212400470 0.575099076
b 0.211766907 0.557025948
b 0.211101200 0.538672754
b 0.210405098 0.520036653
b 0.209678770 0.501114379
b 0.208920619 0.481902242
b 0.208127456 0.462396269
b 0.207298962 0.442593749
b 0.206436834 0.422492694
b 0.205541535 0.402090612
b 0.204612009 0.381384491
b 0.203645443 0.360370794
b 0.202637022 0.339045479
b 0.201581869 0.317403377
b 0.200491289 0.295433280
b 0.199381507 0.273120313
b 0.198262943 0.250448684
b 0.197139603 0.227401744
b 0.196008527 0.203962050
b 0.194859203 0.180111430
b 0.193676091 0.155834306
b 0.192456792 0.131133171
b 0.191206763 0.106016095
b 0.189933307 0.080489812
b 0.188645070 0.054559670
b 0.187351492 0.028229587
b 0.186062217 0.001502021
b 0.207329357 0.001502043
b 0.228386888 0.001502043
b 0.249251743 0.001502043
b 0.269940286 0.001502043
b 0.290468376 0.001502044
b 0.310851414 0.001502044
b 0.331104390 0.001502044
b 0.351241932 0.001502044
b 0.371278349 0.001502044
b 0.391227671 0.001502044
b 0.411103692 0.001502044
b 0.430920005 0.001502044
b 0.450690045 0.001502044
b 0.470427121 0.001502044
b 0.490144453 0.001502044
b 0.509855210 0.001502044
b 0.529572542 0.001502044
b 0.549309617 0.001502044
b 0.569079656 0.001502044
b 0.588895968 0.001502044
b 0.608771988 0.001502044
b 0.628721308 0.001502044
b 0.648757722 0.001502044
b 0.668895262 0.001502044
b 0.689148235 0.001502044
b 0.709531269 0.001502044
b 0.730059356 0.001502045
b 0.750747895 0.001502045
b 0.771612745 0.001502045
b 0.792670272 0.001502045
b 0.813937663 0.001523401
b 0.813940082 0.028258321
b 0.813944243 0.054589777
b 0.813947082 0.080516714
b 0.813947114 0.106036688
b 0.813944364 0.131145882
b 0.813940304 0.155839131
b 0.813937811 0.180109957
b 0.813939001 0.203956916
b 0.813941468 0.227395159
b 0.813943128 0.250442244
b 0.813943066 0.273115061
b 0.813941388 0.295429760
b 0.813939085 0.317401687
b 0.813937901 0.339045315
b 0.813938729 0.360371610
b 0.813940152 0.381385761
b 0.813941059 0.402091897
b 0.813940948 0.422493665
b 0.813939891 0.442594218
b 0.813938503 0.462396209
b 0.813937892 0.481901804
b 0.813938452 0.501113784
b 0.813939343 0.520036045
b 0.813939940 0.538672209
b 0.813939937 0.557025499
b 0.813939326 0.575098731
b 0.813938387 0.592894310
b 0.813937653 0.610414327
b 0.813937344 0.627662897
b 0.813937306 0.644646250
b 0.813937416 0.661370464
b 0.813937587 0.677841340
b 0.813937763 0.694064396
b 0.813937913 0.710044852
b 0.813938019 0.725787639
b 0.813938095 0.741297569
b 0.813938196 0.756579373
b 0.813938327 0.771637590
b 0.813938435 0.786476562
b 0.813938415 0.801100425
b 0.813938106 0.815513100
b 0.813937347 0.829718558
b 0.813936416 0.843722841
b 0.813935747 0.857533031
b 0.813935588 0.871156107
b 0.813935995 0.884598920
b 0.813936847 0.897868191
b 0.813937845 0.910970494
b 0.813938577 0.923911348
b 0.813938920 0.936690854
b 0.813938943 0.949307110
b 0.813938737 0.961758100
b 0.813938411 0.974041697
b 0.813938098 0.986155667
b 0.813937954 0.998097670
b 0.793707655 0.998097670
b 0.773667690 0.998097670
b 0.753803459 0.998097670
b 0.734100830 0.998097670
b 0.714546091 0.998097670
b 0.695125913 0.998097670
b 0.675827313 0.998097670
b 0.656637613 0.998097670
b 0.637544411 0.998097670
b 0.618535543 0.998097670
b 0.599599056 0.998097670
b 0.580723174 0.998097670
b 0.561896268 0.998097670
b 0.543106830 0.998097670
b 0.524343442 0.998097670
b 0.505594748 0.998097670
b 0.486849430 0.998097670
b 0.468096177 0.998097670
b 0.449323658 0.998097670
b 0.430520496 0.998097670
b 0.411675240 0.998097670
b 0.392776338 0.998097670
b 0.373812103 0.998097670
b 0.354770693 0.998097670
b 0.335640073 0.998097670
b 0.316407986 0.998097670
b 0.297061925 0.998097670
b 0.277589091 0.998097670
b 0.257976368 0.998097670
b 0.238210276 0.998097670
interior
i 0.264547829 0.126076477
i 0.343033441 0.126076477
i 0.421519053 0.126076477
i 0.500004665 0.126076477
i 0.578490278 0.126076477
i 0.656975890 0.126076477
i 0.735461502 0.126076477
i 0.264547829 0.250650933
i 0.343033441 0.250650933
i 0.421519053 0.250650933
i 0.500004665 0.250650933
i 0.578490278 0.250650933
i 0.656975890 0.250650933
i 0.735461502 0.250650933
i 0.264547829 0.375225390
i 0.343033441 0.375225390
i 0.421519053 0.375225390
i 0.500004665 0.375225390
i 0.578490278 0.375225390
i 0.656975890 0.375225390
i 0.735461502 0.375225390
i 0.264547829 0.499799846
i 0.343033441 0.499799846
i 0.421519053 0.499799846
i 0.500004665 0.499799846
i 0.578490278 0.499799846
i 0.656975890 0.499799846
i 0.735461502 0.499799846
i 0.264547829 0.624374302
i 0.343033441 0.624374302
i 0.421519053 0.624374302
i 0.500004665 0.624374302
i 0.578490278 0.624374302
i 0.656975890 0.624374302
i 0.735461502 0.624374302
i 0.264547829 0.748948758
i 0.343033441 0.748948758
i 0.421519053 0.748948758
i 0.500004665 0.748948758
i 0.578490278 0.748948758
i 0.656975890 0.748948758
i 0.735461502 0.748948758
i 0.264547829 0.873523214
i 0.343033441 0.873523214
i 0.421519053 0.873523214
i 0.500004665 0.873523214
i 0.578490278 0.873523214
i 0.656975890 0.873523214
i 0.735461502 0.873523214
i 0.225305023 0.063789249
i 0.205683620 0.032645635
i 0.244926426 0.032645635
i 0.205683620 0.094932863
i 0.244926426 0.094932863
i 0.225305023 0.188363705
i 0.205683620 0.157220091
i 0.244926426 0.157220091
i 0.205683620 0.219507319
i 0.244926426 0.219507319
i 0.225305023 0.312938161
i 0.205683620 0.281794547
i 0.244926426 0.281794547
i 0.205683620 0.344081775
i 0.244926426 0.344081775
i 0.225305023 0.437512618
i 0.205683620 0.406369004
i 0.244926426 0.406369004
i 0.244926426 0.468656232
i 0.225305023 0.562087074
i 0.244926426 0.530943460
i 0.244926426 0.593230688
i 0.225305023 0.686661530
i 0.244926426 0.655517916
i 0.244926426 0.717805144
i 0.225305023 0.811235986
i 0.244926426 0.780092372
i 0.244926426 0.842379600
i 0.225305023 0.935810442
i 0.244926426 0.904666828
i 0.244926426 0.966954056
i 0.303790635 0.063789249
i 0.284169232 0.032645635
i 0.323412038 0.032645635
i 0.284169232 0.094932863
i 0.323412038 0.094932863
i 0.303790635 0.188363705
i 0.284169232 0.157220091
i 0.323412038 0.157220091
i 0.284169232 0.219507319
i 0.323412038 0.219507319
i 0.303790635 0.312938161
i 0.284169232 0.281794547
i 0.323412038 0.281794547
i 0.284169232 0.344081775
i 0.323412038 0.344081775
i 0.303790635 0.437512618
i 0.284169232 0.406369004
i 0.323412038 0.406369004
i 0.284169232 0.468656232
i 0.323412038 0.468656232
i 0.303790635 0.562087074
i 0.284169232 0.530943460
i 0.323412038 0.530943460
i 0.284169232 0.593230688
i 0.323412038 0.593230688
i 0.303790635 0.686661530
i 0.284169232 0.655517916
i 0.323412038 0.655517916
i 0.284169232 0.717805144
i 0.323412038 0.717805144
i 0.303790635 0.811235986
i 0.284169232 0.780092372
i 0.323412038 0.780092372
i 0.284169232 0.842379600
i 0.323412038 0.842379600
i 0.303790635 0.935810442
i 0.284169232 0.904666828
i 0.323412038 0.904666828
i 0.284169232 0.966954056
i 0.323412038 0.966954056
i 0.382276247 0.063789249
i 0.362654844 0.032645635
i 0.401897650 0.032645635
i 0.362654844 0.094932863
i 0.401897650 0.094932863
i 0.382276247 0.188363705
i 0.362654844 0.157220091
i 0.401897650 0.157220091
i 0.362654844 0.219507319
i 0.401897650 0.219507319
i 0.382276247 0.312938161
i 0.362654844 0.281794547
i 0.401897650 0.281794547
i 0.362654844 0.344081775
i 0.401897650 0.344081775
i 0.382276247 0.437512618
i 0.362654844 0.406369004
i 0.401897650 0.406369004
i 0.362654844 0.468656232
i 0.401897650 0.468656232
i 0.382276247 0.562087074
i 0.362654844 0.530943460
i 0.401897650 0.530943460
i 0.362654844 0.593230688
i 0.401897650 0.593230688
i 0.382276247 0.686661530
i 0.362654844 0.655517916
i 0.401897650 0.655517916
i 0.362654844 0.717805144
i 0.401897650 0.717805144
i 0.382276247 0.811235986
i 0.362654844 0.780092372
i 0.401897650 0.780092372
i 0.362654844 0.842379600
i 0.401897650 0.842379600
i 0.382276247 0.935810442
i 0.362654844 0.904666828
i 0.401897650 0.904666828
i 0.362654844 0.966954056
i 0.401897650 0.966954056
i 0.460761859 0.063789249
i 0.441140456 0.032645635
i 0.480383262 0.032645635
i 0.441140456 0.094932863
i 0.480383262 0.094932863
i 0.460761859 0.188363705
i 0.441140456 0.157220091
i 0.480383262 0.157220091
i 0.441140456 0.219507319
i 0.480383262 0.219507319
i 0.460761859 0.312938161
i 0.441140456 0.281794547
i 0.480383262 0.281794547
i 0.441140456 0.344081775
i 0.480383262 0.344081775
i 0.460761859 0.437512618
i 0.441140456 0.406369004
i 0.480383262 0.406369004
i 0.441140456 0.468656232
i 0.480383262 0.468656232
i 0.460761859 0.562087074
i 0.441140456 0.530943460
i 0.480383262 0.530943460
i 0.441140456 0.593230688
i 0.480383262 0.593230688
i 0.460761859 0.686661530
i 0.441140456 0.655517916
i 0.480383262 0.655517916
i 0.441140456 0.717805144
i 0.480383262 0.717805144
i 0.460761859 0.811235986
i 0.441140456 0.780092372
i 0.480383262 0.780092372
i 0.441140456 0.842379600
i 0.480383262 0.842379600
i 0.460761859 0.935810442
i 0.441140456 0.904666828
i 0.480383262 0.904666828
i 0.441140456 0.966954056
i 0.480383262 0.966954056
i 0.539247472 0.063789249
i 0.519626069 0.032645635
i 0.558868875 0.032645635
i 0.519626069 0.094932863
i 0.558868875 0.094932863
i 0.539247472 0.188363705
i 0.519626069 0.157220091
i 0.558868875 0.157220091
i 0.519626069 0.219507319
i 0.558868875 0.219507319
i 0.539247472 0.312938161
i 0.519626069 0.281794547
i 0.558868875 0.281794547
i 0.519626069 0.344081775
i 0.558868875 0.344081775
i 0.539247472 0.437512618
i 0.519626069 0.406369004
i 0.558868875 0.406369004
i 0.519626069 0.468656232
i 0.558868875 0.468656232
i 0.539247472 0.562087074
i 0.519626069 0.530943460
i 0.558868875 0.530943460
i 0.519626069 0.593230688
i 0.558868875 0.593230688
i 0.539247472 0.686661530
i 0.519626069 0.655517916
i 0.558868875 0.655517916
i 0.519626069 0.717805144
i 0.558868875 0.717805144
i 0.539247472 0.811235986
i 0.519626069 0.780092372
i 0.558868875 0.780092372
i 0.519626069 0.842379600
i 0.558868875 0.842379600
i 0.539247472 0.935810442
i 0.519626069 0.904666828
i 0.558868875 0.904666828
i 0.519626069 0.966954056
i 0.558868875 0.966954056
i 0.617733084 0.063789249
i 0.598111681 0.032645635
i 0.637354487 0.032645635
i 0.598111681 0.094932863
i 0.637354487 0.094932863
i 0.617733084 0.188363705
i 0.598111681 0.157220091
i 0.637354487 0.157220091
i 0.598111681 0.219507319
i 0.637354487 0.219507319
i 0.617733084 0.312938161
i 0.598111681 0.281794547
i 0.637354487 0.281794547
i 0.598111681 0.344081775
i 0.637354487 0.344081775
i 0.617733084 0.437512618
i 0.598111681 0.406369004
i 0.637354487 0.406369004
i 0.598111681 0.468656232
i 0.637354487 0.468656232
i 0.617733084 0.562087074
i 0.598111681 0.530943460
i 0.637354487 0.530943460
i 0.598111681 0.593230688
i 0.637354487 0.593230688
i 0.617733084 0.686661530
i 0.598111681 0.655517916
i 0.637354487 0.655517916
i 0.598111681 0.717805144
i 0.637354487 0.717805144
i 0.617733084 0.811235986
i 0.598111681 0.780092372
i 0.637354487 0.780092372
i 0.598111681 0.842379600
i 0.637354487 0.842379600
i 0.617733084 0.935810442
i 0.598111681 0.904666828
i 0.637354487 0.904666828
i 0.598111681 0.966954056
i 0.637354487 0.966954056
i 0.696218696 0.063789249
i 0.676597293 0.032645635
i 0.715840099 0.032645635
i 0.676597293 0.094932863
i 0.715840099 0.094932863
i 0.696218696 0.188363705
i 0.676597293 0.157220091
i 0.715840099 0.157220091
i 0.676597293 0.219507319
i 0.715840099 0.219507319
i 0.696218696 0.312938161
i 0.676597293 0.281794547
i 0.715840099 0.281794547
i 0.676597293 0.344081775
i 0.715840099 0.344081775
i 0.696218696 0.437512618
i 0.676597293 0.406369004
i 0.715840099 0.406369004
i 0.676597293 0.468656232
i 0.715840099 0.468656232
i 0.696218696 0.562087074
i 0.676597293 0.530943460
i 0.715840099 0.530943460
i 0.676597293 0.593230688
i 0.715840099 0.593230688
i 0.696218696 0.686661530
i 0.676597293 0.655517916
i 0.715840099 0.655517916
i 0.676597293 0.717805144
i 0.715840099 0.717805144
i 0.696218696 0.811235986
i 0.676597293 0.780092372
i 0.715840099 0.780092372
i 0.676597293 0.842379600
i 0.715840099 0.842379600
i 0.696218696 0.935810442
i 0.676597293 0.904666828
i 0.715840099 0.904666828
i 0.676597293 0.966954056
i 0.715840099 0.966954056
i 0.774704308 0.063789249
i 0.755082905 0.032645635
i 0.794325711 0.032645635
i 0.755082905 0.094932863
i 0.794325711 0.094932863
i 0.774704308 0.188363705
i 0.755082905 0.157220091
i 0.794325711 0.157220091
i 0.755082905 0.219507319
i 0.794325711 0.219507319
i 0.774704308 0.312938161
i 0.755082905 0.281794547
i 0.794325711 0.281794547
i 0.755082905 0.344081775
i 0.794325711 0.344081775
i 0.774704308 0.437512618
i 0.755082905 0.406369004
i 0.794325711 0.406369004
i 0.755082905 0.468656232
i 0.794325711 0.468656232
i 0.774704308 0.562087074
i 0.755082905 0.530943460
i 0.794325711 0.530943460
i 0.755082905 0.593230688
i 0.794325711 0.593230688
i 0.774704308 0.686661530
i 0.755082905 0.655517916
i 0.794325711 0.655517916
i 0.755082905 0.717805144
i 0.794325711 0.717805144
i 0.774704308 0.811235986
i 0.755082905 0.780092372
i 0.794325711 0.780092372
i 0.755082905 0.842379600
i 0.794325711 0.842379600
i 0.774704308 0.935810442
i 0.755082905 0.904666828
i 0.794325711 0.904666828
i 0.755082905 0.966954056
i 0.794325711 0.966954056
tris
t 55 53 54
t 55 52 53
t 55 51 52
t 55 50 51
t 55 49 50
t 55 48 49
t 55 47 48
t 55 46 47
t 55 45 46
t 55 44 45
t 55 43 44
t 55 42 43
t 85 86 87
t 85 87 88
t 85 88 89
t 85 89 90
t 85 90 91
t 85 91 92
t 85 92 93
t 85 93 94
t 85 94 95
t 85 95 96
t 85 96 97
t 85 97 98
t 85 98 99
t 55 532 42
t 55 533 532
t 55 534 533
t 55 535 534
t 55 536 535
t 55 537 536
t 55 56 537
t 56 538 537
t 56 539 538
t 56 540 539
t 56 541 540
t 56 542 541
t 56 543 542
t 56 544 543
t 56 545 544
t 56 546 545
t 56 547 546
t 56 548 547
t 56 549 548
t 56 550 549
t 56 551 550
t 56 552 551
t 56 553 552
t 56 554 553
t 56 555 554
t 56 556 555
t 56 557 556
t 56 558 557
t 56 559 558
t 56 560 559
t 56 561 560
t 56 562 561
t 56 563 562
t 56 564 563
t 56 565 564
t 56 566 565
t 56 567 566
t 56 568 567
t 56 569 568
t 56 570 569
t 56 571 570
t 56 572 571
t 56 573 572
t 56 574 573
t 56 57 574
t 57 575 574
t 57 576 575
t 57 58 576
t 58 577 576
t 58 578 577
t 58 59 578
t 59 579 578
t 59 580 579
t 59 60 580
t 60 581 580
t 60 582 581
t 60 61 582
t 61 583 582
t 61 584 583
t 61 62 584
t 62 585 584
t 62 586 585
t 62 63 586
t 63 587 586
t 63 588 587
t 63 64 588
t 64 589 588
t 64 590 589
t 64 65 590
t 65 591 590
t 65 592 591
t 65 66 592
t 66 593 592
t 66 594 593
t 66 595 594
t 66 67 595
t 67 596 595
t 67 597 596
t 67 68 597
t 68 598 597
t 68 599 598
t 68 69 599
t 69 600 599
t 69 601 600
t 69 70 601
t 70 602 601
t 70 603 602
t 70 71 603
t 71 604 603
t 71 605 604
t 71 72 605
t 72 606 605
t 72 607 606
t 72 73 607
t 73 608 607
t 73 609 608
t 73 74 609
t 74 610 609
t 74 611 610
t 74 75 611
t 75 612 611
t 75 613 612
t 75 76 613
t 76 614 613
t 76 615 614
t 76 77 615
t 77 616 615
t 77 617 616
t 77 78 617
t 78 618 617
t 78 619 618
t 78 79 619
t 79 620 619
t 79 621 620
t 79 80 621
t 80 622 621
t 80 623 622
t 80 81 623
t 81 624 623
t 81 625 624
t 81 82 625
t 82 626 625
t 82 627 626
t 82 83 627
t 83 628 627
t 83 629 628
t 83 84 629
t 84 630 629
t 84 631 630
t 84 85 631
t 85 632 631
t 85 633 632
t 85 634 633
t 85 635 634
t 85 636 635
t 85 637 636
t 85 99 637
t 42 40 41
t 42 39 40
t 42 38 39
t 42 37 38
t 42 36 37
t 42 35 36
t 42 34 35
t 42 33 34
t 42 32 33
t 42 31 32
t 42 30 31
t 42 29 30
t 42 28 29
t 42 27 28
t 42 26 27
t 42 25 26
t 42 24 25
t 99 100 101
t 99 101 102
t 99 102 103
t 99 103 104
t 99 104 105
t 99 105 106
t 99 106 107
t 99 107 108
t 99 108 109
t 99 109 110
t 99 110 111
t 99 111 112
t 99 112 113
t 99 113 114
t 99 114 115
t 99 115 116
t 99 116 117
t 42 532 24
t 532 533 24
t 533 534 24
t 534 535 24
t 535 536 24
t 536 537 24
t 537 538 24
t 538 539 24
t 539 540 24
t 540 541 24
t 541 542 24
t 542 543 24
t 543 544 24
t 544 545 24
t 545 546 24
t 546 547 24
t 547 548 24
t 548 549 24
t 549 550 24
t 550 551 24
t 551 638 24
t 551 552 638
t 552 639 638
t 552 553 639
t 553 640 639
t 553 554 640
t 554 641 640
t 554 555 641
t 555 642 641
t 555 556 642
t 556 643 642
t 556 557 643
t 557 644 643
t 557 558 644
t 558 645 644
t 558 559 645
t 559 646 645
t 559 560 646
t 560 647 646
t 560 561 647
t 561 648 647
t 561 562 648
t 562 649 648
t 562 563 649
t 563 650 649
t 563 564 650
t 564 651 650
t 564 565 651
t 565 652 651
t 565 566 652
t 566 653 652
t 566 567 653
t 567 654 653
t 567 568 654
t 568 655 654
t 568 569 655
t 569 656 655
t 569 570 656
t 570 657 656
t 570 571 657
t 571 658 657
t 571 572 658
t 572 659 658
t 572 573 659
t 573 660 659
t 573 574 660
t 574 661 660
t 574 575 661
t 575 662 661
t 575 576 662
t 576 663 662
t 576 577 663
t 577 664 663
t 577 578 664
t 578 665 664
t 578 579 665
t 579 666 665
t 579 580 666
t 580 667 666
t 580 581 667
t 581 668 667
t 581 582 668
t 582 669 668
t 582 583 669
t 583 670 669
t 583 584 670
t 584 671 670
t 584 585 671
t 585 672 671
t 585 586 672
t 586 673 672
t 586 587 673
t 587 674 673
t 587 588 674
t 588 675 674
t 588 589 675
t 589 676 675
t 589 590 676
t 590 677 676
t 590 591 677
t 591 678 677
t 591 592 678
t 592 679 678
t 592 593 679
t 593 680 679
t 593 594 680
t 594 681 680
t 594 595 681
t 595 682 681
t 595 596 682
t 596 683 682
t 596 597 683
t 597 684 683
t 597 598 684
t 598 685 684
t 598 599 685
t 599 686 685
t 599 600 686
t 600 687 686
t 600 601 687
t 601 688 687
t 601 602 688
t 602 689 688
t 602 603 689
t 603 690 689
t 603 604 690
t 604 691 690
t 604 605 691
t 605 692 691
t 605 606 692
t 606 693 692
t 606 607 693
t 607 694 693
t 607 608 694
t 608 695 694
t 608 609 695
t 609 696 695
t 609 610 696
t 610 697 696
t 610 611 697
t 611 698 697
t 611 612 698
t 612 699 698
t 612 613 699
t 613 700 699
t 613 614 700
t 614 701 700
t 614 615 701
t 615 702 701
t 615 616 702
t 616 703 702
t 616 617 703
t 617 704 703
t 617 618 704
t 618 705 704
t 618 619 705
t 619 706 705
t 619 620 706
t 620 707 706
t 620 621 707
t 621 708 707
t 621 622 708
t 622 709 708
t 622 623 709
t 623 710 709
t 623 624 710
t 624 711 710
t 624 625 711
t 625 712 711
t 625 626 712
t 626 713 712
t 626 627 713
t 627 714 713
t 627 628 714
t 628 715 714
t 628 629 715
t 629 716 715
t 629 630 716
t 630 717 716
t 630 631 717
t 631 718 717
t 631 632 718
t 632 719 718
t 632 633 719
t 633 720 719
t 633 634 720
t 634 721 720
t 634 635 721
t 635 722 721
t 635 636 722
t 636 117 722
t 636 637 117
t 637 99 117
t 24 22 23
t 24 21 22
t 24 20 21
t 24 19 20
t 24 18 19
t 24 17 18
t 24 16 17
t 24 15 16
t 24 14 15
t 24 13 14
t 24 12 13
t 24 11 12
t 24 10 11
t 24 9 10
t 24 8 9
t 24 7 8
t 24 6 7
t 24 5 6
t 24 4 5
t 24 3 4
t 24 2 3
t 24 1 2
t 24 0 1
t 117 118 119
t 117 119 120
t 117 120 121
t 117 121 122
t 117 122 123
t 117 123 124
t 117 124 125
t 117 125 126
t 117 126 127
t 117 127 128
t 117 128 129
t 117 129 130
t 117 130 131
t 117 131 132
t 117 132 133
t 117 133 134
t 117 134 135
t 117 135 136
t 117 136 137
t 117 137 138
t 117 138 139
t 117 139 140
t 117 140 141
t 24 638 0
t 638 639 0
t 639 640 0
t 640 641 0
t 641 642 0
t 642 643 0
t 643 644 0
t 644 645 0
t 645 646 0
t 646 647 0
t 647 648 0
t 648 649 0
t 649 650 0
t 650 651 0
t 651 652 0
t 652 653 0
t 653 654 0
t 654 655 0
t 655 656 0
t 656 657 0
t 657 658 0
t 658 659 0
t 659 660 0
t 660 661 0
t 661 662 0
t 662 663 0
t 663 171 0
t 663 664 171
t 664 665 171
t 665 170 171
t 665 666 170
t 666 667 170
t 667 169 170
t 667 668 169
t 668 669 169
t 669 168 169
t 669 670 168
t 670 671 168
t 671 167 168
t 671 672 167
t 672 673 167
t 673 166 167
t 673 674 166
t 674 675 166
t 675 165 166
t 675 676 165
t 676 677 165
t 677 164 165
t 677 678 164
t 678 679 164
t 679 163 164
t 679 680 163
t 680 681 163
t 681 162 163
t 681 682 162
t 682 161 162
t 682 683 161
t 683 684 161
t 684 160 161
t 684 685 160
t 685 686 160
t 686 159 160
t 686 687 159
t 687 688 159
t 688 158 159
t 688 689 158
t 689 690 158
t 690 157 158
t 690 691 157
t 691 692 157
t 692 156 157
t 692 693 156
t 693 694 156
t 694 155 156
t 694 695 155
t 695 696 155
t 696 154 155
t 696 697 154
t 697 698 154
t 698 153 154
t 698 699 153
t 699 700 153
t 700 152 153
t 700 701 152
t 701 702 152
t 702 151 152
t 702 703 151
t 703 704 151
t 704 150 151
t 704 705 150
t 705 706 150
t 706 149 150
t 706 707 149
t 707 708 149
t 708 148 149
t 708 709 148
t 709 710 148
t 710 147 148
t 710 711 147
t 711 712 147
t 712 146 147
t 712 713 146
t 713 714 146
t 714 145 146
t 714 715 145
t 715 716 145
t 716 144 145
t 716 717 144
t 717 718 144
t 718 143 144
t 718 719 143
t 719 720 143
t 720 142 143
t 720 721 142
t 721 722 142
t 722 117 142
t 117 141 142
