type=Nurbs forward=false n_boundary=166 n_holes=0 n_interior=113 n_tris=206 label=brep47598_f23_Nurbs(deg=3/3, cps=7x6)
boundary
b 0.981818182 1.000000000
b 0.963636364 1.000000000
b 0.945454545 1.000000000
b 0.927272727 1.000000000
b 0.909090909 1.000000000
b 0.890909091 1.000000000
b 0.872727273 1.000000000
b 0.854545455 1.000000000
b 0.836363636 1.000000000
b 0.818181818 1.000000000
b 0.800000000 1.000000000
b 0.781818182 1.000000000
b 0.763636364 1.000000000
b 0.745454545 1.000000000
b 0.727272727 1.000000000
b 0.709090909 0.999999999
b 0.690909091 0.999999999
b 0.672727273 0.999999999
b 0.654545455 0.999999999
b 0.636363636 0.999999999
b 0.618181818 1.000000000
b 0.600000000 1.000000000
b 0.581818182 1.000000000
b 0.563636364 1.000000000
b 0.545454545 1.000000000
b 0.527272727 1.000000000
b 0.509090909 1.000000000
b 0.490909091 1.000000000
b 0.472727273 1.000000000
b 0.454545455 1.000000000
b 0.436363636 1.000000001
b 0.418181818 1.000000001
b 0.400000000 1.000000001
b 0.381818182 1.000000001
b 0.363636363 1.000000001
b 0.345454545 1.000000002
b 0.327272727 1.000000002
b 0.309090909 1.000000002
b 0.290909091 1.000000002
b 0.272727272 1.000000003
b 0.254545454 1.000000003
b 0.236363636 1.000000003
b 0.218181818 1.000000003
b 0.200000000 1.000000003
b 0.181818181 1.000000004
b 0.163636363 1.000000004
b 0.145454545 1.000000004
b 0.127272727 1.000000004
b 0.109090909 1.000000004
b 0.090909090 1.000000004
b 0.072727272 1.000000005
b 0.054545454 1.000000005
b 0.036363636 1.000000005
b 0.018181818 1.000000005
b -0.000000001 1.000000005
b 0.000000032 0.981818623
b 0.000000128 0.963638093
b 0.000000283 0.945458385
b 0.000000494 0.927279468
b 0.000000757 0.909101311
b 0.000001069 0.890923884
b 0.000001427 0.872747156
b 0.000001828 0.854571094
b 0.000002267 0.836395667
b 0.000002743 0.818220845
b 0.000003251 0.800046593
b 0.000003789 0.781872882
b 0.000004354 0.763699678
b 0.000004943 0.745526949
b 0.000005553 0.727354662
b 0.000006180 0.709182785
b 0.000006823 0.691011285
b 0.000007479 0.672840129
b 0.000008144 0.654669284
b 0.000008817 0.636498717
b 0.000009494 0.618328394
b 0.000010174 0.600158283
b 0.000010854 0.581988350
b 0.000011531 0.563818561
b 0.000012203 0.545648884
b 0.000012869 0.527479284
b 0.000013525 0.509309727
b 0.000014170 0.491140181
b 0.000014801 0.472970612
b 0.000015418 0.454800986
b 0.000016017 0.436631270
b 0.000016597 0.418461429
b 0.000017156 0.400291431
b 0.000017693 0.382121242
b 0.000018205 0.363950828
b 0.000018692 0.345780156
b 0.000019152 0.327609193
b 0.000019583 0.309437905
b 0.000019984 0.291266260
b 0.000020353 0.273094224
b 0.000020690 0.254921764
b 0.000020994 0.236748848
b 0.000021262 0.218575443
b 0.000021495 0.200401517
b 0.000021690 0.182227036
b 0.000021848 0.164051970
b 0.000021968 0.145876286
b 0.000022048 0.127699952
b 0.000022089 0.109522937
b 0.000022088 0.091345209
b 0.000022047 0.073166737
b 0.000021964 0.054987491
b 0.000021839 0.036807439
b 0.000021672 0.018626552
b 0.000021463 0.000444799
b 0.018202987 0.000443877
b 0.036384506 0.000440479
b 0.054566018 0.000434756
b 0.072747522 0.000426860
b 0.090929018 0.000416946
b 0.109110504 0.000405166
b 0.127291980 0.000391676
b 0.145473447 0.000376632
b 0.163654903 0.000360189
b 0.181836349 0.000342505
b 0.200017785 0.000323736
b 0.218199212 0.000304041
b 0.236380630 0.000283579
b 0.254562039 0.000262509
b 0.272743442 0.000240991
b 0.290924837 0.000219184
b 0.309106227 0.000197251
b 0.327287612 0.000175351
b 0.345468994 0.000153647
b 0.363650372 0.000132301
b 0.381831749 0.000111474
b 0.400013126 0.000091330
b 0.418194503 0.000072030
b 0.436375883 0.000053737
b 0.454557264 0.000036614
b 0.472738650 0.000020824
b 0.490920040 0.000006529
b 0.509101436 -0.000006114
b 0.527282837 -0.000017070
b 0.545464244 -0.000026426
b 0.563645657 -0.000034272
b 0.581827074 -0.000040702
b 0.600008495 -0.000045808
b 0.618189921 -0.000049683
b 0.636371350 -0.000052420
b 0.654552782 -0.000054114
b 0.672734217 -0.000054857
b 0.690915653 -0.000054743
b 0.709097091 -0.000053866
b 0.727278530 -0.000052321
b 0.745459970 -0.000050200
b 0.763641409 -0.000047599
b 0.781822848 -0.000044611
b 0.800004286 -0.000041330
b 0.818185722 -0.000037849
b 0.836367157 -0.000034263
b 0.854548590 -0.000030664
b 0.872730022 -0.000027145
b 0.890911451 -0.000023799
b 0.909092878 -0.000020719
b 0.927274304 -0.000017995
b 0.945455729 -0.000015719
b 0.963637152 -0.000013983
b 0.981818576 -0.000012875
b 1.000000000 -0.000012486
b 1.000000000 1.000000000
interior
i 0.124999999 0.124952001
i 0.250000000 0.124952001
i 0.375000000 0.124952001
i 0.500000000 0.124952001
i 0.625000000 0.124952001
i 0.750000000 0.124952001
i 0.875000000 0.124952001
i 0.124999999 0.249958859
i 0.250000000 0.249958859
i 0.375000000 0.249958859
i 0.500000000 0.249958859
i 0.625000000 0.249958859
i 0.750000000 0.249958859
i 0.875000000 0.249958859
i 0.124999999 0.374965716
i 0.250000000 0.374965716
i 0.375000000 0.374965716
i 0.500000000 0.374965716
i 0.625000000 0.374965716
i 0.750000000 0.374965716
i 0.875000000 0.374965716
i 0.124999999 0.499972574
i 0.250000000 0.499972574
i 0.375000000 0.499972574
i 0.500000000 0.499972574
i 0.625000000 0.499972574
i 0.750000000 0.499972574
i 0.875000000 0.499972574
i 0.124999999 0.624979432
i 0.250000000 0.624979432
i 0.375000000 0.624979432
i 0.500000000 0.624979432
i 0.625000000 0.624979432
i 0.750000000 0.624979432
i 0.875000000 0.624979432
i 0.124999999 0.749986289
i 0.250000000 0.749986289
i 0.375000000 0.749986289
i 0.500000000 0.749986289
i 0.625000000 0.749986289
i 0.750000000 0.749986289
i 0.875000000 0.749986289
i 0.124999999 0.874993147
i 0.250000000 0.874993147
i 0.375000000 0.874993147
i 0.500000000 0.874993147
i 0.625000000 0.874993147
i 0.750000000 0.874993147
i 0.875000000 0.874993147
i 0.062499999 0.062448572
i 0.062499999 0.187455430
i 0.062499999 0.312462288
i 0.062499999 0.437469145
i 0.062499999 0.562476003
i 0.062499999 0.687482861
i 0.062499999 0.812489718
i 0.062499999 0.937496576
i 0.187499999 0.062448572
i 0.187499999 0.187455430
i 0.187499999 0.312462288
i 0.187499999 0.437469145
i 0.187499999 0.562476003
i 0.187499999 0.687482861
i 0.187499999 0.812489718
i 0.187499999 0.937496576
i 0.312500000 0.062448572
i 0.312500000 0.187455430
i 0.312500000 0.312462288
i 0.312500000 0.437469145
i 0.312500000 0.562476003
i 0.312500000 0.687482861
i 0.312500000 0.812489718
i 0.312500000 0.937496576
i 0.437500000 0.062448572
i 0.437500000 0.187455430
i 0.437500000 0.312462288
i 0.437500000 0.437469145
i 0.437500000 0.562476003
i 0.437500000 0.687482861
i 0.437500000 0.812489718
i 0.437500000 0.937496576
i 0.562500000 0.062448572
i 0.562500000 0.187455430
i 0.562500000 0.312462288
i 0.562500000 0.437469145
i 0.562500000 0.562476003
i 0.562500000 0.687482861
i 0.562500000 0.812489718
i 0.562500000 0.937496576
i 0.687500000 0.062448572
i 0.687500000 0.187455430
i 0.687500000 0.312462288
i 0.687500000 0.437469145
i 0.687500000 0.562476003
i 0.687500000 0.687482861
i 0.687500000 0.812489718
i 0.687500000 0.937496576
i 0.812500000 0.062448572
i 0.812500000 0.187455430
i 0.812500000 0.312462288
i 0.812500000 0.437469145
i 0.812500000 0.562476003
i 0.812500000 0.687482861
i 0.812500000 0.812489718
i 0.812500000 0.937496576
i 0.937500000 0.062448572
i 0.937500000 0.187455430
i 0.937500000 0.312462288
i 0.937500000 0.437469145
i 0.937500000 0.562476003
i 0.937500000 0.687482861
i 0.937500000 0.812489718
i 0.937500000 0.937496576
tris
t 278 0 1
t 53 54 55
t 55 56 57
t 57 58 59
t 59 60 61
t 61 62 63
t 63 64 65
t 65 66 67
t 67 68 69
t 69 70 71
t 71 72 73
t 73 74 75
t 108 109 110
t 127 128 129
t 129 130 131
t 131 132 133
t 133 134 135
t 135 136 137
t 137 138 139
t 139 140 141
t 141 142 143
t 143 144 145
t 145 146 147
t 147 148 149
t 149 150 151
t 151 152 153
t 163 164 165
t 165 166 167
t 178 179 180
t 206 207 208
t 238 239 240
t 262 263 264
t 270 271 272
t 1 2 278
t 2 3 278
t 53 55 57
t 57 59 61
t 61 63 65
t 65 67 69
t 69 71 73
t 73 75 76
t 107 108 110
t 125 127 129
t 129 131 133
t 133 135 137
t 137 139 141
t 141 143 145
t 145 147 149
t 149 151 153
t 162 163 165
t 171 172 173
t 270 272 273
t 277 278 3
t 49 50 57
t 50 51 57
t 51 52 57
t 52 53 57
t 57 61 65
t 65 69 73
t 73 76 77
t 106 107 110
t 129 133 137
t 137 141 145
t 145 149 153
t 161 162 165
t 170 171 173
t 270 273 274
t 276 277 3
t 49 57 65
t 65 73 77
t 105 106 110
t 124 125 137
t 125 126 137
t 126 127 137
t 127 129 137
t 137 145 153
t 160 161 165
t 270 274 275
t 275 276 3
t 65 77 78
t 104 105 110
t 123 124 137
t 153 154 137
t 154 155 137
t 155 156 137
t 159 160 165
t 65 78 79
t 103 104 110
t 122 123 137
t 137 156 157
t 158 159 165
t 65 79 80
t 102 103 110
t 121 122 137
t 137 157 158
t 65 80 81
t 101 102 110
t 120 121 137
t 65 81 82
t 100 101 110
t 120 137 158
t 99 100 110
t 119 120 158
t 98 99 110
t 118 119 158
t 97 98 110
t 117 118 158
t 96 97 110
t 116 117 158
t 95 96 110
t 115 116 158
t 94 95 110
t 114 115 158
t 93 94 110
t 92 93 110
t 91 92 110
t 90 91 110
t 89 90 110
t 88 89 110
t 87 88 110
t 86 87 110
t 85 86 110
t 84 85 110
t 83 84 110
t 82 83 110
t 65 82 110
t 65 110 111
t 65 111 112
t 262 264 270
t 114 158 165
t 165 167 170
t 173 178 180
t 180 186 187
t 187 193 194
t 194 200 201
t 201 206 208
t 230 231 238
t 238 240 246
t 246 247 254
t 254 255 262
t 113 114 165
t 112 113 165
t 112 165 173
t 112 173 180
t 112 180 187
t 194 222 223
t 270 275 3
t 49 65 112
t 112 187 194
t 194 223 230
t 262 270 3
t 49 112 194
t 254 262 3
t 49 194 230
t 246 254 3
t 32 33 230
t 33 34 230
t 34 35 230
t 35 36 230
t 36 37 230
t 37 38 230
t 38 39 230
t 39 40 230
t 40 41 230
t 41 42 230
t 42 43 230
t 43 44 230
t 44 45 230
t 45 46 230
t 46 47 230
t 47 48 230
t 48 49 230
t 238 246 3
t 31 32 230
t 230 238 3
t 30 31 230
t 3 4 230
t 4 5 230
t 5 6 230
t 6 7 230
t 7 8 230
t 8 9 230
t 9 10 230
t 10 11 230
t 29 30 230
t 230 11 12
t 28 29 230
t 230 12 13
t 27 28 230
t 230 13 14
t 26 27 230
t 230 14 15
t 25 26 230
t 230 15 16
t 24 25 230
t 230 16 17
t 23 24 230
t 230 17 18
t 22 23 230
t 230 18 19
t 21 22 230
t 230 19 20
t 20 21 230
t 222 194 201
t 222 201 208
t 222 208 214
