type=Torus forward=false n_boundary=179 n_holes=0 n_interior=479 n_tris=656 label=brep62542_f247_Torus
boundary
b 4.710818079 0.340109971
b 4.733049584 0.342154667
b 4.755247583 0.343715170
b 4.777413508 0.344796761
b 4.799548881 0.345404664
b 4.821655315 0.345544030
b 4.843734510 0.345219916
b 4.865788245 0.344437270
b 4.887818380 0.343200930
b 4.909826847 0.341515611
b 4.931815648 0.339385914
b 4.953786851 0.336816328
b 4.975741143 0.333812253
b 4.997673523 0.330383254
b 5.019577663 0.326540338
b 5.041447394 0.322294980
b 5.063276747 0.317659096
b 5.085059992 0.312645013
b 5.106791671 0.307265433
b 5.128466640 0.301533384
b 5.150080100 0.295462171
b 5.171627630 0.289065313
b 5.193105216 0.282356487
b 5.214510224 0.275350051
b 5.235844172 0.268062755
b 5.257109755 0.260511862
b 5.278309871 0.252714540
b 5.299447629 0.244687850
b 5.320526347 0.236448739
b 5.341549553 0.228014035
b 5.362520984 0.219400430
b 5.383444586 0.210624481
b 5.404324518 0.201702593
b 5.425165149 0.192651014
b 5.445970192 0.183486485
b 5.466739999 0.174228362
b 5.487474024 0.164896919
b 5.508171686 0.155512692
b 5.528832398 0.146096428
b 5.549455584 0.136669038
b 5.570040705 0.127251537
b 5.590587282 0.117864996
b 5.611094919 0.108530483
b 5.631563320 0.099269014
b 5.651992317 0.090101505
b 5.672382353 0.081047612
b 5.692735728 0.072122508
b 5.713054936 0.063340443
b 5.733342161 0.054715869
b 5.753599303 0.046263418
b 5.773827984 0.037997881
b 5.794029563 0.029934184
b 5.814205155 0.022087364
b 5.834355643 0.014472543
b 5.854481694 0.007104910
b 5.874583775 -0.000000303
b 5.887713795 -0.000000000
b 5.900843815 -0.000000000
b 5.913973836 -0.000000000
b 5.927103856 -0.000000000
b 5.940233876 -0.000000000
b 5.953363897 -0.000000000
b 5.966493917 -0.000000000
b 5.979623937 -0.000000000
b 5.992753958 -0.000000000
b 6.005883978 -0.000000000
b 6.019013999 -0.000000000
b 6.032144019 -0.000000000
b 6.045274039 -0.000000000
b 6.058404060 -0.000000000
b 6.071534080 -0.000000000
b 6.084664100 -0.000000000
b 6.097794121 -0.000000000
b 6.110924141 -0.000000000
b 6.124054162 -0.000000000
b 6.137184182 -0.000000000
b 6.150314202 -0.000000000
b 6.163444223 -0.000000000
b 6.176574243 -0.000000000
b 6.189704263 -0.000000000
b 6.202834284 -0.000000000
b 6.215964304 -0.000000000
b 6.229094325 -0.000000000
b 6.242224345 -0.000000000
b 6.255354365 -0.000000000
b 6.268484386 -0.000000000
b 6.281614406 -0.000000000
b 6.281614406 0.050670849
b 6.281614406 0.101341699
b 6.281614406 0.152012548
b 6.281614406 0.202683397
b 6.281614406 0.253354246
b 6.281614406 0.304025096
b 6.281614406 0.354695945
b 6.281614406 0.405366794
b 6.281614406 0.456037643
b 6.281614406 0.506708493
b 6.281614406 0.557379342
b 6.281614406 0.608050191
b 6.281614406 0.658721040
b 6.281614406 0.709391890
b 6.281614406 0.760062739
b 6.281614406 0.810733588
b 6.281614406 0.861404437
b 6.281614406 0.912075287
b 6.281614406 0.962746136
b 6.281614406 1.013416985
b 6.281614406 1.064087834
b 6.281614406 1.114758684
b 6.281614406 1.165429533
b 6.281614406 1.216100382
b 6.281614406 1.266771231
b 6.281614406 1.317442081
b 6.281614406 1.368112930
b 6.281614406 1.418783779
b 6.281614406 1.469454628
b 6.281614406 1.520125478
b 6.281614406 1.570796327
b 6.230943557 1.570796327
b 6.180272707 1.570796327
b 6.129601858 1.570796327
b 6.078931009 1.570796327
b 6.028260160 1.570796327
b 5.977589310 1.570796327
b 5.926918461 1.570796327
b 5.876247612 1.570796327
b 5.825576763 1.570796327
b 5.774905913 1.570796327
b 5.724235064 1.570796327
b 5.673564215 1.570796327
b 5.622893366 1.570796327
b 5.572222516 1.570796327
b 5.521551667 1.570796327
b 5.470880818 1.570796327
b 5.420209969 1.570796327
b 5.369539119 1.570796327
b 5.318868270 1.570796327
b 5.268197421 1.570796327
b 5.217526572 1.570796327
b 5.166855722 1.570796327
b 5.116184873 1.570796327
b 5.065514024 1.570796327
b 5.014843175 1.570796327
b 4.964172325 1.570796327
b 4.913501476 1.570796327
b 4.862830627 1.570796327
b 4.812159778 1.570796327
b 4.761488928 1.570796327
b 4.710818079 1.570796327
b 4.710818079 1.531096767
b 4.710818079 1.491397207
b 4.710818079 1.451697647
b 4.710818079 1.411998087
b 4.710818079 1.372298528
b 4.710818079 1.332598968
b 4.710818079 1.292899408
b 4.710818079 1.253199848
b 4.710818079 1.213500288
b 4.710818079 1.173800728
b 4.710818079 1.134101168
b 4.710818079 1.094401609
b 4.710818079 1.054702049
b 4.710818079 1.015002489
b 4.710818079 0.975302929
b 4.710818079 0.935603369
b 4.710818079 0.895903809
b 4.710818079 0.856204249
b 4.710818079 0.816504690
b 4.710818079 0.776805130
b 4.710818079 0.737105570
b 4.710818079 0.697406010
b 4.710818079 0.657706450
b 4.710818079 0.618006890
b 4.710818079 0.578307330
b 4.710818079 0.538607771
b 4.710818079 0.498908211
b 4.710818079 0.459208651
b 4.710818079 0.419509091
b 4.710818079 0.379809531
interior
i 5.758015630 0.065449557
i 5.823465477 0.065449557
i 5.888915324 0.065449557
i 5.954365171 0.065449557
i 6.019815018 0.065449557
i 6.085264865 0.065449557
i 6.150714712 0.065449557
i 6.216164559 0.065449557
i 5.627115937 0.130899416
i 5.692565783 0.130899416
i 5.758015630 0.130899416
i 5.823465477 0.130899416
i 5.888915324 0.130899416
i 5.954365171 0.130899416
i 6.019815018 0.130899416
i 6.085264865 0.130899416
i 6.150714712 0.130899416
i 6.216164559 0.130899416
i 5.430766396 0.196349276
i 5.496216243 0.196349276
i 5.561666090 0.196349276
i 5.627115937 0.196349276
i 5.692565783 0.196349276
i 5.758015630 0.196349276
i 5.823465477 0.196349276
i 5.888915324 0.196349276
i 5.954365171 0.196349276
i 6.019815018 0.196349276
i 6.085264865 0.196349276
i 6.150714712 0.196349276
i 6.216164559 0.196349276
i 5.299866702 0.261799135
i 5.365316549 0.261799135
i 5.430766396 0.261799135
i 5.496216243 0.261799135
i 5.561666090 0.261799135
i 5.627115937 0.261799135
i 5.692565783 0.261799135
i 5.758015630 0.261799135
i 5.823465477 0.261799135
i 5.888915324 0.261799135
i 5.954365171 0.261799135
i 6.019815018 0.261799135
i 6.085264865 0.261799135
i 6.150714712 0.261799135
i 6.216164559 0.261799135
i 5.038067314 0.327248995
i 5.103517161 0.327248995
i 5.168967008 0.327248995
i 5.234416855 0.327248995
i 5.299866702 0.327248995
i 5.365316549 0.327248995
i 5.430766396 0.327248995
i 5.496216243 0.327248995
i 5.561666090 0.327248995
i 5.627115937 0.327248995
i 5.692565783 0.327248995
i 5.758015630 0.327248995
i 5.823465477 0.327248995
i 5.888915324 0.327248995
i 5.954365171 0.327248995
i 6.019815018 0.327248995
i 6.085264865 0.327248995
i 6.150714712 0.327248995
i 6.216164559 0.327248995
i 4.776267926 0.392698855
i 4.841717773 0.392698855
i 4.907167620 0.392698855
i 4.972617467 0.392698855
i 5.038067314 0.392698855
i 5.103517161 0.392698855
i 5.168967008 0.392698855
i 5.234416855 0.392698855
i 5.299866702 0.392698855
i 5.365316549 0.392698855
i 5.430766396 0.392698855
i 5.496216243 0.392698855
i 5.561666090 0.392698855
i 5.627115937 0.392698855
i 5.692565783 0.392698855
i 5.758015630 0.392698855
i 5.823465477 0.392698855
i 5.888915324 0.392698855
i 5.954365171 0.392698855
i 6.019815018 0.392698855
i 6.085264865 0.392698855
i 6.150714712 0.392698855
i 6.216164559 0.392698855
i 4.776267926 0.458148714
i 4.841717773 0.458148714
i 4.907167620 0.458148714
i 4.972617467 0.458148714
i 5.038067314 0.458148714
i 5.103517161 0.458148714
i 5.168967008 0.458148714
i 5.234416855 0.458148714
i 5.299866702 0.458148714
i 5.365316549 0.458148714
i 5.430766396 0.458148714
i 5.496216243 0.458148714
i 5.561666090 0.458148714
i 5.627115937 0.458148714
i 5.692565783 0.458148714
i 5.758015630 0.458148714
i 5.823465477 0.458148714
i 5.888915324 0.458148714
i 5.954365171 0.458148714
i 6.019815018 0.458148714
i 6.085264865 0.458148714
i 6.150714712 0.458148714
i 6.216164559 0.458148714
i 4.776267926 0.523598574
i 4.841717773 0.523598574
i 4.907167620 0.523598574
i 4.972617467 0.523598574
i 5.038067314 0.523598574
i 5.103517161 0.523598574
i 5.168967008 0.523598574
i 5.234416855 0.523598574
i 5.299866702 0.523598574
i 5.365316549 0.523598574
i 5.430766396 0.523598574
i 5.496216243 0.523598574
i 5.561666090 0.523598574
i 5.627115937 0.523598574
i 5.692565783 0.523598574
i 5.758015630 0.523598574
i 5.823465477 0.523598574
i 5.888915324 0.523598574
i 5.954365171 0.523598574
i 6.019815018 0.523598574
i 6.085264865 0.523598574
i 6.150714712 0.523598574
i 6.216164559 0.523598574
i 4.776267926 0.589048433
i 4.841717773 0.589048433
i 4.907167620 0.589048433
i 4.972617467 0.589048433
i 5.038067314 0.589048433
i 5.103517161 0.589048433
i 5.168967008 0.589048433
i 5.234416855 0.589048433
i 5.299866702 0.589048433
i 5.365316549 0.589048433
i 5.430766396 0.589048433
i 5.496216243 0.589048433
i 5.561666090 0.589048433
i 5.627115937 0.589048433
i 5.692565783 0.589048433
i 5.758015630 0.589048433
i 5.823465477 0.589048433
i 5.888915324 0.589048433
i 5.954365171 0.589048433
i 6.019815018 0.589048433
i 6.085264865 0.589048433
i 6.150714712 0.589048433
i 6.216164559 0.589048433
i 4.776267926 0.654498293
i 4.841717773 0.654498293
i 4.907167620 0.654498293
i 4.972617467 0.654498293
i 5.038067314 0.654498293
i 5.103517161 0.654498293
i 5.168967008 0.654498293
i 5.234416855 0.654498293
i 5.299866702 0.654498293
i 5.365316549 0.654498293
i 5.430766396 0.654498293
i 5.496216243 0.654498293
i 5.561666090 0.654498293
i 5.627115937 0.654498293
i 5.692565783 0.654498293
i 5.758015630 0.654498293
i 5.823465477 0.654498293
i 5.888915324 0.654498293
i 5.954365171 0.654498293
i 6.019815018 0.654498293
i 6.085264865 0.654498293
i 6.150714712 0.654498293
i 6.216164559 0.654498293
i 4.776267926 0.719948152
i 4.841717773 0.719948152
i 4.907167620 0.719948152
i 4.972617467 0.719948152
i 5.038067314 0.719948152
i 5.103517161 0.719948152
i 5.168967008 0.719948152
i 5.234416855 0.719948152
i 5.299866702 0.719948152
i 5.365316549 0.719948152
i 5.430766396 0.719948152
i 5.496216243 0.719948152
i 5.561666090 0.719948152
i 5.627115937 0.719948152
i 5.692565783 0.719948152
i 5.758015630 0.719948152
i 5.823465477 0.719948152
i 5.888915324 0.719948152
i 5.954365171 0.719948152
i 6.019815018 0.719948152
i 6.085264865 0.719948152
i 6.150714712 0.719948152
i 6.216164559 0.719948152
i 4.776267926 0.785398012
i 4.841717773 0.785398012
i 4.907167620 0.785398012
i 4.972617467 0.785398012
i 5.038067314 0.785398012
i 5.103517161 0.785398012
i 5.168967008 0.785398012
i 5.234416855 0.785398012
i 5.299866702 0.785398012
i 5.365316549 0.785398012
i 5.430766396 0.785398012
i 5.496216243 0.785398012
i 5.561666090 0.785398012
i 5.627115937 0.785398012
i 5.692565783 0.785398012
i 5.758015630 0.785398012
i 5.823465477 0.785398012
i 5.888915324 0.785398012
i 5.954365171 0.785398012
i 6.019815018 0.785398012
i 6.085264865 0.785398012
i 6.150714712 0.785398012
i 6.216164559 0.785398012
i 4.776267926 0.850847872
i 4.841717773 0.850847872
i 4.907167620 0.850847872
i 4.972617467 0.850847872
i 5.038067314 0.850847872
i 5.103517161 0.850847872
i 5.168967008 0.850847872
i 5.234416855 0.850847872
i 5.299866702 0.850847872
i 5.365316549 0.850847872
i 5.430766396 0.850847872
i 5.496216243 0.850847872
i 5.561666090 0.850847872
i 5.627115937 0.850847872
i 5.692565783 0.850847872
i 5.758015630 0.850847872
i 5.823465477 0.850847872
i 5.888915324 0.850847872
i 5.954365171 0.850847872
i 6.019815018 0.850847872
i 6.085264865 0.850847872
i 6.150714712 0.850847872
i 6.216164559 0.850847872
i 4.776267926 0.916297731
i 4.841717773 0.916297731
i 4.907167620 0.916297731
i 4.972617467 0.916297731
i 5.038067314 0.916297731
i 5.103517161 0.916297731
i 5.168967008 0.916297731
i 5.234416855 0.916297731
i 5.299866702 0.916297731
i 5.365316549 0.916297731
i 5.430766396 0.916297731
i 5.496216243 0.916297731
i 5.561666090 0.916297731
i 5.627115937 0.916297731
i 5.692565783 0.916297731
i 5.758015630 0.916297731
i 5.823465477 0.916297731
i 5.888915324 0.916297731
i 5.954365171 0.916297731
i 6.019815018 0.916297731
i 6.085264865 0.916297731
i 6.150714712 0.916297731
i 6.216164559 0.916297731
i 4.776267926 0.981747591
i 4.841717773 0.981747591
i 4.907167620 0.981747591
i 4.972617467 0.981747591
i 5.038067314 0.981747591
i 5.103517161 0.981747591
i 5.168967008 0.981747591
i 5.234416855 0.981747591
i 5.299866702 0.981747591
i 5.365316549 0.981747591
i 5.430766396 0.981747591
i 5.496216243 0.981747591
i 5.561666090 0.981747591
i 5.627115937 0.981747591
i 5.692565783 0.981747591
i 5.758015630 0.981747591
i 5.823465477 0.981747591
i 5.888915324 0.981747591
i 5.954365171 0.981747591
i 6.019815018 0.981747591
i 6.085264865 0.981747591
i 6.150714712 0.981747591
i 6.216164559 0.981747591
i 4.776267926 1.047197450
i 4.841717773 1.047197450
i 4.907167620 1.047197450
i 4.972617467 1.047197450
i 5.038067314 1.047197450
i 5.103517161 1.047197450
i 5.168967008 1.047197450
i 5.234416855 1.047197450
i 5.299866702 1.047197450
i 5.365316549 1.047197450
i 5.430766396 1.047197450
i 5.496216243 1.047197450
i 5.561666090 1.047197450
i 5.627115937 1.047197450
i 5.692565783 1.047197450
i 5.758015630 1.047197450
i 5.823465477 1.047197450
i 5.888915324 1.047197450
i 5.954365171 1.047197450
i 6.019815018 1.047197450
i 6.085264865 1.047197450
i 6.150714712 1.047197450
i 6.216164559 1.047197450
i 4.776267926 1.112647310
i 4.841717773 1.112647310
i 4.907167620 1.112647310
i 4.972617467 1.112647310
i 5.038067314 1.112647310
i 5.103517161 1.112647310
i 5.168967008 1.112647310
i 5.234416855 1.112647310
i 5.299866702 1.112647310
i 5.365316549 1.112647310
i 5.430766396 1.112647310
i 5.496216243 1.112647310
i 5.561666090 1.112647310
i 5.627115937 1.112647310
i 5.692565783 1.112647310
i 5.758015630 1.112647310
i 5.823465477 1.112647310
i 5.888915324 1.112647310
i 5.954365171 1.112647310
i 6.019815018 1.112647310
i 6.085264865 1.112647310
i 6.150714712 1.112647310
i 6.216164559 1.112647310
i 4.776267926 1.178097169
i 4.841717773 1.178097169
i 4.907167620 1.178097169
i 4.972617467 1.178097169
i 5.038067314 1.178097169
i 5.103517161 1.178097169
i 5.168967008 1.178097169
i 5.234416855 1.178097169
i 5.299866702 1.178097169
i 5.365316549 1.178097169
i 5.430766396 1.178097169
i 5.496216243 1.178097169
i 5.561666090 1.178097169
i 5.627115937 1.178097169
i 5.692565783 1.178097169
i 5.758015630 1.178097169
i 5.823465477 1.178097169
i 5.888915324 1.178097169
i 5.954365171 1.178097169
i 6.019815018 1.178097169
i 6.085264865 1.178097169
i 6.150714712 1.178097169
i 6.216164559 1.178097169
i 4.776267926 1.243547029
i 4.841717773 1.243547029
i 4.907167620 1.243547029
i 4.972617467 1.243547029
i 5.038067314 1.243547029
i 5.103517161 1.243547029
i 5.168967008 1.243547029
i 5.234416855 1.243547029
i 5.299866702 1.243547029
i 5.365316549 1.243547029
i 5.430766396 1.243547029
i 5.496216243 1.243547029
i 5.561666090 1.243547029
i 5.627115937 1.243547029
i 5.692565783 1.243547029
i 5.758015630 1.243547029
i 5.823465477 1.243547029
i 5.888915324 1.243547029
i 5.954365171 1.243547029
i 6.019815018 1.243547029
i 6.085264865 1.243547029
i 6.150714712 1.243547029
i 6.216164559 1.243547029
i 4.776267926 1.308996889
i 4.841717773 1.308996889
i 4.907167620 1.308996889
i 4.972617467 1.308996889
i 5.038067314 1.308996889
i 5.103517161 1.308996889
i 5.168967008 1.308996889
i 5.234416855 1.308996889
i 5.299866702 1.308996889
i 5.365316549 1.308996889
i 5.430766396 1.308996889
i 5.496216243 1.308996889
i 5.561666090 1.308996889
i 5.627115937 1.308996889
i 5.692565783 1.308996889
i 5.758015630 1.308996889
i 5.823465477 1.308996889
i 5.888915324 1.308996889
i 5.954365171 1.308996889
i 6.019815018 1.308996889
i 6.085264865 1.308996889
i 6.150714712 1.308996889
i 6.216164559 1.308996889
i 4.776267926 1.374446748
i 4.841717773 1.374446748
i 4.907167620 1.374446748
i 4.972617467 1.374446748
i 5.038067314 1.374446748
i 5.103517161 1.374446748
i 5.168967008 1.374446748
i 5.234416855 1.374446748
i 5.299866702 1.374446748
i 5.365316549 1.374446748
i 5.430766396 1.374446748
i 5.496216243 1.374446748
i 5.561666090 1.374446748
i 5.627115937 1.374446748
i 5.692565783 1.374446748
i 5.758015630 1.374446748
i 5.823465477 1.374446748
i 5.888915324 1.374446748
i 5.954365171 1.374446748
i 6.019815018 1.374446748
i 6.085264865 1.374446748
i 6.150714712 1.374446748
i 6.216164559 1.374446748
i 4.776267926 1.439896608
i 4.841717773 1.439896608
i 4.907167620 1.439896608
i 4.972617467 1.439896608
i 5.038067314 1.439896608
i 5.103517161 1.439896608
i 5.168967008 1.439896608
i 5.234416855 1.439896608
i 5.299866702 1.439896608
i 5.365316549 1.439896608
i 5.430766396 1.439896608
i 5.496216243 1.439896608
i 5.561666090 1.439896608
i 5.627115937 1.439896608
i 5.692565783 1.439896608
i 5.758015630 1.439896608
i 5.823465477 1.439896608
i 5.888915324 1.439896608
i 5.954365171 1.439896608
i 6.019815018 1.439896608
i 6.085264865 1.439896608
i 6.150714712 1.439896608
i 6.216164559 1.439896608
i 4.776267926 1.505346467
i 4.841717773 1.505346467
i 4.907167620 1.505346467
i 4.972617467 1.505346467
i 5.038067314 1.505346467
i 5.103517161 1.505346467
i 5.168967008 1.505346467
i 5.234416855 1.505346467
i 5.299866702 1.505346467
i 5.365316549 1.505346467
i 5.430766396 1.505346467
i 5.496216243 1.505346467
i 5.561666090 1.505346467
i 5.627115937 1.505346467
i 5.692565783 1.505346467
i 5.758015630 1.505346467
i 5.823465477 1.505346467
i 5.888915324 1.505346467
i 5.954365171 1.505346467
i 6.019815018 1.505346467
i 6.085264865 1.505346467
i 6.150714712 1.505346467
i 6.216164559 1.505346467
tris
t 39 40 41
t 41 42 43
t 43 44 45
t 45 46 47
t 47 48 49
t 49 50 51
t 51 52 53
t 53 54 55
t 85 86 87
t 147 148 149
t 185 186 187
t 195 196 197
t 208 209 210
t 223 224 225
t 242 243 244
t 265 266 267
t 288 289 290
t 311 312 313
t 334 335 336
t 357 358 359
t 380 381 382
t 403 404 405
t 426 427 428
t 449 450 451
t 472 473 474
t 495 496 497
t 518 519 520
t 541 542 543
t 564 565 566
t 587 588 589
t 610 611 612
t 633 634 635
t 39 41 43
t 43 45 47
t 47 49 51
t 51 53 55
t 84 85 87
t 145 146 149
t 146 147 149
t 184 185 187
t 194 195 197
t 207 208 210
t 222 223 225
t 241 242 244
t 264 265 267
t 287 288 290
t 310 311 313
t 333 334 336
t 356 357 359
t 379 380 382
t 402 403 405
t 425 426 428
t 448 449 451
t 471 472 474
t 494 495 497
t 517 518 520
t 540 541 543
t 563 564 566
t 586 587 589
t 609 610 612
t 632 633 635
t 38 39 43
t 43 47 51
t 51 55 56
t 83 84 87
t 144 145 149
t 183 184 187
t 193 194 197
t 206 207 210
t 221 222 225
t 240 241 244
t 263 264 267
t 286 287 290
t 309 310 313
t 332 333 336
t 355 356 359
t 378 379 382
t 401 402 405
t 424 425 428
t 447 448 451
t 470 471 474
t 493 494 497
t 516 517 520
t 539 540 543
t 562 563 566
t 585 586 589
t 608 609 612
t 631 632 635
t 38 43 51
t 51 56 57
t 82 83 87
t 144 149 150
t 178 179 180
t 182 183 187
t 192 193 197
t 205 206 210
t 220 221 225
t 239 240 244
t 262 263 267
t 285 286 290
t 308 309 313
t 331 332 336
t 354 355 359
t 377 378 382
t 400 401 405
t 423 424 428
t 446 447 451
t 469 470 474
t 492 493 497
t 515 516 520
t 538 539 543
t 561 562 566
t 584 585 589
t 607 608 612
t 630 631 635
t 37 38 51
t 51 57 58
t 81 82 87
t 181 182 187
t 191 192 197
t 204 205 210
t 219 220 225
t 238 239 244
t 261 262 267
t 284 285 290
t 307 308 313
t 330 331 336
t 353 354 359
t 376 377 382
t 399 400 405
t 422 423 428
t 445 446 451
t 468 469 474
t 491 492 497
t 514 515 520
t 537 538 543
t 560 561 566
t 583 584 589
t 606 607 612
t 629 630 635
t 36 37 51
t 51 58 59
t 80 81 87
t 180 181 187
t 190 191 197
t 203 204 210
t 218 219 225
t 237 238 244
t 260 261 267
t 283 284 290
t 306 307 313
t 329 330 336
t 352 353 359
t 375 376 382
t 398 399 405
t 421 422 428
t 444 445 451
t 467 468 474
t 490 491 497
t 513 514 520
t 536 537 543
t 559 560 566
t 582 583 589
t 605 606 612
t 628 629 635
t 35 36 51
t 51 59 60
t 79 80 87
t 178 180 187
t 189 190 197
t 202 203 210
t 217 218 225
t 236 237 244
t 259 260 267
t 282 283 290
t 305 306 313
t 328 329 336
t 351 352 359
t 374 375 382
t 397 398 405
t 420 421 428
t 443 444 451
t 466 467 474
t 489 490 497
t 512 513 520
t 535 536 543
t 558 559 566
t 581 582 589
t 604 605 612
t 627 628 635
t 34 35 51
t 51 60 61
t 78 79 87
t 188 189 197
t 201 202 210
t 216 217 225
t 235 236 244
t 258 259 267
t 281 282 290
t 304 305 313
t 327 328 336
t 350 351 359
t 373 374 382
t 396 397 405
t 419 420 428
t 442 443 451
t 465 466 474
t 488 489 497
t 511 512 520
t 534 535 543
t 557 558 566
t 580 581 589
t 603 604 612
t 626 627 635
t 34 51 61
t 77 78 87
t 87 88 118
t 88 89 118
t 89 90 118
t 90 91 118
t 91 92 118
t 92 93 118
t 93 94 118
t 94 95 118
t 95 96 118
t 96 97 118
t 97 98 118
t 98 99 118
t 99 100 118
t 100 101 118
t 101 102 118
t 102 103 118
t 103 104 118
t 104 105 118
t 105 106 118
t 106 107 118
t 107 108 118
t 108 109 118
t 109 110 118
t 110 111 118
t 111 112 118
t 112 113 118
t 113 114 118
t 114 115 118
t 115 116 118
t 116 117 118
t 187 188 197
t 200 201 210
t 215 216 225
t 234 235 244
t 257 258 267
t 280 281 290
t 303 304 313
t 326 327 336
t 349 350 359
t 372 373 382
t 395 396 405
t 418 419 428
t 441 442 451
t 464 465 474
t 487 488 497
t 510 511 520
t 533 534 543
t 556 557 566
t 579 580 589
t 602 603 612
t 625 626 635
t 33 34 61
t 76 77 87
t 199 200 210
t 214 215 225
t 233 234 244
t 256 257 267
t 279 280 290
t 302 303 313
t 325 326 336
t 348 349 359
t 371 372 382
t 394 395 405
t 417 418 428
t 440 441 451
t 463 464 474
t 486 487 497
t 509 510 520
t 532 533 543
t 555 556 566
t 578 579 589
t 601 602 612
t 624 625 635
t 32 33 61
t 75 76 87
t 198 199 210
t 213 214 225
t 232 233 244
t 255 256 267
t 278 279 290
t 301 302 313
t 324 325 336
t 347 348 359
t 370 371 382
t 393 394 405
t 416 417 428
t 439 440 451
t 462 463 474
t 485 486 497
t 508 509 520
t 531 532 543
t 554 555 566
t 577 578 589
t 600 601 612
t 623 624 635
t 31 32 61
t 74 75 87
t 197 198 210
t 212 213 225
t 231 232 244
t 254 255 267
t 277 278 290
t 300 301 313
t 323 324 336
t 346 347 359
t 369 370 382
t 392 393 405
t 415 416 428
t 438 439 451
t 461 462 474
t 484 485 497
t 507 508 520
t 530 531 543
t 553 554 566
t 576 577 589
t 599 600 612
t 622 623 635
t 30 31 61
t 73 74 87
t 211 212 225
t 230 231 244
t 253 254 267
t 276 277 290
t 299 300 313
t 322 323 336
t 345 346 359
t 368 369 382
t 391 392 405
t 414 415 428
t 437 438 451
t 460 461 474
t 483 484 497
t 506 507 520
t 529 530 543
t 552 553 566
t 575 576 589
t 598 599 612
t 621 622 635
t 29 30 61
t 72 73 87
t 210 211 225
t 229 230 244
t 252 253 267
t 275 276 290
t 298 299 313
t 321 322 336
t 344 345 359
t 367 368 382
t 390 391 405
t 413 414 428
t 436 437 451
t 459 460 474
t 482 483 497
t 505 506 520
t 528 529 543
t 551 552 566
t 574 575 589
t 597 598 612
t 620 621 635
t 28 29 61
t 71 72 87
t 228 229 244
t 251 252 267
t 274 275 290
t 297 298 313
t 320 321 336
t 343 344 359
t 366 367 382
t 389 390 405
t 412 413 428
t 435 436 451
t 458 459 474
t 481 482 497
t 504 505 520
t 527 528 543
t 550 551 566
t 573 574 589
t 596 597 612
t 619 620 635
t 27 28 61
t 70 71 87
t 227 228 244
t 250 251 267
t 273 274 290
t 296 297 313
t 319 320 336
t 342 343 359
t 365 366 382
t 388 389 405
t 411 412 428
t 434 435 451
t 457 458 474
t 480 481 497
t 503 504 520
t 526 527 543
t 549 550 566
t 572 573 589
t 595 596 612
t 618 619 635
t 26 27 61
t 69 70 87
t 226 227 244
t 249 250 267
t 272 273 290
t 295 296 313
t 318 319 336
t 341 342 359
t 364 365 382
t 387 388 405
t 410 411 428
t 433 434 451
t 456 457 474
t 479 480 497
t 502 503 520
t 525 526 543
t 548 549 566
t 571 572 589
t 594 595 612
t 617 618 635
t 68 69 87
t 225 226 244
t 248 249 267
t 271 272 290
t 294 295 313
t 317 318 336
t 340 341 359
t 363 364 382
t 386 387 405
t 409 410 428
t 432 433 451
t 455 456 474
t 478 479 497
t 501 502 520
t 524 525 543
t 547 548 566
t 570 571 589
t 593 594 612
t 616 617 635
t 657 0 1
t 67 68 87
t 247 248 267
t 270 271 290
t 293 294 313
t 316 317 336
t 339 340 359
t 362 363 382
t 385 386 405
t 408 409 428
t 431 432 451
t 454 455 474
t 477 478 497
t 500 501 520
t 523 524 543
t 546 547 566
t 569 570 589
t 592 593 612
t 615 616 635
t 657 1 2
t 66 67 87
t 246 247 267
t 269 270 290
t 292 293 313
t 315 316 336
t 338 339 359
t 361 362 382
t 384 385 405
t 407 408 428
t 430 431 451
t 453 454 474
t 476 477 497
t 499 500 520
t 522 523 543
t 545 546 566
t 568 569 589
t 591 592 612
t 614 615 635
t 657 2 3
t 65 66 87
t 245 246 267
t 268 269 290
t 291 292 313
t 314 315 336
t 337 338 359
t 360 361 382
t 383 384 405
t 406 407 428
t 429 430 451
t 452 453 474
t 475 476 497
t 498 499 520
t 521 522 543
t 544 545 566
t 567 568 589
t 590 591 612
t 613 614 635
t 657 3 4
t 64 65 87
t 244 245 267
t 267 268 290
t 290 291 313
t 313 314 336
t 336 337 359
t 359 360 382
t 382 383 405
t 405 406 428
t 428 429 451
t 451 452 474
t 474 475 497
t 497 498 520
t 520 521 543
t 543 544 566
t 566 567 589
t 589 590 612
t 612 613 635
t 657 4 5
t 63 64 87
t 657 5 6
t 62 63 87
t 178 187 197
t 657 6 7
t 26 61 62
t 62 87 118
t 657 7 8
t 25 26 62
t 657 8 9
t 657 9 10
t 657 10 11
t 657 11 12
t 657 12 13
t 657 13 14
t 657 14 15
t 657 15 16
t 657 16 17
t 657 17 18
t 657 18 19
t 657 19 20
t 657 20 21
t 657 21 22
t 657 22 23
t 657 23 24
t 657 24 25
t 178 197 210
t 657 25 62
t 210 225 178
t 225 244 178
t 657 62 118
t 161 162 244
t 162 163 244
t 163 164 244
t 164 165 244
t 165 166 244
t 166 167 244
t 167 168 244
t 168 169 244
t 169 170 244
t 170 171 244
t 171 172 244
t 172 173 244
t 173 174 244
t 174 175 244
t 175 176 244
t 176 177 244
t 177 178 244
t 656 657 118
t 160 161 244
t 655 656 118
t 159 160 244
t 654 655 118
t 158 159 244
t 653 654 118
t 157 158 244
t 652 653 118
t 156 157 244
t 651 652 118
t 155 156 244
t 650 651 118
t 154 155 244
t 649 650 118
t 153 154 244
t 648 649 118
t 152 153 244
t 647 648 118
t 151 152 244
t 646 647 118
t 150 151 244
t 645 646 118
t 150 244 267
t 644 645 118
t 150 267 290
t 643 644 118
t 150 290 313
t 642 643 118
t 150 313 336
t 641 642 118
t 150 336 359
t 640 641 118
t 150 359 382
t 639 640 118
t 150 382 405
t 638 639 118
t 150 405 428
t 637 638 118
t 150 428 451
t 636 637 118
t 150 451 474
t 635 636 118
t 150 474 497
t 635 118 119
t 150 497 520
t 119 120 635
t 120 121 635
t 121 122 635
t 122 123 635
t 123 124 635
t 150 520 543
t 124 125 635
t 125 126 635
t 126 127 635
t 127 128 635
t 128 129 635
t 129 130 635
t 130 131 635
t 131 132 635
t 132 133 635
t 133 134 635
t 134 135 635
t 135 136 635
t 136 137 635
t 137 138 635
t 138 139 635
t 139 140 635
t 140 141 635
t 141 142 635
t 142 143 635
t 143 144 635
t 150 543 566
t 635 144 150
t 150 566 589
t 612 635 150
t 150 589 612
