type=Cone forward=true n_boundary=172 n_holes=0 n_interior=94 n_tris=263 label=brep32629_f58_Cone
boundary
b 3.237712811 0.018000000
b 3.237102212 0.018000000
b 3.236491613 0.018000000
b 3.235881013 0.018000000
b 3.235270414 0.018000000
b 3.234659815 0.018000000
b 3.234049215 0.018000000
b 3.233438616 0.018000000
b 3.232828017 0.018000000
b 3.232217417 0.018000000
b 3.231606818 0.018000000
b 3.230996219 0.018000000
b 3.230385619 0.018000000
b 3.229775020 0.018000000
b 3.229164421 0.018000000
b 3.228553821 0.018000000
b 3.227943222 0.018000000
b 3.227332623 0.018000000
b 3.226722024 0.018000000
b 3.226111424 0.018000000
b 3.225500825 0.018000000
b 3.224890226 0.018000000
b 3.224279626 0.018000000
b 3.223669027 0.018000000
b 3.223058428 0.018000000
b 3.222447828 0.018000000
b 3.221837229 0.018000000
b 3.221226630 0.018000000
b 3.220616030 0.018000000
b 3.220005431 0.018000000
b 3.219394832 0.018000000
b 3.219134229 0.017320248
b 3.218871841 0.016641425
b 3.218607651 0.015963530
b 3.218341641 0.015286563
b 3.218073794 0.014610524
b 3.217804091 0.013935412
b 3.217532515 0.013261226
b 3.217259046 0.012587967
b 3.216983668 0.011915634
b 3.216706360 0.011244225
b 3.216427105 0.010573742
b 3.216145881 0.009904183
b 3.215862671 0.009235548
b 3.215577453 0.008567837
b 3.215290208 0.007901048
b 3.215000916 0.007235182
b 3.214709555 0.006570238
b 3.214416105 0.005906216
b 3.214120545 0.005243115
b 3.213822853 0.004580936
b 3.213523007 0.003919682
b 3.213220985 0.003259355
b 3.212916766 0.002599957
b 3.212610325 0.001941490
b 3.212301642 0.001283956
b 3.211990691 0.000627357
b 3.211677451 -0.000028304
b 3.211361897 -0.000683025
b 3.211044004 -0.001336805
b 3.210723749 -0.001989641
b 3.210401107 -0.002641530
b 3.210076053 -0.003292472
b 3.209748561 -0.003942463
b 3.209418605 -0.004591501
b 3.209086160 -0.005239585
b 3.208751199 -0.005886712
b 3.208413695 -0.006532880
b 3.208073621 -0.007178088
b 3.207730948 -0.007822336
b 3.207385647 -0.008465624
b 3.207037690 -0.009107953
b 3.206687046 -0.009749323
b 3.206333685 -0.010389734
b 3.205977577 -0.011029187
b 3.205618691 -0.011667681
b 3.205256995 -0.012305218
b 3.204892457 -0.012941797
b 3.204525044 -0.013577420
b 3.204154725 -0.014212085
b 3.203781465 -0.014845793
b 3.203405230 -0.015478546
b 3.203025986 -0.016110343
b 3.202643698 -0.016741184
b 3.202258330 -0.017371069
b 3.201869846 -0.018000000
b 3.203611089 -0.018000000
b 3.205352333 -0.018000000
b 3.207093576 -0.018000000
b 3.208834819 -0.018000000
b 3.210576062 -0.018000000
b 3.212317305 -0.018000000
b 3.214058549 -0.018000000
b 3.215799792 -0.018000000
b 3.217541035 -0.018000000
b 3.219282278 -0.018000000
b 3.221023522 -0.018000000
b 3.222764765 -0.018000000
b 3.224506008 -0.018000000
b 3.226247251 -0.018000000
b 3.227988495 -0.018000000
b 3.229729738 -0.018000000
b 3.231470981 -0.018000000
b 3.233212224 -0.018000000
b 3.234953468 -0.018000000
b 3.236694711 -0.018000000
b 3.238435954 -0.018000000
b 3.240177197 -0.018000000
b 3.241918440 -0.018000000
b 3.243659684 -0.018000000
b 3.245400927 -0.018000000
b 3.247142170 -0.018000000
b 3.248883413 -0.018000000
b 3.250624657 -0.018000000
b 3.252365900 -0.018000000
b 3.254107143 -0.018000000
b 3.255848386 -0.018000000
b 3.255460517 -0.017372069
b 3.255075730 -0.016743147
b 3.254693990 -0.016113233
b 3.254315261 -0.015482326
b 3.253939509 -0.014850426
b 3.253566702 -0.014217533
b 3.253196805 -0.013583648
b 3.252829787 -0.012948768
b 3.252465614 -0.012312895
b 3.252104255 -0.011676027
b 3.251745679 -0.011038165
b 3.251389856 -0.010399309
b 3.251036753 -0.009759457
b 3.250686343 -0.009118610
b 3.250338595 -0.008476768
b 3.249993480 -0.007833929
b 3.249650969 -0.007190095
b 3.249311035 -0.006545264
b 3.248973650 -0.005899436
b 3.248638786 -0.005252613
b 3.248306417 -0.004604797
b 3.247976517 -0.003955989
b 3.247649061 -0.003306192
b 3.247324024 -0.002655407
b 3.247001380 -0.002003638
b 3.246681104 -0.001350885
b 3.246363173 -0.000697151
b 3.246047563 -0.000042438
b 3.245734249 0.000613253
b 3.245423209 0.001269918
b 3.245114419 0.001927556
b 3.244807856 0.002586166
b 3.244503499 0.003245744
b 3.244201324 0.003906289
b 3.243901311 0.004567799
b 3.243603436 0.005230271
b 3.243307680 0.005893705
b 3.243014020 0.006558098
b 3.242722436 0.007223451
b 3.242432907 0.007889764
b 3.242145414 0.008557038
b 3.241859935 0.009225274
b 3.241576451 0.009894471
b 3.241294943 0.010564630
b 3.241015392 0.011235752
b 3.240737777 0.011907836
b 3.240462082 0.012580884
b 3.240188286 0.013254896
b 3.239916372 0.013929872
b 3.239646322 0.014605813
b 3.239378117 0.015282718
b 3.239111741 0.015960589
b 3.238847176 0.016639427
b 3.238584405 0.017319230
b 3.238323411 0.018000000
interior
i 3.206368058 -0.015230769
i 3.210866269 -0.015230769
i 3.215364481 -0.015230769
i 3.219862693 -0.015230769
i 3.224360904 -0.015230769
i 3.228859116 -0.015230769
i 3.233357328 -0.015230769
i 3.237855540 -0.015230769
i 3.242353751 -0.015230769
i 3.246851963 -0.015230769
i 3.251350175 -0.015230769
i 3.206368058 -0.012461538
i 3.210866269 -0.012461538
i 3.215364481 -0.012461538
i 3.219862693 -0.012461538
i 3.224360904 -0.012461538
i 3.228859116 -0.012461538
i 3.233357328 -0.012461538
i 3.237855540 -0.012461538
i 3.242353751 -0.012461538
i 3.246851963 -0.012461538
i 3.251350175 -0.012461538
i 3.210866269 -0.009692308
i 3.215364481 -0.009692308
i 3.219862693 -0.009692308
i 3.224360904 -0.009692308
i 3.228859116 -0.009692308
i 3.233357328 -0.009692308
i 3.237855540 -0.009692308
i 3.242353751 -0.009692308
i 3.246851963 -0.009692308
i 3.210866269 -0.006923077
i 3.215364481 -0.006923077
i 3.219862693 -0.006923077
i 3.224360904 -0.006923077
i 3.228859116 -0.006923077
i 3.233357328 -0.006923077
i 3.237855540 -0.006923077
i 3.242353751 -0.006923077
i 3.246851963 -0.006923077
i 3.210866269 -0.004153846
i 3.215364481 -0.004153846
i 3.219862693 -0.004153846
i 3.224360904 -0.004153846
i 3.228859116 -0.004153846
i 3.233357328 -0.004153846
i 3.237855540 -0.004153846
i 3.242353751 -0.004153846
i 3.246851963 -0.004153846
i 3.210866269 -0.001384615
i 3.215364481 -0.001384615
i 3.219862693 -0.001384615
i 3.224360904 -0.001384615
i 3.228859116 -0.001384615
i 3.233357328 -0.001384615
i 3.237855540 -0.001384615
i 3.242353751 -0.001384615
i 3.246851963 -0.001384615
i 3.215364481 0.001384615
i 3.219862693 0.001384615
i 3.224360904 0.001384615
i 3.228859116 0.001384615
i 3.233357328 0.001384615
i 3.237855540 0.001384615
i 3.242353751 0.001384615
i 3.215364481 0.004153846
i 3.219862693 0.004153846
i 3.224360904 0.004153846
i 3.228859116 0.004153846
i 3.233357328 0.004153846
i 3.237855540 0.004153846
i 3.242353751 0.004153846
i 3.215364481 0.006923077
i 3.219862693 0.006923077
i 3.224360904 0.006923077
i 3.228859116 0.006923077
i 3.233357328 0.006923077
i 3.237855540 0.006923077
i 3.242353751 0.006923077
i 3.219862693 0.009692308
i 3.224360904 0.009692308
i 3.228859116 0.009692308
i 3.233357328 0.009692308
i 3.237855540 0.009692308
i 3.219862693 0.012461538
i 3.224360904 0.012461538
i 3.228859116 0.012461538
i 3.233357328 0.012461538
i 3.237855540 0.012461538
i 3.219862693 0.015230769
i 3.224360904 0.015230769
i 3.228859116 0.015230769
i 3.233357328 0.015230769
i 3.237855540 0.015230769
tris
t 264 265 0
t 29 30 31
t 84 85 86
t 115 116 117
t 181 182 183
t 192 193 194
t 201 202 203
t 210 211 212
t 219 220 221
t 228 229 230
t 235 236 237
t 242 243 244
t 249 250 251
t 254 255 256
t 259 260 261
t 263 264 0
t 28 29 31
t 83 84 86
t 114 115 117
t 180 181 183
t 191 192 194
t 200 201 203
t 209 210 212
t 218 219 221
t 227 228 230
t 234 235 237
t 241 242 244
t 248 249 251
t 253 254 256
t 258 259 261
t 262 263 0
t 27 28 31
t 82 83 86
t 113 114 117
t 179 180 183
t 190 191 194
t 199 200 203
t 208 209 212
t 217 218 221
t 226 227 230
t 233 234 237
t 240 241 244
t 247 248 251
t 252 253 256
t 257 258 261
t 261 262 0
t 26 27 31
t 81 82 86
t 112 113 117
t 178 179 183
t 189 190 194
t 198 199 203
t 207 208 212
t 216 217 221
t 225 226 230
t 232 233 237
t 239 240 244
t 246 247 251
t 251 252 256
t 256 257 261
t 261 0 1
t 25 26 31
t 80 81 86
t 111 112 117
t 177 178 183
t 188 189 194
t 197 198 203
t 206 207 212
t 215 216 221
t 224 225 230
t 231 232 237
t 238 239 244
t 245 246 251
t 261 1 2
t 24 25 31
t 79 80 86
t 110 111 117
t 176 177 183
t 187 188 194
t 196 197 203
t 205 206 212
t 214 215 221
t 223 224 230
t 230 231 237
t 237 238 244
t 244 245 251
t 261 2 3
t 23 24 31
t 78 79 86
t 109 110 117
t 170 171 172
t 175 176 183
t 186 187 194
t 195 196 203
t 204 205 212
t 213 214 221
t 222 223 230
t 244 251 256
t 261 3 4
t 22 23 31
t 77 78 86
t 108 109 117
t 169 170 172
t 174 175 183
t 185 186 194
t 194 195 203
t 203 204 212
t 212 213 221
t 244 256 261
t 261 4 5
t 21 22 31
t 76 77 86
t 107 108 117
t 168 169 172
t 173 174 183
t 184 185 194
t 261 5 6
t 20 21 31
t 75 76 86
t 106 107 117
t 167 168 172
t 172 173 183
t 183 184 194
t 261 6 7
t 19 20 31
t 74 75 86
t 105 106 117
t 166 167 172
t 183 194 203
t 261 7 8
t 18 19 31
t 73 74 86
t 104 105 117
t 165 166 172
t 183 203 212
t 261 8 9
t 17 18 31
t 72 73 86
t 103 104 117
t 164 165 172
t 261 9 10
t 16 17 31
t 71 72 86
t 102 103 117
t 163 164 172
t 261 10 11
t 15 16 31
t 70 71 86
t 101 102 117
t 162 163 172
t 261 11 12
t 14 15 31
t 69 70 86
t 100 101 117
t 161 162 172
t 261 12 13
t 13 14 31
t 68 69 86
t 99 100 117
t 160 161 172
t 261 13 31
t 67 68 86
t 98 99 117
t 159 160 172
t 244 261 31
t 66 67 86
t 97 98 117
t 158 159 172
t 244 31 32
t 65 66 86
t 96 97 117
t 157 158 172
t 244 32 33
t 64 65 86
t 95 96 117
t 156 157 172
t 244 33 34
t 63 64 86
t 94 95 117
t 155 156 172
t 244 34 35
t 62 63 86
t 93 94 117
t 154 155 172
t 244 35 36
t 61 62 86
t 92 93 117
t 153 154 172
t 244 36 37
t 60 61 86
t 91 92 117
t 152 153 172
t 183 212 221
t 244 37 38
t 59 60 86
t 90 91 117
t 151 152 172
t 221 222 230
t 244 38 39
t 58 59 86
t 89 90 117
t 150 151 172
t 221 230 237
t 244 39 40
t 57 58 86
t 88 89 117
t 149 150 172
t 244 40 41
t 56 57 86
t 87 88 117
t 148 149 172
t 221 237 244
t 244 41 42
t 55 56 86
t 86 87 117
t 147 148 172
t 244 42 43
t 54 55 86
t 86 117 118
t 146 147 172
t 244 43 44
t 53 54 86
t 86 118 119
t 145 146 172
t 244 44 45
t 52 53 86
t 86 119 120
t 144 145 172
t 244 45 46
t 51 52 86
t 86 120 121
t 143 144 172
t 244 46 47
t 50 51 86
t 86 121 122
t 142 143 172
t 244 47 48
t 86 122 123
t 141 142 172
t 244 48 49
t 86 123 124
t 140 141 172
t 244 49 50
t 86 124 125
t 139 140 172
t 221 244 50
t 86 125 126
t 138 139 172
t 86 126 127
t 137 138 172
t 86 127 128
t 136 137 172
t 86 128 129
t 135 136 172
t 86 129 130
t 134 135 172
t 86 130 131
t 133 134 172
t 86 131 132
t 132 133 172
t 86 132 172
t 86 172 183
t 50 86 183
