type=Nurbs forward=true n_boundary=220 n_holes=0 n_interior=369 n_tris=534 label=brep62542_f27_Nurbs(deg=3/3, cps=4x5)
boundary
b 0.808951042 0.439368718
b 0.809195203 0.439603205
b 0.809438882 0.439837648
b 0.809682080 0.440072048
b 0.809924800 0.440306405
b 0.810167045 0.440540719
b 0.810408820 0.440774991
b 0.810650128 0.441009220
b 0.810890971 0.441243407
b 0.811131355 0.441477553
b 0.811371281 0.441711657
b 0.811610753 0.441945721
b 0.811849775 0.442179743
b 0.812088350 0.442413726
b 0.812326481 0.442647669
b 0.812564171 0.442881572
b 0.812801424 0.443115435
b 0.813038242 0.443349260
b 0.813274628 0.443583046
b 0.813510586 0.443816794
b 0.813746108 0.444050504
b 0.813981184 0.444284175
b 0.814215803 0.444517809
b 0.814449953 0.444751404
b 0.814683624 0.444984961
b 0.814916804 0.445218480
b 0.815149481 0.445451961
b 0.815381645 0.445685404
b 0.815613285 0.445918809
b 0.815844388 0.446152177
b 0.816074944 0.446385506
b 0.816304942 0.446618797
b 0.816534370 0.446852050
b 0.816763217 0.447085266
b 0.816991472 0.447318443
b 0.817219124 0.447551583
b 0.817446160 0.447784684
b 0.817672570 0.448017748
b 0.817898356 0.448250774
b 0.818123534 0.448483763
b 0.818348126 0.448716715
b 0.818572152 0.448949629
b 0.818795632 0.449182508
b 0.819018586 0.449415350
b 0.819241035 0.449648156
b 0.819462998 0.449880927
b 0.819684496 0.450113662
b 0.819905548 0.450346363
b 0.820126176 0.450579029
b 0.820346397 0.450811661
b 0.820566233 0.451044259
b 0.820785704 0.451276823
b 0.821004829 0.451509354
b 0.821223628 0.451741852
b 0.821442121 0.451974318
b 0.821660328 0.452206751
b 0.809246597 0.452211864
b 0.796915847 0.452216163
b 0.784664075 0.452219704
b 0.772487457 0.452222545
b 0.760382325 0.452224743
b 0.748345153 0.452226355
b 0.736372537 0.452227437
b 0.724461175 0.452228046
b 0.712607856 0.452228237
b 0.700809437 0.452228067
b 0.689062834 0.452227591
b 0.677365001 0.452226866
b 0.665712916 0.452225946
b 0.654103573 0.452224887
b 0.642533957 0.452223745
b 0.631001038 0.452222574
b 0.619501756 0.452221430
b 0.608033005 0.452220367
b 0.596591620 0.452219438
b 0.585174400 0.452218654
b 0.573778222 0.452218003
b 0.562400072 0.452217472
b 0.551037030 0.452217048
b 0.539686253 0.452216719
b 0.528344966 0.452216470
b 0.517010441 0.452216289
b 0.505679987 0.452216163
b 0.494350934 0.452216080
b 0.483020621 0.452216027
b 0.471686378 0.452215989
b 0.460345517 0.452215956
b 0.448995313 0.452215913
b 0.437632994 0.452215849
b 0.426255723 0.452215749
b 0.414860587 0.452215602
b 0.403444579 0.452215395
b 0.392004582 0.452215114
b 0.380537381 0.452214755
b 0.369039758 0.452214329
b 0.357508546 0.452213845
b 0.345940624 0.452213314
b 0.334332899 0.452212746
b 0.322682293 0.452212152
b 0.310985728 0.452211543
b 0.299240116 0.452210928
b 0.287442340 0.452210318
b 0.275589240 0.452209724
b 0.263677599 0.452209156
b 0.251704127 0.452208626
b 0.239665443 0.452208142
b 0.227558059 0.452207717
b 0.215378365 0.452207360
b 0.203122605 0.452207082
b 0.190786864 0.452206894
b 0.178367045 0.452206807
b 0.178366795 0.451975412
b 0.178366118 0.451743944
b 0.178365054 0.451512401
b 0.178363647 0.451280785
b 0.178361939 0.451049094
b 0.178359971 0.450817328
b 0.178357785 0.450585488
b 0.178355423 0.450353574
b 0.178352928 0.450121585
b 0.178350341 0.449889522
b 0.178347705 0.449657383
b 0.178345061 0.449425170
b 0.178342451 0.449192882
b 0.178339918 0.448960519
b 0.178337504 0.448728081
b 0.178335249 0.448495568
b 0.178333198 0.448262980
b 0.178331390 0.448030316
b 0.178329866 0.447797578
b 0.178328628 0.447564764
b 0.178327656 0.447331874
b 0.178326928 0.447098910
b 0.178326423 0.446865870
b 0.178326120 0.446632755
b 0.178325998 0.446399564
b 0.178326037 0.446166299
b 0.178326214 0.445932958
b 0.178326510 0.445699542
b 0.178326902 0.445466050
b 0.178327370 0.445232483
b 0.178327893 0.444998841
b 0.178328449 0.444765123
b 0.178329018 0.444531330
b 0.178329579 0.444297462
b 0.178330109 0.444063519
b 0.178330590 0.443829499
b 0.178330998 0.443595405
b 0.178331325 0.443361235
b 0.178331575 0.443126990
b 0.178331756 0.442892668
b 0.178331875 0.442658272
b 0.178331938 0.442423799
b 0.178331953 0.442189250
b 0.178331928 0.441954626
b 0.178331868 0.441719925
b 0.178331781 0.441485149
b 0.178331675 0.441250296
b 0.178331555 0.441015366
b 0.178331430 0.440780361
b 0.178331307 0.440545279
b 0.178331192 0.440310120
b 0.178331092 0.440074884
b 0.178331014 0.439839572
b 0.178330962 0.439604183
b 0.178330940 0.439368718
b 0.190520840 0.439368620
b 0.202629595 0.439368390
b 0.214661092 0.439368045
b 0.226619045 0.439367605
b 0.238507021 0.439367085
b 0.250328449 0.439366505
b 0.262086645 0.439365883
b 0.273784822 0.439365235
b 0.285426108 0.439364581
b 0.297013562 0.439363937
b 0.308550185 0.439363321
b 0.320038939 0.439362752
b 0.331482756 0.439362246
b 0.342884555 0.439361822
b 0.354247253 0.439361498
b 0.365573778 0.439361290
b 0.376867083 0.439361217
b 0.388130156 0.439361297
b 0.399366034 0.439361544
b 0.410577754 0.439361942
b 0.421768267 0.439362452
b 0.432940426 0.439363035
b 0.444097001 0.439363655
b 0.455240696 0.439364273
b 0.466374156 0.439364849
b 0.477499984 0.439365347
b 0.488620753 0.439365728
b 0.499739018 0.439365953
b 0.510857329 0.439365985
b 0.521978245 0.439365784
b 0.533104343 0.439365313
b 0.544238233 0.439364532
b 0.555382574 0.439363403
b 0.566540080 0.439361889
b 0.577713539 0.439359949
b 0.588905821 0.439357544
b 0.600119895 0.439354638
b 0.611358768 0.439351263
b 0.622625355 0.439347561
b 0.633922506 0.439343685
b 0.645253021 0.439339785
b 0.656619664 0.439336015
b 0.668025177 0.439332526
b 0.679472293 0.439329473
b 0.690963748 0.439327008
b 0.702502298 0.439325285
b 0.714090731 0.439324457
b 0.725731882 0.439324680
b 0.737428648 0.439326107
b 0.749184001 0.439328896
b 0.761001008 0.439333200
b 0.772882844 0.439339177
b 0.784832807 0.439346984
b 0.796854340 0.439356778
interior
i 0.258742790 0.440937429
i 0.339159581 0.440937429
i 0.419576372 0.440937429
i 0.499993163 0.440937429
i 0.580409955 0.440937429
i 0.660826746 0.440937429
i 0.741243537 0.440937429
i 0.258742790 0.442550402
i 0.339159581 0.442550402
i 0.419576372 0.442550402
i 0.499993163 0.442550402
i 0.580409955 0.442550402
i 0.660826746 0.442550402
i 0.741243537 0.442550402
i 0.258742790 0.444163374
i 0.339159581 0.444163374
i 0.419576372 0.444163374
i 0.499993163 0.444163374
i 0.580409955 0.444163374
i 0.660826746 0.444163374
i 0.741243537 0.444163374
i 0.258742790 0.445776347
i 0.339159581 0.445776347
i 0.419576372 0.445776347
i 0.499993163 0.445776347
i 0.580409955 0.445776347
i 0.660826746 0.445776347
i 0.741243537 0.445776347
i 0.258742790 0.447389319
i 0.339159581 0.447389319
i 0.419576372 0.447389319
i 0.499993163 0.447389319
i 0.580409955 0.447389319
i 0.660826746 0.447389319
i 0.741243537 0.447389319
i 0.258742790 0.449002292
i 0.339159581 0.449002292
i 0.419576372 0.449002292
i 0.499993163 0.449002292
i 0.580409955 0.449002292
i 0.660826746 0.449002292
i 0.741243537 0.449002292
i 0.258742790 0.450615264
i 0.339159581 0.450615264
i 0.419576372 0.450615264
i 0.499993163 0.450615264
i 0.580409955 0.450615264
i 0.660826746 0.450615264
i 0.741243537 0.450615264
i 0.218534394 0.440130943
i 0.198430196 0.439727700
i 0.238638592 0.439727700
i 0.198430196 0.440534186
i 0.238638592 0.440534186
i 0.218534394 0.441743916
i 0.198430196 0.441340673
i 0.238638592 0.441340673
i 0.198430196 0.442147159
i 0.238638592 0.442147159
i 0.218534394 0.443356888
i 0.198430196 0.442953645
i 0.238638592 0.442953645
i 0.198430196 0.443760131
i 0.238638592 0.443760131
i 0.218534394 0.444969861
i 0.198430196 0.444566618
i 0.238638592 0.444566618
i 0.198430196 0.445373104
i 0.238638592 0.445373104
i 0.218534394 0.446582833
i 0.198430196 0.446179590
i 0.238638592 0.446179590
i 0.198430196 0.446986076
i 0.238638592 0.446986076
i 0.218534394 0.448195806
i 0.198430196 0.447792563
i 0.238638592 0.447792563
i 0.198430196 0.448599049
i 0.238638592 0.448599049
i 0.218534394 0.449808778
i 0.198430196 0.449405535
i 0.238638592 0.449405535
i 0.198430196 0.450212021
i 0.238638592 0.450212021
i 0.218534394 0.451421751
i 0.198430196 0.451018507
i 0.238638592 0.451018507
i 0.198430196 0.451824994
i 0.238638592 0.451824994
i 0.298951185 0.440130943
i 0.278846987 0.439727700
i 0.319055383 0.439727700
i 0.278846987 0.440534186
i 0.319055383 0.440534186
i 0.298951185 0.441743916
i 0.278846987 0.441340673
i 0.319055383 0.441340673
i 0.278846987 0.442147159
i 0.319055383 0.442147159
i 0.298951185 0.443356888
i 0.278846987 0.442953645
i 0.319055383 0.442953645
i 0.278846987 0.443760131
i 0.319055383 0.443760131
i 0.298951185 0.444969861
i 0.278846987 0.444566618
i 0.319055383 0.444566618
i 0.278846987 0.445373104
i 0.319055383 0.445373104
i 0.298951185 0.446582833
i 0.278846987 0.446179590
i 0.319055383 0.446179590
i 0.278846987 0.446986076
i 0.319055383 0.446986076
i 0.298951185 0.448195806
i 0.278846987 0.447792563
i 0.319055383 0.447792563
i 0.278846987 0.448599049
i 0.319055383 0.448599049
i 0.298951185 0.449808778
i 0.278846987 0.449405535
i 0.319055383 0.449405535
i 0.278846987 0.450212021
i 0.319055383 0.450212021
i 0.298951185 0.451421751
i 0.278846987 0.451018507
i 0.319055383 0.451018507
i 0.278846987 0.451824994
i 0.319055383 0.451824994
i 0.379367977 0.440130943
i 0.359263779 0.439727700
i 0.399472174 0.439727700
i 0.359263779 0.440534186
i 0.399472174 0.440534186
i 0.379367977 0.441743916
i 0.359263779 0.441340673
i 0.399472174 0.441340673
i 0.359263779 0.442147159
i 0.399472174 0.442147159
i 0.379367977 0.443356888
i 0.359263779 0.442953645
i 0.399472174 0.442953645
i 0.359263779 0.443760131
i 0.399472174 0.443760131
i 0.379367977 0.444969861
i 0.359263779 0.444566618
i 0.399472174 0.444566618
i 0.359263779 0.445373104
i 0.399472174 0.445373104
i 0.379367977 0.446582833
i 0.359263779 0.446179590
i 0.399472174 0.446179590
i 0.359263779 0.446986076
i 0.399472174 0.446986076
i 0.379367977 0.448195806
i 0.359263779 0.447792563
i 0.399472174 0.447792563
i 0.359263779 0.448599049
i 0.399472174 0.448599049
i 0.379367977 0.449808778
i 0.359263779 0.449405535
i 0.399472174 0.449405535
i 0.359263779 0.450212021
i 0.399472174 0.450212021
i 0.379367977 0.451421751
i 0.359263779 0.451018507
i 0.399472174 0.451018507
i 0.359263779 0.451824994
i 0.399472174 0.451824994
i 0.459784768 0.440130943
i 0.439680570 0.439727700
i 0.479888966 0.439727700
i 0.439680570 0.440534186
i 0.479888966 0.440534186
i 0.459784768 0.441743916
i 0.439680570 0.441340673
i 0.479888966 0.441340673
i 0.439680570 0.442147159
i 0.479888966 0.442147159
i 0.459784768 0.443356888
i 0.439680570 0.442953645
i 0.479888966 0.442953645
i 0.439680570 0.443760131
i 0.479888966 0.443760131
i 0.459784768 0.444969861
i 0.439680570 0.444566618
i 0.479888966 0.444566618
i 0.439680570 0.445373104
i 0.479888966 0.445373104
i 0.459784768 0.446582833
i 0.439680570 0.446179590
i 0.479888966 0.446179590
i 0.439680570 0.446986076
i 0.479888966 0.446986076
i 0.459784768 0.448195806
i 0.439680570 0.447792563
i 0.479888966 0.447792563
i 0.439680570 0.448599049
i 0.479888966 0.448599049
i 0.459784768 0.449808778
i 0.439680570 0.449405535
i 0.479888966 0.449405535
i 0.439680570 0.450212021
i 0.479888966 0.450212021
i 0.459784768 0.451421751
i 0.439680570 0.451018507
i 0.479888966 0.451018507
i 0.439680570 0.451824994
i 0.479888966 0.451824994
i 0.540201559 0.440130943
i 0.520097361 0.439727700
i 0.560305757 0.439727700
i 0.520097361 0.440534186
i 0.560305757 0.440534186
i 0.540201559 0.441743916
i 0.520097361 0.441340673
i 0.560305757 0.441340673
i 0.520097361 0.442147159
i 0.560305757 0.442147159
i 0.540201559 0.443356888
i 0.520097361 0.442953645
i 0.560305757 0.442953645
i 0.520097361 0.443760131
i 0.560305757 0.443760131
i 0.540201559 0.444969861
i 0.520097361 0.444566618
i 0.560305757 0.444566618
i 0.520097361 0.445373104
i 0.560305757 0.445373104
i 0.540201559 0.446582833
i 0.520097361 0.446179590
i 0.560305757 0.446179590
i 0.520097361 0.446986076
i 0.560305757 0.446986076
i 0.540201559 0.448195806
i 0.520097361 0.447792563
i 0.560305757 0.447792563
i 0.520097361 0.448599049
i 0.560305757 0.448599049
i 0.540201559 0.449808778
i 0.520097361 0.449405535
i 0.560305757 0.449405535
i 0.520097361 0.450212021
i 0.560305757 0.450212021
i 0.540201559 0.451421751
i 0.520097361 0.451018507
i 0.560305757 0.451018507
i 0.520097361 0.451824994
i 0.560305757 0.451824994
i 0.620618350 0.440130943
i 0.600514152 0.439727700
i 0.640722548 0.439727700
i 0.600514152 0.440534186
i 0.640722548 0.440534186
i 0.620618350 0.441743916
i 0.600514152 0.441340673
i 0.640722548 0.441340673
i 0.600514152 0.442147159
i 0.640722548 0.442147159
i 0.620618350 0.443356888
i 0.600514152 0.442953645
i 0.640722548 0.442953645
i 0.600514152 0.443760131
i 0.640722548 0.443760131
i 0.620618350 0.444969861
i 0.600514152 0.444566618
i 0.640722548 0.444566618
i 0.600514152 0.445373104
i 0.640722548 0.445373104
i 0.620618350 0.446582833
i 0.600514152 0.446179590
i 0.640722548 0.446179590
i 0.600514152 0.446986076
i 0.640722548 0.446986076
i 0.620618350 0.448195806
i 0.600514152 0.447792563
i 0.640722548 0.447792563
i 0.600514152 0.448599049
i 0.640722548 0.448599049
i 0.620618350 0.449808778
i 0.600514152 0.449405535
i 0.640722548 0.449405535
i 0.600514152 0.450212021
i 0.640722548 0.450212021
i 0.620618350 0.451421751
i 0.600514152 0.451018507
i 0.640722548 0.451018507
i 0.600514152 0.451824994
i 0.640722548 0.451824994
i 0.701035141 0.440130943
i 0.680930944 0.439727700
i 0.721139339 0.439727700
i 0.680930944 0.440534186
i 0.721139339 0.440534186
i 0.701035141 0.441743916
i 0.680930944 0.441340673
i 0.721139339 0.441340673
i 0.680930944 0.442147159
i 0.721139339 0.442147159
i 0.701035141 0.443356888
i 0.680930944 0.442953645
i 0.721139339 0.442953645
i 0.680930944 0.443760131
i 0.721139339 0.443760131
i 0.701035141 0.444969861
i 0.680930944 0.444566618
i 0.721139339 0.444566618
i 0.680930944 0.445373104
i 0.721139339 0.445373104
i 0.701035141 0.446582833
i 0.680930944 0.446179590
i 0.721139339 0.446179590
i 0.680930944 0.446986076
i 0.721139339 0.446986076
i 0.701035141 0.448195806
i 0.680930944 0.447792563
i 0.721139339 0.447792563
i 0.680930944 0.448599049
i 0.721139339 0.448599049
i 0.701035141 0.449808778
i 0.680930944 0.449405535
i 0.721139339 0.449405535
i 0.680930944 0.450212021
i 0.721139339 0.450212021
i 0.701035141 0.451421751
i 0.680930944 0.451018507
i 0.721139339 0.451018507
i 0.680930944 0.451824994
i 0.721139339 0.451824994
i 0.781451933 0.440130943
i 0.761347735 0.439727700
i 0.801556130 0.439727700
i 0.761347735 0.440534186
i 0.801556130 0.440534186
i 0.781451933 0.441743916
i 0.761347735 0.441340673
i 0.801556130 0.441340673
i 0.761347735 0.442147159
i 0.801556130 0.442147159
i 0.781451933 0.443356888
i 0.761347735 0.442953645
i 0.801556130 0.442953645
i 0.761347735 0.443760131
i 0.801556130 0.443760131
i 0.781451933 0.444969861
i 0.761347735 0.444566618
i 0.801556130 0.444566618
i 0.761347735 0.445373104
i 0.801556130 0.445373104
i 0.781451933 0.446582833
i 0.761347735 0.446179590
i 0.801556130 0.446179590
i 0.761347735 0.446986076
i 0.801556130 0.446986076
i 0.781451933 0.448195806
i 0.761347735 0.447792563
i 0.801556130 0.447792563
i 0.761347735 0.448599049
i 0.801556130 0.448599049
i 0.781451933 0.449808778
i 0.761347735 0.449405535
i 0.801556130 0.449405535
i 0.761347735 0.450212021
i 0.801556130 0.450212021
i 0.781451933 0.451421751
i 0.761347735 0.451018507
i 0.801556130 0.451018507
i 0.761347735 0.451824994
i 0.801556130 0.451824994
tris
t 212 210 211
t 212 209 210
t 212 208 209
t 212 207 208
t 212 206 207
t 212 205 206
t 212 204 205
t 212 203 204
t 212 202 203
t 212 201 202
t 212 200 201
t 212 199 200
t 212 198 199
t 212 197 198
t 212 196 197
t 212 195 196
t 212 194 195
t 212 193 194
t 212 192 193
t 212 191 192
t 212 190 191
t 212 189 190
t 212 188 189
t 212 187 188
t 212 186 187
t 212 185 186
t 212 184 185
t 212 183 184
t 212 182 183
t 212 181 182
t 212 180 181
t 212 179 180
t 212 178 179
t 212 177 178
t 212 176 177
t 212 175 176
t 212 174 175
t 212 173 174
t 212 172 173
t 212 171 172
t 212 170 171
t 212 169 170
t 212 168 169
t 212 167 168
t 212 166 167
t 212 165 166
t 212 164 165
t 212 163 164
t 212 162 163
t 212 161 162
t 212 160 161
t 212 159 160
t 212 158 159
t 212 157 158
t 212 156 157
t 212 155 156
t 212 154 155
t 212 153 154
t 212 152 153
t 212 151 152
t 212 150 151
t 212 149 150
t 212 148 149
t 212 147 148
t 212 146 147
t 212 145 146
t 212 144 145
t 212 143 144
t 212 142 143
t 212 141 142
t 212 140 141
t 212 139 140
t 212 138 139
t 212 213 214
t 212 214 215
t 212 215 216
t 212 216 217
t 212 217 218
t 212 218 219
t 212 219 0
t 212 0 1
t 212 1 2
t 212 2 3
t 212 3 4
t 212 4 5
t 212 5 6
t 212 6 7
t 212 7 8
t 212 8 9
t 212 9 10
t 212 10 11
t 212 11 12
t 212 12 13
t 212 13 14
t 212 14 15
t 212 15 16
t 212 16 17
t 212 17 18
t 212 18 19
t 212 19 20
t 212 20 21
t 212 21 22
t 212 22 23
t 212 23 24
t 212 24 25
t 212 25 26
t 212 26 27
t 212 589 138
t 212 590 589
t 212 591 590
t 212 592 591
t 212 593 592
t 212 594 593
t 212 595 594
t 212 596 595
t 212 597 596
t 212 598 597
t 212 599 598
t 212 600 599
t 212 601 600
t 212 602 601
t 212 603 602
t 212 604 603
t 212 605 604
t 212 606 605
t 212 607 606
t 212 608 607
t 212 609 608
t 212 610 609
t 212 611 610
t 212 612 611
t 212 613 612
t 212 614 613
t 212 615 614
t 212 616 615
t 212 617 616
t 212 618 617
t 212 619 618
t 212 620 619
t 212 621 620
t 212 622 621
t 212 623 622
t 212 624 623
t 212 625 624
t 212 626 625
t 212 627 626
t 212 628 627
t 212 629 628
t 212 630 629
t 212 631 630
t 212 632 631
t 212 633 632
t 212 634 633
t 212 635 634
t 212 636 635
t 212 637 636
t 212 638 637
t 212 639 638
t 212 640 639
t 212 641 640
t 212 642 641
t 212 643 642
t 212 644 643
t 212 645 644
t 212 646 645
t 212 647 646
t 212 648 647
t 212 649 648
t 212 650 649
t 212 651 650
t 212 652 651
t 212 653 652
t 212 654 653
t 212 655 654
t 212 656 655
t 212 657 656
t 212 658 657
t 212 659 658
t 212 660 659
t 212 661 660
t 212 662 661
t 212 663 662
t 212 664 663
t 212 665 664
t 212 666 665
t 212 667 666
t 212 668 667
t 212 669 668
t 212 670 669
t 212 671 670
t 212 672 671
t 212 673 672
t 212 674 673
t 212 675 674
t 212 676 675
t 212 677 676
t 212 678 677
t 212 679 678
t 212 680 679
t 212 681 680
t 212 682 681
t 212 683 682
t 212 684 683
t 212 685 684
t 212 686 685
t 212 687 686
t 212 688 687
t 212 689 688
t 212 690 689
t 212 691 690
t 212 692 691
t 212 693 692
t 212 694 693
t 212 695 694
t 212 696 695
t 212 697 696
t 212 698 697
t 212 699 698
t 212 700 699
t 212 701 700
t 212 702 701
t 212 703 702
t 212 704 703
t 212 705 704
t 212 706 705
t 212 707 706
t 212 708 707
t 212 709 708
t 212 710 709
t 212 711 710
t 212 712 711
t 212 713 712
t 212 714 713
t 212 715 714
t 212 716 715
t 212 717 716
t 212 718 717
t 212 719 718
t 212 720 719
t 212 721 720
t 212 722 721
t 212 723 722
t 212 724 723
t 212 725 724
t 212 726 725
t 212 727 726
t 212 728 727
t 212 729 728
t 212 730 729
t 212 731 730
t 212 732 731
t 212 733 732
t 212 734 733
t 212 735 734
t 212 736 735
t 212 737 736
t 212 738 737
t 212 739 738
t 212 740 739
t 212 741 740
t 212 742 741
t 212 743 742
t 212 744 743
t 212 745 744
t 212 746 745
t 212 27 746
t 138 136 137
t 138 135 136
t 138 134 135
t 138 133 134
t 138 132 133
t 138 131 132
t 138 130 131
t 138 129 130
t 138 128 129
t 138 127 128
t 138 126 127
t 138 125 126
t 138 124 125
t 138 123 124
t 138 122 123
t 138 121 122
t 138 120 121
t 138 119 120
t 138 118 119
t 138 117 118
t 138 116 117
t 138 115 116
t 138 114 115
t 138 113 114
t 138 112 113
t 138 111 112
t 138 110 111
t 138 109 110
t 138 108 109
t 138 107 108
t 138 106 107
t 138 105 106
t 138 104 105
t 138 103 104
t 138 102 103
t 138 101 102
t 138 100 101
t 138 99 100
t 138 98 99
t 138 97 98
t 138 96 97
t 138 95 96
t 138 94 95
t 138 93 94
t 138 92 93
t 138 91 92
t 138 90 91
t 138 89 90
t 138 88 89
t 138 87 88
t 138 86 87
t 138 85 86
t 138 84 85
t 138 83 84
t 138 82 83
t 138 81 82
t 138 80 81
t 138 79 80
t 138 78 79
t 138 77 78
t 138 76 77
t 138 75 76
t 138 74 75
t 138 73 74
t 138 72 73
t 138 71 72
t 138 70 71
t 138 69 70
t 138 68 69
t 138 67 68
t 138 66 67
t 138 65 66
t 138 64 65
t 27 28 29
t 27 29 30
t 27 30 31
t 27 31 32
t 27 32 33
t 27 33 34
t 27 34 35
t 27 35 36
t 27 36 37
t 27 37 38
t 27 38 39
t 27 39 40
t 27 40 41
t 27 41 42
t 27 42 43
t 27 43 44
t 27 44 45
t 27 45 46
t 27 46 47
t 27 47 48
t 27 48 49
t 27 49 50
t 27 50 51
t 27 51 52
t 27 52 53
t 27 53 54
t 27 54 55
t 27 55 56
t 27 56 57
t 27 57 58
t 27 58 59
t 27 59 60
t 27 60 61
t 27 61 62
t 27 62 63
t 27 63 64
t 138 589 64
t 589 590 64
t 590 591 64
t 591 592 64
t 592 593 64
t 593 594 64
t 594 595 64
t 595 596 64
t 596 597 64
t 597 598 64
t 598 599 64
t 599 600 64
t 600 601 64
t 601 602 64
t 602 603 64
t 603 604 64
t 604 605 64
t 605 606 64
t 606 607 64
t 607 608 64
t 608 609 64
t 609 610 64
t 610 611 64
t 611 612 64
t 612 613 64
t 613 614 64
t 614 615 64
t 615 616 64
t 616 617 64
t 617 618 64
t 618 619 64
t 619 620 64
t 620 621 64
t 621 622 64
t 622 623 64
t 623 624 64
t 624 625 64
t 625 626 64
t 626 627 64
t 627 628 64
t 628 629 64
t 629 630 64
t 630 631 64
t 631 632 64
t 632 633 64
t 633 634 64
t 634 635 64
t 635 636 64
t 636 637 64
t 637 638 64
t 638 639 64
t 639 640 64
t 640 641 64
t 641 642 64
t 642 643 64
t 643 644 64
t 644 645 64
t 645 646 64
t 646 647 64
t 647 648 64
t 648 649 64
t 649 650 64
t 650 651 64
t 651 652 64
t 652 653 64
t 653 654 64
t 654 655 64
t 655 656 64
t 656 657 64
t 657 658 64
t 658 659 64
t 659 660 64
t 660 661 64
t 661 662 64
t 662 663 64
t 663 664 64
t 664 665 64
t 665 666 64
t 666 667 64
t 667 668 64
t 668 669 64
t 669 670 64
t 670 671 64
t 671 672 64
t 672 673 64
t 673 674 64
t 674 675 64
t 675 676 64
t 676 677 64
t 677 678 64
t 678 679 64
t 679 680 64
t 680 681 64
t 681 682 64
t 682 683 64
t 683 684 64
t 684 685 64
t 685 686 64
t 686 687 64
t 687 688 64
t 688 689 64
t 689 690 64
t 690 691 64
t 691 692 64
t 692 693 64
t 693 694 64
t 694 695 64
t 695 696 64
t 696 697 64
t 697 698 64
t 698 699 64
t 699 700 64
t 700 701 64
t 701 702 64
t 702 703 64
t 703 704 64
t 704 705 64
t 705 706 64
t 706 707 64
t 707 708 64
t 708 709 64
t 709 710 64
t 710 711 64
t 711 712 64
t 712 713 64
t 713 714 64
t 714 715 64
t 715 716 64
t 716 717 64
t 717 718 64
t 718 719 64
t 719 720 64
t 720 721 64
t 721 722 64
t 722 723 64
t 723 724 64
t 724 725 64
t 725 726 64
t 726 727 64
t 727 728 64
t 728 729 64
t 729 730 64
t 730 731 64
t 731 732 64
t 732 733 64
t 733 734 64
t 734 735 64
t 735 736 64
t 736 737 64
t 737 738 64
t 738 739 64
t 739 740 64
t 740 741 64
t 741 742 64
t 742 743 64
t 743 744 64
t 744 745 64
t 745 746 64
t 746 27 64
