type=Nurbs forward=true n_boundary=165 n_holes=0 n_interior=203 n_tris=1253 label=brep62542_f90_Nurbs(deg=3/3, cps=4x20)
boundary
b 0.863974105 0.986636541
b 0.843677595 0.973457579
b 0.823497431 0.960495901
b 0.803732784 0.947783840
b 0.784667382 0.935342418
b 0.766521000 0.923101869
b 0.749496771 0.910948240
b 0.733811221 0.898767891
b 0.719648841 0.886448961
b 0.706973142 0.873912742
b 0.695575932 0.861111350
b 0.685230374 0.847998383
b 0.675676618 0.834524629
b 0.666627262 0.820665970
b 0.657775342 0.806442377
b 0.648826640 0.791878402
b 0.639509608 0.776999494
b 0.629625015 0.761820368
b 0.619222129 0.746321130
b 0.608404235 0.730476180
b 0.597251874 0.714260341
b 0.585840797 0.697651173
b 0.574352980 0.680641662
b 0.562949971 0.663229896
b 0.551746146 0.645413715
b 0.540808574 0.627188840
b 0.530097241 0.608529330
b 0.519446933 0.589394767
b 0.508599012 0.569742859
b 0.497234646 0.549531493
b 0.485245077 0.528751069
b 0.472747762 0.507432763
b 0.459854379 0.485604863
b 0.446644729 0.463287087
b 0.433029895 0.440560178
b 0.418731880 0.417681996
b 0.403784553 0.394936873
b 0.388574887 0.372592964
b 0.373689699 0.350862406
b 0.359196304 0.329746047
b 0.344947210 0.309182609
b 0.330849726 0.289091927
b 0.316776094 0.269384145
b 0.302639723 0.249876316
b 0.288201028 0.230328928
b 0.273262791 0.210513532
b 0.257621690 0.190207173
b 0.241191506 0.169254039
b 0.224139885 0.147565804
b 0.206511047 0.125074219
b 0.188254226 0.101733596
b 0.169459806 0.077529383
b 0.150618749 0.052503964
b 0.132518104 0.026667683
b 0.116073204 -0.000000239
b 0.130705369 -0.000011577
b 0.145263115 -0.000023416
b 0.159749737 -0.000035743
b 0.174168432 -0.000048546
b 0.188522311 -0.000061815
b 0.202814414 -0.000075538
b 0.217047718 -0.000089702
b 0.231225153 -0.000104298
b 0.245349609 -0.000119312
b 0.259423948 -0.000134733
b 0.273451015 -0.000150550
b 0.287433650 -0.000166751
b 0.301374694 -0.000183325
b 0.315277003 -0.000200259
b 0.329143423 -0.000217545
b 0.342976705 -0.000235177
b 0.356779526 -0.000253150
b 0.370554491 -0.000271461
b 0.384304156 -0.000290103
b 0.398031027 -0.000309073
b 0.411737580 -0.000328365
b 0.425426266 -0.000347976
b 0.439099525 -0.000367899
b 0.452759791 -0.000388130
b 0.466409508 -0.000408665
b 0.480051136 -0.000429499
b 0.493687164 -0.000450626
b 0.507320122 -0.000472041
b 0.520952664 -0.000493741
b 0.534587512 -0.000515720
b 0.548227347 -0.000537975
b 0.561874815 -0.000560502
b 0.575532538 -0.000583296
b 0.589203119 -0.000606354
b 0.602889157 -0.000629670
b 0.616593255 -0.000653240
b 0.630318029 -0.000677060
b 0.644066118 -0.000701125
b 0.657840196 -0.000725431
b 0.671642978 -0.000749973
b 0.685477238 -0.000774747
b 0.699345809 -0.000799745
b 0.713251581 -0.000824953
b 0.727197436 -0.000850348
b 0.741186246 -0.000875907
b 0.755220879 -0.000901609
b 0.769304212 -0.000927431
b 0.783439137 -0.000953351
b 0.797628576 -0.000979345
b 0.811875489 -0.001005390
b 0.826182883 -0.001031463
b 0.840553829 -0.001057541
b 0.854991467 -0.001083599
b 0.869499020 -0.001109615
b 0.884079809 -0.001135563
b 0.884128217 0.016844541
b 0.884211441 0.034480381
b 0.884260827 0.051772784
b 0.884239108 0.068721885
b 0.884140361 0.085327636
b 0.884031626 0.101596504
b 0.883975729 0.117540429
b 0.883963665 0.133167786
b 0.883985554 0.148485205
b 0.884034892 0.163497842
b 0.884079809 0.178210365
b 0.884068193 0.192636636
b 0.884057288 0.206826521
b 0.884086738 0.220839006
b 0.884136653 0.234732669
b 0.884125498 0.248565135
b 0.884016762 0.262393873
b 0.883889628 0.276268157
b 0.883825037 0.290228378
b 0.883855537 0.304315539
b 0.883963170 0.318571230
b 0.884079809 0.333037159
b 0.884131793 0.347749709
b 0.884135386 0.362726309
b 0.884120045 0.377981348
b 0.884103378 0.393531117
b 0.884089143 0.409393850
b 0.884066035 0.425588796
b 0.884027543 0.442124669
b 0.883986807 0.459002083
b 0.883964603 0.476223381
b 0.883986357 0.493793191
b 0.884079809 0.511717586
b 0.884253224 0.530000987
b 0.884429314 0.548648978
b 0.884510686 0.567668148
b 0.884417926 0.587065115
b 0.884198677 0.606841463
b 0.883974045 0.626998282
b 0.883780224 0.647537369
b 0.883600736 0.668459020
b 0.883510541 0.689762887
b 0.883638217 0.711450525
b 0.884079809 0.733522417
b 0.884759234 0.755974463
b 0.885336077 0.778801186
b 0.885541940 0.801991039
b 0.885228367 0.825529457
b 0.884495731 0.849404648
b 0.883693744 0.873609751
b 0.883149756 0.898155210
b 0.883117312 0.923064330
b 0.883465528 0.948343131
b 0.883881751 0.973988960
b 0.884079809 1.000000000
interior
i 0.212256796 0.124006382
i 0.308440388 0.124006382
i 0.404623980 0.124006382
i 0.500807572 0.124006382
i 0.596991164 0.124006382
i 0.693174756 0.124006382
i 0.789358348 0.124006382
i 0.308440388 0.249148328
i 0.404623980 0.249148328
i 0.500807572 0.249148328
i 0.596991164 0.249148328
i 0.693174756 0.249148328
i 0.789358348 0.249148328
i 0.404623980 0.374290273
i 0.500807572 0.374290273
i 0.596991164 0.374290273
i 0.693174756 0.374290273
i 0.789358348 0.374290273
i 0.500807572 0.499432218
i 0.596991164 0.499432218
i 0.693174756 0.499432218
i 0.789358348 0.499432218
i 0.596991164 0.624574164
i 0.693174756 0.624574164
i 0.789358348 0.624574164
i 0.693174756 0.749716109
i 0.789358348 0.749716109
i 0.789358348 0.874858055
i 0.164165000 0.061435410
i 0.140119102 0.030149923
i 0.188210898 0.030149923
i 0.188210898 0.092720896
i 0.260348592 0.061435410
i 0.236302694 0.030149923
i 0.284394490 0.030149923
i 0.236302694 0.092720896
i 0.284394490 0.092720896
i 0.260348592 0.186577355
i 0.236302694 0.155291869
i 0.284394490 0.155291869
i 0.284394490 0.217862841
i 0.356532184 0.061435410
i 0.332486286 0.030149923
i 0.380578082 0.030149923
i 0.332486286 0.092720896
i 0.380578082 0.092720896
i 0.356532184 0.186577355
i 0.332486286 0.155291869
i 0.380578082 0.155291869
i 0.332486286 0.217862841
i 0.380578082 0.217862841
i 0.356532184 0.311719300
i 0.332486286 0.280433814
i 0.380578082 0.280433814
i 0.380578082 0.343004787
i 0.452715776 0.061435410
i 0.428669878 0.030149923
i 0.476761674 0.030149923
i 0.428669878 0.092720896
i 0.476761674 0.092720896
i 0.452715776 0.186577355
i 0.428669878 0.155291869
i 0.476761674 0.155291869
i 0.428669878 0.217862841
i 0.476761674 0.217862841
i 0.452715776 0.311719300
i 0.428669878 0.280433814
i 0.476761674 0.280433814
i 0.428669878 0.343004787
i 0.476761674 0.343004787
i 0.452715776 0.436861246
i 0.428669878 0.405575759
i 0.476761674 0.405575759
i 0.476761674 0.468146732
i 0.548899368 0.061435410
i 0.524853470 0.030149923
i 0.572945266 0.030149923
i 0.524853470 0.092720896
i 0.572945266 0.092720896
i 0.548899368 0.186577355
i 0.524853470 0.155291869
i 0.572945266 0.155291869
i 0.524853470 0.217862841
i 0.572945266 0.217862841
i 0.548899368 0.311719300
i 0.524853470 0.280433814
i 0.572945266 0.280433814
i 0.524853470 0.343004787
i 0.572945266 0.343004787
i 0.548899368 0.436861246
i 0.524853470 0.405575759
i 0.572945266 0.405575759
i 0.524853470 0.468146732
i 0.572945266 0.468146732
i 0.548899368 0.562003191
i 0.524853470 0.530717705
i 0.572945266 0.530717705
i 0.524853470 0.593288677
i 0.572945266 0.593288677
i 0.645082960 0.061435410
i 0.621037062 0.030149923
i 0.669128858 0.030149923
i 0.621037062 0.092720896
i 0.669128858 0.092720896
i 0.645082960 0.186577355
i 0.621037062 0.155291869
i 0.669128858 0.155291869
i 0.621037062 0.217862841
i 0.669128858 0.217862841
i 0.645082960 0.311719300
i 0.621037062 0.280433814
i 0.669128858 0.280433814
i 0.621037062 0.343004787
i 0.669128858 0.343004787
i 0.645082960 0.436861246
i 0.621037062 0.405575759
i 0.669128858 0.405575759
i 0.621037062 0.468146732
i 0.669128858 0.468146732
i 0.645082960 0.562003191
i 0.621037062 0.530717705
i 0.669128858 0.530717705
i 0.621037062 0.593288677
i 0.669128858 0.593288677
i 0.645082960 0.687145137
i 0.621037062 0.655859650
i 0.669128858 0.655859650
i 0.621037062 0.718430623
i 0.669128858 0.718430623
i 0.741266552 0.061435410
i 0.717220654 0.030149923
i 0.765312450 0.030149923
i 0.717220654 0.092720896
i 0.765312450 0.092720896
i 0.741266552 0.186577355
i 0.717220654 0.155291869
i 0.765312450 0.155291869
i 0.717220654 0.217862841
i 0.765312450 0.217862841
i 0.741266552 0.311719300
i 0.717220654 0.280433814
i 0.765312450 0.280433814
i 0.717220654 0.343004787
i 0.765312450 0.343004787
i 0.741266552 0.436861246
i 0.717220654 0.405575759
i 0.765312450 0.405575759
i 0.717220654 0.468146732
i 0.765312450 0.468146732
i 0.741266552 0.562003191
i 0.717220654 0.530717705
i 0.765312450 0.530717705
i 0.717220654 0.593288677
i 0.765312450 0.593288677
i 0.741266552 0.687145137
i 0.717220654 0.655859650
i 0.765312450 0.655859650
i 0.717220654 0.718430623
i 0.765312450 0.718430623
i 0.741266552 0.812287082
i 0.717220654 0.781001596
i 0.765312450 0.781001596
i 0.717220654 0.843572568
i 0.765312450 0.843572568
i 0.837450144 0.061435410
i 0.813404246 0.030149923
i 0.861496042 0.030149923
i 0.813404246 0.092720896
i 0.861496042 0.092720896
i 0.837450144 0.186577355
i 0.813404246 0.155291869
i 0.861496042 0.155291869
i 0.813404246 0.217862841
i 0.861496042 0.217862841
i 0.837450144 0.311719300
i 0.813404246 0.280433814
i 0.861496042 0.280433814
i 0.813404246 0.343004787
i 0.861496042 0.343004787
i 0.837450144 0.436861246
i 0.813404246 0.405575759
i 0.861496042 0.405575759
i 0.813404246 0.468146732
i 0.861496042 0.468146732
i 0.837450144 0.562003191
i 0.813404246 0.530717705
i 0.861496042 0.530717705
i 0.813404246 0.593288677
i 0.861496042 0.593288677
i 0.837450144 0.687145137
i 0.813404246 0.655859650
i 0.861496042 0.655859650
i 0.813404246 0.718430623
i 0.861496042 0.718430623
i 0.837450144 0.812287082
i 0.813404246 0.781001596
i 0.861496042 0.781001596
i 0.813404246 0.843572568
i 0.861496042 0.843572568
i 0.837450144 0.937429027
i 0.813404246 0.906143541
i 0.861496042 0.906143541
i 0.861496042 0.968714514
tris
t 54 55 368
t 55 56 368
t 56 57 368
t 57 58 368
t 58 59 368
t 59 60 368
t 60 61 368
t 61 62 368
t 62 388 368
t 62 63 388
t 63 389 388
t 63 390 389
t 63 64 390
t 64 391 390
t 64 392 391
t 64 65 392
t 65 393 392
t 65 66 393
t 66 394 393
t 66 395 394
t 66 67 395
t 67 396 395
t 67 397 396
t 67 68 397
t 68 398 397
t 68 399 398
t 68 69 399
t 69 400 399
t 69 401 400
t 69 70 401
t 70 402 401
t 70 403 402
t 70 71 403
t 71 404 403
t 71 405 404
t 71 72 405
t 72 406 405
t 72 407 406
t 72 73 407
t 73 408 407
t 73 409 408
t 73 74 409
t 74 410 409
t 74 411 410
t 74 75 411
t 75 412 411
t 75 413 412
t 75 76 413
t 76 414 413
t 76 415 414
t 76 77 415
t 77 416 415
t 77 417 416
t 77 78 417
t 78 418 417
t 78 419 418
t 78 79 419
t 79 420 419
t 79 421 420
t 79 80 421
t 80 422 421
t 80 423 422
t 80 81 423
t 81 424 423
t 81 425 424
t 81 82 425
t 82 426 425
t 82 427 426
t 82 428 427
t 82 83 428
t 83 429 428
t 83 430 429
t 83 84 430
t 84 431 430
t 84 432 431
t 84 85 432
t 85 433 432
t 85 434 433
t 85 86 434
t 86 435 434
t 86 436 435
t 86 437 436
t 86 87 437
t 87 438 437
t 87 439 438
t 87 88 439
t 88 440 439
t 88 441 440
t 88 89 441
t 89 442 441
t 89 443 442
t 89 90 443
t 90 444 443
t 90 445 444
t 90 446 445
t 90 91 446
t 91 447 446
t 91 448 447
t 91 92 448
t 92 449 448
t 92 450 449
t 92 451 450
t 92 93 451
t 93 452 451
t 93 453 452
t 93 94 453
t 94 454 453
t 94 455 454
t 94 456 455
t 94 95 456
t 95 457 456
t 95 458 457
t 95 96 458
t 96 459 458
t 96 460 459
t 96 97 460
t 97 461 460
t 97 462 461
t 97 98 462
t 98 463 462
t 98 464 463
t 98 99 464
t 99 465 464
t 99 466 465
t 99 100 466
t 100 467 466
t 100 369 467
t 100 101 369
t 101 102 369
t 102 103 369
t 103 104 369
t 104 105 369
t 105 106 369
t 106 107 369
t 107 108 369
t 108 109 369
t 54 368 53
t 53 368 52
t 52 368 51
t 51 368 50
t 50 368 49
t 49 368 370
t 109 110 369
t 110 111 369
t 111 112 369
t 112 113 369
t 113 114 369
t 114 115 369
t 115 116 369
t 116 117 369
t 117 371 369
t 368 388 370
t 388 389 370
t 389 390 370
t 390 391 370
t 391 392 370
t 392 393 370
t 393 394 370
t 394 395 370
t 395 396 370
t 396 397 370
t 397 398 370
t 398 468 370
t 398 399 468
t 399 469 468
t 399 400 469
t 400 470 469
t 400 401 470
t 401 471 470
t 401 402 471
t 402 472 471
t 402 403 472
t 403 473 472
t 403 404 473
t 404 474 473
t 404 405 474
t 405 475 474
t 405 406 475
t 406 476 475
t 406 407 476
t 407 477 476
t 407 408 477
t 408 478 477
t 408 409 478
t 409 479 478
t 409 410 479
t 410 480 479
t 410 411 480
t 411 481 480
t 411 412 481
t 412 482 481
t 412 413 482
t 413 483 482
t 413 414 483
t 414 484 483
t 414 415 484
t 415 485 484
t 415 416 485
t 416 486 485
t 416 417 486
t 417 487 486
t 417 418 487
t 418 488 487
t 418 419 488
t 419 489 488
t 419 420 489
t 420 490 489
t 420 421 490
t 421 491 490
t 421 422 491
t 422 492 491
t 422 423 492
t 423 493 492
t 423 424 493
t 424 494 493
t 424 425 494
t 425 495 494
t 425 426 495
t 426 496 495
t 426 427 496
t 427 497 496
t 427 428 497
t 428 498 497
t 428 429 498
t 429 499 498
t 429 430 499
t 430 500 499
t 430 431 500
t 431 501 500
t 431 432 501
t 432 502 501
t 432 433 502
t 433 503 502
t 433 434 503
t 434 504 503
t 434 435 504
t 435 505 504
t 435 436 505
t 436 506 505
t 436 437 506
t 437 507 506
t 437 438 507
t 438 508 507
t 438 439 508
t 439 509 508
t 439 440 509
t 440 510 509
t 440 441 510
t 441 511 510
t 441 442 511
t 442 512 511
t 442 443 512
t 443 513 512
t 443 444 513
t 444 514 513
t 444 445 514
t 445 515 514
t 445 446 515
t 446 516 515
t 446 447 516
t 447 517 516
t 447 448 517
t 448 518 517
t 448 449 518
t 449 519 518
t 449 450 519
t 450 520 519
t 450 451 520
t 451 521 520
t 451 452 521
t 452 522 521
t 452 453 522
t 453 523 522
t 453 454 523
t 454 524 523
t 454 455 524
t 455 525 524
t 455 456 525
t 456 526 525
t 456 457 526
t 457 527 526
t 457 458 527
t 458 528 527
t 458 459 528
t 459 529 528
t 459 460 529
t 460 530 529
t 460 461 530
t 461 531 530
t 461 462 531
t 462 532 531
t 462 463 532
t 463 533 532
t 463 464 533
t 464 534 533
t 464 465 534
t 465 535 534
t 465 466 535
t 466 536 535
t 466 467 536
t 467 537 536
t 467 369 537
t 369 538 537
t 369 539 538
t 369 371 539
t 49 370 48
t 48 370 47
t 47 370 46
t 46 370 45
t 45 370 44
t 44 370 372
t 117 118 371
t 118 119 371
t 119 120 371
t 120 121 371
t 121 122 371
t 122 123 371
t 123 124 371
t 124 125 371
t 125 373 371
t 370 468 372
t 468 469 372
t 469 470 372
t 470 471 372
t 471 472 372
t 472 473 372
t 473 474 372
t 474 540 372
t 474 475 540
t 475 541 540
t 475 476 541
t 476 542 541
t 476 477 542
t 477 543 542
t 477 478 543
t 478 544 543
t 478 479 544
t 479 545 544
t 479 480 545
t 480 546 545
t 480 481 546
t 481 547 546
t 481 482 547
t 482 548 547
t 482 483 548
t 483 549 548
t 483 484 549
t 484 550 549
t 484 485 550
t 485 551 550
t 485 486 551
t 486 552 551
t 486 487 552
t 487 553 552
t 487 488 553
t 488 554 553
t 488 489 554
t 489 555 554
t 489 490 555
t 490 556 555
t 490 491 556
t 491 557 556
t 491 492 557
t 492 558 557
t 492 493 558
t 493 559 558
t 493 494 559
t 494 560 559
t 494 495 560
t 495 561 560
t 495 496 561
t 496 562 561
t 496 497 562
t 497 563 562
t 497 498 563
t 498 564 563
t 498 499 564
t 499 565 564
t 499 500 565
t 500 566 565
t 500 501 566
t 501 567 566
t 501 502 567
t 502 568 567
t 502 503 568
t 503 569 568
t 503 504 569
t 504 570 569
t 504 505 570
t 505 571 570
t 505 506 571
t 506 572 571
t 506 507 572
t 507 573 572
t 507 508 573
t 508 574 573
t 508 509 574
t 509 575 574
t 509 510 575
t 510 576 575
t 510 511 576
t 511 577 576
t 511 512 577
t 512 578 577
t 512 513 578
t 513 579 578
t 513 514 579
t 514 580 579
t 514 515 580
t 515 581 580
t 515 516 581
t 516 582 581
t 516 517 582
t 517 583 582
t 517 518 583
t 518 584 583
t 518 519 584
t 519 585 584
t 519 520 585
t 520 586 585
t 520 521 586
t 521 587 586
t 521 522 587
t 522 588 587
t 522 523 588
t 523 589 588
t 523 524 589
t 524 590 589
t 524 525 590
t 525 591 590
t 525 526 591
t 526 592 591
t 526 527 592
t 527 593 592
t 527 528 593
t 528 594 593
t 528 529 594
t 529 595 594
t 529 530 595
t 530 596 595
t 530 531 596
t 531 597 596
t 531 532 597
t 532 598 597
t 532 533 598
t 533 599 598
t 533 534 599
t 534 600 599
t 534 535 600
t 535 601 600
t 535 536 601
t 536 602 601
t 536 537 602
t 537 603 602
t 537 538 603
t 538 604 603
t 538 539 604
t 539 605 604
t 539 371 605
t 371 606 605
t 371 607 606
t 371 608 607
t 371 609 608
t 371 610 609
t 371 611 610
t 371 373 611
t 44 372 43
t 43 372 42
t 42 372 41
t 41 372 374
t 125 126 373
t 126 127 373
t 127 128 373
t 128 129 373
t 129 375 373
t 372 540 374
t 540 541 374
t 541 542 374
t 542 543 374
t 543 544 374
t 544 545 374
t 545 546 374
t 546 612 374
t 546 547 612
t 547 613 612
t 547 548 613
t 548 614 613
t 548 549 614
t 549 615 614
t 549 550 615
t 550 616 615
t 550 551 616
t 551 617 616
t 551 552 617
t 552 618 617
t 552 553 618
t 553 619 618
t 553 554 619
t 554 620 619
t 554 555 620
t 555 621 620
t 555 556 621
t 556 622 621
t 556 557 622
t 557 623 622
t 557 558 623
t 558 624 623
t 558 559 624
t 559 625 624
t 559 560 625
t 560 626 625
t 560 561 626
t 561 627 626
t 561 562 627
t 562 628 627
t 562 563 628
t 563 629 628
t 563 564 629
t 564 630 629
t 564 565 630
t 565 631 630
t 565 566 631
t 566 632 631
t 566 567 632
t 567 633 632
t 567 568 633
t 568 634 633
t 568 569 634
t 569 635 634
t 569 570 635
t 570 636 635
t 570 571 636
t 571 637 636
t 571 572 637
t 572 638 637
t 572 573 638
t 573 639 638
t 573 574 639
t 574 640 639
t 574 575 640
t 575 641 640
t 575 576 641
t 576 642 641
t 576 577 642
t 577 643 642
t 577 578 643
t 578 644 643
t 578 579 644
t 579 645 644
t 579 580 645
t 580 646 645
t 580 581 646
t 581 647 646
t 581 582 647
t 582 648 647
t 582 583 648
t 583 649 648
t 583 584 649
t 584 650 649
t 584 585 650
t 585 651 650
t 585 586 651
t 586 652 651
t 586 587 652
t 587 653 652
t 587 588 653
t 588 654 653
t 588 589 654
t 589 655 654
t 589 590 655
t 590 656 655
t 590 591 656
t 591 657 656
t 591 592 657
t 592 658 657
t 592 593 658
t 593 659 658
t 593 594 659
t 594 660 659
t 594 595 660
t 595 661 660
t 595 596 661
t 596 662 661
t 596 597 662
t 597 663 662
t 597 598 663
t 598 664 663
t 598 599 664
t 599 665 664
t 599 600 665
t 600 666 665
t 600 601 666
t 601 667 666
t 601 602 667
t 602 668 667
t 602 603 668
t 603 669 668
t 603 604 669
t 604 670 669
t 604 605 670
t 605 671 670
t 605 606 671
t 606 672 671
t 606 607 672
t 607 673 672
t 607 608 673
t 608 674 673
t 608 609 674
t 609 675 674
t 609 610 675
t 610 676 675
t 610 611 676
t 611 677 676
t 611 375 677
t 611 373 375
t 41 374 40
t 40 374 39
t 39 374 38
t 38 374 376
t 129 130 375
t 130 131 375
t 131 132 375
t 132 133 375
t 133 377 375
t 374 612 376
t 612 613 376
t 613 614 376
t 614 615 376
t 615 616 376
t 616 617 376
t 617 618 376
t 618 678 376
t 618 619 678
t 619 679 678
t 619 620 679
t 620 680 679
t 620 621 680
t 621 681 680
t 621 622 681
t 622 682 681
t 622 623 682
t 623 683 682
t 623 624 683
t 624 684 683
t 624 625 684
t 625 685 684
t 625 626 685
t 626 686 685
t 626 627 686
t 627 687 686
t 627 628 687
t 628 688 687
t 628 629 688
t 629 689 688
t 629 630 689
t 630 690 689
t 630 631 690
t 631 691 690
t 631 632 691
t 632 692 691
t 632 633 692
t 633 693 692
t 633 634 693
t 634 694 693
t 634 635 694
t 635 695 694
t 635 636 695
t 636 696 695
t 636 637 696
t 637 697 696
t 637 638 697
t 638 698 697
t 638 639 698
t 639 699 698
t 639 640 699
t 640 700 699
t 640 641 700
t 641 701 700
t 641 642 701
t 642 702 701
t 642 643 702
t 643 703 702
t 643 644 703
t 644 704 703
t 644 645 704
t 645 705 704
t 645 646 705
t 646 706 705
t 646 647 706
t 647 707 706
t 647 648 707
t 648 708 707
t 648 649 708
t 649 709 708
t 649 650 709
t 650 710 709
t 650 651 710
t 651 711 710
t 651 652 711
t 652 712 711
t 652 653 712
t 653 713 712
t 653 654 713
t 654 714 713
t 654 655 714
t 655 715 714
t 655 656 715
t 656 716 715
t 656 657 716
t 657 717 716
t 657 658 717
t 658 718 717
t 658 659 718
t 659 719 718
t 659 660 719
t 660 720 719
t 660 661 720
t 661 721 720
t 661 662 721
t 662 722 721
t 662 663 722
t 663 723 722
t 663 664 723
t 664 724 723
t 664 665 724
t 665 725 724
t 665 666 725
t 666 726 725
t 666 667 726
t 667 727 726
t 667 668 727
t 668 728 727
t 668 669 728
t 669 729 728
t 669 670 729
t 670 730 729
t 670 671 730
t 671 731 730
t 671 672 731
t 672 732 731
t 672 673 732
t 673 733 732
t 673 674 733
t 674 734 733
t 674 675 734
t 675 735 734
t 675 676 735
t 676 736 735
t 676 377 736
t 676 677 377
t 677 375 377
t 38 376 37
t 37 376 36
t 36 376 35
t 35 376 378
t 133 134 377
t 134 135 377
t 135 136 377
t 136 137 377
t 137 379 377
t 376 678 378
t 678 679 378
t 679 680 378
t 680 681 378
t 681 682 378
t 682 683 378
t 683 684 378
t 684 685 378
t 685 686 378
t 686 737 378
t 686 687 737
t 687 738 737
t 687 688 738
t 688 739 738
t 688 689 739
t 689 740 739
t 689 690 740
t 690 741 740
t 690 691 741
t 691 742 741
t 691 692 742
t 692 743 742
t 692 693 743
t 693 744 743
t 693 694 744
t 694 745 744
t 694 695 745
t 695 746 745
t 695 696 746
t 696 747 746
t 696 697 747
t 697 748 747
t 697 698 748
t 698 749 748
t 698 699 749
t 699 750 749
t 699 700 750
t 700 751 750
t 700 701 751
t 701 752 751
t 701 702 752
t 702 753 752
t 702 703 753
t 703 754 753
t 703 704 754
t 704 755 754
t 704 705 755
t 705 756 755
t 705 706 756
t 706 757 756
t 706 707 757
t 707 758 757
t 707 708 758
t 708 759 758
t 708 709 759
t 709 760 759
t 709 710 760
t 710 761 760
t 710 711 761
t 711 762 761
t 711 712 762
t 712 763 762
t 712 713 763
t 713 764 763
t 713 714 764
t 714 765 764
t 714 715 765
t 715 766 765
t 715 716 766
t 716 767 766
t 716 717 767
t 717 768 767
t 717 718 768
t 718 769 768
t 718 719 769
t 719 770 769
t 719 720 770
t 720 771 770
t 720 721 771
t 721 772 771
t 721 722 772
t 722 773 772
t 722 723 773
t 723 774 773
t 723 724 774
t 724 775 774
t 724 725 775
t 725 776 775
t 725 726 776
t 726 777 776
t 726 727 777
t 727 778 777
t 727 728 778
t 728 779 778
t 728 729 779
t 729 780 779
t 729 730 780
t 730 781 780
t 730 731 781
t 731 782 781
t 731 732 782
t 732 783 782
t 732 733 783
t 733 784 783
t 733 734 784
t 734 785 784
t 734 735 785
t 735 786 785
t 735 736 786
t 736 787 786
t 736 379 787
t 736 377 379
t 35 378 34
t 34 378 33
t 33 378 32
t 32 378 380
t 137 138 379
t 138 139 379
t 139 140 379
t 140 141 379
t 141 381 379
t 378 737 380
t 737 738 380
t 738 739 380
t 739 740 380
t 740 741 380
t 741 742 380
t 742 743 380
t 743 788 380
t 743 744 788
t 744 789 788
t 744 745 789
t 745 790 789
t 745 746 790
t 746 791 790
t 746 747 791
t 747 792 791
t 747 748 792
t 748 793 792
t 748 749 793
t 749 794 793
t 749 750 794
t 750 795 794
t 750 751 795
t 751 796 795
t 751 752 796
t 752 797 796
t 752 753 797
t 753 798 797
t 753 754 798
t 754 799 798
t 754 755 799
t 755 800 799
t 755 756 800
t 756 801 800
t 756 757 801
t 757 802 801
t 757 758 802
t 758 803 802
t 758 759 803
t 759 804 803
t 759 760 804
t 760 805 804
t 760 761 805
t 761 806 805
t 761 762 806
t 762 807 806
t 762 763 807
t 763 808 807
t 763 764 808
t 764 809 808
t 764 765 809
t 765 810 809
t 765 766 810
t 766 811 810
t 766 767 811
t 767 812 811
t 767 768 812
t 768 813 812
t 768 769 813
t 769 814 813
t 769 770 814
t 770 815 814
t 770 771 815
t 771 816 815
t 771 772 816
t 772 817 816
t 772 773 817
t 773 818 817
t 773 774 818
t 774 819 818
t 774 775 819
t 775 820 819
t 775 776 820
t 776 821 820
t 776 777 821
t 777 822 821
t 777 778 822
t 778 823 822
t 778 779 823
t 779 824 823
t 779 780 824
t 780 825 824
t 780 781 825
t 781 826 825
t 781 782 826
t 782 827 826
t 782 783 827
t 783 828 827
t 783 784 828
t 784 829 828
t 784 785 829
t 785 830 829
t 785 786 830
t 786 831 830
t 786 787 831
t 787 832 831
t 787 379 832
t 379 381 832
t 32 380 31
t 31 380 30
t 30 380 29
t 29 380 382
t 141 142 381
t 142 143 381
t 143 144 381
t 144 383 381
t 380 788 382
t 788 789 382
t 789 790 382
t 790 791 382
t 791 792 382
t 792 793 382
t 793 833 382
t 793 794 833
t 794 834 833
t 794 795 834
t 795 835 834
t 795 796 835
t 796 836 835
t 796 797 836
t 797 837 836
t 797 798 837
t 798 838 837
t 798 799 838
t 799 839 838
t 799 800 839
t 800 840 839
t 800 801 840
t 801 841 840
t 801 802 841
t 802 842 841
t 802 803 842
t 803 843 842
t 803 804 843
t 804 844 843
t 804 805 844
t 805 845 844
t 805 806 845
t 806 846 845
t 806 807 846
t 807 847 846
t 807 808 847
t 808 848 847
t 808 809 848
t 809 849 848
t 809 810 849
t 810 850 849
t 810 811 850
t 811 851 850
t 811 812 851
t 812 852 851
t 812 813 852
t 813 853 852
t 813 814 853
t 814 854 853
t 814 815 854
t 815 855 854
t 815 816 855
t 816 856 855
t 816 817 856
t 817 857 856
t 817 818 857
t 818 858 857
t 818 819 858
t 819 859 858
t 819 820 859
t 820 860 859
t 820 821 860
t 821 861 860
t 821 822 861
t 822 862 861
t 822 823 862
t 823 863 862
t 823 824 863
t 824 864 863
t 824 825 864
t 825 865 864
t 825 826 865
t 826 866 865
t 826 827 866
t 827 867 866
t 827 828 867
t 828 868 867
t 828 829 868
t 829 869 868
t 829 830 869
t 830 870 869
t 830 831 870
t 831 871 870
t 831 832 871
t 832 872 871
t 832 381 872
t 381 383 872
t 29 382 28
t 28 382 27
t 27 382 26
t 26 382 25
t 25 382 384
t 144 145 383
t 145 146 383
t 146 147 383
t 147 385 383
t 382 833 384
t 833 834 384
t 834 835 384
t 835 836 384
t 836 837 384
t 837 838 384
t 838 839 384
t 839 840 384
t 840 841 384
t 841 842 384
t 842 843 384
t 843 873 384
t 843 844 873
t 844 874 873
t 844 845 874
t 845 875 874
t 845 846 875
t 846 876 875
t 846 847 876
t 847 877 876
t 847 848 877
t 848 878 877
t 848 849 878
t 849 879 878
t 849 850 879
t 850 880 879
t 850 851 880
t 851 881 880
t 851 852 881
t 852 882 881
t 852 853 882
t 853 883 882
t 853 854 883
t 854 884 883
t 854 855 884
t 855 885 884
t 855 856 885
t 856 886 885
t 856 857 886
t 857 887 886
t 857 858 887
t 858 888 887
t 858 859 888
t 859 889 888
t 859 860 889
t 860 890 889
t 860 861 890
t 861 891 890
t 861 862 891
t 862 892 891
t 862 863 892
t 863 893 892
t 863 864 893
t 864 894 893
t 864 865 894
t 865 895 894
t 865 866 895
t 866 896 895
t 866 867 896
t 867 897 896
t 867 868 897
t 868 898 897
t 868 869 898
t 869 899 898
t 869 870 899
t 870 900 899
t 870 871 900
t 871 901 900
t 871 385 901
t 871 872 385
t 872 383 385
t 25 384 24
t 24 384 23
t 23 384 22
t 22 384 21
t 21 384 20
t 20 384 19
t 19 384 18
t 18 384 386
t 147 148 385
t 148 149 385
t 149 150 385
t 150 151 385
t 151 152 385
t 152 153 385
t 153 387 385
t 384 873 386
t 873 874 386
t 874 875 386
t 875 876 386
t 876 877 386
t 877 878 386
t 878 879 386
t 879 880 386
t 880 881 386
t 881 882 386
t 882 883 386
t 883 884 386
t 884 885 386
t 885 886 386
t 886 887 386
t 887 888 386
t 888 889 386
t 889 902 386
t 889 890 902
t 890 903 902
t 890 891 903
t 891 904 903
t 891 892 904
t 892 905 904
t 892 893 905
t 893 906 905
t 893 894 906
t 894 907 906
t 894 895 907
t 895 908 907
t 895 896 908
t 896 909 908
t 896 897 909
t 897 910 909
t 897 898 910
t 898 911 910
t 898 899 911
t 899 912 911
t 899 387 912
t 899 900 387
t 900 901 387
t 901 385 387
t 18 386 17
t 17 386 16
t 16 386 15
t 15 386 14
t 14 386 13
t 13 386 12
t 12 386 11
t 11 386 10
t 10 386 9
t 9 386 8
t 8 386 7
t 7 386 6
t 6 386 5
t 5 386 4
t 4 386 3
t 3 386 2
t 2 386 1
t 1 386 0
t 0 386 164
t 153 154 387
t 154 155 387
t 155 156 387
t 156 157 387
t 157 158 387
t 158 159 387
t 159 160 387
t 160 161 387
t 161 162 387
t 162 163 387
t 163 164 387
t 386 902 164
t 902 903 164
t 903 904 164
t 904 905 164
t 905 906 164
t 906 907 164
t 907 908 164
t 908 909 164
t 909 910 164
t 910 911 164
t 911 912 164
t 912 387 164
