type=Cylinder forward=true n_boundary=158 n_holes=0 n_interior=58 n_tris=156 label=brep47598_f45_Cylinder
boundary
b 0.228558823 0.000000001
b 0.228000472 0.004188628
b 0.227435702 0.008390450
b 0.226864447 0.012605296
b 0.226286640 0.016832996
b 0.225702214 0.021073380
b 0.225111102 0.025326278
b 0.224513236 0.029591520
b 0.223908550 0.033868936
b 0.223296978 0.038158356
b 0.222678451 0.042459610
b 0.222052903 0.046772528
b 0.221420266 0.051096940
b 0.220780475 0.055432676
b 0.220133461 0.059779567
b 0.219479157 0.064137441
b 0.218817497 0.068506129
b 0.218148413 0.072885462
b 0.217471839 0.077275268
b 0.216787704 0.081675381
b 0.216095919 0.086085663
b 0.215396379 0.090505996
b 0.214688979 0.094936263
b 0.213973614 0.099376345
b 0.213250179 0.103826126
b 0.212518571 0.108285487
b 0.211778682 0.112754310
b 0.211030409 0.117232478
b 0.210273647 0.121719874
b 0.209508290 0.126216378
b 0.208734234 0.130721875
b 0.207951373 0.135236246
b 0.207159602 0.139759372
b 0.206358817 0.144291138
b 0.205548911 0.148831424
b 0.204729780 0.153380114
b 0.203901319 0.157937089
b 0.203063421 0.162502230
b 0.202215988 0.167075314
b 0.201358926 0.171655957
b 0.200492143 0.176243761
b 0.199615547 0.180838328
b 0.198729044 0.185439262
b 0.197832544 0.190046164
b 0.196925953 0.194658636
b 0.196009178 0.199276281
b 0.195082128 0.203898700
b 0.194144709 0.208525498
b 0.193196830 0.213156274
b 0.192238396 0.217790633
b 0.191269316 0.222428176
b 0.190289496 0.227068505
b 0.189298843 0.231711223
b 0.188297265 0.236355932
b 0.187284669 0.241002234
b 0.186260961 0.245649732
b 0.184529001 0.253384282
b 0.182754746 0.261132900
b 0.180937445 0.268892503
b 0.179076350 0.276660005
b 0.177170708 0.284432321
b 0.175219766 0.292206366
b 0.173222770 0.299979056
b 0.171178968 0.307747306
b 0.169087602 0.315508030
b 0.166947863 0.323258158
b 0.164758584 0.330994706
b 0.162518450 0.338714728
b 0.160226145 0.346415278
b 0.157880350 0.354093411
b 0.155479743 0.361746180
b 0.153023004 0.369370638
b 0.150508807 0.376963841
b 0.147935826 0.384522841
b 0.145302730 0.392044569
b 0.142608127 0.399524529
b 0.139850584 0.406957299
b 0.137028667 0.414337445
b 0.134140934 0.421659532
b 0.131185944 0.428918124
b 0.128162250 0.436107786
b 0.125068402 0.443223084
b 0.121902947 0.450258582
b 0.118664427 0.457208763
b 0.115351285 0.464066246
b 0.111961864 0.470821783
b 0.108494497 0.477466047
b 0.104947509 0.483989708
b 0.101319219 0.490383438
b 0.097607938 0.496637908
b 0.093811972 0.502743790
b 0.089929620 0.508691756
b 0.085959191 0.514472443
b 0.081899969 0.520074439
b 0.077752750 0.525483156
b 0.073518449 0.530683733
b 0.069197973 0.535661308
b 0.064792221 0.540401021
b 0.060302079 0.544888010
b 0.055728425 0.549107414
b 0.051072125 0.553044371
b 0.046334037 0.556684020
b 0.041514706 0.560011030
b 0.036613939 0.563008922
b 0.031631416 0.565661046
b 0.026566808 0.567950751
b 0.021419770 0.569861388
b 0.016189946 0.571376306
b 0.010876967 0.572478854
b 0.005480450 0.573152381
b 0.000000000 0.573380237
b 0.000000000 0.000000000
b 0.004862954 0.000000000
b 0.009725907 0.000000000
b 0.014588861 0.000000000
b 0.019451815 0.000000000
b 0.024314768 0.000000000
b 0.029177722 0.000000000
b 0.034040676 0.000000000
b 0.038903629 0.000000000
b 0.043766583 0.000000000
b 0.048629537 0.000000000
b 0.053492491 0.000000000
b 0.058355444 0.000000000
b 0.063218398 0.000000000
b 0.068081352 0.000000000
b 0.072944305 0.000000000
b 0.077807259 0.000000000
b 0.082670213 0.000000000
b 0.087533166 0.000000000
b 0.092396120 0.000000000
b 0.097259074 0.000000000
b 0.102122027 0.000000000
b 0.106984981 0.000000000
b 0.111847935 0.000000000
b 0.116710888 0.000000000
b 0.121573842 0.000000000
b 0.126436796 0.000000000
b 0.131299749 0.000000000
b 0.136162703 0.000000000
b 0.141025657 0.000000000
b 0.145888610 0.000000000
b 0.150751564 0.000000000
b 0.155614518 0.000000000
b 0.160477472 0.000000000
b 0.165340425 0.000000000
b 0.170203379 0.000000000
b 0.175066333 0.000000000
b 0.179929286 0.000000000
b 0.184792240 0.000000000
b 0.189655194 0.000000000
b 0.194518147 0.000000000
b 0.199381101 0.000000000
b 0.204244055 0.000000000
b 0.209107008 0.000000000
b 0.213969962 0.000000000
b 0.218832916 0.000000000
b 0.223695869 0.000000000
interior
i 0.019046569 0.071672530
i 0.038093137 0.071672530
i 0.057139706 0.071672530
i 0.076186274 0.071672530
i 0.095232843 0.071672530
i 0.114279412 0.071672530
i 0.133325980 0.071672530
i 0.152372549 0.071672530
i 0.171419117 0.071672530
i 0.190465686 0.071672530
i 0.209512254 0.071672530
i 0.019046569 0.143345059
i 0.038093137 0.143345059
i 0.057139706 0.143345059
i 0.076186274 0.143345059
i 0.095232843 0.143345059
i 0.114279412 0.143345059
i 0.133325980 0.143345059
i 0.152372549 0.143345059
i 0.171419117 0.143345059
i 0.190465686 0.143345059
i 0.019046569 0.215017589
i 0.038093137 0.215017589
i 0.057139706 0.215017589
i 0.076186274 0.215017589
i 0.095232843 0.215017589
i 0.114279412 0.215017589
i 0.133325980 0.215017589
i 0.152372549 0.215017589
i 0.171419117 0.215017589
i 0.190465686 0.215017589
i 0.019046569 0.286690119
i 0.038093137 0.286690119
i 0.057139706 0.286690119
i 0.076186274 0.286690119
i 0.095232843 0.286690119
i 0.114279412 0.286690119
i 0.133325980 0.286690119
i 0.152372549 0.286690119
i 0.171419117 0.286690119
i 0.019046569 0.358362648
i 0.038093137 0.358362648
i 0.057139706 0.358362648
i 0.076186274 0.358362648
i 0.095232843 0.358362648
i 0.114279412 0.358362648
i 0.133325980 0.358362648
i 0.152372549 0.358362648
i 0.019046569 0.430035178
i 0.038093137 0.430035178
i 0.057139706 0.430035178
i 0.076186274 0.430035178
i 0.095232843 0.430035178
i 0.114279412 0.430035178
i 0.019046569 0.501707708
i 0.038093137 0.501707708
i 0.057139706 0.501707708
i 0.076186274 0.501707708
tris
t 111 112 110
t 112 109 110
t 112 113 109
t 113 108 109
t 113 114 108
t 114 107 108
t 114 115 107
t 115 106 107
t 115 116 106
t 116 105 106
t 116 117 105
t 117 104 105
t 117 118 104
t 118 103 104
t 118 119 103
t 119 102 103
t 119 120 102
t 120 101 102
t 120 121 101
t 121 100 101
t 121 122 100
t 122 99 100
t 122 123 99
t 123 98 99
t 123 124 98
t 124 97 98
t 124 125 97
t 125 96 97
t 125 126 96
t 126 95 96
t 126 94 95
t 126 127 94
t 127 93 94
t 127 128 93
t 128 92 93
t 128 129 92
t 129 91 92
t 129 130 91
t 130 90 91
t 130 131 90
t 131 89 90
t 131 88 89
t 131 132 88
t 132 87 88
t 132 133 87
t 133 86 87
t 133 134 86
t 134 85 86
t 134 84 85
t 134 135 84
t 135 83 84
t 135 136 83
t 136 82 83
t 136 81 82
t 136 137 81
t 137 80 81
t 137 79 80
t 137 138 79
t 138 78 79
t 138 139 78
t 139 77 78
t 139 76 77
t 139 140 76
t 140 75 76
t 140 74 75
t 140 141 74
t 141 73 74
t 141 72 73
t 141 142 72
t 142 71 72
t 142 70 71
t 142 143 70
t 143 69 70
t 143 68 69
t 143 144 68
t 144 67 68
t 144 66 67
t 144 145 66
t 145 65 66
t 145 64 65
t 145 146 64
t 146 63 64
t 146 62 63
t 146 147 62
t 147 61 62
t 147 60 61
t 147 59 60
t 147 148 59
t 148 58 59
t 148 57 58
t 148 56 57
t 148 149 56
t 149 55 56
t 149 54 55
t 149 53 54
t 149 52 53
t 149 150 52
t 150 51 52
t 150 50 51
t 150 49 50
t 150 48 49
t 150 47 48
t 150 151 47
t 151 46 47
t 151 45 46
t 151 44 45
t 151 43 44
t 151 42 43
t 151 152 42
t 152 41 42
t 152 40 41
t 152 39 40
t 152 38 39
t 152 37 38
t 152 36 37
t 152 153 36
t 153 35 36
t 153 34 35
t 153 33 34
t 153 32 33
t 153 31 32
t 153 30 31
t 153 154 30
t 154 29 30
t 154 28 29
t 154 27 28
t 154 26 27
t 154 25 26
t 154 24 25
t 154 155 24
t 155 23 24
t 155 22 23
t 155 21 22
t 155 20 21
t 155 19 20
t 155 18 19
t 155 17 18
t 155 16 17
t 155 156 16
t 156 15 16
t 156 14 15
t 156 13 14
t 156 12 13
t 156 11 12
t 156 10 11
t 156 9 10
t 156 157 9
t 157 8 9
t 157 7 8
t 157 6 7
t 157 5 6
t 157 4 5
t 157 3 4
t 157 2 3
t 157 1 2
t 157 0 1
