type=Cone forward=true n_boundary=172 n_holes=0 n_interior=94 n_tris=263 label=brep32629_f63_Cone
boundary
b 4.110377437 0.018000000
b 4.109766838 0.018000000
b 4.109156239 0.018000000
b 4.108545639 0.018000000
b 4.107935040 0.018000000
b 4.107324441 0.018000000
b 4.106713841 0.018000000
b 4.106103242 0.018000000
b 4.105492643 0.018000000
b 4.104882043 0.018000000
b 4.104271444 0.018000000
b 4.103660845 0.018000000
b 4.103050245 0.018000000
b 4.102439646 0.018000000
b 4.101829047 0.018000000
b 4.101218447 0.018000000
b 4.100607848 0.018000000
b 4.099997249 0.018000000
b 4.099386650 0.018000000
b 4.098776050 0.018000000
b 4.098165451 0.018000000
b 4.097554852 0.018000000
b 4.096944252 0.018000000
b 4.096333653 0.018000000
b 4.095723054 0.018000000
b 4.095112454 0.018000000
b 4.094501855 0.018000000
b 4.093891256 0.018000000
b 4.093280656 0.018000000
b 4.092670057 0.018000000
b 4.092059458 0.018000000
b 4.091798855 0.017320248
b 4.091536467 0.016641425
b 4.091272277 0.015963530
b 4.091006267 0.015286563
b 4.090738420 0.014610524
b 4.090468717 0.013935412
b 4.090197141 0.013261226
b 4.089923672 0.012587967
b 4.089648294 0.011915634
b 4.089370986 0.011244225
b 4.089091731 0.010573742
b 4.088810507 0.009904183
b 4.088527297 0.009235548
b 4.088242079 0.008567837
b 4.087954834 0.007901048
b 4.087665542 0.007235182
b 4.087374181 0.006570238
b 4.087080731 0.005906216
b 4.086785171 0.005243115
b 4.086487479 0.004580936
b 4.086187633 0.003919682
b 4.085885611 0.003259355
b 4.085581392 0.002599957
b 4.085274951 0.001941490
b 4.084966268 0.001283956
b 4.084655317 0.000627357
b 4.084342077 -0.000028304
b 4.084026523 -0.000683025
b 4.083708630 -0.001336805
b 4.083388375 -0.001989641
b 4.083065733 -0.002641530
b 4.082740679 -0.003292472
b 4.082413187 -0.003942463
b 4.082083231 -0.004591501
b 4.081750786 -0.005239585
b 4.081415825 -0.005886712
b 4.081078321 -0.006532880
b 4.080738247 -0.007178088
b 4.080395574 -0.007822336
b 4.080050273 -0.008465624
b 4.079702316 -0.009107953
b 4.079351672 -0.009749323
b 4.078998311 -0.010389734
b 4.078642203 -0.011029187
b 4.078283317 -0.011667681
b 4.077921621 -0.012305218
b 4.077557083 -0.012941797
b 4.077189670 -0.013577420
b 4.076819351 -0.014212085
b 4.076446091 -0.014845793
b 4.076069856 -0.015478546
b 4.075690612 -0.016110343
b 4.075308324 -0.016741184
b 4.074922956 -0.017371069
b 4.074534472 -0.018000000
b 4.076275715 -0.018000000
b 4.078016959 -0.018000000
b 4.079758202 -0.018000000
b 4.081499445 -0.018000000
b 4.083240688 -0.018000000
b 4.084981931 -0.018000000
b 4.086723175 -0.018000000
b 4.088464418 -0.018000000
b 4.090205661 -0.018000000
b 4.091946904 -0.018000000
b 4.093688148 -0.018000000
b 4.095429391 -0.018000000
b 4.097170634 -0.018000000
b 4.098911877 -0.018000000
b 4.100653121 -0.018000000
b 4.102394364 -0.018000000
b 4.104135607 -0.018000000
b 4.105876850 -0.018000000
b 4.107618094 -0.018000000
b 4.109359337 -0.018000000
b 4.111100580 -0.018000000
b 4.112841823 -0.018000000
b 4.114583066 -0.018000000
b 4.116324310 -0.018000000
b 4.118065553 -0.018000000
b 4.119806796 -0.018000000
b 4.121548039 -0.018000000
b 4.123289283 -0.018000000
b 4.125030526 -0.018000000
b 4.126771769 -0.018000000
b 4.128513012 -0.018000000
b 4.128125143 -0.017372069
b 4.127740356 -0.016743147
b 4.127358616 -0.016113233
b 4.126979887 -0.015482326
b 4.126604135 -0.014850426
b 4.126231328 -0.014217533
b 4.125861431 -0.013583648
b 4.125494413 -0.012948768
b 4.125130240 -0.012312895
b 4.124768881 -0.011676027
b 4.124410305 -0.011038165
b 4.124054482 -0.010399309
b 4.123701379 -0.009759457
b 4.123350969 -0.009118610
b 4.123003221 -0.008476768
b 4.122658106 -0.007833929
b 4.122315595 -0.007190095
b 4.121975661 -0.006545264
b 4.121638276 -0.005899436
b 4.121303412 -0.005252613
b 4.120971043 -0.004604797
b 4.120641143 -0.003955989
b 4.120313687 -0.003306192
b 4.119988650 -0.002655407
b 4.119666006 -0.002003638
b 4.119345730 -0.001350885
b 4.119027799 -0.000697151
b 4.118712189 -0.000042438
b 4.118398875 0.000613253
b 4.118087835 0.001269918
b 4.117779045 0.001927556
b 4.117472482 0.002586166
b 4.117168125 0.003245744
b 4.116865950 0.003906289
b 4.116565937 0.004567799
b 4.116268062 0.005230271
b 4.115972306 0.005893705
b 4.115678646 0.006558098
b 4.115387062 0.007223451
b 4.115097533 0.007889764
b 4.114810040 0.008557038
b 4.114524561 0.009225274
b 4.114241077 0.009894471
b 4.113959569 0.010564630
b 4.113680018 0.011235752
b 4.113402403 0.011907836
b 4.113126708 0.012580884
b 4.112852912 0.013254896
b 4.112580998 0.013929872
b 4.112310948 0.014605813
b 4.112042743 0.015282718
b 4.111776367 0.015960589
b 4.111511802 0.016639427
b 4.111249031 0.017319230
b 4.110988037 0.018000000
interior
i 4.079032684 -0.015230769
i 4.083530895 -0.015230769
i 4.088029107 -0.015230769
i 4.092527319 -0.015230769
i 4.097025530 -0.015230769
i 4.101523742 -0.015230769
i 4.106021954 -0.015230769
i 4.110520166 -0.015230769
i 4.115018377 -0.015230769
i 4.119516589 -0.015230769
i 4.124014801 -0.015230769
i 4.079032684 -0.012461538
i 4.083530895 -0.012461538
i 4.088029107 -0.012461538
i 4.092527319 -0.012461538
i 4.097025530 -0.012461538
i 4.101523742 -0.012461538
i 4.106021954 -0.012461538
i 4.110520166 -0.012461538
i 4.115018377 -0.012461538
i 4.119516589 -0.012461538
i 4.124014801 -0.012461538
i 4.083530895 -0.009692308
i 4.088029107 -0.009692308
i 4.092527319 -0.009692308
i 4.097025530 -0.009692308
i 4.101523742 -0.009692308
i 4.106021954 -0.009692308
i 4.110520166 -0.009692308
i 4.115018377 -0.009692308
i 4.119516589 -0.009692308
i 4.083530895 -0.006923077
i 4.088029107 -0.006923077
i 4.092527319 -0.006923077
i 4.097025530 -0.006923077
i 4.101523742 -0.006923077
i 4.106021954 -0.006923077
i 4.110520166 -0.006923077
i 4.115018377 -0.006923077
i 4.119516589 -0.006923077
i 4.083530895 -0.004153846
i 4.088029107 -0.004153846
i 4.092527319 -0.004153846
i 4.097025530 -0.004153846
i 4.101523742 -0.004153846
i 4.106021954 -0.004153846
i 4.110520166 -0.004153846
i 4.115018377 -0.004153846
i 4.119516589 -0.004153846
i 4.083530895 -0.001384615
i 4.088029107 -0.001384615
i 4.092527319 -0.001384615
i 4.097025530 -0.001384615
i 4.101523742 -0.001384615
i 4.106021954 -0.001384615
i 4.110520166 -0.001384615
i 4.115018377 -0.001384615
i 4.119516589 -0.001384615
i 4.088029107 0.001384615
i 4.092527319 0.001384615
i 4.097025530 0.001384615
i 4.101523742 0.001384615
i 4.106021954 0.001384615
i 4.110520166 0.001384615
i 4.115018377 0.001384615
i 4.088029107 0.004153846
i 4.092527319 0.004153846
i 4.097025530 0.004153846
i 4.101523742 0.004153846
i 4.106021954 0.004153846
i 4.110520166 0.004153846
i 4.115018377 0.004153846
i 4.088029107 0.006923077
i 4.092527319 0.006923077
i 4.097025530 0.006923077
i 4.101523742 0.006923077
i 4.106021954 0.006923077
i 4.110520166 0.006923077
i 4.115018377 0.006923077
i 4.092527319 0.009692308
i 4.097025530 0.009692308
i 4.101523742 0.009692308
i 4.106021954 0.009692308
i 4.110520166 0.009692308
i 4.092527319 0.012461538
i 4.097025530 0.012461538
i 4.101523742 0.012461538
i 4.106021954 0.012461538
i 4.110520166 0.012461538
i 4.092527319 0.015230769
i 4.097025530 0.015230769
i 4.101523742 0.015230769
i 4.106021954 0.015230769
i 4.110520166 0.015230769
tris
t 264 265 0
t 29 30 31
t 84 85 86
t 115 116 117
t 181 182 183
t 192 193 194
t 201 202 203
t 210 211 212
t 219 220 221
t 228 229 230
t 235 236 237
t 242 243 244
t 249 250 251
t 254 255 256
t 259 260 261
t 263 264 0
t 28 29 31
t 83 84 86
t 114 115 117
t 180 181 183
t 191 192 194
t 200 201 203
t 209 210 212
t 218 219 221
t 227 228 230
t 234 235 237
t 241 242 244
t 248 249 251
t 253 254 256
t 258 259 261
t 262 263 0
t 27 28 31
t 82 83 86
t 113 114 117
t 179 180 183
t 190 191 194
t 199 200 203
t 208 209 212
t 217 218 221
t 226 227 230
t 233 234 237
t 240 241 244
t 247 248 251
t 252 253 256
t 257 258 261
t 261 262 0
t 26 27 31
t 81 82 86
t 112 113 117
t 178 179 183
t 189 190 194
t 198 199 203
t 207 208 212
t 216 217 221
t 225 226 230
t 232 233 237
t 239 240 244
t 246 247 251
t 251 252 256
t 256 257 261
t 261 0 1
t 25 26 31
t 80 81 86
t 111 112 117
t 177 178 183
t 188 189 194
t 197 198 203
t 206 207 212
t 215 216 221
t 224 225 230
t 231 232 237
t 238 239 244
t 245 246 251
t 261 1 2
t 24 25 31
t 79 80 86
t 110 111 117
t 176 177 183
t 187 188 194
t 196 197 203
t 205 206 212
t 214 215 221
t 223 224 230
t 230 231 237
t 237 238 244
t 244 245 251
t 261 2 3
t 23 24 31
t 78 79 86
t 109 110 117
t 170 171 172
t 175 176 183
t 186 187 194
t 195 196 203
t 204 205 212
t 213 214 221
t 222 223 230
t 244 251 256
t 261 3 4
t 22 23 31
t 77 78 86
t 108 109 117
t 169 170 172
t 174 175 183
t 185 186 194
t 194 195 203
t 203 204 212
t 212 213 221
t 244 256 261
t 261 4 5
t 21 22 31
t 76 77 86
t 107 108 117
t 168 169 172
t 173 174 183
t 184 185 194
t 261 5 6
t 20 21 31
t 75 76 86
t 106 107 117
t 167 168 172
t 172 173 183
t 183 184 194
t 261 6 7
t 19 20 31
t 74 75 86
t 105 106 117
t 166 167 172
t 183 194 203
t 261 7 8
t 18 19 31
t 73 74 86
t 104 105 117
t 165 166 172
t 183 203 212
t 261 8 9
t 17 18 31
t 72 73 86
t 103 104 117
t 164 165 172
t 261 9 10
t 16 17 31
t 71 72 86
t 102 103 117
t 163 164 172
t 261 10 11
t 15 16 31
t 70 71 86
t 101 102 117
t 162 163 172
t 261 11 12
t 14 15 31
t 69 70 86
t 100 101 117
t 161 162 172
t 261 12 13
t 13 14 31
t 68 69 86
t 99 100 117
t 160 161 172
t 261 13 31
t 67 68 86
t 98 99 117
t 159 160 172
t 244 261 31
t 66 67 86
t 97 98 117
t 158 159 172
t 244 31 32
t 65 66 86
t 96 97 117
t 157 158 172
t 244 32 33
t 64 65 86
t 95 96 117
t 156 157 172
t 244 33 34
t 63 64 86
t 94 95 117
t 155 156 172
t 244 34 35
t 62 63 86
t 93 94 117
t 154 155 172
t 244 35 36
t 61 62 86
t 92 93 117
t 153 154 172
t 244 36 37
t 60 61 86
t 91 92 117
t 152 153 172
t 183 212 221
t 244 37 38
t 59 60 86
t 90 91 117
t 151 152 172
t 221 222 230
t 244 38 39
t 58 59 86
t 89 90 117
t 150 151 172
t 221 230 237
t 244 39 40
t 57 58 86
t 88 89 117
t 149 150 172
t 244 40 41
t 56 57 86
t 87 88 117
t 148 149 172
t 221 237 244
t 244 41 42
t 55 56 86
t 86 87 117
t 147 148 172
t 244 42 43
t 54 55 86
t 86 117 118
t 146 147 172
t 244 43 44
t 53 54 86
t 86 118 119
t 145 146 172
t 244 44 45
t 52 53 86
t 86 119 120
t 144 145 172
t 244 45 46
t 51 52 86
t 86 120 121
t 143 144 172
t 244 46 47
t 50 51 86
t 86 121 122
t 142 143 172
t 244 47 48
t 86 122 123
t 141 142 172
t 244 48 49
t 86 123 124
t 140 141 172
t 244 49 50
t 86 124 125
t 139 140 172
t 221 244 50
t 86 125 126
t 138 139 172
t 86 126 127
t 137 138 172
t 86 127 128
t 136 137 172
t 86 128 129
t 135 136 172
t 86 129 130
t 134 135 172
t 86 130 131
t 133 134 172
t 86 131 132
t 132 133 172
t 86 132 172
t 86 172 183
t 50 86 183
