type=Nurbs forward=true n_boundary=118 n_holes=0 n_interior=369 n_tris=347 label=brep47598_f17_Nurbs(deg=3/3, cps=4x6)
boundary
b 0.191069627 0.998938438
b 0.191071906 0.003790305
b 0.211901519 0.003790305
b 0.232545798 0.003790305
b 0.253019502 0.003790305
b 0.273336940 0.003790305
b 0.293512017 0.003790305
b 0.313558272 0.003790305
b 0.333488920 0.003790305
b 0.353316882 0.003790305
b 0.373054824 0.003790305
b 0.392715189 0.003790305
b 0.412310231 0.003790305
b 0.431852040 0.003790305
b 0.451352581 0.003790305
b 0.470823715 0.003790305
b 0.490277233 0.003790305
b 0.509724885 0.003790305
b 0.529178405 0.003790305
b 0.548649542 0.003790305
b 0.568150086 0.003790305
b 0.587691901 0.003790305
b 0.607286949 0.003790305
b 0.626947322 0.003790305
b 0.646685273 0.003790305
b 0.666513246 0.003790305
b 0.686443905 0.003790305
b 0.706490174 0.003790305
b 0.726665265 0.003790305
b 0.746982719 0.003790305
b 0.767456441 0.003790305
b 0.788100740 0.003790305
b 0.808930373 0.003790305
b 0.808930368 0.021883908
b 0.808930351 0.039977510
b 0.808930323 0.058071113
b 0.808930285 0.076164715
b 0.808930238 0.094258318
b 0.808930181 0.112351920
b 0.808930114 0.130445522
b 0.808930039 0.148539125
b 0.808929956 0.166632727
b 0.808929866 0.184726330
b 0.808929767 0.202819932
b 0.808929662 0.220913534
b 0.808929551 0.239007137
b 0.808929433 0.257100739
b 0.808929310 0.275194342
b 0.808929181 0.293287944
b 0.808929048 0.311381546
b 0.808928910 0.329475149
b 0.808928768 0.347568751
b 0.808928622 0.365662354
b 0.808928474 0.383755956
b 0.808928322 0.401849558
b 0.808928169 0.419943161
b 0.808928013 0.438036763
b 0.808927856 0.456130366
b 0.808927698 0.474223968
b 0.808927540 0.492317570
b 0.808927381 0.510411173
b 0.808927222 0.528504775
b 0.808927064 0.546598378
b 0.808926907 0.564691980
b 0.808926751 0.582785582
b 0.808926598 0.600879185
b 0.808926446 0.618972787
b 0.808926298 0.637066390
b 0.808926152 0.655159992
b 0.808926010 0.673253594
b 0.808925873 0.691347197
b 0.808925739 0.709440799
b 0.808925610 0.727534402
b 0.808925487 0.745628004
b 0.808925369 0.763721607
b 0.808925258 0.781815209
b 0.808925153 0.799908811
b 0.808925055 0.818002414
b 0.808924964 0.836096016
b 0.808924881 0.854189619
b 0.808924806 0.872283221
b 0.808924740 0.890376823
b 0.808924682 0.908470426
b 0.808924635 0.926564028
b 0.808924597 0.944657631
b 0.808924569 0.962751233
b 0.808924552 0.980844835
b 0.808924547 0.998938438
b 0.788095081 0.998938440
b 0.767450943 0.998938440
b 0.746977377 0.998938440
b 0.726660074 0.998938440
b 0.706485127 0.998938440
b 0.686438999 0.998938440
b 0.666508475 0.998938440
b 0.646680635 0.998938440
b 0.626942811 0.998938440
b 0.607282562 0.998938440
b 0.587687634 0.998938439
b 0.568145936 0.998938439
b 0.548645506 0.998938439
b 0.529174481 0.998938439
b 0.509721070 0.998938439
b 0.490273524 0.998938439
b 0.470820110 0.998938439
b 0.451349078 0.998938439
b 0.431848638 0.998938439
b 0.412306926 0.998938439
b 0.392711982 0.998938438
b 0.373051712 0.998938438
b 0.353313865 0.998938438
b 0.333485997 0.998938438
b 0.313555442 0.998938438
b 0.293509279 0.998938438
b 0.273334294 0.998938438
b 0.253016948 0.998938438
b 0.232543335 0.998938438
b 0.211899147 0.998938438
interior
i 0.268302220 0.128183822
i 0.345534813 0.128183822
i 0.422767407 0.128183822
i 0.500000000 0.128183822
i 0.577232593 0.128183822
i 0.654465187 0.128183822
i 0.731697780 0.128183822
i 0.268302220 0.252577339
i 0.345534813 0.252577339
i 0.422767407 0.252577339
i 0.500000000 0.252577339
i 0.577232593 0.252577339
i 0.654465187 0.252577339
i 0.731697780 0.252577339
i 0.268302220 0.376970856
i 0.345534813 0.376970856
i 0.422767407 0.376970856
i 0.500000000 0.376970856
i 0.577232593 0.376970856
i 0.654465187 0.376970856
i 0.731697780 0.376970856
i 0.268302220 0.501364373
i 0.345534813 0.501364373
i 0.422767407 0.501364373
i 0.500000000 0.501364373
i 0.577232593 0.501364373
i 0.654465187 0.501364373
i 0.731697780 0.501364373
i 0.268302220 0.625757890
i 0.345534813 0.625757890
i 0.422767407 0.625757890
i 0.500000000 0.625757890
i 0.577232593 0.625757890
i 0.654465187 0.625757890
i 0.731697780 0.625757890
i 0.268302220 0.750151407
i 0.345534813 0.750151407
i 0.422767407 0.750151407
i 0.500000000 0.750151407
i 0.577232593 0.750151407
i 0.654465187 0.750151407
i 0.731697780 0.750151407
i 0.268302220 0.874544924
i 0.345534813 0.874544924
i 0.422767407 0.874544924
i 0.500000000 0.874544924
i 0.577232593 0.874544924
i 0.654465187 0.874544924
i 0.731697780 0.874544924
i 0.229685923 0.065987064
i 0.210377775 0.034888685
i 0.248994072 0.034888685
i 0.210377775 0.097085443
i 0.248994072 0.097085443
i 0.229685923 0.190380581
i 0.210377775 0.159282202
i 0.248994072 0.159282202
i 0.210377775 0.221478960
i 0.248994072 0.221478960
i 0.229685923 0.314774098
i 0.210377775 0.283675718
i 0.248994072 0.283675718
i 0.210377775 0.345872477
i 0.248994072 0.345872477
i 0.229685923 0.439167615
i 0.210377775 0.408069235
i 0.248994072 0.408069235
i 0.210377775 0.470265994
i 0.248994072 0.470265994
i 0.229685923 0.563561131
i 0.210377775 0.532462752
i 0.248994072 0.532462752
i 0.210377775 0.594659511
i 0.248994072 0.594659511
i 0.229685923 0.687954648
i 0.210377775 0.656856269
i 0.248994072 0.656856269
i 0.210377775 0.719053027
i 0.248994072 0.719053027
i 0.229685923 0.812348165
i 0.210377775 0.781249786
i 0.248994072 0.781249786
i 0.210377775 0.843446544
i 0.248994072 0.843446544
i 0.229685923 0.936741682
i 0.210377775 0.905643303
i 0.248994072 0.905643303
i 0.210377775 0.967840061
i 0.248994072 0.967840061
i 0.306918517 0.065987064
i 0.287610368 0.034888685
i 0.326226665 0.034888685
i 0.287610368 0.097085443
i 0.326226665 0.097085443
i 0.306918517 0.190380581
i 0.287610368 0.159282202
i 0.326226665 0.159282202
i 0.287610368 0.221478960
i 0.326226665 0.221478960
i 0.306918517 0.314774098
i 0.287610368 0.283675718
i 0.326226665 0.283675718
i 0.287610368 0.345872477
i 0.326226665 0.345872477
i 0.306918517 0.439167615
i 0.287610368 0.408069235
i 0.326226665 0.408069235
i 0.287610368 0.470265994
i 0.326226665 0.470265994
i 0.306918517 0.563561131
i 0.287610368 0.532462752
i 0.326226665 0.532462752
i 0.287610368 0.594659511
i 0.326226665 0.594659511
i 0.306918517 0.687954648
i 0.287610368 0.656856269
i 0.326226665 0.656856269
i 0.287610368 0.719053027
i 0.326226665 0.719053027
i 0.306918517 0.812348165
i 0.287610368 0.781249786
i 0.326226665 0.781249786
i 0.287610368 0.843446544
i 0.326226665 0.843446544
i 0.306918517 0.936741682
i 0.287610368 0.905643303
i 0.326226665 0.905643303
i 0.287610368 0.967840061
i 0.326226665 0.967840061
i 0.384151110 0.065987064
i 0.364842962 0.034888685
i 0.403459258 0.034888685
i 0.364842962 0.097085443
i 0.403459258 0.097085443
i 0.384151110 0.190380581
i 0.364842962 0.159282202
i 0.403459258 0.159282202
i 0.364842962 0.221478960
i 0.403459258 0.221478960
i 0.384151110 0.314774098
i 0.364842962 0.283675718
i 0.403459258 0.283675718
i 0.364842962 0.345872477
i 0.403459258 0.345872477
i 0.384151110 0.439167615
i 0.364842962 0.408069235
i 0.403459258 0.408069235
i 0.364842962 0.470265994
i 0.403459258 0.470265994
i 0.384151110 0.563561131
i 0.364842962 0.532462752
i 0.403459258 0.532462752
i 0.364842962 0.594659511
i 0.403459258 0.594659511
i 0.384151110 0.687954648
i 0.364842962 0.656856269
i 0.403459258 0.656856269
i 0.364842962 0.719053027
i 0.403459258 0.719053027
i 0.384151110 0.812348165
i 0.364842962 0.781249786
i 0.403459258 0.781249786
i 0.364842962 0.843446544
i 0.403459258 0.843446544
i 0.384151110 0.936741682
i 0.364842962 0.905643303
i 0.403459258 0.905643303
i 0.364842962 0.967840061
i 0.403459258 0.967840061
i 0.461383703 0.065987064
i 0.442075555 0.034888685
i 0.480691852 0.034888685
i 0.442075555 0.097085443
i 0.480691852 0.097085443
i 0.461383703 0.190380581
i 0.442075555 0.159282202
i 0.480691852 0.159282202
i 0.442075555 0.221478960
i 0.480691852 0.221478960
i 0.461383703 0.314774098
i 0.442075555 0.283675718
i 0.480691852 0.283675718
i 0.442075555 0.345872477
i 0.480691852 0.345872477
i 0.461383703 0.439167615
i 0.442075555 0.408069235
i 0.480691852 0.408069235
i 0.442075555 0.470265994
i 0.480691852 0.470265994
i 0.461383703 0.563561131
i 0.442075555 0.532462752
i 0.480691852 0.532462752
i 0.442075555 0.594659511
i 0.480691852 0.594659511
i 0.461383703 0.687954648
i 0.442075555 0.656856269
i 0.480691852 0.656856269
i 0.442075555 0.719053027
i 0.480691852 0.719053027
i 0.461383703 0.812348165
i 0.442075555 0.781249786
i 0.480691852 0.781249786
i 0.442075555 0.843446544
i 0.480691852 0.843446544
i 0.461383703 0.936741682
i 0.442075555 0.905643303
i 0.480691852 0.905643303
i 0.442075555 0.967840061
i 0.480691852 0.967840061
i 0.538616297 0.065987064
i 0.519308148 0.034888685
i 0.557924445 0.034888685
i 0.519308148 0.097085443
i 0.557924445 0.097085443
i 0.538616297 0.190380581
i 0.519308148 0.159282202
i 0.557924445 0.159282202
i 0.519308148 0.221478960
i 0.557924445 0.221478960
i 0.538616297 0.314774098
i 0.519308148 0.283675718
i 0.557924445 0.283675718
i 0.519308148 0.345872477
i 0.557924445 0.345872477
i 0.538616297 0.439167615
i 0.519308148 0.408069235
i 0.557924445 0.408069235
i 0.519308148 0.470265994
i 0.557924445 0.470265994
i 0.538616297 0.563561131
i 0.519308148 0.532462752
i 0.557924445 0.532462752
i 0.519308148 0.594659511
i 0.557924445 0.594659511
i 0.538616297 0.687954648
i 0.519308148 0.656856269
i 0.557924445 0.656856269
i 0.519308148 0.719053027
i 0.557924445 0.719053027
i 0.538616297 0.812348165
i 0.519308148 0.781249786
i 0.557924445 0.781249786
i 0.519308148 0.843446544
i 0.557924445 0.843446544
i 0.538616297 0.936741682
i 0.519308148 0.905643303
i 0.557924445 0.905643303
i 0.519308148 0.967840061
i 0.557924445 0.967840061
i 0.615848890 0.065987064
i 0.596540742 0.034888685
i 0.635157038 0.034888685
i 0.596540742 0.097085443
i 0.635157038 0.097085443
i 0.615848890 0.190380581
i 0.596540742 0.159282202
i 0.635157038 0.159282202
i 0.596540742 0.221478960
i 0.635157038 0.221478960
i 0.615848890 0.314774098
i 0.596540742 0.283675718
i 0.635157038 0.283675718
i 0.596540742 0.345872477
i 0.635157038 0.345872477
i 0.615848890 0.439167615
i 0.596540742 0.408069235
i 0.635157038 0.408069235
i 0.596540742 0.470265994
i 0.635157038 0.470265994
i 0.615848890 0.563561131
i 0.596540742 0.532462752
i 0.635157038 0.532462752
i 0.596540742 0.594659511
i 0.635157038 0.594659511
i 0.615848890 0.687954648
i 0.596540742 0.656856269
i 0.635157038 0.656856269
i 0.596540742 0.719053027
i 0.635157038 0.719053027
i 0.615848890 0.812348165
i 0.596540742 0.781249786
i 0.635157038 0.781249786
i 0.596540742 0.843446544
i 0.635157038 0.843446544
i 0.615848890 0.936741682
i 0.596540742 0.905643303
i 0.635157038 0.905643303
i 0.596540742 0.967840061
i 0.635157038 0.967840061
i 0.693081483 0.065987064
i 0.673773335 0.034888685
i 0.712389632 0.034888685
i 0.673773335 0.097085443
i 0.712389632 0.097085443
i 0.693081483 0.190380581
i 0.673773335 0.159282202
i 0.712389632 0.159282202
i 0.673773335 0.221478960
i 0.712389632 0.221478960
i 0.693081483 0.314774098
i 0.673773335 0.283675718
i 0.712389632 0.283675718
i 0.673773335 0.345872477
i 0.712389632 0.345872477
i 0.693081483 0.439167615
i 0.673773335 0.408069235
i 0.712389632 0.408069235
i 0.673773335 0.470265994
i 0.712389632 0.470265994
i 0.693081483 0.563561131
i 0.673773335 0.532462752
i 0.712389632 0.532462752
i 0.673773335 0.594659511
i 0.712389632 0.594659511
i 0.693081483 0.687954648
i 0.673773335 0.656856269
i 0.712389632 0.656856269
i 0.673773335 0.719053027
i 0.712389632 0.719053027
i 0.693081483 0.812348165
i 0.673773335 0.781249786
i 0.712389632 0.781249786
i 0.673773335 0.843446544
i 0.712389632 0.843446544
i 0.693081483 0.936741682
i 0.673773335 0.905643303
i 0.712389632 0.905643303
i 0.673773335 0.967840061
i 0.712389632 0.967840061
i 0.770314077 0.065987064
i 0.751005928 0.034888685
i 0.789622225 0.034888685
i 0.751005928 0.097085443
i 0.789622225 0.097085443
i 0.770314077 0.190380581
i 0.751005928 0.159282202
i 0.789622225 0.159282202
i 0.751005928 0.221478960
i 0.789622225 0.221478960
i 0.770314077 0.314774098
i 0.751005928 0.283675718
i 0.789622225 0.283675718
i 0.751005928 0.345872477
i 0.789622225 0.345872477
i 0.770314077 0.439167615
i 0.751005928 0.408069235
i 0.789622225 0.408069235
i 0.751005928 0.470265994
i 0.789622225 0.470265994
i 0.770314077 0.563561131
i 0.751005928 0.532462752
i 0.789622225 0.532462752
i 0.751005928 0.594659511
i 0.789622225 0.594659511
i 0.770314077 0.687954648
i 0.751005928 0.656856269
i 0.789622225 0.656856269
i 0.751005928 0.719053027
i 0.789622225 0.719053027
i 0.770314077 0.812348165
i 0.751005928 0.781249786
i 0.789622225 0.781249786
i 0.751005928 0.843446544
i 0.789622225 0.843446544
i 0.770314077 0.936741682
i 0.751005928 0.905643303
i 0.789622225 0.905643303
i 0.751005928 0.967840061
i 0.789622225 0.967840061
tris
t 485 486 0
t 0 1 2
t 4 3 169
t 10 9 169
t 12 11 169
t 15 14 169
t 17 16 169
t 19 18 36
t 23 22 36
t 27 26 36
t 32 31 36
t 32 33 34
t 34 35 36
t 36 37 38
t 38 39 40
t 40 41 42
t 42 43 44
t 44 45 46
t 46 47 48
t 48 49 50
t 50 51 52
t 52 53 54
t 54 55 56
t 56 57 58
t 58 59 60
t 86 87 88
t 116 117 118
t 123 124 125
t 130 131 132
t 137 138 139
t 144 145 146
t 151 152 153
t 158 159 160
t 167 168 169
t 170 171 172
t 172 173 174
t 175 176 177
t 177 178 179
t 180 181 182
t 182 183 184
t 185 186 187
t 187 188 189
t 190 191 192
t 192 193 194
t 195 196 197
t 197 198 199
t 200 201 202
t 202 203 204
t 207 208 209
t 210 211 212
t 212 213 214
t 215 216 217
t 217 218 219
t 220 221 222
t 222 223 224
t 225 226 227
t 227 228 229
t 230 231 232
t 232 233 234
t 235 236 237
t 237 238 239
t 240 241 242
t 242 243 244
t 247 248 249
t 250 251 252
t 252 253 254
t 255 256 257
t 257 258 259
t 260 261 262
t 262 263 264
t 265 266 267
t 267 268 269
t 270 271 272
t 272 273 274
t 275 276 277
t 277 278 279
t 280 281 282
t 282 283 284
t 287 288 289
t 290 291 292
t 292 293 294
t 295 296 297
t 297 298 299
t 300 301 302
t 302 303 304
t 305 306 307
t 307 308 309
t 310 311 312
t 312 313 314
t 315 316 317
t 317 318 319
t 320 321 322
t 322 323 324
t 327 328 329
t 330 331 332
t 332 333 334
t 335 336 337
t 337 338 339
t 340 341 342
t 342 343 344
t 345 346 347
t 347 348 349
t 350 351 352
t 352 353 354
t 355 356 357
t 357 358 359
t 360 361 362
t 362 363 364
t 367 368 369
t 370 371 372
t 372 373 374
t 375 376 377
t 377 378 379
t 380 381 382
t 382 383 384
t 385 386 387
t 387 388 389
t 390 391 392
t 392 393 394
t 395 396 397
t 397 398 399
t 400 401 402
t 402 403 404
t 407 408 409
t 410 411 412
t 412 413 414
t 415 416 417
t 417 418 419
t 420 421 422
t 422 423 424
t 425 426 427
t 427 428 429
t 430 431 432
t 432 433 434
t 435 436 437
t 437 438 439
t 440 441 442
t 442 443 444
t 447 448 449
t 450 451 452
t 452 453 454
t 455 456 457
t 457 458 459
t 460 461 462
t 462 463 464
t 465 466 467
t 467 468 469
t 470 471 472
t 472 473 474
t 475 476 477
t 477 478 479
t 480 481 482
t 482 483 484
t 5 4 169
t 9 8 169
t 13 12 169
t 16 15 169
t 20 19 36
t 24 23 36
t 28 27 36
t 31 30 36
t 32 34 36
t 36 38 40
t 40 42 44
t 44 46 48
t 48 50 52
t 52 54 56
t 56 58 60
t 85 86 88
t 6 5 169
t 8 7 169
t 14 13 169
t 21 20 36
t 29 28 36
t 30 29 36
t 36 40 44
t 44 48 52
t 52 56 60
t 84 85 88
t 330 332 335
t 335 337 340
t 340 342 345
t 345 347 350
t 350 352 355
t 355 357 360
t 360 362 365
t 370 372 375
t 375 377 380
t 380 382 385
t 385 387 390
t 390 392 395
t 395 397 400
t 400 402 405
t 410 412 415
t 415 417 420
t 420 422 425
t 425 427 430
t 430 432 435
t 435 437 440
t 440 442 445
t 450 452 455
t 455 457 460
t 460 462 465
t 465 467 470
t 470 472 475
t 475 477 480
t 480 482 485
t 7 6 169
t 22 21 36
t 26 25 36
t 36 44 52
t 52 60 61
t 83 84 88
t 11 10 169
t 25 24 36
t 36 52 61
t 82 83 88
t 36 61 62
t 81 82 88
t 36 62 63
t 80 81 88
t 36 63 64
t 79 80 88
t 36 64 65
t 78 79 88
t 36 65 66
t 77 78 88
t 36 66 67
t 76 77 88
t 36 67 68
t 75 76 88
t 36 68 69
t 74 75 88
t 36 69 70
t 73 74 88
t 36 70 71
t 72 73 88
t 71 72 88
t 36 71 88
t 166 167 169
t 170 172 175
t 175 177 180
t 180 182 185
t 185 187 190
t 190 192 195
t 195 197 200
t 200 202 205
t 210 212 215
t 215 217 220
t 220 222 225
t 225 227 230
t 230 232 235
t 235 237 240
t 240 242 245
t 250 252 255
t 255 257 260
t 260 262 265
t 265 267 270
t 270 272 275
t 275 277 280
t 280 282 285
t 290 292 295
t 295 297 300
t 300 302 305
t 305 307 310
t 310 312 315
t 315 317 320
t 320 322 325
t 326 327 365
t 366 367 405
t 406 407 445
t 446 447 485
t 446 485 0
t 18 17 36
t 445 446 0
t 17 36 88
t 406 445 0
t 405 406 0
t 366 405 0
t 365 366 0
t 326 365 0
t 325 326 0
t 2 169 170
t 0 2 170
t 0 170 175
t 0 175 180
t 0 180 185
t 0 185 190
t 0 190 195
t 0 195 200
t 0 200 205
t 0 205 206
t 206 207 209
t 246 247 249
t 286 287 289
t 206 209 245
t 246 249 285
t 286 289 325
t 286 325 0
t 0 206 245
t 285 286 0
t 0 245 246
t 246 285 0
t 3 2 169
t 115 116 118
t 118 123 125
t 125 130 132
t 132 137 139
t 139 144 146
t 146 151 153
t 153 158 160
t 166 169 17
t 115 118 125
t 166 17 88
t 115 125 132
t 160 166 88
t 115 132 139
t 88 89 160
t 89 90 160
t 90 91 160
t 91 92 160
t 92 93 160
t 93 94 160
t 94 95 160
t 95 96 160
t 96 97 160
t 97 98 160
t 98 99 160
t 99 100 160
t 100 101 160
t 101 102 160
t 102 103 160
t 103 104 160
t 104 105 160
t 105 106 160
t 106 107 160
t 107 108 160
t 108 109 160
t 109 110 160
t 110 111 160
t 115 139 146
t 160 111 112
t 115 146 153
t 160 112 113
t 115 153 160
t 160 113 114
t 114 115 160
