type=Cylinder forward=true n_boundary=254 n_holes=0 n_interior=371 n_tris=623 label=brep47598_f80_Cylinder
boundary
b 4.618501037 1.519636001
b 4.618500830 1.519272002
b 4.618500487 1.518908004
b 4.618500006 1.518544007
b 4.618499387 1.518180012
b 4.618498632 1.517816020
b 4.618497738 1.517452032
b 4.618496708 1.517088049
b 4.618495540 1.516724070
b 4.618494234 1.516360099
b 4.618492791 1.515996134
b 4.618491211 1.515632177
b 4.618489494 1.515268228
b 4.618487638 1.514904289
b 4.618485646 1.514540360
b 4.618483516 1.514176442
b 4.618481249 1.513812535
b 4.618478844 1.513448641
b 4.618476302 1.513084761
b 4.618473623 1.512720894
b 4.618470806 1.512357042
b 4.618467852 1.511993206
b 4.618464760 1.511629386
b 4.618461531 1.511265583
b 4.618458165 1.510901797
b 4.618454661 1.510538030
b 4.618451020 1.510174281
b 4.618447242 1.509810553
b 4.618443326 1.509446844
b 4.618439273 1.509083157
b 4.618435083 1.508719492
b 4.618430756 1.508355849
b 4.618426291 1.507992230
b 4.618421688 1.507628634
b 4.618416949 1.507265063
b 4.618412072 1.506901518
b 4.618407058 1.506537998
b 4.618401906 1.506174505
b 4.618396618 1.505811040
b 4.618391192 1.505447604
b 4.618385629 1.505084196
b 4.618379928 1.504720819
b 4.618374090 1.504357472
b 4.618368116 1.503994157
b 4.618362003 1.503630874
b 4.618355754 1.503267624
b 4.618349368 1.502904409
b 4.618342844 1.502541228
b 4.618336183 1.502178082
b 4.618329385 1.501814973
b 4.618322450 1.501451901
b 4.618315378 1.501088867
b 4.618308169 1.500725872
b 4.618300822 1.500362916
b 4.618293339 1.500000000
b 4.620295374 1.500000000
b 4.622297408 1.500000000
b 4.624299443 1.500000000
b 4.626301478 1.500000000
b 4.628303513 1.500000000
b 4.630305548 1.500000000
b 4.632307583 1.500000000
b 4.634309618 1.500000000
b 4.636311653 1.500000000
b 4.638313688 1.500000000
b 4.640315723 1.500000000
b 4.642317758 1.500000000
b 4.644319793 1.500000000
b 4.646321828 1.500000000
b 4.648323863 1.500000000
b 4.650325897 1.500000000
b 4.652327932 1.500000000
b 4.654329967 1.500000000
b 4.656332002 1.500000000
b 4.658334037 1.500000000
b 4.660336072 1.500000000
b 4.662338107 1.500000000
b 4.664340142 1.500000000
b 4.666342177 1.500000000
b 4.668344212 1.500000000
b 4.670346247 1.500000000
b 4.672348282 1.500000000
b 4.674350317 1.500000000
b 4.676352352 1.500000000
b 4.678354387 1.500000000
b 4.680356421 1.500000000
b 4.682358456 1.500000000
b 4.684360491 1.500000000
b 4.686362526 1.500000000
b 4.688364561 1.500000000
b 4.690366596 1.500000000
b 4.692368631 1.500000000
b 4.694370666 1.500000000
b 4.696372701 1.500000000
b 4.698374736 1.500000000
b 4.700376771 1.500000000
b 4.702378806 1.500000000
b 4.704380841 1.500000000
b 4.706382876 1.500000000
b 4.708384911 1.500000000
b 4.710386945 1.500000000
b 4.712388980 1.500000000
b 4.712388980 3.950000000
b 4.708288310 3.950000443
b 4.704187640 3.950000443
b 4.700086970 3.950000443
b 4.695986299 3.950000443
b 4.691885629 3.950000443
b 4.687784959 3.950000443
b 4.683684289 3.950000443
b 4.679583618 3.950000443
b 4.675482948 3.950000443
b 4.671382278 3.950000443
b 4.667281608 3.950000443
b 4.663180937 3.950000443
b 4.659080267 3.950000443
b 4.654979597 3.950000443
b 4.650878927 3.950000443
b 4.646778256 3.950000443
b 4.642677586 3.950000443
b 4.638576916 3.950000443
b 4.634476246 3.950000443
b 4.630375575 3.950000443
b 4.626274905 3.950000443
b 4.622174235 3.950000443
b 4.618073565 3.950000443
b 4.613972894 3.950000443
b 4.609872224 3.950000443
b 4.605771554 3.950000443
b 4.601670884 3.950000443
b 4.597570213 3.950000443
b 4.593469543 3.950000443
b 4.589368873 3.950000443
b 4.585268203 3.950000443
b 4.581167532 3.950000443
b 4.577066862 3.950000443
b 4.572966192 3.950000443
b 4.568865522 3.950000443
b 4.564764851 3.950000443
b 4.560664181 3.950000443
b 4.556563511 3.950000443
b 4.552462841 3.950000443
b 4.548362170 3.950000443
b 4.544261500 3.950000443
b 4.540160830 3.950000443
b 4.536060160 3.950000443
b 4.531959489 3.950000443
b 4.527858819 3.950000443
b 4.523758149 3.950000443
b 4.519657479 3.950001629
b 4.519655782 2.020000000
b 4.521482537 2.020000000
b 4.523309293 2.020000000
b 4.525136049 2.020000000
b 4.526962805 2.020000000
b 4.528789561 2.020000000
b 4.530616316 2.020000000
b 4.532443072 2.020000000
b 4.534269828 2.020000000
b 4.536096584 2.020000000
b 4.537923340 2.020000000
b 4.539750095 2.020000000
b 4.541576851 2.020000000
b 4.543403607 2.020000000
b 4.545230363 2.020000000
b 4.547057119 2.020000000
b 4.548883874 2.020000000
b 4.550710630 2.020000000
b 4.552537386 2.020000000
b 4.554364142 2.020000000
b 4.556190898 2.020000000
b 4.558017653 2.020000000
b 4.559844409 2.020000000
b 4.561671165 2.020000000
b 4.563497921 2.020000000
b 4.565324677 2.020000000
b 4.567151432 2.020000000
b 4.568978188 2.020000000
b 4.570804944 2.020000000
b 4.572631700 2.020000000
b 4.574458456 2.020000000
b 4.576285211 2.020000000
b 4.578111967 2.020000000
b 4.579938723 2.020000000
b 4.581765479 2.020000000
b 4.583592235 2.020000000
b 4.585418990 2.020000000
b 4.587245746 2.020000000
b 4.589072502 2.020000000
b 4.590899258 2.020000000
b 4.592726014 2.020000000
b 4.594552769 2.020000000
b 4.596379525 2.020000000
b 4.598206281 2.020000000
b 4.600033037 2.020000000
b 4.601859793 2.020000000
b 4.603686548 2.020000000
b 4.605513304 2.020000000
b 4.605895232 2.019978380
b 4.606276116 2.019913745
b 4.606655682 2.019806435
b 4.607033657 2.019656791
b 4.607409765 2.019465152
b 4.607783733 2.019231857
b 4.608155288 2.018957247
b 4.608524153 2.018641660
b 4.608890057 2.018285438
b 4.609252724 2.017888919
b 4.609611880 2.017452443
b 4.609967252 2.016976350
b 4.610318565 2.016460980
b 4.610665545 2.015906674
b 4.611007925 2.015313923
b 4.611345447 2.014683513
b 4.611677858 2.014016260
b 4.612004901 2.013312984
b 4.612326323 2.012574503
b 4.612641869 2.011801634
b 4.612951283 2.010995196
b 4.613254311 2.010156007
b 4.613550698 2.009284885
b 4.613840189 2.008382649
b 4.614122529 2.007450117
b 4.614397463 2.006488106
b 4.614664736 2.005497435
b 4.614924097 2.004478925
b 4.615175356 2.003433464
b 4.615418390 2.002362009
b 4.615653078 2.001265517
b 4.615879296 2.000144947
b 4.616096925 1.999001257
b 4.616305842 1.997835406
b 4.616505926 1.996648353
b 4.616697055 1.995441056
b 4.616879109 1.994214474
b 4.617051964 1.992969564
b 4.617215500 1.991707286
b 4.617369595 1.990428599
b 4.617514128 1.989134459
b 4.617648983 1.987825839
b 4.617774093 1.986503803
b 4.617889421 1.985169472
b 4.617994927 1.983823961
b 4.618090570 1.982468390
b 4.618176313 1.981103876
b 4.618252115 1.979731538
b 4.618317938 1.978352493
b 4.618373742 1.976967860
b 4.618419488 1.975578757
b 4.618455137 1.974186301
b 4.618480649 1.972791611
b 4.618495985 1.971395805
b 4.618501105 1.970000000
b 4.618501105 1.520000000
interior
i 4.632083481 1.562820555
i 4.648144581 1.562820555
i 4.664205681 1.562820555
i 4.680266781 1.562820555
i 4.696327880 1.562820555
i 4.632083481 1.625641109
i 4.648144581 1.625641109
i 4.664205681 1.625641109
i 4.680266781 1.625641109
i 4.696327880 1.625641109
i 4.632083481 1.688461664
i 4.648144581 1.688461664
i 4.664205681 1.688461664
i 4.680266781 1.688461664
i 4.696327880 1.688461664
i 4.632083481 1.751282218
i 4.648144581 1.751282218
i 4.664205681 1.751282218
i 4.680266781 1.751282218
i 4.696327880 1.751282218
i 4.632083481 1.814102773
i 4.648144581 1.814102773
i 4.664205681 1.814102773
i 4.680266781 1.814102773
i 4.696327880 1.814102773
i 4.632083481 1.876923328
i 4.648144581 1.876923328
i 4.664205681 1.876923328
i 4.680266781 1.876923328
i 4.696327880 1.876923328
i 4.632083481 1.939743882
i 4.648144581 1.939743882
i 4.664205681 1.939743882
i 4.680266781 1.939743882
i 4.696327880 1.939743882
i 4.616022381 2.002564437
i 4.632083481 2.002564437
i 4.648144581 2.002564437
i 4.664205681 2.002564437
i 4.680266781 2.002564437
i 4.696327880 2.002564437
i 4.535716882 2.065384991
i 4.551777981 2.065384991
i 4.567839081 2.065384991
i 4.583900181 2.065384991
i 4.599961281 2.065384991
i 4.616022381 2.065384991
i 4.632083481 2.065384991
i 4.648144581 2.065384991
i 4.664205681 2.065384991
i 4.680266781 2.065384991
i 4.696327880 2.065384991
i 4.535716882 2.128205546
i 4.551777981 2.128205546
i 4.567839081 2.128205546
i 4.583900181 2.128205546
i 4.599961281 2.128205546
i 4.616022381 2.128205546
i 4.632083481 2.128205546
i 4.648144581 2.128205546
i 4.664205681 2.128205546
i 4.680266781 2.128205546
i 4.696327880 2.128205546
i 4.535716882 2.191026100
i 4.551777981 2.191026100
i 4.567839081 2.191026100
i 4.583900181 2.191026100
i 4.599961281 2.191026100
i 4.616022381 2.191026100
i 4.632083481 2.191026100
i 4.648144581 2.191026100
i 4.664205681 2.191026100
i 4.680266781 2.191026100
i 4.696327880 2.191026100
i 4.535716882 2.253846655
i 4.551777981 2.253846655
i 4.567839081 2.253846655
i 4.583900181 2.253846655
i 4.599961281 2.253846655
i 4.616022381 2.253846655
i 4.632083481 2.253846655
i 4.648144581 2.253846655
i 4.664205681 2.253846655
i 4.680266781 2.253846655
i 4.696327880 2.253846655
i 4.535716882 2.316667210
i 4.551777981 2.316667210
i 4.567839081 2.316667210
i 4.583900181 2.316667210
i 4.599961281 2.316667210
i 4.616022381 2.316667210
i 4.632083481 2.316667210
i 4.648144581 2.316667210
i 4.664205681 2.316667210
i 4.680266781 2.316667210
i 4.696327880 2.316667210
i 4.535716882 2.379487764
i 4.551777981 2.379487764
i 4.567839081 2.379487764
i 4.583900181 2.379487764
i 4.599961281 2.379487764
i 4.616022381 2.379487764
i 4.632083481 2.379487764
i 4.648144581 2.379487764
i 4.664205681 2.379487764
i 4.680266781 2.379487764
i 4.696327880 2.379487764
i 4.535716882 2.442308319
i 4.551777981 2.442308319
i 4.567839081 2.442308319
i 4.583900181 2.442308319
i 4.599961281 2.442308319
i 4.616022381 2.442308319
i 4.632083481 2.442308319
i 4.648144581 2.442308319
i 4.664205681 2.442308319
i 4.680266781 2.442308319
i 4.696327880 2.442308319
i 4.535716882 2.505128873
i 4.551777981 2.505128873
i 4.567839081 2.505128873
i 4.583900181 2.505128873
i 4.599961281 2.505128873
i 4.616022381 2.505128873
i 4.632083481 2.505128873
i 4.648144581 2.505128873
i 4.664205681 2.505128873
i 4.680266781 2.505128873
i 4.696327880 2.505128873
i 4.535716882 2.567949428
i 4.551777981 2.567949428
i 4.567839081 2.567949428
i 4.583900181 2.567949428
i 4.599961281 2.567949428
i 4.616022381 2.567949428
i 4.632083481 2.567949428
i 4.648144581 2.567949428
i 4.664205681 2.567949428
i 4.680266781 2.567949428
i 4.696327880 2.567949428
i 4.535716882 2.630769983
i 4.551777981 2.630769983
i 4.567839081 2.630769983
i 4.583900181 2.630769983
i 4.599961281 2.630769983
i 4.616022381 2.630769983
i 4.632083481 2.630769983
i 4.648144581 2.630769983
i 4.664205681 2.630769983
i 4.680266781 2.630769983
i 4.696327880 2.630769983
i 4.535716882 2.693590537
i 4.551777981 2.693590537
i 4.567839081 2.693590537
i 4.583900181 2.693590537
i 4.599961281 2.693590537
i 4.616022381 2.693590537
i 4.632083481 2.693590537
i 4.648144581 2.693590537
i 4.664205681 2.693590537
i 4.680266781 2.693590537
i 4.696327880 2.693590537
i 4.535716882 2.756411092
i 4.551777981 2.756411092
i 4.567839081 2.756411092
i 4.583900181 2.756411092
i 4.599961281 2.756411092
i 4.616022381 2.756411092
i 4.632083481 2.756411092
i 4.648144581 2.756411092
i 4.664205681 2.756411092
i 4.680266781 2.756411092
i 4.696327880 2.756411092
i 4.535716882 2.819231646
i 4.551777981 2.819231646
i 4.567839081 2.819231646
i 4.583900181 2.819231646
i 4.599961281 2.819231646
i 4.616022381 2.819231646
i 4.632083481 2.819231646
i 4.648144581 2.819231646
i 4.664205681 2.819231646
i 4.680266781 2.819231646
i 4.696327880 2.819231646
i 4.535716882 2.882052201
i 4.551777981 2.882052201
i 4.567839081 2.882052201
i 4.583900181 2.882052201
i 4.599961281 2.882052201
i 4.616022381 2.882052201
i 4.632083481 2.882052201
i 4.648144581 2.882052201
i 4.664205681 2.882052201
i 4.680266781 2.882052201
i 4.696327880 2.882052201
i 4.535716882 2.944872755
i 4.551777981 2.944872755
i 4.567839081 2.944872755
i 4.583900181 2.944872755
i 4.599961281 2.944872755
i 4.616022381 2.944872755
i 4.632083481 2.944872755
i 4.648144581 2.944872755
i 4.664205681 2.944872755
i 4.680266781 2.944872755
i 4.696327880 2.944872755
i 4.535716882 3.007693310
i 4.551777981 3.007693310
i 4.567839081 3.007693310
i 4.583900181 3.007693310
i 4.599961281 3.007693310
i 4.616022381 3.007693310
i 4.632083481 3.007693310
i 4.648144581 3.007693310
i 4.664205681 3.007693310
i 4.680266781 3.007693310
i 4.696327880 3.007693310
i 4.535716882 3.070513865
i 4.551777981 3.070513865
i 4.567839081 3.070513865
i 4.583900181 3.070513865
i 4.599961281 3.070513865
i 4.616022381 3.070513865
i 4.632083481 3.070513865
i 4.648144581 3.070513865
i 4.664205681 3.070513865
i 4.680266781 3.070513865
i 4.696327880 3.070513865
i 4.535716882 3.133334419
i 4.551777981 3.133334419
i 4.567839081 3.133334419
i 4.583900181 3.133334419
i 4.599961281 3.133334419
i 4.616022381 3.133334419
i 4.632083481 3.133334419
i 4.648144581 3.133334419
i 4.664205681 3.133334419
i 4.680266781 3.133334419
i 4.696327880 3.133334419
i 4.535716882 3.196154974
i 4.551777981 3.196154974
i 4.567839081 3.196154974
i 4.583900181 3.196154974
i 4.599961281 3.196154974
i 4.616022381 3.196154974
i 4.632083481 3.196154974
i 4.648144581 3.196154974
i 4.664205681 3.196154974
i 4.680266781 3.196154974
i 4.696327880 3.196154974
i 4.535716882 3.258975528
i 4.551777981 3.258975528
i 4.567839081 3.258975528
i 4.583900181 3.258975528
i 4.599961281 3.258975528
i 4.616022381 3.258975528
i 4.632083481 3.258975528
i 4.648144581 3.258975528
i 4.664205681 3.258975528
i 4.680266781 3.258975528
i 4.696327880 3.258975528
i 4.535716882 3.321796083
i 4.551777981 3.321796083
i 4.567839081 3.321796083
i 4.583900181 3.321796083
i 4.599961281 3.321796083
i 4.616022381 3.321796083
i 4.632083481 3.321796083
i 4.648144581 3.321796083
i 4.664205681 3.321796083
i 4.680266781 3.321796083
i 4.696327880 3.321796083
i 4.535716882 3.384616638
i 4.551777981 3.384616638
i 4.567839081 3.384616638
i 4.583900181 3.384616638
i 4.599961281 3.384616638
i 4.616022381 3.384616638
i 4.632083481 3.384616638
i 4.648144581 3.384616638
i 4.664205681 3.384616638
i 4.680266781 3.384616638
i 4.696327880 3.384616638
i 4.535716882 3.447437192
i 4.551777981 3.447437192
i 4.567839081 3.447437192
i 4.583900181 3.447437192
i 4.599961281 3.447437192
i 4.616022381 3.447437192
i 4.632083481 3.447437192
i 4.648144581 3.447437192
i 4.664205681 3.447437192
i 4.680266781 3.447437192
i 4.696327880 3.447437192
i 4.535716882 3.510257747
i 4.551777981 3.510257747
i 4.567839081 3.510257747
i 4.583900181 3.510257747
i 4.599961281 3.510257747
i 4.616022381 3.510257747
i 4.632083481 3.510257747
i 4.648144581 3.510257747
i 4.664205681 3.510257747
i 4.680266781 3.510257747
i 4.696327880 3.510257747
i 4.535716882 3.573078301
i 4.551777981 3.573078301
i 4.567839081 3.573078301
i 4.583900181 3.573078301
i 4.599961281 3.573078301
i 4.616022381 3.573078301
i 4.632083481 3.573078301
i 4.648144581 3.573078301
i 4.664205681 3.573078301
i 4.680266781 3.573078301
i 4.696327880 3.573078301
i 4.535716882 3.635898856
i 4.551777981 3.635898856
i 4.567839081 3.635898856
i 4.583900181 3.635898856
i 4.599961281 3.635898856
i 4.616022381 3.635898856
i 4.632083481 3.635898856
i 4.648144581 3.635898856
i 4.664205681 3.635898856
i 4.680266781 3.635898856
i 4.696327880 3.635898856
i 4.535716882 3.698719410
i 4.551777981 3.698719410
i 4.567839081 3.698719410
i 4.583900181 3.698719410
i 4.599961281 3.698719410
i 4.616022381 3.698719410
i 4.632083481 3.698719410
i 4.648144581 3.698719410
i 4.664205681 3.698719410
i 4.680266781 3.698719410
i 4.696327880 3.698719410
i 4.535716882 3.761539965
i 4.551777981 3.761539965
i 4.567839081 3.761539965
i 4.583900181 3.761539965
i 4.599961281 3.761539965
i 4.616022381 3.761539965
i 4.632083481 3.761539965
i 4.648144581 3.761539965
i 4.664205681 3.761539965
i 4.680266781 3.761539965
i 4.696327880 3.761539965
i 4.535716882 3.824360520
i 4.551777981 3.824360520
i 4.567839081 3.824360520
i 4.583900181 3.824360520
i 4.599961281 3.824360520
i 4.616022381 3.824360520
i 4.632083481 3.824360520
i 4.648144581 3.824360520
i 4.664205681 3.824360520
i 4.680266781 3.824360520
i 4.696327880 3.824360520
i 4.535716882 3.887181074
i 4.551777981 3.887181074
i 4.567839081 3.887181074
i 4.583900181 3.887181074
i 4.599961281 3.887181074
i 4.616022381 3.887181074
i 4.632083481 3.887181074
i 4.648144581 3.887181074
i 4.664205681 3.887181074
i 4.680266781 3.887181074
i 4.696327880 3.887181074
tris
t 624 0 1
t 53 54 55
t 100 101 102
t 148 149 150
t 252 253 254
t 257 258 259
t 262 263 264
t 267 268 269
t 272 273 274
t 277 278 279
t 282 283 284
t 287 288 289
t 293 294 295
t 304 305 306
t 315 316 317
t 326 327 328
t 337 338 339
t 348 349 350
t 359 360 361
t 370 371 372
t 381 382 383
t 392 393 394
t 403 404 405
t 414 415 416
t 425 426 427
t 436 437 438
t 447 448 449
t 458 459 460
t 469 470 471
t 480 481 482
t 491 492 493
t 502 503 504
t 513 514 515
t 524 525 526
t 535 536 537
t 546 547 548
t 557 558 559
t 568 569 570
t 579 580 581
t 590 591 592
t 601 602 603
t 612 613 614
t 624 1 2
t 52 53 55
t 99 100 102
t 147 148 150
t 251 252 254
t 256 257 259
t 261 262 264
t 266 267 269
t 271 272 274
t 276 277 279
t 281 282 284
t 286 287 289
t 292 293 295
t 303 304 306
t 314 315 317
t 325 326 328
t 336 337 339
t 347 348 350
t 358 359 361
t 369 370 372
t 380 381 383
t 391 392 394
t 402 403 405
t 413 414 416
t 424 425 427
t 435 436 438
t 446 447 449
t 457 458 460
t 468 469 471
t 479 480 482
t 490 491 493
t 501 502 504
t 512 513 515
t 523 524 526
t 534 535 537
t 545 546 548
t 556 557 559
t 567 568 570
t 578 579 581
t 589 590 592
t 600 601 603
t 611 612 614
t 624 2 3
t 51 52 55
t 98 99 102
t 146 147 150
t 250 251 254
t 255 256 259
t 260 261 264
t 265 266 269
t 270 271 274
t 275 276 279
t 280 281 284
t 285 286 289
t 291 292 295
t 302 303 306
t 313 314 317
t 324 325 328
t 335 336 339
t 346 347 350
t 357 358 361
t 368 369 372
t 379 380 383
t 390 391 394
t 401 402 405
t 412 413 416
t 423 424 427
t 434 435 438
t 445 446 449
t 456 457 460
t 467 468 471
t 478 479 482
t 489 490 493
t 500 501 504
t 511 512 515
t 522 523 526
t 533 534 537
t 544 545 548
t 555 556 559
t 566 567 570
t 577 578 581
t 588 589 592
t 599 600 603
t 610 611 614
t 624 3 4
t 50 51 55
t 97 98 102
t 145 146 150
t 249 250 254
t 254 255 259
t 259 260 264
t 264 265 269
t 269 270 274
t 274 275 279
t 279 280 284
t 284 285 289
t 301 302 306
t 312 313 317
t 323 324 328
t 334 335 339
t 345 346 350
t 356 357 361
t 367 368 372
t 378 379 383
t 389 390 394
t 400 401 405
t 411 412 416
t 422 423 427
t 433 434 438
t 444 445 449
t 455 456 460
t 466 467 471
t 477 478 482
t 488 489 493
t 499 500 504
t 510 511 515
t 521 522 526
t 532 533 537
t 543 544 548
t 554 555 559
t 565 566 570
t 576 577 581
t 587 588 592
t 598 599 603
t 609 610 614
t 624 4 5
t 49 50 55
t 96 97 102
t 145 150 151
t 248 249 254
t 279 284 289
t 300 301 306
t 311 312 317
t 322 323 328
t 333 334 339
t 344 345 350
t 355 356 361
t 366 367 372
t 377 378 383
t 388 389 394
t 399 400 405
t 410 411 416
t 421 422 427
t 432 433 438
t 443 444 449
t 454 455 460
t 465 466 471
t 476 477 482
t 487 488 493
t 498 499 504
t 509 510 515
t 520 521 526
t 531 532 537
t 542 543 548
t 553 554 559
t 564 565 570
t 575 576 581
t 586 587 592
t 597 598 603
t 608 609 614
t 624 5 6
t 48 49 55
t 95 96 102
t 145 151 152
t 299 300 306
t 310 311 317
t 321 322 328
t 332 333 339
t 343 344 350
t 354 355 361
t 365 366 372
t 376 377 383
t 387 388 394
t 398 399 405
t 409 410 416
t 420 421 427
t 431 432 438
t 442 443 449
t 453 454 460
t 464 465 471
t 475 476 482
t 486 487 493
t 497 498 504
t 508 509 515
t 519 520 526
t 530 531 537
t 541 542 548
t 552 553 559
t 563 564 570
t 574 575 581
t 585 586 592
t 596 597 603
t 607 608 614
t 624 6 7
t 47 48 55
t 94 95 102
t 145 152 153
t 247 248 259
t 248 254 259
t 298 299 306
t 309 310 317
t 320 321 328
t 331 332 339
t 342 343 350
t 353 354 361
t 364 365 372
t 375 376 383
t 386 387 394
t 397 398 405
t 408 409 416
t 419 420 427
t 430 431 438
t 441 442 449
t 452 453 460
t 463 464 471
t 474 475 482
t 485 486 493
t 496 497 504
t 507 508 515
t 518 519 526
t 529 530 537
t 540 541 548
t 551 552 559
t 562 563 570
t 573 574 581
t 584 585 592
t 595 596 603
t 606 607 614
t 624 7 8
t 46 47 55
t 93 94 102
t 247 259 264
t 297 298 306
t 308 309 317
t 319 320 328
t 330 331 339
t 341 342 350
t 352 353 361
t 363 364 372
t 374 375 383
t 385 386 394
t 396 397 405
t 407 408 416
t 418 419 427
t 429 430 438
t 440 441 449
t 451 452 460
t 462 463 471
t 473 474 482
t 484 485 493
t 495 496 504
t 506 507 515
t 517 518 526
t 528 529 537
t 539 540 548
t 550 551 559
t 561 562 570
t 572 573 581
t 583 584 592
t 594 595 603
t 605 606 614
t 624 8 9
t 45 46 55
t 92 93 102
t 246 247 264
t 296 297 306
t 307 308 317
t 318 319 328
t 329 330 339
t 340 341 350
t 351 352 361
t 362 363 372
t 373 374 383
t 384 385 394
t 395 396 405
t 406 407 416
t 417 418 427
t 428 429 438
t 439 440 449
t 450 451 460
t 461 462 471
t 472 473 482
t 483 484 493
t 494 495 504
t 505 506 515
t 516 517 526
t 527 528 537
t 538 539 548
t 549 550 559
t 560 561 570
t 571 572 581
t 582 583 592
t 593 594 603
t 604 605 614
t 624 9 10
t 44 45 55
t 91 92 102
t 246 264 269
t 295 296 306
t 306 307 317
t 317 318 328
t 328 329 339
t 339 340 350
t 350 351 361
t 361 362 372
t 372 373 383
t 383 384 394
t 394 395 405
t 405 406 416
t 416 417 427
t 427 428 438
t 438 439 449
t 449 450 460
t 460 461 471
t 471 472 482
t 482 483 493
t 493 494 504
t 504 505 515
t 515 516 526
t 526 527 537
t 537 538 548
t 548 549 559
t 559 560 570
t 570 571 581
t 581 582 592
t 592 593 603
t 603 604 614
t 624 10 11
t 43 44 55
t 90 91 102
t 245 246 269
t 624 11 12
t 42 43 55
t 89 90 102
t 244 245 269
t 624 12 13
t 41 42 55
t 88 89 102
t 244 269 274
t 624 13 14
t 40 41 55
t 87 88 102
t 243 244 274
t 624 14 15
t 39 40 55
t 86 87 102
t 242 243 274
t 624 15 16
t 38 39 55
t 85 86 102
t 241 242 274
t 624 16 17
t 37 38 55
t 84 85 102
t 241 274 279
t 624 17 18
t 36 37 55
t 83 84 102
t 240 241 279
t 624 18 19
t 35 36 55
t 82 83 102
t 239 240 279
t 624 19 20
t 34 35 55
t 81 82 102
t 238 239 279
t 624 20 21
t 33 34 55
t 80 81 102
t 237 238 279
t 624 21 22
t 32 33 55
t 79 80 102
t 236 237 279
t 624 22 23
t 31 32 55
t 78 79 102
t 236 279 289
t 624 23 24
t 30 31 55
t 77 78 102
t 235 236 289
t 624 24 25
t 29 30 55
t 76 77 102
t 234 235 289
t 624 25 26
t 28 29 55
t 75 76 102
t 233 234 289
t 624 26 27
t 27 28 55
t 74 75 102
t 232 233 289
t 624 27 55
t 73 74 102
t 231 232 289
t 624 55 56
t 72 73 102
t 230 231 289
t 624 56 57
t 71 72 102
t 229 230 289
t 624 57 58
t 70 71 102
t 228 229 289
t 624 58 59
t 69 70 102
t 227 228 289
t 624 59 60
t 68 69 102
t 226 227 289
t 624 60 61
t 67 68 102
t 225 226 289
t 624 61 62
t 66 67 102
t 224 225 289
t 624 62 63
t 65 66 102
t 223 224 289
t 624 63 64
t 64 65 102
t 222 223 289
t 624 64 102
t 221 222 289
t 623 624 102
t 220 221 289
t 622 623 102
t 219 220 289
t 621 622 102
t 218 219 289
t 620 621 102
t 218 289 290
t 619 620 102
t 217 218 290
t 618 619 102
t 216 217 290
t 617 618 102
t 215 216 290
t 616 617 102
t 214 215 290
t 615 616 102
t 213 214 290
t 614 615 102
t 212 213 290
t 102 103 614
t 103 104 614
t 104 105 614
t 105 106 614
t 106 107 614
t 107 108 614
t 108 109 614
t 109 110 614
t 110 111 614
t 111 112 614
t 112 113 614
t 113 114 614
t 114 115 614
t 115 116 614
t 116 117 614
t 117 118 614
t 118 119 614
t 119 120 614
t 120 121 614
t 121 122 614
t 122 123 614
t 123 124 614
t 124 125 614
t 125 126 614
t 126 127 614
t 127 128 614
t 128 129 614
t 129 130 614
t 130 131 614
t 131 132 614
t 132 133 614
t 133 134 614
t 134 135 614
t 135 136 614
t 136 137 614
t 137 138 614
t 138 139 614
t 139 140 614
t 140 141 614
t 141 142 614
t 142 143 614
t 143 144 614
t 144 145 614
t 211 212 290
t 614 145 153
t 210 211 290
t 603 614 153
t 209 210 290
t 592 603 153
t 208 209 290
t 581 592 153
t 207 208 290
t 570 581 153
t 206 207 290
t 559 570 153
t 205 206 290
t 548 559 153
t 204 205 290
t 537 548 153
t 203 204 290
t 526 537 153
t 203 290 291
t 515 526 153
t 202 203 291
t 504 515 153
t 201 202 291
t 493 504 153
t 201 291 295
t 482 493 153
t 200 201 295
t 471 482 153
t 199 200 295
t 460 471 153
t 198 199 295
t 449 460 153
t 197 198 295
t 438 449 153
t 196 197 295
t 427 438 153
t 195 196 295
t 416 427 153
t 194 195 295
t 405 416 153
t 193 194 295
t 394 405 153
t 192 193 295
t 383 394 153
t 191 192 295
t 372 383 153
t 190 191 295
t 361 372 153
t 189 190 295
t 350 361 153
t 188 189 295
t 339 350 153
t 187 188 295
t 328 339 153
t 186 187 295
t 317 328 153
t 185 186 295
t 306 317 153
t 184 185 295
t 295 306 153
t 183 184 295
t 295 153 154
t 182 183 295
t 295 154 155
t 181 182 295
t 295 155 156
t 180 181 295
t 295 156 157
t 179 180 295
t 295 157 158
t 178 179 295
t 295 158 159
t 177 178 295
t 295 159 160
t 176 177 295
t 295 160 161
t 175 176 295
t 295 161 162
t 174 175 295
t 295 162 163
t 173 174 295
t 295 163 164
t 172 173 295
t 295 164 165
t 171 172 295
t 295 165 166
t 170 171 295
t 295 166 167
t 169 170 295
t 295 167 168
t 168 169 295
