type=Nurbs forward=true n_boundary=196 n_holes=0 n_interior=369 n_tris=926 label=brep62542_f242_Nurbs(deg=3/3, cps=4x9)
boundary
b 0.843401403 0.461733760
b 0.818040016 0.461733772
b 0.792903425 0.461733786
b 0.767972099 0.461733801
b 0.743227099 0.461733818
b 0.718650013 0.461733837
b 0.694222901 0.461733857
b 0.669928240 0.461733878
b 0.645748874 0.461733901
b 0.621667961 0.461733926
b 0.597668927 0.461733951
b 0.573735421 0.461733979
b 0.549851267 0.461734007
b 0.526000422 0.461734038
b 0.502166931 0.461734069
b 0.478334886 0.461734101
b 0.454488385 0.461734135
b 0.430611484 0.461734170
b 0.406688160 0.461734206
b 0.382702264 0.461734243
b 0.358637479 0.461734281
b 0.334477277 0.461734320
b 0.310204868 0.461734359
b 0.285803156 0.461734400
b 0.261254689 0.461734441
b 0.236541607 0.461734482
b 0.211645589 0.461734524
b 0.186547796 0.461734566
b 0.161228809 0.461734609
b 0.135668569 0.461734651
b 0.109846006 0.461740428
b 0.109848911 0.455934055
b 0.109856091 0.450181335
b 0.109865714 0.444482046
b 0.109876175 0.438836072
b 0.109886089 0.433243402
b 0.109894299 0.427704133
b 0.109899873 0.422218463
b 0.109902107 0.416786697
b 0.109900530 0.411409240
b 0.109894908 0.406086598
b 0.109885322 0.400819373
b 0.109872990 0.395608266
b 0.109859909 0.390454056
b 0.109848239 0.385357588
b 0.109839450 0.380318957
b 0.109833430 0.375336710
b 0.109829860 0.370409267
b 0.109828395 0.365535099
b 0.109828665 0.360712740
b 0.109830272 0.355940783
b 0.109832790 0.351217887
b 0.109835773 0.346542779
b 0.109838842 0.341914252
b 0.109841893 0.337331160
b 0.109844841 0.332792423
b 0.109847561 0.328297025
b 0.109849894 0.323844021
b 0.109851660 0.319432529
b 0.109852835 0.315061637
b 0.109853540 0.310730378
b 0.109853864 0.306437802
b 0.109853851 0.302182990
b 0.109853510 0.297965049
b 0.109852819 0.293783115
b 0.109851895 0.289636357
b 0.109850957 0.285523970
b 0.109850178 0.281445180
b 0.109849692 0.277399240
b 0.109849588 0.273385437
b 0.109849918 0.269403091
b 0.109850703 0.265451552
b 0.109851911 0.261530253
b 0.109853337 0.257639062
b 0.109854709 0.253778083
b 0.109855779 0.249947444
b 0.109856394 0.246147304
b 0.109856555 0.242377842
b 0.109856298 0.238639260
b 0.109855678 0.234931782
b 0.109854773 0.231255655
b 0.109853682 0.227611145
b 0.109852530 0.223998544
b 0.109851467 0.220418161
b 0.109850670 0.216870329
b 0.109850346 0.213355398
b 0.125121155 0.213260120
b 0.140204523 0.213165367
b 0.155115506 0.213071151
b 0.169868815 0.212977486
b 0.184478816 0.212884383
b 0.198959534 0.212791854
b 0.213324656 0.212699911
b 0.227587534 0.212608563
b 0.241761192 0.212517821
b 0.255858324 0.212427694
b 0.269891301 0.212338191
b 0.283872173 0.212249320
b 0.297812668 0.212161089
b 0.311724167 0.212073505
b 0.325614627 0.211986596
b 0.339485794 0.211900431
b 0.353338710 0.211815084
b 0.367174434 0.211730624
b 0.380994056 0.211647125
b 0.394798715 0.211564656
b 0.408589619 0.211483286
b 0.422368052 0.211403084
b 0.436135402 0.211324115
b 0.449893166 0.211246447
b 0.463642975 0.211170142
b 0.477386604 0.211095266
b 0.491125991 0.211021879
b 0.504863255 0.210950042
b 0.518600658 0.210879803
b 0.532340379 0.210811196
b 0.546084402 0.210744256
b 0.559834539 0.210679013
b 0.573592438 0.210615498
b 0.587359603 0.210553739
b 0.601137412 0.210493762
b 0.614927128 0.210435593
b 0.628729918 0.210379256
b 0.642546869 0.210324773
b 0.656379003 0.210272166
b 0.670227295 0.210221453
b 0.684092689 0.210172652
b 0.697976813 0.210125780
b 0.711887453 0.210080840
b 0.725835811 0.210037829
b 0.739833444 0.209996744
b 0.753892236 0.209957580
b 0.768024408 0.209920333
b 0.782242510 0.209884997
b 0.796559433 0.209851567
b 0.810988407 0.209820037
b 0.825543007 0.209790400
b 0.840237158 0.209762648
b 0.855085138 0.209736773
b 0.870101580 0.209712767
b 0.885301480 0.209690620
b 0.885729557 0.213185613
b 0.886139430 0.216716816
b 0.886530950 0.220283822
b 0.886903925 0.223886247
b 0.887258129 0.227523733
b 0.887593307 0.231195946
b 0.887909187 0.234902577
b 0.888205484 0.238643343
b 0.888481914 0.242417987
b 0.888738203 0.246226278
b 0.888974094 0.250068011
b 0.889189328 0.253943009
b 0.889383408 0.257851124
b 0.889555744 0.261792239
b 0.889705150 0.265766486
b 0.889829403 0.269774445
b 0.889926500 0.273816783
b 0.889994833 0.277894207
b 0.890033219 0.282007455
b 0.890040919 0.286157303
b 0.890017669 0.290344561
b 0.889963706 0.294570069
b 0.889879766 0.298834700
b 0.889766758 0.303139363
b 0.889625893 0.307485001
b 0.889458958 0.311872587
b 0.889268354 0.316303126
b 0.889056920 0.320777640
b 0.888823329 0.325297070
b 0.888562072 0.329862306
b 0.888268093 0.334474308
b 0.887937056 0.339134115
b 0.887565398 0.343842839
b 0.887150377 0.348601665
b 0.886689755 0.353411847
b 0.886181665 0.358274706
b 0.885625148 0.363191635
b 0.885020254 0.368164094
b 0.884368115 0.373193612
b 0.883671005 0.378281777
b 0.882932412 0.383430234
b 0.882156757 0.388640487
b 0.881346395 0.393912408
b 0.880502194 0.399245067
b 0.879624901 0.404637604
b 0.878714955 0.410089242
b 0.877771994 0.415599317
b 0.876795502 0.421167266
b 0.875785023 0.426792622
b 0.874740226 0.432475014
b 0.873660975 0.438214172
b 0.872547400 0.444009922
b 0.871399972 0.449862189
b 0.870219583 0.455770998
b 0.869007626 0.461736468
interior
i 0.207354961 0.241196846
i 0.304881526 0.241196846
i 0.402408092 0.241196846
i 0.499934657 0.241196846
i 0.597461222 0.241196846
i 0.694987788 0.241196846
i 0.792514353 0.241196846
i 0.207354961 0.272703072
i 0.304881526 0.272703072
i 0.402408092 0.272703072
i 0.499934657 0.272703072
i 0.597461222 0.272703072
i 0.694987788 0.272703072
i 0.792514353 0.272703072
i 0.207354961 0.304209298
i 0.304881526 0.304209298
i 0.402408092 0.304209298
i 0.499934657 0.304209298
i 0.597461222 0.304209298
i 0.694987788 0.304209298
i 0.792514353 0.304209298
i 0.207354961 0.335715524
i 0.304881526 0.335715524
i 0.402408092 0.335715524
i 0.499934657 0.335715524
i 0.597461222 0.335715524
i 0.694987788 0.335715524
i 0.792514353 0.335715524
i 0.207354961 0.367221750
i 0.304881526 0.367221750
i 0.402408092 0.367221750
i 0.499934657 0.367221750
i 0.597461222 0.367221750
i 0.694987788 0.367221750
i 0.792514353 0.367221750
i 0.207354961 0.398727976
i 0.304881526 0.398727976
i 0.402408092 0.398727976
i 0.499934657 0.398727976
i 0.597461222 0.398727976
i 0.694987788 0.398727976
i 0.792514353 0.398727976
i 0.207354961 0.430234202
i 0.304881526 0.430234202
i 0.402408092 0.430234202
i 0.499934657 0.430234202
i 0.597461222 0.430234202
i 0.694987788 0.430234202
i 0.792514353 0.430234202
i 0.158591678 0.225443733
i 0.134210037 0.217567176
i 0.182973319 0.217567176
i 0.134210037 0.233320289
i 0.182973319 0.233320289
i 0.158591678 0.256949959
i 0.134210037 0.249073402
i 0.182973319 0.249073402
i 0.134210037 0.264826515
i 0.182973319 0.264826515
i 0.158591678 0.288456185
i 0.134210037 0.280579628
i 0.182973319 0.280579628
i 0.134210037 0.296332741
i 0.182973319 0.296332741
i 0.158591678 0.319962411
i 0.134210037 0.312085854
i 0.182973319 0.312085854
i 0.134210037 0.327838967
i 0.182973319 0.327838967
i 0.158591678 0.351468637
i 0.134210037 0.343592080
i 0.182973319 0.343592080
i 0.134210037 0.359345193
i 0.182973319 0.359345193
i 0.158591678 0.382974863
i 0.134210037 0.375098306
i 0.182973319 0.375098306
i 0.134210037 0.390851419
i 0.182973319 0.390851419
i 0.158591678 0.414481089
i 0.134210037 0.406604532
i 0.182973319 0.406604532
i 0.134210037 0.422357645
i 0.182973319 0.422357645
i 0.158591678 0.445987315
i 0.134210037 0.438110758
i 0.182973319 0.438110758
i 0.134210037 0.453863871
i 0.182973319 0.453863871
i 0.256118243 0.225443733
i 0.231736602 0.217567176
i 0.280499885 0.217567176
i 0.231736602 0.233320289
i 0.280499885 0.233320289
i 0.256118243 0.256949959
i 0.231736602 0.249073402
i 0.280499885 0.249073402
i 0.231736602 0.264826515
i 0.280499885 0.264826515
i 0.256118243 0.288456185
i 0.231736602 0.280579628
i 0.280499885 0.280579628
i 0.231736602 0.296332741
i 0.280499885 0.296332741
i 0.256118243 0.319962411
i 0.231736602 0.312085854
i 0.280499885 0.312085854
i 0.231736602 0.327838967
i 0.280499885 0.327838967
i 0.256118243 0.351468637
i 0.231736602 0.343592080
i 0.280499885 0.343592080
i 0.231736602 0.359345193
i 0.280499885 0.359345193
i 0.256118243 0.382974863
i 0.231736602 0.375098306
i 0.280499885 0.375098306
i 0.231736602 0.390851419
i 0.280499885 0.390851419
i 0.256118243 0.414481089
i 0.231736602 0.406604532
i 0.280499885 0.406604532
i 0.231736602 0.422357645
i 0.280499885 0.422357645
i 0.256118243 0.445987315
i 0.231736602 0.438110758
i 0.280499885 0.438110758
i 0.231736602 0.453863871
i 0.280499885 0.453863871
i 0.353644809 0.225443733
i 0.329263168 0.217567176
i 0.378026450 0.217567176
i 0.329263168 0.233320289
i 0.378026450 0.233320289
i 0.353644809 0.256949959
i 0.329263168 0.249073402
i 0.378026450 0.249073402
i 0.329263168 0.264826515
i 0.378026450 0.264826515
i 0.353644809 0.288456185
i 0.329263168 0.280579628
i 0.378026450 0.280579628
i 0.329263168 0.296332741
i 0.378026450 0.296332741
i 0.353644809 0.319962411
i 0.329263168 0.312085854
i 0.378026450 0.312085854
i 0.329263168 0.327838967
i 0.378026450 0.327838967
i 0.353644809 0.351468637
i 0.329263168 0.343592080
i 0.378026450 0.343592080
i 0.329263168 0.359345193
i 0.378026450 0.359345193
i 0.353644809 0.382974863
i 0.329263168 0.375098306
i 0.378026450 0.375098306
i 0.329263168 0.390851419
i 0.378026450 0.390851419
i 0.353644809 0.414481089
i 0.329263168 0.406604532
i 0.378026450 0.406604532
i 0.329263168 0.422357645
i 0.378026450 0.422357645
i 0.353644809 0.445987315
i 0.329263168 0.438110758
i 0.378026450 0.438110758
i 0.329263168 0.453863871
i 0.378026450 0.453863871
i 0.451171374 0.225443733
i 0.426789733 0.217567176
i 0.475553016 0.217567176
i 0.426789733 0.233320289
i 0.475553016 0.233320289
i 0.451171374 0.256949959
i 0.426789733 0.249073402
i 0.475553016 0.249073402
i 0.426789733 0.264826515
i 0.475553016 0.264826515
i 0.451171374 0.288456185
i 0.426789733 0.280579628
i 0.475553016 0.280579628
i 0.426789733 0.296332741
i 0.475553016 0.296332741
i 0.451171374 0.319962411
i 0.426789733 0.312085854
i 0.475553016 0.312085854
i 0.426789733 0.327838967
i 0.475553016 0.327838967
i 0.451171374 0.351468637
i 0.426789733 0.343592080
i 0.475553016 0.343592080
i 0.426789733 0.359345193
i 0.475553016 0.359345193
i 0.451171374 0.382974863
i 0.426789733 0.375098306
i 0.475553016 0.375098306
i 0.426789733 0.390851419
i 0.475553016 0.390851419
i 0.451171374 0.414481089
i 0.426789733 0.406604532
i 0.475553016 0.406604532
i 0.426789733 0.422357645
i 0.475553016 0.422357645
i 0.451171374 0.445987315
i 0.426789733 0.438110758
i 0.475553016 0.438110758
i 0.426789733 0.453863871
i 0.475553016 0.453863871
i 0.548697940 0.225443733
i 0.524316298 0.217567176
i 0.573079581 0.217567176
i 0.524316298 0.233320289
i 0.573079581 0.233320289
i 0.548697940 0.256949959
i 0.524316298 0.249073402
i 0.573079581 0.249073402
i 0.524316298 0.264826515
i 0.573079581 0.264826515
i 0.548697940 0.288456185
i 0.524316298 0.280579628
i 0.573079581 0.280579628
i 0.524316298 0.296332741
i 0.573079581 0.296332741
i 0.548697940 0.319962411
i 0.524316298 0.312085854
i 0.573079581 0.312085854
i 0.524316298 0.327838967
i 0.573079581 0.327838967
i 0.548697940 0.351468637
i 0.524316298 0.343592080
i 0.573079581 0.343592080
i 0.524316298 0.359345193
i 0.573079581 0.359345193
i 0.548697940 0.382974863
i 0.524316298 0.375098306
i 0.573079581 0.375098306
i 0.524316298 0.390851419
i 0.573079581 0.390851419
i 0.548697940 0.414481089
i 0.524316298 0.406604532
i 0.573079581 0.406604532
i 0.524316298 0.422357645
i 0.573079581 0.422357645
i 0.548697940 0.445987315
i 0.524316298 0.438110758
i 0.573079581 0.438110758
i 0.524316298 0.453863871
i 0.573079581 0.453863871
i 0.646224505 0.225443733
i 0.621842864 0.217567176
i 0.670606147 0.217567176
i 0.621842864 0.233320289
i 0.670606147 0.233320289
i 0.646224505 0.256949959
i 0.621842864 0.249073402
i 0.670606147 0.249073402
i 0.621842864 0.264826515
i 0.670606147 0.264826515
i 0.646224505 0.288456185
i 0.621842864 0.280579628
i 0.670606147 0.280579628
i 0.621842864 0.296332741
i 0.670606147 0.296332741
i 0.646224505 0.319962411
i 0.621842864 0.312085854
i 0.670606147 0.312085854
i 0.621842864 0.327838967
i 0.670606147 0.327838967
i 0.646224505 0.351468637
i 0.621842864 0.343592080
i 0.670606147 0.343592080
i 0.621842864 0.359345193
i 0.670606147 0.359345193
i 0.646224505 0.382974863
i 0.621842864 0.375098306
i 0.670606147 0.375098306
i 0.621842864 0.390851419
i 0.670606147 0.390851419
i 0.646224505 0.414481089
i 0.621842864 0.406604532
i 0.670606147 0.406604532
i 0.621842864 0.422357645
i 0.670606147 0.422357645
i 0.646224505 0.445987315
i 0.621842864 0.438110758
i 0.670606147 0.438110758
i 0.621842864 0.453863871
i 0.670606147 0.453863871
i 0.743751071 0.225443733
i 0.719369429 0.217567176
i 0.768132712 0.217567176
i 0.719369429 0.233320289
i 0.768132712 0.233320289
i 0.743751071 0.256949959
i 0.719369429 0.249073402
i 0.768132712 0.249073402
i 0.719369429 0.264826515
i 0.768132712 0.264826515
i 0.743751071 0.288456185
i 0.719369429 0.280579628
i 0.768132712 0.280579628
i 0.719369429 0.296332741
i 0.768132712 0.296332741
i 0.743751071 0.319962411
i 0.719369429 0.312085854
i 0.768132712 0.312085854
i 0.719369429 0.327838967
i 0.768132712 0.327838967
i 0.743751071 0.351468637
i 0.719369429 0.343592080
i 0.768132712 0.343592080
i 0.719369429 0.359345193
i 0.768132712 0.359345193
i 0.743751071 0.382974863
i 0.719369429 0.375098306
i 0.768132712 0.375098306
i 0.719369429 0.390851419
i 0.768132712 0.390851419
i 0.743751071 0.414481089
i 0.719369429 0.406604532
i 0.768132712 0.406604532
i 0.719369429 0.422357645
i 0.768132712 0.422357645
i 0.743751071 0.445987315
i 0.719369429 0.438110758
i 0.768132712 0.438110758
i 0.719369429 0.453863871
i 0.768132712 0.453863871
i 0.841277636 0.225443733
i 0.816895995 0.217567176
i 0.865659277 0.217567176
i 0.816895995 0.233320289
i 0.865659277 0.233320289
i 0.841277636 0.256949959
i 0.816895995 0.249073402
i 0.865659277 0.249073402
i 0.816895995 0.264826515
i 0.865659277 0.264826515
i 0.841277636 0.288456185
i 0.816895995 0.280579628
i 0.865659277 0.280579628
i 0.816895995 0.296332741
i 0.865659277 0.296332741
i 0.841277636 0.319962411
i 0.816895995 0.312085854
i 0.865659277 0.312085854
i 0.816895995 0.327838967
i 0.865659277 0.327838967
i 0.841277636 0.351468637
i 0.816895995 0.343592080
i 0.865659277 0.343592080
i 0.816895995 0.359345193
i 0.865659277 0.359345193
i 0.841277636 0.382974863
i 0.816895995 0.375098306
i 0.865659277 0.375098306
i 0.816895995 0.390851419
i 0.865659277 0.390851419
i 0.841277636 0.414481089
i 0.816895995 0.406604532
i 0.865659277 0.406604532
i 0.816895995 0.422357645
i 0.865659277 0.422357645
i 0.841277636 0.445987315
i 0.816895995 0.438110758
i 0.865659277 0.438110758
i 0.816895995 0.453863871
i 0.865659277 0.453863871
tris
t 140 138 139
t 140 137 138
t 140 136 137
t 140 135 136
t 140 134 135
t 140 133 134
t 140 132 133
t 140 131 132
t 140 130 131
t 140 129 130
t 140 128 129
t 140 127 128
t 140 126 127
t 140 125 126
t 140 124 125
t 140 123 124
t 140 122 123
t 140 121 122
t 140 120 121
t 140 119 120
t 140 118 119
t 140 117 118
t 140 116 117
t 140 115 116
t 140 114 115
t 140 113 114
t 140 112 113
t 140 111 112
t 140 110 111
t 140 109 110
t 140 108 109
t 140 107 108
t 140 106 107
t 140 105 106
t 140 104 105
t 140 103 104
t 140 102 103
t 140 101 102
t 140 100 101
t 140 99 100
t 140 98 99
t 140 141 142
t 140 142 143
t 140 143 144
t 140 144 145
t 140 145 146
t 140 146 147
t 140 147 148
t 140 148 149
t 140 149 150
t 140 150 151
t 140 151 152
t 140 152 153
t 140 153 154
t 140 154 155
t 140 565 98
t 140 566 565
t 140 567 566
t 140 568 567
t 140 569 568
t 140 570 569
t 140 571 570
t 140 572 571
t 140 573 572
t 140 574 573
t 140 575 574
t 140 576 575
t 140 577 576
t 140 578 577
t 140 579 578
t 140 580 579
t 140 581 580
t 140 582 581
t 140 583 582
t 140 584 583
t 140 585 584
t 140 586 585
t 140 587 586
t 140 588 587
t 140 589 588
t 140 590 589
t 140 591 590
t 140 592 591
t 140 593 592
t 140 594 593
t 140 595 594
t 140 596 595
t 140 597 596
t 140 598 597
t 140 599 598
t 140 600 599
t 140 601 600
t 140 602 601
t 140 603 602
t 140 604 603
t 140 605 604
t 140 606 605
t 140 607 606
t 140 608 607
t 140 609 608
t 140 610 609
t 140 611 610
t 140 612 611
t 140 613 612
t 140 614 613
t 140 615 614
t 140 616 615
t 140 617 616
t 140 618 617
t 140 619 618
t 140 620 619
t 140 621 620
t 140 622 621
t 140 623 622
t 140 624 623
t 140 625 624
t 140 626 625
t 140 627 626
t 140 628 627
t 140 629 628
t 140 630 629
t 140 631 630
t 140 632 631
t 140 633 632
t 140 634 633
t 140 635 634
t 140 636 635
t 140 637 636
t 140 638 637
t 140 639 638
t 140 640 639
t 140 641 640
t 140 642 641
t 140 643 642
t 140 644 643
t 140 645 644
t 140 646 645
t 140 647 646
t 140 648 647
t 140 649 648
t 140 650 649
t 140 651 650
t 140 652 651
t 140 653 652
t 140 654 653
t 140 655 654
t 140 656 655
t 140 657 656
t 140 658 657
t 140 659 658
t 140 660 659
t 140 661 660
t 140 662 661
t 140 663 662
t 140 664 663
t 140 665 664
t 140 666 665
t 140 667 666
t 140 668 667
t 140 669 668
t 140 670 669
t 140 671 670
t 140 672 671
t 140 673 672
t 140 674 673
t 140 155 674
t 98 96 97
t 98 95 96
t 98 94 95
t 98 93 94
t 98 92 93
t 98 91 92
t 98 90 91
t 98 89 90
t 98 88 89
t 98 87 88
t 98 86 87
t 98 85 86
t 98 84 85
t 98 83 84
t 98 82 83
t 98 81 82
t 98 80 81
t 98 79 80
t 98 78 79
t 98 77 78
t 98 76 77
t 98 75 76
t 98 74 75
t 98 73 74
t 98 72 73
t 98 71 72
t 98 70 71
t 98 69 70
t 98 68 69
t 98 67 68
t 98 66 67
t 98 65 66
t 98 64 65
t 98 63 64
t 98 62 63
t 98 61 62
t 98 60 61
t 98 59 60
t 98 58 59
t 98 57 58
t 98 56 57
t 98 55 56
t 155 156 157
t 155 157 158
t 155 158 159
t 155 159 160
t 155 160 161
t 155 161 162
t 155 162 163
t 155 163 164
t 155 164 165
t 155 165 166
t 155 166 167
t 155 167 168
t 155 168 169
t 155 169 170
t 155 170 171
t 98 675 55
t 98 676 675
t 98 677 676
t 98 678 677
t 98 679 678
t 98 680 679
t 98 681 680
t 98 682 681
t 98 683 682
t 98 684 683
t 98 685 684
t 98 686 685
t 98 687 686
t 98 688 687
t 98 689 688
t 98 690 689
t 98 691 690
t 98 692 691
t 98 693 692
t 98 694 693
t 98 695 694
t 98 696 695
t 98 697 696
t 98 698 697
t 98 699 698
t 98 700 699
t 98 701 700
t 98 702 701
t 98 703 702
t 98 704 703
t 98 705 704
t 98 706 705
t 98 707 706
t 98 708 707
t 98 709 708
t 98 710 709
t 98 711 710
t 98 712 711
t 98 713 712
t 98 565 713
t 565 714 713
t 565 566 714
t 566 715 714
t 566 567 715
t 567 716 715
t 567 568 716
t 568 717 716
t 568 569 717
t 569 718 717
t 569 570 718
t 570 719 718
t 570 571 719
t 571 720 719
t 571 572 720
t 572 721 720
t 572 573 721
t 573 722 721
t 573 574 722
t 574 723 722
t 574 575 723
t 575 724 723
t 575 576 724
t 576 725 724
t 576 577 725
t 577 726 725
t 577 578 726
t 578 727 726
t 578 579 727
t 579 728 727
t 579 580 728
t 580 729 728
t 580 581 729
t 581 730 729
t 581 582 730
t 582 731 730
t 582 583 731
t 583 732 731
t 583 584 732
t 584 733 732
t 584 585 733
t 585 734 733
t 585 586 734
t 586 735 734
t 586 587 735
t 587 736 735
t 587 588 736
t 588 737 736
t 588 589 737
t 589 738 737
t 589 590 738
t 590 739 738
t 590 591 739
t 591 740 739
t 591 592 740
t 592 741 740
t 592 593 741
t 593 742 741
t 593 594 742
t 594 743 742
t 594 595 743
t 595 744 743
t 595 596 744
t 596 745 744
t 596 597 745
t 597 746 745
t 597 598 746
t 598 747 746
t 598 599 747
t 599 748 747
t 599 600 748
t 600 749 748
t 600 601 749
t 601 750 749
t 601 602 750
t 602 751 750
t 602 603 751
t 603 752 751
t 603 604 752
t 604 753 752
t 604 605 753
t 605 754 753
t 605 606 754
t 606 755 754
t 606 607 755
t 607 756 755
t 607 608 756
t 608 757 756
t 608 609 757
t 609 758 757
t 609 610 758
t 610 759 758
t 610 611 759
t 611 760 759
t 611 612 760
t 612 761 760
t 612 613 761
t 613 762 761
t 613 614 762
t 614 763 762
t 614 615 763
t 615 764 763
t 615 616 764
t 616 765 764
t 616 617 765
t 617 766 765
t 617 618 766
t 618 767 766
t 618 619 767
t 619 768 767
t 619 620 768
t 620 769 768
t 620 621 769
t 621 770 769
t 621 622 770
t 622 771 770
t 622 623 771
t 623 772 771
t 623 624 772
t 624 773 772
t 624 625 773
t 625 774 773
t 625 626 774
t 626 775 774
t 626 627 775
t 627 776 775
t 627 628 776
t 628 777 776
t 628 629 777
t 629 778 777
t 629 630 778
t 630 779 778
t 630 631 779
t 631 780 779
t 631 632 780
t 632 781 780
t 632 633 781
t 633 782 781
t 633 634 782
t 634 783 782
t 634 635 783
t 635 784 783
t 635 636 784
t 636 785 784
t 636 637 785
t 637 786 785
t 637 638 786
t 638 787 786
t 638 639 787
t 639 788 787
t 639 640 788
t 640 789 788
t 640 641 789
t 641 790 789
t 641 642 790
t 642 791 790
t 642 643 791
t 643 792 791
t 643 644 792
t 644 793 792
t 644 645 793
t 645 794 793
t 645 646 794
t 646 795 794
t 646 647 795
t 647 796 795
t 647 648 796
t 648 797 796
t 648 649 797
t 649 798 797
t 649 650 798
t 650 799 798
t 650 651 799
t 651 800 799
t 651 652 800
t 652 801 800
t 652 653 801
t 653 802 801
t 653 654 802
t 654 803 802
t 654 655 803
t 655 804 803
t 655 656 804
t 656 805 804
t 656 657 805
t 657 806 805
t 657 658 806
t 658 807 806
t 658 659 807
t 659 808 807
t 659 660 808
t 660 809 808
t 660 661 809
t 661 810 809
t 661 662 810
t 662 171 810
t 662 663 171
t 663 664 171
t 664 665 171
t 665 666 171
t 666 667 171
t 667 668 171
t 668 669 171
t 669 670 171
t 670 671 171
t 671 672 171
t 672 673 171
t 673 674 171
t 674 155 171
t 55 53 54
t 55 52 53
t 55 51 52
t 55 50 51
t 55 49 50
t 55 48 49
t 55 47 48
t 55 46 47
t 55 45 46
t 55 44 45
t 55 43 44
t 171 172 173
t 171 173 174
t 171 174 175
t 171 175 176
t 171 176 177
t 171 177 178
t 171 178 179
t 171 179 180
t 171 180 181
t 171 181 182
t 171 182 183
t 171 183 184
t 171 184 185
t 171 185 186
t 171 186 187
t 171 187 188
t 171 188 189
t 171 189 190
t 171 190 191
t 171 191 192
t 171 192 193
t 171 193 194
t 171 194 195
t 171 195 0
t 171 0 1
t 171 1 2
t 55 675 43
t 675 676 43
t 676 677 43
t 677 678 43
t 678 679 43
t 679 680 43
t 680 681 43
t 681 682 43
t 682 683 43
t 683 684 43
t 684 685 43
t 685 686 43
t 686 687 43
t 687 811 43
t 687 688 811
t 688 812 811
t 688 689 812
t 689 813 812
t 689 690 813
t 690 814 813
t 690 691 814
t 691 815 814
t 691 692 815
t 692 816 815
t 692 693 816
t 693 817 816
t 693 694 817
t 694 818 817
t 694 695 818
t 695 819 818
t 695 696 819
t 696 820 819
t 696 697 820
t 697 821 820
t 697 698 821
t 698 822 821
t 698 699 822
t 699 823 822
t 699 700 823
t 700 824 823
t 700 701 824
t 701 825 824
t 701 702 825
t 702 826 825
t 702 703 826
t 703 827 826
t 703 704 827
t 704 828 827
t 704 705 828
t 705 829 828
t 705 706 829
t 706 830 829
t 706 707 830
t 707 831 830
t 707 708 831
t 708 832 831
t 708 709 832
t 709 833 832
t 709 710 833
t 710 834 833
t 710 711 834
t 711 835 834
t 711 712 835
t 712 836 835
t 712 713 836
t 713 837 836
t 713 714 837
t 714 838 837
t 714 715 838
t 715 839 838
t 715 716 839
t 716 840 839
t 716 717 840
t 717 841 840
t 717 718 841
t 718 842 841
t 718 719 842
t 719 843 842
t 719 720 843
t 720 844 843
t 720 721 844
t 721 845 844
t 721 722 845
t 722 846 845
t 722 723 846
t 723 847 846
t 723 724 847
t 724 848 847
t 724 725 848
t 725 849 848
t 725 726 849
t 726 850 849
t 726 727 850
t 727 851 850
t 727 728 851
t 728 852 851
t 728 729 852
t 729 853 852
t 729 730 853
t 730 854 853
t 730 731 854
t 731 855 854
t 731 732 855
t 732 856 855
t 732 733 856
t 733 857 856
t 733 734 857
t 734 858 857
t 734 735 858
t 735 859 858
t 735 736 859
t 736 860 859
t 736 737 860
t 737 861 860
t 737 738 861
t 738 862 861
t 738 739 862
t 739 863 862
t 739 740 863
t 740 864 863
t 740 741 864
t 741 865 864
t 741 742 865
t 742 866 865
t 742 743 866
t 743 867 866
t 743 744 867
t 744 868 867
t 744 745 868
t 745 869 868
t 745 746 869
t 746 870 869
t 746 747 870
t 747 871 870
t 747 748 871
t 748 872 871
t 748 749 872
t 749 873 872
t 749 750 873
t 750 874 873
t 750 751 874
t 751 875 874
t 751 752 875
t 752 876 875
t 752 753 876
t 753 877 876
t 753 754 877
t 754 878 877
t 754 755 878
t 755 879 878
t 755 756 879
t 756 880 879
t 756 757 880
t 757 881 880
t 757 758 881
t 758 882 881
t 758 759 882
t 759 883 882
t 759 760 883
t 760 884 883
t 760 761 884
t 761 885 884
t 761 762 885
t 762 886 885
t 762 763 886
t 763 887 886
t 763 764 887
t 764 888 887
t 764 765 888
t 765 889 888
t 765 766 889
t 766 890 889
t 766 767 890
t 767 891 890
t 767 768 891
t 768 892 891
t 768 769 892
t 769 2 892
t 769 770 2
t 770 771 2
t 771 772 2
t 772 773 2
t 773 774 2
t 774 775 2
t 775 776 2
t 776 777 2
t 777 778 2
t 778 779 2
t 779 780 2
t 780 781 2
t 781 782 2
t 782 783 2
t 783 784 2
t 784 785 2
t 785 786 2
t 786 787 2
t 787 788 2
t 788 789 2
t 789 790 2
t 790 791 2
t 791 792 2
t 792 793 2
t 793 794 2
t 794 795 2
t 795 796 2
t 796 797 2
t 797 798 2
t 798 799 2
t 799 800 2
t 800 801 2
t 801 802 2
t 802 803 2
t 803 804 2
t 804 805 2
t 805 806 2
t 806 807 2
t 807 808 2
t 808 809 2
t 809 810 2
t 810 171 2
t 43 41 42
t 43 40 41
t 43 39 40
t 43 38 39
t 43 37 38
t 2 3 4
t 2 4 5
t 2 5 6
t 2 6 7
t 2 7 8
t 2 8 9
t 2 9 10
t 2 10 11
t 2 11 12
t 2 12 13
t 2 13 14
t 2 14 15
t 2 15 16
t 43 811 37
t 811 812 37
t 812 813 37
t 813 814 37
t 814 815 37
t 815 816 37
t 816 817 37
t 817 893 37
t 817 818 893
t 818 894 893
t 818 819 894
t 819 895 894
t 819 820 895
t 820 896 895
t 820 821 896
t 821 897 896
t 821 822 897
t 822 898 897
t 822 823 898
t 823 899 898
t 823 824 899
t 824 900 899
t 824 825 900
t 825 901 900
t 825 826 901
t 826 902 901
t 826 827 902
t 827 903 902
t 827 828 903
t 828 904 903
t 828 829 904
t 829 905 904
t 829 830 905
t 830 906 905
t 830 831 906
t 831 907 906
t 831 832 907
t 832 908 907
t 832 833 908
t 833 909 908
t 833 834 909
t 834 910 909
t 834 835 910
t 835 911 910
t 835 836 911
t 836 912 911
t 836 837 912
t 837 913 912
t 837 838 913
t 838 914 913
t 838 839 914
t 839 915 914
t 839 840 915
t 840 916 915
t 840 841 916
t 841 917 916
t 841 842 917
t 842 918 917
t 842 843 918
t 843 919 918
t 843 844 919
t 844 920 919
t 844 845 920
t 845 921 920
t 845 846 921
t 846 922 921
t 846 847 922
t 847 923 922
t 847 848 923
t 848 924 923
t 848 849 924
t 849 925 924
t 849 850 925
t 850 926 925
t 850 851 926
t 851 927 926
t 851 852 927
t 852 928 927
t 852 853 928
t 853 929 928
t 853 854 929
t 854 930 929
t 854 855 930
t 855 16 930
t 855 856 16
t 856 857 16
t 857 858 16
t 858 859 16
t 859 860 16
t 860 861 16
t 861 862 16
t 862 863 16
t 863 864 16
t 864 865 16
t 865 866 16
t 866 867 16
t 867 868 16
t 868 869 16
t 869 870 16
t 870 871 16
t 871 872 16
t 872 873 16
t 873 874 16
t 874 875 16
t 875 876 16
t 876 877 16
t 877 878 16
t 878 879 16
t 879 880 16
t 880 881 16
t 881 882 16
t 882 883 16
t 883 884 16
t 884 885 16
t 885 886 16
t 886 887 16
t 887 888 16
t 888 889 16
t 889 890 16
t 890 891 16
t 891 892 16
t 892 2 16
t 37 35 36
t 37 34 35
t 37 33 34
t 37 32 33
t 37 31 32
t 37 30 31
t 16 17 18
t 16 18 19
t 16 19 20
t 16 20 21
t 16 21 22
t 16 22 23
t 16 23 24
t 16 24 25
t 16 25 26
t 16 26 27
t 16 27 28
t 16 28 29
t 16 29 30
t 37 893 30
t 893 894 30
t 894 895 30
t 895 896 30
t 896 897 30
t 897 898 30
t 898 899 30
t 899 900 30
t 900 901 30
t 901 902 30
t 902 903 30
t 903 904 30
t 904 905 30
t 905 906 30
t 906 907 30
t 907 908 30
t 908 909 30
t 909 910 30
t 910 911 30
t 911 912 30
t 912 913 30
t 913 914 30
t 914 915 30
t 915 916 30
t 916 917 30
t 917 918 30
t 918 919 30
t 919 920 30
t 920 921 30
t 921 922 30
t 922 923 30
t 923 924 30
t 924 925 30
t 925 926 30
t 926 927 30
t 927 928 30
t 928 929 30
t 929 930 30
t 930 16 30
