type=Nurbs forward=true n_boundary=172 n_holes=0 n_interior=348 n_tris=1172 label=brep47598_f22_Nurbs(deg=3/3, cps=4x8)
boundary
b 0.183378706 0.998735341
b 0.185126994 0.979578425
b 0.186849335 0.960461092
b 0.188544947 0.941383503
b 0.190213069 0.922345855
b 0.191852971 0.903348377
b 0.193463945 0.884391332
b 0.195045318 0.865475017
b 0.196596452 0.846599760
b 0.198116744 0.827765923
b 0.199605633 0.808973900
b 0.201062599 0.790224114
b 0.202487169 0.771517019
b 0.203878919 0.752853100
b 0.205237476 0.734232871
b 0.206562518 0.715656873
b 0.207853785 0.697125677
b 0.209111071 0.678639878
b 0.210334235 0.660200100
b 0.211523253 0.641806885
b 0.212678726 0.623459587
b 0.213801540 0.605156790
b 0.214892455 0.586897084
b 0.215952103 0.568679071
b 0.216980994 0.550501374
b 0.217979512 0.532362630
b 0.218947923 0.514261496
b 0.219886373 0.496196647
b 0.220794893 0.478166776
b 0.221673400 0.460170597
b 0.222521697 0.442206844
b 0.223339480 0.424274271
b 0.224126335 0.406371657
b 0.224881739 0.388497799
b 0.225605066 0.370651520
b 0.226295588 0.352831665
b 0.226952472 0.335037105
b 0.227574790 0.317266743
b 0.228161909 0.299520028
b 0.228713859 0.281797202
b 0.229230754 0.264098583
b 0.229712716 0.246424505
b 0.230159882 0.228775312
b 0.230572400 0.211151363
b 0.230950439 0.193553032
b 0.231294179 0.175980703
b 0.231603824 0.158434776
b 0.231879597 0.140915659
b 0.232121740 0.123423777
b 0.232330523 0.105959565
b 0.232506237 0.088523468
b 0.232649200 0.071115945
b 0.232759760 0.053737465
b 0.232838291 0.036388509
b 0.232885200 0.019069567
b 0.232900925 0.001781139
b 0.252352609 0.001781138
b 0.271646679 0.001781138
b 0.290796548 0.001781138
b 0.309815253 0.001781138
b 0.328715498 0.001781139
b 0.347509689 0.001781139
b 0.366209962 0.001781139
b 0.384828221 0.001781139
b 0.403376168 0.001781139
b 0.421865332 0.001781139
b 0.440307096 0.001781139
b 0.458712730 0.001781139
b 0.477093416 0.001781139
b 0.495460274 0.001781139
b 0.513824394 0.001781139
b 0.532196856 0.001781139
b 0.550588761 0.001781139
b 0.569011258 0.001781139
b 0.587475570 0.001781139
b 0.605993021 0.001781139
b 0.624575063 0.001781139
b 0.643233311 0.001781139
b 0.661979562 0.001781139
b 0.680825836 0.001781139
b 0.699784401 0.001781139
b 0.718867808 0.001781139
b 0.738088926 0.001781139
b 0.757460978 0.001781139
b 0.776997578 0.001781139
b 0.796712774 0.001781139
b 0.816621090 0.001781134
b 0.816621223 0.019102766
b 0.816621562 0.036448186
b 0.816622064 0.053817427
b 0.816622691 0.071210533
b 0.816623403 0.088627556
b 0.816624164 0.106068560
b 0.816624934 0.123533615
b 0.816625676 0.141022805
b 0.816626351 0.158536219
b 0.816626920 0.176073960
b 0.816627340 0.193636137
b 0.816627569 0.211222871
b 0.816627558 0.228834291
b 0.816627261 0.246470537
b 0.816626622 0.264131756
b 0.816625588 0.281818107
b 0.816624095 0.299529756
b 0.816622080 0.317266880
b 0.816619499 0.335029694
b 0.816616510 0.352818818
b 0.816613338 0.370635153
b 0.816610183 0.388479627
b 0.816607217 0.406353180
b 0.816604587 0.424256771
b 0.816602416 0.442191373
b 0.816600800 0.460157974
b 0.816599808 0.478157576
b 0.816599486 0.496191195
b 0.816599855 0.514259860
b 0.816600909 0.532364611
b 0.816602621 0.550506502
b 0.816604939 0.568686596
b 0.816607786 0.586905967
b 0.816611065 0.605165701
b 0.816614656 0.623466891
b 0.816618415 0.641810639
b 0.816622182 0.660198048
b 0.816625779 0.678629771
b 0.816629056 0.697105764
b 0.816631895 0.715625942
b 0.816634204 0.734190240
b 0.816635920 0.752798612
b 0.816637007 0.771451032
b 0.816637452 0.790147495
b 0.816637271 0.808888017
b 0.816636503 0.827672635
b 0.816635210 0.846501407
b 0.816633480 0.865374412
b 0.816631421 0.884291754
b 0.816629166 0.903253554
b 0.816626869 0.922259960
b 0.816624706 0.941311139
b 0.816622873 0.960407282
b 0.816621589 0.979548602
b 0.816621091 0.998735336
b 0.795112421 0.998735678
b 0.773827974 0.998735636
b 0.752749473 0.998735595
b 0.731859293 0.998735555
b 0.711140390 0.998735515
b 0.690576234 0.998735476
b 0.670150760 0.998735438
b 0.649848313 0.998735401
b 0.629653598 0.998735366
b 0.609551635 0.998735331
b 0.589527708 0.998735298
b 0.569567328 0.998735266
b 0.549656185 0.998735235
b 0.529780109 0.998735205
b 0.509925032 0.998735177
b 0.490076942 0.998735150
b 0.470221847 0.998735125
b 0.450345738 0.998735101
b 0.430434543 0.998735079
b 0.410474094 0.998735058
b 0.390450080 0.998735039
b 0.370348012 0.998735021
b 0.350153175 0.998735005
b 0.329850587 0.998734991
b 0.309424953 0.998734978
b 0.288860617 0.998734967
b 0.268141514 0.998734957
b 0.247251115 0.998734949
b 0.226172372 0.998734942
b 0.204887663 0.998734937
interior
i 0.262536049 0.126400452
i 0.341693392 0.126400452
i 0.420850736 0.126400452
i 0.500008079 0.126400452
i 0.579165422 0.126400452
i 0.658322766 0.126400452
i 0.737480109 0.126400452
i 0.262536049 0.251019770
i 0.341693392 0.251019770
i 0.420850736 0.251019770
i 0.500008079 0.251019770
i 0.579165422 0.251019770
i 0.658322766 0.251019770
i 0.737480109 0.251019770
i 0.262536049 0.375639088
i 0.341693392 0.375639088
i 0.420850736 0.375639088
i 0.500008079 0.375639088
i 0.579165422 0.375639088
i 0.658322766 0.375639088
i 0.737480109 0.375639088
i 0.262536049 0.500258406
i 0.341693392 0.500258406
i 0.420850736 0.500258406
i 0.500008079 0.500258406
i 0.579165422 0.500258406
i 0.658322766 0.500258406
i 0.737480109 0.500258406
i 0.262536049 0.624877724
i 0.341693392 0.624877724
i 0.420850736 0.624877724
i 0.500008079 0.624877724
i 0.579165422 0.624877724
i 0.658322766 0.624877724
i 0.737480109 0.624877724
i 0.262536049 0.749497042
i 0.341693392 0.749497042
i 0.420850736 0.749497042
i 0.500008079 0.749497042
i 0.579165422 0.749497042
i 0.658322766 0.749497042
i 0.737480109 0.749497042
i 0.262536049 0.874116360
i 0.341693392 0.874116360
i 0.420850736 0.874116360
i 0.500008079 0.874116360
i 0.579165422 0.874116360
i 0.658322766 0.874116360
i 0.737480109 0.874116360
i 0.222957377 0.437948747
i 0.242746713 0.406793918
i 0.242746713 0.469103577
i 0.222957377 0.562568065
i 0.242746713 0.531413236
i 0.242746713 0.593722895
i 0.222957377 0.687187383
i 0.242746713 0.656032554
i 0.242746713 0.718342213
i 0.222957377 0.811806701
i 0.203168041 0.780651872
i 0.242746713 0.780651872
i 0.203168041 0.842961531
i 0.242746713 0.842961531
i 0.222957377 0.936426019
i 0.203168041 0.905271190
i 0.242746713 0.905271190
i 0.203168041 0.967580849
i 0.242746713 0.967580849
i 0.302114721 0.064090793
i 0.282325385 0.032935964
i 0.321904056 0.032935964
i 0.282325385 0.095245623
i 0.321904056 0.095245623
i 0.302114721 0.188710111
i 0.282325385 0.157555282
i 0.321904056 0.157555282
i 0.282325385 0.219864941
i 0.321904056 0.219864941
i 0.302114721 0.313329429
i 0.282325385 0.282174600
i 0.321904056 0.282174600
i 0.282325385 0.344484259
i 0.321904056 0.344484259
i 0.302114721 0.437948747
i 0.282325385 0.406793918
i 0.321904056 0.406793918
i 0.282325385 0.469103577
i 0.321904056 0.469103577
i 0.302114721 0.562568065
i 0.282325385 0.531413236
i 0.321904056 0.531413236
i 0.282325385 0.593722895
i 0.321904056 0.593722895
i 0.302114721 0.687187383
i 0.282325385 0.656032554
i 0.321904056 0.656032554
i 0.282325385 0.718342213
i 0.321904056 0.718342213
i 0.302114721 0.811806701
i 0.282325385 0.780651872
i 0.321904056 0.780651872
i 0.282325385 0.842961531
i 0.321904056 0.842961531
i 0.302114721 0.936426019
i 0.282325385 0.905271190
i 0.321904056 0.905271190
i 0.282325385 0.967580849
i 0.321904056 0.967580849
i 0.381272064 0.064090793
i 0.361482728 0.032935964
i 0.401061400 0.032935964
i 0.361482728 0.095245623
i 0.401061400 0.095245623
i 0.381272064 0.188710111
i 0.361482728 0.157555282
i 0.401061400 0.157555282
i 0.361482728 0.219864941
i 0.401061400 0.219864941
i 0.381272064 0.313329429
i 0.361482728 0.282174600
i 0.401061400 0.282174600
i 0.361482728 0.344484259
i 0.401061400 0.344484259
i 0.381272064 0.437948747
i 0.361482728 0.406793918
i 0.401061400 0.406793918
i 0.361482728 0.469103577
i 0.401061400 0.469103577
i 0.381272064 0.562568065
i 0.361482728 0.531413236
i 0.401061400 0.531413236
i 0.361482728 0.593722895
i 0.401061400 0.593722895
i 0.381272064 0.687187383
i 0.361482728 0.656032554
i 0.401061400 0.656032554
i 0.361482728 0.718342213
i 0.401061400 0.718342213
i 0.381272064 0.811806701
i 0.361482728 0.780651872
i 0.401061400 0.780651872
i 0.361482728 0.842961531
i 0.401061400 0.842961531
i 0.381272064 0.936426019
i 0.361482728 0.905271190
i 0.401061400 0.905271190
i 0.361482728 0.967580849
i 0.401061400 0.967580849
i 0.460429407 0.064090793
i 0.440640071 0.032935964
i 0.480218743 0.032935964
i 0.440640071 0.095245623
i 0.480218743 0.095245623
i 0.460429407 0.188710111
i 0.440640071 0.157555282
i 0.480218743 0.157555282
i 0.440640071 0.219864941
i 0.480218743 0.219864941
i 0.460429407 0.313329429
i 0.440640071 0.282174600
i 0.480218743 0.282174600
i 0.440640071 0.344484259
i 0.480218743 0.344484259
i 0.460429407 0.437948747
i 0.440640071 0.406793918
i 0.480218743 0.406793918
i 0.440640071 0.469103577
i 0.480218743 0.469103577
i 0.460429407 0.562568065
i 0.440640071 0.531413236
i 0.480218743 0.531413236
i 0.440640071 0.593722895
i 0.480218743 0.593722895
i 0.460429407 0.687187383
i 0.440640071 0.656032554
i 0.480218743 0.656032554
i 0.440640071 0.718342213
i 0.480218743 0.718342213
i 0.460429407 0.811806701
i 0.440640071 0.780651872
i 0.480218743 0.780651872
i 0.440640071 0.842961531
i 0.480218743 0.842961531
i 0.460429407 0.936426019
i 0.440640071 0.905271190
i 0.480218743 0.905271190
i 0.440640071 0.967580849
i 0.480218743 0.967580849
i 0.539586751 0.064090793
i 0.519797415 0.032935964
i 0.559376086 0.032935964
i 0.519797415 0.095245623
i 0.559376086 0.095245623
i 0.539586751 0.188710111
i 0.519797415 0.157555282
i 0.559376086 0.157555282
i 0.519797415 0.219864941
i 0.559376086 0.219864941
i 0.539586751 0.313329429
i 0.519797415 0.282174600
i 0.559376086 0.282174600
i 0.519797415 0.344484259
i 0.559376086 0.344484259
i 0.539586751 0.437948747
i 0.519797415 0.406793918
i 0.559376086 0.406793918
i 0.519797415 0.469103577
i 0.559376086 0.469103577
i 0.539586751 0.562568065
i 0.519797415 0.531413236
i 0.559376086 0.531413236
i 0.519797415 0.593722895
i 0.559376086 0.593722895
i 0.539586751 0.687187383
i 0.519797415 0.656032554
i 0.559376086 0.656032554
i 0.519797415 0.718342213
i 0.559376086 0.718342213
i 0.539586751 0.811806701
i 0.519797415 0.780651872
i 0.559376086 0.780651872
i 0.519797415 0.842961531
i 0.559376086 0.842961531
i 0.539586751 0.936426019
i 0.519797415 0.905271190
i 0.559376086 0.905271190
i 0.519797415 0.967580849
i 0.559376086 0.967580849
i 0.618744094 0.064090793
i 0.598954758 0.032935964
i 0.638533430 0.032935964
i 0.598954758 0.095245623
i 0.638533430 0.095245623
i 0.618744094 0.188710111
i 0.598954758 0.157555282
i 0.638533430 0.157555282
i 0.598954758 0.219864941
i 0.638533430 0.219864941
i 0.618744094 0.313329429
i 0.598954758 0.282174600
i 0.638533430 0.282174600
i 0.598954758 0.344484259
i 0.638533430 0.344484259
i 0.618744094 0.437948747
i 0.598954758 0.406793918
i 0.638533430 0.406793918
i 0.598954758 0.469103577
i 0.638533430 0.469103577
i 0.618744094 0.562568065
i 0.598954758 0.531413236
i 0.638533430 0.531413236
i 0.598954758 0.593722895
i 0.638533430 0.593722895
i 0.618744094 0.687187383
i 0.598954758 0.656032554
i 0.638533430 0.656032554
i 0.598954758 0.718342213
i 0.638533430 0.718342213
i 0.618744094 0.811806701
i 0.598954758 0.780651872
i 0.638533430 0.780651872
i 0.598954758 0.842961531
i 0.638533430 0.842961531
i 0.618744094 0.936426019
i 0.598954758 0.905271190
i 0.638533430 0.905271190
i 0.598954758 0.967580849
i 0.638533430 0.967580849
i 0.697901437 0.064090793
i 0.678112101 0.032935964
i 0.717690773 0.032935964
i 0.678112101 0.095245623
i 0.717690773 0.095245623
i 0.697901437 0.188710111
i 0.678112101 0.157555282
i 0.717690773 0.157555282
i 0.678112101 0.219864941
i 0.717690773 0.219864941
i 0.697901437 0.313329429
i 0.678112101 0.282174600
i 0.717690773 0.282174600
i 0.678112101 0.344484259
i 0.717690773 0.344484259
i 0.697901437 0.437948747
i 0.678112101 0.406793918
i 0.717690773 0.406793918
i 0.678112101 0.469103577
i 0.717690773 0.469103577
i 0.697901437 0.562568065
i 0.678112101 0.531413236
i 0.717690773 0.531413236
i 0.678112101 0.593722895
i 0.717690773 0.593722895
i 0.697901437 0.687187383
i 0.678112101 0.656032554
i 0.717690773 0.656032554
i 0.678112101 0.718342213
i 0.717690773 0.718342213
i 0.697901437 0.811806701
i 0.678112101 0.780651872
i 0.717690773 0.780651872
i 0.678112101 0.842961531
i 0.717690773 0.842961531
i 0.697901437 0.936426019
i 0.678112101 0.905271190
i 0.717690773 0.905271190
i 0.678112101 0.967580849
i 0.717690773 0.967580849
i 0.777058781 0.064090793
i 0.757269445 0.032935964
i 0.796848116 0.032935964
i 0.757269445 0.095245623
i 0.796848116 0.095245623
i 0.777058781 0.188710111
i 0.757269445 0.157555282
i 0.796848116 0.157555282
i 0.757269445 0.219864941
i 0.796848116 0.219864941
i 0.777058781 0.313329429
i 0.757269445 0.282174600
i 0.796848116 0.282174600
i 0.757269445 0.344484259
i 0.796848116 0.344484259
i 0.777058781 0.437948747
i 0.757269445 0.406793918
i 0.796848116 0.406793918
i 0.757269445 0.469103577
i 0.796848116 0.469103577
i 0.777058781 0.562568065
i 0.757269445 0.531413236
i 0.796848116 0.531413236
i 0.757269445 0.593722895
i 0.796848116 0.593722895
i 0.777058781 0.687187383
i 0.757269445 0.656032554
i 0.796848116 0.656032554
i 0.757269445 0.718342213
i 0.796848116 0.718342213
i 0.777058781 0.811806701
i 0.757269445 0.780651872
i 0.796848116 0.780651872
i 0.757269445 0.842961531
i 0.796848116 0.842961531
i 0.777058781 0.936426019
i 0.757269445 0.905271190
i 0.796848116 0.905271190
i 0.757269445 0.967580849
i 0.796848116 0.967580849
tris
t 55 53 54
t 55 52 53
t 55 51 52
t 55 50 51
t 55 49 50
t 55 48 49
t 55 47 48
t 55 46 47
t 86 87 88
t 86 88 89
t 86 89 90
t 86 90 91
t 86 91 92
t 86 92 93
t 86 93 94
t 86 94 95
t 55 520 46
t 55 521 520
t 55 522 521
t 55 523 522
t 55 524 523
t 55 525 524
t 55 526 525
t 55 527 526
t 55 528 527
t 55 529 528
t 55 56 529
t 56 530 529
t 56 531 530
t 56 57 531
t 57 532 531
t 57 533 532
t 57 58 533
t 58 534 533
t 58 535 534
t 58 59 535
t 59 536 535
t 59 60 536
t 60 537 536
t 60 538 537
t 60 61 538
t 61 539 538
t 61 540 539
t 61 62 540
t 62 541 540
t 62 542 541
t 62 63 542
t 63 543 542
t 63 544 543
t 63 64 544
t 64 545 544
t 64 546 545
t 64 65 546
t 65 547 546
t 65 548 547
t 65 66 548
t 66 549 548
t 66 550 549
t 66 67 550
t 67 551 550
t 67 552 551
t 67 68 552
t 68 553 552
t 68 554 553
t 68 69 554
t 69 555 554
t 69 556 555
t 69 70 556
t 70 557 556
t 70 558 557
t 70 71 558
t 71 559 558
t 71 560 559
t 71 72 560
t 72 561 560
t 72 73 561
t 73 562 561
t 73 563 562
t 73 74 563
t 74 564 563
t 74 565 564
t 74 75 565
t 75 566 565
t 75 567 566
t 75 76 567
t 76 568 567
t 76 569 568
t 76 77 569
t 77 570 569
t 77 571 570
t 77 78 571
t 78 572 571
t 78 573 572
t 78 79 573
t 79 574 573
t 79 575 574
t 79 80 575
t 80 576 575
t 80 577 576
t 80 81 577
t 81 578 577
t 81 579 578
t 81 82 579
t 82 580 579
t 82 581 580
t 82 83 581
t 83 582 581
t 83 583 582
t 83 84 583
t 84 584 583
t 84 585 584
t 84 85 585
t 85 586 585
t 85 587 586
t 85 588 587
t 85 589 588
t 85 590 589
t 85 591 590
t 85 592 591
t 85 593 592
t 85 594 593
t 85 595 594
t 85 596 595
t 85 597 596
t 85 598 597
t 85 86 598
t 86 599 598
t 86 600 599
t 86 601 600
t 86 602 601
t 86 603 602
t 86 604 603
t 86 95 604
t 46 44 45
t 46 43 44
t 46 42 43
t 46 41 42
t 46 40 41
t 46 39 40
t 46 38 39
t 46 37 38
t 95 96 97
t 95 97 98
t 95 98 99
t 95 99 100
t 95 100 101
t 95 101 102
t 95 102 103
t 95 103 104
t 46 605 37
t 46 606 605
t 46 607 606
t 46 608 607
t 46 609 608
t 46 610 609
t 46 611 610
t 46 612 611
t 46 613 612
t 46 520 613
t 520 614 613
t 520 521 614
t 521 615 614
t 521 522 615
t 522 616 615
t 522 523 616
t 523 617 616
t 523 524 617
t 524 618 617
t 524 525 618
t 525 619 618
t 525 526 619
t 526 620 619
t 526 527 620
t 527 621 620
t 527 528 621
t 528 622 621
t 528 529 622
t 529 623 622
t 529 530 623
t 530 624 623
t 530 531 624
t 531 625 624
t 531 532 625
t 532 626 625
t 532 533 626
t 533 627 626
t 533 534 627
t 534 628 627
t 534 535 628
t 535 629 628
t 535 536 629
t 536 630 629
t 536 537 630
t 537 631 630
t 537 538 631
t 538 632 631
t 538 539 632
t 539 633 632
t 539 540 633
t 540 634 633
t 540 541 634
t 541 635 634
t 541 542 635
t 542 636 635
t 542 543 636
t 543 637 636
t 543 544 637
t 544 638 637
t 544 545 638
t 545 639 638
t 545 546 639
t 546 640 639
t 546 547 640
t 547 641 640
t 547 548 641
t 548 642 641
t 548 549 642
t 549 643 642
t 549 550 643
t 550 644 643
t 550 551 644
t 551 645 644
t 551 552 645
t 552 646 645
t 552 553 646
t 553 647 646
t 553 554 647
t 554 648 647
t 554 555 648
t 555 649 648
t 555 556 649
t 556 650 649
t 556 557 650
t 557 651 650
t 557 558 651
t 558 652 651
t 558 559 652
t 559 653 652
t 559 560 653
t 560 654 653
t 560 561 654
t 561 655 654
t 561 562 655
t 562 656 655
t 562 563 656
t 563 657 656
t 563 564 657
t 564 658 657
t 564 565 658
t 565 659 658
t 565 566 659
t 566 660 659
t 566 567 660
t 567 661 660
t 567 568 661
t 568 662 661
t 568 569 662
t 569 663 662
t 569 570 663
t 570 664 663
t 570 571 664
t 571 665 664
t 571 572 665
t 572 666 665
t 572 573 666
t 573 667 666
t 573 574 667
t 574 668 667
t 574 575 668
t 575 669 668
t 575 576 669
t 576 670 669
t 576 577 670
t 577 671 670
t 577 578 671
t 578 672 671
t 578 579 672
t 579 673 672
t 579 580 673
t 580 674 673
t 580 581 674
t 581 675 674
t 581 582 675
t 582 676 675
t 582 583 676
t 583 677 676
t 583 584 677
t 584 678 677
t 584 585 678
t 585 679 678
t 585 586 679
t 586 680 679
t 586 587 680
t 587 681 680
t 587 588 681
t 588 682 681
t 588 589 682
t 589 683 682
t 589 590 683
t 590 684 683
t 590 591 684
t 591 685 684
t 591 592 685
t 592 686 685
t 592 593 686
t 593 687 686
t 593 594 687
t 594 688 687
t 594 595 688
t 595 689 688
t 595 596 689
t 596 690 689
t 596 597 690
t 597 691 690
t 597 598 691
t 598 692 691
t 598 599 692
t 599 693 692
t 599 600 693
t 600 104 693
t 600 601 104
t 601 602 104
t 602 603 104
t 603 604 104
t 604 95 104
t 37 35 36
t 37 34 35
t 37 33 34
t 37 32 33
t 37 31 32
t 37 30 31
t 37 29 30
t 37 28 29
t 37 27 28
t 104 105 106
t 104 106 107
t 104 107 108
t 104 108 109
t 104 109 110
t 104 110 111
t 104 111 112
t 104 112 113
t 104 113 114
t 37 694 27
t 37 695 694
t 37 696 695
t 37 697 696
t 37 698 697
t 37 699 698
t 37 700 699
t 37 701 700
t 37 702 701
t 37 703 702
t 37 704 703
t 37 605 704
t 605 705 704
t 605 606 705
t 606 706 705
t 606 607 706
t 607 707 706
t 607 608 707
t 608 708 707
t 608 609 708
t 609 709 708
t 609 610 709
t 610 710 709
t 610 611 710
t 611 711 710
t 611 612 711
t 612 712 711
t 612 613 712
t 613 713 712
t 613 614 713
t 614 714 713
t 614 615 714
t 615 715 714
t 615 616 715
t 616 716 715
t 616 617 716
t 617 717 716
t 617 618 717
t 618 718 717
t 618 619 718
t 619 719 718
t 619 620 719
t 620 720 719
t 620 621 720
t 621 721 720
t 621 622 721
t 622 722 721
t 622 623 722
t 623 723 722
t 623 624 723
t 624 724 723
t 624 625 724
t 625 725 724
t 625 626 725
t 626 726 725
t 626 627 726
t 627 727 726
t 627 628 727
t 628 728 727
t 628 629 728
t 629 729 728
t 629 630 729
t 630 730 729
t 630 631 730
t 631 731 730
t 631 632 731
t 632 732 731
t 632 633 732
t 633 733 732
t 633 634 733
t 634 734 733
t 634 635 734
t 635 735 734
t 635 636 735
t 636 736 735
t 636 637 736
t 637 737 736
t 637 638 737
t 638 738 737
t 638 639 738
t 639 739 738
t 639 640 739
t 640 740 739
t 640 641 740
t 641 741 740
t 641 642 741
t 642 742 741
t 642 643 742
t 643 743 742
t 643 644 743
t 644 744 743
t 644 645 744
t 645 745 744
t 645 646 745
t 646 746 745
t 646 647 746
t 647 747 746
t 647 648 747
t 648 748 747
t 648 649 748
t 649 749 748
t 649 650 749
t 650 750 749
t 650 651 750
t 651 751 750
t 651 652 751
t 652 752 751
t 652 653 752
t 653 753 752
t 653 654 753
t 654 754 753
t 654 655 754
t 655 755 754
t 655 656 755
t 656 756 755
t 656 657 756
t 657 757 756
t 657 658 757
t 658 758 757
t 658 659 758
t 659 759 758
t 659 660 759
t 660 760 759
t 660 661 760
t 661 761 760
t 661 662 761
t 662 762 761
t 662 663 762
t 663 763 762
t 663 664 763
t 664 764 763
t 664 665 764
t 665 765 764
t 665 666 765
t 666 766 765
t 666 667 766
t 667 767 766
t 667 668 767
t 668 768 767
t 668 669 768
t 669 769 768
t 669 670 769
t 670 770 769
t 670 671 770
t 671 771 770
t 671 672 771
t 672 772 771
t 672 673 772
t 673 773 772
t 673 674 773
t 674 774 773
t 674 675 774
t 675 775 774
t 675 676 775
t 676 776 775
t 676 677 776
t 677 777 776
t 677 678 777
t 678 778 777
t 678 679 778
t 679 779 778
t 679 680 779
t 680 780 779
t 680 681 780
t 681 114 780
t 681 682 114
t 682 683 114
t 683 684 114
t 684 685 114
t 685 686 114
t 686 687 114
t 687 688 114
t 688 689 114
t 689 690 114
t 690 691 114
t 691 692 114
t 692 693 114
t 693 104 114
t 27 25 26
t 27 24 25
t 27 23 24
t 27 22 23
t 27 21 22
t 27 20 21
t 27 19 20
t 27 18 19
t 114 115 116
t 114 116 117
t 114 117 118
t 114 118 119
t 114 119 120
t 114 120 121
t 114 121 122
t 114 122 123
t 27 781 18
t 27 782 781
t 27 783 782
t 27 784 783
t 27 785 784
t 27 786 785
t 27 787 786
t 27 788 787
t 27 789 788
t 27 694 789
t 694 790 789
t 694 695 790
t 695 791 790
t 695 696 791
t 696 792 791
t 696 697 792
t 697 793 792
t 697 698 793
t 698 794 793
t 698 699 794
t 699 795 794
t 699 700 795
t 700 796 795
t 700 701 796
t 701 797 796
t 701 702 797
t 702 798 797
t 702 703 798
t 703 799 798
t 703 704 799
t 704 800 799
t 704 705 800
t 705 801 800
t 705 706 801
t 706 802 801
t 706 707 802
t 707 803 802
t 707 708 803
t 708 804 803
t 708 709 804
t 709 805 804
t 709 710 805
t 710 806 805
t 710 711 806
t 711 807 806
t 711 712 807
t 712 808 807
t 712 713 808
t 713 809 808
t 713 714 809
t 714 810 809
t 714 715 810
t 715 811 810
t 715 716 811
t 716 812 811
t 716 717 812
t 717 813 812
t 717 718 813
t 718 814 813
t 718 719 814
t 719 815 814
t 719 720 815
t 720 816 815
t 720 721 816
t 721 817 816
t 721 722 817
t 722 818 817
t 722 723 818
t 723 819 818
t 723 724 819
t 724 820 819
t 724 725 820
t 725 821 820
t 725 726 821
t 726 822 821
t 726 727 822
t 727 823 822
t 727 728 823
t 728 824 823
t 728 729 824
t 729 825 824
t 729 730 825
t 730 826 825
t 730 731 826
t 731 827 826
t 731 732 827
t 732 828 827
t 732 733 828
t 733 829 828
t 733 734 829
t 734 830 829
t 734 735 830
t 735 831 830
t 735 736 831
t 736 832 831
t 736 737 832
t 737 833 832
t 737 738 833
t 738 834 833
t 738 739 834
t 739 835 834
t 739 740 835
t 740 836 835
t 740 741 836
t 741 837 836
t 741 742 837
t 742 838 837
t 742 743 838
t 743 839 838
t 743 744 839
t 744 840 839
t 744 745 840
t 745 841 840
t 745 746 841
t 746 842 841
t 746 747 842
t 747 843 842
t 747 748 843
t 748 844 843
t 748 749 844
t 749 845 844
t 749 750 845
t 750 846 845
t 750 751 846
t 751 847 846
t 751 752 847
t 752 848 847
t 752 753 848
t 753 849 848
t 753 754 849
t 754 850 849
t 754 755 850
t 755 851 850
t 755 756 851
t 756 852 851
t 756 757 852
t 757 853 852
t 757 758 853
t 758 854 853
t 758 759 854
t 759 855 854
t 759 760 855
t 760 856 855
t 760 761 856
t 761 857 856
t 761 762 857
t 762 858 857
t 762 763 858
t 763 859 858
t 763 764 859
t 764 860 859
t 764 765 860
t 765 861 860
t 765 766 861
t 766 862 861
t 766 767 862
t 767 863 862
t 767 768 863
t 768 864 863
t 768 769 864
t 769 865 864
t 769 770 865
t 770 866 865
t 770 771 866
t 771 867 866
t 771 772 867
t 772 868 867
t 772 773 868
t 773 869 868
t 773 774 869
t 774 870 869
t 774 775 870
t 775 871 870
t 775 776 871
t 776 872 871
t 776 777 872
t 777 873 872
t 777 778 873
t 778 874 873
t 778 779 874
t 779 875 874
t 779 780 875
t 780 876 875
t 780 114 876
t 114 877 876
t 114 878 877
t 114 879 878
t 114 880 879
t 114 881 880
t 114 882 881
t 114 883 882
t 114 884 883
t 114 885 884
t 114 886 885
t 114 887 886
t 114 888 887
t 114 889 888
t 114 123 889
t 18 16 17
t 18 15 16
t 18 14 15
t 18 13 14
t 18 12 13
t 18 11 12
t 18 10 11
t 18 9 10
t 123 124 125
t 123 125 126
t 123 126 127
t 123 127 128
t 123 128 129
t 123 129 130
t 123 130 131
t 123 131 132
t 18 890 9
t 18 891 890
t 18 892 891
t 18 893 892
t 18 894 893
t 18 895 894
t 18 896 895
t 18 897 896
t 18 898 897
t 18 899 898
t 18 781 899
t 781 900 899
t 781 782 900
t 782 901 900
t 782 783 901
t 783 902 901
t 783 784 902
t 784 903 902
t 784 785 903
t 785 904 903
t 785 786 904
t 786 905 904
t 786 787 905
t 787 906 905
t 787 788 906
t 788 907 906
t 788 789 907
t 789 908 907
t 789 790 908
t 790 909 908
t 790 791 909
t 791 910 909
t 791 792 910
t 792 911 910
t 792 793 911
t 793 912 911
t 793 794 912
t 794 913 912
t 794 795 913
t 795 914 913
t 795 796 914
t 796 915 914
t 796 797 915
t 797 916 915
t 797 798 916
t 798 917 916
t 798 799 917
t 799 918 917
t 799 800 918
t 800 919 918
t 800 801 919
t 801 920 919
t 801 802 920
t 802 921 920
t 802 803 921
t 803 922 921
t 803 804 922
t 804 923 922
t 804 805 923
t 805 924 923
t 805 806 924
t 806 925 924
t 806 807 925
t 807 926 925
t 807 808 926
t 808 927 926
t 808 809 927
t 809 928 927
t 809 810 928
t 810 929 928
t 810 811 929
t 811 930 929
t 811 812 930
t 812 931 930
t 812 813 931
t 813 932 931
t 813 814 932
t 814 933 932
t 814 815 933
t 815 934 933
t 815 816 934
t 816 935 934
t 816 817 935
t 817 936 935
t 817 818 936
t 818 937 936
t 818 819 937
t 819 938 937
t 819 820 938
t 820 939 938
t 820 821 939
t 821 940 939
t 821 822 940
t 822 941 940
t 822 823 941
t 823 942 941
t 823 824 942
t 824 943 942
t 824 825 943
t 825 944 943
t 825 826 944
t 826 945 944
t 826 827 945
t 827 946 945
t 827 828 946
t 828 947 946
t 828 829 947
t 829 948 947
t 829 830 948
t 830 949 948
t 830 831 949
t 831 950 949
t 831 832 950
t 832 951 950
t 832 833 951
t 833 952 951
t 833 834 952
t 834 953 952
t 834 835 953
t 835 954 953
t 835 836 954
t 836 955 954
t 836 837 955
t 837 956 955
t 837 838 956
t 838 957 956
t 838 839 957
t 839 958 957
t 839 840 958
t 840 959 958
t 840 841 959
t 841 960 959
t 841 842 960
t 842 961 960
t 842 843 961
t 843 962 961
t 843 844 962
t 844 963 962
t 844 845 963
t 845 964 963
t 845 846 964
t 846 965 964
t 846 847 965
t 847 966 965
t 847 848 966
t 848 967 966
t 848 849 967
t 849 968 967
t 849 850 968
t 850 969 968
t 850 851 969
t 851 970 969
t 851 852 970
t 852 971 970
t 852 853 971
t 853 972 971
t 853 854 972
t 854 973 972
t 854 855 973
t 855 974 973
t 855 856 974
t 856 975 974
t 856 857 975
t 857 976 975
t 857 858 976
t 858 977 976
t 858 859 977
t 859 978 977
t 859 860 978
t 860 979 978
t 860 861 979
t 861 980 979
t 861 862 980
t 862 981 980
t 862 863 981
t 863 982 981
t 863 864 982
t 864 983 982
t 864 865 983
t 865 984 983
t 865 866 984
t 866 985 984
t 866 867 985
t 867 986 985
t 867 868 986
t 868 987 986
t 868 869 987
t 869 988 987
t 869 870 988
t 870 989 988
t 870 871 989
t 871 990 989
t 871 872 990
t 872 991 990
t 872 873 991
t 873 992 991
t 873 874 992
t 874 993 992
t 874 875 993
t 875 994 993
t 875 876 994
t 876 995 994
t 876 877 995
t 877 996 995
t 877 878 996
t 878 997 996
t 878 879 997
t 879 998 997
t 879 880 998
t 880 999 998
t 880 881 999
t 881 1000 999
t 881 882 1000
t 882 1001 1000
t 882 883 1001
t 883 1002 1001
t 883 884 1002
t 884 1003 1002
t 884 885 1003
t 885 1004 1003
t 885 886 1004
t 886 1005 1004
t 886 887 1005
t 887 1006 1005
t 887 888 1006
t 888 1007 1006
t 888 889 1007
t 889 1008 1007
t 889 1009 1008
t 889 123 1009
t 123 1010 1009
t 123 1011 1010
t 123 1012 1011
t 123 1013 1012
t 123 1014 1013
t 123 1015 1014
t 123 1016 1015
t 123 1017 1016
t 123 1018 1017
t 123 1019 1018
t 123 1020 1019
t 123 132 1020
t 9 7 8
t 9 6 7
t 9 5 6
t 9 4 5
t 9 3 4
t 9 2 3
t 9 1 2
t 9 0 1
t 9 171 0
t 9 170 171
t 9 169 170
t 9 168 169
t 9 167 168
t 9 166 167
t 9 165 166
t 9 164 165
t 9 163 164
t 9 162 163
t 9 161 162
t 9 160 161
t 9 159 160
t 9 158 159
t 9 157 158
t 9 156 157
t 9 155 156
t 9 154 155
t 9 153 154
t 9 152 153
t 9 151 152
t 9 150 151
t 9 149 150
t 9 148 149
t 9 147 148
t 9 146 147
t 9 145 146
t 9 144 145
t 132 133 134
t 132 134 135
t 132 135 136
t 132 136 137
t 132 137 138
t 132 138 139
t 132 139 140
t 132 140 141
t 132 141 142
t 9 890 144
t 890 891 144
t 891 892 144
t 892 893 144
t 893 894 144
t 894 895 144
t 895 896 144
t 896 897 144
t 897 898 144
t 898 899 144
t 899 900 144
t 900 901 144
t 901 902 144
t 902 903 144
t 903 904 144
t 904 905 144
t 905 906 144
t 906 907 144
t 907 908 144
t 908 909 144
t 909 910 144
t 910 911 144
t 911 912 144
t 912 913 144
t 913 914 144
t 914 915 144
t 915 916 144
t 916 917 144
t 917 918 144
t 918 919 144
t 919 920 144
t 920 921 144
t 921 922 144
t 922 923 144
t 923 924 144
t 924 925 144
t 925 926 144
t 926 927 144
t 927 928 144
t 928 929 144
t 929 930 144
t 930 931 144
t 931 932 144
t 932 933 144
t 933 934 144
t 934 935 144
t 935 936 144
t 936 937 144
t 937 938 144
t 938 939 144
t 939 940 144
t 940 941 144
t 941 942 144
t 942 943 144
t 943 944 144
t 944 945 144
t 945 946 144
t 946 947 144
t 947 948 144
t 948 949 144
t 949 950 144
t 950 951 144
t 951 952 144
t 952 953 144
t 953 954 144
t 954 955 144
t 955 956 144
t 956 957 144
t 957 958 144
t 958 959 144
t 959 960 144
t 960 961 144
t 961 962 144
t 962 963 144
t 963 964 144
t 964 965 144
t 965 966 144
t 966 967 144
t 967 968 144
t 968 969 144
t 969 970 144
t 970 971 144
t 971 972 144
t 972 973 144
t 973 974 144
t 974 975 144
t 975 976 144
t 976 977 144
t 977 978 144
t 978 979 144
t 979 980 144
t 980 981 144
t 981 982 144
t 982 983 144
t 983 984 144
t 984 985 144
t 985 986 144
t 986 987 144
t 987 988 144
t 988 989 144
t 989 990 144
t 990 991 144
t 991 992 144
t 992 143 144
t 992 993 143
t 993 994 143
t 994 142 143
t 994 995 142
t 995 996 142
t 996 997 142
t 997 998 142
t 998 999 142
t 999 1000 142
t 1000 1001 142
t 1001 1002 142
t 1002 1003 142
t 1003 1004 142
t 1004 1005 142
t 1005 1006 142
t 1006 1007 142
t 1007 1008 142
t 1008 1009 142
t 1009 1010 142
t 1010 1011 142
t 1011 1012 142
t 1012 1013 142
t 1013 1014 142
t 1014 1015 142
t 1015 1016 142
t 1016 1017 142
t 1017 1018 142
t 1018 1019 142
t 1019 1020 142
t 1020 132 142
