type=Nurbs forward=true n_boundary=220 n_holes=0 n_interior=341 n_tris=559 label=brep62542_f26_Nurbs(deg=3/3, cps=4x10)
boundary
b 0.749443726 0.425793079
b 0.749875037 0.433132597
b 0.750339109 0.440486548
b 0.750838136 0.447855266
b 0.751374782 0.455239104
b 0.751951848 0.462638436
b 0.752567579 0.470053617
b 0.753217059 0.477485022
b 0.753895812 0.484933082
b 0.754599960 0.492398288
b 0.755327435 0.499881031
b 0.756083970 0.507380714
b 0.756877351 0.514896328
b 0.757714071 0.522426862
b 0.758599231 0.529971310
b 0.759532762 0.537528628
b 0.760508683 0.545097752
b 0.761519516 0.552677675
b 0.762556651 0.560267451
b 0.763611316 0.567866236
b 0.764684098 0.575473674
b 0.765781810 0.583089693
b 0.766911178 0.590714208
b 0.768078708 0.598347122
b 0.769288056 0.605988283
b 0.770537671 0.613637457
b 0.771825198 0.621294433
b 0.773148070 0.628959024
b 0.774503524 0.636631094
b 0.775888329 0.644311004
b 0.777299519 0.651999611
b 0.778735182 0.659697828
b 0.780194505 0.667406595
b 0.781676198 0.675126847
b 0.783175276 0.682859465
b 0.784686922 0.690605365
b 0.786207417 0.698365512
b 0.787734302 0.706140895
b 0.789274173 0.713930769
b 0.790844089 0.721731619
b 0.792457738 0.729539633
b 0.794124286 0.737350947
b 0.795847551 0.745161644
b 0.797622728 0.752967706
b 0.799439607 0.760765114
b 0.801284031 0.768549889
b 0.803138138 0.776318108
b 0.804987035 0.784067303
b 0.806830348 0.791798419
b 0.808671281 0.799512870
b 0.810514343 0.807212014
b 0.812364852 0.814897142
b 0.814225986 0.822569434
b 0.816100394 0.830230001
b 0.817991721 0.837879913
b 0.819904528 0.845520191
b 0.807597802 0.845502369
b 0.795367727 0.845487718
b 0.783210733 0.845476010
b 0.771123413 0.845467019
b 0.759102504 0.845460516
b 0.747144873 0.845456276
b 0.735247494 0.845454071
b 0.723407435 0.845453673
b 0.711621843 0.845454854
b 0.699887926 0.845457386
b 0.688202936 0.845461042
b 0.676564161 0.845465592
b 0.664968903 0.845470808
b 0.653414471 0.845476460
b 0.641898162 0.845482319
b 0.630417248 0.845488154
b 0.618968968 0.845493735
b 0.607550506 0.845498831
b 0.596158980 0.845503224
b 0.584791341 0.845506862
b 0.573444540 0.845509801
b 0.562115627 0.845512098
b 0.550801739 0.845513810
b 0.539500091 0.845514995
b 0.528207955 0.845515710
b 0.516922655 0.845516013
b 0.505641548 0.845515961
b 0.494362014 0.845515613
b 0.483081443 0.845515026
b 0.471797219 0.845514258
b 0.460506713 0.845513369
b 0.449207263 0.845512416
b 0.437896167 0.845511458
b 0.426570667 0.845510554
b 0.415227935 0.845509762
b 0.403865063 0.845509143
b 0.392479046 0.845508754
b 0.381066802 0.845508624
b 0.369625275 0.845508728
b 0.358151460 0.845509041
b 0.346642389 0.845509535
b 0.335095120 0.845510183
b 0.323506726 0.845510958
b 0.311874279 0.845511834
b 0.300194838 0.845512781
b 0.288465435 0.845513775
b 0.276683063 0.845514785
b 0.264844660 0.845515786
b 0.252947095 0.845516750
b 0.240987151 0.845517648
b 0.228961515 0.845518453
b 0.216866754 0.845519136
b 0.204699304 0.845519671
b 0.192455452 0.845520028
b 0.180131316 0.845520180
b 0.180186422 0.837832877
b 0.180310134 0.830163140
b 0.180449738 0.822505944
b 0.180565506 0.814856188
b 0.180630752 0.807208722
b 0.180627757 0.799558326
b 0.180543739 0.791899690
b 0.180378514 0.784227467
b 0.180145651 0.776536295
b 0.179874443 0.768821794
b 0.179613354 0.761086138
b 0.179406753 0.753334216
b 0.179286429 0.745570971
b 0.179271402 0.737801382
b 0.179365228 0.730030419
b 0.179548211 0.722262948
b 0.179785376 0.714503760
b 0.180029223 0.706757577
b 0.180223652 0.699028742
b 0.180347529 0.691318163
b 0.180408519 0.683624601
b 0.180417823 0.675946839
b 0.180389575 0.668283719
b 0.180339344 0.660634140
b 0.180275171 0.652996966
b 0.180203322 0.645371069
b 0.180132967 0.637755357
b 0.180075768 0.630148805
b 0.180038148 0.622550897
b 0.180019662 0.614961604
b 0.180019531 0.607380935
b 0.180036897 0.599808916
b 0.180070305 0.592245586
b 0.180109315 0.584690923
b 0.180135675 0.577144833
b 0.180131113 0.569607195
b 0.180077961 0.562077882
b 0.179978549 0.554557434
b 0.179863517 0.547047497
b 0.179761413 0.539549898
b 0.179695751 0.532066549
b 0.179684742 0.524599435
b 0.179735045 0.517150571
b 0.179837031 0.509721945
b 0.179974824 0.502315549
b 0.180127394 0.494933383
b 0.180268400 0.487575792
b 0.180373004 0.480239063
b 0.180426877 0.472918873
b 0.180426935 0.465610918
b 0.180381254 0.458310924
b 0.180306313 0.451014648
b 0.180217508 0.443717843
b 0.180137973 0.436416282
b 0.180101990 0.429105792
b 0.191671632 0.429025635
b 0.203084484 0.428946246
b 0.214351022 0.428867606
b 0.225481541 0.428789699
b 0.236486149 0.428712507
b 0.247374767 0.428636014
b 0.258157133 0.428560203
b 0.268842793 0.428485056
b 0.279441114 0.428410558
b 0.289961274 0.428336691
b 0.300412273 0.428263440
b 0.310802929 0.428190788
b 0.321141881 0.428118719
b 0.331437591 0.428047217
b 0.341698347 0.427976267
b 0.351932258 0.427905851
b 0.362147263 0.427835955
b 0.372351123 0.427766562
b 0.382551029 0.427697661
b 0.392749379 0.427629269
b 0.402945462 0.427561423
b 0.413138402 0.427494162
b 0.423327221 0.427427523
b 0.433510857 0.427361544
b 0.443688171 0.427296261
b 0.453857964 0.427231713
b 0.464018996 0.427167935
b 0.474169979 0.427104964
b 0.484309623 0.427042837
b 0.494436612 0.426981589
b 0.504549644 0.426921258
b 0.514647435 0.426861880
b 0.524728730 0.426803489
b 0.534792319 0.426746122
b 0.544837048 0.426689814
b 0.554861828 0.426634601
b 0.564865707 0.426580518
b 0.574850937 0.426527583
b 0.584824711 0.426475786
b 0.594794743 0.426425116
b 0.604768844 0.426375563
b 0.614754941 0.426327115
b 0.624761041 0.426279761
b 0.634795269 0.426233491
b 0.644865834 0.426188294
b 0.654981045 0.426144159
b 0.665149305 0.426101077
b 0.675379112 0.426059036
b 0.685679056 0.426018028
b 0.696057817 0.425978040
b 0.706524165 0.425939064
b 0.717086954 0.425901090
b 0.727755122 0.425864107
b 0.738537684 0.425828107
interior
i 0.259350543 0.478258968
i 0.339429684 0.478258968
i 0.419508825 0.478258968
i 0.499587965 0.478258968
i 0.579667106 0.478258968
i 0.659746247 0.478258968
i 0.739825388 0.478258968
i 0.259350543 0.530724857
i 0.339429684 0.530724857
i 0.419508825 0.530724857
i 0.499587965 0.530724857
i 0.579667106 0.530724857
i 0.659746247 0.530724857
i 0.739825388 0.530724857
i 0.259350543 0.583190746
i 0.339429684 0.583190746
i 0.419508825 0.583190746
i 0.499587965 0.583190746
i 0.579667106 0.583190746
i 0.659746247 0.583190746
i 0.739825388 0.583190746
i 0.259350543 0.635656635
i 0.339429684 0.635656635
i 0.419508825 0.635656635
i 0.499587965 0.635656635
i 0.579667106 0.635656635
i 0.659746247 0.635656635
i 0.739825388 0.635656635
i 0.259350543 0.688122524
i 0.339429684 0.688122524
i 0.419508825 0.688122524
i 0.499587965 0.688122524
i 0.579667106 0.688122524
i 0.659746247 0.688122524
i 0.739825388 0.688122524
i 0.259350543 0.740588413
i 0.339429684 0.740588413
i 0.419508825 0.740588413
i 0.499587965 0.740588413
i 0.579667106 0.740588413
i 0.659746247 0.740588413
i 0.739825388 0.740588413
i 0.259350543 0.793054302
i 0.339429684 0.793054302
i 0.419508825 0.793054302
i 0.499587965 0.793054302
i 0.579667106 0.793054302
i 0.659746247 0.793054302
i 0.739825388 0.793054302
i 0.219310973 0.452026023
i 0.199291188 0.438909551
i 0.239330758 0.438909551
i 0.199291188 0.465142496
i 0.239330758 0.465142496
i 0.219310973 0.504491912
i 0.199291188 0.491375440
i 0.239330758 0.491375440
i 0.199291188 0.517608385
i 0.239330758 0.517608385
i 0.219310973 0.556957801
i 0.199291188 0.543841329
i 0.239330758 0.543841329
i 0.199291188 0.570074274
i 0.239330758 0.570074274
i 0.219310973 0.609423690
i 0.199291188 0.596307218
i 0.239330758 0.596307218
i 0.199291188 0.622540163
i 0.239330758 0.622540163
i 0.219310973 0.661889579
i 0.199291188 0.648773107
i 0.239330758 0.648773107
i 0.199291188 0.675006052
i 0.239330758 0.675006052
i 0.219310973 0.714355469
i 0.199291188 0.701238996
i 0.239330758 0.701238996
i 0.199291188 0.727471941
i 0.239330758 0.727471941
i 0.219310973 0.766821358
i 0.199291188 0.753704885
i 0.239330758 0.753704885
i 0.199291188 0.779937830
i 0.239330758 0.779937830
i 0.219310973 0.819287247
i 0.199291188 0.806170774
i 0.239330758 0.806170774
i 0.199291188 0.832403719
i 0.239330758 0.832403719
i 0.299390113 0.452026023
i 0.279370328 0.438909551
i 0.319409899 0.438909551
i 0.279370328 0.465142496
i 0.319409899 0.465142496
i 0.299390113 0.504491912
i 0.279370328 0.491375440
i 0.319409899 0.491375440
i 0.279370328 0.517608385
i 0.319409899 0.517608385
i 0.299390113 0.556957801
i 0.279370328 0.543841329
i 0.319409899 0.543841329
i 0.279370328 0.570074274
i 0.319409899 0.570074274
i 0.299390113 0.609423690
i 0.279370328 0.596307218
i 0.319409899 0.596307218
i 0.279370328 0.622540163
i 0.319409899 0.622540163
i 0.299390113 0.661889579
i 0.279370328 0.648773107
i 0.319409899 0.648773107
i 0.279370328 0.675006052
i 0.319409899 0.675006052
i 0.299390113 0.714355469
i 0.279370328 0.701238996
i 0.319409899 0.701238996
i 0.279370328 0.727471941
i 0.319409899 0.727471941
i 0.299390113 0.766821358
i 0.279370328 0.753704885
i 0.319409899 0.753704885
i 0.279370328 0.779937830
i 0.319409899 0.779937830
i 0.299390113 0.819287247
i 0.279370328 0.806170774
i 0.319409899 0.806170774
i 0.279370328 0.832403719
i 0.319409899 0.832403719
i 0.379469254 0.452026023
i 0.359449469 0.438909551
i 0.399489039 0.438909551
i 0.359449469 0.465142496
i 0.399489039 0.465142496
i 0.379469254 0.504491912
i 0.359449469 0.491375440
i 0.399489039 0.491375440
i 0.359449469 0.517608385
i 0.399489039 0.517608385
i 0.379469254 0.556957801
i 0.359449469 0.543841329
i 0.399489039 0.543841329
i 0.359449469 0.570074274
i 0.399489039 0.570074274
i 0.379469254 0.609423690
i 0.359449469 0.596307218
i 0.399489039 0.596307218
i 0.359449469 0.622540163
i 0.399489039 0.622540163
i 0.379469254 0.661889579
i 0.359449469 0.648773107
i 0.399489039 0.648773107
i 0.359449469 0.675006052
i 0.399489039 0.675006052
i 0.379469254 0.714355469
i 0.359449469 0.701238996
i 0.399489039 0.701238996
i 0.359449469 0.727471941
i 0.399489039 0.727471941
i 0.379469254 0.766821358
i 0.359449469 0.753704885
i 0.399489039 0.753704885
i 0.359449469 0.779937830
i 0.399489039 0.779937830
i 0.379469254 0.819287247
i 0.359449469 0.806170774
i 0.399489039 0.806170774
i 0.359449469 0.832403719
i 0.399489039 0.832403719
i 0.459548395 0.452026023
i 0.439528610 0.438909551
i 0.479568180 0.438909551
i 0.439528610 0.465142496
i 0.479568180 0.465142496
i 0.459548395 0.504491912
i 0.439528610 0.491375440
i 0.479568180 0.491375440
i 0.439528610 0.517608385
i 0.479568180 0.517608385
i 0.459548395 0.556957801
i 0.439528610 0.543841329
i 0.479568180 0.543841329
i 0.439528610 0.570074274
i 0.479568180 0.570074274
i 0.459548395 0.609423690
i 0.439528610 0.596307218
i 0.479568180 0.596307218
i 0.439528610 0.622540163
i 0.479568180 0.622540163
i 0.459548395 0.661889579
i 0.439528610 0.648773107
i 0.479568180 0.648773107
i 0.439528610 0.675006052
i 0.479568180 0.675006052
i 0.459548395 0.714355469
i 0.439528610 0.701238996
i 0.479568180 0.701238996
i 0.439528610 0.727471941
i 0.479568180 0.727471941
i 0.459548395 0.766821358
i 0.439528610 0.753704885
i 0.479568180 0.753704885
i 0.439528610 0.779937830
i 0.479568180 0.779937830
i 0.459548395 0.819287247
i 0.439528610 0.806170774
i 0.479568180 0.806170774
i 0.439528610 0.832403719
i 0.479568180 0.832403719
i 0.539627536 0.452026023
i 0.519607751 0.438909551
i 0.559647321 0.438909551
i 0.519607751 0.465142496
i 0.559647321 0.465142496
i 0.539627536 0.504491912
i 0.519607751 0.491375440
i 0.559647321 0.491375440
i 0.519607751 0.517608385
i 0.559647321 0.517608385
i 0.539627536 0.556957801
i 0.519607751 0.543841329
i 0.559647321 0.543841329
i 0.519607751 0.570074274
i 0.559647321 0.570074274
i 0.539627536 0.609423690
i 0.519607751 0.596307218
i 0.559647321 0.596307218
i 0.519607751 0.622540163
i 0.559647321 0.622540163
i 0.539627536 0.661889579
i 0.519607751 0.648773107
i 0.559647321 0.648773107
i 0.519607751 0.675006052
i 0.559647321 0.675006052
i 0.539627536 0.714355469
i 0.519607751 0.701238996
i 0.559647321 0.701238996
i 0.519607751 0.727471941
i 0.559647321 0.727471941
i 0.539627536 0.766821358
i 0.519607751 0.753704885
i 0.559647321 0.753704885
i 0.519607751 0.779937830
i 0.559647321 0.779937830
i 0.539627536 0.819287247
i 0.519607751 0.806170774
i 0.559647321 0.806170774
i 0.519607751 0.832403719
i 0.559647321 0.832403719
i 0.619706676 0.452026023
i 0.599686891 0.438909551
i 0.639726462 0.438909551
i 0.599686891 0.465142496
i 0.639726462 0.465142496
i 0.619706676 0.504491912
i 0.599686891 0.491375440
i 0.639726462 0.491375440
i 0.599686891 0.517608385
i 0.639726462 0.517608385
i 0.619706676 0.556957801
i 0.599686891 0.543841329
i 0.639726462 0.543841329
i 0.599686891 0.570074274
i 0.639726462 0.570074274
i 0.619706676 0.609423690
i 0.599686891 0.596307218
i 0.639726462 0.596307218
i 0.599686891 0.622540163
i 0.639726462 0.622540163
i 0.619706676 0.661889579
i 0.599686891 0.648773107
i 0.639726462 0.648773107
i 0.599686891 0.675006052
i 0.639726462 0.675006052
i 0.619706676 0.714355469
i 0.599686891 0.701238996
i 0.639726462 0.701238996
i 0.599686891 0.727471941
i 0.639726462 0.727471941
i 0.619706676 0.766821358
i 0.599686891 0.753704885
i 0.639726462 0.753704885
i 0.599686891 0.779937830
i 0.639726462 0.779937830
i 0.619706676 0.819287247
i 0.599686891 0.806170774
i 0.639726462 0.806170774
i 0.599686891 0.832403719
i 0.639726462 0.832403719
i 0.699785817 0.452026023
i 0.679766032 0.438909551
i 0.719805602 0.438909551
i 0.679766032 0.465142496
i 0.719805602 0.465142496
i 0.699785817 0.504491912
i 0.679766032 0.491375440
i 0.719805602 0.491375440
i 0.679766032 0.517608385
i 0.719805602 0.517608385
i 0.699785817 0.556957801
i 0.679766032 0.543841329
i 0.719805602 0.543841329
i 0.679766032 0.570074274
i 0.719805602 0.570074274
i 0.699785817 0.609423690
i 0.679766032 0.596307218
i 0.719805602 0.596307218
i 0.679766032 0.622540163
i 0.719805602 0.622540163
i 0.699785817 0.661889579
i 0.679766032 0.648773107
i 0.719805602 0.648773107
i 0.679766032 0.675006052
i 0.719805602 0.675006052
i 0.699785817 0.714355469
i 0.679766032 0.701238996
i 0.719805602 0.701238996
i 0.679766032 0.727471941
i 0.719805602 0.727471941
i 0.699785817 0.766821358
i 0.679766032 0.753704885
i 0.719805602 0.753704885
i 0.679766032 0.779937830
i 0.719805602 0.779937830
i 0.699785817 0.819287247
i 0.679766032 0.806170774
i 0.719805602 0.806170774
i 0.679766032 0.832403719
i 0.719805602 0.832403719
i 0.779864958 0.714355469
i 0.759845173 0.701238996
i 0.759845173 0.727471941
i 0.779864958 0.766821358
i 0.759845173 0.753704885
i 0.759845173 0.779937830
i 0.799884743 0.779937830
i 0.779864958 0.819287247
i 0.759845173 0.806170774
i 0.799884743 0.806170774
i 0.759845173 0.832403719
i 0.799884743 0.832403719
tris
t 219 0 1
t 50 59 49
t 54 55 56
t 87 88 10
t 89 128 88
t 91 128 90
t 93 128 92
t 95 128 94
t 97 128 96
t 99 128 345
t 106 116 117
t 107 115 106
t 108 114 307
t 112 108 109
t 109 110 111
t 112 113 108
t 86 11 12
t 12 13 86
t 87 10 11
t 84 14 15
t 138 168 137
t 138 139 168
t 140 141 168
t 168 142 143
t 151 168 150
t 151 152 168
t 153 154 168
t 155 156 168
t 163 164 166
t 164 165 166
t 172 173 174
t 195 132 133
t 7 127 439
t 178 179 180
t 180 181 182
t 182 183 184
t 184 185 186
t 186 187 188
t 188 189 190
t 190 191 192
t 192 193 194
t 195 196 6
t 197 198 6
t 199 200 6
t 201 202 6
t 6 203 204
t 205 206 6
t 207 208 6
t 209 210 6
t 211 212 3
t 213 214 3
t 3 215 216
t 217 218 3
t 219 1 2
t 50 58 59
t 53 54 56
t 69 71 73
t 90 128 89
t 94 128 346
t 98 128 344
t 106 115 116
t 108 113 114
t 112 109 111
t 85 13 14
t 128 9 10
t 140 168 139
t 168 141 142
t 153 168 152
t 154 155 168
t 163 166 167
t 171 172 174
t 130 195 129
t 194 180 182
t 182 184 186
t 186 188 190
t 190 192 194
t 199 6 198
t 201 6 200
t 205 6 204
t 209 6 208
t 213 3 212
t 217 3 216
t 219 2 218
t 53 56 57
t 92 128 91
t 99 127 128
t 100 127 99
t 100 126 127
t 106 117 105
t 107 114 115
t 128 8 9
t 7 195 210
t 143 144 168
t 168 136 137
t 168 149 150
t 156 157 168
t 163 167 162
t 195 133 222
t 182 186 194
t 186 190 194
t 6 202 203
t 207 6 206
t 3 214 215
t 218 2 3
t 53 57 52
t 85 86 13
t 96 128 95
t 86 87 458
t 10 88 239
t 100 125 299
t 105 117 305
t 83 15 16
t 136 168 135
t 168 148 149
t 162 167 161
t 145 178 278
t 130 195 358
t 197 6 196
t 211 3 210
t 52 57 51
t 84 85 461
t 16 82 83
t 105 118 304
t 128 129 195
t 144 145 168
t 157 158 168
t 161 167 270
t 7 210 510
t 214 4 5
t 51 57 560
t 83 84 15
t 104 118 119
t 16 17 82
t 168 134 135
t 168 147 148
t 161 168 160
t 176 145 175
t 145 176 177
t 214 5 6
t 51 58 50
t 101 125 347
t 104 119 120
t 130 182 234
t 146 168 145
t 147 168 146
t 160 168 159
t 175 145 276
t 7 214 6
t 49 59 558
t 101 124 300
t 104 120 103
t 195 131 132
t 168 133 134
t 159 168 158
t 174 145 280
t 48 59 60
t 101 123 124
t 103 120 121
t 82 17 18
t 145 169 269
t 171 145 170
t 48 60 556
t 102 123 101
t 103 121 122
t 145 182 313
t 145 177 178
t 47 60 61
t 82 18 81
t 103 122 102
t 18 19 81
t 47 61 46
t 81 19 80
t 102 122 123
t 19 20 80
t 46 61 45
t 80 20 79
t 20 21 79
t 45 61 62
t 79 21 22
t 79 22 78
t 45 62 44
t 78 22 23
t 78 23 77
t 44 62 557
t 77 23 24
t 77 24 76
t 44 63 43
t 76 24 25
t 76 25 26
t 43 63 42
t 76 26 75
t 75 26 27
t 42 63 64
t 75 27 74
t 74 27 28
t 42 64 41
t 74 28 73
t 73 28 29
t 41 64 548
t 73 29 30
t 73 30 267
t 41 65 40
t 72 30 31
t 40 65 268
t 72 31 542
t 40 66 39
t 71 31 32
t 39 66 553
t 71 32 539
t 38 66 67
t 70 32 33
t 38 67 37
t 70 33 541
t 37 67 68
t 70 34 545
t 37 68 36
t 69 34 261
t 36 68 551
t 69 35 68
t 133 182 320
t 182 195 351
t 133 221 318
t 221 195 353
t 127 195 359
t 195 7 512
t 182 133 284
t 133 145 285
t 182 195 390
t 195 130 323
t 195 210 393
t 210 130 435
t 127 223 293
t 223 7 436
t 127 230 401
t 230 7 477
t 182 228 321
t 130 234 322
t 231 236 402
t 231 127 242
t 88 128 339
t 128 10 445
t 88 238 448
t 238 10 520
t 127 236 366
t 231 242 367
t 128 238 371
t 238 88 421
t 485 239 486
t 88 454 490
t 128 244 372
t 88 250 412
t 88 249 383
t 249 244 373
t 88 244 418
t 251 244 447
t 128 249 296
t 249 88 377
t 88 255 341
t 256 255 337
t 376 257 378
t 250 88 257
t 451 258 455
t 245 88 423
t 34 35 261
t 35 69 261
t 264 249 375
t 257 88 264
t 30 72 267
t 72 73 267
t 65 66 268
t 66 40 268
t 169 170 269
t 170 145 269
t 167 168 270
t 168 161 270
t 145 171 273
t 171 174 273
t 145 174 276
t 174 175 310
t 178 182 311
t 182 145 315
t 145 273 280
t 273 174 280
t 133 227 284
t 182 314 317
t 145 227 285
t 227 133 287
t 133 285 287
t 285 227 287
t 223 230 400
t 230 127 293
t 298 249 336
t 128 294 298
t 296 249 335
t 294 128 296
t 298 294 335
t 128 298 255
t 125 126 299
t 126 100 299
t 124 125 300
t 125 101 300
t 118 104 304
t 104 105 304
t 117 118 305
t 118 105 305
t 114 107 307
t 107 108 307
t 175 276 310
t 276 174 310
t 182 278 311
t 278 178 311
t 182 227 313
t 227 145 313
t 182 284 314
t 284 227 317
t 145 278 315
t 278 182 315
t 182 317 227
t 284 317 314
t 221 222 318
t 133 354 356
t 182 319 322
t 130 319 321
t 182 221 320
t 221 133 320
t 182 321 319
t 130 321 228
t 130 322 319
t 182 322 234
t 130 228 323
t 228 195 323
t 230 293 330
t 223 328 330
t 230 330 328
t 223 330 293
t 336 256 338
t 298 334 337
t 296 335 294
t 298 335 249
t 298 336 334
t 256 336 249
t 337 334 338
t 298 337 255
t 336 338 334
t 337 338 256
t 128 255 340
t 88 339 340
t 128 340 339
t 88 340 255
t 255 256 341
t 256 88 386
t 128 97 344
t 97 98 344
t 128 98 345
t 98 99 345
t 128 93 346
t 93 94 387
t 125 100 347
t 100 101 347
t 195 221 349
t 221 182 349
t 195 349 351
t 349 182 351
t 195 222 353
t 222 221 353
t 133 318 354
t 318 222 356
t 195 228 355
t 228 182 355
t 133 356 222
t 318 356 354
t 195 229 395
t 229 130 358
t 195 223 396
t 127 359 397
t 230 328 365
t 223 363 365
t 127 364 367
t 366 231 403
t 230 365 363
t 223 365 328
t 127 366 364
t 231 366 236
t 367 364 403
t 127 367 242
t 408 238 446
t 244 128 371
t 244 249 372
t 249 128 372
t 373 244 411
t 250 249 373
t 375 250 376
t 378 264 381
t 375 374 381
t 250 375 249
t 257 376 250
t 375 376 374
t 88 256 380
t 256 249 377
t 376 378 374
t 264 378 257
t 377 379 380
t 377 88 379
t 88 380 379
t 377 380 256
t 378 381 374
t 375 381 264
t 88 341 382
t 341 256 382
t 249 264 383
t 264 88 383
t 88 382 386
t 382 256 386
t 94 346 387
t 346 93 387
t 195 355 390
t 355 182 390
t 210 229 432
t 229 195 393
t 195 394 397
t 127 394 396
t 229 358 395
t 358 195 395
t 195 396 394
t 127 396 223
t 127 397 394
t 195 397 359
t 127 399 402
t 401 231 440
t 230 363 400
t 363 223 400
t 127 401 399
t 231 401 230
t 402 399 440
t 127 402 236
t 366 403 364
t 367 403 231
t 244 371 408
t 371 238 408
t 88 409 414
t 373 409 412
t 373 411 409
t 88 411 413
t 88 412 422
t 373 412 250
t 411 244 413
t 244 88 419
t 409 411 414
t 411 88 414
t 244 251 418
t 251 88 418
t 88 413 419
t 413 244 419
t 88 251 421
t 251 238 452
t 412 409 422
t 409 88 422
t 88 258 423
t 258 245 423
t 7 223 472
t 223 195 429
t 229 393 432
t 393 210 432
t 7 230 437
t 223 434 437
t 130 229 435
t 229 210 435
t 7 434 475
t 434 223 436
t 7 437 434
t 223 437 230
t 127 231 441
t 7 439 441
t 401 440 399
t 402 440 231
t 127 441 439
t 7 441 231
t 446 251 450
t 408 444 447
t 10 238 482
t 238 128 445
t 408 446 444
t 251 446 238
t 447 444 450
t 408 447 244
t 88 448 449
t 245 448 238
t 448 245 451
t 88 449 455
t 446 450 444
t 447 450 251
t 258 451 245
t 448 451 449
t 238 421 452
t 421 251 452
t 88 245 457
t 453 245 487
t 88 453 454
t 453 239 490
t 451 455 449
t 88 455 258
t 245 453 457
t 453 88 457
t 87 11 458
t 11 86 458
t 85 14 461
t 14 84 461
t 223 429 472
t 429 7 473
t 7 472 473
t 472 429 473
t 434 436 475
t 436 7 475
t 7 231 477
t 231 230 477
t 445 479 482
t 445 10 479
t 10 482 479
t 445 482 238
t 10 239 483
t 239 238 483
t 245 238 485
t 453 484 486
t 239 485 238
t 485 484 487
t 485 486 484
t 453 486 239
t 453 487 484
t 485 487 245
t 88 490 239
t 453 490 454
t 210 214 510
t 214 7 510
t 7 429 512
t 429 195 512
t 10 483 520
t 483 238 520
t 32 70 539
t 70 71 539
t 33 34 541
t 34 70 541
t 31 71 542
t 71 72 542
t 34 69 545
t 69 70 545
t 64 65 548
t 65 41 548
t 68 35 551
t 35 36 551
t 66 38 553
t 38 39 553
t 60 47 556
t 47 48 556
t 62 63 557
t 63 44 557
t 59 48 558
t 48 49 558
t 57 58 560
t 58 51 560
