type=Nurbs forward=true n_boundary=220 n_holes=0 n_interior=369 n_tris=522 label=brep32629_f86_Nurbs(deg=3/3, cps=4x8)
boundary
b 0.840778772 0.999438284
b 0.825935936 0.998888278
b 0.811409155 0.998349766
b 0.797168993 0.997822529
b 0.783187331 0.997306351
b 0.769437314 0.996801013
b 0.755893309 0.996306297
b 0.742530856 0.995821987
b 0.729326624 0.995347864
b 0.716258374 0.994883711
b 0.703304919 0.994429310
b 0.690446093 0.993984443
b 0.677662725 0.993548893
b 0.664936657 0.993122444
b 0.652255325 0.992705065
b 0.639615746 0.992297087
b 0.627016117 0.991898881
b 0.614454699 0.991510820
b 0.601929767 0.991133274
b 0.589439560 0.990766616
b 0.576982229 0.990411217
b 0.564555794 0.990067449
b 0.552158090 0.989735685
b 0.539786727 0.989416294
b 0.527439037 0.989109651
b 0.515112031 0.988816125
b 0.502802354 0.988536089
b 0.490506209 0.988269907
b 0.478218869 0.988017758
b 0.465935267 0.987779638
b 0.453650811 0.987555534
b 0.441361377 0.987345434
b 0.429063266 0.987149327
b 0.416753166 0.986967198
b 0.404428107 0.986799037
b 0.392085425 0.986644830
b 0.379722720 0.986504565
b 0.367337811 0.986378230
b 0.354928704 0.986265812
b 0.342493538 0.986167299
b 0.330030555 0.986082679
b 0.317536999 0.986011948
b 0.305000837 0.985955176
b 0.292404644 0.985912474
b 0.279730121 0.985883952
b 0.266958119 0.985869719
b 0.254068620 0.985869886
b 0.241040720 0.985884561
b 0.227852598 0.985913856
b 0.214481493 0.985957881
b 0.200903668 0.986016744
b 0.187094379 0.986090557
b 0.173027842 0.986179429
b 0.158677200 0.986283469
b 0.144014491 0.986402789
b 0.144014600 0.967759288
b 0.144014913 0.949141968
b 0.144015409 0.930550814
b 0.144016068 0.911985814
b 0.144016870 0.893446952
b 0.144017795 0.874934214
b 0.144018824 0.856447588
b 0.144019937 0.837987057
b 0.144021112 0.819552609
b 0.144022332 0.801144229
b 0.144023576 0.782761903
b 0.144024823 0.764405617
b 0.144026055 0.746075358
b 0.144027252 0.727771109
b 0.144028394 0.709492859
b 0.144029461 0.691240592
b 0.144030434 0.673014295
b 0.144031292 0.654813953
b 0.144032016 0.636639555
b 0.144032605 0.618491130
b 0.144033068 0.600368728
b 0.144033414 0.582272404
b 0.144033655 0.564202208
b 0.144033799 0.546158194
b 0.144033856 0.528140415
b 0.144033838 0.510148922
b 0.144033753 0.492183768
b 0.144033611 0.474245006
b 0.144033424 0.456332689
b 0.144033200 0.438446868
b 0.144032951 0.420587596
b 0.144032686 0.402754926
b 0.144032416 0.384948911
b 0.144032152 0.367169602
b 0.144031903 0.349417053
b 0.144031680 0.331691315
b 0.144031492 0.313992442
b 0.144031343 0.296320460
b 0.144031230 0.278675362
b 0.144031150 0.261057135
b 0.144031098 0.243465767
b 0.144031072 0.225901245
b 0.144031068 0.208363559
b 0.144031082 0.190852694
b 0.144031112 0.173368641
b 0.144031153 0.155911385
b 0.144031203 0.138480915
b 0.144031259 0.121077220
b 0.144031317 0.103700286
b 0.144031374 0.086350102
b 0.144031427 0.069026655
b 0.144031474 0.051729934
b 0.144031511 0.034459925
b 0.144031535 0.017216618
b 0.144031544 0.000000000
b 0.158687852 -0.000154206
b 0.173031263 -0.000292991
b 0.187089702 -0.000416473
b 0.200889972 -0.000524774
b 0.214457792 -0.000618010
b 0.227817831 -0.000696303
b 0.240993737 -0.000759772
b 0.254008177 -0.000808535
b 0.266882865 -0.000842712
b 0.279638594 -0.000862423
b 0.292295260 -0.000867786
b 0.304871888 -0.000858921
b 0.317386646 -0.000835948
b 0.329856822 -0.000798984
b 0.342294397 -0.000748097
b 0.354702228 -0.000683247
b 0.367082183 -0.000604387
b 0.379436213 -0.000511464
b 0.391766390 -0.000404432
b 0.404074952 -0.000283238
b 0.416364343 -0.000147835
b 0.428637252 0.000001829
b 0.440896652 0.000165801
b 0.453145844 0.000344133
b 0.465388493 0.000536873
b 0.477628670 0.000744072
b 0.489870891 0.000965779
b 0.502120132 0.001202035
b 0.514381128 0.001452700
b 0.526657806 0.001717450
b 0.538953675 0.001995952
b 0.551271886 0.002287876
b 0.563615283 0.002592888
b 0.575986446 0.002910658
b 0.588387731 0.003240853
b 0.600821323 0.003583142
b 0.613289274 0.003937193
b 0.625793559 0.004302673
b 0.638336111 0.004679251
b 0.650918883 0.005066595
b 0.663543884 0.005464373
b 0.676214265 0.005872293
b 0.688942425 0.006290406
b 0.701746180 0.006718939
b 0.714644337 0.007158122
b 0.727656680 0.007608184
b 0.740803999 0.008069354
b 0.754108117 0.008541861
b 0.767591928 0.009025934
b 0.781279438 0.009521803
b 0.795195806 0.010029697
b 0.809367390 0.010549844
b 0.823821795 0.011082475
b 0.838587916 0.011627819
b 0.853695985 0.012186104
b 0.853748076 0.030074910
b 0.853799663 0.047966367
b 0.853850752 0.065860481
b 0.853901351 0.083757254
b 0.853951466 0.101656691
b 0.854001105 0.119558795
b 0.854050272 0.137463569
b 0.854098977 0.155371019
b 0.854147224 0.173281147
b 0.854195022 0.191193957
b 0.854242377 0.209109454
b 0.854289296 0.227027640
b 0.854335786 0.244948520
b 0.854381854 0.262872098
b 0.854427506 0.280798377
b 0.854472750 0.298727361
b 0.854517592 0.316659054
b 0.854562041 0.334593459
b 0.854606101 0.352530581
b 0.854649780 0.370470412
b 0.854693082 0.388412943
b 0.854736010 0.406358161
b 0.854778568 0.424306056
b 0.854820760 0.442256616
b 0.854862590 0.460209831
b 0.854904061 0.478165687
b 0.854945178 0.496124176
b 0.854985945 0.514085285
b 0.855026366 0.532049002
b 0.855066444 0.550015318
b 0.855106183 0.567984219
b 0.855145588 0.585955697
b 0.855184662 0.603929738
b 0.855223410 0.621906332
b 0.855261836 0.639885467
b 0.855299943 0.657867133
b 0.855337735 0.675851317
b 0.855375219 0.693838016
b 0.855412397 0.711827230
b 0.855449273 0.729818965
b 0.855485851 0.747813225
b 0.855522134 0.765810012
b 0.855558125 0.783809330
b 0.855593827 0.801811184
b 0.855629244 0.819815578
b 0.855664379 0.837822514
b 0.855699235 0.855831997
b 0.855733816 0.873844031
b 0.855768125 0.891858619
b 0.855802165 0.909875765
b 0.855835941 0.927895473
b 0.855869454 0.945917747
b 0.855902708 0.963942590
b 0.855935708 0.981970007
b 0.855968456 1.000000000
interior
i 0.233008737 0.124240687
i 0.322002982 0.124240687
i 0.410997228 0.124240687
i 0.499991473 0.124240687
i 0.588985719 0.124240687
i 0.677979964 0.124240687
i 0.766974210 0.124240687
i 0.233008737 0.249349161
i 0.322002982 0.249349161
i 0.410997228 0.249349161
i 0.499991473 0.249349161
i 0.588985719 0.249349161
i 0.677979964 0.249349161
i 0.766974210 0.249349161
i 0.233008737 0.374457634
i 0.322002982 0.374457634
i 0.410997228 0.374457634
i 0.499991473 0.374457634
i 0.588985719 0.374457634
i 0.677979964 0.374457634
i 0.766974210 0.374457634
i 0.233008737 0.499566107
i 0.322002982 0.499566107
i 0.410997228 0.499566107
i 0.499991473 0.499566107
i 0.588985719 0.499566107
i 0.677979964 0.499566107
i 0.766974210 0.499566107
i 0.233008737 0.624674580
i 0.322002982 0.624674580
i 0.410997228 0.624674580
i 0.499991473 0.624674580
i 0.588985719 0.624674580
i 0.677979964 0.624674580
i 0.766974210 0.624674580
i 0.233008737 0.749783054
i 0.322002982 0.749783054
i 0.410997228 0.749783054
i 0.499991473 0.749783054
i 0.588985719 0.749783054
i 0.677979964 0.749783054
i 0.766974210 0.749783054
i 0.233008737 0.874891527
i 0.322002982 0.874891527
i 0.410997228 0.874891527
i 0.499991473 0.874891527
i 0.588985719 0.874891527
i 0.677979964 0.874891527
i 0.766974210 0.874891527
i 0.188511614 0.061686451
i 0.166263052 0.030409333
i 0.210760175 0.030409333
i 0.166263052 0.092963569
i 0.210760175 0.092963569
i 0.188511614 0.186794924
i 0.166263052 0.155517806
i 0.210760175 0.155517806
i 0.166263052 0.218072042
i 0.210760175 0.218072042
i 0.188511614 0.311903397
i 0.166263052 0.280626279
i 0.210760175 0.280626279
i 0.166263052 0.343180516
i 0.210760175 0.343180516
i 0.188511614 0.437011870
i 0.166263052 0.405734752
i 0.210760175 0.405734752
i 0.166263052 0.468288989
i 0.210760175 0.468288989
i 0.188511614 0.562120344
i 0.166263052 0.530843225
i 0.210760175 0.530843225
i 0.166263052 0.593397462
i 0.210760175 0.593397462
i 0.188511614 0.687228817
i 0.166263052 0.655951699
i 0.210760175 0.655951699
i 0.166263052 0.718505935
i 0.210760175 0.718505935
i 0.188511614 0.812337290
i 0.166263052 0.781060172
i 0.210760175 0.781060172
i 0.166263052 0.843614408
i 0.210760175 0.843614408
i 0.188511614 0.937445763
i 0.166263052 0.906168645
i 0.210760175 0.906168645
i 0.166263052 0.968722882
i 0.210760175 0.968722882
i 0.277505859 0.061686451
i 0.255257298 0.030409333
i 0.299754421 0.030409333
i 0.255257298 0.092963569
i 0.299754421 0.092963569
i 0.277505859 0.186794924
i 0.255257298 0.155517806
i 0.299754421 0.155517806
i 0.255257298 0.218072042
i 0.299754421 0.218072042
i 0.277505859 0.311903397
i 0.255257298 0.280626279
i 0.299754421 0.280626279
i 0.255257298 0.343180516
i 0.299754421 0.343180516
i 0.277505859 0.437011870
i 0.255257298 0.405734752
i 0.299754421 0.405734752
i 0.255257298 0.468288989
i 0.299754421 0.468288989
i 0.277505859 0.562120344
i 0.255257298 0.530843225
i 0.299754421 0.530843225
i 0.255257298 0.593397462
i 0.299754421 0.593397462
i 0.277505859 0.687228817
i 0.255257298 0.655951699
i 0.299754421 0.655951699
i 0.255257298 0.718505935
i 0.299754421 0.718505935
i 0.277505859 0.812337290
i 0.255257298 0.781060172
i 0.299754421 0.781060172
i 0.255257298 0.843614408
i 0.299754421 0.843614408
i 0.277505859 0.937445763
i 0.255257298 0.906168645
i 0.299754421 0.906168645
i 0.255257298 0.968722882
i 0.299754421 0.968722882
i 0.366500105 0.061686451
i 0.344251544 0.030409333
i 0.388748666 0.030409333
i 0.344251544 0.092963569
i 0.388748666 0.092963569
i 0.366500105 0.186794924
i 0.344251544 0.155517806
i 0.388748666 0.155517806
i 0.344251544 0.218072042
i 0.388748666 0.218072042
i 0.366500105 0.311903397
i 0.344251544 0.280626279
i 0.388748666 0.280626279
i 0.344251544 0.343180516
i 0.388748666 0.343180516
i 0.366500105 0.437011870
i 0.344251544 0.405734752
i 0.388748666 0.405734752
i 0.344251544 0.468288989
i 0.388748666 0.468288989
i 0.366500105 0.562120344
i 0.344251544 0.530843225
i 0.388748666 0.530843225
i 0.344251544 0.593397462
i 0.388748666 0.593397462
i 0.366500105 0.687228817
i 0.344251544 0.655951699
i 0.388748666 0.655951699
i 0.344251544 0.718505935
i 0.388748666 0.718505935
i 0.366500105 0.812337290
i 0.344251544 0.781060172
i 0.388748666 0.781060172
i 0.344251544 0.843614408
i 0.388748666 0.843614408
i 0.366500105 0.937445763
i 0.344251544 0.906168645
i 0.388748666 0.906168645
i 0.344251544 0.968722882
i 0.388748666 0.968722882
i 0.455494350 0.061686451
i 0.433245789 0.030409333
i 0.477742912 0.030409333
i 0.433245789 0.092963569
i 0.477742912 0.092963569
i 0.455494350 0.186794924
i 0.433245789 0.155517806
i 0.477742912 0.155517806
i 0.433245789 0.218072042
i 0.477742912 0.218072042
i 0.455494350 0.311903397
i 0.433245789 0.280626279
i 0.477742912 0.280626279
i 0.433245789 0.343180516
i 0.477742912 0.343180516
i 0.455494350 0.437011870
i 0.433245789 0.405734752
i 0.477742912 0.405734752
i 0.433245789 0.468288989
i 0.477742912 0.468288989
i 0.455494350 0.562120344
i 0.433245789 0.530843225
i 0.477742912 0.530843225
i 0.433245789 0.593397462
i 0.477742912 0.593397462
i 0.455494350 0.687228817
i 0.433245789 0.655951699
i 0.477742912 0.655951699
i 0.433245789 0.718505935
i 0.477742912 0.718505935
i 0.455494350 0.812337290
i 0.433245789 0.781060172
i 0.477742912 0.781060172
i 0.433245789 0.843614408
i 0.477742912 0.843614408
i 0.455494350 0.937445763
i 0.433245789 0.906168645
i 0.477742912 0.906168645
i 0.433245789 0.968722882
i 0.477742912 0.968722882
i 0.544488596 0.061686451
i 0.522240035 0.030409333
i 0.566737157 0.030409333
i 0.522240035 0.092963569
i 0.566737157 0.092963569
i 0.544488596 0.186794924
i 0.522240035 0.155517806
i 0.566737157 0.155517806
i 0.522240035 0.218072042
i 0.566737157 0.218072042
i 0.544488596 0.311903397
i 0.522240035 0.280626279
i 0.566737157 0.280626279
i 0.522240035 0.343180516
i 0.566737157 0.343180516
i 0.544488596 0.437011870
i 0.522240035 0.405734752
i 0.566737157 0.405734752
i 0.522240035 0.468288989
i 0.566737157 0.468288989
i 0.544488596 0.562120344
i 0.522240035 0.530843225
i 0.566737157 0.530843225
i 0.522240035 0.593397462
i 0.566737157 0.593397462
i 0.544488596 0.687228817
i 0.522240035 0.655951699
i 0.566737157 0.655951699
i 0.522240035 0.718505935
i 0.566737157 0.718505935
i 0.544488596 0.812337290
i 0.522240035 0.781060172
i 0.566737157 0.781060172
i 0.522240035 0.843614408
i 0.566737157 0.843614408
i 0.544488596 0.937445763
i 0.522240035 0.906168645
i 0.566737157 0.906168645
i 0.522240035 0.968722882
i 0.566737157 0.968722882
i 0.633482842 0.061686451
i 0.611234280 0.030409333
i 0.655731403 0.030409333
i 0.611234280 0.092963569
i 0.655731403 0.092963569
i 0.633482842 0.186794924
i 0.611234280 0.155517806
i 0.655731403 0.155517806
i 0.611234280 0.218072042
i 0.655731403 0.218072042
i 0.633482842 0.311903397
i 0.611234280 0.280626279
i 0.655731403 0.280626279
i 0.611234280 0.343180516
i 0.655731403 0.343180516
i 0.633482842 0.437011870
i 0.611234280 0.405734752
i 0.655731403 0.405734752
i 0.611234280 0.468288989
i 0.655731403 0.468288989
i 0.633482842 0.562120344
i 0.611234280 0.530843225
i 0.655731403 0.530843225
i 0.611234280 0.593397462
i 0.655731403 0.593397462
i 0.633482842 0.687228817
i 0.611234280 0.655951699
i 0.655731403 0.655951699
i 0.611234280 0.718505935
i 0.655731403 0.718505935
i 0.633482842 0.812337290
i 0.611234280 0.781060172
i 0.655731403 0.781060172
i 0.611234280 0.843614408
i 0.655731403 0.843614408
i 0.633482842 0.937445763
i 0.611234280 0.906168645
i 0.655731403 0.906168645
i 0.611234280 0.968722882
i 0.655731403 0.968722882
i 0.722477087 0.061686451
i 0.700228526 0.030409333
i 0.744725649 0.030409333
i 0.700228526 0.092963569
i 0.744725649 0.092963569
i 0.722477087 0.186794924
i 0.700228526 0.155517806
i 0.744725649 0.155517806
i 0.700228526 0.218072042
i 0.744725649 0.218072042
i 0.722477087 0.311903397
i 0.700228526 0.280626279
i 0.744725649 0.280626279
i 0.700228526 0.343180516
i 0.744725649 0.343180516
i 0.722477087 0.437011870
i 0.700228526 0.405734752
i 0.744725649 0.405734752
i 0.700228526 0.468288989
i 0.744725649 0.468288989
i 0.722477087 0.562120344
i 0.700228526 0.530843225
i 0.744725649 0.530843225
i 0.700228526 0.593397462
i 0.744725649 0.593397462
i 0.722477087 0.687228817
i 0.700228526 0.655951699
i 0.744725649 0.655951699
i 0.700228526 0.718505935
i 0.744725649 0.718505935
i 0.722477087 0.812337290
i 0.700228526 0.781060172
i 0.744725649 0.781060172
i 0.700228526 0.843614408
i 0.744725649 0.843614408
i 0.722477087 0.937445763
i 0.700228526 0.906168645
i 0.744725649 0.906168645
i 0.700228526 0.968722882
i 0.744725649 0.968722882
i 0.811471333 0.061686451
i 0.789222771 0.030409333
i 0.833719894 0.030409333
i 0.789222771 0.092963569
i 0.833719894 0.092963569
i 0.811471333 0.186794924
i 0.789222771 0.155517806
i 0.833719894 0.155517806
i 0.789222771 0.218072042
i 0.833719894 0.218072042
i 0.811471333 0.311903397
i 0.789222771 0.280626279
i 0.833719894 0.280626279
i 0.789222771 0.343180516
i 0.833719894 0.343180516
i 0.811471333 0.437011870
i 0.789222771 0.405734752
i 0.833719894 0.405734752
i 0.789222771 0.468288989
i 0.833719894 0.468288989
i 0.811471333 0.562120344
i 0.789222771 0.530843225
i 0.833719894 0.530843225
i 0.789222771 0.593397462
i 0.833719894 0.593397462
i 0.811471333 0.687228817
i 0.789222771 0.655951699
i 0.833719894 0.655951699
i 0.789222771 0.718505935
i 0.833719894 0.718505935
i 0.811471333 0.812337290
i 0.789222771 0.781060172
i 0.833719894 0.781060172
i 0.789222771 0.843614408
i 0.833719894 0.843614408
i 0.811471333 0.937445763
i 0.789222771 0.906168645
i 0.833719894 0.906168645
i 0.789222771 0.968722882
i 0.833719894 0.968722882
tris
t 109 110 589
t 110 111 589
t 111 112 589
t 112 113 589
t 113 114 589
t 114 115 589
t 115 116 589
t 116 117 589
t 117 118 589
t 118 119 589
t 119 120 589
t 120 121 589
t 121 122 589
t 122 123 589
t 123 124 589
t 124 125 589
t 125 126 589
t 126 127 589
t 127 128 589
t 128 597 589
t 128 598 597
t 128 129 598
t 129 599 598
t 129 600 599
t 129 130 600
t 130 601 600
t 130 602 601
t 130 131 602
t 131 603 602
t 131 604 603
t 131 132 604
t 132 605 604
t 132 606 605
t 132 133 606
t 133 607 606
t 133 608 607
t 133 134 608
t 134 609 608
t 134 610 609
t 134 135 610
t 135 611 610
t 135 612 611
t 135 136 612
t 136 613 612
t 136 614 613
t 136 137 614
t 137 615 614
t 137 616 615
t 137 138 616
t 138 617 616
t 138 618 617
t 138 139 618
t 139 619 618
t 139 620 619
t 139 140 620
t 140 621 620
t 140 622 621
t 140 141 622
t 141 623 622
t 141 624 623
t 141 142 624
t 142 625 624
t 142 626 625
t 142 143 626
t 143 627 626
t 143 628 627
t 143 144 628
t 144 629 628
t 144 630 629
t 144 145 630
t 145 631 630
t 145 632 631
t 145 590 632
t 145 146 590
t 146 147 590
t 147 148 590
t 148 149 590
t 149 150 590
t 150 151 590
t 151 152 590
t 152 153 590
t 153 154 590
t 154 155 590
t 155 156 590
t 156 157 590
t 157 158 590
t 158 159 590
t 159 160 590
t 160 161 590
t 161 162 590
t 162 163 590
t 163 164 590
t 109 589 108
t 108 589 107
t 107 589 106
t 106 589 105
t 105 589 104
t 104 589 103
t 103 589 102
t 102 589 101
t 101 589 100
t 100 589 99
t 99 589 98
t 98 589 97
t 97 589 96
t 96 589 95
t 95 589 591
t 164 165 590
t 165 166 590
t 166 167 590
t 167 168 590
t 168 169 590
t 169 170 590
t 170 171 590
t 171 172 590
t 172 173 590
t 173 174 590
t 174 175 590
t 175 176 590
t 176 177 590
t 177 592 590
t 589 597 591
t 597 633 591
t 597 598 633
t 598 634 633
t 598 599 634
t 599 635 634
t 599 600 635
t 600 636 635
t 600 601 636
t 601 637 636
t 601 602 637
t 602 638 637
t 602 603 638
t 603 639 638
t 603 604 639
t 604 640 639
t 604 605 640
t 605 641 640
t 605 606 641
t 606 642 641
t 606 607 642
t 607 643 642
t 607 608 643
t 608 644 643
t 608 609 644
t 609 645 644
t 609 610 645
t 610 646 645
t 610 611 646
t 611 647 646
t 611 612 647
t 612 648 647
t 612 613 648
t 613 649 648
t 613 614 649
t 614 650 649
t 614 615 650
t 615 651 650
t 615 616 651
t 616 652 651
t 616 617 652
t 617 653 652
t 617 618 653
t 618 654 653
t 618 619 654
t 619 655 654
t 619 620 655
t 620 656 655
t 620 621 656
t 621 657 656
t 621 622 657
t 622 658 657
t 622 623 658
t 623 659 658
t 623 624 659
t 624 660 659
t 624 625 660
t 625 661 660
t 625 626 661
t 626 662 661
t 626 627 662
t 627 663 662
t 627 628 663
t 628 664 663
t 628 629 664
t 629 665 664
t 629 630 665
t 630 666 665
t 630 631 666
t 631 667 666
t 631 632 667
t 632 668 667
t 632 590 668
t 590 592 668
t 95 591 94
t 94 591 93
t 93 591 92
t 92 591 91
t 91 591 90
t 90 591 89
t 89 591 88
t 88 591 87
t 87 591 86
t 86 591 85
t 85 591 84
t 84 591 83
t 83 591 82
t 82 591 81
t 81 591 593
t 177 178 592
t 178 179 592
t 179 180 592
t 180 181 592
t 181 182 592
t 182 183 592
t 183 184 592
t 184 185 592
t 185 186 592
t 186 187 592
t 187 188 592
t 188 189 592
t 189 190 592
t 190 191 592
t 191 594 592
t 591 633 593
t 633 634 593
t 634 635 593
t 635 669 593
t 635 636 669
t 636 670 669
t 636 637 670
t 637 671 670
t 637 638 671
t 638 672 671
t 638 639 672
t 639 673 672
t 639 640 673
t 640 674 673
t 640 641 674
t 641 675 674
t 641 642 675
t 642 676 675
t 642 643 676
t 643 677 676
t 643 644 677
t 644 678 677
t 644 645 678
t 645 679 678
t 645 646 679
t 646 680 679
t 646 647 680
t 647 681 680
t 647 648 681
t 648 682 681
t 648 649 682
t 649 683 682
t 649 650 683
t 650 684 683
t 650 651 684
t 651 685 684
t 651 652 685
t 652 686 685
t 652 653 686
t 653 687 686
t 653 654 687
t 654 688 687
t 654 655 688
t 655 689 688
t 655 656 689
t 656 690 689
t 656 657 690
t 657 691 690
t 657 658 691
t 658 692 691
t 658 659 692
t 659 693 692
t 659 660 693
t 660 694 693
t 660 661 694
t 661 695 694
t 661 662 695
t 662 696 695
t 662 663 696
t 663 697 696
t 663 664 697
t 664 698 697
t 664 665 698
t 665 699 698
t 665 666 699
t 666 700 699
t 666 667 700
t 667 701 700
t 667 668 701
t 668 702 701
t 668 594 702
t 668 592 594
t 81 593 80
t 80 593 79
t 79 593 78
t 78 593 77
t 77 593 76
t 76 593 75
t 75 593 74
t 74 593 73
t 73 593 72
t 72 593 71
t 71 593 70
t 70 593 69
t 69 593 68
t 68 593 67
t 67 593 595
t 191 192 594
t 192 193 594
t 193 194 594
t 194 195 594
t 195 196 594
t 196 197 594
t 197 198 594
t 198 199 594
t 199 200 594
t 200 201 594
t 201 202 594
t 202 203 594
t 203 204 594
t 204 205 594
t 205 596 594
t 593 703 595
t 593 704 703
t 593 669 704
t 669 705 704
t 669 670 705
t 670 706 705
t 670 671 706
t 671 707 706
t 671 672 707
t 672 708 707
t 672 673 708
t 673 709 708
t 673 674 709
t 674 710 709
t 674 675 710
t 675 711 710
t 675 676 711
t 676 712 711
t 676 677 712
t 677 713 712
t 677 678 713
t 678 714 713
t 678 679 714
t 679 715 714
t 679 680 715
t 680 716 715
t 680 681 716
t 681 717 716
t 681 682 717
t 682 718 717
t 682 683 718
t 683 719 718
t 683 684 719
t 684 720 719
t 684 685 720
t 685 721 720
t 685 686 721
t 686 722 721
t 686 687 722
t 687 723 722
t 687 688 723
t 688 724 723
t 688 689 724
t 689 725 724
t 689 690 725
t 690 726 725
t 690 691 726
t 691 727 726
t 691 692 727
t 692 728 727
t 692 693 728
t 693 729 728
t 693 694 729
t 694 730 729
t 694 695 730
t 695 731 730
t 695 696 731
t 696 732 731
t 696 697 732
t 697 733 732
t 697 698 733
t 698 734 733
t 698 699 734
t 699 735 734
t 699 700 735
t 700 736 735
t 700 701 736
t 701 737 736
t 701 702 737
t 702 738 737
t 702 594 738
t 594 739 738
t 594 740 739
t 594 596 740
t 67 595 66
t 66 595 65
t 65 595 64
t 64 595 63
t 63 595 62
t 62 595 61
t 61 595 60
t 60 595 59
t 59 595 58
t 58 595 57
t 57 595 56
t 56 595 55
t 55 595 54
t 205 206 596
t 206 207 596
t 207 208 596
t 208 209 596
t 209 210 596
t 210 211 596
t 211 212 596
t 212 213 596
t 213 214 596
t 214 215 596
t 215 216 596
t 216 217 596
t 217 218 596
t 218 219 596
t 595 53 54
t 595 52 53
t 595 51 52
t 595 50 51
t 595 49 50
t 595 48 49
t 595 47 48
t 595 46 47
t 595 45 46
t 595 44 45
t 595 43 44
t 595 42 43
t 595 41 42
t 595 40 41
t 595 39 40
t 595 38 39
t 595 37 38
t 595 36 37
t 595 703 36
t 703 704 36
t 704 35 36
t 704 705 35
t 705 706 35
t 706 34 35
t 706 707 34
t 707 708 34
t 708 33 34
t 708 709 33
t 709 710 33
t 710 32 33
t 710 711 32
t 711 712 32
t 712 31 32
t 712 713 31
t 713 714 31
t 714 30 31
t 714 715 30
t 715 716 30
t 716 29 30
t 716 717 29
t 717 718 29
t 718 28 29
t 718 719 28
t 719 720 28
t 720 27 28
t 720 721 27
t 721 722 27
t 722 26 27
t 722 723 26
t 723 724 26
t 724 25 26
t 724 725 25
t 725 726 25
t 726 24 25
t 726 727 24
t 727 728 24
t 728 23 24
t 728 729 23
t 729 730 23
t 730 22 23
t 730 731 22
t 731 732 22
t 732 21 22
t 732 733 21
t 733 734 21
t 734 20 21
t 734 735 20
t 735 736 20
t 736 19 20
t 736 737 19
t 737 738 19
t 738 18 19
t 738 739 18
t 739 740 18
t 740 17 18
t 740 596 17
t 596 16 17
t 596 15 16
t 596 14 15
t 596 13 14
t 596 12 13
t 596 11 12
t 596 10 11
t 596 9 10
t 596 8 9
t 596 7 8
t 596 6 7
t 596 5 6
t 596 4 5
t 596 3 4
t 596 2 3
t 596 1 2
t 596 0 1
t 596 219 0
