type=Nurbs forward=false n_boundary=208 n_holes=0 n_interior=113 n_tris=212 label=brep62542_f120_Nurbs(deg=3/3, cps=7x8)
boundary
b 1.000000000 -0.000134528
b 1.000000000 0.023124653
b 1.000000000 0.046383835
b 1.000000000 0.069643017
b 1.000000000 0.092902198
b 1.000000000 0.116161380
b 1.000000000 0.139420562
b 1.000000000 0.162679744
b 1.000000000 0.185938925
b 1.000000000 0.209198107
b 1.000000000 0.232457289
b 1.000000000 0.255716470
b 1.000000000 0.278975652
b 1.000000000 0.302234834
b 1.000000000 0.325494015
b 1.000000000 0.348753197
b 1.000000000 0.372012379
b 1.000000000 0.395271561
b 1.000000000 0.418530742
b 1.000000000 0.441789924
b 1.000000000 0.465049106
b 1.000000000 0.488308287
b 1.000000000 0.511567469
b 1.000000000 0.534826651
b 1.000000000 0.558085832
b 1.000000000 0.581345014
b 1.000000000 0.604604196
b 1.000000000 0.627863377
b 1.000000000 0.651122559
b 1.000000000 0.674381741
b 1.000000000 0.697640923
b 1.000000000 0.720900104
b 1.000000000 0.744159286
b 1.000000000 0.767418468
b 1.000000000 0.790677649
b 1.000000000 0.813936831
b 1.000000000 0.837196013
b 1.000000000 0.860455194
b 1.000000000 0.883714376
b 1.000000000 0.906973558
b 1.000000000 0.930232740
b 1.000000000 0.953491921
b 1.000000000 0.976751103
b 0.999999999 1.000010285
b 0.981818219 1.000010301
b 0.963636438 1.000010350
b 0.945454658 1.000010423
b 0.927272877 1.000010514
b 0.909091096 1.000010615
b 0.890909314 1.000010721
b 0.872727532 1.000010823
b 0.854545750 1.000010914
b 0.836363967 1.000010988
b 0.818182184 1.000011036
b 0.800000400 1.000011053
b 0.781818616 1.000011029
b 0.763636831 1.000010959
b 0.745455046 1.000010835
b 0.727273260 1.000010648
b 0.709091474 1.000010392
b 0.690909688 1.000010060
b 0.672727902 1.000009643
b 0.654546116 1.000009134
b 0.636364329 1.000008525
b 0.618182543 1.000007809
b 0.600000757 1.000006978
b 0.581818972 1.000006024
b 0.563637187 1.000004939
b 0.545455402 1.000003716
b 0.527273619 1.000002346
b 0.509091836 1.000000822
b 0.490910054 0.999999137
b 0.472728273 0.999997293
b 0.454546493 0.999995307
b 0.436364714 0.999993194
b 0.418182935 0.999990971
b 0.400001157 0.999988654
b 0.381819380 0.999986258
b 0.363637602 0.999983801
b 0.345455825 0.999981297
b 0.327274048 0.999978764
b 0.309092270 0.999976218
b 0.290910492 0.999973675
b 0.272728714 0.999971152
b 0.254546934 0.999968665
b 0.236365154 0.999966231
b 0.218183373 0.999963867
b 0.200001590 0.999961590
b 0.181819807 0.999959415
b 0.163638022 0.999957361
b 0.145456235 0.999955444
b 0.127274447 0.999953681
b 0.109092657 0.999952089
b 0.090910865 0.999950686
b 0.072729072 0.999949488
b 0.054547277 0.999948513
b 0.036365481 0.999947779
b 0.018183683 0.999947302
b 0.000001884 0.999947101
b 0.000002055 0.982269963
b 0.000002192 0.964571646
b 0.000002297 0.946852189
b 0.000002374 0.929111633
b 0.000002424 0.911350016
b 0.000002450 0.893567376
b 0.000002452 0.875763752
b 0.000002433 0.857939178
b 0.000002393 0.840093690
b 0.000002333 0.822227323
b 0.000002252 0.804340110
b 0.000002151 0.786432083
b 0.000002030 0.768503272
b 0.000001887 0.750553707
b 0.000001722 0.732583417
b 0.000001533 0.714592428
b 0.000001318 0.696580767
b 0.000001075 0.678548457
b 0.000000803 0.660495542
b 0.000000505 0.642422302
b 0.000000191 0.624329174
b -0.000000127 0.606216596
b -0.000000439 0.588085008
b -0.000000737 0.569934851
b -0.000001013 0.551766566
b -0.000001262 0.533580592
b -0.000001478 0.515377370
b -0.000001658 0.497157341
b -0.000001799 0.478920945
b -0.000001899 0.460668621
b -0.000001960 0.442400808
b -0.000001982 0.424117943
b -0.000001967 0.405820465
b -0.000001919 0.387508809
b -0.000001842 0.369183410
b -0.000001742 0.350844701
b -0.000001627 0.332493112
b -0.000001505 0.314128908
b -0.000001380 0.295752103
b -0.000001253 0.277362687
b -0.000001126 0.258960650
b -0.000001000 0.240545982
b -0.000000877 0.222118671
b -0.000000757 0.203678706
b -0.000000642 0.185226075
b -0.000000532 0.166760764
b -0.000000430 0.148282761
b -0.000000336 0.129792051
b -0.000000252 0.111288620
b -0.000000178 0.092772452
b -0.000000116 0.074243532
b -0.000000066 0.055701844
b -0.000000029 0.037147371
b -0.000000007 0.018580096
b -0.000000000 -0.000000000
b 0.018181070 0.000000024
b 0.036362190 0.000000090
b 0.054543363 0.000000186
b 0.072724588 0.000000300
b 0.090905869 0.000000419
b 0.109087206 0.000000534
b 0.127268602 0.000000632
b 0.145450058 0.000000702
b 0.163631575 0.000000733
b 0.181813156 0.000000714
b 0.199994803 0.000000632
b 0.218176517 0.000000478
b 0.236358301 0.000000240
b 0.254540156 -0.000000093
b 0.272722083 -0.000000517
b 0.290904076 -0.000001001
b 0.309086130 -0.000001512
b 0.327268239 -0.000002015
b 0.345450398 -0.000002476
b 0.363632602 -0.000002862
b 0.381814844 -0.000003140
b 0.399997120 -0.000003275
b 0.418179424 -0.000003235
b 0.436361751 -0.000002987
b 0.454544095 -0.000002497
b 0.472726452 -0.000001733
b 0.490908817 -0.000000661
b 0.509091183 0.000000747
b 0.527273548 0.000002447
b 0.545455904 0.000004319
b 0.563638249 0.000006239
b 0.581820575 0.000008085
b 0.600002879 0.000009734
b 0.618185155 0.000011066
b 0.636367397 0.000011957
b 0.654549600 0.000012287
b 0.672731759 0.000011935
b 0.690913869 0.000010778
b 0.709095923 0.000008696
b 0.727277917 0.000005567
b 0.745459844 0.000001271
b 0.763641700 -0.000004289
b 0.781823484 -0.000010980
b 0.800005199 -0.000018556
b 0.818186846 -0.000026771
b 0.836368427 -0.000035375
b 0.854549944 -0.000044124
b 0.872731399 -0.000052770
b 0.890912794 -0.000061066
b 0.909094131 -0.000068766
b 0.927275410 -0.000075623
b 0.945456634 -0.000081391
b 0.963637805 -0.000085823
b 0.981818924 -0.000088670
interior
i 0.124998266 0.124883669
i 0.249998514 0.124883669
i 0.374998761 0.124883669
i 0.499999009 0.124883669
i 0.624999257 0.124883669
i 0.749999505 0.124883669
i 0.874999752 0.124883669
i 0.124998266 0.249901867
i 0.249998514 0.249901867
i 0.374998761 0.249901867
i 0.499999009 0.249901867
i 0.624999257 0.249901867
i 0.749999505 0.249901867
i 0.874999752 0.249901867
i 0.124998266 0.374920064
i 0.249998514 0.374920064
i 0.374998761 0.374920064
i 0.499999009 0.374920064
i 0.624999257 0.374920064
i 0.749999505 0.374920064
i 0.874999752 0.374920064
i 0.124998266 0.499938262
i 0.249998514 0.499938262
i 0.374998761 0.499938262
i 0.499999009 0.499938262
i 0.624999257 0.499938262
i 0.749999505 0.499938262
i 0.874999752 0.499938262
i 0.124998266 0.624956460
i 0.249998514 0.624956460
i 0.374998761 0.624956460
i 0.499999009 0.624956460
i 0.624999257 0.624956460
i 0.749999505 0.624956460
i 0.874999752 0.624956460
i 0.124998266 0.749974657
i 0.249998514 0.749974657
i 0.374998761 0.749974657
i 0.499999009 0.749974657
i 0.624999257 0.749974657
i 0.749999505 0.749974657
i 0.874999752 0.749974657
i 0.124998266 0.874992855
i 0.249998514 0.874992855
i 0.374998761 0.874992855
i 0.499999009 0.874992855
i 0.624999257 0.874992855
i 0.749999505 0.874992855
i 0.874999752 0.874992855
i 0.062498142 0.062374570
i 0.062498142 0.187392768
i 0.062498142 0.312410966
i 0.062498142 0.437429163
i 0.062498142 0.562447361
i 0.062498142 0.687465558
i 0.062498142 0.812483756
i 0.062498142 0.937501954
i 0.187498390 0.062374570
i 0.187498390 0.187392768
i 0.187498390 0.312410966
i 0.187498390 0.437429163
i 0.187498390 0.562447361
i 0.187498390 0.687465558
i 0.187498390 0.812483756
i 0.187498390 0.937501954
i 0.312498637 0.062374570
i 0.312498637 0.187392768
i 0.312498637 0.312410966
i 0.312498637 0.437429163
i 0.312498637 0.562447361
i 0.312498637 0.687465558
i 0.312498637 0.812483756
i 0.312498637 0.937501954
i 0.437498885 0.062374570
i 0.437498885 0.187392768
i 0.437498885 0.312410966
i 0.437498885 0.437429163
i 0.437498885 0.562447361
i 0.437498885 0.687465558
i 0.437498885 0.812483756
i 0.437498885 0.937501954
i 0.562499133 0.062374570
i 0.562499133 0.187392768
i 0.562499133 0.312410966
i 0.562499133 0.437429163
i 0.562499133 0.562447361
i 0.562499133 0.687465558
i 0.562499133 0.812483756
i 0.562499133 0.937501954
i 0.687499381 0.062374570
i 0.687499381 0.187392768
i 0.687499381 0.312410966
i 0.687499381 0.437429163
i 0.687499381 0.562447361
i 0.687499381 0.687465558
i 0.687499381 0.812483756
i 0.687499381 0.937501954
i 0.812499628 0.062374570
i 0.812499628 0.187392768
i 0.812499628 0.312410966
i 0.812499628 0.437429163
i 0.812499628 0.562447361
i 0.812499628 0.687465558
i 0.812499628 0.812483756
i 0.812499628 0.937501954
i 0.937499876 0.062374570
i 0.937499876 0.187392768
i 0.937499876 0.312410966
i 0.937499876 0.437429163
i 0.937499876 0.562447361
i 0.937499876 0.687465558
i 0.937499876 0.812483756
i 0.937499876 0.937501954
tris
t 153 154 152
t 154 151 152
t 154 150 151
t 154 149 150
t 154 148 149
t 154 147 148
t 154 146 147
t 154 145 146
t 154 144 145
t 154 143 144
t 154 142 143
t 154 141 142
t 154 140 141
t 154 139 140
t 154 138 139
t 154 137 138
t 154 136 137
t 154 135 136
t 154 134 135
t 154 133 134
t 154 132 133
t 154 131 132
t 154 130 131
t 154 129 130
t 154 128 129
t 154 127 128
t 154 126 127
t 154 125 126
t 154 124 125
t 154 123 124
t 154 122 123
t 154 121 122
t 154 120 121
t 154 119 120
t 154 118 119
t 154 117 118
t 154 116 117
t 154 115 116
t 154 114 115
t 154 113 114
t 154 112 113
t 154 111 112
t 154 110 111
t 154 109 110
t 154 108 109
t 154 107 108
t 154 106 107
t 154 105 106
t 154 104 105
t 154 103 104
t 154 102 103
t 154 101 102
t 154 100 101
t 154 99 100
t 154 155 99
t 155 156 99
t 156 157 99
t 157 158 99
t 158 159 99
t 159 160 99
t 160 161 99
t 161 162 99
t 162 163 99
t 163 164 99
t 164 165 99
t 165 166 99
t 166 321 99
t 166 167 321
t 167 168 321
t 168 169 321
t 169 170 321
t 170 171 321
t 171 172 321
t 172 173 321
t 173 174 321
t 174 175 321
t 175 176 321
t 176 177 321
t 177 178 321
t 178 179 321
t 179 180 321
t 180 322 321
t 180 181 322
t 181 182 322
t 182 183 322
t 183 184 322
t 184 185 322
t 185 186 322
t 186 187 322
t 187 188 322
t 188 189 322
t 189 190 322
t 190 191 322
t 191 192 322
t 192 193 322
t 193 194 322
t 194 323 322
t 194 195 323
t 195 196 323
t 196 197 323
t 197 198 323
t 198 199 323
t 199 200 323
t 200 201 323
t 201 202 323
t 202 203 323
t 203 204 323
t 204 205 323
t 205 206 323
t 206 207 323
t 207 42 323
t 207 41 42
t 207 40 41
t 207 39 40
t 207 38 39
t 207 37 38
t 207 36 37
t 207 35 36
t 207 34 35
t 207 33 34
t 207 32 33
t 207 31 32
t 207 30 31
t 207 29 30
t 207 28 29
t 207 27 28
t 207 26 27
t 207 25 26
t 207 24 25
t 207 23 24
t 207 22 23
t 207 21 22
t 207 20 21
t 207 19 20
t 207 18 19
t 207 17 18
t 207 16 17
t 207 15 16
t 207 14 15
t 207 13 14
t 207 12 13
t 207 11 12
t 207 10 11
t 207 9 10
t 207 8 9
t 207 7 8
t 207 6 7
t 207 5 6
t 207 4 5
t 207 3 4
t 207 2 3
t 207 1 2
t 207 0 1
t 99 321 98
t 321 97 98
t 321 96 97
t 321 95 96
t 321 94 95
t 321 93 94
t 321 92 93
t 321 91 92
t 321 90 91
t 321 89 90
t 321 88 89
t 321 87 88
t 321 86 87
t 321 85 86
t 321 84 85
t 321 83 84
t 321 82 83
t 321 81 82
t 321 80 81
t 321 79 80
t 321 78 79
t 321 77 78
t 321 76 77
t 321 75 76
t 321 74 75
t 321 73 74
t 321 72 73
t 321 71 72
t 321 322 71
t 322 70 71
t 322 69 70
t 322 68 69
t 322 67 68
t 322 66 67
t 322 65 66
t 322 64 65
t 322 63 64
t 322 62 63
t 322 61 62
t 322 60 61
t 322 59 60
t 322 58 59
t 322 57 58
t 322 323 57
t 323 56 57
t 323 55 56
t 323 54 55
t 323 53 54
t 323 52 53
t 323 51 52
t 323 50 51
t 323 49 50
t 323 48 49
t 323 47 48
t 323 46 47
t 323 45 46
t 323 44 45
t 323 43 44
t 323 42 43
