type=Cone forward=true n_boundary=172 n_holes=0 n_interior=94 n_tris=263 label=brep32629_f66_Cone
boundary
b 4.633976213 0.018000000
b 4.633365613 0.018000000
b 4.632755014 0.018000000
b 4.632144415 0.018000000
b 4.631533816 0.018000000
b 4.630923216 0.018000000
b 4.630312617 0.018000000
b 4.629702018 0.018000000
b 4.629091418 0.018000000
b 4.628480819 0.018000000
b 4.627870220 0.018000000
b 4.627259620 0.018000000
b 4.626649021 0.018000000
b 4.626038422 0.018000000
b 4.625427822 0.018000000
b 4.624817223 0.018000000
b 4.624206624 0.018000000
b 4.623596024 0.018000000
b 4.622985425 0.018000000
b 4.622374826 0.018000000
b 4.621764226 0.018000000
b 4.621153627 0.018000000
b 4.620543028 0.018000000
b 4.619932429 0.018000000
b 4.619321829 0.018000000
b 4.618711230 0.018000000
b 4.618100631 0.018000000
b 4.617490031 0.018000000
b 4.616879432 0.018000000
b 4.616268833 0.018000000
b 4.615658233 0.018000000
b 4.615397631 0.017320248
b 4.615135243 0.016641425
b 4.614871053 0.015963530
b 4.614605043 0.015286563
b 4.614337195 0.014610524
b 4.614067492 0.013935412
b 4.613795916 0.013261226
b 4.613522448 0.012587967
b 4.613247070 0.011915634
b 4.612969762 0.011244225
b 4.612690506 0.010573742
b 4.612409283 0.009904183
b 4.612126072 0.009235548
b 4.611840855 0.008567837
b 4.611553610 0.007901048
b 4.611264318 0.007235182
b 4.610972957 0.006570238
b 4.610679507 0.005906216
b 4.610383947 0.005243115
b 4.610086254 0.004580936
b 4.609786408 0.003919682
b 4.609484387 0.003259355
b 4.609180167 0.002599957
b 4.608873727 0.001941490
b 4.608565043 0.001283956
b 4.608254093 0.000627357
b 4.607940852 -0.000028304
b 4.607625298 -0.000683025
b 4.607307406 -0.001336805
b 4.606987151 -0.001989641
b 4.606664509 -0.002641530
b 4.606339455 -0.003292472
b 4.606011962 -0.003942463
b 4.605682007 -0.004591501
b 4.605349562 -0.005239585
b 4.605014601 -0.005886712
b 4.604677097 -0.006532880
b 4.604337023 -0.007178088
b 4.603994349 -0.007822336
b 4.603649049 -0.008465624
b 4.603301091 -0.009107953
b 4.602950447 -0.009749323
b 4.602597087 -0.010389734
b 4.602240979 -0.011029187
b 4.601882092 -0.011667681
b 4.601520396 -0.012305218
b 4.601155858 -0.012941797
b 4.600788446 -0.013577420
b 4.600418127 -0.014212085
b 4.600044866 -0.014845793
b 4.599668631 -0.015478546
b 4.599289387 -0.016110343
b 4.598907099 -0.016741184
b 4.598521731 -0.017371069
b 4.598133248 -0.018000000
b 4.599874491 -0.018000000
b 4.601615734 -0.018000000
b 4.603356977 -0.018000000
b 4.605098221 -0.018000000
b 4.606839464 -0.018000000
b 4.608580707 -0.018000000
b 4.610321950 -0.018000000
b 4.612063194 -0.018000000
b 4.613804437 -0.018000000
b 4.615545680 -0.018000000
b 4.617286923 -0.018000000
b 4.619028166 -0.018000000
b 4.620769410 -0.018000000
b 4.622510653 -0.018000000
b 4.624251896 -0.018000000
b 4.625993139 -0.018000000
b 4.627734383 -0.018000000
b 4.629475626 -0.018000000
b 4.631216869 -0.018000000
b 4.632958112 -0.018000000
b 4.634699356 -0.018000000
b 4.636440599 -0.018000000
b 4.638181842 -0.018000000
b 4.639923085 -0.018000000
b 4.641664329 -0.018000000
b 4.643405572 -0.018000000
b 4.645146815 -0.018000000
b 4.646888058 -0.018000000
b 4.648629301 -0.018000000
b 4.650370545 -0.018000000
b 4.652111788 -0.018000000
b 4.651723919 -0.017372069
b 4.651339132 -0.016743147
b 4.650957391 -0.016113233
b 4.650578662 -0.015482326
b 4.650202911 -0.014850426
b 4.649830104 -0.014217533
b 4.649460207 -0.013583648
b 4.649093188 -0.012948768
b 4.648729015 -0.012312895
b 4.648367657 -0.011676027
b 4.648009081 -0.011038165
b 4.647653257 -0.010399309
b 4.647300155 -0.009759457
b 4.646949745 -0.009118610
b 4.646601996 -0.008476768
b 4.646256881 -0.007833929
b 4.645914371 -0.007190095
b 4.645574437 -0.006545264
b 4.645237051 -0.005899436
b 4.644902187 -0.005252613
b 4.644569818 -0.004604797
b 4.644239919 -0.003955989
b 4.643912463 -0.003306192
b 4.643587425 -0.002655407
b 4.643264781 -0.002003638
b 4.642944506 -0.001350885
b 4.642626575 -0.000697151
b 4.642310964 -0.000042438
b 4.641997651 0.000613253
b 4.641686610 0.001269918
b 4.641377820 0.001927556
b 4.641071258 0.002586166
b 4.640766901 0.003245744
b 4.640464726 0.003906289
b 4.640164712 0.004567799
b 4.639866838 0.005230271
b 4.639571081 0.005893705
b 4.639277421 0.006558098
b 4.638985838 0.007223451
b 4.638696309 0.007889764
b 4.638408815 0.008557038
b 4.638123337 0.009225274
b 4.637839853 0.009894471
b 4.637558345 0.010564630
b 4.637278793 0.011235752
b 4.637001179 0.011907836
b 4.636725483 0.012580884
b 4.636451687 0.013254896
b 4.636179773 0.013929872
b 4.635909723 0.014605813
b 4.635641519 0.015282718
b 4.635375143 0.015960589
b 4.635110578 0.016639427
b 4.634847806 0.017319230
b 4.634586812 0.018000000
interior
i 4.602631459 -0.015230769
i 4.607129671 -0.015230769
i 4.611627883 -0.015230769
i 4.616126094 -0.015230769
i 4.620624306 -0.015230769
i 4.625122518 -0.015230769
i 4.629620729 -0.015230769
i 4.634118941 -0.015230769
i 4.638617153 -0.015230769
i 4.643115365 -0.015230769
i 4.647613576 -0.015230769
i 4.602631459 -0.012461538
i 4.607129671 -0.012461538
i 4.611627883 -0.012461538
i 4.616126094 -0.012461538
i 4.620624306 -0.012461538
i 4.625122518 -0.012461538
i 4.629620729 -0.012461538
i 4.634118941 -0.012461538
i 4.638617153 -0.012461538
i 4.643115365 -0.012461538
i 4.647613576 -0.012461538
i 4.607129671 -0.009692308
i 4.611627883 -0.009692308
i 4.616126094 -0.009692308
i 4.620624306 -0.009692308
i 4.625122518 -0.009692308
i 4.629620729 -0.009692308
i 4.634118941 -0.009692308
i 4.638617153 -0.009692308
i 4.643115365 -0.009692308
i 4.607129671 -0.006923077
i 4.611627883 -0.006923077
i 4.616126094 -0.006923077
i 4.620624306 -0.006923077
i 4.625122518 -0.006923077
i 4.629620729 -0.006923077
i 4.634118941 -0.006923077
i 4.638617153 -0.006923077
i 4.643115365 -0.006923077
i 4.607129671 -0.004153846
i 4.611627883 -0.004153846
i 4.616126094 -0.004153846
i 4.620624306 -0.004153846
i 4.625122518 -0.004153846
i 4.629620729 -0.004153846
i 4.634118941 -0.004153846
i 4.638617153 -0.004153846
i 4.643115365 -0.004153846
i 4.607129671 -0.001384615
i 4.611627883 -0.001384615
i 4.616126094 -0.001384615
i 4.620624306 -0.001384615
i 4.625122518 -0.001384615
i 4.629620729 -0.001384615
i 4.634118941 -0.001384615
i 4.638617153 -0.001384615
i 4.643115365 -0.001384615
i 4.611627883 0.001384615
i 4.616126094 0.001384615
i 4.620624306 0.001384615
i 4.625122518 0.001384615
i 4.629620729 0.001384615
i 4.634118941 0.001384615
i 4.638617153 0.001384615
i 4.611627883 0.004153846
i 4.616126094 0.004153846
i 4.620624306 0.004153846
i 4.625122518 0.004153846
i 4.629620729 0.004153846
i 4.634118941 0.004153846
i 4.638617153 0.004153846
i 4.611627883 0.006923077
i 4.616126094 0.006923077
i 4.620624306 0.006923077
i 4.625122518 0.006923077
i 4.629620729 0.006923077
i 4.634118941 0.006923077
i 4.638617153 0.006923077
i 4.616126094 0.009692308
i 4.620624306 0.009692308
i 4.625122518 0.009692308
i 4.629620729 0.009692308
i 4.634118941 0.009692308
i 4.616126094 0.012461538
i 4.620624306 0.012461538
i 4.625122518 0.012461538
i 4.629620729 0.012461538
i 4.634118941 0.012461538
i 4.616126094 0.015230769
i 4.620624306 0.015230769
i 4.625122518 0.015230769
i 4.629620729 0.015230769
i 4.634118941 0.015230769
tris
t 264 265 0
t 29 30 31
t 84 85 86
t 115 116 117
t 181 182 183
t 192 193 194
t 201 202 203
t 210 211 212
t 219 220 221
t 228 229 230
t 235 236 237
t 242 243 244
t 249 250 251
t 254 255 256
t 259 260 261
t 263 264 0
t 28 29 31
t 83 84 86
t 114 115 117
t 180 181 183
t 191 192 194
t 200 201 203
t 209 210 212
t 218 219 221
t 227 228 230
t 234 235 237
t 241 242 244
t 248 249 251
t 253 254 256
t 258 259 261
t 262 263 0
t 27 28 31
t 82 83 86
t 113 114 117
t 179 180 183
t 190 191 194
t 199 200 203
t 208 209 212
t 217 218 221
t 226 227 230
t 233 234 237
t 240 241 244
t 247 248 251
t 252 253 256
t 257 258 261
t 261 262 0
t 26 27 31
t 81 82 86
t 112 113 117
t 178 179 183
t 189 190 194
t 198 199 203
t 207 208 212
t 216 217 221
t 225 226 230
t 232 233 237
t 239 240 244
t 246 247 251
t 251 252 256
t 256 257 261
t 261 0 1
t 25 26 31
t 80 81 86
t 111 112 117
t 177 178 183
t 188 189 194
t 197 198 203
t 206 207 212
t 215 216 221
t 224 225 230
t 231 232 237
t 238 239 244
t 245 246 251
t 261 1 2
t 24 25 31
t 79 80 86
t 110 111 117
t 176 177 183
t 187 188 194
t 196 197 203
t 205 206 212
t 214 215 221
t 223 224 230
t 230 231 237
t 237 238 244
t 244 245 251
t 261 2 3
t 23 24 31
t 78 79 86
t 109 110 117
t 170 171 172
t 175 176 183
t 186 187 194
t 195 196 203
t 204 205 212
t 213 214 221
t 222 223 230
t 244 251 256
t 261 3 4
t 22 23 31
t 77 78 86
t 108 109 117
t 169 170 172
t 174 175 183
t 185 186 194
t 194 195 203
t 203 204 212
t 212 213 221
t 244 256 261
t 261 4 5
t 21 22 31
t 76 77 86
t 107 108 117
t 168 169 172
t 173 174 183
t 184 185 194
t 261 5 6
t 20 21 31
t 75 76 86
t 106 107 117
t 167 168 172
t 172 173 183
t 183 184 194
t 261 6 7
t 19 20 31
t 74 75 86
t 105 106 117
t 166 167 172
t 183 194 203
t 261 7 8
t 18 19 31
t 73 74 86
t 104 105 117
t 165 166 172
t 183 203 212
t 261 8 9
t 17 18 31
t 72 73 86
t 103 104 117
t 164 165 172
t 261 9 10
t 16 17 31
t 71 72 86
t 102 103 117
t 163 164 172
t 261 10 11
t 15 16 31
t 70 71 86
t 101 102 117
t 162 163 172
t 261 11 12
t 14 15 31
t 69 70 86
t 100 101 117
t 161 162 172
t 261 12 13
t 13 14 31
t 68 69 86
t 99 100 117
t 160 161 172
t 261 13 31
t 67 68 86
t 98 99 117
t 159 160 172
t 244 261 31
t 66 67 86
t 97 98 117
t 158 159 172
t 244 31 32
t 65 66 86
t 96 97 117
t 157 158 172
t 244 32 33
t 64 65 86
t 95 96 117
t 156 157 172
t 244 33 34
t 63 64 86
t 94 95 117
t 155 156 172
t 244 34 35
t 62 63 86
t 93 94 117
t 154 155 172
t 244 35 36
t 61 62 86
t 92 93 117
t 153 154 172
t 244 36 37
t 60 61 86
t 91 92 117
t 152 153 172
t 183 212 221
t 244 37 38
t 59 60 86
t 90 91 117
t 151 152 172
t 221 222 230
t 244 38 39
t 58 59 86
t 89 90 117
t 150 151 172
t 221 230 237
t 244 39 40
t 57 58 86
t 88 89 117
t 149 150 172
t 244 40 41
t 56 57 86
t 87 88 117
t 148 149 172
t 221 237 244
t 244 41 42
t 55 56 86
t 86 87 117
t 147 148 172
t 244 42 43
t 54 55 86
t 86 117 118
t 146 147 172
t 244 43 44
t 53 54 86
t 86 118 119
t 145 146 172
t 244 44 45
t 52 53 86
t 86 119 120
t 144 145 172
t 244 45 46
t 51 52 86
t 86 120 121
t 143 144 172
t 244 46 47
t 50 51 86
t 86 121 122
t 142 143 172
t 244 47 48
t 86 122 123
t 141 142 172
t 244 48 49
t 86 123 124
t 140 141 172
t 244 49 50
t 86 124 125
t 139 140 172
t 221 244 50
t 86 125 126
t 138 139 172
t 86 126 127
t 137 138 172
t 86 127 128
t 136 137 172
t 86 128 129
t 135 136 172
t 86 129 130
t 134 135 172
t 86 130 131
t 133 134 172
t 86 131 132
t 132 133 172
t 86 132 172
t 86 172 183
t 50 86 183
