type=Nurbs forward=true n_boundary=220 n_holes=0 n_interior=340 n_tris=3922 label=brep62542_f58_Nurbs(deg=3/3, cps=4x10)
boundary
b 0.877614991 0.845511129
b 0.862583304 0.845503600
b 0.847645252 0.845497492
b 0.832796408 0.845492684
b 0.818032490 0.845489054
b 0.803349347 0.845486480
b 0.788742935 0.845484839
b 0.774209300 0.845484009
b 0.759744559 0.845483867
b 0.745344882 0.845484290
b 0.731006477 0.845485156
b 0.716725569 0.845486339
b 0.702498387 0.845487717
b 0.688321146 0.845489165
b 0.674190043 0.845490597
b 0.660101338 0.845491997
b 0.646051400 0.845493360
b 0.632036699 0.845494682
b 0.618053787 0.845495954
b 0.604099280 0.845497173
b 0.590169842 0.845498332
b 0.576262170 0.845499425
b 0.562372976 0.845500445
b 0.548498972 0.845501388
b 0.534636853 0.845502247
b 0.520783282 0.845503016
b 0.506934877 0.845503689
b 0.493088189 0.845504260
b 0.479239732 0.845504734
b 0.465386069 0.845505128
b 0.451523826 0.845505457
b 0.437649676 0.845505740
b 0.423760327 0.845505992
b 0.409852501 0.845506232
b 0.395922920 0.845506475
b 0.381968293 0.845506739
b 0.367985295 0.845507041
b 0.353970554 0.845507399
b 0.339920632 0.845507829
b 0.325832010 0.845508351
b 0.311701072 0.845508981
b 0.297524083 0.845509734
b 0.283297223 0.845510599
b 0.269016674 0.845511549
b 0.254678633 0.845512560
b 0.240279290 0.845513604
b 0.225814819 0.845514657
b 0.211281354 0.845515692
b 0.196674978 0.845516682
b 0.181991700 0.845517601
b 0.167227442 0.845518421
b 0.152378014 0.845519117
b 0.137439102 0.845519660
b 0.122406238 0.845520024
b 0.107274789 0.845520180
b 0.107302937 0.837610511
b 0.107362076 0.829710398
b 0.107421245 0.821814082
b 0.107458889 0.813915719
b 0.107462895 0.806009404
b 0.107427057 0.798089143
b 0.107349903 0.790148849
b 0.107239625 0.782182400
b 0.107117081 0.774186618
b 0.107011876 0.766166099
b 0.106946187 0.758126734
b 0.106932574 0.750074434
b 0.106973901 0.742015113
b 0.107063090 0.733954656
b 0.107178379 0.725898833
b 0.107283365 0.717853222
b 0.107350968 0.709821180
b 0.107383302 0.701802341
b 0.107386666 0.693796009
b 0.107368387 0.685801540
b 0.107336734 0.677818350
b 0.107300830 0.669845909
b 0.107270160 0.661883743
b 0.107248777 0.653931350
b 0.107235699 0.645988300
b 0.107229022 0.638054312
b 0.107227214 0.630129128
b 0.107229157 0.622212504
b 0.107234107 0.614304215
b 0.107241662 0.606404052
b 0.107251717 0.598511823
b 0.107264004 0.590627365
b 0.107276858 0.582750736
b 0.107289094 0.574882202
b 0.107299150 0.567022055
b 0.107304938 0.559170598
b 0.107303813 0.551328145
b 0.107292535 0.543495022
b 0.107267236 0.535671564
b 0.107225304 0.527858206
b 0.107180396 0.520056295
b 0.107145676 0.512267693
b 0.107127983 0.504494301
b 0.107130909 0.496738077
b 0.107154720 0.489001026
b 0.107196272 0.481285196
b 0.107248935 0.473592666
b 0.107302482 0.465924813
b 0.107345953 0.458278562
b 0.107372958 0.450649141
b 0.107376606 0.443031731
b 0.107355787 0.435421506
b 0.107317508 0.427813669
b 0.107276830 0.420203470
b 0.107256816 0.412586221
b 0.121178754 0.412458398
b 0.134935872 0.412331809
b 0.148540096 0.412206424
b 0.162003055 0.412082218
b 0.175336084 0.411959162
b 0.188550226 0.411837230
b 0.201656243 0.411716396
b 0.214664614 0.411596634
b 0.227585541 0.411477919
b 0.240428954 0.411360224
b 0.253204515 0.411243526
b 0.265921618 0.411127798
b 0.278589395 0.411013018
b 0.291216699 0.410899161
b 0.303809889 0.410786224
b 0.316370819 0.410674247
b 0.328900788 0.410563273
b 0.341401056 0.410453345
b 0.353872852 0.410344504
b 0.366317393 0.410236792
b 0.378735885 0.410130250
b 0.391129541 0.410024920
b 0.403499590 0.409920841
b 0.415847286 0.409818053
b 0.428173919 0.409716596
b 0.440480828 0.409616508
b 0.452769406 0.409517830
b 0.465041165 0.409420597
b 0.477298813 0.409324835
b 0.489546169 0.409230555
b 0.501787048 0.409137767
b 0.514025215 0.409046481
b 0.526264388 0.408956707
b 0.538508250 0.408868456
b 0.550760451 0.408781738
b 0.563024614 0.408696564
b 0.575304343 0.408612944
b 0.587603228 0.408530888
b 0.599924852 0.408450407
b 0.612272795 0.408371511
b 0.624650642 0.408294210
b 0.637062252 0.408218516
b 0.649513853 0.408144434
b 0.662013077 0.408071970
b 0.674567824 0.408001129
b 0.687186260 0.407931917
b 0.699876814 0.407864338
b 0.712648189 0.407798400
b 0.725509360 0.407734107
b 0.738469579 0.407671465
b 0.751538385 0.407610480
b 0.764725604 0.407551159
b 0.778041352 0.407493508
b 0.791496049 0.407437533
b 0.805100411 0.407383242
b 0.805545708 0.415033353
b 0.806038111 0.422699777
b 0.806577121 0.430382859
b 0.807162579 0.438082987
b 0.807794706 0.445800589
b 0.808474149 0.453536134
b 0.809201931 0.461290130
b 0.809976649 0.469063076
b 0.810795636 0.476855090
b 0.811660762 0.484665286
b 0.812573864 0.492492636
b 0.813535928 0.500336144
b 0.814547136 0.508194848
b 0.815606910 0.516067827
b 0.816713963 0.523954201
b 0.817866085 0.531853131
b 0.819060470 0.539763838
b 0.820297855 0.547685684
b 0.821579064 0.555618063
b 0.822904415 0.563560389
b 0.824273748 0.571512101
b 0.825686459 0.579472660
b 0.827141536 0.587441554
b 0.828637673 0.595418316
b 0.830175385 0.603402877
b 0.831754743 0.611395547
b 0.833374890 0.619396646
b 0.835035229 0.627406518
b 0.836735434 0.635425533
b 0.838475474 0.643454084
b 0.840255620 0.651492582
b 0.842076456 0.659541460
b 0.843938796 0.667601084
b 0.845842429 0.675671739
b 0.847783919 0.683753627
b 0.849759438 0.691846987
b 0.851765408 0.699952117
b 0.853798543 0.708069370
b 0.855855879 0.716199159
b 0.857935830 0.724341645
b 0.860046371 0.732494024
b 0.862198164 0.740651724
b 0.864396548 0.748810018
b 0.866640712 0.756964051
b 0.868926204 0.765108958
b 0.871245285 0.773239895
b 0.873587086 0.781352051
b 0.875939544 0.789441351
b 0.878299779 0.797507950
b 0.880669744 0.805553558
b 0.883052346 0.813579812
b 0.885449519 0.821588224
b 0.887862499 0.829580199
b 0.890293346 0.837557094
b 0.892744915 0.845520201
interior
i 0.205159116 0.462150362
i 0.303385659 0.462150362
i 0.401612202 0.462150362
i 0.499838744 0.462150362
i 0.598065287 0.462150362
i 0.696291829 0.462150362
i 0.794518372 0.462150362
i 0.205159116 0.516917482
i 0.303385659 0.516917482
i 0.401612202 0.516917482
i 0.499838744 0.516917482
i 0.598065287 0.516917482
i 0.696291829 0.516917482
i 0.794518372 0.516917482
i 0.205159116 0.571684602
i 0.303385659 0.571684602
i 0.401612202 0.571684602
i 0.499838744 0.571684602
i 0.598065287 0.571684602
i 0.696291829 0.571684602
i 0.794518372 0.571684602
i 0.205159116 0.626451722
i 0.303385659 0.626451722
i 0.401612202 0.626451722
i 0.499838744 0.626451722
i 0.598065287 0.626451722
i 0.696291829 0.626451722
i 0.794518372 0.626451722
i 0.205159116 0.681218842
i 0.303385659 0.681218842
i 0.401612202 0.681218842
i 0.499838744 0.681218842
i 0.598065287 0.681218842
i 0.696291829 0.681218842
i 0.794518372 0.681218842
i 0.205159116 0.735985962
i 0.303385659 0.735985962
i 0.401612202 0.735985962
i 0.499838744 0.735985962
i 0.598065287 0.735985962
i 0.696291829 0.735985962
i 0.794518372 0.735985962
i 0.205159116 0.790753082
i 0.303385659 0.790753082
i 0.401612202 0.790753082
i 0.499838744 0.790753082
i 0.598065287 0.790753082
i 0.696291829 0.790753082
i 0.794518372 0.790753082
i 0.156045845 0.434766802
i 0.131489209 0.421075022
i 0.180602481 0.421075022
i 0.131489209 0.448458582
i 0.180602481 0.448458582
i 0.156045845 0.489533922
i 0.131489209 0.475842142
i 0.180602481 0.475842142
i 0.131489209 0.503225702
i 0.180602481 0.503225702
i 0.156045845 0.544301042
i 0.131489209 0.530609262
i 0.180602481 0.530609262
i 0.131489209 0.557992822
i 0.180602481 0.557992822
i 0.156045845 0.599068162
i 0.131489209 0.585376382
i 0.180602481 0.585376382
i 0.131489209 0.612759942
i 0.180602481 0.612759942
i 0.156045845 0.653835282
i 0.131489209 0.640143502
i 0.180602481 0.640143502
i 0.131489209 0.667527062
i 0.180602481 0.667527062
i 0.156045845 0.708602402
i 0.131489209 0.694910622
i 0.180602481 0.694910622
i 0.131489209 0.722294182
i 0.180602481 0.722294182
i 0.156045845 0.763369522
i 0.131489209 0.749677742
i 0.180602481 0.749677742
i 0.131489209 0.777061302
i 0.180602481 0.777061302
i 0.156045845 0.818136641
i 0.131489209 0.804444861
i 0.180602481 0.804444861
i 0.131489209 0.831828421
i 0.180602481 0.831828421
i 0.254272388 0.434766802
i 0.229715752 0.421075022
i 0.278829023 0.421075022
i 0.229715752 0.448458582
i 0.278829023 0.448458582
i 0.254272388 0.489533922
i 0.229715752 0.475842142
i 0.278829023 0.475842142
i 0.229715752 0.503225702
i 0.278829023 0.503225702
i 0.254272388 0.544301042
i 0.229715752 0.530609262
i 0.278829023 0.530609262
i 0.229715752 0.557992822
i 0.278829023 0.557992822
i 0.254272388 0.599068162
i 0.229715752 0.585376382
i 0.278829023 0.585376382
i 0.229715752 0.612759942
i 0.278829023 0.612759942
i 0.254272388 0.653835282
i 0.229715752 0.640143502
i 0.278829023 0.640143502
i 0.229715752 0.667527062
i 0.278829023 0.667527062
i 0.254272388 0.708602402
i 0.229715752 0.694910622
i 0.278829023 0.694910622
i 0.229715752 0.722294182
i 0.278829023 0.722294182
i 0.254272388 0.763369522
i 0.229715752 0.749677742
i 0.278829023 0.749677742
i 0.229715752 0.777061302
i 0.278829023 0.777061302
i 0.254272388 0.818136641
i 0.229715752 0.804444861
i 0.278829023 0.804444861
i 0.229715752 0.831828421
i 0.278829023 0.831828421
i 0.352498930 0.434766802
i 0.327942295 0.421075022
i 0.377055566 0.421075022
i 0.327942295 0.448458582
i 0.377055566 0.448458582
i 0.352498930 0.489533922
i 0.327942295 0.475842142
i 0.377055566 0.475842142
i 0.327942295 0.503225702
i 0.377055566 0.503225702
i 0.352498930 0.544301042
i 0.327942295 0.530609262
i 0.377055566 0.530609262
i 0.327942295 0.557992822
i 0.377055566 0.557992822
i 0.352498930 0.599068162
i 0.327942295 0.585376382
i 0.377055566 0.585376382
i 0.327942295 0.612759942
i 0.377055566 0.612759942
i 0.352498930 0.653835282
i 0.327942295 0.640143502
i 0.377055566 0.640143502
i 0.327942295 0.667527062
i 0.377055566 0.667527062
i 0.352498930 0.708602402
i 0.327942295 0.694910622
i 0.377055566 0.694910622
i 0.327942295 0.722294182
i 0.377055566 0.722294182
i 0.352498930 0.763369522
i 0.327942295 0.749677742
i 0.377055566 0.749677742
i 0.327942295 0.777061302
i 0.377055566 0.777061302
i 0.352498930 0.818136641
i 0.327942295 0.804444861
i 0.377055566 0.804444861
i 0.327942295 0.831828421
i 0.377055566 0.831828421
i 0.450725473 0.434766802
i 0.426168837 0.421075022
i 0.475282109 0.421075022
i 0.426168837 0.448458582
i 0.475282109 0.448458582
i 0.450725473 0.489533922
i 0.426168837 0.475842142
i 0.475282109 0.475842142
i 0.426168837 0.503225702
i 0.475282109 0.503225702
i 0.450725473 0.544301042
i 0.426168837 0.530609262
i 0.475282109 0.530609262
i 0.426168837 0.557992822
i 0.475282109 0.557992822
i 0.450725473 0.599068162
i 0.426168837 0.585376382
i 0.475282109 0.585376382
i 0.426168837 0.612759942
i 0.475282109 0.612759942
i 0.450725473 0.653835282
i 0.426168837 0.640143502
i 0.475282109 0.640143502
i 0.426168837 0.667527062
i 0.475282109 0.667527062
i 0.450725473 0.708602402
i 0.426168837 0.694910622
i 0.475282109 0.694910622
i 0.426168837 0.722294182
i 0.475282109 0.722294182
i 0.450725473 0.763369522
i 0.426168837 0.749677742
i 0.475282109 0.749677742
i 0.426168837 0.777061302
i 0.475282109 0.777061302
i 0.450725473 0.818136641
i 0.426168837 0.804444861
i 0.475282109 0.804444861
i 0.426168837 0.831828421
i 0.475282109 0.831828421
i 0.548952016 0.434766802
i 0.524395380 0.421075022
i 0.573508651 0.421075022
i 0.524395380 0.448458582
i 0.573508651 0.448458582
i 0.548952016 0.489533922
i 0.524395380 0.475842142
i 0.573508651 0.475842142
i 0.524395380 0.503225702
i 0.573508651 0.503225702
i 0.548952016 0.544301042
i 0.524395380 0.530609262
i 0.573508651 0.530609262
i 0.524395380 0.557992822
i 0.573508651 0.557992822
i 0.548952016 0.599068162
i 0.524395380 0.585376382
i 0.573508651 0.585376382
i 0.524395380 0.612759942
i 0.573508651 0.612759942
i 0.548952016 0.653835282
i 0.524395380 0.640143502
i 0.573508651 0.640143502
i 0.524395380 0.667527062
i 0.573508651 0.667527062
i 0.548952016 0.708602402
i 0.524395380 0.694910622
i 0.573508651 0.694910622
i 0.524395380 0.722294182
i 0.573508651 0.722294182
i 0.548952016 0.763369522
i 0.524395380 0.749677742
i 0.573508651 0.749677742
i 0.524395380 0.777061302
i 0.573508651 0.777061302
i 0.548952016 0.818136641
i 0.524395380 0.804444861
i 0.573508651 0.804444861
i 0.524395380 0.831828421
i 0.573508651 0.831828421
i 0.647178558 0.434766802
i 0.622621923 0.421075022
i 0.671735194 0.421075022
i 0.622621923 0.448458582
i 0.671735194 0.448458582
i 0.647178558 0.489533922
i 0.622621923 0.475842142
i 0.671735194 0.475842142
i 0.622621923 0.503225702
i 0.671735194 0.503225702
i 0.647178558 0.544301042
i 0.622621923 0.530609262
i 0.671735194 0.530609262
i 0.622621923 0.557992822
i 0.671735194 0.557992822
i 0.647178558 0.599068162
i 0.622621923 0.585376382
i 0.671735194 0.585376382
i 0.622621923 0.612759942
i 0.671735194 0.612759942
i 0.647178558 0.653835282
i 0.622621923 0.640143502
i 0.671735194 0.640143502
i 0.622621923 0.667527062
i 0.671735194 0.667527062
i 0.647178558 0.708602402
i 0.622621923 0.694910622
i 0.671735194 0.694910622
i 0.622621923 0.722294182
i 0.671735194 0.722294182
i 0.647178558 0.763369522
i 0.622621923 0.749677742
i 0.671735194 0.749677742
i 0.622621923 0.777061302
i 0.671735194 0.777061302
i 0.647178558 0.818136641
i 0.622621923 0.804444861
i 0.671735194 0.804444861
i 0.622621923 0.831828421
i 0.671735194 0.831828421
i 0.745405101 0.434766802
i 0.720848465 0.421075022
i 0.769961736 0.421075022
i 0.720848465 0.448458582
i 0.769961736 0.448458582
i 0.745405101 0.489533922
i 0.720848465 0.475842142
i 0.769961736 0.475842142
i 0.720848465 0.503225702
i 0.769961736 0.503225702
i 0.745405101 0.544301042
i 0.720848465 0.530609262
i 0.769961736 0.530609262
i 0.720848465 0.557992822
i 0.769961736 0.557992822
i 0.745405101 0.599068162
i 0.720848465 0.585376382
i 0.769961736 0.585376382
i 0.720848465 0.612759942
i 0.769961736 0.612759942
i 0.745405101 0.653835282
i 0.720848465 0.640143502
i 0.769961736 0.640143502
i 0.720848465 0.667527062
i 0.769961736 0.667527062
i 0.745405101 0.708602402
i 0.720848465 0.694910622
i 0.769961736 0.694910622
i 0.720848465 0.722294182
i 0.769961736 0.722294182
i 0.745405101 0.763369522
i 0.720848465 0.749677742
i 0.769961736 0.749677742
i 0.720848465 0.777061302
i 0.769961736 0.777061302
i 0.745405101 0.818136641
i 0.720848465 0.804444861
i 0.769961736 0.804444861
i 0.720848465 0.831828421
i 0.769961736 0.831828421
i 0.843631643 0.708602402
i 0.819075008 0.694910622
i 0.819075008 0.722294182
i 0.843631643 0.763369522
i 0.819075008 0.749677742
i 0.819075008 0.777061302
i 0.843631643 0.818136641
i 0.819075008 0.804444861
i 0.868188279 0.804444861
i 0.819075008 0.831828421
i 0.868188279 0.831828421
tris
t 109 110 560
t 110 111 560
t 111 592 560
t 111 593 592
t 111 112 593
t 112 594 593
t 112 595 594
t 112 113 595
t 113 596 595
t 113 597 596
t 113 114 597
t 114 598 597
t 114 599 598
t 114 115 599
t 115 600 599
t 115 601 600
t 115 116 601
t 116 602 601
t 116 603 602
t 116 117 603
t 117 604 603
t 117 605 604
t 117 118 605
t 118 606 605
t 118 607 606
t 118 119 607
t 119 608 607
t 119 120 608
t 120 609 608
t 120 610 609
t 120 121 610
t 121 611 610
t 121 612 611
t 121 122 612
t 122 613 612
t 122 614 613
t 122 123 614
t 123 615 614
t 123 616 615
t 123 124 616
t 124 617 616
t 124 618 617
t 124 125 618
t 125 619 618
t 125 620 619
t 125 126 620
t 126 621 620
t 126 622 621
t 126 127 622
t 127 623 622
t 127 128 623
t 128 624 623
t 128 625 624
t 128 129 625
t 129 626 625
t 129 627 626
t 129 130 627
t 130 628 627
t 130 629 628
t 130 131 629
t 131 630 629
t 131 631 630
t 131 132 631
t 132 632 631
t 132 633 632
t 132 133 633
t 133 634 633
t 133 635 634
t 133 134 635
t 134 636 635
t 134 637 636
t 134 135 637
t 135 638 637
t 135 639 638
t 135 136 639
t 136 640 639
t 136 137 640
t 137 641 640
t 137 642 641
t 137 138 642
t 138 643 642
t 138 644 643
t 138 139 644
t 139 645 644
t 139 646 645
t 139 140 646
t 140 647 646
t 140 648 647
t 140 141 648
t 141 649 648
t 141 650 649
t 141 142 650
t 142 651 650
t 142 652 651
t 142 143 652
t 143 653 652
t 143 654 653
t 143 144 654
t 144 655 654
t 144 656 655
t 144 145 656
t 145 657 656
t 145 146 657
t 146 658 657
t 146 659 658
t 146 147 659
t 147 660 659
t 147 661 660
t 147 148 661
t 148 662 661
t 148 663 662
t 148 149 663
t 149 664 663
t 149 665 664
t 149 150 665
t 150 666 665
t 150 667 666
t 150 151 667
t 151 668 667
t 151 669 668
t 151 152 669
t 152 670 669
t 152 671 670
t 152 153 671
t 153 672 671
t 153 673 672
t 153 154 673
t 154 674 673
t 154 155 674
t 155 675 674
t 155 676 675
t 155 156 676
t 156 677 676
t 156 678 677
t 156 157 678
t 157 679 678
t 157 680 679
t 157 158 680
t 158 681 680
t 158 682 681
t 158 159 682
t 159 683 682
t 159 684 683
t 159 160 684
t 160 685 684
t 160 686 685
t 160 161 686
t 161 687 686
t 161 688 687
t 161 162 688
t 162 689 688
t 162 561 689
t 162 163 561
t 163 164 561
t 109 560 108
t 108 560 107
t 107 560 106
t 106 560 562
t 164 165 561
t 165 166 561
t 166 167 561
t 167 563 561
t 560 592 562
t 592 690 562
t 592 593 690
t 593 691 690
t 593 594 691
t 594 692 691
t 594 595 692
t 595 693 692
t 595 596 693
t 596 694 693
t 596 597 694
t 597 695 694
t 597 598 695
t 598 696 695
t 598 599 696
t 599 697 696
t 599 600 697
t 600 698 697
t 600 601 698
t 601 699 698
t 601 602 699
t 602 700 699
t 602 603 700
t 603 701 700
t 603 604 701
t 604 702 701
t 604 605 702
t 605 703 702
t 605 606 703
t 606 704 703
t 606 607 704
t 607 705 704
t 607 608 705
t 608 706 705
t 608 609 706
t 609 707 706
t 609 610 707
t 610 708 707
t 610 611 708
t 611 709 708
t 611 612 709
t 612 710 709
t 612 613 710
t 613 711 710
t 613 614 711
t 614 712 711
t 614 615 712
t 615 713 712
t 615 616 713
t 616 714 713
t 616 617 714
t 617 715 714
t 617 618 715
t 618 716 715
t 618 619 716
t 619 717 716
t 619 620 717
t 620 718 717
t 620 621 718
t 621 719 718
t 621 622 719
t 622 720 719
t 622 623 720
t 623 721 720
t 623 624 721
t 624 722 721
t 624 625 722
t 625 723 722
t 625 626 723
t 626 724 723
t 626 627 724
t 627 725 724
t 627 628 725
t 628 726 725
t 628 629 726
t 629 727 726
t 629 630 727
t 630 728 727
t 630 631 728
t 631 729 728
t 631 632 729
t 632 730 729
t 632 633 730
t 633 731 730
t 633 634 731
t 634 732 731
t 634 635 732
t 635 733 732
t 635 636 733
t 636 734 733
t 636 637 734
t 637 735 734
t 637 638 735
t 638 736 735
t 638 639 736
t 639 737 736
t 639 640 737
t 640 738 737
t 640 641 738
t 641 739 738
t 641 642 739
t 642 740 739
t 642 643 740
t 643 741 740
t 643 644 741
t 644 742 741
t 644 645 742
t 645 743 742
t 645 646 743
t 646 744 743
t 646 647 744
t 647 745 744
t 647 648 745
t 648 746 745
t 648 649 746
t 649 747 746
t 649 650 747
t 650 748 747
t 650 651 748
t 651 749 748
t 651 652 749
t 652 750 749
t 652 653 750
t 653 751 750
t 653 654 751
t 654 752 751
t 654 655 752
t 655 753 752
t 655 656 753
t 656 754 753
t 656 657 754
t 657 755 754
t 657 658 755
t 658 756 755
t 658 659 756
t 659 757 756
t 659 660 757
t 660 758 757
t 660 661 758
t 661 759 758
t 661 662 759
t 662 760 759
t 662 663 760
t 663 761 760
t 663 664 761
t 664 762 761
t 664 665 762
t 665 763 762
t 665 666 763
t 666 764 763
t 666 667 764
t 667 765 764
t 667 668 765
t 668 766 765
t 668 669 766
t 669 767 766
t 669 670 767
t 670 768 767
t 670 671 768
t 671 769 768
t 671 672 769
t 672 770 769
t 672 673 770
t 673 771 770
t 673 674 771
t 674 772 771
t 674 675 772
t 675 773 772
t 675 676 773
t 676 774 773
t 676 677 774
t 677 775 774
t 677 678 775
t 678 776 775
t 678 679 776
t 679 777 776
t 679 680 777
t 680 778 777
t 680 681 778
t 681 779 778
t 681 682 779
t 682 780 779
t 682 683 780
t 683 781 780
t 683 684 781
t 684 782 781
t 684 685 782
t 685 783 782
t 685 686 783
t 686 784 783
t 686 687 784
t 687 785 784
t 687 688 785
t 688 786 785
t 688 689 786
t 689 787 786
t 689 561 787
t 561 563 787
t 106 562 105
t 105 562 104
t 104 562 103
t 103 562 564
t 167 168 563
t 168 169 563
t 169 170 563
t 170 171 563
t 171 565 563
t 562 690 564
t 690 788 564
t 690 691 788
t 691 789 788
t 691 692 789
t 692 790 789
t 692 693 790
t 693 791 790
t 693 694 791
t 694 792 791
t 694 695 792
t 695 793 792
t 695 696 793
t 696 794 793
t 696 697 794
t 697 795 794
t 697 698 795
t 698 796 795
t 698 699 796
t 699 797 796
t 699 700 797
t 700 798 797
t 700 701 798
t 701 799 798
t 701 702 799
t 702 800 799
t 702 703 800
t 703 801 800
t 703 704 801
t 704 802 801
t 704 705 802
t 705 803 802
t 705 706 803
t 706 804 803
t 706 707 804
t 707 805 804
t 707 708 805
t 708 806 805
t 708 709 806
t 709 807 806
t 709 710 807
t 710 808 807
t 710 711 808
t 711 809 808
t 711 712 809
t 712 810 809
t 712 713 810
t 713 811 810
t 713 714 811
t 714 812 811
t 714 715 812
t 715 813 812
t 715 716 813
t 716 814 813
t 716 717 814
t 717 815 814
t 717 718 815
t 718 816 815
t 718 719 816
t 719 817 816
t 719 720 817
t 720 818 817
t 720 721 818
t 721 819 818
t 721 722 819
t 722 820 819
t 722 723 820
t 723 821 820
t 723 724 821
t 724 822 821
t 724 725 822
t 725 823 822
t 725 726 823
t 726 824 823
t 726 727 824
t 727 825 824
t 727 728 825
t 728 826 825
t 728 729 826
t 729 827 826
t 729 730 827
t 730 828 827
t 730 731 828
t 731 829 828
t 731 732 829
t 732 830 829
t 732 733 830
t 733 831 830
t 733 734 831
t 734 832 831
t 734 735 832
t 735 833 832
t 735 736 833
t 736 834 833
t 736 737 834
t 737 835 834
t 737 738 835
t 738 836 835
t 738 739 836
t 739 837 836
t 739 740 837
t 740 838 837
t 740 741 838
t 741 839 838
t 741 742 839
t 742 840 839
t 742 743 840
t 743 841 840
t 743 744 841
t 744 842 841
t 744 745 842
t 745 843 842
t 745 746 843
t 746 844 843
t 746 747 844
t 747 845 844
t 747 748 845
t 748 846 845
t 748 749 846
t 749 847 846
t 749 750 847
t 750 848 847
t 750 751 848
t 751 849 848
t 751 752 849
t 752 850 849
t 752 753 850
t 753 851 850
t 753 754 851
t 754 852 851
t 754 755 852
t 755 853 852
t 755 756 853
t 756 854 853
t 756 757 854
t 757 855 854
t 757 758 855
t 758 856 855
t 758 759 856
t 759 857 856
t 759 760 857
t 760 858 857
t 760 761 858
t 761 859 858
t 761 762 859
t 762 860 859
t 762 763 860
t 763 861 860
t 763 764 861
t 764 862 861
t 764 765 862
t 765 863 862
t 765 766 863
t 766 864 863
t 766 767 864
t 767 865 864
t 767 768 865
t 768 866 865
t 768 769 866
t 769 867 866
t 769 770 867
t 770 868 867
t 770 771 868
t 771 869 868
t 771 772 869
t 772 870 869
t 772 773 870
t 773 871 870
t 773 774 871
t 774 872 871
t 774 775 872
t 775 873 872
t 775 776 873
t 776 874 873
t 776 777 874
t 777 875 874
t 777 778 875
t 778 876 875
t 778 779 876
t 779 877 876
t 779 780 877
t 780 878 877
t 780 781 878
t 781 879 878
t 781 782 879
t 782 880 879
t 782 783 880
t 783 881 880
t 783 784 881
t 784 882 881
t 784 785 882
t 785 883 882
t 785 786 883
t 786 884 883
t 786 787 884
t 787 885 884
t 787 563 885
t 563 565 885
t 103 564 102
t 102 564 101
t 101 564 100
t 100 564 566
t 171 172 565
t 172 173 565
t 173 174 565
t 174 567 565
t 564 788 566
t 788 886 566
t 788 789 886
t 789 887 886
t 789 790 887
t 790 888 887
t 790 791 888
t 791 889 888
t 791 792 889
t 792 890 889
t 792 793 890
t 793 891 890
t 793 794 891
t 794 892 891
t 794 795 892
t 795 893 892
t 795 796 893
t 796 894 893
t 796 797 894
t 797 895 894
t 797 798 895
t 798 896 895
t 798 799 896
t 799 897 896
t 799 800 897
t 800 898 897
t 800 801 898
t 801 899 898
t 801 802 899
t 802 900 899
t 802 803 900
t 803 901 900
t 803 804 901
t 804 902 901
t 804 805 902
t 805 903 902
t 805 806 903
t 806 904 903
t 806 807 904
t 807 905 904
t 807 808 905
t 808 906 905
t 808 809 906
t 809 907 906
t 809 810 907
t 810 908 907
t 810 811 908
t 811 909 908
t 811 812 909
t 812 910 909
t 812 813 910
t 813 911 910
t 813 814 911
t 814 912 911
t 814 815 912
t 815 913 912
t 815 816 913
t 816 914 913
t 816 817 914
t 817 915 914
t 817 818 915
t 818 916 915
t 818 819 916
t 819 917 916
t 819 820 917
t 820 918 917
t 820 821 918
t 821 919 918
t 821 822 919
t 822 920 919
t 822 823 920
t 823 921 920
t 823 824 921
t 824 922 921
t 824 825 922
t 825 923 922
t 825 826 923
t 826 924 923
t 826 827 924
t 827 925 924
t 827 828 925
t 828 926 925
t 828 829 926
t 829 927 926
t 829 830 927
t 830 928 927
t 830 831 928
t 831 929 928
t 831 832 929
t 832 930 929
t 832 833 930
t 833 931 930
t 833 834 931
t 834 932 931
t 834 835 932
t 835 933 932
t 835 836 933
t 836 934 933
t 836 837 934
t 837 935 934
t 837 838 935
t 838 936 935
t 838 839 936
t 839 937 936
t 839 840 937
t 840 938 937
t 840 841 938
t 841 939 938
t 841 842 939
t 842 940 939
t 842 843 940
t 843 941 940
t 843 844 941
t 844 942 941
t 844 845 942
t 845 943 942
t 845 846 943
t 846 944 943
t 846 847 944
t 847 945 944
t 847 848 945
t 848 946 945
t 848 849 946
t 849 947 946
t 849 850 947
t 850 948 947
t 850 851 948
t 851 949 948
t 851 852 949
t 852 950 949
t 852 853 950
t 853 951 950
t 853 854 951
t 854 952 951
t 854 855 952
t 855 953 952
t 855 856 953
t 856 954 953
t 856 857 954
t 857 955 954
t 857 858 955
t 858 956 955
t 858 859 956
t 859 957 956
t 859 860 957
t 860 958 957
t 860 861 958
t 861 959 958
t 861 862 959
t 862 960 959
t 862 863 960
t 863 961 960
t 863 864 961
t 864 962 961
t 864 865 962
t 865 963 962
t 865 866 963
t 866 964 963
t 866 867 964
t 867 965 964
t 867 868 965
t 868 966 965
t 868 869 966
t 869 967 966
t 869 870 967
t 870 968 967
t 870 871 968
t 871 969 968
t 871 872 969
t 872 970 969
t 872 873 970
t 873 971 970
t 873 874 971
t 874 972 971
t 874 875 972
t 875 973 972
t 875 876 973
t 876 974 973
t 876 877 974
t 877 975 974
t 877 878 975
t 878 976 975
t 878 879 976
t 879 977 976
t 879 880 977
t 880 978 977
t 880 881 978
t 881 979 978
t 881 882 979
t 882 980 979
t 882 883 980
t 883 981 980
t 883 884 981
t 884 982 981
t 884 885 982
t 885 983 982
t 885 565 983
t 565 567 983
t 100 566 99
t 99 566 98
t 98 566 97
t 97 566 96
t 96 566 568
t 174 175 567
t 175 176 567
t 176 177 567
t 177 178 567
t 178 569 567
t 566 886 568
t 886 984 568
t 886 887 984
t 887 985 984
t 887 888 985
t 888 986 985
t 888 889 986
t 889 987 986
t 889 890 987
t 890 988 987
t 890 891 988
t 891 989 988
t 891 892 989
t 892 990 989
t 892 893 990
t 893 991 990
t 893 894 991
t 894 992 991
t 894 895 992
t 895 993 992
t 895 896 993
t 896 994 993
t 896 897 994
t 897 995 994
t 897 898 995
t 898 996 995
t 898 899 996
t 899 997 996
t 899 900 997
t 900 998 997
t 900 901 998
t 901 999 998
t 901 902 999
t 902 1000 999
t 902 903 1000
t 903 1001 1000
t 903 904 1001
t 904 1002 1001
t 904 905 1002
t 905 1003 1002
t 905 906 1003
t 906 1004 1003
t 906 907 1004
t 907 1005 1004
t 907 908 1005
t 908 1006 1005
t 908 909 1006
t 909 1007 1006
t 909 910 1007
t 910 1008 1007
t 910 911 1008
t 911 1009 1008
t 911 912 1009
t 912 1010 1009
t 912 913 1010
t 913 1011 1010
t 913 914 1011
t 914 1012 1011
t 914 915 1012
t 915 1013 1012
t 915 916 1013
t 916 1014 1013
t 916 917 1014
t 917 1015 1014
t 917 918 1015
t 918 1016 1015
t 918 919 1016
t 919 1017 1016
t 919 920 1017
t 920 1018 1017
t 920 921 1018
t 921 1019 1018
t 921 922 1019
t 922 1020 1019
t 922 923 1020
t 923 1021 1020
t 923 924 1021
t 924 1022 1021
t 924 925 1022
t 925 1023 1022
t 925 926 1023
t 926 1024 1023
t 926 927 1024
t 927 1025 1024
t 927 928 1025
t 928 1026 1025
t 928 929 1026
t 929 1027 1026
t 929 930 1027
t 930 1028 1027
t 930 931 1028
t 931 1029 1028
t 931 932 1029
t 932 1030 1029
t 932 933 1030
t 933 1031 1030
t 933 934 1031
t 934 1032 1031
t 934 935 1032
t 935 1033 1032
t 935 936 1033
t 936 1034 1033
t 936 937 1034
t 937 1035 1034
t 937 938 1035
t 938 1036 1035
t 938 939 1036
t 939 1037 1036
t 939 940 1037
t 940 1038 1037
t 940 941 1038
t 941 1039 1038
t 941 942 1039
t 942 1040 1039
t 942 943 1040
t 943 1041 1040
t 943 944 1041
t 944 1042 1041
t 944 945 1042
t 945 1043 1042
t 945 946 1043
t 946 1044 1043
t 946 947 1044
t 947 1045 1044
t 947 948 1045
t 948 1046 1045
t 948 949 1046
t 949 1047 1046
t 949 950 1047
t 950 1048 1047
t 950 951 1048
t 951 1049 1048
t 951 952 1049
t 952 1050 1049
t 952 953 1050
t 953 1051 1050
t 953 954 1051
t 954 1052 1051
t 954 955 1052
t 955 1053 1052
t 955 956 1053
t 956 1054 1053
t 956 957 1054
t 957 1055 1054
t 957 958 1055
t 958 1056 1055
t 958 959 1056
t 959 1057 1056
t 959 960 1057
t 960 1058 1057
t 960 961 1058
t 961 1059 1058
t 961 962 1059
t 962 1060 1059
t 962 963 1060
t 963 1061 1060
t 963 964 1061
t 964 1062 1061
t 964 965 1062
t 965 1063 1062
t 965 966 1063
t 966 1064 1063
t 966 967 1064
t 967 1065 1064
t 967 968 1065
t 968 1066 1065
t 968 969 1066
t 969 1067 1066
t 969 970 1067
t 970 1068 1067
t 970 971 1068
t 971 1069 1068
t 971 972 1069
t 972 1070 1069
t 972 973 1070
t 973 1071 1070
t 973 974 1071
t 974 1072 1071
t 974 975 1072
t 975 1073 1072
t 975 976 1073
t 976 1074 1073
t 976 977 1074
t 977 1075 1074
t 977 978 1075
t 978 1076 1075
t 978 979 1076
t 979 1077 1076
t 979 980 1077
t 980 1078 1077
t 980 981 1078
t 981 1079 1078
t 981 982 1079
t 982 1080 1079
t 982 983 1080
t 983 1081 1080
t 983 567 1081
t 567 1082 1081
t 567 1083 1082
t 567 569 1083
t 96 568 95
t 95 568 94
t 94 568 93
t 93 568 570
t 178 179 569
t 179 180 569
t 180 181 569
t 181 571 569
t 568 984 570
t 984 1084 570
t 984 985 1084
t 985 1085 1084
t 985 986 1085
t 986 1086 1085
t 986 987 1086
t 987 1087 1086
t 987 988 1087
t 988 1088 1087
t 988 989 1088
t 989 1089 1088
t 989 990 1089
t 990 1090 1089
t 990 991 1090
t 991 1091 1090
t 991 992 1091
t 992 1092 1091
t 992 993 1092
t 993 1093 1092
t 993 994 1093
t 994 1094 1093
t 994 995 1094
t 995 1095 1094
t 995 996 1095
t 996 1096 1095
t 996 997 1096
t 997 1097 1096
t 997 998 1097
t 998 1098 1097
t 998 999 1098
t 999 1099 1098
t 999 1000 1099
t 1000 1100 1099
t 1000 1001 1100
t 1001 1101 1100
t 1001 1002 1101
t 1002 1102 1101
t 1002 1003 1102
t 1003 1103 1102
t 1003 1004 1103
t 1004 1104 1103
t 1004 1005 1104
t 1005 1105 1104
t 1005 1006 1105
t 1006 1106 1105
t 1006 1007 1106
t 1007 1107 1106
t 1007 1008 1107
t 1008 1108 1107
t 1008 1009 1108
t 1009 1109 1108
t 1009 1010 1109
t 1010 1110 1109
t 1010 1011 1110
t 1011 1111 1110
t 1011 1012 1111
t 1012 1112 1111
t 1012 1013 1112
t 1013 1113 1112
t 1013 1014 1113
t 1014 1114 1113
t 1014 1015 1114
t 1015 1115 1114
t 1015 1016 1115
t 1016 1116 1115
t 1016 1017 1116
t 1017 1117 1116
t 1017 1018 1117
t 1018 1118 1117
t 1018 1019 1118
t 1019 1119 1118
t 1019 1020 1119
t 1020 1120 1119
t 1020 1021 1120
t 1021 1121 1120
t 1021 1022 1121
t 1022 1122 1121
t 1022 1023 1122
t 1023 1123 1122
t 1023 1024 1123
t 1024 1124 1123
t 1024 1025 1124
t 1025 1125 1124
t 1025 1026 1125
t 1026 1126 1125
t 1026 1027 1126
t 1027 1127 1126
t 1027 1028 1127
t 1028 1128 1127
t 1028 1029 1128
t 1029 1129 1128
t 1029 1030 1129
t 1030 1130 1129
t 1030 1031 1130
t 1031 1131 1130
t 1031 1032 1131
t 1032 1132 1131
t 1032 1033 1132
t 1033 1133 1132
t 1033 1034 1133
t 1034 1134 1133
t 1034 1035 1134
t 1035 1135 1134
t 1035 1036 1135
t 1036 1136 1135
t 1036 1037 1136
t 1037 1137 1136
t 1037 1038 1137
t 1038 1138 1137
t 1038 1039 1138
t 1039 1139 1138
t 1039 1040 1139
t 1040 1140 1139
t 1040 1041 1140
t 1041 1141 1140
t 1041 1042 1141
t 1042 1142 1141
t 1042 1043 1142
t 1043 1143 1142
t 1043 1044 1143
t 1044 1144 1143
t 1044 1045 1144
t 1045 1145 1144
t 1045 1046 1145
t 1046 1146 1145
t 1046 1047 1146
t 1047 1147 1146
t 1047 1048 1147
t 1048 1148 1147
t 1048 1049 1148
t 1049 1149 1148
t 1049 1050 1149
t 1050 1150 1149
t 1050 1051 1150
t 1051 1151 1150
t 1051 1052 1151
t 1052 1152 1151
t 1052 1053 1152
t 1053 1153 1152
t 1053 1054 1153
t 1054 1154 1153
t 1054 1055 1154
t 1055 1155 1154
t 1055 1056 1155
t 1056 1156 1155
t 1056 1057 1156
t 1057 1157 1156
t 1057 1058 1157
t 1058 1158 1157
t 1058 1059 1158
t 1059 1159 1158
t 1059 1060 1159
t 1060 1160 1159
t 1060 1061 1160
t 1061 1161 1160
t 1061 1062 1161
t 1062 1162 1161
t 1062 1063 1162
t 1063 1163 1162
t 1063 1064 1163
t 1064 1164 1163
t 1064 1065 1164
t 1065 1165 1164
t 1065 1066 1165
t 1066 1166 1165
t 1066 1067 1166
t 1067 1167 1166
t 1067 1068 1167
t 1068 1168 1167
t 1068 1069 1168
t 1069 1169 1168
t 1069 1070 1169
t 1070 1170 1169
t 1070 1071 1170
t 1071 1171 1170
t 1071 1072 1171
t 1072 1172 1171
t 1072 1073 1172
t 1073 1173 1172
t 1073 1074 1173
t 1074 1174 1173
t 1074 1075 1174
t 1075 1175 1174
t 1075 1076 1175
t 1076 1176 1175
t 1076 1077 1176
t 1077 1177 1176
t 1077 1078 1177
t 1078 1178 1177
t 1078 1079 1178
t 1079 1179 1178
t 1079 1080 1179
t 1080 1180 1179
t 1080 1081 1180
t 1081 1181 1180
t 1081 1082 1181
t 1082 1182 1181
t 1082 1083 1182
t 1083 1183 1182
t 1083 569 1183
t 569 571 1183
t 93 570 92
t 92 570 91
t 91 570 90
t 90 570 89
t 89 570 572
t 181 182 571
t 182 183 571
t 183 184 571
t 184 573 571
t 570 1084 572
t 1084 1184 572
t 1084 1085 1184
t 1085 1185 1184
t 1085 1086 1185
t 1086 1186 1185
t 1086 1087 1186
t 1087 1187 1186
t 1087 1088 1187
t 1088 1188 1187
t 1088 1089 1188
t 1089 1189 1188
t 1089 1090 1189
t 1090 1190 1189
t 1090 1091 1190
t 1091 1191 1190
t 1091 1092 1191
t 1092 1192 1191
t 1092 1093 1192
t 1093 1193 1192
t 1093 1094 1193
t 1094 1194 1193
t 1094 1095 1194
t 1095 1195 1194
t 1095 1096 1195
t 1096 1196 1195
t 1096 1097 1196
t 1097 1197 1196
t 1097 1098 1197
t 1098 1198 1197
t 1098 1099 1198
t 1099 1199 1198
t 1099 1100 1199
t 1100 1200 1199
t 1100 1101 1200
t 1101 1201 1200
t 1101 1102 1201
t 1102 1202 1201
t 1102 1103 1202
t 1103 1203 1202
t 1103 1104 1203
t 1104 1204 1203
t 1104 1105 1204
t 1105 1205 1204
t 1105 1106 1205
t 1106 1206 1205
t 1106 1107 1206
t 1107 1207 1206
t 1107 1108 1207
t 1108 1208 1207
t 1108 1109 1208
t 1109 1209 1208
t 1109 1110 1209
t 1110 1210 1209
t 1110 1111 1210
t 1111 1211 1210
t 1111 1112 1211
t 1112 1212 1211
t 1112 1113 1212
t 1113 1213 1212
t 1113 1114 1213
t 1114 1214 1213
t 1114 1115 1214
t 1115 1215 1214
t 1115 1116 1215
t 1116 1216 1215
t 1116 1117 1216
t 1117 1217 1216
t 1117 1118 1217
t 1118 1218 1217
t 1118 1119 1218
t 1119 1219 1218
t 1119 1120 1219
t 1120 1220 1219
t 1120 1121 1220
t 1121 1221 1220
t 1121 1122 1221
t 1122 1222 1221
t 1122 1123 1222
t 1123 1223 1222
t 1123 1124 1223
t 1124 1224 1223
t 1124 1125 1224
t 1125 1225 1224
t 1125 1126 1225
t 1126 1226 1225
t 1126 1127 1226
t 1127 1227 1226
t 1127 1128 1227
t 1128 1228 1227
t 1128 1129 1228
t 1129 1229 1228
t 1129 1130 1229
t 1130 1230 1229
t 1130 1131 1230
t 1131 1231 1230
t 1131 1132 1231
t 1132 1232 1231
t 1132 1133 1232
t 1133 1233 1232
t 1133 1134 1233
t 1134 1234 1233
t 1134 1135 1234
t 1135 1235 1234
t 1135 1136 1235
t 1136 1236 1235
t 1136 1137 1236
t 1137 1237 1236
t 1137 1138 1237
t 1138 1238 1237
t 1138 1139 1238
t 1139 1239 1238
t 1139 1140 1239
t 1140 1240 1239
t 1140 1141 1240
t 1141 1241 1240
t 1141 1142 1241
t 1142 1242 1241
t 1142 1143 1242
t 1143 1243 1242
t 1143 1144 1243
t 1144 1244 1243
t 1144 1145 1244
t 1145 1245 1244
t 1145 1146 1245
t 1146 1246 1245
t 1146 1147 1246
t 1147 1247 1246
t 1147 1148 1247
t 1148 1248 1247
t 1148 1149 1248
t 1149 1249 1248
t 1149 1150 1249
t 1150 1250 1249
t 1150 1151 1250
t 1151 1251 1250
t 1151 1152 1251
t 1152 1252 1251
t 1152 1153 1252
t 1153 1253 1252
t 1153 1154 1253
t 1154 1254 1253
t 1154 1155 1254
t 1155 1255 1254
t 1155 1156 1255
t 1156 1256 1255
t 1156 1157 1256
t 1157 1257 1256
t 1157 1158 1257
t 1158 1258 1257
t 1158 1159 1258
t 1159 1259 1258
t 1159 1160 1259
t 1160 1260 1259
t 1160 1161 1260
t 1161 1261 1260
t 1161 1162 1261
t 1162 1262 1261
t 1162 1163 1262
t 1163 1263 1262
t 1163 1164 1263
t 1164 1264 1263
t 1164 1165 1264
t 1165 1265 1264
t 1165 1166 1265
t 1166 1266 1265
t 1166 1167 1266
t 1167 1267 1266
t 1167 1168 1267
t 1168 1268 1267
t 1168 1169 1268
t 1169 1269 1268
t 1169 1170 1269
t 1170 1270 1269
t 1170 1171 1270
t 1171 1271 1270
t 1171 1172 1271
t 1172 1272 1271
t 1172 1173 1272
t 1173 1273 1272
t 1173 1174 1273
t 1174 1274 1273
t 1174 1175 1274
t 1175 1275 1274
t 1175 1176 1275
t 1176 1276 1275
t 1176 1177 1276
t 1177 1277 1276
t 1177 1178 1277
t 1178 1278 1277
t 1178 1179 1278
t 1179 1279 1278
t 1179 1180 1279
t 1180 1280 1279
t 1180 1181 1280
t 1181 1281 1280
t 1181 1182 1281
t 1182 1282 1281
t 1182 1183 1282
t 1183 1283 1282
t 1183 571 1283
t 571 573 1283
t 89 572 88
t 88 572 87
t 87 572 86
t 86 572 574
t 184 185 573
t 185 186 573
t 186 187 573
t 187 575 573
t 572 1184 574
t 1184 1284 574
t 1184 1185 1284
t 1185 1285 1284
t 1185 1186 1285
t 1186 1286 1285
t 1186 1187 1286
t 1187 1287 1286
t 1187 1188 1287
t 1188 1288 1287
t 1188 1189 1288
t 1189 1289 1288
t 1189 1190 1289
t 1190 1290 1289
t 1190 1191 1290
t 1191 1291 1290
t 1191 1192 1291
t 1192 1292 1291
t 1192 1193 1292
t 1193 1293 1292
t 1193 1194 1293
t 1194 1294 1293
t 1194 1195 1294
t 1195 1295 1294
t 1195 1196 1295
t 1196 1296 1295
t 1196 1197 1296
t 1197 1297 1296
t 1197 1198 1297
t 1198 1298 1297
t 1198 1199 1298
t 1199 1299 1298
t 1199 1200 1299
t 1200 1300 1299
t 1200 1201 1300
t 1201 1301 1300
t 1201 1202 1301
t 1202 1302 1301
t 1202 1203 1302
t 1203 1303 1302
t 1203 1204 1303
t 1204 1304 1303
t 1204 1205 1304
t 1205 1305 1304
t 1205 1206 1305
t 1206 1306 1305
t 1206 1207 1306
t 1207 1307 1306
t 1207 1208 1307
t 1208 1308 1307
t 1208 1209 1308
t 1209 1309 1308
t 1209 1210 1309
t 1210 1310 1309
t 1210 1211 1310
t 1211 1311 1310
t 1211 1212 1311
t 1212 1312 1311
t 1212 1213 1312
t 1213 1313 1312
t 1213 1214 1313
t 1214 1314 1313
t 1214 1215 1314
t 1215 1315 1314
t 1215 1216 1315
t 1216 1316 1315
t 1216 1217 1316
t 1217 1317 1316
t 1217 1218 1317
t 1218 1318 1317
t 1218 1219 1318
t 1219 1319 1318
t 1219 1220 1319
t 1220 1320 1319
t 1220 1221 1320
t 1221 1321 1320
t 1221 1222 1321
t 1222 1322 1321
t 1222 1223 1322
t 1223 1323 1322
t 1223 1224 1323
t 1224 1324 1323
t 1224 1225 1324
t 1225 1325 1324
t 1225 1226 1325
t 1226 1326 1325
t 1226 1227 1326
t 1227 1327 1326
t 1227 1228 1327
t 1228 1328 1327
t 1228 1229 1328
t 1229 1329 1328
t 1229 1230 1329
t 1230 1330 1329
t 1230 1231 1330
t 1231 1331 1330
t 1231 1232 1331
t 1232 1332 1331
t 1232 1233 1332
t 1233 1333 1332
t 1233 1234 1333
t 1234 1334 1333
t 1234 1235 1334
t 1235 1335 1334
t 1235 1236 1335
t 1236 1336 1335
t 1236 1237 1336
t 1237 1337 1336
t 1237 1238 1337
t 1238 1338 1337
t 1238 1239 1338
t 1239 1339 1338
t 1239 1240 1339
t 1240 1340 1339
t 1240 1241 1340
t 1241 1341 1340
t 1241 1242 1341
t 1242 1342 1341
t 1242 1243 1342
t 1243 1343 1342
t 1243 1244 1343
t 1244 1344 1343
t 1244 1245 1344
t 1245 1345 1344
t 1245 1246 1345
t 1246 1346 1345
t 1246 1247 1346
t 1247 1347 1346
t 1247 1248 1347
t 1248 1348 1347
t 1248 1249 1348
t 1249 1349 1348
t 1249 1250 1349
t 1250 1350 1349
t 1250 1251 1350
t 1251 1351 1350
t 1251 1252 1351
t 1252 1352 1351
t 1252 1253 1352
t 1253 1353 1352
t 1253 1254 1353
t 1254 1354 1353
t 1254 1255 1354
t 1255 1355 1354
t 1255 1256 1355
t 1256 1356 1355
t 1256 1257 1356
t 1257 1357 1356
t 1257 1258 1357
t 1258 1358 1357
t 1258 1259 1358
t 1259 1359 1358
t 1259 1260 1359
t 1260 1360 1359
t 1260 1261 1360
t 1261 1361 1360
t 1261 1262 1361
t 1262 1362 1361
t 1262 1263 1362
t 1263 1363 1362
t 1263 1264 1363
t 1264 1364 1363
t 1264 1265 1364
t 1265 1365 1364
t 1265 1266 1365
t 1266 1366 1365
t 1266 1267 1366
t 1267 1367 1366
t 1267 1268 1367
t 1268 1368 1367
t 1268 1269 1368
t 1269 1369 1368
t 1269 1270 1369
t 1270 1370 1369
t 1270 1271 1370
t 1271 1371 1370
t 1271 1272 1371
t 1272 1372 1371
t 1272 1273 1372
t 1273 1373 1372
t 1273 1274 1373
t 1274 1374 1373
t 1274 1275 1374
t 1275 1375 1374
t 1275 1276 1375
t 1276 1376 1375
t 1276 1277 1376
t 1277 1377 1376
t 1277 1278 1377
t 1278 1378 1377
t 1278 1279 1378
t 1279 1379 1378
t 1279 1280 1379
t 1280 1380 1379
t 1280 1281 1380
t 1281 1381 1380
t 1281 1282 1381
t 1282 1382 1381
t 1282 1283 1382
t 1283 1383 1382
t 1283 573 1383
t 573 1384 1383
t 573 575 1384
t 86 574 85
t 85 574 84
t 84 574 83
t 83 574 82
t 82 574 576
t 187 188 575
t 188 189 575
t 189 190 575
t 190 191 575
t 191 577 575
t 574 1284 576
t 1284 1385 576
t 1284 1285 1385
t 1285 1386 1385
t 1285 1286 1386
t 1286 1387 1386
t 1286 1287 1387
t 1287 1388 1387
t 1287 1288 1388
t 1288 1389 1388
t 1288 1289 1389
t 1289 1390 1389
t 1289 1290 1390
t 1290 1391 1390
t 1290 1291 1391
t 1291 1392 1391
t 1291 1292 1392
t 1292 1393 1392
t 1292 1293 1393
t 1293 1394 1393
t 1293 1294 1394
t 1294 1395 1394
t 1294 1295 1395
t 1295 1396 1395
t 1295 1296 1396
t 1296 1397 1396
t 1296 1297 1397
t 1297 1398 1397
t 1297 1298 1398
t 1298 1399 1398
t 1298 1299 1399
t 1299 1400 1399
t 1299 1300 1400
t 1300 1401 1400
t 1300 1301 1401
t 1301 1402 1401
t 1301 1302 1402
t 1302 1403 1402
t 1302 1303 1403
t 1303 1404 1403
t 1303 1304 1404
t 1304 1405 1404
t 1304 1305 1405
t 1305 1406 1405
t 1305 1306 1406
t 1306 1407 1406
t 1306 1307 1407
t 1307 1408 1407
t 1307 1308 1408
t 1308 1409 1408
t 1308 1309 1409
t 1309 1410 1409
t 1309 1310 1410
t 1310 1411 1410
t 1310 1311 1411
t 1311 1412 1411
t 1311 1312 1412
t 1312 1413 1412
t 1312 1313 1413
t 1313 1414 1413
t 1313 1314 1414
t 1314 1415 1414
t 1314 1315 1415
t 1315 1416 1415
t 1315 1316 1416
t 1316 1417 1416
t 1316 1317 1417
t 1317 1418 1417
t 1317 1318 1418
t 1318 1419 1418
t 1318 1319 1419
t 1319 1420 1419
t 1319 1320 1420
t 1320 1421 1420
t 1320 1321 1421
t 1321 1422 1421
t 1321 1322 1422
t 1322 1423 1422
t 1322 1323 1423
t 1323 1424 1423
t 1323 1324 1424
t 1324 1425 1424
t 1324 1325 1425
t 1325 1426 1425
t 1325 1326 1426
t 1326 1427 1426
t 1326 1327 1427
t 1327 1428 1427
t 1327 1328 1428
t 1328 1429 1428
t 1328 1329 1429
t 1329 1430 1429
t 1329 1330 1430
t 1330 1431 1430
t 1330 1331 1431
t 1331 1432 1431
t 1331 1332 1432
t 1332 1433 1432
t 1332 1333 1433
t 1333 1434 1433
t 1333 1334 1434
t 1334 1435 1434
t 1334 1335 1435
t 1335 1436 1435
t 1335 1336 1436
t 1336 1437 1436
t 1336 1337 1437
t 1337 1438 1437
t 1337 1338 1438
t 1338 1439 1438
t 1338 1339 1439
t 1339 1440 1439
t 1339 1340 1440
t 1340 1441 1440
t 1340 1341 1441
t 1341 1442 1441
t 1341 1342 1442
t 1342 1443 1442
t 1342 1343 1443
t 1343 1444 1443
t 1343 1344 1444
t 1344 1445 1444
t 1344 1345 1445
t 1345 1446 1445
t 1345 1346 1446
t 1346 1447 1446
t 1346 1347 1447
t 1347 1448 1447
t 1347 1348 1448
t 1348 1449 1448
t 1348 1349 1449
t 1349 1450 1449
t 1349 1350 1450
t 1350 1451 1450
t 1350 1351 1451
t 1351 1452 1451
t 1351 1352 1452
t 1352 1453 1452
t 1352 1353 1453
t 1353 1454 1453
t 1353 1354 1454
t 1354 1455 1454
t 1354 1355 1455
t 1355 1456 1455
t 1355 1356 1456
t 1356 1457 1456
t 1356 1357 1457
t 1357 1458 1457
t 1357 1358 1458
t 1358 1459 1458
t 1358 1359 1459
t 1359 1460 1459
t 1359 1360 1460
t 1360 1461 1460
t 1360 1361 1461
t 1361 1462 1461
t 1361 1362 1462
t 1362 1463 1462
t 1362 1363 1463
t 1363 1464 1463
t 1363 1364 1464
t 1364 1465 1464
t 1364 1365 1465
t 1365 1466 1465
t 1365 1366 1466
t 1366 1467 1466
t 1366 1367 1467
t 1367 1468 1467
t 1367 1368 1468
t 1368 1469 1468
t 1368 1369 1469
t 1369 1470 1469
t 1369 1370 1470
t 1370 1471 1470
t 1370 1371 1471
t 1371 1472 1471
t 1371 1372 1472
t 1372 1473 1472
t 1372 1373 1473
t 1373 1474 1473
t 1373 1374 1474
t 1374 1475 1474
t 1374 1375 1475
t 1375 1476 1475
t 1375 1376 1476
t 1376 1477 1476
t 1376 1377 1477
t 1377 1478 1477
t 1377 1378 1478
t 1378 1479 1478
t 1378 1379 1479
t 1379 1480 1479
t 1379 1380 1480
t 1380 1481 1480
t 1380 1381 1481
t 1381 1482 1481
t 1381 1382 1482
t 1382 1483 1482
t 1382 1383 1483
t 1383 1484 1483
t 1383 1384 1484
t 1384 1485 1484
t 1384 575 1485
t 575 1486 1485
t 575 1487 1486
t 575 1488 1487
t 575 1489 1488
t 575 1490 1489
t 575 1491 1490
t 575 1492 1491
t 575 1493 1492
t 575 577 1493
t 82 576 81
t 81 576 80
t 80 576 79
t 79 576 578
t 191 192 577
t 192 193 577
t 193 194 577
t 194 579 577
t 576 1385 578
t 1385 1494 578
t 1385 1386 1494
t 1386 1495 1494
t 1386 1387 1495
t 1387 1496 1495
t 1387 1388 1496
t 1388 1497 1496
t 1388 1389 1497
t 1389 1498 1497
t 1389 1390 1498
t 1390 1499 1498
t 1390 1391 1499
t 1391 1500 1499
t 1391 1392 1500
t 1392 1501 1500
t 1392 1393 1501
t 1393 1502 1501
t 1393 1394 1502
t 1394 1503 1502
t 1394 1395 1503
t 1395 1504 1503
t 1395 1396 1504
t 1396 1505 1504
t 1396 1397 1505
t 1397 1506 1505
t 1397 1398 1506
t 1398 1507 1506
t 1398 1399 1507
t 1399 1508 1507
t 1399 1400 1508
t 1400 1509 1508
t 1400 1401 1509
t 1401 1510 1509
t 1401 1402 1510
t 1402 1511 1510
t 1402 1403 1511
t 1403 1512 1511
t 1403 1404 1512
t 1404 1513 1512
t 1404 1405 1513
t 1405 1514 1513
t 1405 1406 1514
t 1406 1515 1514
t 1406 1407 1515
t 1407 1516 1515
t 1407 1408 1516
t 1408 1517 1516
t 1408 1409 1517
t 1409 1518 1517
t 1409 1410 1518
t 1410 1519 1518
t 1410 1411 1519
t 1411 1520 1519
t 1411 1412 1520
t 1412 1521 1520
t 1412 1413 1521
t 1413 1522 1521
t 1413 1414 1522
t 1414 1523 1522
t 1414 1415 1523
t 1415 1524 1523
t 1415 1416 1524
t 1416 1525 1524
t 1416 1417 1525
t 1417 1526 1525
t 1417 1418 1526
t 1418 1527 1526
t 1418 1419 1527
t 1419 1528 1527
t 1419 1420 1528
t 1420 1529 1528
t 1420 1421 1529
t 1421 1530 1529
t 1421 1422 1530
t 1422 1531 1530
t 1422 1423 1531
t 1423 1532 1531
t 1423 1424 1532
t 1424 1533 1532
t 1424 1425 1533
t 1425 1534 1533
t 1425 1426 1534
t 1426 1535 1534
t 1426 1427 1535
t 1427 1536 1535
t 1427 1428 1536
t 1428 1537 1536
t 1428 1429 1537
t 1429 1538 1537
t 1429 1430 1538
t 1430 1539 1538
t 1430 1431 1539
t 1431 1540 1539
t 1431 1432 1540
t 1432 1541 1540
t 1432 1433 1541
t 1433 1542 1541
t 1433 1434 1542
t 1434 1543 1542
t 1434 1435 1543
t 1435 1544 1543
t 1435 1436 1544
t 1436 1545 1544
t 1436 1437 1545
t 1437 1546 1545
t 1437 1438 1546
t 1438 1547 1546
t 1438 1439 1547
t 1439 1548 1547
t 1439 1440 1548
t 1440 1549 1548
t 1440 1441 1549
t 1441 1550 1549
t 1441 1442 1550
t 1442 1551 1550
t 1442 1443 1551
t 1443 1552 1551
t 1443 1444 1552
t 1444 1553 1552
t 1444 1445 1553
t 1445 1554 1553
t 1445 1446 1554
t 1446 1555 1554
t 1446 1447 1555
t 1447 1556 1555
t 1447 1448 1556
t 1448 1557 1556
t 1448 1449 1557
t 1449 1558 1557
t 1449 1450 1558
t 1450 1559 1558
t 1450 1451 1559
t 1451 1560 1559
t 1451 1452 1560
t 1452 1561 1560
t 1452 1453 1561
t 1453 1562 1561
t 1453 1454 1562
t 1454 1563 1562
t 1454 1455 1563
t 1455 1564 1563
t 1455 1456 1564
t 1456 1565 1564
t 1456 1457 1565
t 1457 1566 1565
t 1457 1458 1566
t 1458 1567 1566
t 1458 1459 1567
t 1459 1568 1567
t 1459 1460 1568
t 1460 1569 1568
t 1460 1461 1569
t 1461 1570 1569
t 1461 1462 1570
t 1462 1571 1570
t 1462 1463 1571
t 1463 1572 1571
t 1463 1464 1572
t 1464 1573 1572
t 1464 1465 1573
t 1465 1574 1573
t 1465 1466 1574
t 1466 1575 1574
t 1466 1467 1575
t 1467 1576 1575
t 1467 1468 1576
t 1468 1577 1576
t 1468 1469 1577
t 1469 1578 1577
t 1469 1470 1578
t 1470 1579 1578
t 1470 1471 1579
t 1471 1580 1579
t 1471 1472 1580
t 1472 1581 1580
t 1472 1473 1581
t 1473 1582 1581
t 1473 1474 1582
t 1474 1583 1582
t 1474 1475 1583
t 1475 1584 1583
t 1475 1476 1584
t 1476 1585 1584
t 1476 1477 1585
t 1477 1586 1585
t 1477 1478 1586
t 1478 1587 1586
t 1478 1479 1587
t 1479 1588 1587
t 1479 1480 1588
t 1480 1589 1588
t 1480 1481 1589
t 1481 1590 1589
t 1481 1482 1590
t 1482 1591 1590
t 1482 1483 1591
t 1483 1592 1591
t 1483 1484 1592
t 1484 1593 1592
t 1484 1485 1593
t 1485 1594 1593
t 1485 1486 1594
t 1486 1595 1594
t 1486 1487 1595
t 1487 1596 1595
t 1487 1488 1596
t 1488 1597 1596
t 1488 1489 1597
t 1489 1598 1597
t 1489 1490 1598
t 1490 1599 1598
t 1490 1491 1599
t 1491 1600 1599
t 1491 1492 1600
t 1492 1601 1600
t 1492 1493 1601
t 1493 1602 1601
t 1493 577 1602
t 577 1603 1602
t 577 1604 1603
t 577 1605 1604
t 577 1606 1605
t 577 1607 1606
t 577 1608 1607
t 577 579 1608
t 79 578 78
t 78 578 77
t 77 578 76
t 76 578 75
t 75 578 580
t 194 195 579
t 195 196 579
t 196 197 579
t 197 198 579
t 198 581 579
t 578 1494 580
t 1494 1609 580
t 1494 1495 1609
t 1495 1610 1609
t 1495 1496 1610
t 1496 1611 1610
t 1496 1497 1611
t 1497 1612 1611
t 1497 1498 1612
t 1498 1613 1612
t 1498 1499 1613
t 1499 1614 1613
t 1499 1500 1614
t 1500 1615 1614
t 1500 1501 1615
t 1501 1616 1615
t 1501 1502 1616
t 1502 1617 1616
t 1502 1503 1617
t 1503 1618 1617
t 1503 1504 1618
t 1504 1619 1618
t 1504 1505 1619
t 1505 1620 1619
t 1505 1506 1620
t 1506 1621 1620
t 1506 1507 1621
t 1507 1622 1621
t 1507 1508 1622
t 1508 1623 1622
t 1508 1509 1623
t 1509 1624 1623
t 1509 1510 1624
t 1510 1625 1624
t 1510 1511 1625
t 1511 1626 1625
t 1511 1512 1626
t 1512 1627 1626
t 1512 1513 1627
t 1513 1628 1627
t 1513 1514 1628
t 1514 1629 1628
t 1514 1515 1629
t 1515 1630 1629
t 1515 1516 1630
t 1516 1631 1630
t 1516 1517 1631
t 1517 1632 1631
t 1517 1518 1632
t 1518 1633 1632
t 1518 1519 1633
t 1519 1634 1633
t 1519 1520 1634
t 1520 1635 1634
t 1520 1521 1635
t 1521 1636 1635
t 1521 1522 1636
t 1522 1637 1636
t 1522 1523 1637
t 1523 1638 1637
t 1523 1524 1638
t 1524 1639 1638
t 1524 1525 1639
t 1525 1640 1639
t 1525 1526 1640
t 1526 1641 1640
t 1526 1527 1641
t 1527 1642 1641
t 1527 1528 1642
t 1528 1643 1642
t 1528 1529 1643
t 1529 1644 1643
t 1529 1530 1644
t 1530 1645 1644
t 1530 1531 1645
t 1531 1646 1645
t 1531 1532 1646
t 1532 1647 1646
t 1532 1533 1647
t 1533 1648 1647
t 1533 1534 1648
t 1534 1649 1648
t 1534 1535 1649
t 1535 1650 1649
t 1535 1536 1650
t 1536 1651 1650
t 1536 1537 1651
t 1537 1652 1651
t 1537 1538 1652
t 1538 1653 1652
t 1538 1539 1653
t 1539 1654 1653
t 1539 1540 1654
t 1540 1655 1654
t 1540 1541 1655
t 1541 1656 1655
t 1541 1542 1656
t 1542 1657 1656
t 1542 1543 1657
t 1543 1658 1657
t 1543 1544 1658
t 1544 1659 1658
t 1544 1545 1659
t 1545 1660 1659
t 1545 1546 1660
t 1546 1661 1660
t 1546 1547 1661
t 1547 1662 1661
t 1547 1548 1662
t 1548 1663 1662
t 1548 1549 1663
t 1549 1664 1663
t 1549 1550 1664
t 1550 1665 1664
t 1550 1551 1665
t 1551 1666 1665
t 1551 1552 1666
t 1552 1667 1666
t 1552 1553 1667
t 1553 1668 1667
t 1553 1554 1668
t 1554 1669 1668
t 1554 1555 1669
t 1555 1670 1669
t 1555 1556 1670
t 1556 1671 1670
t 1556 1557 1671
t 1557 1672 1671
t 1557 1558 1672
t 1558 1673 1672
t 1558 1559 1673
t 1559 1674 1673
t 1559 1560 1674
t 1560 1675 1674
t 1560 1561 1675
t 1561 1676 1675
t 1561 1562 1676
t 1562 1677 1676
t 1562 1563 1677
t 1563 1678 1677
t 1563 1564 1678
t 1564 1679 1678
t 1564 1565 1679
t 1565 1680 1679
t 1565 1566 1680
t 1566 1681 1680
t 1566 1567 1681
t 1567 1682 1681
t 1567 1568 1682
t 1568 1683 1682
t 1568 1569 1683
t 1569 1684 1683
t 1569 1570 1684
t 1570 1685 1684
t 1570 1571 1685
t 1571 1686 1685
t 1571 1572 1686
t 1572 1687 1686
t 1572 1573 1687
t 1573 1688 1687
t 1573 1574 1688
t 1574 1689 1688
t 1574 1575 1689
t 1575 1690 1689
t 1575 1576 1690
t 1576 1691 1690
t 1576 1577 1691
t 1577 1692 1691
t 1577 1578 1692
t 1578 1693 1692
t 1578 1579 1693
t 1579 1694 1693
t 1579 1580 1694
t 1580 1695 1694
t 1580 1581 1695
t 1581 1696 1695
t 1581 1582 1696
t 1582 1697 1696
t 1582 1583 1697
t 1583 1698 1697
t 1583 1584 1698
t 1584 1699 1698
t 1584 1585 1699
t 1585 1700 1699
t 1585 1586 1700
t 1586 1701 1700
t 1586 1587 1701
t 1587 1702 1701
t 1587 1588 1702
t 1588 1703 1702
t 1588 1589 1703
t 1589 1704 1703
t 1589 1590 1704
t 1590 1705 1704
t 1590 1591 1705
t 1591 1706 1705
t 1591 1592 1706
t 1592 1707 1706
t 1592 1593 1707
t 1593 1708 1707
t 1593 1594 1708
t 1594 1709 1708
t 1594 1595 1709
t 1595 1710 1709
t 1595 1596 1710
t 1596 1711 1710
t 1596 1597 1711
t 1597 1712 1711
t 1597 1598 1712
t 1598 1713 1712
t 1598 1599 1713
t 1599 1714 1713
t 1599 1600 1714
t 1600 1715 1714
t 1600 1601 1715
t 1601 1716 1715
t 1601 1602 1716
t 1602 1717 1716
t 1602 1603 1717
t 1603 1718 1717
t 1603 1604 1718
t 1604 1719 1718
t 1604 1605 1719
t 1605 1720 1719
t 1605 1606 1720
t 1606 1721 1720
t 1606 1607 1721
t 1607 1722 1721
t 1607 1608 1722
t 1608 1723 1722
t 1608 579 1723
t 579 1724 1723
t 579 1725 1724
t 579 1726 1725
t 579 1727 1726
t 579 1728 1727
t 579 1729 1728
t 579 1730 1729
t 579 581 1730
t 75 580 74
t 74 580 73
t 73 580 72
t 72 580 582
t 198 199 581
t 199 200 581
t 200 201 581
t 201 583 581
t 580 1609 582
t 1609 1731 582
t 1609 1610 1731
t 1610 1732 1731
t 1610 1611 1732
t 1611 1733 1732
t 1611 1612 1733
t 1612 1734 1733
t 1612 1613 1734
t 1613 1735 1734
t 1613 1614 1735
t 1614 1736 1735
t 1614 1615 1736
t 1615 1737 1736
t 1615 1616 1737
t 1616 1738 1737
t 1616 1617 1738
t 1617 1739 1738
t 1617 1618 1739
t 1618 1740 1739
t 1618 1619 1740
t 1619 1741 1740
t 1619 1620 1741
t 1620 1742 1741
t 1620 1621 1742
t 1621 1743 1742
t 1621 1622 1743
t 1622 1744 1743
t 1622 1623 1744
t 1623 1745 1744
t 1623 1624 1745
t 1624 1746 1745
t 1624 1625 1746
t 1625 1747 1746
t 1625 1626 1747
t 1626 1748 1747
t 1626 1627 1748
t 1627 1749 1748
t 1627 1628 1749
t 1628 1750 1749
t 1628 1629 1750
t 1629 1751 1750
t 1629 1630 1751
t 1630 1752 1751
t 1630 1631 1752
t 1631 1753 1752
t 1631 1632 1753
t 1632 1754 1753
t 1632 1633 1754
t 1633 1755 1754
t 1633 1634 1755
t 1634 1756 1755
t 1634 1635 1756
t 1635 1757 1756
t 1635 1636 1757
t 1636 1758 1757
t 1636 1637 1758
t 1637 1759 1758
t 1637 1638 1759
t 1638 1760 1759
t 1638 1639 1760
t 1639 1761 1760
t 1639 1640 1761
t 1640 1762 1761
t 1640 1641 1762
t 1641 1763 1762
t 1641 1642 1763
t 1642 1764 1763
t 1642 1643 1764
t 1643 1765 1764
t 1643 1644 1765
t 1644 1766 1765
t 1644 1645 1766
t 1645 1767 1766
t 1645 1646 1767
t 1646 1768 1767
t 1646 1647 1768
t 1647 1769 1768
t 1647 1648 1769
t 1648 1770 1769
t 1648 1649 1770
t 1649 1771 1770
t 1649 1650 1771
t 1650 1772 1771
t 1650 1651 1772
t 1651 1773 1772
t 1651 1652 1773
t 1652 1774 1773
t 1652 1653 1774
t 1653 1775 1774
t 1653 1654 1775
t 1654 1776 1775
t 1654 1655 1776
t 1655 1777 1776
t 1655 1656 1777
t 1656 1778 1777
t 1656 1657 1778
t 1657 1779 1778
t 1657 1658 1779
t 1658 1780 1779
t 1658 1659 1780
t 1659 1781 1780
t 1659 1660 1781
t 1660 1782 1781
t 1660 1661 1782
t 1661 1783 1782
t 1661 1662 1783
t 1662 1784 1783
t 1662 1663 1784
t 1663 1785 1784
t 1663 1664 1785
t 1664 1786 1785
t 1664 1665 1786
t 1665 1787 1786
t 1665 1666 1787
t 1666 1788 1787
t 1666 1667 1788
t 1667 1789 1788
t 1667 1668 1789
t 1668 1790 1789
t 1668 1669 1790
t 1669 1791 1790
t 1669 1670 1791
t 1670 1792 1791
t 1670 1671 1792
t 1671 1793 1792
t 1671 1672 1793
t 1672 1794 1793
t 1672 1673 1794
t 1673 1795 1794
t 1673 1674 1795
t 1674 1796 1795
t 1674 1675 1796
t 1675 1797 1796
t 1675 1676 1797
t 1676 1798 1797
t 1676 1677 1798
t 1677 1799 1798
t 1677 1678 1799
t 1678 1800 1799
t 1678 1679 1800
t 1679 1801 1800
t 1679 1680 1801
t 1680 1802 1801
t 1680 1681 1802
t 1681 1803 1802
t 1681 1682 1803
t 1682 1804 1803
t 1682 1683 1804
t 1683 1805 1804
t 1683 1684 1805
t 1684 1806 1805
t 1684 1685 1806
t 1685 1807 1806
t 1685 1686 1807
t 1686 1808 1807
t 1686 1687 1808
t 1687 1809 1808
t 1687 1688 1809
t 1688 1810 1809
t 1688 1689 1810
t 1689 1811 1810
t 1689 1690 1811
t 1690 1812 1811
t 1690 1691 1812
t 1691 1813 1812
t 1691 1692 1813
t 1692 1814 1813
t 1692 1693 1814
t 1693 1815 1814
t 1693 1694 1815
t 1694 1816 1815
t 1694 1695 1816
t 1695 1817 1816
t 1695 1696 1817
t 1696 1818 1817
t 1696 1697 1818
t 1697 1819 1818
t 1697 1698 1819
t 1698 1820 1819
t 1698 1699 1820
t 1699 1821 1820
t 1699 1700 1821
t 1700 1822 1821
t 1700 1701 1822
t 1701 1823 1822
t 1701 1702 1823
t 1702 1824 1823
t 1702 1703 1824
t 1703 1825 1824
t 1703 1704 1825
t 1704 1826 1825
t 1704 1705 1826
t 1705 1827 1826
t 1705 1706 1827
t 1706 1828 1827
t 1706 1707 1828
t 1707 1829 1828
t 1707 1708 1829
t 1708 1830 1829
t 1708 1709 1830
t 1709 1831 1830
t 1709 1710 1831
t 1710 1832 1831
t 1710 1711 1832
t 1711 1833 1832
t 1711 1712 1833
t 1712 1834 1833
t 1712 1713 1834
t 1713 1835 1834
t 1713 1714 1835
t 1714 1836 1835
t 1714 1715 1836
t 1715 1837 1836
t 1715 1716 1837
t 1716 1838 1837
t 1716 1717 1838
t 1717 1839 1838
t 1717 1718 1839
t 1718 1840 1839
t 1718 1719 1840
t 1719 1841 1840
t 1719 1720 1841
t 1720 1842 1841
t 1720 1721 1842
t 1721 1843 1842
t 1721 1722 1843
t 1722 1844 1843
t 1722 1723 1844
t 1723 1845 1844
t 1723 1724 1845
t 1724 1846 1845
t 1724 1725 1846
t 1725 1847 1846
t 1725 1726 1847
t 1726 1848 1847
t 1726 1727 1848
t 1727 1849 1848
t 1727 1728 1849
t 1728 1850 1849
t 1728 1729 1850
t 1729 1851 1850
t 1729 1730 1851
t 1730 1852 1851
t 1730 581 1852
t 581 1853 1852
t 581 1854 1853
t 581 1855 1854
t 581 1856 1855
t 581 583 1856
t 72 582 71
t 71 582 70
t 70 582 69
t 69 582 68
t 68 582 584
t 201 202 583
t 202 203 583
t 203 204 583
t 204 205 583
t 205 585 583
t 582 1731 584
t 1731 1857 584
t 1731 1732 1857
t 1732 1858 1857
t 1732 1733 1858
t 1733 1859 1858
t 1733 1734 1859
t 1734 1860 1859
t 1734 1735 1860
t 1735 1861 1860
t 1735 1736 1861
t 1736 1862 1861
t 1736 1737 1862
t 1737 1863 1862
t 1737 1738 1863
t 1738 1864 1863
t 1738 1739 1864
t 1739 1865 1864
t 1739 1740 1865
t 1740 1866 1865
t 1740 1741 1866
t 1741 1867 1866
t 1741 1742 1867
t 1742 1868 1867
t 1742 1743 1868
t 1743 1869 1868
t 1743 1744 1869
t 1744 1870 1869
t 1744 1745 1870
t 1745 1871 1870
t 1745 1746 1871
t 1746 1872 1871
t 1746 1747 1872
t 1747 1873 1872
t 1747 1748 1873
t 1748 1874 1873
t 1748 1749 1874
t 1749 1875 1874
t 1749 1750 1875
t 1750 1876 1875
t 1750 1751 1876
t 1751 1877 1876
t 1751 1752 1877
t 1752 1878 1877
t 1752 1753 1878
t 1753 1879 1878
t 1753 1754 1879
t 1754 1880 1879
t 1754 1755 1880
t 1755 1881 1880
t 1755 1756 1881
t 1756 1882 1881
t 1756 1757 1882
t 1757 1883 1882
t 1757 1758 1883
t 1758 1884 1883
t 1758 1759 1884
t 1759 1885 1884
t 1759 1760 1885
t 1760 1886 1885
t 1760 1761 1886
t 1761 1887 1886
t 1761 1762 1887
t 1762 1888 1887
t 1762 1763 1888
t 1763 1889 1888
t 1763 1764 1889
t 1764 1890 1889
t 1764 1765 1890
t 1765 1891 1890
t 1765 1766 1891
t 1766 1892 1891
t 1766 1767 1892
t 1767 1893 1892
t 1767 1768 1893
t 1768 1894 1893
t 1768 1769 1894
t 1769 1895 1894
t 1769 1770 1895
t 1770 1896 1895
t 1770 1771 1896
t 1771 1897 1896
t 1771 1772 1897
t 1772 1898 1897
t 1772 1773 1898
t 1773 1899 1898
t 1773 1774 1899
t 1774 1900 1899
t 1774 1775 1900
t 1775 1901 1900
t 1775 1776 1901
t 1776 1902 1901
t 1776 1777 1902
t 1777 1903 1902
t 1777 1778 1903
t 1778 1904 1903
t 1778 1779 1904
t 1779 1905 1904
t 1779 1780 1905
t 1780 1906 1905
t 1780 1781 1906
t 1781 1907 1906
t 1781 1782 1907
t 1782 1908 1907
t 1782 1783 1908
t 1783 1909 1908
t 1783 1784 1909
t 1784 1910 1909
t 1784 1785 1910
t 1785 1911 1910
t 1785 1786 1911
t 1786 1912 1911
t 1786 1787 1912
t 1787 1913 1912
t 1787 1788 1913
t 1788 1914 1913
t 1788 1789 1914
t 1789 1915 1914
t 1789 1790 1915
t 1790 1916 1915
t 1790 1791 1916
t 1791 1917 1916
t 1791 1792 1917
t 1792 1918 1917
t 1792 1793 1918
t 1793 1919 1918
t 1793 1794 1919
t 1794 1920 1919
t 1794 1795 1920
t 1795 1921 1920
t 1795 1796 1921
t 1796 1922 1921
t 1796 1797 1922
t 1797 1923 1922
t 1797 1798 1923
t 1798 1924 1923
t 1798 1799 1924
t 1799 1925 1924
t 1799 1800 1925
t 1800 1926 1925
t 1800 1801 1926
t 1801 1927 1926
t 1801 1802 1927
t 1802 1928 1927
t 1802 1803 1928
t 1803 1929 1928
t 1803 1804 1929
t 1804 1930 1929
t 1804 1805 1930
t 1805 1931 1930
t 1805 1806 1931
t 1806 1932 1931
t 1806 1807 1932
t 1807 1933 1932
t 1807 1808 1933
t 1808 1934 1933
t 1808 1809 1934
t 1809 1935 1934
t 1809 1810 1935
t 1810 1936 1935
t 1810 1811 1936
t 1811 1937 1936
t 1811 1812 1937
t 1812 1938 1937
t 1812 1813 1938
t 1813 1939 1938
t 1813 1814 1939
t 1814 1940 1939
t 1814 1815 1940
t 1815 1941 1940
t 1815 1816 1941
t 1816 1942 1941
t 1816 1817 1942
t 1817 1943 1942
t 1817 1818 1943
t 1818 1944 1943
t 1818 1819 1944
t 1819 1945 1944
t 1819 1820 1945
t 1820 1946 1945
t 1820 1821 1946
t 1821 1947 1946
t 1821 1822 1947
t 1822 1948 1947
t 1822 1823 1948
t 1823 1949 1948
t 1823 1824 1949
t 1824 1950 1949
t 1824 1825 1950
t 1825 1951 1950
t 1825 1826 1951
t 1826 1952 1951
t 1826 1827 1952
t 1827 1953 1952
t 1827 1828 1953
t 1828 1954 1953
t 1828 1829 1954
t 1829 1955 1954
t 1829 1830 1955
t 1830 1956 1955
t 1830 1831 1956
t 1831 1957 1956
t 1831 1832 1957
t 1832 1958 1957
t 1832 1833 1958
t 1833 1959 1958
t 1833 1834 1959
t 1834 1960 1959
t 1834 1835 1960
t 1835 1961 1960
t 1835 1836 1961
t 1836 1962 1961
t 1836 1837 1962
t 1837 1963 1962
t 1837 1838 1963
t 1838 1964 1963
t 1838 1839 1964
t 1839 1965 1964
t 1839 1840 1965
t 1840 1966 1965
t 1840 1841 1966
t 1841 1967 1966
t 1841 1842 1967
t 1842 1968 1967
t 1842 1843 1968
t 1843 1969 1968
t 1843 1844 1969
t 1844 1970 1969
t 1844 1845 1970
t 1845 1971 1970
t 1845 1846 1971
t 1846 1972 1971
t 1846 1847 1972
t 1847 1973 1972
t 1847 1848 1973
t 1848 1974 1973
t 1848 1849 1974
t 1849 1975 1974
t 1849 1850 1975
t 1850 1976 1975
t 1850 1851 1976
t 1851 1977 1976
t 1851 1852 1977
t 1852 1978 1977
t 1852 1853 1978
t 1853 1979 1978
t 1853 1854 1979
t 1854 1980 1979
t 1854 1855 1980
t 1855 1981 1980
t 1855 1856 1981
t 1856 1982 1981
t 1856 583 1982
t 583 1983 1982
t 583 1984 1983
t 583 1985 1984
t 583 1986 1985
t 583 1987 1986
t 583 1988 1987
t 583 585 1988
t 68 584 67
t 67 584 66
t 66 584 65
t 65 584 586
t 205 206 585
t 206 207 585
t 207 208 585
t 208 587 585
t 584 1857 586
t 1857 1989 586
t 1857 1858 1989
t 1858 1990 1989
t 1858 1859 1990
t 1859 1991 1990
t 1859 1860 1991
t 1860 1992 1991
t 1860 1861 1992
t 1861 1993 1992
t 1861 1862 1993
t 1862 1994 1993
t 1862 1863 1994
t 1863 1995 1994
t 1863 1864 1995
t 1864 1996 1995
t 1864 1865 1996
t 1865 1997 1996
t 1865 1866 1997
t 1866 1998 1997
t 1866 1867 1998
t 1867 1999 1998
t 1867 1868 1999
t 1868 2000 1999
t 1868 1869 2000
t 1869 2001 2000
t 1869 1870 2001
t 1870 2002 2001
t 1870 1871 2002
t 1871 2003 2002
t 1871 1872 2003
t 1872 2004 2003
t 1872 1873 2004
t 1873 2005 2004
t 1873 1874 2005
t 1874 2006 2005
t 1874 1875 2006
t 1875 2007 2006
t 1875 1876 2007
t 1876 2008 2007
t 1876 1877 2008
t 1877 2009 2008
t 1877 1878 2009
t 1878 2010 2009
t 1878 1879 2010
t 1879 2011 2010
t 1879 1880 2011
t 1880 2012 2011
t 1880 1881 2012
t 1881 2013 2012
t 1881 1882 2013
t 1882 2014 2013
t 1882 1883 2014
t 1883 2015 2014
t 1883 1884 2015
t 1884 2016 2015
t 1884 1885 2016
t 1885 2017 2016
t 1885 1886 2017
t 1886 2018 2017
t 1886 1887 2018
t 1887 2019 2018
t 1887 1888 2019
t 1888 2020 2019
t 1888 1889 2020
t 1889 2021 2020
t 1889 1890 2021
t 1890 2022 2021
t 1890 1891 2022
t 1891 2023 2022
t 1891 1892 2023
t 1892 2024 2023
t 1892 1893 2024
t 1893 2025 2024
t 1893 1894 2025
t 1894 2026 2025
t 1894 1895 2026
t 1895 2027 2026
t 1895 1896 2027
t 1896 2028 2027
t 1896 1897 2028
t 1897 2029 2028
t 1897 1898 2029
t 1898 2030 2029
t 1898 1899 2030
t 1899 2031 2030
t 1899 1900 2031
t 1900 2032 2031
t 1900 1901 2032
t 1901 2033 2032
t 1901 1902 2033
t 1902 2034 2033
t 1902 1903 2034
t 1903 2035 2034
t 1903 1904 2035
t 1904 2036 2035
t 1904 1905 2036
t 1905 2037 2036
t 1905 1906 2037
t 1906 2038 2037
t 1906 1907 2038
t 1907 2039 2038
t 1907 1908 2039
t 1908 2040 2039
t 1908 1909 2040
t 1909 2041 2040
t 1909 1910 2041
t 1910 2042 2041
t 1910 1911 2042
t 1911 2043 2042
t 1911 1912 2043
t 1912 2044 2043
t 1912 1913 2044
t 1913 2045 2044
t 1913 1914 2045
t 1914 2046 2045
t 1914 1915 2046
t 1915 2047 2046
t 1915 1916 2047
t 1916 2048 2047
t 1916 1917 2048
t 1917 2049 2048
t 1917 1918 2049
t 1918 2050 2049
t 1918 1919 2050
t 1919 2051 2050
t 1919 1920 2051
t 1920 2052 2051
t 1920 1921 2052
t 1921 2053 2052
t 1921 1922 2053
t 1922 2054 2053
t 1922 1923 2054
t 1923 2055 2054
t 1923 1924 2055
t 1924 2056 2055
t 1924 1925 2056
t 1925 2057 2056
t 1925 1926 2057
t 1926 2058 2057
t 1926 1927 2058
t 1927 2059 2058
t 1927 1928 2059
t 1928 2060 2059
t 1928 1929 2060
t 1929 2061 2060
t 1929 1930 2061
t 1930 2062 2061
t 1930 1931 2062
t 1931 2063 2062
t 1931 1932 2063
t 1932 2064 2063
t 1932 1933 2064
t 1933 2065 2064
t 1933 1934 2065
t 1934 2066 2065
t 1934 1935 2066
t 1935 2067 2066
t 1935 1936 2067
t 1936 2068 2067
t 1936 1937 2068
t 1937 2069 2068
t 1937 1938 2069
t 1938 2070 2069
t 1938 1939 2070
t 1939 2071 2070
t 1939 1940 2071
t 1940 2072 2071
t 1940 1941 2072
t 1941 2073 2072
t 1941 1942 2073
t 1942 2074 2073
t 1942 1943 2074
t 1943 2075 2074
t 1943 1944 2075
t 1944 2076 2075
t 1944 1945 2076
t 1945 2077 2076
t 1945 1946 2077
t 1946 2078 2077
t 1946 1947 2078
t 1947 2079 2078
t 1947 1948 2079
t 1948 2080 2079
t 1948 1949 2080
t 1949 2081 2080
t 1949 1950 2081
t 1950 2082 2081
t 1950 1951 2082
t 1951 2083 2082
t 1951 1952 2083
t 1952 2084 2083
t 1952 1953 2084
t 1953 2085 2084
t 1953 1954 2085
t 1954 2086 2085
t 1954 1955 2086
t 1955 2087 2086
t 1955 1956 2087
t 1956 2088 2087
t 1956 1957 2088
t 1957 2089 2088
t 1957 1958 2089
t 1958 2090 2089
t 1958 1959 2090
t 1959 2091 2090
t 1959 1960 2091
t 1960 2092 2091
t 1960 1961 2092
t 1961 2093 2092
t 1961 1962 2093
t 1962 2094 2093
t 1962 1963 2094
t 1963 2095 2094
t 1963 1964 2095
t 1964 2096 2095
t 1964 1965 2096
t 1965 2097 2096
t 1965 1966 2097
t 1966 2098 2097
t 1966 1967 2098
t 1967 2099 2098
t 1967 1968 2099
t 1968 2100 2099
t 1968 1969 2100
t 1969 2101 2100
t 1969 1970 2101
t 1970 2102 2101
t 1970 1971 2102
t 1971 2103 2102
t 1971 1972 2103
t 1972 2104 2103
t 1972 1973 2104
t 1973 2105 2104
t 1973 1974 2105
t 1974 2106 2105
t 1974 1975 2106
t 1975 2107 2106
t 1975 1976 2107
t 1976 2108 2107
t 1976 1977 2108
t 1977 2109 2108
t 1977 1978 2109
t 1978 2110 2109
t 1978 1979 2110
t 1979 2111 2110
t 1979 1980 2111
t 1980 2112 2111
t 1980 1981 2112
t 1981 2113 2112
t 1981 1982 2113
t 1982 2114 2113
t 1982 1983 2114
t 1983 2115 2114
t 1983 1984 2115
t 1984 2116 2115
t 1984 1985 2116
t 1985 2117 2116
t 1985 1986 2117
t 1986 2118 2117
t 1986 1987 2118
t 1987 2119 2118
t 1987 1988 2119
t 1988 2120 2119
t 1988 585 2120
t 585 2121 2120
t 585 2122 2121
t 585 2123 2122
t 585 2124 2123
t 585 587 2124
t 65 586 64
t 64 586 63
t 63 586 62
t 62 586 61
t 61 586 588
t 208 209 587
t 209 210 587
t 210 211 587
t 211 212 587
t 212 589 587
t 586 1989 588
t 1989 2125 588
t 1989 1990 2125
t 1990 2126 2125
t 1990 1991 2126
t 1991 2127 2126
t 1991 1992 2127
t 1992 2128 2127
t 1992 1993 2128
t 1993 2129 2128
t 1993 1994 2129
t 1994 2130 2129
t 1994 1995 2130
t 1995 2131 2130
t 1995 1996 2131
t 1996 2132 2131
t 1996 1997 2132
t 1997 2133 2132
t 1997 1998 2133
t 1998 2134 2133
t 1998 1999 2134
t 1999 2135 2134
t 1999 2000 2135
t 2000 2136 2135
t 2000 2001 2136
t 2001 2137 2136
t 2001 2002 2137
t 2002 2138 2137
t 2002 2003 2138
t 2003 2139 2138
t 2003 2004 2139
t 2004 2140 2139
t 2004 2005 2140
t 2005 2141 2140
t 2005 2006 2141
t 2006 2142 2141
t 2006 2007 2142
t 2007 2143 2142
t 2007 2008 2143
t 2008 2144 2143
t 2008 2009 2144
t 2009 2145 2144
t 2009 2010 2145
t 2010 2146 2145
t 2010 2011 2146
t 2011 2147 2146
t 2011 2012 2147
t 2012 2148 2147
t 2012 2013 2148
t 2013 2149 2148
t 2013 2014 2149
t 2014 2150 2149
t 2014 2015 2150
t 2015 2151 2150
t 2015 2016 2151
t 2016 2152 2151
t 2016 2017 2152
t 2017 2153 2152
t 2017 2018 2153
t 2018 2154 2153
t 2018 2019 2154
t 2019 2155 2154
t 2019 2020 2155
t 2020 2156 2155
t 2020 2021 2156
t 2021 2157 2156
t 2021 2022 2157
t 2022 2158 2157
t 2022 2023 2158
t 2023 2159 2158
t 2023 2024 2159
t 2024 2160 2159
t 2024 2025 2160
t 2025 2161 2160
t 2025 2026 2161
t 2026 2162 2161
t 2026 2027 2162
t 2027 2163 2162
t 2027 2028 2163
t 2028 2164 2163
t 2028 2029 2164
t 2029 2165 2164
t 2029 2030 2165
t 2030 2166 2165
t 2030 2031 2166
t 2031 2167 2166
t 2031 2032 2167
t 2032 2168 2167
t 2032 2033 2168
t 2033 2169 2168
t 2033 2034 2169
t 2034 2170 2169
t 2034 2035 2170
t 2035 2171 2170
t 2035 2036 2171
t 2036 2172 2171
t 2036 2037 2172
t 2037 2173 2172
t 2037 2038 2173
t 2038 2174 2173
t 2038 2039 2174
t 2039 2175 2174
t 2039 2040 2175
t 2040 2176 2175
t 2040 2041 2176
t 2041 2177 2176
t 2041 2042 2177
t 2042 2178 2177
t 2042 2043 2178
t 2043 2179 2178
t 2043 2044 2179
t 2044 2180 2179
t 2044 2045 2180
t 2045 2181 2180
t 2045 2046 2181
t 2046 2182 2181
t 2046 2047 2182
t 2047 2183 2182
t 2047 2048 2183
t 2048 2184 2183
t 2048 2049 2184
t 2049 2185 2184
t 2049 2050 2185
t 2050 2186 2185
t 2050 2051 2186
t 2051 2187 2186
t 2051 2052 2187
t 2052 2188 2187
t 2052 2053 2188
t 2053 2189 2188
t 2053 2054 2189
t 2054 2190 2189
t 2054 2055 2190
t 2055 2191 2190
t 2055 2056 2191
t 2056 2192 2191
t 2056 2057 2192
t 2057 2193 2192
t 2057 2058 2193
t 2058 2194 2193
t 2058 2059 2194
t 2059 2195 2194
t 2059 2060 2195
t 2060 2196 2195
t 2060 2061 2196
t 2061 2197 2196
t 2061 2062 2197
t 2062 2198 2197
t 2062 2063 2198
t 2063 2199 2198
t 2063 2064 2199
t 2064 2200 2199
t 2064 2065 2200
t 2065 2201 2200
t 2065 2066 2201
t 2066 2202 2201
t 2066 2067 2202
t 2067 2203 2202
t 2067 2068 2203
t 2068 2204 2203
t 2068 2069 2204
t 2069 2205 2204
t 2069 2070 2205
t 2070 2206 2205
t 2070 2071 2206
t 2071 2207 2206
t 2071 2072 2207
t 2072 2208 2207
t 2072 2073 2208
t 2073 2209 2208
t 2073 2074 2209
t 2074 2210 2209
t 2074 2075 2210
t 2075 2211 2210
t 2075 2076 2211
t 2076 2212 2211
t 2076 2077 2212
t 2077 2213 2212
t 2077 2078 2213
t 2078 2214 2213
t 2078 2079 2214
t 2079 2215 2214
t 2079 2080 2215
t 2080 2216 2215
t 2080 2081 2216
t 2081 2217 2216
t 2081 2082 2217
t 2082 2218 2217
t 2082 2083 2218
t 2083 2219 2218
t 2083 2084 2219
t 2084 2220 2219
t 2084 2085 2220
t 2085 2221 2220
t 2085 2086 2221
t 2086 2222 2221
t 2086 2087 2222
t 2087 2223 2222
t 2087 2088 2223
t 2088 2224 2223
t 2088 2089 2224
t 2089 2225 2224
t 2089 2090 2225
t 2090 2226 2225
t 2090 2091 2226
t 2091 2227 2226
t 2091 2092 2227
t 2092 2228 2227
t 2092 2093 2228
t 2093 2229 2228
t 2093 2094 2229
t 2094 2230 2229
t 2094 2095 2230
t 2095 2231 2230
t 2095 2096 2231
t 2096 2232 2231
t 2096 2097 2232
t 2097 2233 2232
t 2097 2098 2233
t 2098 2234 2233
t 2098 2099 2234
t 2099 2235 2234
t 2099 2100 2235
t 2100 2236 2235
t 2100 2101 2236
t 2101 2237 2236
t 2101 2102 2237
t 2102 2238 2237
t 2102 2103 2238
t 2103 2239 2238
t 2103 2104 2239
t 2104 2240 2239
t 2104 2105 2240
t 2105 2241 2240
t 2105 2106 2241
t 2106 2242 2241
t 2106 2107 2242
t 2107 2243 2242
t 2107 2108 2243
t 2108 2244 2243
t 2108 2109 2244
t 2109 2245 2244
t 2109 2110 2245
t 2110 2246 2245
t 2110 2111 2246
t 2111 2247 2246
t 2111 2112 2247
t 2112 2248 2247
t 2112 2113 2248
t 2113 2249 2248
t 2113 2114 2249
t 2114 2250 2249
t 2114 2115 2250
t 2115 2251 2250
t 2115 2116 2251
t 2116 2252 2251
t 2116 2117 2252
t 2117 2253 2252
t 2117 2118 2253
t 2118 2254 2253
t 2118 2119 2254
t 2119 2255 2254
t 2119 2120 2255
t 2120 2256 2255
t 2120 2121 2256
t 2121 2257 2256
t 2121 2122 2257
t 2122 2258 2257
t 2122 2123 2258
t 2123 2259 2258
t 2123 2124 2259
t 2124 2260 2259
t 2124 587 2260
t 587 2261 2260
t 587 2262 2261
t 587 2263 2262
t 587 2264 2263
t 587 2265 2264
t 587 2266 2265
t 587 589 2266
t 61 588 60
t 60 588 59
t 59 588 58
t 58 588 590
t 212 213 589
t 213 214 589
t 214 215 589
t 215 591 589
t 588 2125 590
t 2125 2267 590
t 2125 2126 2267
t 2126 2268 2267
t 2126 2127 2268
t 2127 2269 2268
t 2127 2128 2269
t 2128 2270 2269
t 2128 2129 2270
t 2129 2271 2270
t 2129 2130 2271
t 2130 2272 2271
t 2130 2131 2272
t 2131 2273 2272
t 2131 2132 2273
t 2132 2274 2273
t 2132 2133 2274
t 2133 2275 2274
t 2133 2134 2275
t 2134 2276 2275
t 2134 2135 2276
t 2135 2277 2276
t 2135 2136 2277
t 2136 2278 2277
t 2136 2137 2278
t 2137 2279 2278
t 2137 2138 2279
t 2138 2280 2279
t 2138 2139 2280
t 2139 2281 2280
t 2139 2140 2281
t 2140 2282 2281
t 2140 2141 2282
t 2141 2283 2282
t 2141 2142 2283
t 2142 2284 2283
t 2142 2143 2284
t 2143 2285 2284
t 2143 2144 2285
t 2144 2286 2285
t 2144 2145 2286
t 2145 2287 2286
t 2145 2146 2287
t 2146 2288 2287
t 2146 2147 2288
t 2147 2289 2288
t 2147 2148 2289
t 2148 2290 2289
t 2148 2149 2290
t 2149 2291 2290
t 2149 2150 2291
t 2150 2292 2291
t 2150 2151 2292
t 2151 2293 2292
t 2151 2152 2293
t 2152 2294 2293
t 2152 2153 2294
t 2153 2295 2294
t 2153 2154 2295
t 2154 2296 2295
t 2154 2155 2296
t 2155 2297 2296
t 2155 2156 2297
t 2156 2298 2297
t 2156 2157 2298
t 2157 2299 2298
t 2157 2158 2299
t 2158 2300 2299
t 2158 2159 2300
t 2159 2301 2300
t 2159 2160 2301
t 2160 2302 2301
t 2160 2161 2302
t 2161 2303 2302
t 2161 2162 2303
t 2162 2304 2303
t 2162 2163 2304
t 2163 2305 2304
t 2163 2164 2305
t 2164 2306 2305
t 2164 2165 2306
t 2165 2307 2306
t 2165 2166 2307
t 2166 2308 2307
t 2166 2167 2308
t 2167 2309 2308
t 2167 2168 2309
t 2168 2310 2309
t 2168 2169 2310
t 2169 2311 2310
t 2169 2170 2311
t 2170 2312 2311
t 2170 2171 2312
t 2171 2313 2312
t 2171 2172 2313
t 2172 2314 2313
t 2172 2173 2314
t 2173 2315 2314
t 2173 2174 2315
t 2174 2316 2315
t 2174 2175 2316
t 2175 2317 2316
t 2175 2176 2317
t 2176 2318 2317
t 2176 2177 2318
t 2177 2319 2318
t 2177 2178 2319
t 2178 2320 2319
t 2178 2179 2320
t 2179 2321 2320
t 2179 2180 2321
t 2180 2322 2321
t 2180 2181 2322
t 2181 2323 2322
t 2181 2182 2323
t 2182 2324 2323
t 2182 2183 2324
t 2183 2325 2324
t 2183 2184 2325
t 2184 2326 2325
t 2184 2185 2326
t 2185 2327 2326
t 2185 2186 2327
t 2186 2328 2327
t 2186 2187 2328
t 2187 2329 2328
t 2187 2188 2329
t 2188 2330 2329
t 2188 2189 2330
t 2189 2331 2330
t 2189 2190 2331
t 2190 2332 2331
t 2190 2191 2332
t 2191 2333 2332
t 2191 2192 2333
t 2192 2334 2333
t 2192 2193 2334
t 2193 2335 2334
t 2193 2194 2335
t 2194 2336 2335
t 2194 2195 2336
t 2195 2337 2336
t 2195 2196 2337
t 2196 2338 2337
t 2196 2197 2338
t 2197 2339 2338
t 2197 2198 2339
t 2198 2340 2339
t 2198 2199 2340
t 2199 2341 2340
t 2199 2200 2341
t 2200 2342 2341
t 2200 2201 2342
t 2201 2343 2342
t 2201 2202 2343
t 2202 2344 2343
t 2202 2203 2344
t 2203 2345 2344
t 2203 2204 2345
t 2204 2346 2345
t 2204 2205 2346
t 2205 2347 2346
t 2205 2206 2347
t 2206 2348 2347
t 2206 2207 2348
t 2207 2349 2348
t 2207 2208 2349
t 2208 2350 2349
t 2208 2209 2350
t 2209 2351 2350
t 2209 2210 2351
t 2210 2352 2351
t 2210 2211 2352
t 2211 2353 2352
t 2211 2212 2353
t 2212 2354 2353
t 2212 2213 2354
t 2213 2355 2354
t 2213 2214 2355
t 2214 2356 2355
t 2214 2215 2356
t 2215 2357 2356
t 2215 2216 2357
t 2216 2358 2357
t 2216 2217 2358
t 2217 2359 2358
t 2217 2218 2359
t 2218 2360 2359
t 2218 2219 2360
t 2219 2361 2360
t 2219 2220 2361
t 2220 2362 2361
t 2220 2221 2362
t 2221 2363 2362
t 2221 2222 2363
t 2222 2364 2363
t 2222 2223 2364
t 2223 2365 2364
t 2223 2224 2365
t 2224 2366 2365
t 2224 2225 2366
t 2225 2367 2366
t 2225 2226 2367
t 2226 2368 2367
t 2226 2227 2368
t 2227 2369 2368
t 2227 2228 2369
t 2228 2370 2369
t 2228 2229 2370
t 2229 2371 2370
t 2229 2230 2371
t 2230 2372 2371
t 2230 2231 2372
t 2231 2373 2372
t 2231 2232 2373
t 2232 2374 2373
t 2232 2233 2374
t 2233 2375 2374
t 2233 2234 2375
t 2234 2376 2375
t 2234 2235 2376
t 2235 2377 2376
t 2235 2236 2377
t 2236 2378 2377
t 2236 2237 2378
t 2237 2379 2378
t 2237 2238 2379
t 2238 2380 2379
t 2238 2239 2380
t 2239 2381 2380
t 2239 2240 2381
t 2240 2382 2381
t 2240 2241 2382
t 2241 2383 2382
t 2241 2242 2383
t 2242 2384 2383
t 2242 2243 2384
t 2243 2385 2384
t 2243 2244 2385
t 2244 2386 2385
t 2244 2245 2386
t 2245 2387 2386
t 2245 2246 2387
t 2246 2388 2387
t 2246 2247 2388
t 2247 2389 2388
t 2247 2248 2389
t 2248 2390 2389
t 2248 2249 2390
t 2249 2391 2390
t 2249 2250 2391
t 2250 2392 2391
t 2250 2251 2392
t 2251 2393 2392
t 2251 2252 2393
t 2252 2394 2393
t 2252 2253 2394
t 2253 2395 2394
t 2253 2254 2395
t 2254 2396 2395
t 2254 2255 2396
t 2255 2397 2396
t 2255 2256 2397
t 2256 2398 2397
t 2256 2257 2398
t 2257 2399 2398
t 2257 2258 2399
t 2258 2400 2399
t 2258 2259 2400
t 2259 2401 2400
t 2259 2260 2401
t 2260 2402 2401
t 2260 2261 2402
t 2261 2403 2402
t 2261 2262 2403
t 2262 2404 2403
t 2262 2263 2404
t 2263 2405 2404
t 2263 2264 2405
t 2264 2406 2405
t 2264 2265 2406
t 2265 2407 2406
t 2265 2266 2407
t 2266 2408 2407
t 2266 589 2408
t 589 2409 2408
t 589 2410 2409
t 589 2411 2410
t 589 591 2411
t 58 590 57
t 57 590 56
t 56 590 55
t 55 590 54
t 215 216 591
t 216 217 591
t 217 218 591
t 218 219 591
t 590 53 54
t 590 2267 53
t 2267 2268 53
t 2268 52 53
t 2268 2269 52
t 2269 2270 52
t 2270 51 52
t 2270 2271 51
t 2271 2272 51
t 2272 50 51
t 2272 2273 50
t 2273 2274 50
t 2274 49 50
t 2274 2275 49
t 2275 2276 49
t 2276 48 49
t 2276 2277 48
t 2277 2278 48
t 2278 47 48
t 2278 2279 47
t 2279 2280 47
t 2280 46 47
t 2280 2281 46
t 2281 2282 46
t 2282 45 46
t 2282 2283 45
t 2283 2284 45
t 2284 2285 45
t 2285 44 45
t 2285 2286 44
t 2286 2287 44
t 2287 43 44
t 2287 2288 43
t 2288 2289 43
t 2289 42 43
t 2289 2290 42
t 2290 2291 42
t 2291 41 42
t 2291 2292 41
t 2292 2293 41
t 2293 40 41
t 2293 2294 40
t 2294 2295 40
t 2295 39 40
t 2295 2296 39
t 2296 2297 39
t 2297 38 39
t 2297 2298 38
t 2298 2299 38
t 2299 2300 38
t 2300 37 38
t 2300 2301 37
t 2301 2302 37
t 2302 36 37
t 2302 2303 36
t 2303 2304 36
t 2304 35 36
t 2304 2305 35
t 2305 2306 35
t 2306 34 35
t 2306 2307 34
t 2307 2308 34
t 2308 33 34
t 2308 2309 33
t 2309 2310 33
t 2310 32 33
t 2310 2311 32
t 2311 2312 32
t 2312 31 32
t 2312 2313 31
t 2313 2314 31
t 2314 30 31
t 2314 2315 30
t 2315 2316 30
t 2316 2317 30
t 2317 29 30
t 2317 2318 29
t 2318 2319 29
t 2319 28 29
t 2319 2320 28
t 2320 2321 28
t 2321 27 28
t 2321 2322 27
t 2322 2323 27
t 2323 26 27
t 2323 2324 26
t 2324 2325 26
t 2325 25 26
t 2325 2326 25
t 2326 2327 25
t 2327 24 25
t 2327 2328 24
t 2328 2329 24
t 2329 23 24
t 2329 2330 23
t 2330 2331 23
t 2331 22 23
t 2331 2332 22
t 2332 2333 22
t 2333 2334 22
t 2334 21 22
t 2334 2335 21
t 2335 2336 21
t 2336 20 21
t 2336 2337 20
t 2337 2338 20
t 2338 19 20
t 2338 2339 19
t 2339 2340 19
t 2340 18 19
t 2340 2341 18
t 2341 2342 18
t 2342 17 18
t 2342 2343 17
t 2343 2344 17
t 2344 16 17
t 2344 2345 16
t 2345 2346 16
t 2346 15 16
t 2346 2347 15
t 2347 2348 15
t 2348 14 15
t 2348 2349 14
t 2349 2350 14
t 2350 2351 14
t 2351 13 14
t 2351 2352 13
t 2352 2353 13
t 2353 12 13
t 2353 2354 12
t 2354 2355 12
t 2355 11 12
t 2355 2356 11
t 2356 2357 11
t 2357 10 11
t 2357 2358 10
t 2358 2359 10
t 2359 9 10
t 2359 2360 9
t 2360 2361 9
t 2361 8 9
t 2361 2362 8
t 2362 2363 8
t 2363 7 8
t 2363 2364 7
t 2364 2365 7
t 2365 6 7
t 2365 2366 6
t 2366 2367 6
t 2367 5 6
t 2367 2368 5
t 2368 2369 5
t 2369 2370 5
t 2370 2371 5
t 2371 2372 5
t 2372 2373 5
t 2373 2374 5
t 2374 2375 5
t 2375 2376 5
t 2376 2377 5
t 2377 2378 5
t 2378 2379 5
t 2379 2380 5
t 2380 2381 5
t 2381 2382 5
t 2382 2383 5
t 2383 2384 5
t 2384 2385 5
t 2385 4 5
t 2385 2386 4
t 2386 2387 4
t 2387 2388 4
t 2388 2389 4
t 2389 2390 4
t 2390 2391 4
t 2391 2392 4
t 2392 2393 4
t 2393 2394 4
t 2394 2395 4
t 2395 2396 4
t 2396 3 4
t 2396 2397 3
t 2397 2398 3
t 2398 2399 3
t 2399 2400 3
t 2400 2401 3
t 2401 2402 3
t 2402 2403 3
t 2403 2404 3
t 2404 2405 3
t 2405 2 3
t 2405 2406 2
t 2406 2407 2
t 2407 2408 2
t 2408 2409 2
t 2409 2410 2
t 2410 2411 2
t 2411 591 2
t 591 1 2
t 591 0 1
t 591 219 0
