type=Nurbs forward=false n_boundary=196 n_holes=0 n_interior=111 n_tris=234 label=brep62542_f215_Nurbs(deg=3/3, cps=9x9)
boundary
b 0.967722703 1.001591827
b 0.935451735 1.001591826
b 0.903192345 1.001591824
b 0.870941120 1.001591823
b 0.838693886 1.001591823
b 0.806446609 1.001591822
b 0.774196298 1.001591823
b 0.741941934 1.001591823
b 0.709685430 1.001591821
b 0.677429311 1.001591819
b 0.645174036 1.001591818
b 0.612918608 1.001591817
b 0.580661432 1.001591817
b 0.548401160 1.001591818
b 0.516137549 1.001591819
b 0.483872304 1.001591818
b 0.451608666 1.001591816
b 0.419348343 1.001591814
b 0.387091090 1.001591812
b 0.354835562 1.001591812
b 0.322580162 1.001591813
b 0.290323895 1.001591815
b 0.258067216 1.001591816
b 0.225812652 1.001591815
b 0.193562120 1.001591812
b 0.161314601 1.001591808
b 0.129067105 1.001591807
b 0.096815599 1.001591808
b 0.064555907 1.001591810
b 0.032284616 1.001591814
b 0.000000000 1.001591815
b -0.000000000 0.988819834
b 0.000000000 0.975727512
b 0.000000000 0.962301277
b -0.000000000 0.948531325
b -0.000000000 0.934408935
b -0.000000000 0.919926870
b 0.000000000 0.905079837
b 0.000000000 0.889865007
b -0.000000000 0.874282582
b 0.000000000 0.858336393
b 0.000000000 0.842034491
b 0.000000001 0.825389705
b -0.000000000 0.808420100
b 0.000000000 0.791149300
b 0.000000000 0.773606606
b 0.000000000 0.755826871
b -0.000000000 0.737847985
b 0.000000000 0.719688351
b 0.000000000 0.701353290
b 0.000000000 0.682848608
b 0.000000000 0.664180801
b -0.000000000 0.645357021
b -0.000000000 0.626385086
b 0.000000000 0.607273476
b 0.000000000 0.588031306
b 0.000000000 0.568668296
b 0.000000000 0.549194735
b -0.000000000 0.529621443
b -0.000000000 0.509959722
b 0.000000000 0.490222130
b 0.000000000 0.470440245
b -0.000000000 0.450664684
b -0.000000000 0.430946545
b -0.000000000 0.411335310
b 0.000000000 0.391877673
b -0.000000000 0.372616535
b 0.000000000 0.353590253
b 0.000000000 0.334832144
b -0.000000000 0.316370251
b 0.000000000 0.298227404
b -0.000000000 0.280421469
b -0.000000000 0.262965585
b -0.000000000 0.245868666
b -0.000000000 0.229143979
b 0.000000000 0.212814855
b 0.000000000 0.196898217
b 0.000000000 0.181403531
b 0.000000000 0.166333984
b 0.000000000 0.151687660
b 0.000000000 0.137458629
b 0.000000000 0.123637920
b 0.000000000 0.110214346
b 0.000000000 0.097175196
b 0.000000000 0.084506779
b 0.000000000 0.072194870
b 0.015532894 0.072144458
b 0.031274097 0.071993012
b 0.047193233 0.071739026
b 0.063260452 0.071380882
b 0.079447047 0.070916856
b 0.095741308 0.070345227
b 0.112152340 0.069664445
b 0.128691043 0.068873132
b 0.145368798 0.067970084
b 0.162195766 0.066954302
b 0.179171625 0.065825081
b 0.196292242 0.064581870
b 0.213554177 0.063224212
b 0.230954744 0.061751756
b 0.248495444 0.060165121
b 0.266185033 0.058466686
b 0.284033269 0.056658939
b 0.302050684 0.054744429
b 0.320247689 0.052725904
b 0.338623288 0.050607032
b 0.357169107 0.048391996
b 0.375877097 0.046084928
b 0.394739730 0.043689900
b 0.413761580 0.041209433
b 0.432984726 0.038641549
b 0.452460982 0.035983842
b 0.472244720 0.033234413
b 0.492388966 0.030392534
b 0.512867892 0.027473374
b 0.533574272 0.024506598
b 0.554396683 0.021520931
b 0.575224768 0.018543737
b 0.595958311 0.015599866
b 0.616538495 0.012706532
b 0.636917037 0.009878074
b 0.657043117 0.007128190
b 0.676864408 0.004469967
b 0.696356595 0.001913103
b 0.715539798 -0.000534032
b 0.734440558 -0.002522925
b 0.753082836 -0.003849135
b 0.771484154 -0.004794680
b 0.789674486 -0.005521046
b 0.807691073 -0.006106365
b 0.825571296 -0.006592475
b 0.843352035 -0.007004154
b 0.861059134 -0.007357105
b 0.878692816 -0.007661632
b 0.896249274 -0.007924936
b 0.913724472 -0.008152223
b 0.931114321 -0.008347339
b 0.948416903 -0.008513354
b 0.965631887 -0.008652739
b 0.982758621 -0.008767381
b 0.999796089 -0.008858702
b 0.999784822 -0.006467482
b 0.999820224 -0.000655380
b 0.999913692 0.011352456
b 0.999981847 0.023728105
b 1.000027617 0.036485396
b 1.000053122 0.049645344
b 1.000062438 0.063229809
b 1.000062387 0.077261296
b 1.000058700 0.091762608
b 1.000055603 0.106756388
b 1.000055699 0.122264473
b 1.000059859 0.138307028
b 1.000067179 0.154901406
b 1.000075010 0.172060695
b 1.000079114 0.189791942
b 1.000073981 0.208094055
b 1.000053373 0.226955479
b 1.000011119 0.246351817
b 0.999942373 0.266247816
b 0.999845434 0.286623544
b 0.999720381 0.307463214
b 0.999568801 0.328743192
b 0.999393281 0.350431169
b 0.999197712 0.372485689
b 0.998989665 0.394856107
b 0.998781211 0.417483067
b 0.998589435 0.440299572
b 0.998436730 0.463232637
b 0.998350786 0.486205449
b 0.998363296 0.509140445
b 0.998482715 0.531983698
b 0.998687394 0.554712169
b 0.998956001 0.577305915
b 0.999269747 0.599746238
b 0.999612507 0.622015791
b 0.999970887 0.644098668
b 1.000334243 0.665980451
b 1.000694645 0.687648238
b 1.001046475 0.709090640
b 1.001386166 0.730297759
b 1.001712538 0.751261141
b 1.002017088 0.771961321
b 1.002265301 0.792341957
b 1.002428098 0.812348050
b 1.002488860 0.831935672
b 1.002442393 0.851071781
b 1.002293472 0.869733482
b 1.002055170 0.887906915
b 1.001747161 0.905585956
b 1.001394127 0.922770868
b 1.001024334 0.939467016
b 1.000668428 0.955683700
b 1.000358450 0.971433140
b 1.000127056 0.986729623
b 1.000006975 1.001591828
interior
i 0.125311107 0.117447614
i 0.250622215 0.117447614
i 0.375933322 0.117447614
i 0.501244430 0.117447614
i 0.626555537 0.117447614
i 0.751866645 0.117447614
i 0.877177752 0.117447614
i 0.125311107 0.243753930
i 0.250622215 0.243753930
i 0.375933322 0.243753930
i 0.501244430 0.243753930
i 0.626555537 0.243753930
i 0.751866645 0.243753930
i 0.877177752 0.243753930
i 0.125311107 0.370060247
i 0.250622215 0.370060247
i 0.375933322 0.370060247
i 0.501244430 0.370060247
i 0.626555537 0.370060247
i 0.751866645 0.370060247
i 0.877177752 0.370060247
i 0.125311107 0.496366563
i 0.250622215 0.496366563
i 0.375933322 0.496366563
i 0.501244430 0.496366563
i 0.626555537 0.496366563
i 0.751866645 0.496366563
i 0.877177752 0.496366563
i 0.125311107 0.622672879
i 0.250622215 0.622672879
i 0.375933322 0.622672879
i 0.501244430 0.622672879
i 0.626555537 0.622672879
i 0.751866645 0.622672879
i 0.877177752 0.622672879
i 0.125311107 0.748979195
i 0.250622215 0.748979195
i 0.375933322 0.748979195
i 0.501244430 0.748979195
i 0.626555537 0.748979195
i 0.751866645 0.748979195
i 0.877177752 0.748979195
i 0.125311107 0.875285511
i 0.250622215 0.875285511
i 0.375933322 0.875285511
i 0.501244430 0.875285511
i 0.626555537 0.875285511
i 0.751866645 0.875285511
i 0.877177752 0.875285511
i 0.062655554 0.180600772
i 0.062655554 0.306907089
i 0.062655554 0.433213405
i 0.062655554 0.559519721
i 0.062655554 0.685826037
i 0.062655554 0.812132353
i 0.062655554 0.938438670
i 0.187966661 0.180600772
i 0.187966661 0.306907089
i 0.187966661 0.433213405
i 0.187966661 0.559519721
i 0.187966661 0.685826037
i 0.187966661 0.812132353
i 0.187966661 0.938438670
i 0.313277769 0.054294456
i 0.313277769 0.180600772
i 0.313277769 0.306907089
i 0.313277769 0.433213405
i 0.313277769 0.559519721
i 0.313277769 0.685826037
i 0.313277769 0.812132353
i 0.313277769 0.938438670
i 0.438588876 0.054294456
i 0.438588876 0.180600772
i 0.438588876 0.306907089
i 0.438588876 0.433213405
i 0.438588876 0.559519721
i 0.438588876 0.685826037
i 0.438588876 0.812132353
i 0.438588876 0.938438670
i 0.563899984 0.054294456
i 0.563899984 0.180600772
i 0.563899984 0.306907089
i 0.563899984 0.433213405
i 0.563899984 0.559519721
i 0.563899984 0.685826037
i 0.563899984 0.812132353
i 0.563899984 0.938438670
i 0.689211091 0.054294456
i 0.689211091 0.180600772
i 0.689211091 0.306907089
i 0.689211091 0.433213405
i 0.689211091 0.559519721
i 0.689211091 0.685826037
i 0.689211091 0.812132353
i 0.689211091 0.938438670
i 0.814522199 0.054294456
i 0.814522199 0.180600772
i 0.814522199 0.306907089
i 0.814522199 0.433213405
i 0.814522199 0.559519721
i 0.814522199 0.685826037
i 0.814522199 0.812132353
i 0.814522199 0.938438670
i 0.939833306 0.054294456
i 0.939833306 0.180600772
i 0.939833306 0.306907089
i 0.939833306 0.433213405
i 0.939833306 0.559519721
i 0.939833306 0.685826037
i 0.939833306 0.812132353
i 0.939833306 0.938438670
tris
t 85 86 84
t 86 83 84
t 86 82 83
t 86 81 82
t 86 80 81
t 86 79 80
t 86 78 79
t 86 77 78
t 86 76 77
t 86 75 76
t 86 87 75
t 87 88 75
t 88 89 75
t 89 90 75
t 90 91 75
t 91 92 75
t 92 93 75
t 93 94 75
t 94 95 75
t 95 96 75
t 96 97 75
t 97 307 75
t 97 98 307
t 98 99 307
t 99 100 307
t 100 101 307
t 101 102 307
t 102 103 307
t 103 104 307
t 104 105 307
t 105 106 307
t 106 107 307
t 107 108 307
t 108 308 307
t 108 109 308
t 109 110 308
t 110 111 308
t 111 112 308
t 112 113 308
t 113 114 308
t 114 115 308
t 115 116 308
t 116 117 308
t 117 118 308
t 118 309 308
t 118 119 309
t 119 120 309
t 120 121 309
t 121 122 309
t 122 123 309
t 123 124 309
t 124 125 309
t 125 126 309
t 126 127 309
t 127 128 309
t 128 310 309
t 128 129 310
t 129 130 310
t 130 131 310
t 131 132 310
t 132 133 310
t 133 134 310
t 134 135 310
t 135 136 310
t 136 137 310
t 137 138 310
t 138 139 310
t 139 157 310
t 139 156 157
t 139 155 156
t 139 154 155
t 139 153 154
t 139 152 153
t 139 151 152
t 139 150 151
t 139 149 150
t 139 148 149
t 139 147 148
t 139 146 147
t 139 145 146
t 139 144 145
t 139 143 144
t 139 142 143
t 139 141 142
t 139 140 141
t 75 307 74
t 307 73 74
t 307 72 73
t 307 71 72
t 307 70 71
t 307 69 70
t 307 68 69
t 307 67 68
t 307 66 67
t 307 311 66
t 307 308 311
t 308 312 311
t 308 309 312
t 309 313 312
t 309 310 313
t 310 314 313
t 310 164 314
t 310 163 164
t 310 162 163
t 310 161 162
t 310 160 161
t 310 159 160
t 310 158 159
t 310 157 158
t 66 311 65
t 311 64 65
t 311 63 64
t 311 62 63
t 311 61 62
t 311 60 61
t 311 59 60
t 311 58 59
t 311 315 58
t 311 312 315
t 312 316 315
t 312 313 316
t 313 317 316
t 313 314 317
t 314 318 317
t 314 171 318
t 314 170 171
t 314 169 170
t 314 168 169
t 314 167 168
t 314 166 167
t 314 165 166
t 314 164 165
t 58 315 57
t 315 56 57
t 315 55 56
t 315 54 55
t 315 53 54
t 315 52 53
t 315 51 52
t 315 50 51
t 315 319 50
t 315 316 319
t 316 320 319
t 316 317 320
t 317 321 320
t 317 318 321
t 318 322 321
t 318 178 322
t 318 177 178
t 318 176 177
t 318 175 176
t 318 174 175
t 318 173 174
t 318 172 173
t 318 171 172
t 50 319 49
t 319 48 49
t 319 47 48
t 319 46 47
t 319 45 46
t 319 44 45
t 319 43 44
t 319 42 43
t 319 41 42
t 319 40 41
t 319 39 40
t 319 38 39
t 319 37 38
t 319 36 37
t 319 35 36
t 319 34 35
t 319 33 34
t 319 32 33
t 319 31 32
t 319 323 31
t 319 320 323
t 320 324 323
t 320 321 324
t 321 325 324
t 321 322 325
t 322 326 325
t 322 194 326
t 322 193 194
t 322 192 193
t 322 191 192
t 322 190 191
t 322 189 190
t 322 188 189
t 322 187 188
t 322 186 187
t 322 185 186
t 322 184 185
t 322 183 184
t 322 182 183
t 322 181 182
t 322 180 181
t 322 179 180
t 322 178 179
t 31 323 30
t 323 29 30
t 323 28 29
t 323 27 28
t 323 26 27
t 323 25 26
t 323 24 25
t 323 23 24
t 323 22 23
t 323 21 22
t 323 20 21
t 323 19 20
t 323 18 19
t 323 324 18
t 324 17 18
t 324 16 17
t 324 15 16
t 324 14 15
t 324 13 14
t 324 12 13
t 324 325 12
t 325 11 12
t 325 10 11
t 325 9 10
t 325 8 9
t 325 7 8
t 325 6 7
t 325 326 6
t 326 5 6
t 326 4 5
t 326 3 4
t 326 2 3
t 326 1 2
t 326 0 1
t 326 195 0
t 326 194 195
