type=Torus forward=false n_boundary=179 n_holes=0 n_interior=479 n_tris=1079 label=brep47598_f236_Torus
boundary
b 5.874583775 0.000000303
b 5.854481694 -0.007104910
b 5.834355643 -0.014472543
b 5.814205155 -0.022087364
b 5.794029563 -0.029934184
b 5.773827984 -0.037997881
b 5.753599303 -0.046263418
b 5.733342161 -0.054715869
b 5.713054936 -0.063340443
b 5.692735728 -0.072122508
b 5.672382353 -0.081047612
b 5.651992317 -0.090101505
b 5.631563320 -0.099269014
b 5.611094919 -0.108530483
b 5.590587282 -0.117864996
b 5.570040705 -0.127251537
b 5.549455584 -0.136669038
b 5.528832398 -0.146096428
b 5.508171686 -0.155512692
b 5.487474024 -0.164896919
b 5.466739999 -0.174228362
b 5.445970192 -0.183486485
b 5.425165149 -0.192651014
b 5.404324518 -0.201702593
b 5.383444586 -0.210624481
b 5.362520984 -0.219400430
b 5.341549553 -0.228014035
b 5.320526347 -0.236448739
b 5.299447629 -0.244687850
b 5.278309871 -0.252714540
b 5.257109755 -0.260511862
b 5.235844172 -0.268062755
b 5.214510224 -0.275350051
b 5.193105216 -0.282356487
b 5.171627630 -0.289065313
b 5.150080100 -0.295462171
b 5.128466640 -0.301533384
b 5.106791671 -0.307265433
b 5.085059992 -0.312645013
b 5.063276747 -0.317659096
b 5.041447394 -0.322294980
b 5.019577663 -0.326540338
b 4.997673523 -0.330383254
b 4.975741143 -0.333812253
b 4.953786851 -0.336816328
b 4.931815648 -0.339385914
b 4.909826847 -0.341515611
b 4.887818380 -0.343200930
b 4.865788245 -0.344437270
b 4.843734510 -0.345219916
b 4.821655315 -0.345544030
b 4.799548881 -0.345404664
b 4.777413508 -0.344796761
b 4.755247583 -0.343715170
b 4.733049584 -0.342154667
b 4.710818079 -0.340109971
b 4.710818079 -0.379809531
b 4.710818079 -0.419509091
b 4.710818079 -0.459208651
b 4.710818079 -0.498908211
b 4.710818079 -0.538607771
b 4.710818079 -0.578307330
b 4.710818079 -0.618006890
b 4.710818079 -0.657706450
b 4.710818079 -0.697406010
b 4.710818079 -0.737105570
b 4.710818079 -0.776805130
b 4.710818079 -0.816504690
b 4.710818079 -0.856204249
b 4.710818079 -0.895903809
b 4.710818079 -0.935603369
b 4.710818079 -0.975302929
b 4.710818079 -1.015002489
b 4.710818079 -1.054702049
b 4.710818079 -1.094401609
b 4.710818079 -1.134101168
b 4.710818079 -1.173800728
b 4.710818079 -1.213500288
b 4.710818079 -1.253199848
b 4.710818079 -1.292899408
b 4.710818079 -1.332598968
b 4.710818079 -1.372298528
b 4.710818079 -1.411998087
b 4.710818079 -1.451697647
b 4.710818079 -1.491397207
b 4.710818079 -1.531096767
b 4.710818079 -1.570796327
b 4.761488928 -1.570796327
b 4.812159778 -1.570796327
b 4.862830627 -1.570796327
b 4.913501476 -1.570796327
b 4.964172325 -1.570796327
b 5.014843175 -1.570796327
b 5.065514024 -1.570796327
b 5.116184873 -1.570796327
b 5.166855722 -1.570796327
b 5.217526572 -1.570796327
b 5.268197421 -1.570796327
b 5.318868270 -1.570796327
b 5.369539119 -1.570796327
b 5.420209969 -1.570796327
b 5.470880818 -1.570796327
b 5.521551667 -1.570796327
b 5.572222516 -1.570796327
b 5.622893366 -1.570796327
b 5.673564215 -1.570796327
b 5.724235064 -1.570796327
b 5.774905913 -1.570796327
b 5.825576763 -1.570796327
b 5.876247612 -1.570796327
b 5.926918461 -1.570796327
b 5.977589310 -1.570796327
b 6.028260160 -1.570796327
b 6.078931009 -1.570796327
b 6.129601858 -1.570796327
b 6.180272707 -1.570796327
b 6.230943557 -1.570796327
b 6.281614406 -1.570796327
b 6.281614406 -1.520125478
b 6.281614406 -1.469454628
b 6.281614406 -1.418783779
b 6.281614406 -1.368112930
b 6.281614406 -1.317442081
b 6.281614406 -1.266771231
b 6.281614406 -1.216100382
b 6.281614406 -1.165429533
b 6.281614406 -1.114758684
b 6.281614406 -1.064087834
b 6.281614406 -1.013416985
b 6.281614406 -0.962746136
b 6.281614406 -0.912075287
b 6.281614406 -0.861404437
b 6.281614406 -0.810733588
b 6.281614406 -0.760062739
b 6.281614406 -0.709391890
b 6.281614406 -0.658721040
b 6.281614406 -0.608050191
b 6.281614406 -0.557379342
b 6.281614406 -0.506708493
b 6.281614406 -0.456037643
b 6.281614406 -0.405366794
b 6.281614406 -0.354695945
b 6.281614406 -0.304025096
b 6.281614406 -0.253354246
b 6.281614406 -0.202683397
b 6.281614406 -0.152012548
b 6.281614406 -0.101341699
b 6.281614406 -0.050670849
b 6.281614406 0.000000000
b 6.268484386 0.000000000
b 6.255354365 0.000000000
b 6.242224345 0.000000000
b 6.229094325 0.000000000
b 6.215964304 0.000000000
b 6.202834284 0.000000000
b 6.189704263 0.000000000
b 6.176574243 0.000000000
b 6.163444223 0.000000000
b 6.150314202 0.000000000
b 6.137184182 0.000000000
b 6.124054162 0.000000000
b 6.110924141 0.000000000
b 6.097794121 0.000000000
b 6.084664100 0.000000000
b 6.071534080 0.000000000
b 6.058404060 0.000000000
b 6.045274039 0.000000000
b 6.032144019 0.000000000
b 6.019013999 0.000000000
b 6.005883978 0.000000000
b 5.992753958 0.000000000
b 5.979623937 0.000000000
b 5.966493917 0.000000000
b 5.953363897 0.000000000
b 5.940233876 0.000000000
b 5.927103856 0.000000000
b 5.913973836 0.000000000
b 5.900843815 0.000000000
b 5.887713795 0.000000000
interior
i 4.776267926 -1.505346467
i 4.841717773 -1.505346467
i 4.907167620 -1.505346467
i 4.972617467 -1.505346467
i 5.038067314 -1.505346467
i 5.103517161 -1.505346467
i 5.168967008 -1.505346467
i 5.234416855 -1.505346467
i 5.299866702 -1.505346467
i 5.365316549 -1.505346467
i 5.430766396 -1.505346467
i 5.496216243 -1.505346467
i 5.561666090 -1.505346467
i 5.627115937 -1.505346467
i 5.692565783 -1.505346467
i 5.758015630 -1.505346467
i 5.823465477 -1.505346467
i 5.888915324 -1.505346467
i 5.954365171 -1.505346467
i 6.019815018 -1.505346467
i 6.085264865 -1.505346467
i 6.150714712 -1.505346467
i 6.216164559 -1.505346467
i 4.776267926 -1.439896608
i 4.841717773 -1.439896608
i 4.907167620 -1.439896608
i 4.972617467 -1.439896608
i 5.038067314 -1.439896608
i 5.103517161 -1.439896608
i 5.168967008 -1.439896608
i 5.234416855 -1.439896608
i 5.299866702 -1.439896608
i 5.365316549 -1.439896608
i 5.430766396 -1.439896608
i 5.496216243 -1.439896608
i 5.561666090 -1.439896608
i 5.627115937 -1.439896608
i 5.692565783 -1.439896608
i 5.758015630 -1.439896608
i 5.823465477 -1.439896608
i 5.888915324 -1.439896608
i 5.954365171 -1.439896608
i 6.019815018 -1.439896608
i 6.085264865 -1.439896608
i 6.150714712 -1.439896608
i 6.216164559 -1.439896608
i 4.776267926 -1.374446748
i 4.841717773 -1.374446748
i 4.907167620 -1.374446748
i 4.972617467 -1.374446748
i 5.038067314 -1.374446748
i 5.103517161 -1.374446748
i 5.168967008 -1.374446748
i 5.234416855 -1.374446748
i 5.299866702 -1.374446748
i 5.365316549 -1.374446748
i 5.430766396 -1.374446748
i 5.496216243 -1.374446748
i 5.561666090 -1.374446748
i 5.627115937 -1.374446748
i 5.692565783 -1.374446748
i 5.758015630 -1.374446748
i 5.823465477 -1.374446748
i 5.888915324 -1.374446748
i 5.954365171 -1.374446748
i 6.019815018 -1.374446748
i 6.085264865 -1.374446748
i 6.150714712 -1.374446748
i 6.216164559 -1.374446748
i 4.776267926 -1.308996889
i 4.841717773 -1.308996889
i 4.907167620 -1.308996889
i 4.972617467 -1.308996889
i 5.038067314 -1.308996889
i 5.103517161 -1.308996889
i 5.168967008 -1.308996889
i 5.234416855 -1.308996889
i 5.299866702 -1.308996889
i 5.365316549 -1.308996889
i 5.430766396 -1.308996889
i 5.496216243 -1.308996889
i 5.561666090 -1.308996889
i 5.627115937 -1.308996889
i 5.692565783 -1.308996889
i 5.758015630 -1.308996889
i 5.823465477 -1.308996889
i 5.888915324 -1.308996889
i 5.954365171 -1.308996889
i 6.019815018 -1.308996889
i 6.085264865 -1.308996889
i 6.150714712 -1.308996889
i 6.216164559 -1.308996889
i 4.776267926 -1.243547029
i 4.841717773 -1.243547029
i 4.907167620 -1.243547029
i 4.972617467 -1.243547029
i 5.038067314 -1.243547029
i 5.103517161 -1.243547029
i 5.168967008 -1.243547029
i 5.234416855 -1.243547029
i 5.299866702 -1.243547029
i 5.365316549 -1.243547029
i 5.430766396 -1.243547029
i 5.496216243 -1.243547029
i 5.561666090 -1.243547029
i 5.627115937 -1.243547029
i 5.692565783 -1.243547029
i 5.758015630 -1.243547029
i 5.823465477 -1.243547029
i 5.888915324 -1.243547029
i 5.954365171 -1.243547029
i 6.019815018 -1.243547029
i 6.085264865 -1.243547029
i 6.150714712 -1.243547029
i 6.216164559 -1.243547029
i 4.776267926 -1.178097169
i 4.841717773 -1.178097169
i 4.907167620 -1.178097169
i 4.972617467 -1.178097169
i 5.038067314 -1.178097169
i 5.103517161 -1.178097169
i 5.168967008 -1.178097169
i 5.234416855 -1.178097169
i 5.299866702 -1.178097169
i 5.365316549 -1.178097169
i 5.430766396 -1.178097169
i 5.496216243 -1.178097169
i 5.561666090 -1.178097169
i 5.627115937 -1.178097169
i 5.692565783 -1.178097169
i 5.758015630 -1.178097169
i 5.823465477 -1.178097169
i 5.888915324 -1.178097169
i 5.954365171 -1.178097169
i 6.019815018 -1.178097169
i 6.085264865 -1.178097169
i 6.150714712 -1.178097169
i 6.216164559 -1.178097169
i 4.776267926 -1.112647310
i 4.841717773 -1.112647310
i 4.907167620 -1.112647310
i 4.972617467 -1.112647310
i 5.038067314 -1.112647310
i 5.103517161 -1.112647310
i 5.168967008 -1.112647310
i 5.234416855 -1.112647310
i 5.299866702 -1.112647310
i 5.365316549 -1.112647310
i 5.430766396 -1.112647310
i 5.496216243 -1.112647310
i 5.561666090 -1.112647310
i 5.627115937 -1.112647310
i 5.692565783 -1.112647310
i 5.758015630 -1.112647310
i 5.823465477 -1.112647310
i 5.888915324 -1.112647310
i 5.954365171 -1.112647310
i 6.019815018 -1.112647310
i 6.085264865 -1.112647310
i 6.150714712 -1.112647310
i 6.216164559 -1.112647310
i 4.776267926 -1.047197450
i 4.841717773 -1.047197450
i 4.907167620 -1.047197450
i 4.972617467 -1.047197450
i 5.038067314 -1.047197450
i 5.103517161 -1.047197450
i 5.168967008 -1.047197450
i 5.234416855 -1.047197450
i 5.299866702 -1.047197450
i 5.365316549 -1.047197450
i 5.430766396 -1.047197450
i 5.496216243 -1.047197450
i 5.561666090 -1.047197450
i 5.627115937 -1.047197450
i 5.692565783 -1.047197450
i 5.758015630 -1.047197450
i 5.823465477 -1.047197450
i 5.888915324 -1.047197450
i 5.954365171 -1.047197450
i 6.019815018 -1.047197450
i 6.085264865 -1.047197450
i 6.150714712 -1.047197450
i 6.216164559 -1.047197450
i 4.776267926 -0.981747591
i 4.841717773 -0.981747591
i 4.907167620 -0.981747591
i 4.972617467 -0.981747591
i 5.038067314 -0.981747591
i 5.103517161 -0.981747591
i 5.168967008 -0.981747591
i 5.234416855 -0.981747591
i 5.299866702 -0.981747591
i 5.365316549 -0.981747591
i 5.430766396 -0.981747591
i 5.496216243 -0.981747591
i 5.561666090 -0.981747591
i 5.627115937 -0.981747591
i 5.692565783 -0.981747591
i 5.758015630 -0.981747591
i 5.823465477 -0.981747591
i 5.888915324 -0.981747591
i 5.954365171 -0.981747591
i 6.019815018 -0.981747591
i 6.085264865 -0.981747591
i 6.150714712 -0.981747591
i 6.216164559 -0.981747591
i 4.776267926 -0.916297731
i 4.841717773 -0.916297731
i 4.907167620 -0.916297731
i 4.972617467 -0.916297731
i 5.038067314 -0.916297731
i 5.103517161 -0.916297731
i 5.168967008 -0.916297731
i 5.234416855 -0.916297731
i 5.299866702 -0.916297731
i 5.365316549 -0.916297731
i 5.430766396 -0.916297731
i 5.496216243 -0.916297731
i 5.561666090 -0.916297731
i 5.627115937 -0.916297731
i 5.692565783 -0.916297731
i 5.758015630 -0.916297731
i 5.823465477 -0.916297731
i 5.888915324 -0.916297731
i 5.954365171 -0.916297731
i 6.019815018 -0.916297731
i 6.085264865 -0.916297731
i 6.150714712 -0.916297731
i 6.216164559 -0.916297731
i 4.776267926 -0.850847872
i 4.841717773 -0.850847872
i 4.907167620 -0.850847872
i 4.972617467 -0.850847872
i 5.038067314 -0.850847872
i 5.103517161 -0.850847872
i 5.168967008 -0.850847872
i 5.234416855 -0.850847872
i 5.299866702 -0.850847872
i 5.365316549 -0.850847872
i 5.430766396 -0.850847872
i 5.496216243 -0.850847872
i 5.561666090 -0.850847872
i 5.627115937 -0.850847872
i 5.692565783 -0.850847872
i 5.758015630 -0.850847872
i 5.823465477 -0.850847872
i 5.888915324 -0.850847872
i 5.954365171 -0.850847872
i 6.019815018 -0.850847872
i 6.085264865 -0.850847872
i 6.150714712 -0.850847872
i 6.216164559 -0.850847872
i 4.776267926 -0.785398012
i 4.841717773 -0.785398012
i 4.907167620 -0.785398012
i 4.972617467 -0.785398012
i 5.038067314 -0.785398012
i 5.103517161 -0.785398012
i 5.168967008 -0.785398012
i 5.234416855 -0.785398012
i 5.299866702 -0.785398012
i 5.365316549 -0.785398012
i 5.430766396 -0.785398012
i 5.496216243 -0.785398012
i 5.561666090 -0.785398012
i 5.627115937 -0.785398012
i 5.692565783 -0.785398012
i 5.758015630 -0.785398012
i 5.823465477 -0.785398012
i 5.888915324 -0.785398012
i 5.954365171 -0.785398012
i 6.019815018 -0.785398012
i 6.085264865 -0.785398012
i 6.150714712 -0.785398012
i 6.216164559 -0.785398012
i 4.776267926 -0.719948152
i 4.841717773 -0.719948152
i 4.907167620 -0.719948152
i 4.972617467 -0.719948152
i 5.038067314 -0.719948152
i 5.103517161 -0.719948152
i 5.168967008 -0.719948152
i 5.234416855 -0.719948152
i 5.299866702 -0.719948152
i 5.365316549 -0.719948152
i 5.430766396 -0.719948152
i 5.496216243 -0.719948152
i 5.561666090 -0.719948152
i 5.627115937 -0.719948152
i 5.692565783 -0.719948152
i 5.758015630 -0.719948152
i 5.823465477 -0.719948152
i 5.888915324 -0.719948152
i 5.954365171 -0.719948152
i 6.019815018 -0.719948152
i 6.085264865 -0.719948152
i 6.150714712 -0.719948152
i 6.216164559 -0.719948152
i 4.776267926 -0.654498293
i 4.841717773 -0.654498293
i 4.907167620 -0.654498293
i 4.972617467 -0.654498293
i 5.038067314 -0.654498293
i 5.103517161 -0.654498293
i 5.168967008 -0.654498293
i 5.234416855 -0.654498293
i 5.299866702 -0.654498293
i 5.365316549 -0.654498293
i 5.430766396 -0.654498293
i 5.496216243 -0.654498293
i 5.561666090 -0.654498293
i 5.627115937 -0.654498293
i 5.692565783 -0.654498293
i 5.758015630 -0.654498293
i 5.823465477 -0.654498293
i 5.888915324 -0.654498293
i 5.954365171 -0.654498293
i 6.019815018 -0.654498293
i 6.085264865 -0.654498293
i 6.150714712 -0.654498293
i 6.216164559 -0.654498293
i 4.776267926 -0.589048433
i 4.841717773 -0.589048433
i 4.907167620 -0.589048433
i 4.972617467 -0.589048433
i 5.038067314 -0.589048433
i 5.103517161 -0.589048433
i 5.168967008 -0.589048433
i 5.234416855 -0.589048433
i 5.299866702 -0.589048433
i 5.365316549 -0.589048433
i 5.430766396 -0.589048433
i 5.496216243 -0.589048433
i 5.561666090 -0.589048433
i 5.627115937 -0.589048433
i 5.692565783 -0.589048433
i 5.758015630 -0.589048433
i 5.823465477 -0.589048433
i 5.888915324 -0.589048433
i 5.954365171 -0.589048433
i 6.019815018 -0.589048433
i 6.085264865 -0.589048433
i 6.150714712 -0.589048433
i 6.216164559 -0.589048433
i 4.776267926 -0.523598574
i 4.841717773 -0.523598574
i 4.907167620 -0.523598574
i 4.972617467 -0.523598574
i 5.038067314 -0.523598574
i 5.103517161 -0.523598574
i 5.168967008 -0.523598574
i 5.234416855 -0.523598574
i 5.299866702 -0.523598574
i 5.365316549 -0.523598574
i 5.430766396 -0.523598574
i 5.496216243 -0.523598574
i 5.561666090 -0.523598574
i 5.627115937 -0.523598574
i 5.692565783 -0.523598574
i 5.758015630 -0.523598574
i 5.823465477 -0.523598574
i 5.888915324 -0.523598574
i 5.954365171 -0.523598574
i 6.019815018 -0.523598574
i 6.085264865 -0.523598574
i 6.150714712 -0.523598574
i 6.216164559 -0.523598574
i 4.776267926 -0.458148714
i 4.841717773 -0.458148714
i 4.907167620 -0.458148714
i 4.972617467 -0.458148714
i 5.038067314 -0.458148714
i 5.103517161 -0.458148714
i 5.168967008 -0.458148714
i 5.234416855 -0.458148714
i 5.299866702 -0.458148714
i 5.365316549 -0.458148714
i 5.430766396 -0.458148714
i 5.496216243 -0.458148714
i 5.561666090 -0.458148714
i 5.627115937 -0.458148714
i 5.692565783 -0.458148714
i 5.758015630 -0.458148714
i 5.823465477 -0.458148714
i 5.888915324 -0.458148714
i 5.954365171 -0.458148714
i 6.019815018 -0.458148714
i 6.085264865 -0.458148714
i 6.150714712 -0.458148714
i 6.216164559 -0.458148714
i 4.776267926 -0.392698855
i 4.841717773 -0.392698855
i 4.907167620 -0.392698855
i 4.972617467 -0.392698855
i 5.038067314 -0.392698855
i 5.103517161 -0.392698855
i 5.168967008 -0.392698855
i 5.234416855 -0.392698855
i 5.299866702 -0.392698855
i 5.365316549 -0.392698855
i 5.430766396 -0.392698855
i 5.496216243 -0.392698855
i 5.561666090 -0.392698855
i 5.627115937 -0.392698855
i 5.692565783 -0.392698855
i 5.758015630 -0.392698855
i 5.823465477 -0.392698855
i 5.888915324 -0.392698855
i 5.954365171 -0.392698855
i 6.019815018 -0.392698855
i 6.085264865 -0.392698855
i 6.150714712 -0.392698855
i 6.216164559 -0.392698855
i 5.038067314 -0.327248995
i 5.103517161 -0.327248995
i 5.168967008 -0.327248995
i 5.234416855 -0.327248995
i 5.299866702 -0.327248995
i 5.365316549 -0.327248995
i 5.430766396 -0.327248995
i 5.496216243 -0.327248995
i 5.561666090 -0.327248995
i 5.627115937 -0.327248995
i 5.692565783 -0.327248995
i 5.758015630 -0.327248995
i 5.823465477 -0.327248995
i 5.888915324 -0.327248995
i 5.954365171 -0.327248995
i 6.019815018 -0.327248995
i 6.085264865 -0.327248995
i 6.150714712 -0.327248995
i 6.216164559 -0.327248995
i 5.299866702 -0.261799135
i 5.365316549 -0.261799135
i 5.430766396 -0.261799135
i 5.496216243 -0.261799135
i 5.561666090 -0.261799135
i 5.627115937 -0.261799135
i 5.692565783 -0.261799135
i 5.758015630 -0.261799135
i 5.823465477 -0.261799135
i 5.888915324 -0.261799135
i 5.954365171 -0.261799135
i 6.019815018 -0.261799135
i 6.085264865 -0.261799135
i 6.150714712 -0.261799135
i 6.216164559 -0.261799135
i 5.430766396 -0.196349276
i 5.496216243 -0.196349276
i 5.561666090 -0.196349276
i 5.627115937 -0.196349276
i 5.692565783 -0.196349276
i 5.758015630 -0.196349276
i 5.823465477 -0.196349276
i 5.888915324 -0.196349276
i 5.954365171 -0.196349276
i 6.019815018 -0.196349276
i 6.085264865 -0.196349276
i 6.150714712 -0.196349276
i 6.216164559 -0.196349276
i 5.627115937 -0.130899416
i 5.692565783 -0.130899416
i 5.758015630 -0.130899416
i 5.823465477 -0.130899416
i 5.888915324 -0.130899416
i 5.954365171 -0.130899416
i 6.019815018 -0.130899416
i 6.085264865 -0.130899416
i 6.150714712 -0.130899416
i 6.216164559 -0.130899416
i 5.758015630 -0.065449557
i 5.823465477 -0.065449557
i 5.888915324 -0.065449557
i 5.954365171 -0.065449557
i 6.019815018 -0.065449557
i 6.085264865 -0.065449557
i 6.150714712 -0.065449557
i 6.216164559 -0.065449557
tris
t 86 84 85
t 86 83 84
t 86 82 83
t 86 81 82
t 86 80 81
t 86 79 80
t 86 78 79
t 86 77 78
t 86 76 77
t 86 75 76
t 86 74 75
t 86 73 74
t 117 118 119
t 117 119 120
t 117 120 121
t 117 121 122
t 117 122 123
t 117 123 124
t 117 124 125
t 117 125 126
t 117 126 127
t 86 658 73
t 86 659 658
t 86 87 659
t 87 660 659
t 87 661 660
t 87 662 661
t 87 88 662
t 88 663 662
t 88 664 663
t 88 665 664
t 88 89 665
t 89 666 665
t 89 667 666
t 89 668 667
t 89 669 668
t 89 90 669
t 90 670 669
t 90 671 670
t 90 672 671
t 90 91 672
t 91 673 672
t 91 674 673
t 91 675 674
t 91 92 675
t 92 676 675
t 92 677 676
t 92 678 677
t 92 679 678
t 92 93 679
t 93 680 679
t 93 681 680
t 93 682 681
t 93 94 682
t 94 683 682
t 94 684 683
t 94 685 684
t 94 95 685
t 95 686 685
t 95 687 686
t 95 688 687
t 95 689 688
t 95 96 689
t 96 690 689
t 96 691 690
t 96 692 691
t 96 97 692
t 97 693 692
t 97 694 693
t 97 695 694
t 97 98 695
t 98 696 695
t 98 697 696
t 98 698 697
t 98 699 698
t 98 99 699
t 99 700 699
t 99 701 700
t 99 702 701
t 99 100 702
t 100 703 702
t 100 704 703
t 100 705 704
t 100 706 705
t 100 101 706
t 101 707 706
t 101 708 707
t 101 709 708
t 101 102 709
t 102 710 709
t 102 711 710
t 102 712 711
t 102 713 712
t 102 103 713
t 103 714 713
t 103 715 714
t 103 716 715
t 103 104 716
t 104 717 716
t 104 718 717
t 104 719 718
t 104 720 719
t 104 105 720
t 105 721 720
t 105 722 721
t 105 723 722
t 105 106 723
t 106 724 723
t 106 725 724
t 106 726 725
t 106 727 726
t 106 107 727
t 107 728 727
t 107 729 728
t 107 730 729
t 107 108 730
t 108 731 730
t 108 732 731
t 108 733 732
t 108 734 733
t 108 109 734
t 109 735 734
t 109 736 735
t 109 737 736
t 109 738 737
t 109 110 738
t 110 739 738
t 110 740 739
t 110 741 740
t 110 742 741
t 110 743 742
t 110 111 743
t 111 744 743
t 111 745 744
t 111 746 745
t 111 747 746
t 111 748 747
t 111 112 748
t 112 749 748
t 112 750 749
t 112 751 750
t 112 752 751
t 112 753 752
t 112 113 753
t 113 754 753
t 113 755 754
t 113 756 755
t 113 757 756
t 113 758 757
t 113 114 758
t 114 759 758
t 114 760 759
t 114 761 760
t 114 762 761
t 114 763 762
t 114 115 763
t 115 764 763
t 115 765 764
t 115 766 765
t 115 767 766
t 115 768 767
t 115 116 768
t 116 769 768
t 116 770 769
t 116 771 770
t 116 772 771
t 116 117 772
t 117 127 772
t 73 71 72
t 73 70 71
t 73 69 70
t 73 68 69
t 73 67 68
t 73 66 67
t 73 65 66
t 73 64 65
t 73 63 64
t 73 62 63
t 73 61 62
t 73 60 61
t 127 128 129
t 127 129 130
t 127 130 131
t 127 131 132
t 127 132 133
t 127 133 134
t 127 134 135
t 127 135 136
t 127 136 137
t 73 658 60
t 658 773 60
t 658 659 773
t 659 774 773
t 659 660 774
t 660 775 774
t 660 661 775
t 661 776 775
t 661 662 776
t 662 777 776
t 662 663 777
t 663 778 777
t 663 664 778
t 664 779 778
t 664 665 779
t 665 780 779
t 665 666 780
t 666 781 780
t 666 667 781
t 667 782 781
t 667 668 782
t 668 783 782
t 668 669 783
t 669 784 783
t 669 670 784
t 670 785 784
t 670 671 785
t 671 786 785
t 671 672 786
t 672 787 786
t 672 673 787
t 673 788 787
t 673 674 788
t 674 789 788
t 674 675 789
t 675 790 789
t 675 676 790
t 676 791 790
t 676 677 791
t 677 792 791
t 677 678 792
t 678 793 792
t 678 679 793
t 679 794 793
t 679 680 794
t 680 795 794
t 680 681 795
t 681 796 795
t 681 682 796
t 682 797 796
t 682 683 797
t 683 798 797
t 683 684 798
t 684 799 798
t 684 685 799
t 685 800 799
t 685 686 800
t 686 801 800
t 686 687 801
t 687 802 801
t 687 688 802
t 688 803 802
t 688 689 803
t 689 804 803
t 689 690 804
t 690 805 804
t 690 691 805
t 691 806 805
t 691 692 806
t 692 807 806
t 692 693 807
t 693 808 807
t 693 694 808
t 694 809 808
t 694 695 809
t 695 810 809
t 695 696 810
t 696 811 810
t 696 697 811
t 697 812 811
t 697 698 812
t 698 813 812
t 698 699 813
t 699 814 813
t 699 700 814
t 700 815 814
t 700 701 815
t 701 816 815
t 701 702 816
t 702 817 816
t 702 703 817
t 703 818 817
t 703 704 818
t 704 819 818
t 704 705 819
t 705 820 819
t 705 706 820
t 706 821 820
t 706 707 821
t 707 822 821
t 707 708 822
t 708 823 822
t 708 709 823
t 709 824 823
t 709 710 824
t 710 825 824
t 710 711 825
t 711 826 825
t 711 712 826
t 712 827 826
t 712 713 827
t 713 828 827
t 713 714 828
t 714 829 828
t 714 715 829
t 715 830 829
t 715 716 830
t 716 831 830
t 716 717 831
t 717 832 831
t 717 718 832
t 718 833 832
t 718 719 833
t 719 834 833
t 719 720 834
t 720 835 834
t 720 721 835
t 721 836 835
t 721 722 836
t 722 837 836
t 722 723 837
t 723 838 837
t 723 724 838
t 724 839 838
t 724 725 839
t 725 840 839
t 725 726 840
t 726 841 840
t 726 727 841
t 727 842 841
t 727 728 842
t 728 843 842
t 728 729 843
t 729 844 843
t 729 730 844
t 730 845 844
t 730 731 845
t 731 846 845
t 731 732 846
t 732 847 846
t 732 733 847
t 733 848 847
t 733 734 848
t 734 849 848
t 734 735 849
t 735 850 849
t 735 736 850
t 736 851 850
t 736 737 851
t 737 852 851
t 737 738 852
t 738 853 852
t 738 739 853
t 739 854 853
t 739 740 854
t 740 855 854
t 740 741 855
t 741 856 855
t 741 742 856
t 742 857 856
t 742 743 857
t 743 858 857
t 743 744 858
t 744 859 858
t 744 745 859
t 745 860 859
t 745 746 860
t 746 861 860
t 746 747 861
t 747 862 861
t 747 748 862
t 748 863 862
t 748 749 863
t 749 864 863
t 749 750 864
t 750 865 864
t 750 751 865
t 751 866 865
t 751 752 866
t 752 867 866
t 752 753 867
t 753 868 867
t 753 754 868
t 754 869 868
t 754 755 869
t 755 870 869
t 755 756 870
t 756 871 870
t 756 757 871
t 757 872 871
t 757 758 872
t 758 873 872
t 758 759 873
t 759 874 873
t 759 760 874
t 760 875 874
t 760 761 875
t 761 876 875
t 761 762 876
t 762 877 876
t 762 763 877
t 763 878 877
t 763 764 878
t 764 879 878
t 764 765 879
t 765 880 879
t 765 766 880
t 766 881 880
t 766 767 881
t 767 882 881
t 767 768 882
t 768 883 882
t 768 769 883
t 769 884 883
t 769 770 884
t 770 885 884
t 770 771 885
t 771 886 885
t 771 772 886
t 772 887 886
t 772 137 887
t 772 127 137
t 60 58 59
t 60 57 58
t 60 56 57
t 60 55 56
t 60 54 55
t 60 53 54
t 60 52 53
t 60 51 52
t 60 50 51
t 60 49 50
t 60 48 49
t 60 47 48
t 60 46 47
t 60 45 46
t 137 138 139
t 137 139 140
t 137 140 141
t 137 141 142
t 137 142 143
t 137 143 144
t 137 144 145
t 137 145 146
t 137 146 147
t 60 773 45
t 773 774 45
t 774 775 45
t 775 776 45
t 776 777 45
t 777 778 45
t 778 779 45
t 779 780 45
t 780 781 45
t 781 782 45
t 782 783 45
t 783 784 45
t 784 785 45
t 785 786 45
t 786 787 45
t 787 888 45
t 787 788 888
t 788 889 888
t 788 789 889
t 789 890 889
t 789 790 890
t 790 891 890
t 790 791 891
t 791 892 891
t 791 792 892
t 792 893 892
t 792 793 893
t 793 894 893
t 793 794 894
t 794 895 894
t 794 795 895
t 795 896 895
t 795 796 896
t 796 897 896
t 796 797 897
t 797 898 897
t 797 798 898
t 798 899 898
t 798 799 899
t 799 900 899
t 799 800 900
t 800 901 900
t 800 801 901
t 801 902 901
t 801 802 902
t 802 903 902
t 802 803 903
t 803 904 903
t 803 804 904
t 804 905 904
t 804 805 905
t 805 906 905
t 805 806 906
t 806 907 906
t 806 807 907
t 807 908 907
t 807 808 908
t 808 909 908
t 808 809 909
t 809 910 909
t 809 810 910
t 810 911 910
t 810 811 911
t 811 912 911
t 811 812 912
t 812 913 912
t 812 813 913
t 813 914 913
t 813 814 914
t 814 915 914
t 814 815 915
t 815 916 915
t 815 816 916
t 816 917 916
t 816 817 917
t 817 918 917
t 817 818 918
t 818 919 918
t 818 819 919
t 819 920 919
t 819 820 920
t 820 921 920
t 820 821 921
t 821 922 921
t 821 822 922
t 822 923 922
t 822 823 923
t 823 924 923
t 823 824 924
t 824 925 924
t 824 825 925
t 825 926 925
t 825 826 926
t 826 927 926
t 826 827 927
t 827 928 927
t 827 828 928
t 828 929 928
t 828 829 929
t 829 930 929
t 829 830 930
t 830 931 930
t 830 831 931
t 831 932 931
t 831 832 932
t 832 933 932
t 832 833 933
t 833 934 933
t 833 834 934
t 834 935 934
t 834 835 935
t 835 936 935
t 835 836 936
t 836 937 936
t 836 837 937
t 837 938 937
t 837 838 938
t 838 939 938
t 838 839 939
t 839 940 939
t 839 840 940
t 840 941 940
t 840 841 941
t 841 942 941
t 841 842 942
t 842 943 942
t 842 843 943
t 843 944 943
t 843 844 944
t 844 945 944
t 844 845 945
t 845 946 945
t 845 846 946
t 846 947 946
t 846 847 947
t 847 948 947
t 847 848 948
t 848 949 948
t 848 849 949
t 849 950 949
t 849 850 950
t 850 951 950
t 850 851 951
t 851 952 951
t 851 852 952
t 852 953 952
t 852 853 953
t 853 954 953
t 853 854 954
t 854 955 954
t 854 855 955
t 855 956 955
t 855 856 956
t 856 957 956
t 856 857 957
t 857 958 957
t 857 858 958
t 858 959 958
t 858 859 959
t 859 960 959
t 859 860 960
t 860 961 960
t 860 861 961
t 861 962 961
t 861 862 962
t 862 963 962
t 862 863 963
t 863 964 963
t 863 864 964
t 864 965 964
t 864 865 965
t 865 966 965
t 865 866 966
t 866 967 966
t 866 867 967
t 867 968 967
t 867 868 968
t 868 969 968
t 868 869 969
t 869 970 969
t 869 870 970
t 870 971 970
t 870 871 971
t 871 972 971
t 871 872 972
t 872 973 972
t 872 873 973
t 873 974 973
t 873 874 974
t 874 975 974
t 874 875 975
t 875 976 975
t 875 876 976
t 876 977 976
t 876 877 977
t 877 978 977
t 877 878 978
t 878 979 978
t 878 879 979
t 879 980 979
t 879 880 980
t 880 981 980
t 880 881 981
t 881 982 981
t 881 882 982
t 882 983 982
t 882 883 983
t 883 984 983
t 883 884 984
t 884 985 984
t 884 885 985
t 885 986 985
t 885 886 986
t 886 987 986
t 886 887 987
t 887 988 987
t 887 147 988
t 887 137 147
t 45 43 44
t 45 42 43
t 45 41 42
t 45 40 41
t 45 39 40
t 45 38 39
t 45 37 38
t 45 36 37
t 45 35 36
t 45 34 35
t 45 33 34
t 45 32 33
t 45 31 32
t 45 30 31
t 147 148 149
t 147 149 150
t 147 150 151
t 147 151 152
t 147 152 153
t 147 153 154
t 147 154 155
t 147 155 156
t 147 156 157
t 147 157 158
t 45 888 30
t 888 889 30
t 889 890 30
t 890 891 30
t 891 892 30
t 892 893 30
t 893 894 30
t 894 895 30
t 895 896 30
t 896 897 30
t 897 898 30
t 898 899 30
t 899 900 30
t 900 901 30
t 901 902 30
t 902 903 30
t 903 904 30
t 904 905 30
t 905 906 30
t 906 907 30
t 907 908 30
t 908 909 30
t 909 989 30
t 909 910 989
t 910 990 989
t 910 911 990
t 911 991 990
t 911 912 991
t 912 992 991
t 912 913 992
t 913 993 992
t 913 914 993
t 914 994 993
t 914 915 994
t 915 995 994
t 915 916 995
t 916 996 995
t 916 917 996
t 917 997 996
t 917 918 997
t 918 998 997
t 918 919 998
t 919 999 998
t 919 920 999
t 920 1000 999
t 920 921 1000
t 921 1001 1000
t 921 922 1001
t 922 1002 1001
t 922 923 1002
t 923 1003 1002
t 923 924 1003
t 924 1004 1003
t 924 925 1004
t 925 1005 1004
t 925 926 1005
t 926 1006 1005
t 926 927 1006
t 927 1007 1006
t 927 928 1007
t 928 1008 1007
t 928 929 1008
t 929 1009 1008
t 929 930 1009
t 930 1010 1009
t 930 931 1010
t 931 1011 1010
t 931 932 1011
t 932 1012 1011
t 932 933 1012
t 933 1013 1012
t 933 934 1013
t 934 1014 1013
t 934 935 1014
t 935 1015 1014
t 935 936 1015
t 936 1016 1015
t 936 937 1016
t 937 1017 1016
t 937 938 1017
t 938 1018 1017
t 938 939 1018
t 939 1019 1018
t 939 940 1019
t 940 1020 1019
t 940 941 1020
t 941 1021 1020
t 941 942 1021
t 942 1022 1021
t 942 943 1022
t 943 1023 1022
t 943 944 1023
t 944 1024 1023
t 944 945 1024
t 945 1025 1024
t 945 946 1025
t 946 1026 1025
t 946 947 1026
t 947 1027 1026
t 947 948 1027
t 948 1028 1027
t 948 949 1028
t 949 1029 1028
t 949 950 1029
t 950 1030 1029
t 950 951 1030
t 951 1031 1030
t 951 952 1031
t 952 1032 1031
t 952 953 1032
t 953 1033 1032
t 953 954 1033
t 954 1034 1033
t 954 955 1034
t 955 1035 1034
t 955 956 1035
t 956 1036 1035
t 956 957 1036
t 957 1037 1036
t 957 958 1037
t 958 1038 1037
t 958 959 1038
t 959 1039 1038
t 959 960 1039
t 960 1040 1039
t 960 961 1040
t 961 1041 1040
t 961 962 1041
t 962 1042 1041
t 962 963 1042
t 963 1043 1042
t 963 964 1043
t 964 1044 1043
t 964 965 1044
t 965 1045 1044
t 965 966 1045
t 966 1046 1045
t 966 967 1046
t 967 1047 1046
t 967 968 1047
t 968 1048 1047
t 968 969 1048
t 969 1049 1048
t 969 970 1049
t 970 1050 1049
t 970 971 1050
t 971 1051 1050
t 971 972 1051
t 972 1052 1051
t 972 973 1052
t 973 1053 1052
t 973 974 1053
t 974 1054 1053
t 974 975 1054
t 975 1055 1054
t 975 976 1055
t 976 1056 1055
t 976 977 1056
t 977 158 1056
t 977 978 158
t 978 979 158
t 979 980 158
t 980 981 158
t 981 982 158
t 982 983 158
t 983 984 158
t 984 985 158
t 985 986 158
t 986 987 158
t 987 988 158
t 988 147 158
t 30 28 29
t 30 27 28
t 30 26 27
t 30 25 26
t 30 24 25
t 30 23 24
t 30 22 23
t 30 21 22
t 30 20 21
t 30 19 20
t 30 18 19
t 30 17 18
t 30 16 17
t 30 15 16
t 158 159 160
t 158 160 161
t 158 161 162
t 158 162 163
t 158 163 164
t 158 164 165
t 158 165 166
t 158 166 167
t 158 167 168
t 30 989 15
t 989 990 15
t 990 991 15
t 991 992 15
t 992 993 15
t 993 994 15
t 994 995 15
t 995 996 15
t 996 997 15
t 997 998 15
t 998 999 15
t 999 1000 15
t 1000 1001 15
t 1001 1002 15
t 1002 1003 15
t 1003 1004 15
t 1004 1005 15
t 1005 1006 15
t 1006 1007 15
t 1007 1008 15
t 1008 1009 15
t 1009 1010 15
t 1010 1057 15
t 1010 1011 1057
t 1011 1058 1057
t 1011 1012 1058
t 1012 1059 1058
t 1012 1013 1059
t 1013 1060 1059
t 1013 1014 1060
t 1014 1061 1060
t 1014 1015 1061
t 1015 1062 1061
t 1015 1016 1062
t 1016 1063 1062
t 1016 1017 1063
t 1017 1064 1063
t 1017 1018 1064
t 1018 1065 1064
t 1018 1019 1065
t 1019 1066 1065
t 1019 1020 1066
t 1020 1067 1066
t 1020 1021 1067
t 1021 1068 1067
t 1021 1022 1068
t 1022 1069 1068
t 1022 1023 1069
t 1023 1070 1069
t 1023 1024 1070
t 1024 1071 1070
t 1024 1025 1071
t 1025 1072 1071
t 1025 1026 1072
t 1026 1073 1072
t 1026 1027 1073
t 1027 1074 1073
t 1027 1028 1074
t 1028 1075 1074
t 1028 1029 1075
t 1029 1076 1075
t 1029 1030 1076
t 1030 1077 1076
t 1030 1031 1077
t 1031 1078 1077
t 1031 1032 1078
t 1032 1079 1078
t 1032 1033 1079
t 1033 1080 1079
t 1033 1034 1080
t 1034 1081 1080
t 1034 1035 1081
t 1035 1082 1081
t 1035 1036 1082
t 1036 1083 1082
t 1036 1037 1083
t 1037 1084 1083
t 1037 1038 1084
t 1038 1085 1084
t 1038 1039 1085
t 1039 1086 1085
t 1039 1040 1086
t 1040 1087 1086
t 1040 1041 1087
t 1041 1088 1087
t 1041 1042 1088
t 1042 1089 1088
t 1042 1043 1089
t 1043 1090 1089
t 1043 1044 1090
t 1044 168 1090
t 1044 1045 168
t 1045 1046 168
t 1046 1047 168
t 1047 1048 168
t 1048 1049 168
t 1049 1050 168
t 1050 1051 168
t 1051 1052 168
t 1052 1053 168
t 1053 1054 168
t 1054 1055 168
t 1055 1056 168
t 1056 158 168
t 15 13 14
t 15 12 13
t 15 11 12
t 15 10 11
t 15 9 10
t 15 8 9
t 168 169 170
t 168 170 171
t 168 171 172
t 168 172 173
t 15 1057 8
t 1057 1058 8
t 1058 1059 8
t 1059 1060 8
t 1060 1061 8
t 1061 1062 8
t 1062 1063 8
t 1063 1064 8
t 1064 1065 8
t 1065 1066 8
t 1066 1067 8
t 1067 1091 8
t 1067 1068 1091
t 1068 1092 1091
t 1068 1069 1092
t 1069 1093 1092
t 1069 1070 1093
t 1070 1094 1093
t 1070 1071 1094
t 1071 1095 1094
t 1071 1072 1095
t 1072 1096 1095
t 1072 1073 1096
t 1073 1097 1096
t 1073 1074 1097
t 1074 1098 1097
t 1074 1075 1098
t 1075 1099 1098
t 1075 1076 1099
t 1076 1100 1099
t 1076 1077 1100
t 1077 1101 1100
t 1077 1078 1101
t 1078 1102 1101
t 1078 1079 1102
t 1079 1103 1102
t 1079 1080 1103
t 1080 1104 1103
t 1080 1081 1104
t 1081 1105 1104
t 1081 1082 1105
t 1082 1106 1105
t 1082 1083 1106
t 1083 1107 1106
t 1083 1084 1107
t 1084 1108 1107
t 1084 1085 1108
t 1085 173 1108
t 1085 1086 173
t 1086 1087 173
t 1087 1088 173
t 1088 1089 173
t 1089 1090 173
t 1090 168 173
t 8 6 7
t 8 5 6
t 8 4 5
t 8 3 4
t 8 2 3
t 8 1 2
t 8 0 1
t 173 174 175
t 173 175 176
t 173 176 177
t 173 177 178
t 173 178 0
t 8 1091 0
t 1091 1092 0
t 1092 1093 0
t 1093 1094 0
t 1094 1095 0
t 1095 1096 0
t 1096 1097 0
t 1097 1098 0
t 1098 1099 0
t 1099 1100 0
t 1100 1101 0
t 1101 1102 0
t 1102 1103 0
t 1103 1104 0
t 1104 1105 0
t 1105 1106 0
t 1106 1107 0
t 1107 1108 0
t 1108 173 0
