type=Nurbs forward=true n_boundary=220 n_holes=0 n_interior=369 n_tris=1194 label=brep47598_f102_Nurbs(deg=3/3, cps=4x5)
boundary
b 0.136338135 0.439362645
b 0.151077855 0.439357627
b 0.165726928 0.439353575
b 0.180289746 0.439350404
b 0.194770555 0.439348027
b 0.209173475 0.439346359
b 0.223502517 0.439345314
b 0.237761608 0.439344809
b 0.251954601 0.439344760
b 0.266085299 0.439345083
b 0.280157469 0.439345695
b 0.294174860 0.439346513
b 0.308141218 0.439347455
b 0.322060304 0.439348440
b 0.335935876 0.439349410
b 0.349771598 0.439350356
b 0.363571024 0.439351275
b 0.377337607 0.439352163
b 0.391074727 0.439353016
b 0.404785698 0.439353832
b 0.418473791 0.439354605
b 0.432142245 0.439355333
b 0.445794288 0.439356013
b 0.459433149 0.439356640
b 0.473062072 0.439357210
b 0.486684337 0.439357721
b 0.500303273 0.439358169
b 0.513922271 0.439358550
b 0.527544756 0.439358869
b 0.541174105 0.439359135
b 0.554813631 0.439359359
b 0.568466603 0.439359552
b 0.582136258 0.439359726
b 0.595825821 0.439359890
b 0.609538516 0.439360057
b 0.623277586 0.439360236
b 0.637046305 0.439360438
b 0.650847997 0.439360674
b 0.664686052 0.439360956
b 0.678563940 0.439361293
b 0.692485232 0.439361698
b 0.706453616 0.439362178
b 0.720472878 0.439362726
b 0.734546813 0.439363327
b 0.748679204 0.439363964
b 0.762873840 0.439364620
b 0.777134530 0.439365280
b 0.791465124 0.439365926
b 0.805869526 0.439366544
b 0.820351714 0.439367117
b 0.834915756 0.439367627
b 0.849565831 0.439368059
b 0.864306247 0.439368396
b 0.879141461 0.439368621
b 0.894076104 0.439368718
b 0.894076123 0.439604274
b 0.894076192 0.439839750
b 0.894076302 0.440075145
b 0.894076447 0.440310461
b 0.894076621 0.440545696
b 0.894076819 0.440780851
b 0.894077035 0.441015926
b 0.894077265 0.441250921
b 0.894077502 0.441485837
b 0.894077743 0.441720672
b 0.894077980 0.441955428
b 0.894078211 0.442190105
b 0.894078428 0.442424701
b 0.894078627 0.442659219
b 0.894078803 0.442893656
b 0.894078950 0.443128015
b 0.894079064 0.443362294
b 0.894079138 0.443596494
b 0.894079168 0.443830615
b 0.894079149 0.444064657
b 0.894079074 0.444298620
b 0.894078939 0.444532504
b 0.894078739 0.444766309
b 0.894078469 0.445000036
b 0.894078122 0.445233683
b 0.894077695 0.445467252
b 0.894077181 0.445700743
b 0.894076575 0.445934155
b 0.894075880 0.446167488
b 0.894075103 0.446400743
b 0.894074253 0.446633919
b 0.894073338 0.446867018
b 0.894072366 0.447100038
b 0.894071346 0.447332980
b 0.894070287 0.447565843
b 0.894069197 0.447798629
b 0.894068083 0.448031337
b 0.894066956 0.448263966
b 0.894065822 0.448496518
b 0.894064690 0.448728992
b 0.894063570 0.448961388
b 0.894062468 0.449193706
b 0.894061394 0.449425947
b 0.894060356 0.449658110
b 0.894059363 0.449890196
b 0.894058422 0.450122204
b 0.894057542 0.450354134
b 0.894056732 0.450585987
b 0.894056000 0.450817763
b 0.894055354 0.451049462
b 0.894054803 0.451281083
b 0.894054355 0.451512628
b 0.894054018 0.451744095
b 0.894053802 0.451975485
b 0.894053714 0.452206798
b 0.878836743 0.452206963
b 0.863722667 0.452207324
b 0.848706627 0.452207853
b 0.833783951 0.452208522
b 0.818950125 0.452209303
b 0.804200775 0.452210167
b 0.789531645 0.452211089
b 0.774938576 0.452212039
b 0.760417483 0.452212990
b 0.745964344 0.452213914
b 0.731575173 0.452214785
b 0.717246005 0.452215575
b 0.702972881 0.452216256
b 0.688751825 0.452216802
b 0.674578848 0.452217201
b 0.660450031 0.452217475
b 0.646361577 0.452217649
b 0.632309795 0.452217748
b 0.618291084 0.452217797
b 0.604301913 0.452217822
b 0.590338804 0.452217846
b 0.576398311 0.452217894
b 0.562477006 0.452217992
b 0.548571462 0.452218165
b 0.534678230 0.452218437
b 0.520793832 0.452218834
b 0.506914732 0.452219380
b 0.493037329 0.452220098
b 0.479157999 0.452220981
b 0.465273185 0.452221984
b 0.451379401 0.452223064
b 0.437473214 0.452224177
b 0.423551226 0.452225279
b 0.409610055 0.452226324
b 0.395646323 0.452227270
b 0.381656634 0.452228071
b 0.367637559 0.452228683
b 0.353585616 0.452229061
b 0.339497256 0.452229159
b 0.325368843 0.452228934
b 0.311196633 0.452228339
b 0.296976754 0.452227337
b 0.282705189 0.452225963
b 0.268377895 0.452224287
b 0.253990843 0.452222381
b 0.239540001 0.452220318
b 0.225021309 0.452218169
b 0.210430671 0.452216008
b 0.195763927 0.452213907
b 0.181016838 0.452211939
b 0.166185068 0.452210178
b 0.151264158 0.452208698
b 0.136249507 0.452207573
b 0.121136351 0.452206879
b 0.105919737 0.452206690
b 0.106187161 0.451974271
b 0.106455142 0.451741820
b 0.106723682 0.451509335
b 0.106992785 0.451276818
b 0.107262451 0.451044267
b 0.107532684 0.450811683
b 0.107803487 0.450579065
b 0.108074861 0.450346413
b 0.108346809 0.450113727
b 0.108619333 0.449881005
b 0.108892436 0.449648250
b 0.109166121 0.449415459
b 0.109440389 0.449182632
b 0.109715245 0.448949770
b 0.109990689 0.448716872
b 0.110266725 0.448483939
b 0.110543356 0.448250968
b 0.110820583 0.448017962
b 0.111098410 0.447784918
b 0.111376840 0.447551837
b 0.111655874 0.447318719
b 0.111935517 0.447085564
b 0.112215770 0.446852370
b 0.112496636 0.446619139
b 0.112778119 0.446385869
b 0.113060220 0.446152561
b 0.113342944 0.445919214
b 0.113626292 0.445685828
b 0.113910264 0.445452402
b 0.114194858 0.445218937
b 0.114480071 0.444985432
b 0.114765898 0.444751887
b 0.115052339 0.444518302
b 0.115339388 0.444284676
b 0.115627044 0.444051010
b 0.115915304 0.443817302
b 0.116204164 0.443583553
b 0.116493622 0.443349763
b 0.116783676 0.443115930
b 0.117074321 0.442882056
b 0.117365555 0.442648139
b 0.117657376 0.442414180
b 0.117949781 0.442180178
b 0.118242767 0.441946133
b 0.118536332 0.441712044
b 0.118830472 0.441477912
b 0.119125185 0.441243736
b 0.119420469 0.441009516
b 0.119716320 0.440775251
b 0.120012738 0.440540942
b 0.120309717 0.440306588
b 0.120607257 0.440072189
b 0.120905355 0.439837744
b 0.121204007 0.439603254
b 0.121503210 0.439368718
interior
i 0.204439666 0.440955310
i 0.302959595 0.440955310
i 0.401479524 0.440955310
i 0.499999453 0.440955310
i 0.598519382 0.440955310
i 0.697039310 0.440955310
i 0.795559239 0.440955310
i 0.204439666 0.442565860
i 0.302959595 0.442565860
i 0.401479524 0.442565860
i 0.499999453 0.442565860
i 0.598519382 0.442565860
i 0.697039310 0.442565860
i 0.795559239 0.442565860
i 0.204439666 0.444176410
i 0.302959595 0.444176410
i 0.401479524 0.444176410
i 0.499999453 0.444176410
i 0.598519382 0.444176410
i 0.697039310 0.444176410
i 0.795559239 0.444176410
i 0.204439666 0.445786960
i 0.302959595 0.445786960
i 0.401479524 0.445786960
i 0.499999453 0.445786960
i 0.598519382 0.445786960
i 0.697039310 0.445786960
i 0.795559239 0.445786960
i 0.204439666 0.447397510
i 0.302959595 0.447397510
i 0.401479524 0.447397510
i 0.499999453 0.447397510
i 0.598519382 0.447397510
i 0.697039310 0.447397510
i 0.795559239 0.447397510
i 0.204439666 0.449008060
i 0.302959595 0.449008060
i 0.401479524 0.449008060
i 0.499999453 0.449008060
i 0.598519382 0.449008060
i 0.697039310 0.449008060
i 0.795559239 0.449008060
i 0.204439666 0.450618609
i 0.302959595 0.450618609
i 0.401479524 0.450618609
i 0.499999453 0.450618609
i 0.598519382 0.450618609
i 0.697039310 0.450618609
i 0.795559239 0.450618609
i 0.155179702 0.440150035
i 0.130549720 0.439747398
i 0.179809684 0.439747398
i 0.130549720 0.440552672
i 0.179809684 0.440552672
i 0.155179702 0.441760585
i 0.130549720 0.441357947
i 0.179809684 0.441357947
i 0.130549720 0.442163222
i 0.179809684 0.442163222
i 0.155179702 0.443371135
i 0.130549720 0.442968497
i 0.179809684 0.442968497
i 0.130549720 0.443773772
i 0.179809684 0.443773772
i 0.155179702 0.444981685
i 0.130549720 0.444579047
i 0.179809684 0.444579047
i 0.130549720 0.445384322
i 0.179809684 0.445384322
i 0.155179702 0.446592235
i 0.130549720 0.446189597
i 0.179809684 0.446189597
i 0.130549720 0.446994872
i 0.179809684 0.446994872
i 0.155179702 0.448202785
i 0.130549720 0.447800147
i 0.179809684 0.447800147
i 0.130549720 0.448605422
i 0.179809684 0.448605422
i 0.155179702 0.449813335
i 0.130549720 0.449410697
i 0.179809684 0.449410697
i 0.130549720 0.450215972
i 0.179809684 0.450215972
i 0.155179702 0.451423884
i 0.130549720 0.451021247
i 0.179809684 0.451021247
i 0.130549720 0.451826522
i 0.179809684 0.451826522
i 0.253699631 0.440150035
i 0.229069649 0.439747398
i 0.278329613 0.439747398
i 0.229069649 0.440552672
i 0.278329613 0.440552672
i 0.253699631 0.441760585
i 0.229069649 0.441357947
i 0.278329613 0.441357947
i 0.229069649 0.442163222
i 0.278329613 0.442163222
i 0.253699631 0.443371135
i 0.229069649 0.442968497
i 0.278329613 0.442968497
i 0.229069649 0.443773772
i 0.278329613 0.443773772
i 0.253699631 0.444981685
i 0.229069649 0.444579047
i 0.278329613 0.444579047
i 0.229069649 0.445384322
i 0.278329613 0.445384322
i 0.253699631 0.446592235
i 0.229069649 0.446189597
i 0.278329613 0.446189597
i 0.229069649 0.446994872
i 0.278329613 0.446994872
i 0.253699631 0.448202785
i 0.229069649 0.447800147
i 0.278329613 0.447800147
i 0.229069649 0.448605422
i 0.278329613 0.448605422
i 0.253699631 0.449813335
i 0.229069649 0.449410697
i 0.278329613 0.449410697
i 0.229069649 0.450215972
i 0.278329613 0.450215972
i 0.253699631 0.451423884
i 0.229069649 0.451021247
i 0.278329613 0.451021247
i 0.229069649 0.451826522
i 0.278329613 0.451826522
i 0.352219560 0.440150035
i 0.327589577 0.439747398
i 0.376849542 0.439747398
i 0.327589577 0.440552672
i 0.376849542 0.440552672
i 0.352219560 0.441760585
i 0.327589577 0.441357947
i 0.376849542 0.441357947
i 0.327589577 0.442163222
i 0.376849542 0.442163222
i 0.352219560 0.443371135
i 0.327589577 0.442968497
i 0.376849542 0.442968497
i 0.327589577 0.443773772
i 0.376849542 0.443773772
i 0.352219560 0.444981685
i 0.327589577 0.444579047
i 0.376849542 0.444579047
i 0.327589577 0.445384322
i 0.376849542 0.445384322
i 0.352219560 0.446592235
i 0.327589577 0.446189597
i 0.376849542 0.446189597
i 0.327589577 0.446994872
i 0.376849542 0.446994872
i 0.352219560 0.448202785
i 0.327589577 0.447800147
i 0.376849542 0.447800147
i 0.327589577 0.448605422
i 0.376849542 0.448605422
i 0.352219560 0.449813335
i 0.327589577 0.449410697
i 0.376849542 0.449410697
i 0.327589577 0.450215972
i 0.376849542 0.450215972
i 0.352219560 0.451423884
i 0.327589577 0.451021247
i 0.376849542 0.451021247
i 0.327589577 0.451826522
i 0.376849542 0.451826522
i 0.450739488 0.440150035
i 0.426109506 0.439747398
i 0.475369471 0.439747398
i 0.426109506 0.440552672
i 0.475369471 0.440552672
i 0.450739488 0.441760585
i 0.426109506 0.441357947
i 0.475369471 0.441357947
i 0.426109506 0.442163222
i 0.475369471 0.442163222
i 0.450739488 0.443371135
i 0.426109506 0.442968497
i 0.475369471 0.442968497
i 0.426109506 0.443773772
i 0.475369471 0.443773772
i 0.450739488 0.444981685
i 0.426109506 0.444579047
i 0.475369471 0.444579047
i 0.426109506 0.445384322
i 0.475369471 0.445384322
i 0.450739488 0.446592235
i 0.426109506 0.446189597
i 0.475369471 0.446189597
i 0.426109506 0.446994872
i 0.475369471 0.446994872
i 0.450739488 0.448202785
i 0.426109506 0.447800147
i 0.475369471 0.447800147
i 0.426109506 0.448605422
i 0.475369471 0.448605422
i 0.450739488 0.449813335
i 0.426109506 0.449410697
i 0.475369471 0.449410697
i 0.426109506 0.450215972
i 0.475369471 0.450215972
i 0.450739488 0.451423884
i 0.426109506 0.451021247
i 0.475369471 0.451021247
i 0.426109506 0.451826522
i 0.475369471 0.451826522
i 0.549259417 0.440150035
i 0.524629435 0.439747398
i 0.573889399 0.439747398
i 0.524629435 0.440552672
i 0.573889399 0.440552672
i 0.549259417 0.441760585
i 0.524629435 0.441357947
i 0.573889399 0.441357947
i 0.524629435 0.442163222
i 0.573889399 0.442163222
i 0.549259417 0.443371135
i 0.524629435 0.442968497
i 0.573889399 0.442968497
i 0.524629435 0.443773772
i 0.573889399 0.443773772
i 0.549259417 0.444981685
i 0.524629435 0.444579047
i 0.573889399 0.444579047
i 0.524629435 0.445384322
i 0.573889399 0.445384322
i 0.549259417 0.446592235
i 0.524629435 0.446189597
i 0.573889399 0.446189597
i 0.524629435 0.446994872
i 0.573889399 0.446994872
i 0.549259417 0.448202785
i 0.524629435 0.447800147
i 0.573889399 0.447800147
i 0.524629435 0.448605422
i 0.573889399 0.448605422
i 0.549259417 0.449813335
i 0.524629435 0.449410697
i 0.573889399 0.449410697
i 0.524629435 0.450215972
i 0.573889399 0.450215972
i 0.549259417 0.451423884
i 0.524629435 0.451021247
i 0.573889399 0.451021247
i 0.524629435 0.451826522
i 0.573889399 0.451826522
i 0.647779346 0.440150035
i 0.623149364 0.439747398
i 0.672409328 0.439747398
i 0.623149364 0.440552672
i 0.672409328 0.440552672
i 0.647779346 0.441760585
i 0.623149364 0.441357947
i 0.672409328 0.441357947
i 0.623149364 0.442163222
i 0.672409328 0.442163222
i 0.647779346 0.443371135
i 0.623149364 0.442968497
i 0.672409328 0.442968497
i 0.623149364 0.443773772
i 0.672409328 0.443773772
i 0.647779346 0.444981685
i 0.623149364 0.444579047
i 0.672409328 0.444579047
i 0.623149364 0.445384322
i 0.672409328 0.445384322
i 0.647779346 0.446592235
i 0.623149364 0.446189597
i 0.672409328 0.446189597
i 0.623149364 0.446994872
i 0.672409328 0.446994872
i 0.647779346 0.448202785
i 0.623149364 0.447800147
i 0.672409328 0.447800147
i 0.623149364 0.448605422
i 0.672409328 0.448605422
i 0.647779346 0.449813335
i 0.623149364 0.449410697
i 0.672409328 0.449410697
i 0.623149364 0.450215972
i 0.672409328 0.450215972
i 0.647779346 0.451423884
i 0.623149364 0.451021247
i 0.672409328 0.451021247
i 0.623149364 0.451826522
i 0.672409328 0.451826522
i 0.746299275 0.440150035
i 0.721669293 0.439747398
i 0.770929257 0.439747398
i 0.721669293 0.440552672
i 0.770929257 0.440552672
i 0.746299275 0.441760585
i 0.721669293 0.441357947
i 0.770929257 0.441357947
i 0.721669293 0.442163222
i 0.770929257 0.442163222
i 0.746299275 0.443371135
i 0.721669293 0.442968497
i 0.770929257 0.442968497
i 0.721669293 0.443773772
i 0.770929257 0.443773772
i 0.746299275 0.444981685
i 0.721669293 0.444579047
i 0.770929257 0.444579047
i 0.721669293 0.445384322
i 0.770929257 0.445384322
i 0.746299275 0.446592235
i 0.721669293 0.446189597
i 0.770929257 0.446189597
i 0.721669293 0.446994872
i 0.770929257 0.446994872
i 0.746299275 0.448202785
i 0.721669293 0.447800147
i 0.770929257 0.447800147
i 0.721669293 0.448605422
i 0.770929257 0.448605422
i 0.746299275 0.449813335
i 0.721669293 0.449410697
i 0.770929257 0.449410697
i 0.721669293 0.450215972
i 0.770929257 0.450215972
i 0.746299275 0.451423884
i 0.721669293 0.451021247
i 0.770929257 0.451021247
i 0.721669293 0.451826522
i 0.770929257 0.451826522
i 0.844819204 0.440150035
i 0.820189222 0.439747398
i 0.869449186 0.439747398
i 0.820189222 0.440552672
i 0.869449186 0.440552672
i 0.844819204 0.441760585
i 0.820189222 0.441357947
i 0.869449186 0.441357947
i 0.820189222 0.442163222
i 0.869449186 0.442163222
i 0.844819204 0.443371135
i 0.820189222 0.442968497
i 0.869449186 0.442968497
i 0.820189222 0.443773772
i 0.869449186 0.443773772
i 0.844819204 0.444981685
i 0.820189222 0.444579047
i 0.869449186 0.444579047
i 0.820189222 0.445384322
i 0.869449186 0.445384322
i 0.844819204 0.446592235
i 0.820189222 0.446189597
i 0.869449186 0.446189597
i 0.820189222 0.446994872
i 0.869449186 0.446994872
i 0.844819204 0.448202785
i 0.820189222 0.447800147
i 0.869449186 0.447800147
i 0.820189222 0.448605422
i 0.869449186 0.448605422
i 0.844819204 0.449813335
i 0.820189222 0.449410697
i 0.869449186 0.449410697
i 0.820189222 0.450215972
i 0.869449186 0.450215972
i 0.844819204 0.451423884
i 0.820189222 0.451021247
i 0.869449186 0.451021247
i 0.820189222 0.451826522
i 0.869449186 0.451826522
tris
t 219 597 589
t 219 0 597
t 0 598 597
t 0 1 598
t 1 599 598
t 1 600 599
t 1 2 600
t 2 601 600
t 2 602 601
t 2 3 602
t 3 603 602
t 3 604 603
t 3 4 604
t 4 605 604
t 4 606 605
t 4 5 606
t 5 607 606
t 5 608 607
t 5 6 608
t 6 609 608
t 6 610 609
t 6 7 610
t 7 611 610
t 7 612 611
t 7 8 612
t 8 613 612
t 8 614 613
t 8 9 614
t 9 615 614
t 9 616 615
t 9 10 616
t 10 617 616
t 10 618 617
t 10 11 618
t 11 619 618
t 11 620 619
t 11 12 620
t 12 621 620
t 12 622 621
t 12 13 622
t 13 623 622
t 13 624 623
t 13 14 624
t 14 625 624
t 14 626 625
t 14 15 626
t 15 627 626
t 15 628 627
t 15 16 628
t 16 629 628
t 16 630 629
t 16 17 630
t 17 631 630
t 17 632 631
t 17 18 632
t 18 633 632
t 18 634 633
t 18 19 634
t 19 635 634
t 19 636 635
t 19 20 636
t 20 637 636
t 20 638 637
t 20 21 638
t 21 639 638
t 21 640 639
t 21 22 640
t 22 641 640
t 22 642 641
t 22 23 642
t 23 643 642
t 23 644 643
t 23 24 644
t 24 645 644
t 24 646 645
t 24 25 646
t 25 647 646
t 25 648 647
t 25 26 648
t 26 649 648
t 26 650 649
t 26 27 650
t 27 651 650
t 27 652 651
t 27 28 652
t 28 653 652
t 28 654 653
t 28 29 654
t 29 655 654
t 29 656 655
t 29 30 656
t 30 657 656
t 30 658 657
t 30 31 658
t 31 659 658
t 31 660 659
t 31 32 660
t 32 661 660
t 32 662 661
t 32 33 662
t 33 663 662
t 33 664 663
t 33 34 664
t 34 665 664
t 34 666 665
t 34 35 666
t 35 667 666
t 35 668 667
t 35 36 668
t 36 669 668
t 36 670 669
t 36 37 670
t 37 671 670
t 37 672 671
t 37 38 672
t 38 673 672
t 38 674 673
t 38 39 674
t 39 675 674
t 39 676 675
t 39 40 676
t 40 677 676
t 40 678 677
t 40 41 678
t 41 679 678
t 41 680 679
t 41 42 680
t 42 681 680
t 42 682 681
t 42 43 682
t 43 683 682
t 43 684 683
t 43 44 684
t 44 685 684
t 44 686 685
t 44 45 686
t 45 687 686
t 45 688 687
t 45 46 688
t 46 689 688
t 46 690 689
t 46 47 690
t 47 691 690
t 47 692 691
t 47 48 692
t 48 693 692
t 48 694 693
t 48 49 694
t 49 695 694
t 49 696 695
t 49 50 696
t 50 697 696
t 50 698 697
t 50 51 698
t 51 699 698
t 51 700 699
t 51 52 700
t 52 701 700
t 52 702 701
t 52 53 702
t 53 703 702
t 53 590 703
t 53 54 590
t 219 589 218
t 218 589 217
t 217 589 216
t 216 589 215
t 215 589 214
t 214 589 213
t 213 589 212
t 212 589 211
t 211 589 210
t 210 589 209
t 209 589 208
t 208 589 207
t 207 589 206
t 206 589 591
t 54 55 590
t 55 56 590
t 56 57 590
t 57 58 590
t 58 59 590
t 59 60 590
t 60 61 590
t 61 62 590
t 62 63 590
t 63 64 590
t 64 65 590
t 65 66 590
t 66 67 590
t 67 592 590
t 589 704 591
t 589 705 704
t 589 706 705
t 589 707 706
t 589 597 707
t 597 708 707
t 597 598 708
t 598 709 708
t 598 599 709
t 599 710 709
t 599 600 710
t 600 711 710
t 600 601 711
t 601 712 711
t 601 602 712
t 602 713 712
t 602 603 713
t 603 714 713
t 603 604 714
t 604 715 714
t 604 605 715
t 605 716 715
t 605 606 716
t 606 717 716
t 606 607 717
t 607 718 717
t 607 608 718
t 608 719 718
t 608 609 719
t 609 720 719
t 609 610 720
t 610 721 720
t 610 611 721
t 611 722 721
t 611 612 722
t 612 723 722
t 612 613 723
t 613 724 723
t 613 614 724
t 614 725 724
t 614 615 725
t 615 726 725
t 615 616 726
t 616 727 726
t 616 617 727
t 617 728 727
t 617 618 728
t 618 729 728
t 618 619 729
t 619 730 729
t 619 620 730
t 620 731 730
t 620 621 731
t 621 732 731
t 621 622 732
t 622 733 732
t 622 623 733
t 623 734 733
t 623 624 734
t 624 735 734
t 624 625 735
t 625 736 735
t 625 626 736
t 626 737 736
t 626 627 737
t 627 738 737
t 627 628 738
t 628 739 738
t 628 629 739
t 629 740 739
t 629 630 740
t 630 741 740
t 630 631 741
t 631 742 741
t 631 632 742
t 632 743 742
t 632 633 743
t 633 744 743
t 633 634 744
t 634 745 744
t 634 635 745
t 635 746 745
t 635 636 746
t 636 747 746
t 636 637 747
t 637 748 747
t 637 638 748
t 638 749 748
t 638 639 749
t 639 750 749
t 639 640 750
t 640 751 750
t 640 641 751
t 641 752 751
t 641 642 752
t 642 753 752
t 642 643 753
t 643 754 753
t 643 644 754
t 644 755 754
t 644 645 755
t 645 756 755
t 645 646 756
t 646 757 756
t 646 647 757
t 647 758 757
t 647 648 758
t 648 759 758
t 648 649 759
t 649 760 759
t 649 650 760
t 650 761 760
t 650 651 761
t 651 762 761
t 651 652 762
t 652 763 762
t 652 653 763
t 653 764 763
t 653 654 764
t 654 765 764
t 654 655 765
t 655 766 765
t 655 656 766
t 656 767 766
t 656 657 767
t 657 768 767
t 657 658 768
t 658 769 768
t 658 659 769
t 659 770 769
t 659 660 770
t 660 771 770
t 660 661 771
t 661 772 771
t 661 662 772
t 662 773 772
t 662 663 773
t 663 774 773
t 663 664 774
t 664 775 774
t 664 665 775
t 665 776 775
t 665 666 776
t 666 777 776
t 666 667 777
t 667 778 777
t 667 668 778
t 668 779 778
t 668 669 779
t 669 780 779
t 669 670 780
t 670 781 780
t 670 671 781
t 671 782 781
t 671 672 782
t 672 783 782
t 672 673 783
t 673 784 783
t 673 674 784
t 674 785 784
t 674 675 785
t 675 786 785
t 675 676 786
t 676 787 786
t 676 677 787
t 677 788 787
t 677 678 788
t 678 789 788
t 678 679 789
t 679 790 789
t 679 680 790
t 680 791 790
t 680 681 791
t 681 792 791
t 681 682 792
t 682 793 792
t 682 683 793
t 683 794 793
t 683 684 794
t 684 795 794
t 684 685 795
t 685 796 795
t 685 686 796
t 686 797 796
t 686 687 797
t 687 798 797
t 687 688 798
t 688 799 798
t 688 689 799
t 689 800 799
t 689 690 800
t 690 801 800
t 690 691 801
t 691 802 801
t 691 692 802
t 692 803 802
t 692 693 803
t 693 804 803
t 693 694 804
t 694 805 804
t 694 695 805
t 695 806 805
t 695 696 806
t 696 807 806
t 696 697 807
t 697 808 807
t 697 698 808
t 698 809 808
t 698 699 809
t 699 810 809
t 699 700 810
t 700 811 810
t 700 701 811
t 701 812 811
t 701 702 812
t 702 813 812
t 702 703 813
t 703 814 813
t 703 590 814
t 590 592 814
t 206 591 205
t 205 591 204
t 204 591 203
t 203 591 202
t 202 591 201
t 201 591 200
t 200 591 199
t 199 591 198
t 198 591 197
t 197 591 196
t 196 591 195
t 195 591 194
t 194 591 193
t 193 591 192
t 192 591 593
t 67 68 592
t 68 69 592
t 69 70 592
t 70 71 592
t 71 72 592
t 72 73 592
t 73 74 592
t 74 75 592
t 75 76 592
t 76 77 592
t 77 78 592
t 78 79 592
t 79 80 592
t 80 81 592
t 81 594 592
t 591 815 593
t 591 816 815
t 591 817 816
t 591 818 817
t 591 819 818
t 591 820 819
t 591 821 820
t 591 822 821
t 591 823 822
t 591 824 823
t 591 825 824
t 591 826 825
t 591 827 826
t 591 704 827
t 704 828 827
t 704 705 828
t 705 829 828
t 705 706 829
t 706 830 829
t 706 707 830
t 707 831 830
t 707 708 831
t 708 832 831
t 708 709 832
t 709 833 832
t 709 710 833
t 710 834 833
t 710 711 834
t 711 835 834
t 711 712 835
t 712 836 835
t 712 713 836
t 713 837 836
t 713 714 837
t 714 838 837
t 714 715 838
t 715 839 838
t 715 716 839
t 716 840 839
t 716 717 840
t 717 841 840
t 717 718 841
t 718 842 841
t 718 719 842
t 719 843 842
t 719 720 843
t 720 844 843
t 720 721 844
t 721 845 844
t 721 722 845
t 722 846 845
t 722 723 846
t 723 847 846
t 723 724 847
t 724 848 847
t 724 725 848
t 725 849 848
t 725 726 849
t 726 850 849
t 726 727 850
t 727 851 850
t 727 728 851
t 728 852 851
t 728 729 852
t 729 853 852
t 729 730 853
t 730 854 853
t 730 731 854
t 731 855 854
t 731 732 855
t 732 856 855
t 732 733 856
t 733 857 856
t 733 734 857
t 734 858 857
t 734 735 858
t 735 859 858
t 735 736 859
t 736 860 859
t 736 737 860
t 737 861 860
t 737 738 861
t 738 862 861
t 738 739 862
t 739 863 862
t 739 740 863
t 740 864 863
t 740 741 864
t 741 865 864
t 741 742 865
t 742 866 865
t 742 743 866
t 743 867 866
t 743 744 867
t 744 868 867
t 744 745 868
t 745 869 868
t 745 746 869
t 746 870 869
t 746 747 870
t 747 871 870
t 747 748 871
t 748 872 871
t 748 749 872
t 749 873 872
t 749 750 873
t 750 874 873
t 750 751 874
t 751 875 874
t 751 752 875
t 752 876 875
t 752 753 876
t 753 877 876
t 753 754 877
t 754 878 877
t 754 755 878
t 755 879 878
t 755 756 879
t 756 880 879
t 756 757 880
t 757 881 880
t 757 758 881
t 758 882 881
t 758 759 882
t 759 883 882
t 759 760 883
t 760 884 883
t 760 761 884
t 761 885 884
t 761 762 885
t 762 886 885
t 762 763 886
t 763 887 886
t 763 764 887
t 764 888 887
t 764 765 888
t 765 889 888
t 765 766 889
t 766 890 889
t 766 767 890
t 767 891 890
t 767 768 891
t 768 892 891
t 768 769 892
t 769 893 892
t 769 770 893
t 770 894 893
t 770 771 894
t 771 895 894
t 771 772 895
t 772 896 895
t 772 773 896
t 773 897 896
t 773 774 897
t 774 898 897
t 774 775 898
t 775 899 898
t 775 776 899
t 776 900 899
t 776 777 900
t 777 901 900
t 777 778 901
t 778 902 901
t 778 779 902
t 779 903 902
t 779 780 903
t 780 904 903
t 780 781 904
t 781 905 904
t 781 782 905
t 782 906 905
t 782 783 906
t 783 907 906
t 783 784 907
t 784 908 907
t 784 785 908
t 785 909 908
t 785 786 909
t 786 910 909
t 786 787 910
t 787 911 910
t 787 788 911
t 788 912 911
t 788 789 912
t 789 913 912
t 789 790 913
t 790 914 913
t 790 791 914
t 791 915 914
t 791 792 915
t 792 916 915
t 792 793 916
t 793 917 916
t 793 794 917
t 794 918 917
t 794 795 918
t 795 919 918
t 795 796 919
t 796 920 919
t 796 797 920
t 797 921 920
t 797 798 921
t 798 922 921
t 798 799 922
t 799 923 922
t 799 800 923
t 800 924 923
t 800 801 924
t 801 925 924
t 801 802 925
t 802 926 925
t 802 803 926
t 803 927 926
t 803 804 927
t 804 928 927
t 804 805 928
t 805 929 928
t 805 806 929
t 806 930 929
t 806 807 930
t 807 931 930
t 807 808 931
t 808 932 931
t 808 809 932
t 809 933 932
t 809 810 933
t 810 934 933
t 810 811 934
t 811 935 934
t 811 812 935
t 812 936 935
t 812 813 936
t 813 937 936
t 813 814 937
t 814 938 937
t 814 594 938
t 814 592 594
t 192 593 191
t 191 593 190
t 190 593 189
t 189 593 188
t 188 593 187
t 187 593 186
t 186 593 185
t 185 593 184
t 184 593 183
t 183 593 182
t 182 593 181
t 181 593 180
t 180 593 179
t 179 593 178
t 178 593 595
t 81 82 594
t 82 83 594
t 83 84 594
t 84 85 594
t 85 86 594
t 86 87 594
t 87 88 594
t 88 89 594
t 89 90 594
t 90 91 594
t 91 92 594
t 92 93 594
t 93 94 594
t 94 95 594
t 95 596 594
t 593 939 595
t 593 940 939
t 593 941 940
t 593 942 941
t 593 943 942
t 593 944 943
t 593 945 944
t 593 946 945
t 593 947 946
t 593 948 947
t 593 949 948
t 593 950 949
t 593 951 950
t 593 952 951
t 593 815 952
t 815 953 952
t 815 816 953
t 816 954 953
t 816 817 954
t 817 955 954
t 817 818 955
t 818 956 955
t 818 819 956
t 819 957 956
t 819 820 957
t 820 958 957
t 820 821 958
t 821 959 958
t 821 822 959
t 822 960 959
t 822 823 960
t 823 961 960
t 823 824 961
t 824 962 961
t 824 825 962
t 825 963 962
t 825 826 963
t 826 964 963
t 826 827 964
t 827 965 964
t 827 828 965
t 828 966 965
t 828 829 966
t 829 967 966
t 829 830 967
t 830 968 967
t 830 831 968
t 831 969 968
t 831 832 969
t 832 970 969
t 832 833 970
t 833 971 970
t 833 834 971
t 834 972 971
t 834 835 972
t 835 973 972
t 835 836 973
t 836 974 973
t 836 837 974
t 837 975 974
t 837 838 975
t 838 976 975
t 838 839 976
t 839 977 976
t 839 840 977
t 840 978 977
t 840 841 978
t 841 979 978
t 841 842 979
t 842 980 979
t 842 843 980
t 843 981 980
t 843 844 981
t 844 982 981
t 844 845 982
t 845 983 982
t 845 846 983
t 846 984 983
t 846 847 984
t 847 985 984
t 847 848 985
t 848 986 985
t 848 849 986
t 849 987 986
t 849 850 987
t 850 988 987
t 850 851 988
t 851 989 988
t 851 852 989
t 852 990 989
t 852 853 990
t 853 991 990
t 853 854 991
t 854 992 991
t 854 855 992
t 855 993 992
t 855 856 993
t 856 994 993
t 856 857 994
t 857 995 994
t 857 858 995
t 858 996 995
t 858 859 996
t 859 997 996
t 859 860 997
t 860 998 997
t 860 861 998
t 861 999 998
t 861 862 999
t 862 1000 999
t 862 863 1000
t 863 1001 1000
t 863 864 1001
t 864 1002 1001
t 864 865 1002
t 865 1003 1002
t 865 866 1003
t 866 1004 1003
t 866 867 1004
t 867 1005 1004
t 867 868 1005
t 868 1006 1005
t 868 869 1006
t 869 1007 1006
t 869 870 1007
t 870 1008 1007
t 870 871 1008
t 871 1009 1008
t 871 872 1009
t 872 1010 1009
t 872 873 1010
t 873 1011 1010
t 873 874 1011
t 874 1012 1011
t 874 875 1012
t 875 1013 1012
t 875 876 1013
t 876 1014 1013
t 876 877 1014
t 877 1015 1014
t 877 878 1015
t 878 1016 1015
t 878 879 1016
t 879 1017 1016
t 879 880 1017
t 880 1018 1017
t 880 881 1018
t 881 1019 1018
t 881 882 1019
t 882 1020 1019
t 882 883 1020
t 883 1021 1020
t 883 884 1021
t 884 1022 1021
t 884 885 1022
t 885 1023 1022
t 885 886 1023
t 886 1024 1023
t 886 887 1024
t 887 1025 1024
t 887 888 1025
t 888 1026 1025
t 888 889 1026
t 889 1027 1026
t 889 890 1027
t 890 1028 1027
t 890 891 1028
t 891 1029 1028
t 891 892 1029
t 892 1030 1029
t 892 893 1030
t 893 1031 1030
t 893 894 1031
t 894 1032 1031
t 894 895 1032
t 895 1033 1032
t 895 896 1033
t 896 1034 1033
t 896 897 1034
t 897 1035 1034
t 897 898 1035
t 898 1036 1035
t 898 899 1036
t 899 1037 1036
t 899 900 1037
t 900 1038 1037
t 900 901 1038
t 901 1039 1038
t 901 902 1039
t 902 1040 1039
t 902 903 1040
t 903 1041 1040
t 903 904 1041
t 904 1042 1041
t 904 905 1042
t 905 1043 1042
t 905 906 1043
t 906 1044 1043
t 906 907 1044
t 907 1045 1044
t 907 908 1045
t 908 1046 1045
t 908 909 1046
t 909 1047 1046
t 909 910 1047
t 910 1048 1047
t 910 911 1048
t 911 1049 1048
t 911 912 1049
t 912 1050 1049
t 912 913 1050
t 913 1051 1050
t 913 914 1051
t 914 1052 1051
t 914 915 1052
t 915 1053 1052
t 915 916 1053
t 916 1054 1053
t 916 917 1054
t 917 1055 1054
t 917 918 1055
t 918 1056 1055
t 918 919 1056
t 919 1057 1056
t 919 920 1057
t 920 1058 1057
t 920 921 1058
t 921 1059 1058
t 921 922 1059
t 922 1060 1059
t 922 923 1060
t 923 1061 1060
t 923 924 1061
t 924 1062 1061
t 924 925 1062
t 925 1063 1062
t 925 926 1063
t 926 1064 1063
t 926 927 1064
t 927 1065 1064
t 927 928 1065
t 928 1066 1065
t 928 929 1066
t 929 1067 1066
t 929 930 1067
t 930 1068 1067
t 930 931 1068
t 931 1069 1068
t 931 932 1069
t 932 1070 1069
t 932 933 1070
t 933 1071 1070
t 933 934 1071
t 934 1072 1071
t 934 935 1072
t 935 1073 1072
t 935 936 1073
t 936 1074 1073
t 936 937 1074
t 937 1075 1074
t 937 938 1075
t 938 1076 1075
t 938 596 1076
t 938 594 596
t 178 595 177
t 177 595 176
t 176 595 175
t 175 595 174
t 174 595 173
t 173 595 172
t 172 595 171
t 171 595 170
t 170 595 169
t 169 595 168
t 168 595 167
t 167 595 166
t 166 595 165
t 165 595 164
t 95 96 596
t 96 97 596
t 97 98 596
t 98 99 596
t 99 100 596
t 100 101 596
t 101 102 596
t 102 103 596
t 103 104 596
t 104 105 596
t 105 106 596
t 106 107 596
t 107 108 596
t 108 109 596
t 595 939 164
t 939 940 164
t 940 941 164
t 941 942 164
t 942 943 164
t 943 944 164
t 944 945 164
t 945 946 164
t 946 947 164
t 947 948 164
t 948 949 164
t 949 950 164
t 950 951 164
t 951 952 164
t 952 953 164
t 953 954 164
t 954 955 164
t 955 956 164
t 956 957 164
t 957 958 164
t 958 959 164
t 959 960 164
t 960 961 164
t 961 962 164
t 962 963 164
t 963 964 164
t 964 965 164
t 965 966 164
t 966 967 164
t 967 163 164
t 967 968 163
t 968 969 163
t 969 970 163
t 970 162 163
t 970 971 162
t 971 972 162
t 972 973 162
t 973 161 162
t 973 974 161
t 974 975 161
t 975 160 161
t 975 976 160
t 976 977 160
t 977 159 160
t 977 978 159
t 978 979 159
t 979 158 159
t 979 980 158
t 980 981 158
t 981 157 158
t 981 982 157
t 982 983 157
t 983 156 157
t 983 984 156
t 984 985 156
t 985 155 156
t 985 986 155
t 986 987 155
t 987 154 155
t 987 988 154
t 988 989 154
t 989 153 154
t 989 990 153
t 990 991 153
t 991 152 153
t 991 992 152
t 992 993 152
t 993 151 152
t 993 994 151
t 994 995 151
t 995 150 151
t 995 996 150
t 996 997 150
t 997 149 150
t 997 998 149
t 998 999 149
t 999 148 149
t 999 1000 148
t 1000 1001 148
t 1001 147 148
t 1001 1002 147
t 1002 1003 147
t 1003 146 147
t 1003 1004 146
t 1004 1005 146
t 1005 145 146
t 1005 1006 145
t 1006 1007 145
t 1007 144 145
t 1007 1008 144
t 1008 1009 144
t 1009 143 144
t 1009 1010 143
t 1010 1011 143
t 1011 142 143
t 1011 1012 142
t 1012 1013 142
t 1013 141 142
t 1013 1014 141
t 1014 1015 141
t 1015 140 141
t 1015 1016 140
t 1016 1017 140
t 1017 139 140
t 1017 1018 139
t 1018 1019 139
t 1019 138 139
t 1019 1020 138
t 1020 1021 138
t 1021 137 138
t 1021 1022 137
t 1022 1023 137
t 1023 136 137
t 1023 1024 136
t 1024 1025 136
t 1025 135 136
t 1025 1026 135
t 1026 1027 135
t 1027 134 135
t 1027 1028 134
t 1028 1029 134
t 1029 133 134
t 1029 1030 133
t 1030 1031 133
t 1031 132 133
t 1031 1032 132
t 1032 1033 132
t 1033 131 132
t 1033 1034 131
t 1034 1035 131
t 1035 130 131
t 1035 1036 130
t 1036 1037 130
t 1037 129 130
t 1037 1038 129
t 1038 1039 129
t 1039 128 129
t 1039 1040 128
t 1040 1041 128
t 1041 127 128
t 1041 1042 127
t 1042 1043 127
t 1043 126 127
t 1043 1044 126
t 1044 1045 126
t 1045 125 126
t 1045 1046 125
t 1046 1047 125
t 1047 124 125
t 1047 1048 124
t 1048 1049 124
t 1049 123 124
t 1049 1050 123
t 1050 1051 123
t 1051 122 123
t 1051 1052 122
t 1052 1053 122
t 1053 121 122
t 1053 1054 121
t 1054 1055 121
t 1055 120 121
t 1055 1056 120
t 1056 1057 120
t 1057 119 120
t 1057 1058 119
t 1058 1059 119
t 1059 118 119
t 1059 1060 118
t 1060 1061 118
t 1061 117 118
t 1061 1062 117
t 1062 1063 117
t 1063 116 117
t 1063 1064 116
t 1064 1065 116
t 1065 115 116
t 1065 1066 115
t 1066 1067 115
t 1067 114 115
t 1067 1068 114
t 1068 1069 114
t 1069 113 114
t 1069 1070 113
t 1070 1071 113
t 1071 112 113
t 1071 1072 112
t 1072 1073 112
t 1073 111 112
t 1073 1074 111
t 1074 1075 111
t 1075 110 111
t 1075 1076 110
t 1076 596 110
t 596 109 110
