type=Cone forward=true n_boundary=172 n_holes=0 n_interior=94 n_tris=263 label=brep32629_f71_Cone
boundary
b 5.506640839 0.018000000
b 5.506030239 0.018000000
b 5.505419640 0.018000000
b 5.504809041 0.018000000
b 5.504198442 0.018000000
b 5.503587842 0.018000000
b 5.502977243 0.018000000
b 5.502366644 0.018000000
b 5.501756044 0.018000000
b 5.501145445 0.018000000
b 5.500534846 0.018000000
b 5.499924246 0.018000000
b 5.499313647 0.018000000
b 5.498703048 0.018000000
b 5.498092448 0.018000000
b 5.497481849 0.018000000
b 5.496871250 0.018000000
b 5.496260650 0.018000000
b 5.495650051 0.018000000
b 5.495039452 0.018000000
b 5.494428852 0.018000000
b 5.493818253 0.018000000
b 5.493207654 0.018000000
b 5.492597055 0.018000000
b 5.491986455 0.018000000
b 5.491375856 0.018000000
b 5.490765257 0.018000000
b 5.490154657 0.018000000
b 5.489544058 0.018000000
b 5.488933459 0.018000000
b 5.488322859 0.018000000
b 5.488062257 0.017320248
b 5.487799869 0.016641425
b 5.487535679 0.015963530
b 5.487269669 0.015286563
b 5.487001821 0.014610524
b 5.486732118 0.013935412
b 5.486460542 0.013261226
b 5.486187074 0.012587967
b 5.485911696 0.011915634
b 5.485634388 0.011244225
b 5.485355132 0.010573742
b 5.485073909 0.009904183
b 5.484790698 0.009235548
b 5.484505481 0.008567837
b 5.484218236 0.007901048
b 5.483928944 0.007235182
b 5.483637583 0.006570238
b 5.483344133 0.005906216
b 5.483048573 0.005243115
b 5.482750880 0.004580936
b 5.482451034 0.003919682
b 5.482149013 0.003259355
b 5.481844793 0.002599957
b 5.481538353 0.001941490
b 5.481229669 0.001283956
b 5.480918719 0.000627357
b 5.480605478 -0.000028304
b 5.480289924 -0.000683025
b 5.479972032 -0.001336805
b 5.479651777 -0.001989641
b 5.479329135 -0.002641530
b 5.479004081 -0.003292472
b 5.478676588 -0.003942463
b 5.478346633 -0.004591501
b 5.478014188 -0.005239585
b 5.477679227 -0.005886712
b 5.477341723 -0.006532880
b 5.477001649 -0.007178088
b 5.476658975 -0.007822336
b 5.476313675 -0.008465624
b 5.475965717 -0.009107953
b 5.475615073 -0.009749323
b 5.475261713 -0.010389734
b 5.474905605 -0.011029187
b 5.474546718 -0.011667681
b 5.474185022 -0.012305218
b 5.473820484 -0.012941797
b 5.473453072 -0.013577420
b 5.473082753 -0.014212085
b 5.472709492 -0.014845793
b 5.472333257 -0.015478546
b 5.471954013 -0.016110343
b 5.471571725 -0.016741184
b 5.471186357 -0.017371069
b 5.470797874 -0.018000000
b 5.472539117 -0.018000000
b 5.474280360 -0.018000000
b 5.476021603 -0.018000000
b 5.477762847 -0.018000000
b 5.479504090 -0.018000000
b 5.481245333 -0.018000000
b 5.482986576 -0.018000000
b 5.484727820 -0.018000000
b 5.486469063 -0.018000000
b 5.488210306 -0.018000000
b 5.489951549 -0.018000000
b 5.491692792 -0.018000000
b 5.493434036 -0.018000000
b 5.495175279 -0.018000000
b 5.496916522 -0.018000000
b 5.498657765 -0.018000000
b 5.500399009 -0.018000000
b 5.502140252 -0.018000000
b 5.503881495 -0.018000000
b 5.505622738 -0.018000000
b 5.507363982 -0.018000000
b 5.509105225 -0.018000000
b 5.510846468 -0.018000000
b 5.512587711 -0.018000000
b 5.514328955 -0.018000000
b 5.516070198 -0.018000000
b 5.517811441 -0.018000000
b 5.519552684 -0.018000000
b 5.521293927 -0.018000000
b 5.523035171 -0.018000000
b 5.524776414 -0.018000000
b 5.524388545 -0.017372069
b 5.524003758 -0.016743147
b 5.523622017 -0.016113233
b 5.523243288 -0.015482326
b 5.522867537 -0.014850426
b 5.522494730 -0.014217533
b 5.522124833 -0.013583648
b 5.521757814 -0.012948768
b 5.521393641 -0.012312895
b 5.521032283 -0.011676027
b 5.520673707 -0.011038165
b 5.520317883 -0.010399309
b 5.519964781 -0.009759457
b 5.519614371 -0.009118610
b 5.519266622 -0.008476768
b 5.518921507 -0.007833929
b 5.518578997 -0.007190095
b 5.518239063 -0.006545264
b 5.517901677 -0.005899436
b 5.517566813 -0.005252613
b 5.517234444 -0.004604797
b 5.516904545 -0.003955989
b 5.516577089 -0.003306192
b 5.516252051 -0.002655407
b 5.515929407 -0.002003638
b 5.515609132 -0.001350885
b 5.515291201 -0.000697151
b 5.514975590 -0.000042438
b 5.514662277 0.000613253
b 5.514351236 0.001269918
b 5.514042446 0.001927556
b 5.513735884 0.002586166
b 5.513431527 0.003245744
b 5.513129352 0.003906289
b 5.512829338 0.004567799
b 5.512531464 0.005230271
b 5.512235707 0.005893705
b 5.511942047 0.006558098
b 5.511650464 0.007223451
b 5.511360935 0.007889764
b 5.511073441 0.008557038
b 5.510787962 0.009225274
b 5.510504479 0.009894471
b 5.510222971 0.010564630
b 5.509943419 0.011235752
b 5.509665805 0.011907836
b 5.509390109 0.012580884
b 5.509116313 0.013254896
b 5.508844399 0.013929872
b 5.508574349 0.014605813
b 5.508306145 0.015282718
b 5.508039769 0.015960589
b 5.507775204 0.016639427
b 5.507512432 0.017319230
b 5.507251438 0.018000000
interior
i 5.475296085 -0.015230769
i 5.479794297 -0.015230769
i 5.484292509 -0.015230769
i 5.488790720 -0.015230769
i 5.493288932 -0.015230769
i 5.497787144 -0.015230769
i 5.502285355 -0.015230769
i 5.506783567 -0.015230769
i 5.511281779 -0.015230769
i 5.515779991 -0.015230769
i 5.520278202 -0.015230769
i 5.475296085 -0.012461538
i 5.479794297 -0.012461538
i 5.484292509 -0.012461538
i 5.488790720 -0.012461538
i 5.493288932 -0.012461538
i 5.497787144 -0.012461538
i 5.502285355 -0.012461538
i 5.506783567 -0.012461538
i 5.511281779 -0.012461538
i 5.515779991 -0.012461538
i 5.520278202 -0.012461538
i 5.479794297 -0.009692308
i 5.484292509 -0.009692308
i 5.488790720 -0.009692308
i 5.493288932 -0.009692308
i 5.497787144 -0.009692308
i 5.502285355 -0.009692308
i 5.506783567 -0.009692308
i 5.511281779 -0.009692308
i 5.515779991 -0.009692308
i 5.479794297 -0.006923077
i 5.484292509 -0.006923077
i 5.488790720 -0.006923077
i 5.493288932 -0.006923077
i 5.497787144 -0.006923077
i 5.502285355 -0.006923077
i 5.506783567 -0.006923077
i 5.511281779 -0.006923077
i 5.515779991 -0.006923077
i 5.479794297 -0.004153846
i 5.484292509 -0.004153846
i 5.488790720 -0.004153846
i 5.493288932 -0.004153846
i 5.497787144 -0.004153846
i 5.502285355 -0.004153846
i 5.506783567 -0.004153846
i 5.511281779 -0.004153846
i 5.515779991 -0.004153846
i 5.479794297 -0.001384615
i 5.484292509 -0.001384615
i 5.488790720 -0.001384615
i 5.493288932 -0.001384615
i 5.497787144 -0.001384615
i 5.502285355 -0.001384615
i 5.506783567 -0.001384615
i 5.511281779 -0.001384615
i 5.515779991 -0.001384615
i 5.484292509 0.001384615
i 5.488790720 0.001384615
i 5.493288932 0.001384615
i 5.497787144 0.001384615
i 5.502285355 0.001384615
i 5.506783567 0.001384615
i 5.511281779 0.001384615
i 5.484292509 0.004153846
i 5.488790720 0.004153846
i 5.493288932 0.004153846
i 5.497787144 0.004153846
i 5.502285355 0.004153846
i 5.506783567 0.004153846
i 5.511281779 0.004153846
i 5.484292509 0.006923077
i 5.488790720 0.006923077
i 5.493288932 0.006923077
i 5.497787144 0.006923077
i 5.502285355 0.006923077
i 5.506783567 0.006923077
i 5.511281779 0.006923077
i 5.488790720 0.009692308
i 5.493288932 0.009692308
i 5.497787144 0.009692308
i 5.502285355 0.009692308
i 5.506783567 0.009692308
i 5.488790720 0.012461538
i 5.493288932 0.012461538
i 5.497787144 0.012461538
i 5.502285355 0.012461538
i 5.506783567 0.012461538
i 5.488790720 0.015230769
i 5.493288932 0.015230769
i 5.497787144 0.015230769
i 5.502285355 0.015230769
i 5.506783567 0.015230769
tris
t 264 265 0
t 29 30 31
t 84 85 86
t 115 116 117
t 181 182 183
t 192 193 194
t 201 202 203
t 210 211 212
t 219 220 221
t 228 229 230
t 235 236 237
t 242 243 244
t 249 250 251
t 254 255 256
t 259 260 261
t 263 264 0
t 28 29 31
t 83 84 86
t 114 115 117
t 180 181 183
t 191 192 194
t 200 201 203
t 209 210 212
t 218 219 221
t 227 228 230
t 234 235 237
t 241 242 244
t 248 249 251
t 253 254 256
t 258 259 261
t 262 263 0
t 27 28 31
t 82 83 86
t 113 114 117
t 179 180 183
t 190 191 194
t 199 200 203
t 208 209 212
t 217 218 221
t 226 227 230
t 233 234 237
t 240 241 244
t 247 248 251
t 252 253 256
t 257 258 261
t 261 262 0
t 26 27 31
t 81 82 86
t 112 113 117
t 178 179 183
t 189 190 194
t 198 199 203
t 207 208 212
t 216 217 221
t 225 226 230
t 232 233 237
t 239 240 244
t 246 247 251
t 251 252 256
t 256 257 261
t 261 0 1
t 25 26 31
t 80 81 86
t 111 112 117
t 177 178 183
t 188 189 194
t 197 198 203
t 206 207 212
t 215 216 221
t 224 225 230
t 231 232 237
t 238 239 244
t 245 246 251
t 261 1 2
t 24 25 31
t 79 80 86
t 110 111 117
t 176 177 183
t 187 188 194
t 196 197 203
t 205 206 212
t 214 215 221
t 223 224 230
t 230 231 237
t 237 238 244
t 244 245 251
t 261 2 3
t 23 24 31
t 78 79 86
t 109 110 117
t 170 171 172
t 175 176 183
t 186 187 194
t 195 196 203
t 204 205 212
t 213 214 221
t 222 223 230
t 244 251 256
t 261 3 4
t 22 23 31
t 77 78 86
t 108 109 117
t 169 170 172
t 174 175 183
t 185 186 194
t 194 195 203
t 203 204 212
t 212 213 221
t 244 256 261
t 261 4 5
t 21 22 31
t 76 77 86
t 107 108 117
t 168 169 172
t 173 174 183
t 184 185 194
t 261 5 6
t 20 21 31
t 75 76 86
t 106 107 117
t 167 168 172
t 172 173 183
t 183 184 194
t 261 6 7
t 19 20 31
t 74 75 86
t 105 106 117
t 166 167 172
t 183 194 203
t 261 7 8
t 18 19 31
t 73 74 86
t 104 105 117
t 165 166 172
t 183 203 212
t 261 8 9
t 17 18 31
t 72 73 86
t 103 104 117
t 164 165 172
t 261 9 10
t 16 17 31
t 71 72 86
t 102 103 117
t 163 164 172
t 261 10 11
t 15 16 31
t 70 71 86
t 101 102 117
t 162 163 172
t 261 11 12
t 14 15 31
t 69 70 86
t 100 101 117
t 161 162 172
t 261 12 13
t 13 14 31
t 68 69 86
t 99 100 117
t 160 161 172
t 261 13 31
t 67 68 86
t 98 99 117
t 159 160 172
t 244 261 31
t 66 67 86
t 97 98 117
t 158 159 172
t 244 31 32
t 65 66 86
t 96 97 117
t 157 158 172
t 244 32 33
t 64 65 86
t 95 96 117
t 156 157 172
t 244 33 34
t 63 64 86
t 94 95 117
t 155 156 172
t 244 34 35
t 62 63 86
t 93 94 117
t 154 155 172
t 244 35 36
t 61 62 86
t 92 93 117
t 153 154 172
t 244 36 37
t 60 61 86
t 91 92 117
t 152 153 172
t 183 212 221
t 244 37 38
t 59 60 86
t 90 91 117
t 151 152 172
t 221 222 230
t 244 38 39
t 58 59 86
t 89 90 117
t 150 151 172
t 221 230 237
t 244 39 40
t 57 58 86
t 88 89 117
t 149 150 172
t 244 40 41
t 56 57 86
t 87 88 117
t 148 149 172
t 221 237 244
t 244 41 42
t 55 56 86
t 86 87 117
t 147 148 172
t 244 42 43
t 54 55 86
t 86 117 118
t 146 147 172
t 244 43 44
t 53 54 86
t 86 118 119
t 145 146 172
t 244 44 45
t 52 53 86
t 86 119 120
t 144 145 172
t 244 45 46
t 51 52 86
t 86 120 121
t 143 144 172
t 244 46 47
t 50 51 86
t 86 121 122
t 142 143 172
t 244 47 48
t 86 122 123
t 141 142 172
t 244 48 49
t 86 123 124
t 140 141 172
t 244 49 50
t 86 124 125
t 139 140 172
t 221 244 50
t 86 125 126
t 138 139 172
t 86 126 127
t 137 138 172
t 86 127 128
t 136 137 172
t 86 128 129
t 135 136 172
t 86 129 130
t 134 135 172
t 86 130 131
t 133 134 172
t 86 131 132
t 132 133 172
t 86 132 172
t 86 172 183
t 50 86 183
