type=Nurbs forward=true n_boundary=166 n_holes=0 n_interior=113 n_tris=197 label=brep62542_f122_Nurbs(deg=3/3, cps=7x6)
boundary
b 1.000000000 -0.000012486
b 1.000000000 1.000000000
b 0.981818182 1.000000000
b 0.963636364 1.000000000
b 0.945454545 1.000000000
b 0.927272727 1.000000000
b 0.909090909 1.000000000
b 0.890909091 1.000000000
b 0.872727273 1.000000000
b 0.854545455 1.000000000
b 0.836363636 1.000000000
b 0.818181818 1.000000000
b 0.800000000 1.000000000
b 0.781818182 1.000000000
b 0.763636364 1.000000000
b 0.745454545 1.000000000
b 0.727272727 1.000000000
b 0.709090909 0.999999999
b 0.690909091 0.999999999
b 0.672727273 0.999999999
b 0.654545455 0.999999999
b 0.636363636 0.999999999
b 0.618181818 1.000000000
b 0.600000000 1.000000000
b 0.581818182 1.000000000
b 0.563636364 1.000000000
b 0.545454545 1.000000000
b 0.527272727 1.000000000
b 0.509090909 1.000000000
b 0.490909091 1.000000000
b 0.472727273 1.000000000
b 0.454545455 1.000000000
b 0.436363636 1.000000001
b 0.418181818 1.000000001
b 0.400000000 1.000000001
b 0.381818182 1.000000001
b 0.363636363 1.000000001
b 0.345454545 1.000000002
b 0.327272727 1.000000002
b 0.309090909 1.000000002
b 0.290909091 1.000000002
b 0.272727272 1.000000003
b 0.254545454 1.000000003
b 0.236363636 1.000000003
b 0.218181818 1.000000003
b 0.200000000 1.000000003
b 0.181818181 1.000000004
b 0.163636363 1.000000004
b 0.145454545 1.000000004
b 0.127272727 1.000000004
b 0.109090909 1.000000004
b 0.090909090 1.000000004
b 0.072727272 1.000000005
b 0.054545454 1.000000005
b 0.036363636 1.000000005
b 0.018181818 1.000000005
b -0.000000001 1.000000005
b 0.000000032 0.981818623
b 0.000000128 0.963638093
b 0.000000283 0.945458385
b 0.000000494 0.927279468
b 0.000000757 0.909101311
b 0.000001069 0.890923884
b 0.000001427 0.872747156
b 0.000001828 0.854571094
b 0.000002267 0.836395667
b 0.000002743 0.818220845
b 0.000003251 0.800046593
b 0.000003789 0.781872882
b 0.000004354 0.763699678
b 0.000004943 0.745526949
b 0.000005553 0.727354662
b 0.000006180 0.709182785
b 0.000006823 0.691011285
b 0.000007479 0.672840129
b 0.000008144 0.654669284
b 0.000008817 0.636498717
b 0.000009494 0.618328394
b 0.000010174 0.600158283
b 0.000010854 0.581988350
b 0.000011531 0.563818561
b 0.000012203 0.545648884
b 0.000012869 0.527479284
b 0.000013525 0.509309727
b 0.000014170 0.491140181
b 0.000014801 0.472970612
b 0.000015418 0.454800986
b 0.000016017 0.436631270
b 0.000016597 0.418461429
b 0.000017156 0.400291431
b 0.000017693 0.382121242
b 0.000018205 0.363950828
b 0.000018692 0.345780156
b 0.000019152 0.327609193
b 0.000019583 0.309437905
b 0.000019984 0.291266260
b 0.000020353 0.273094224
b 0.000020690 0.254921764
b 0.000020994 0.236748848
b 0.000021262 0.218575443
b 0.000021495 0.200401517
b 0.000021690 0.182227036
b 0.000021848 0.164051970
b 0.000021968 0.145876286
b 0.000022048 0.127699952
b 0.000022089 0.109522937
b 0.000022088 0.091345209
b 0.000022047 0.073166737
b 0.000021964 0.054987491
b 0.000021839 0.036807439
b 0.000021672 0.018626552
b 0.000021463 0.000444799
b 0.018202987 0.000443877
b 0.036384506 0.000440479
b 0.054566018 0.000434756
b 0.072747522 0.000426860
b 0.090929018 0.000416946
b 0.109110504 0.000405166
b 0.127291980 0.000391676
b 0.145473447 0.000376632
b 0.163654903 0.000360189
b 0.181836349 0.000342505
b 0.200017785 0.000323736
b 0.218199212 0.000304041
b 0.236380630 0.000283579
b 0.254562039 0.000262509
b 0.272743442 0.000240990
b 0.290924837 0.000219184
b 0.309106227 0.000197251
b 0.327287612 0.000175351
b 0.345468994 0.000153647
b 0.363650372 0.000132301
b 0.381831749 0.000111474
b 0.400013126 0.000091330
b 0.418194503 0.000072030
b 0.436375883 0.000053737
b 0.454557264 0.000036614
b 0.472738650 0.000020824
b 0.490920040 0.000006529
b 0.509101436 -0.000006114
b 0.527282837 -0.000017070
b 0.545464244 -0.000026426
b 0.563645657 -0.000034272
b 0.581827074 -0.000040702
b 0.600008495 -0.000045807
b 0.618189921 -0.000049683
b 0.636371350 -0.000052420
b 0.654552782 -0.000054114
b 0.672734217 -0.000054857
b 0.690915653 -0.000054743
b 0.709097091 -0.000053866
b 0.727278530 -0.000052321
b 0.745459970 -0.000050200
b 0.763641409 -0.000047599
b 0.781822848 -0.000044611
b 0.800004286 -0.000041330
b 0.818185722 -0.000037849
b 0.836367157 -0.000034263
b 0.854548590 -0.000030664
b 0.872730022 -0.000027145
b 0.890911451 -0.000023799
b 0.909092878 -0.000020719
b 0.927274304 -0.000017995
b 0.945455729 -0.000015719
b 0.963637152 -0.000013983
b 0.981818576 -0.000012875
interior
i 0.124999999 0.124952001
i 0.250000000 0.124952001
i 0.375000000 0.124952001
i 0.500000000 0.124952001
i 0.625000000 0.124952001
i 0.750000000 0.124952001
i 0.875000000 0.124952001
i 0.124999999 0.249958859
i 0.250000000 0.249958859
i 0.375000000 0.249958859
i 0.500000000 0.249958859
i 0.625000000 0.249958859
i 0.750000000 0.249958859
i 0.875000000 0.249958859
i 0.124999999 0.374965716
i 0.250000000 0.374965716
i 0.375000000 0.374965716
i 0.500000000 0.374965716
i 0.625000000 0.374965716
i 0.750000000 0.374965716
i 0.875000000 0.374965716
i 0.124999999 0.499972574
i 0.250000000 0.499972574
i 0.375000000 0.499972574
i 0.500000000 0.499972574
i 0.625000000 0.499972574
i 0.750000000 0.499972574
i 0.875000000 0.499972574
i 0.124999999 0.624979432
i 0.250000000 0.624979432
i 0.375000000 0.624979432
i 0.500000000 0.624979432
i 0.625000000 0.624979432
i 0.750000000 0.624979432
i 0.875000000 0.624979432
i 0.124999999 0.749986289
i 0.250000000 0.749986289
i 0.375000000 0.749986289
i 0.500000000 0.749986289
i 0.625000000 0.749986289
i 0.750000000 0.749986289
i 0.875000000 0.749986289
i 0.124999999 0.874993147
i 0.250000000 0.874993147
i 0.375000000 0.874993147
i 0.500000000 0.874993147
i 0.625000000 0.874993147
i 0.750000000 0.874993147
i 0.875000000 0.874993147
i 0.062499999 0.062448572
i 0.062499999 0.187455430
i 0.062499999 0.312462288
i 0.062499999 0.437469145
i 0.062499999 0.562476003
i 0.062499999 0.687482861
i 0.062499999 0.812489718
i 0.062499999 0.937496576
i 0.187499999 0.062448572
i 0.187499999 0.187455430
i 0.187499999 0.312462288
i 0.187499999 0.437469145
i 0.187499999 0.562476003
i 0.187499999 0.687482861
i 0.187499999 0.812489718
i 0.187499999 0.937496576
i 0.312500000 0.062448572
i 0.312500000 0.187455430
i 0.312500000 0.312462288
i 0.312500000 0.437469145
i 0.312500000 0.562476003
i 0.312500000 0.687482861
i 0.312500000 0.812489718
i 0.312500000 0.937496576
i 0.437500000 0.062448572
i 0.437500000 0.187455430
i 0.437500000 0.312462288
i 0.437500000 0.437469145
i 0.437500000 0.562476003
i 0.437500000 0.687482861
i 0.437500000 0.812489718
i 0.437500000 0.937496576
i 0.562500000 0.062448572
i 0.562500000 0.187455430
i 0.562500000 0.312462288
i 0.562500000 0.437469145
i 0.562500000 0.562476003
i 0.562500000 0.687482861
i 0.562500000 0.812489718
i 0.562500000 0.937496576
i 0.687500000 0.062448572
i 0.687500000 0.187455430
i 0.687500000 0.312462288
i 0.687500000 0.437469145
i 0.687500000 0.562476003
i 0.687500000 0.687482861
i 0.687500000 0.812489718
i 0.687500000 0.937496576
i 0.812500000 0.062448572
i 0.812500000 0.187455430
i 0.812500000 0.312462288
i 0.812500000 0.437469145
i 0.812500000 0.562476003
i 0.812500000 0.687482861
i 0.812500000 0.812489718
i 0.812500000 0.937496576
i 0.937500000 0.062448572
i 0.937500000 0.187455430
i 0.937500000 0.312462288
i 0.937500000 0.437469145
i 0.937500000 0.562476003
i 0.937500000 0.687482861
i 0.937500000 0.812489718
i 0.937500000 0.937496576
tris
t 278 0 1
t 55 56 57
t 57 58 59
t 59 60 61
t 61 62 63
t 63 64 65
t 65 66 67
t 67 68 69
t 69 70 71
t 71 72 73
t 73 74 75
t 75 76 77
t 110 111 112
t 129 130 131
t 131 132 133
t 133 134 135
t 135 136 137
t 137 138 139
t 139 140 141
t 141 142 143
t 143 144 145
t 145 146 147
t 147 148 149
t 149 150 151
t 151 152 153
t 153 154 155
t 164 165 166
t 185 186 187
t 199 200 201
t 270 271 272
t 1 2 278
t 2 3 278
t 55 57 59
t 59 61 63
t 63 65 67
t 67 69 71
t 71 73 75
t 75 77 78
t 109 110 112
t 127 129 131
t 131 133 135
t 135 137 139
t 139 141 143
t 143 145 147
t 147 149 151
t 151 153 155
t 163 164 166
t 270 272 273
t 3 4 278
t 4 5 278
t 5 6 278
t 6 7 278
t 51 52 59
t 52 53 59
t 53 54 59
t 54 55 59
t 59 63 67
t 67 71 75
t 75 78 79
t 108 109 112
t 131 135 139
t 139 143 147
t 147 151 155
t 162 163 166
t 270 273 274
t 277 278 7
t 51 59 67
t 67 75 79
t 107 108 112
t 126 127 139
t 127 128 139
t 128 129 139
t 129 131 139
t 139 147 155
t 161 162 166
t 270 274 275
t 276 277 7
t 67 79 80
t 106 107 112
t 125 126 139
t 155 156 139
t 156 157 139
t 157 158 139
t 160 161 166
t 270 275 276
t 67 80 81
t 105 106 112
t 124 125 139
t 139 158 159
t 159 160 166
t 67 81 82
t 104 105 112
t 123 124 139
t 139 159 166
t 67 82 83
t 103 104 112
t 122 123 139
t 67 83 84
t 102 103 112
t 122 139 166
t 101 102 112
t 121 122 166
t 100 101 112
t 120 121 166
t 99 100 112
t 119 120 166
t 98 99 112
t 118 119 166
t 97 98 112
t 117 118 166
t 96 97 112
t 116 117 166
t 95 96 112
t 115 116 166
t 94 95 112
t 114 115 166
t 93 94 112
t 113 114 166
t 92 93 112
t 112 113 166
t 91 92 112
t 90 91 112
t 89 90 112
t 88 89 112
t 87 88 112
t 86 87 112
t 85 86 112
t 84 85 112
t 67 84 112
t 262 263 270
t 166 172 173
t 173 179 180
t 180 185 187
t 187 193 194
t 194 199 201
t 201 207 208
t 230 231 238
t 238 239 246
t 246 247 254
t 254 255 262
t 7 8 270
t 8 9 270
t 9 10 270
t 10 11 270
t 11 12 270
t 262 270 12
t 254 262 12
t 246 254 12
t 238 246 12
t 230 238 12
t 230 12 13
t 230 13 14
t 230 14 15
t 230 15 16
t 230 16 17
t 230 17 18
t 230 18 19
t 230 19 20
t 230 20 21
t 230 21 22
t 230 22 23
t 230 23 24
t 230 24 25
t 230 25 26
t 230 26 27
t 230 27 28
t 230 28 29
t 230 29 30
t 230 30 31
t 230 31 32
t 230 32 33
t 230 33 34
t 34 35 230
t 35 36 230
t 36 37 230
t 37 38 230
t 38 39 230
t 39 40 230
t 40 41 230
t 41 42 230
t 42 43 230
t 43 44 230
t 44 45 230
t 45 46 230
t 46 47 230
t 47 48 230
t 48 49 230
t 49 50 230
t 50 51 230
t 208 222 223
t 230 51 67
t 67 112 166
t 208 223 230
t 67 166 208
t 208 230 67
t 222 208 214
t 7 270 276
