type=Torus forward=true n_boundary=203 n_holes=0 n_interior=529 n_tris=543 label=brep62542_f163_Torus
boundary
b 3.417466646 0.022241644
b 3.417466646 0.044483288
b 3.417466646 0.066724932
b 3.417466646 0.088966575
b 3.417466646 0.111208219
b 3.417466646 0.133449863
b 3.417466646 0.155691507
b 3.417466646 0.177933151
b 3.417466646 0.200174795
b 3.417466646 0.222416439
b 3.417466646 0.244658082
b 3.417466646 0.266899726
b 3.417466646 0.289141370
b 3.417466646 0.311383014
b 3.417466646 0.333624658
b 3.417466646 0.355866302
b 3.417466646 0.378107946
b 3.417466646 0.400349589
b 3.417466646 0.422591233
b 3.417466646 0.444832877
b 3.417466646 0.467074521
b 3.417466646 0.489316165
b 3.417466646 0.511557809
b 3.417466646 0.533799453
b 3.417466646 0.556041096
b 3.417466646 0.578282740
b 3.417466646 0.600524384
b 3.417466646 0.622766028
b 3.417466646 0.645007672
b 3.417466646 0.667249316
b 3.417466646 0.689490960
b 3.414958308 0.688988409
b 3.412449998 0.688494829
b 3.409941714 0.688010225
b 3.407433457 0.687534604
b 3.404925227 0.687067973
b 3.402417025 0.686610340
b 3.399908849 0.686161715
b 3.397400699 0.685722108
b 3.394892577 0.685291530
b 3.392384481 0.684869991
b 3.389876411 0.684457506
b 3.387368368 0.684054086
b 3.384860351 0.683659747
b 3.382352360 0.683274503
b 3.379844396 0.682898370
b 3.377336458 0.682531365
b 3.374828546 0.682173505
b 3.372320660 0.681824808
b 3.369812800 0.681485292
b 3.367304964 0.681154969
b 3.364797150 0.680833842
b 3.362289355 0.680521917
b 3.359781577 0.680219199
b 3.357273814 0.679925696
b 3.354766063 0.679641413
b 3.352258323 0.679366357
b 3.349750589 0.679100536
b 3.347242860 0.678843957
b 3.344735134 0.678596629
b 3.342227408 0.678358560
b 3.339719680 0.678129759
b 3.337211948 0.677910236
b 3.334704208 0.677700000
b 3.332196459 0.677499061
b 3.329688698 0.677307430
b 3.327180922 0.677125119
b 3.324673130 0.676952138
b 3.322165320 0.676788493
b 3.319657491 0.676634183
b 3.317149644 0.676489205
b 3.314641778 0.676353558
b 3.312133894 0.676227241
b 3.309625990 0.676110255
b 3.307118068 0.676002601
b 3.304610127 0.675904280
b 3.302102166 0.675815296
b 3.299594187 0.675735652
b 3.297086188 0.675665352
b 3.294578170 0.675604401
b 3.292070132 0.675552806
b 3.289562075 0.675510573
b 3.287053999 0.675477709
b 3.284545902 0.675454224
b 3.282037786 0.675440125
b 3.279529650 0.675435423
b 3.279529650 0.631858944
b 3.279529650 0.588282465
b 3.279529650 0.544705986
b 3.279529650 0.501129507
b 3.279529650 0.457553028
b 3.279529650 0.413976549
b 3.279529650 0.370400071
b 3.279529650 0.326823592
b 3.279529650 0.283247113
b 3.279529650 0.239670634
b 3.279529650 0.196094155
b 3.279529650 0.152517676
b 3.279529650 0.108941197
b 3.279529650 0.065364718
b 3.279529650 0.021788239
b 3.279529650 -0.021788239
b 3.279529650 -0.065364718
b 3.279529650 -0.108941197
b 3.279529650 -0.152517676
b 3.279529650 -0.196094155
b 3.279529650 -0.239670634
b 3.279529650 -0.283247113
b 3.279529650 -0.326823592
b 3.279529650 -0.370400071
b 3.279529650 -0.413976549
b 3.279529650 -0.457553028
b 3.279529650 -0.501129507
b 3.279529650 -0.544705986
b 3.279529650 -0.588282465
b 3.279529650 -0.631858944
b 3.279529650 -0.675435423
b 3.282037786 -0.675440125
b 3.284545902 -0.675454224
b 3.287053999 -0.675477709
b 3.289562075 -0.675510573
b 3.292070132 -0.675552806
b 3.294578170 -0.675604401
b 3.297086188 -0.675665352
b 3.299594187 -0.675735652
b 3.302102166 -0.675815296
b 3.304610127 -0.675904280
b 3.307118068 -0.676002601
b 3.309625990 -0.676110255
b 3.312133894 -0.676227241
b 3.314641778 -0.676353558
b 3.317149644 -0.676489205
b 3.319657491 -0.676634183
b 3.322165320 -0.676788493
b 3.324673130 -0.676952138
b 3.327180922 -0.677125119
b 3.329688698 -0.677307430
b 3.332196459 -0.677499061
b 3.334704208 -0.677700000
b 3.337211948 -0.677910236
b 3.339719680 -0.678129759
b 3.342227408 -0.678358560
b 3.344735134 -0.678596629
b 3.347242860 -0.678843957
b 3.349750589 -0.679100536
b 3.352258323 -0.679366357
b 3.354766063 -0.679641413
b 3.357273814 -0.679925696
b 3.359781577 -0.680219199
b 3.362289355 -0.680521917
b 3.364797150 -0.680833842
b 3.367304964 -0.681154969
b 3.369812800 -0.681485292
b 3.372320660 -0.681824808
b 3.374828546 -0.682173505
b 3.377336458 -0.682531365
b 3.379844396 -0.682898370
b 3.382352360 -0.683274503
b 3.384860351 -0.683659747
b 3.387368368 -0.684054086
b 3.389876411 -0.684457506
b 3.392384481 -0.684869991
b 3.394892577 -0.685291530
b 3.397400699 -0.685722108
b 3.399908849 -0.686161715
b 3.402417025 -0.686610340
b 3.404925227 -0.687067973
b 3.407433457 -0.687534604
b 3.409941714 -0.688010225
b 3.412449998 -0.688494829
b 3.414958308 -0.688988409
b 3.417466646 -0.689490960
b 3.417466646 -0.667249316
b 3.417466646 -0.645007672
b 3.417466646 -0.622766028
b 3.417466646 -0.600524384
b 3.417466646 -0.578282740
b 3.417466646 -0.556041096
b 3.417466646 -0.533799453
b 3.417466646 -0.511557809
b 3.417466646 -0.489316165
b 3.417466646 -0.467074521
b 3.417466646 -0.444832877
b 3.417466646 -0.422591233
b 3.417466646 -0.400349589
b 3.417466646 -0.378107946
b 3.417466646 -0.355866302
b 3.417466646 -0.333624658
b 3.417466646 -0.311383014
b 3.417466646 -0.289141370
b 3.417466646 -0.266899726
b 3.417466646 -0.244658082
b 3.417466646 -0.222416439
b 3.417466646 -0.200174795
b 3.417466646 -0.177933151
b 3.417466646 -0.155691507
b 3.417466646 -0.133449863
b 3.417466646 -0.111208219
b 3.417466646 -0.088966575
b 3.417466646 -0.066724932
b 3.417466646 -0.044483288
b 3.417466646 -0.022241644
b 3.417466646 0.000000000
interior
i 3.285277025 -0.632033380
i 3.291024400 -0.632033380
i 3.296771775 -0.632033380
i 3.302519149 -0.632033380
i 3.308266524 -0.632033380
i 3.314013899 -0.632033380
i 3.319761274 -0.632033380
i 3.325508649 -0.632033380
i 3.331256024 -0.632033380
i 3.337003399 -0.632033380
i 3.342750773 -0.632033380
i 3.348498148 -0.632033380
i 3.354245523 -0.632033380
i 3.359992898 -0.632033380
i 3.365740273 -0.632033380
i 3.371487648 -0.632033380
i 3.377235022 -0.632033380
i 3.382982397 -0.632033380
i 3.388729772 -0.632033380
i 3.394477147 -0.632033380
i 3.400224522 -0.632033380
i 3.405971897 -0.632033380
i 3.411719272 -0.632033380
i 3.285277025 -0.574575800
i 3.291024400 -0.574575800
i 3.296771775 -0.574575800
i 3.302519149 -0.574575800
i 3.308266524 -0.574575800
i 3.314013899 -0.574575800
i 3.319761274 -0.574575800
i 3.325508649 -0.574575800
i 3.331256024 -0.574575800
i 3.337003399 -0.574575800
i 3.342750773 -0.574575800
i 3.348498148 -0.574575800
i 3.354245523 -0.574575800
i 3.359992898 -0.574575800
i 3.365740273 -0.574575800
i 3.371487648 -0.574575800
i 3.377235022 -0.574575800
i 3.382982397 -0.574575800
i 3.388729772 -0.574575800
i 3.394477147 -0.574575800
i 3.400224522 -0.574575800
i 3.405971897 -0.574575800
i 3.411719272 -0.574575800
i 3.285277025 -0.517118220
i 3.291024400 -0.517118220
i 3.296771775 -0.517118220
i 3.302519149 -0.517118220
i 3.308266524 -0.517118220
i 3.314013899 -0.517118220
i 3.319761274 -0.517118220
i 3.325508649 -0.517118220
i 3.331256024 -0.517118220
i 3.337003399 -0.517118220
i 3.342750773 -0.517118220
i 3.348498148 -0.517118220
i 3.354245523 -0.517118220
i 3.359992898 -0.517118220
i 3.365740273 -0.517118220
i 3.371487648 -0.517118220
i 3.377235022 -0.517118220
i 3.382982397 -0.517118220
i 3.388729772 -0.517118220
i 3.394477147 -0.517118220
i 3.400224522 -0.517118220
i 3.405971897 -0.517118220
i 3.411719272 -0.517118220
i 3.285277025 -0.459660640
i 3.291024400 -0.459660640
i 3.296771775 -0.459660640
i 3.302519149 -0.459660640
i 3.308266524 -0.459660640
i 3.314013899 -0.459660640
i 3.319761274 -0.459660640
i 3.325508649 -0.459660640
i 3.331256024 -0.459660640
i 3.337003399 -0.459660640
i 3.342750773 -0.459660640
i 3.348498148 -0.459660640
i 3.354245523 -0.459660640
i 3.359992898 -0.459660640
i 3.365740273 -0.459660640
i 3.371487648 -0.459660640
i 3.377235022 -0.459660640
i 3.382982397 -0.459660640
i 3.388729772 -0.459660640
i 3.394477147 -0.459660640
i 3.400224522 -0.459660640
i 3.405971897 -0.459660640
i 3.411719272 -0.459660640
i 3.285277025 -0.402203060
i 3.291024400 -0.402203060
i 3.296771775 -0.402203060
i 3.302519149 -0.402203060
i 3.308266524 -0.402203060
i 3.314013899 -0.402203060
i 3.319761274 -0.402203060
i 3.325508649 -0.402203060
i 3.331256024 -0.402203060
i 3.337003399 -0.402203060
i 3.342750773 -0.402203060
i 3.348498148 -0.402203060
i 3.354245523 -0.402203060
i 3.359992898 -0.402203060
i 3.365740273 -0.402203060
i 3.371487648 -0.402203060
i 3.377235022 -0.402203060
i 3.382982397 -0.402203060
i 3.388729772 -0.402203060
i 3.394477147 -0.402203060
i 3.400224522 -0.402203060
i 3.405971897 -0.402203060
i 3.411719272 -0.402203060
i 3.285277025 -0.344745480
i 3.291024400 -0.344745480
i 3.296771775 -0.344745480
i 3.302519149 -0.344745480
i 3.308266524 -0.344745480
i 3.314013899 -0.344745480
i 3.319761274 -0.344745480
i 3.325508649 -0.344745480
i 3.331256024 -0.344745480
i 3.337003399 -0.344745480
i 3.342750773 -0.344745480
i 3.348498148 -0.344745480
i 3.354245523 -0.344745480
i 3.359992898 -0.344745480
i 3.365740273 -0.344745480
i 3.371487648 -0.344745480
i 3.377235022 -0.344745480
i 3.382982397 -0.344745480
i 3.388729772 -0.344745480
i 3.394477147 -0.344745480
i 3.400224522 -0.344745480
i 3.405971897 -0.344745480
i 3.411719272 -0.344745480
i 3.285277025 -0.287287900
i 3.291024400 -0.287287900
i 3.296771775 -0.287287900
i 3.302519149 -0.287287900
i 3.308266524 -0.287287900
i 3.314013899 -0.287287900
i 3.319761274 -0.287287900
i 3.325508649 -0.287287900
i 3.331256024 -0.287287900
i 3.337003399 -0.287287900
i 3.342750773 -0.287287900
i 3.348498148 -0.287287900
i 3.354245523 -0.287287900
i 3.359992898 -0.287287900
i 3.365740273 -0.287287900
i 3.371487648 -0.287287900
i 3.377235022 -0.287287900
i 3.382982397 -0.287287900
i 3.388729772 -0.287287900
i 3.394477147 -0.287287900
i 3.400224522 -0.287287900
i 3.405971897 -0.287287900
i 3.411719272 -0.287287900
i 3.285277025 -0.229830320
i 3.291024400 -0.229830320
i 3.296771775 -0.229830320
i 3.302519149 -0.229830320
i 3.308266524 -0.229830320
i 3.314013899 -0.229830320
i 3.319761274 -0.229830320
i 3.325508649 -0.229830320
i 3.331256024 -0.229830320
i 3.337003399 -0.229830320
i 3.342750773 -0.229830320
i 3.348498148 -0.229830320
i 3.354245523 -0.229830320
i 3.359992898 -0.229830320
i 3.365740273 -0.229830320
i 3.371487648 -0.229830320
i 3.377235022 -0.229830320
i 3.382982397 -0.229830320
i 3.388729772 -0.229830320
i 3.394477147 -0.229830320
i 3.400224522 -0.229830320
i 3.405971897 -0.229830320
i 3.411719272 -0.229830320
i 3.285277025 -0.172372740
i 3.291024400 -0.172372740
i 3.296771775 -0.172372740
i 3.302519149 -0.172372740
i 3.308266524 -0.172372740
i 3.314013899 -0.172372740
i 3.319761274 -0.172372740
i 3.325508649 -0.172372740
i 3.331256024 -0.172372740
i 3.337003399 -0.172372740
i 3.342750773 -0.172372740
i 3.348498148 -0.172372740
i 3.354245523 -0.172372740
i 3.359992898 -0.172372740
i 3.365740273 -0.172372740
i 3.371487648 -0.172372740
i 3.377235022 -0.172372740
i 3.382982397 -0.172372740
i 3.388729772 -0.172372740
i 3.394477147 -0.172372740
i 3.400224522 -0.172372740
i 3.405971897 -0.172372740
i 3.411719272 -0.172372740
i 3.285277025 -0.114915160
i 3.291024400 -0.114915160
i 3.296771775 -0.114915160
i 3.302519149 -0.114915160
i 3.308266524 -0.114915160
i 3.314013899 -0.114915160
i 3.319761274 -0.114915160
i 3.325508649 -0.114915160
i 3.331256024 -0.114915160
i 3.337003399 -0.114915160
i 3.342750773 -0.114915160
i 3.348498148 -0.114915160
i 3.354245523 -0.114915160
i 3.359992898 -0.114915160
i 3.365740273 -0.114915160
i 3.371487648 -0.114915160
i 3.377235022 -0.114915160
i 3.382982397 -0.114915160
i 3.388729772 -0.114915160
i 3.394477147 -0.114915160
i 3.400224522 -0.114915160
i 3.405971897 -0.114915160
i 3.411719272 -0.114915160
i 3.285277025 -0.057457580
i 3.291024400 -0.057457580
i 3.296771775 -0.057457580
i 3.302519149 -0.057457580
i 3.308266524 -0.057457580
i 3.314013899 -0.057457580
i 3.319761274 -0.057457580
i 3.325508649 -0.057457580
i 3.331256024 -0.057457580
i 3.337003399 -0.057457580
i 3.342750773 -0.057457580
i 3.348498148 -0.057457580
i 3.354245523 -0.057457580
i 3.359992898 -0.057457580
i 3.365740273 -0.057457580
i 3.371487648 -0.057457580
i 3.377235022 -0.057457580
i 3.382982397 -0.057457580
i 3.388729772 -0.057457580
i 3.394477147 -0.057457580
i 3.400224522 -0.057457580
i 3.405971897 -0.057457580
i 3.411719272 -0.057457580
i 3.285277025 0.000000000
i 3.291024400 0.000000000
i 3.296771775 0.000000000
i 3.302519149 0.000000000
i 3.308266524 0.000000000
i 3.314013899 0.000000000
i 3.319761274 0.000000000
i 3.325508649 0.000000000
i 3.331256024 0.000000000
i 3.337003399 0.000000000
i 3.342750773 0.000000000
i 3.348498148 0.000000000
i 3.354245523 0.000000000
i 3.359992898 0.000000000
i 3.365740273 0.000000000
i 3.371487648 0.000000000
i 3.377235022 0.000000000
i 3.382982397 0.000000000
i 3.388729772 0.000000000
i 3.394477147 0.000000000
i 3.400224522 0.000000000
i 3.405971897 0.000000000
i 3.411719272 0.000000000
i 3.285277025 0.057457580
i 3.291024400 0.057457580
i 3.296771775 0.057457580
i 3.302519149 0.057457580
i 3.308266524 0.057457580
i 3.314013899 0.057457580
i 3.319761274 0.057457580
i 3.325508649 0.057457580
i 3.331256024 0.057457580
i 3.337003399 0.057457580
i 3.342750773 0.057457580
i 3.348498148 0.057457580
i 3.354245523 0.057457580
i 3.359992898 0.057457580
i 3.365740273 0.057457580
i 3.371487648 0.057457580
i 3.377235022 0.057457580
i 3.382982397 0.057457580
i 3.388729772 0.057457580
i 3.394477147 0.057457580
i 3.400224522 0.057457580
i 3.405971897 0.057457580
i 3.411719272 0.057457580
i 3.285277025 0.114915160
i 3.291024400 0.114915160
i 3.296771775 0.114915160
i 3.302519149 0.114915160
i 3.308266524 0.114915160
i 3.314013899 0.114915160
i 3.319761274 0.114915160
i 3.325508649 0.114915160
i 3.331256024 0.114915160
i 3.337003399 0.114915160
i 3.342750773 0.114915160
i 3.348498148 0.114915160
i 3.354245523 0.114915160
i 3.359992898 0.114915160
i 3.365740273 0.114915160
i 3.371487648 0.114915160
i 3.377235022 0.114915160
i 3.382982397 0.114915160
i 3.388729772 0.114915160
i 3.394477147 0.114915160
i 3.400224522 0.114915160
i 3.405971897 0.114915160
i 3.411719272 0.114915160
i 3.285277025 0.172372740
i 3.291024400 0.172372740
i 3.296771775 0.172372740
i 3.302519149 0.172372740
i 3.308266524 0.172372740
i 3.314013899 0.172372740
i 3.319761274 0.172372740
i 3.325508649 0.172372740
i 3.331256024 0.172372740
i 3.337003399 0.172372740
i 3.342750773 0.172372740
i 3.348498148 0.172372740
i 3.354245523 0.172372740
i 3.359992898 0.172372740
i 3.365740273 0.172372740
i 3.371487648 0.172372740
i 3.377235022 0.172372740
i 3.382982397 0.172372740
i 3.388729772 0.172372740
i 3.394477147 0.172372740
i 3.400224522 0.172372740
i 3.405971897 0.172372740
i 3.411719272 0.172372740
i 3.285277025 0.229830320
i 3.291024400 0.229830320
i 3.296771775 0.229830320
i 3.302519149 0.229830320
i 3.308266524 0.229830320
i 3.314013899 0.229830320
i 3.319761274 0.229830320
i 3.325508649 0.229830320
i 3.331256024 0.229830320
i 3.337003399 0.229830320
i 3.342750773 0.229830320
i 3.348498148 0.229830320
i 3.354245523 0.229830320
i 3.359992898 0.229830320
i 3.365740273 0.229830320
i 3.371487648 0.229830320
i 3.377235022 0.229830320
i 3.382982397 0.229830320
i 3.388729772 0.229830320
i 3.394477147 0.229830320
i 3.400224522 0.229830320
i 3.405971897 0.229830320
i 3.411719272 0.229830320
i 3.285277025 0.287287900
i 3.291024400 0.287287900
i 3.296771775 0.287287900
i 3.302519149 0.287287900
i 3.308266524 0.287287900
i 3.314013899 0.287287900
i 3.319761274 0.287287900
i 3.325508649 0.287287900
i 3.331256024 0.287287900
i 3.337003399 0.287287900
i 3.342750773 0.287287900
i 3.348498148 0.287287900
i 3.354245523 0.287287900
i 3.359992898 0.287287900
i 3.365740273 0.287287900
i 3.371487648 0.287287900
i 3.377235022 0.287287900
i 3.382982397 0.287287900
i 3.388729772 0.287287900
i 3.394477147 0.287287900
i 3.400224522 0.287287900
i 3.405971897 0.287287900
i 3.411719272 0.287287900
i 3.285277025 0.344745480
i 3.291024400 0.344745480
i 3.296771775 0.344745480
i 3.302519149 0.344745480
i 3.308266524 0.344745480
i 3.314013899 0.344745480
i 3.319761274 0.344745480
i 3.325508649 0.344745480
i 3.331256024 0.344745480
i 3.337003399 0.344745480
i 3.342750773 0.344745480
i 3.348498148 0.344745480
i 3.354245523 0.344745480
i 3.359992898 0.344745480
i 3.365740273 0.344745480
i 3.371487648 0.344745480
i 3.377235022 0.344745480
i 3.382982397 0.344745480
i 3.388729772 0.344745480
i 3.394477147 0.344745480
i 3.400224522 0.344745480
i 3.405971897 0.344745480
i 3.411719272 0.344745480
i 3.285277025 0.402203060
i 3.291024400 0.402203060
i 3.296771775 0.402203060
i 3.302519149 0.402203060
i 3.308266524 0.402203060
i 3.314013899 0.402203060
i 3.319761274 0.402203060
i 3.325508649 0.402203060
i 3.331256024 0.402203060
i 3.337003399 0.402203060
i 3.342750773 0.402203060
i 3.348498148 0.402203060
i 3.354245523 0.402203060
i 3.359992898 0.402203060
i 3.365740273 0.402203060
i 3.371487648 0.402203060
i 3.377235022 0.402203060
i 3.382982397 0.402203060
i 3.388729772 0.402203060
i 3.394477147 0.402203060
i 3.400224522 0.402203060
i 3.405971897 0.402203060
i 3.411719272 0.402203060
i 3.285277025 0.459660640
i 3.291024400 0.459660640
i 3.296771775 0.459660640
i 3.302519149 0.459660640
i 3.308266524 0.459660640
i 3.314013899 0.459660640
i 3.319761274 0.459660640
i 3.325508649 0.459660640
i 3.331256024 0.459660640
i 3.337003399 0.459660640
i 3.342750773 0.459660640
i 3.348498148 0.459660640
i 3.354245523 0.459660640
i 3.359992898 0.459660640
i 3.365740273 0.459660640
i 3.371487648 0.459660640
i 3.377235022 0.459660640
i 3.382982397 0.459660640
i 3.388729772 0.459660640
i 3.394477147 0.459660640
i 3.400224522 0.459660640
i 3.405971897 0.459660640
i 3.411719272 0.459660640
i 3.285277025 0.517118220
i 3.291024400 0.517118220
i 3.296771775 0.517118220
i 3.302519149 0.517118220
i 3.308266524 0.517118220
i 3.314013899 0.517118220
i 3.319761274 0.517118220
i 3.325508649 0.517118220
i 3.331256024 0.517118220
i 3.337003399 0.517118220
i 3.342750773 0.517118220
i 3.348498148 0.517118220
i 3.354245523 0.517118220
i 3.359992898 0.517118220
i 3.365740273 0.517118220
i 3.371487648 0.517118220
i 3.377235022 0.517118220
i 3.382982397 0.517118220
i 3.388729772 0.517118220
i 3.394477147 0.517118220
i 3.400224522 0.517118220
i 3.405971897 0.517118220
i 3.411719272 0.517118220
i 3.285277025 0.574575800
i 3.291024400 0.574575800
i 3.296771775 0.574575800
i 3.302519149 0.574575800
i 3.308266524 0.574575800
i 3.314013899 0.574575800
i 3.319761274 0.574575800
i 3.325508649 0.574575800
i 3.331256024 0.574575800
i 3.337003399 0.574575800
i 3.342750773 0.574575800
i 3.348498148 0.574575800
i 3.354245523 0.574575800
i 3.359992898 0.574575800
i 3.365740273 0.574575800
i 3.371487648 0.574575800
i 3.377235022 0.574575800
i 3.382982397 0.574575800
i 3.388729772 0.574575800
i 3.394477147 0.574575800
i 3.400224522 0.574575800
i 3.405971897 0.574575800
i 3.411719272 0.574575800
i 3.285277025 0.632033380
i 3.291024400 0.632033380
i 3.296771775 0.632033380
i 3.302519149 0.632033380
i 3.308266524 0.632033380
i 3.314013899 0.632033380
i 3.319761274 0.632033380
i 3.325508649 0.632033380
i 3.331256024 0.632033380
i 3.337003399 0.632033380
i 3.342750773 0.632033380
i 3.348498148 0.632033380
i 3.354245523 0.632033380
i 3.359992898 0.632033380
i 3.365740273 0.632033380
i 3.371487648 0.632033380
i 3.377235022 0.632033380
i 3.382982397 0.632033380
i 3.388729772 0.632033380
i 3.394477147 0.632033380
i 3.400224522 0.632033380
i 3.405971897 0.632033380
i 3.411719272 0.632033380
tris
t 171 169 170
t 171 168 169
t 171 167 168
t 171 166 167
t 171 165 166
t 171 164 165
t 171 163 164
t 171 162 163
t 171 161 162
t 171 160 161
t 171 159 160
t 171 158 159
t 171 157 158
t 171 156 157
t 171 155 156
t 171 154 155
t 171 153 154
t 171 152 153
t 171 151 152
t 171 150 151
t 171 149 150
t 171 148 149
t 171 147 148
t 171 146 147
t 171 145 146
t 171 144 145
t 171 143 144
t 171 142 143
t 171 141 142
t 171 140 141
t 171 139 140
t 171 172 173
t 171 173 174
t 171 174 175
t 171 175 176
t 171 176 177
t 171 177 178
t 171 178 179
t 171 179 180
t 171 180 181
t 171 732 139
t 171 733 732
t 171 734 733
t 171 735 734
t 171 736 735
t 171 737 736
t 171 738 737
t 171 739 738
t 171 740 739
t 171 741 740
t 171 742 741
t 171 743 742
t 171 744 743
t 171 745 744
t 171 746 745
t 171 747 746
t 171 748 747
t 171 749 748
t 171 750 749
t 171 751 750
t 171 752 751
t 171 753 752
t 171 754 753
t 171 755 754
t 171 756 755
t 171 757 756
t 171 758 757
t 171 759 758
t 171 760 759
t 171 761 760
t 171 762 761
t 171 181 762
t 139 137 138
t 139 136 137
t 139 135 136
t 139 134 135
t 139 133 134
t 139 132 133
t 139 131 132
t 139 130 131
t 139 129 130
t 139 128 129
t 139 127 128
t 139 126 127
t 139 125 126
t 139 124 125
t 139 123 124
t 139 122 123
t 139 121 122
t 139 120 121
t 139 119 120
t 139 118 119
t 139 117 118
t 139 116 117
t 139 115 116
t 139 114 115
t 139 113 114
t 139 112 113
t 139 111 112
t 139 110 111
t 139 109 110
t 139 108 109
t 139 107 108
t 139 106 107
t 181 182 183
t 181 183 184
t 181 184 185
t 181 185 186
t 181 186 187
t 181 187 188
t 181 188 189
t 181 189 190
t 181 190 191
t 139 763 106
t 139 764 763
t 139 765 764
t 139 766 765
t 139 767 766
t 139 768 767
t 139 769 768
t 139 770 769
t 139 771 770
t 139 772 771
t 139 773 772
t 139 774 773
t 139 775 774
t 139 776 775
t 139 777 776
t 139 778 777
t 139 779 778
t 139 780 779
t 139 781 780
t 139 782 781
t 139 783 782
t 139 784 783
t 139 785 784
t 139 732 785
t 732 786 785
t 732 733 786
t 733 787 786
t 733 734 787
t 734 788 787
t 734 735 788
t 735 789 788
t 735 736 789
t 736 790 789
t 736 737 790
t 737 791 790
t 737 738 791
t 738 792 791
t 738 739 792
t 739 793 792
t 739 740 793
t 740 794 793
t 740 741 794
t 741 795 794
t 741 742 795
t 742 796 795
t 742 743 796
t 743 797 796
t 743 744 797
t 744 798 797
t 744 745 798
t 745 799 798
t 745 746 799
t 746 800 799
t 746 747 800
t 747 801 800
t 747 748 801
t 748 802 801
t 748 749 802
t 749 803 802
t 749 750 803
t 750 804 803
t 750 751 804
t 751 805 804
t 751 752 805
t 752 806 805
t 752 753 806
t 753 807 806
t 753 754 807
t 754 808 807
t 754 755 808
t 755 809 808
t 755 756 809
t 756 810 809
t 756 757 810
t 757 811 810
t 757 758 811
t 758 812 811
t 758 759 812
t 759 813 812
t 759 760 813
t 760 814 813
t 760 761 814
t 761 815 814
t 761 762 815
t 762 816 815
t 762 191 816
t 762 181 191
t 106 104 105
t 106 103 104
t 106 102 103
t 106 101 102
t 106 100 101
t 106 99 100
t 106 98 99
t 106 97 98
t 106 96 97
t 191 192 193
t 191 193 194
t 191 194 195
t 191 195 196
t 191 196 197
t 191 197 198
t 191 198 199
t 191 199 200
t 191 200 201
t 191 201 202
t 191 202 0
t 191 0 1
t 191 1 2
t 191 2 3
t 191 3 4
t 191 4 5
t 191 5 6
t 191 6 7
t 191 7 8
t 191 8 9
t 106 763 96
t 763 817 96
t 763 764 817
t 764 818 817
t 764 765 818
t 765 819 818
t 765 766 819
t 766 820 819
t 766 767 820
t 767 821 820
t 767 768 821
t 768 822 821
t 768 769 822
t 769 823 822
t 769 770 823
t 770 824 823
t 770 771 824
t 771 825 824
t 771 772 825
t 772 826 825
t 772 773 826
t 773 827 826
t 773 774 827
t 774 828 827
t 774 775 828
t 775 829 828
t 775 776 829
t 776 830 829
t 776 777 830
t 777 831 830
t 777 778 831
t 778 832 831
t 778 779 832
t 779 833 832
t 779 780 833
t 780 834 833
t 780 781 834
t 781 835 834
t 781 782 835
t 782 836 835
t 782 783 836
t 783 837 836
t 783 784 837
t 784 838 837
t 784 785 838
t 785 839 838
t 785 786 839
t 786 840 839
t 786 787 840
t 787 841 840
t 787 788 841
t 788 842 841
t 788 789 842
t 789 843 842
t 789 790 843
t 790 844 843
t 790 791 844
t 791 845 844
t 791 792 845
t 792 846 845
t 792 793 846
t 793 847 846
t 793 794 847
t 794 848 847
t 794 795 848
t 795 849 848
t 795 796 849
t 796 850 849
t 796 797 850
t 797 851 850
t 797 798 851
t 798 852 851
t 798 799 852
t 799 853 852
t 799 800 853
t 800 854 853
t 800 801 854
t 801 855 854
t 801 802 855
t 802 856 855
t 802 803 856
t 803 857 856
t 803 804 857
t 804 858 857
t 804 805 858
t 805 859 858
t 805 806 859
t 806 860 859
t 806 807 860
t 807 861 860
t 807 808 861
t 808 862 861
t 808 809 862
t 809 863 862
t 809 810 863
t 810 864 863
t 810 811 864
t 811 865 864
t 811 812 865
t 812 866 865
t 812 813 866
t 813 867 866
t 813 814 867
t 814 868 867
t 814 815 868
t 815 869 868
t 815 816 869
t 816 870 869
t 816 191 870
t 191 9 870
t 96 94 95
t 96 93 94
t 96 92 93
t 96 91 92
t 96 90 91
t 96 89 90
t 96 88 89
t 96 87 88
t 96 86 87
t 96 85 86
t 96 84 85
t 96 83 84
t 96 82 83
t 96 81 82
t 96 80 81
t 96 79 80
t 96 78 79
t 96 77 78
t 96 76 77
t 96 75 76
t 96 74 75
t 96 73 74
t 96 72 73
t 96 71 72
t 96 70 71
t 96 69 70
t 96 68 69
t 96 67 68
t 96 66 67
t 96 65 66
t 96 64 65
t 96 63 64
t 9 10 11
t 9 11 12
t 9 12 13
t 9 13 14
t 9 14 15
t 9 15 16
t 9 16 17
t 9 17 18
t 9 18 19
t 96 817 63
t 817 818 63
t 818 819 63
t 819 820 63
t 820 821 63
t 821 822 63
t 822 823 63
t 823 824 63
t 824 825 63
t 825 826 63
t 826 827 63
t 827 828 63
t 828 829 63
t 829 830 63
t 830 831 63
t 831 832 63
t 832 833 63
t 833 834 63
t 834 835 63
t 835 836 63
t 836 837 63
t 837 838 63
t 838 839 63
t 839 871 63
t 839 840 871
t 840 872 871
t 840 841 872
t 841 873 872
t 841 842 873
t 842 874 873
t 842 843 874
t 843 875 874
t 843 844 875
t 844 876 875
t 844 845 876
t 845 877 876
t 845 846 877
t 846 878 877
t 846 847 878
t 847 879 878
t 847 848 879
t 848 880 879
t 848 849 880
t 849 881 880
t 849 850 881
t 850 882 881
t 850 851 882
t 851 883 882
t 851 852 883
t 852 884 883
t 852 853 884
t 853 885 884
t 853 854 885
t 854 886 885
t 854 855 886
t 855 887 886
t 855 856 887
t 856 888 887
t 856 857 888
t 857 889 888
t 857 858 889
t 858 890 889
t 858 859 890
t 859 891 890
t 859 860 891
t 860 892 891
t 860 861 892
t 861 893 892
t 861 862 893
t 862 894 893
t 862 863 894
t 863 895 894
t 863 864 895
t 864 896 895
t 864 865 896
t 865 897 896
t 865 866 897
t 866 898 897
t 866 867 898
t 867 899 898
t 867 868 899
t 868 900 899
t 868 869 900
t 869 901 900
t 869 870 901
t 870 902 901
t 870 9 902
t 9 19 902
t 63 61 62
t 63 60 61
t 63 59 60
t 63 58 59
t 63 57 58
t 63 56 57
t 63 55 56
t 63 54 55
t 63 53 54
t 63 52 53
t 63 51 52
t 63 50 51
t 63 49 50
t 63 48 49
t 63 47 48
t 63 46 47
t 63 45 46
t 63 44 45
t 63 43 44
t 63 42 43
t 63 41 42
t 63 40 41
t 63 39 40
t 63 38 39
t 63 37 38
t 63 36 37
t 63 35 36
t 63 34 35
t 63 33 34
t 63 32 33
t 63 31 32
t 63 30 31
t 19 20 21
t 19 21 22
t 19 22 23
t 19 23 24
t 19 24 25
t 19 25 26
t 19 26 27
t 19 27 28
t 19 28 29
t 19 29 30
t 63 871 30
t 871 872 30
t 872 873 30
t 873 874 30
t 874 875 30
t 875 876 30
t 876 877 30
t 877 878 30
t 878 879 30
t 879 880 30
t 880 881 30
t 881 882 30
t 882 883 30
t 883 884 30
t 884 885 30
t 885 886 30
t 886 887 30
t 887 888 30
t 888 889 30
t 889 890 30
t 890 891 30
t 891 892 30
t 892 893 30
t 893 894 30
t 894 895 30
t 895 896 30
t 896 897 30
t 897 898 30
t 898 899 30
t 899 900 30
t 900 901 30
t 901 902 30
t 902 19 30
