type=Nurbs forward=false n_boundary=196 n_holes=0 n_interior=220 n_tris=822 label=brep47598_f126_Nurbs(deg=3/3, cps=4x13)
boundary
b 0.373978755 1.000000000
b 0.373824085 0.984962449
b 0.373363044 0.969847193
b 0.372591677 0.954641191
b 0.371505633 0.939331649
b 0.370100185 0.923906329
b 0.368370233 0.908353867
b 0.366310326 0.892664110
b 0.363918561 0.876833604
b 0.361203412 0.860876689
b 0.358175073 0.844813779
b 0.354843688 0.828668409
b 0.351219354 0.812466904
b 0.347312094 0.796237961
b 0.343131847 0.780012050
b 0.338689733 0.763810240
b 0.333998073 0.747623820
b 0.329068577 0.731435147
b 0.323913392 0.715229998
b 0.318545160 0.698997665
b 0.312977026 0.682730777
b 0.307222564 0.666425082
b 0.301292475 0.650077122
b 0.295193215 0.633682633
b 0.288929543 0.617234231
b 0.282503949 0.600718706
b 0.275919118 0.584123088
b 0.269178137 0.567435220
b 0.262284502 0.550643768
b 0.255242379 0.533738161
b 0.248056623 0.516708375
b 0.240732501 0.499544907
b 0.233275303 0.482238462
b 0.225689114 0.464778343
b 0.217977880 0.447153063
b 0.210145626 0.429350317
b 0.202194423 0.411351577
b 0.194125110 0.393133026
b 0.185938860 0.374669383
b 0.177637177 0.355934096
b 0.169222064 0.336900221
b 0.160696447 0.317541503
b 0.152064659 0.297831569
b 0.143339558 0.277753595
b 0.134538702 0.257292954
b 0.125680219 0.236430572
b 0.116782760 0.215142871
b 0.107866921 0.193406322
b 0.098955916 0.171198312
b 0.090075689 0.148492848
b 0.081262866 0.125266908
b 0.072559237 0.101490356
b 0.064008752 0.077123806
b 0.055658368 0.052125255
b 0.047557923 0.026440616
b 0.039760295 0.000000000
b 0.072405156 0.000000000
b 0.104419458 0.000000000
b 0.135861267 0.000000000
b 0.166785142 0.000000000
b 0.197242548 0.000000000
b 0.227282229 0.000000000
b 0.256950538 0.000000000
b 0.286291748 0.000000000
b 0.315348329 0.000000000
b 0.344161205 0.000000000
b 0.372769995 0.000000000
b 0.401213237 0.000000000
b 0.429528602 0.000000000
b 0.457753095 0.000000000
b 0.485923251 0.000000000
b 0.514075326 0.000000000
b 0.542245480 0.000000000
b 0.570469969 0.000000000
b 0.598785329 0.000000000
b 0.627228564 0.000000000
b 0.655837344 0.000000000
b 0.684650209 0.000000000
b 0.713706776 0.000000000
b 0.743047971 0.000000000
b 0.772716263 0.000000000
b 0.802755923 0.000000000
b 0.833213307 0.000000000
b 0.864137157 0.000000000
b 0.895578939 0.000000000
b 0.927593211 0.000000000
b 0.960238038 -0.000000000
b 0.960245366 0.015625181
b 0.960260593 0.031307592
b 0.960275136 0.047064639
b 0.960283211 0.062914670
b 0.960281931 0.078876862
b 0.960271421 0.094971104
b 0.960254837 0.111217775
b 0.960236688 0.127635586
b 0.960221311 0.144236173
b 0.960210787 0.161017069
b 0.960205894 0.177974069
b 0.960206588 0.195103668
b 0.960212146 0.212403133
b 0.960221322 0.229870549
b 0.960232263 0.247503799
b 0.960242319 0.265299967
b 0.960249968 0.283255792
b 0.960255939 0.301366779
b 0.960260437 0.319628817
b 0.960262958 0.338038432
b 0.960262429 0.356592844
b 0.960257517 0.375289758
b 0.960247434 0.394126245
b 0.960231464 0.413099371
b 0.960212880 0.432199690
b 0.960198314 0.451409359
b 0.960191799 0.470710093
b 0.960194486 0.490083832
b 0.960204781 0.509512925
b 0.960219499 0.528980739
b 0.960233971 0.548471668
b 0.960241724 0.567970897
b 0.960242579 0.587465920
b 0.960241423 0.606945541
b 0.960241374 0.626398272
b 0.960243527 0.645812436
b 0.960246713 0.665177934
b 0.960247743 0.684487285
b 0.960242050 0.703733293
b 0.960224818 0.722908902
b 0.960200766 0.742006953
b 0.960179222 0.761019344
b 0.960167735 0.779936912
b 0.960169638 0.798751612
b 0.960183501 0.817457722
b 0.960206531 0.836049265
b 0.960234726 0.854519856
b 0.960262782 0.872866388
b 0.960285633 0.891107619
b 0.960301090 0.909270762
b 0.960304813 0.927386073
b 0.960294539 0.945485323
b 0.960273397 0.963600071
b 0.960249911 0.981761462
b 0.960238038 1.000000000
b 0.948326341 0.999692593
b 0.936499985 0.999457322
b 0.924756197 0.999289075
b 0.913092345 0.999182431
b 0.901505918 0.999131630
b 0.889994503 0.999130543
b 0.878555768 0.999172644
b 0.867187444 0.999250972
b 0.855887312 0.999358100
b 0.844653190 0.999486093
b 0.833482917 0.999626471
b 0.822374351 0.999770161
b 0.811325353 0.999907454
b 0.800333786 1.000027988
b 0.789397422 1.000124744
b 0.778513893 1.000198266
b 0.767680885 1.000250095
b 0.756896147 1.000281897
b 0.746157489 1.000295476
b 0.735462770 1.000292789
b 0.724809891 1.000275954
b 0.714196791 1.000247266
b 0.703621434 1.000209216
b 0.693081809 1.000164501
b 0.682575920 1.000116046
b 0.672101780 1.000067020
b 0.661657404 1.000020857
b 0.651240809 0.999981184
b 0.640850051 0.999949738
b 0.630483256 0.999926158
b 0.620138596 0.999909943
b 0.609814277 0.999900538
b 0.599508536 0.999897327
b 0.589219632 0.999899631
b 0.578945842 0.999906700
b 0.568685453 0.999917708
b 0.558436760 0.999931743
b 0.548198054 0.999947806
b 0.537967622 0.999964797
b 0.527743736 0.999981512
b 0.517524653 0.999996634
b 0.507308602 1.000008848
b 0.497093793 1.000017831
b 0.486878450 1.000023824
b 0.476660821 1.000027104
b 0.466439171 1.000027981
b 0.456211779 1.000026805
b 0.445976931 1.000023964
b 0.435732910 1.000019889
b 0.425477998 1.000015060
b 0.415210464 1.000010005
b 0.404928558 1.000005305
b 0.394630511 1.000001596
b 0.384314522 0.999999576
interior
i 0.154828360 0.125036935
i 0.269896425 0.125036935
i 0.384964490 0.125036935
i 0.500032554 0.125036935
i 0.615100619 0.125036935
i 0.730168684 0.125036935
i 0.845236748 0.125036935
i 0.154828360 0.250073869
i 0.269896425 0.250073869
i 0.384964490 0.250073869
i 0.500032554 0.250073869
i 0.615100619 0.250073869
i 0.730168684 0.250073869
i 0.845236748 0.250073869
i 0.269896425 0.375110804
i 0.384964490 0.375110804
i 0.500032554 0.375110804
i 0.615100619 0.375110804
i 0.730168684 0.375110804
i 0.845236748 0.375110804
i 0.269896425 0.500147738
i 0.384964490 0.500147738
i 0.500032554 0.500147738
i 0.615100619 0.500147738
i 0.730168684 0.500147738
i 0.845236748 0.500147738
i 0.384964490 0.625184673
i 0.500032554 0.625184673
i 0.615100619 0.625184673
i 0.730168684 0.625184673
i 0.845236748 0.625184673
i 0.384964490 0.750221607
i 0.500032554 0.750221607
i 0.615100619 0.750221607
i 0.730168684 0.750221607
i 0.845236748 0.750221607
i 0.384964490 0.875258542
i 0.500032554 0.875258542
i 0.615100619 0.875258542
i 0.730168684 0.875258542
i 0.845236748 0.875258542
i 0.097294328 0.062518467
i 0.068527312 0.031259234
i 0.126061344 0.031259234
i 0.126061344 0.093777701
i 0.212362393 0.062518467
i 0.183595376 0.031259234
i 0.241129409 0.031259234
i 0.183595376 0.093777701
i 0.241129409 0.093777701
i 0.212362393 0.187555402
i 0.183595376 0.156296168
i 0.241129409 0.156296168
i 0.183595376 0.218814635
i 0.241129409 0.218814635
i 0.212362393 0.312592336
i 0.183595376 0.281333103
i 0.241129409 0.281333103
i 0.183595376 0.343851570
i 0.241129409 0.343851570
i 0.327430457 0.062518467
i 0.298663441 0.031259234
i 0.356197473 0.031259234
i 0.298663441 0.093777701
i 0.356197473 0.093777701
i 0.327430457 0.187555402
i 0.298663441 0.156296168
i 0.356197473 0.156296168
i 0.298663441 0.218814635
i 0.356197473 0.218814635
i 0.327430457 0.312592336
i 0.298663441 0.281333103
i 0.356197473 0.281333103
i 0.298663441 0.343851570
i 0.356197473 0.343851570
i 0.327430457 0.437629271
i 0.298663441 0.406370037
i 0.356197473 0.406370037
i 0.298663441 0.468888505
i 0.356197473 0.468888505
i 0.327430457 0.562666205
i 0.298663441 0.531406972
i 0.356197473 0.531406972
i 0.298663441 0.593925439
i 0.356197473 0.593925439
i 0.327430457 0.687703140
i 0.356197473 0.656443906
i 0.356197473 0.718962374
i 0.442498522 0.062518467
i 0.413731506 0.031259234
i 0.471265538 0.031259234
i 0.413731506 0.093777701
i 0.471265538 0.093777701
i 0.442498522 0.187555402
i 0.413731506 0.156296168
i 0.471265538 0.156296168
i 0.413731506 0.218814635
i 0.471265538 0.218814635
i 0.442498522 0.312592336
i 0.413731506 0.281333103
i 0.471265538 0.281333103
i 0.413731506 0.343851570
i 0.471265538 0.343851570
i 0.442498522 0.437629271
i 0.413731506 0.406370037
i 0.471265538 0.406370037
i 0.413731506 0.468888505
i 0.471265538 0.468888505
i 0.442498522 0.562666205
i 0.413731506 0.531406972
i 0.471265538 0.531406972
i 0.413731506 0.593925439
i 0.471265538 0.593925439
i 0.442498522 0.687703140
i 0.413731506 0.656443906
i 0.471265538 0.656443906
i 0.413731506 0.718962374
i 0.471265538 0.718962374
i 0.442498522 0.812740075
i 0.413731506 0.781480841
i 0.471265538 0.781480841
i 0.413731506 0.843999308
i 0.471265538 0.843999308
i 0.442498522 0.937777009
i 0.413731506 0.906517775
i 0.471265538 0.906517775
i 0.413731506 0.969036243
i 0.471265538 0.969036243
i 0.557566587 0.062518467
i 0.528799570 0.031259234
i 0.586333603 0.031259234
i 0.528799570 0.093777701
i 0.586333603 0.093777701
i 0.557566587 0.187555402
i 0.528799570 0.156296168
i 0.586333603 0.156296168
i 0.528799570 0.218814635
i 0.586333603 0.218814635
i 0.557566587 0.312592336
i 0.557566587 0.437629271
i 0.528799570 0.406370037
i 0.586333603 0.406370037
i 0.528799570 0.468888505
i 0.586333603 0.468888505
i 0.557566587 0.562666205
i 0.557566587 0.687703140
i 0.557566587 0.812740075
i 0.528799570 0.781480841
i 0.586333603 0.781480841
i 0.528799570 0.843999308
i 0.586333603 0.843999308
i 0.557566587 0.937777009
i 0.528799570 0.906517775
i 0.586333603 0.906517775
i 0.528799570 0.969036243
i 0.586333603 0.969036243
i 0.672634651 0.062518467
i 0.672634651 0.187555402
i 0.672634651 0.312592336
i 0.672634651 0.437629271
i 0.672634651 0.562666205
i 0.672634651 0.687703140
i 0.643867635 0.656443906
i 0.701401668 0.656443906
i 0.643867635 0.718962374
i 0.701401668 0.718962374
i 0.672634651 0.812740075
i 0.643867635 0.781480841
i 0.701401668 0.781480841
i 0.643867635 0.843999308
i 0.701401668 0.843999308
i 0.672634651 0.937777009
i 0.643867635 0.906517775
i 0.701401668 0.906517775
i 0.643867635 0.969036243
i 0.701401668 0.969036243
i 0.787702716 0.062518467
i 0.758935700 0.031259234
i 0.816469732 0.031259234
i 0.758935700 0.093777701
i 0.816469732 0.093777701
i 0.787702716 0.187555402
i 0.758935700 0.156296168
i 0.816469732 0.156296168
i 0.758935700 0.218814635
i 0.816469732 0.218814635
i 0.787702716 0.312592336
i 0.787702716 0.437629271
i 0.787702716 0.562666205
i 0.787702716 0.687703140
i 0.787702716 0.812740075
i 0.758935700 0.781480841
i 0.816469732 0.781480841
i 0.758935700 0.843999308
i 0.816469732 0.843999308
i 0.787702716 0.937777009
i 0.758935700 0.906517775
i 0.816469732 0.906517775
i 0.758935700 0.969036243
i 0.816469732 0.969036243
i 0.902770781 0.062518467
i 0.874003765 0.031259234
i 0.931537797 0.031259234
i 0.874003765 0.093777701
i 0.931537797 0.093777701
i 0.902770781 0.187555402
i 0.902770781 0.312592336
i 0.902770781 0.437629271
i 0.902770781 0.562666205
i 0.902770781 0.687703140
i 0.902770781 0.812740075
i 0.874003765 0.781480841
i 0.931537797 0.781480841
i 0.874003765 0.843999308
i 0.931537797 0.843999308
i 0.902770781 0.937777009
i 0.874003765 0.906517775
i 0.931537797 0.906517775
i 0.874003765 0.969036243
i 0.931537797 0.969036243
tris
t 55 56 416
t 56 57 416
t 57 58 416
t 58 59 416
t 59 60 416
t 60 61 416
t 61 62 416
t 62 426 416
t 62 63 426
t 63 427 426
t 63 428 427
t 63 429 428
t 63 430 429
t 63 431 430
t 63 432 431
t 63 64 432
t 64 433 432
t 64 434 433
t 64 435 434
t 64 436 435
t 64 437 436
t 64 438 437
t 64 439 438
t 64 65 439
t 65 440 439
t 65 441 440
t 65 442 441
t 65 443 442
t 65 444 443
t 65 445 444
t 65 446 445
t 65 447 446
t 65 448 447
t 65 449 448
t 65 450 449
t 65 451 450
t 65 66 451
t 66 452 451
t 66 453 452
t 66 454 453
t 66 455 454
t 66 456 455
t 66 457 456
t 66 67 457
t 67 458 457
t 67 459 458
t 67 460 459
t 67 461 460
t 67 68 461
t 68 462 461
t 68 463 462
t 68 464 463
t 68 465 464
t 68 69 465
t 69 466 465
t 69 467 466
t 69 468 467
t 69 70 468
t 70 469 468
t 70 470 469
t 70 471 470
t 70 472 471
t 70 71 472
t 71 473 472
t 71 474 473
t 71 475 474
t 71 476 475
t 71 72 476
t 72 477 476
t 72 478 477
t 72 479 478
t 72 480 479
t 72 73 480
t 73 481 480
t 73 482 481
t 73 483 482
t 73 74 483
t 74 484 483
t 74 485 484
t 74 486 485
t 74 487 486
t 74 75 487
t 75 488 487
t 75 489 488
t 75 490 489
t 75 491 490
t 75 76 491
t 76 492 491
t 76 493 492
t 76 494 493
t 76 495 494
t 76 77 495
t 77 496 495
t 77 497 496
t 77 498 497
t 77 78 498
t 78 499 498
t 78 500 499
t 78 417 500
t 78 79 417
t 79 80 417
t 80 81 417
t 81 82 417
t 82 83 417
t 83 84 417
t 84 85 417
t 85 86 417
t 55 416 54
t 54 416 53
t 53 416 52
t 52 416 51
t 51 416 50
t 50 416 49
t 49 416 48
t 48 416 47
t 47 416 46
t 46 416 45
t 45 416 418
t 86 87 417
t 87 88 417
t 88 89 417
t 89 90 417
t 90 91 417
t 91 92 417
t 92 93 417
t 93 94 417
t 94 95 417
t 95 96 417
t 96 97 417
t 97 98 417
t 98 99 417
t 99 100 417
t 100 101 417
t 101 419 417
t 416 426 418
t 426 427 418
t 427 428 418
t 428 429 418
t 429 430 418
t 430 431 418
t 431 432 418
t 432 433 418
t 433 434 418
t 434 435 418
t 435 436 418
t 436 437 418
t 437 438 418
t 438 439 418
t 439 440 418
t 440 441 418
t 441 442 418
t 442 443 418
t 443 444 418
t 444 445 418
t 445 446 418
t 446 501 418
t 446 447 501
t 447 502 501
t 447 448 502
t 448 503 502
t 448 449 503
t 449 504 503
t 449 450 504
t 450 505 504
t 450 451 505
t 451 506 505
t 451 452 506
t 452 507 506
t 452 453 507
t 453 508 507
t 453 454 508
t 454 509 508
t 454 455 509
t 455 510 509
t 455 456 510
t 456 511 510
t 456 457 511
t 457 512 511
t 457 458 512
t 458 513 512
t 458 459 513
t 459 514 513
t 459 460 514
t 460 515 514
t 460 461 515
t 461 516 515
t 461 462 516
t 462 517 516
t 462 463 517
t 463 518 517
t 463 464 518
t 464 519 518
t 464 465 519
t 465 520 519
t 465 466 520
t 466 521 520
t 466 467 521
t 467 522 521
t 467 468 522
t 468 523 522
t 468 469 523
t 469 524 523
t 469 470 524
t 470 525 524
t 470 471 525
t 471 526 525
t 471 472 526
t 472 527 526
t 472 473 527
t 473 528 527
t 473 474 528
t 474 529 528
t 474 475 529
t 475 530 529
t 475 476 530
t 476 531 530
t 476 477 531
t 477 532 531
t 477 478 532
t 478 533 532
t 478 479 533
t 479 534 533
t 479 480 534
t 480 535 534
t 480 481 535
t 481 536 535
t 481 482 536
t 482 537 536
t 482 483 537
t 483 538 537
t 483 484 538
t 484 539 538
t 484 485 539
t 485 540 539
t 485 486 540
t 486 541 540
t 486 487 541
t 487 542 541
t 487 488 542
t 488 543 542
t 488 489 543
t 489 544 543
t 489 490 544
t 490 545 544
t 490 491 545
t 491 546 545
t 491 492 546
t 492 547 546
t 492 493 547
t 493 548 547
t 493 494 548
t 494 549 548
t 494 495 549
t 495 550 549
t 495 496 550
t 496 551 550
t 496 497 551
t 497 552 551
t 497 498 552
t 498 553 552
t 498 499 553
t 499 554 553
t 499 500 554
t 500 555 554
t 500 419 555
t 500 417 419
t 45 418 44
t 44 418 43
t 43 418 42
t 42 418 41
t 41 418 40
t 40 418 39
t 39 418 38
t 38 418 37
t 37 418 36
t 36 418 35
t 35 418 34
t 34 418 33
t 33 418 32
t 32 418 31
t 31 418 420
t 101 102 419
t 102 103 419
t 103 104 419
t 104 105 419
t 105 106 419
t 106 107 419
t 107 108 419
t 108 109 419
t 109 110 419
t 110 111 419
t 111 112 419
t 112 113 419
t 113 114 419
t 114 421 419
t 418 556 420
t 418 501 556
t 501 557 556
t 501 502 557
t 502 558 557
t 502 503 558
t 503 559 558
t 503 504 559
t 504 560 559
t 504 505 560
t 505 561 560
t 505 506 561
t 506 562 561
t 506 507 562
t 507 563 562
t 507 508 563
t 508 564 563
t 508 509 564
t 509 565 564
t 509 510 565
t 510 566 565
t 510 511 566
t 511 567 566
t 511 512 567
t 512 568 567
t 512 513 568
t 513 569 568
t 513 514 569
t 514 570 569
t 514 515 570
t 515 571 570
t 515 516 571
t 516 572 571
t 516 517 572
t 517 573 572
t 517 518 573
t 518 574 573
t 518 519 574
t 519 575 574
t 519 520 575
t 520 576 575
t 520 521 576
t 521 577 576
t 521 522 577
t 522 578 577
t 522 523 578
t 523 579 578
t 523 524 579
t 524 580 579
t 524 525 580
t 525 581 580
t 525 526 581
t 526 582 581
t 526 527 582
t 527 583 582
t 527 528 583
t 528 584 583
t 528 529 584
t 529 585 584
t 529 530 585
t 530 586 585
t 530 531 586
t 531 587 586
t 531 532 587
t 532 588 587
t 532 533 588
t 533 589 588
t 533 534 589
t 534 590 589
t 534 535 590
t 535 591 590
t 535 536 591
t 536 592 591
t 536 537 592
t 537 593 592
t 537 538 593
t 538 594 593
t 538 539 594
t 539 595 594
t 539 540 595
t 540 596 595
t 540 541 596
t 541 597 596
t 541 542 597
t 542 598 597
t 542 543 598
t 543 599 598
t 543 544 599
t 544 600 599
t 544 545 600
t 545 601 600
t 545 546 601
t 546 602 601
t 546 547 602
t 547 603 602
t 547 548 603
t 548 604 603
t 548 549 604
t 549 605 604
t 549 550 605
t 550 606 605
t 550 551 606
t 551 607 606
t 551 552 607
t 552 608 607
t 552 553 608
t 553 609 608
t 553 554 609
t 554 610 609
t 554 555 610
t 555 611 610
t 555 419 611
t 419 612 611
t 419 613 612
t 419 614 613
t 419 615 614
t 419 616 615
t 419 617 616
t 419 618 617
t 419 619 618
t 419 620 619
t 419 621 620
t 419 622 621
t 419 623 622
t 419 624 623
t 419 625 624
t 419 626 625
t 419 421 626
t 31 420 30
t 30 420 29
t 29 420 28
t 28 420 27
t 27 420 26
t 26 420 25
t 25 420 24
t 24 420 422
t 114 115 421
t 115 116 421
t 116 117 421
t 117 118 421
t 118 119 421
t 119 120 421
t 120 423 421
t 420 556 422
t 556 557 422
t 557 558 422
t 558 559 422
t 559 560 422
t 560 561 422
t 561 562 422
t 562 563 422
t 563 564 422
t 564 565 422
t 565 566 422
t 566 567 422
t 567 568 422
t 568 569 422
t 569 570 422
t 570 571 422
t 571 627 422
t 571 572 627
t 572 628 627
t 572 573 628
t 573 629 628
t 573 574 629
t 574 630 629
t 574 575 630
t 575 631 630
t 575 576 631
t 576 632 631
t 576 577 632
t 577 633 632
t 577 578 633
t 578 634 633
t 578 579 634
t 579 635 634
t 579 580 635
t 580 636 635
t 580 581 636
t 581 637 636
t 581 582 637
t 582 638 637
t 582 583 638
t 583 639 638
t 583 584 639
t 584 640 639
t 584 585 640
t 585 641 640
t 585 586 641
t 586 642 641
t 586 587 642
t 587 643 642
t 587 588 643
t 588 644 643
t 588 589 644
t 589 645 644
t 589 590 645
t 590 646 645
t 590 591 646
t 591 647 646
t 591 592 647
t 592 648 647
t 592 593 648
t 593 649 648
t 593 594 649
t 594 650 649
t 594 595 650
t 595 651 650
t 595 596 651
t 596 652 651
t 596 597 652
t 597 653 652
t 597 598 653
t 598 654 653
t 598 599 654
t 599 655 654
t 599 600 655
t 600 656 655
t 600 601 656
t 601 657 656
t 601 602 657
t 602 658 657
t 602 603 658
t 603 659 658
t 603 604 659
t 604 660 659
t 604 605 660
t 605 661 660
t 605 606 661
t 606 662 661
t 606 607 662
t 607 663 662
t 607 608 663
t 608 664 663
t 608 609 664
t 609 665 664
t 609 610 665
t 610 666 665
t 610 611 666
t 611 667 666
t 611 612 667
t 612 668 667
t 612 613 668
t 613 669 668
t 613 614 669
t 614 670 669
t 614 615 670
t 615 671 670
t 615 616 671
t 616 672 671
t 616 617 672
t 617 673 672
t 617 618 673
t 618 674 673
t 618 619 674
t 619 675 674
t 619 620 675
t 620 676 675
t 620 621 676
t 621 677 676
t 621 622 677
t 622 678 677
t 622 623 678
t 623 679 678
t 623 624 679
t 624 680 679
t 624 625 680
t 625 681 680
t 625 626 681
t 626 682 681
t 626 421 682
t 421 423 682
t 24 422 23
t 23 422 22
t 22 422 21
t 21 422 20
t 20 422 19
t 19 422 18
t 18 422 17
t 17 422 16
t 16 422 424
t 120 121 423
t 121 122 423
t 122 123 423
t 123 124 423
t 124 125 423
t 125 126 423
t 126 127 423
t 127 425 423
t 422 627 424
t 627 628 424
t 628 629 424
t 629 630 424
t 630 631 424
t 631 632 424
t 632 633 424
t 633 634 424
t 634 683 424
t 634 635 683
t 635 684 683
t 635 636 684
t 636 685 684
t 636 637 685
t 637 686 685
t 637 638 686
t 638 687 686
t 638 639 687
t 639 688 687
t 639 640 688
t 640 689 688
t 640 641 689
t 641 690 689
t 641 642 690
t 642 691 690
t 642 643 691
t 643 692 691
t 643 644 692
t 644 693 692
t 644 645 693
t 645 694 693
t 645 646 694
t 646 695 694
t 646 647 695
t 647 696 695
t 647 648 696
t 648 697 696
t 648 649 697
t 649 698 697
t 649 650 698
t 650 699 698
t 650 651 699
t 651 700 699
t 651 652 700
t 652 701 700
t 652 653 701
t 653 702 701
t 653 654 702
t 654 703 702
t 654 655 703
t 655 704 703
t 655 656 704
t 656 705 704
t 656 657 705
t 657 706 705
t 657 658 706
t 658 707 706
t 658 659 707
t 659 708 707
t 659 660 708
t 660 709 708
t 660 661 709
t 661 710 709
t 661 662 710
t 662 711 710
t 662 663 711
t 663 712 711
t 663 664 712
t 664 713 712
t 664 665 713
t 665 714 713
t 665 666 714
t 666 715 714
t 666 667 715
t 667 716 715
t 667 668 716
t 668 717 716
t 668 669 717
t 669 718 717
t 669 670 718
t 670 719 718
t 670 671 719
t 671 720 719
t 671 672 720
t 672 721 720
t 672 673 721
t 673 722 721
t 673 674 722
t 674 723 722
t 674 675 723
t 675 724 723
t 675 676 724
t 676 725 724
t 676 677 725
t 677 726 725
t 677 678 726
t 678 727 726
t 678 679 727
t 679 728 727
t 679 680 728
t 680 729 728
t 680 425 729
t 680 681 425
t 681 682 425
t 682 423 425
t 16 424 15
t 15 424 14
t 14 424 13
t 13 424 12
t 12 424 11
t 11 424 10
t 10 424 9
t 9 424 8
t 8 424 7
t 7 424 6
t 6 424 5
t 5 424 4
t 4 424 3
t 3 424 2
t 2 424 1
t 1 424 0
t 127 128 425
t 128 129 425
t 129 130 425
t 130 131 425
t 131 132 425
t 132 133 425
t 133 134 425
t 134 135 425
t 135 136 425
t 136 137 425
t 137 138 425
t 138 139 425
t 139 140 425
t 140 141 425
t 424 195 0
t 424 194 195
t 424 193 194
t 424 192 193
t 424 191 192
t 424 190 191
t 424 189 190
t 424 188 189
t 424 683 188
t 683 187 188
t 683 684 187
t 684 186 187
t 684 685 186
t 685 686 186
t 686 185 186
t 686 687 185
t 687 184 185
t 687 688 184
t 688 183 184
t 688 689 183
t 689 690 183
t 690 182 183
t 690 691 182
t 691 181 182
t 691 692 181
t 692 180 181
t 692 693 180
t 693 694 180
t 694 179 180
t 694 695 179
t 695 178 179
t 695 696 178
t 696 177 178
t 696 697 177
t 697 698 177
t 698 176 177
t 698 699 176
t 699 175 176
t 699 700 175
t 700 701 175
t 701 174 175
t 701 702 174
t 702 173 174
t 702 703 173
t 703 172 173
t 703 704 172
t 704 705 172
t 705 171 172
t 705 706 171
t 706 170 171
t 706 707 170
t 707 169 170
t 707 708 169
t 708 709 169
t 709 168 169
t 709 710 168
t 710 167 168
t 710 711 167
t 711 166 167
t 711 712 166
t 712 713 166
t 713 165 166
t 713 714 165
t 714 164 165
t 714 715 164
t 715 716 164
t 716 163 164
t 716 717 163
t 717 162 163
t 717 718 162
t 718 161 162
t 718 719 161
t 719 720 161
t 720 160 161
t 720 721 160
t 721 159 160
t 721 722 159
t 722 158 159
t 722 723 158
t 723 724 158
t 724 157 158
t 724 725 157
t 725 156 157
t 725 726 156
t 726 155 156
t 726 727 155
t 727 728 155
t 728 154 155
t 728 729 154
t 729 153 154
t 729 425 153
t 425 152 153
t 425 151 152
t 425 150 151
t 425 149 150
t 425 148 149
t 425 147 148
t 425 146 147
t 425 145 146
t 425 144 145
t 425 143 144
t 425 142 143
t 425 141 142
