type=Nurbs forward=false n_boundary=165 n_holes=0 n_interior=245 n_tris=1705 label=brep62542_f34_Nurbs(deg=3/3, cps=4x15)
boundary
b 0.922258489 0.997152860
b 0.905108176 0.997162444
b 0.888178852 0.997173785
b 0.871445443 0.997186910
b 0.854883348 0.997201845
b 0.838468446 0.997218618
b 0.822177097 0.997237255
b 0.805986154 0.997257784
b 0.789872956 0.997280230
b 0.773815344 0.997304620
b 0.757791658 0.997330982
b 0.741785358 0.997359333
b 0.725798738 0.997389647
b 0.709838953 0.997421889
b 0.693913324 0.997456022
b 0.678029276 0.997492007
b 0.662194275 0.997529805
b 0.646415758 0.997569372
b 0.630701073 0.997610665
b 0.615057415 0.997653641
b 0.599491763 0.997698250
b 0.584010826 0.997744445
b 0.568617214 0.997792185
b 0.553298186 0.997841469
b 0.538037182 0.997892307
b 0.522817623 0.997944707
b 0.507622925 0.997998676
b 0.492436501 0.998054222
b 0.477241757 0.998111352
b 0.462022104 0.998170072
b 0.446760956 0.998230387
b 0.431441737 0.998292303
b 0.416047884 0.998355823
b 0.400566654 0.998420935
b 0.385000640 0.998487557
b 0.369356530 0.998555590
b 0.353641284 0.998624932
b 0.337862071 0.998695479
b 0.322026213 0.998767127
b 0.306141121 0.998839768
b 0.290214230 0.998913295
b 0.274252935 0.998987596
b 0.258264526 0.999062560
b 0.242256120 0.999138074
b 0.226229986 0.999214045
b 0.210169576 0.999290461
b 0.194053231 0.999367335
b 0.177858788 0.999444676
b 0.161563583 0.999522495
b 0.145144461 0.999600802
b 0.128577774 0.999679606
b 0.111839388 0.999758918
b 0.094904689 0.999838748
b 0.077748584 0.999919104
b 0.060345517 0.999999997
b 0.060344679 0.981651351
b 0.060342631 0.963312500
b 0.060340130 0.944982409
b 0.060337921 0.926660068
b 0.060336745 0.908344499
b 0.060337334 0.890034760
b 0.060340412 0.871729949
b 0.060345682 0.853429515
b 0.060351007 0.835133704
b 0.060355575 0.816843020
b 0.060358881 0.798558045
b 0.060360465 0.780279412
b 0.060359913 0.762007801
b 0.060356860 0.743743939
b 0.060350960 0.725488443
b 0.060341855 0.707241679
b 0.060330182 0.689003875
b 0.060318347 0.670775184
b 0.060308981 0.652555817
b 0.060304769 0.634346055
b 0.060308291 0.616146231
b 0.060319266 0.597956445
b 0.060334930 0.579776530
b 0.060352448 0.561606263
b 0.060369093 0.543446029
b 0.060382376 0.525297095
b 0.060390009 0.507160945
b 0.060390558 0.489039233
b 0.060384284 0.470933713
b 0.060371833 0.452846164
b 0.060354039 0.434778368
b 0.060332185 0.416731913
b 0.060311885 0.398705142
b 0.060298172 0.380693238
b 0.060291472 0.362690759
b 0.060291596 0.344692225
b 0.060297913 0.326692175
b 0.060309461 0.308685180
b 0.060333122 0.290665370
b 0.060385169 0.272626504
b 0.060453993 0.254566439
b 0.060511782 0.236485495
b 0.060533996 0.218384201
b 0.060519656 0.200263738
b 0.060478004 0.182125440
b 0.060418556 0.163970491
b 0.060353090 0.145800022
b 0.060309397 0.127615789
b 0.060292116 0.109417960
b 0.060292473 0.091205874
b 0.060302135 0.072979026
b 0.060315500 0.054739878
b 0.060329285 0.036493530
b 0.060340257 0.018245183
b 0.060344915 -0.000000000
b 0.090332808 0.016238952
b 0.120265449 0.032159179
b 0.149873096 0.047749917
b 0.178901951 0.063001681
b 0.207115242 0.077905913
b 0.234337771 0.092468671
b 0.260579826 0.106753155
b 0.285891179 0.120837338
b 0.310317946 0.134799160
b 0.333906244 0.148716355
b 0.356708315 0.162660231
b 0.378794525 0.176677450
b 0.400242816 0.190808299
b 0.421129201 0.205092784
b 0.441529042 0.219570517
b 0.461506669 0.234278635
b 0.481081482 0.249246564
b 0.500271224 0.264503206
b 0.519098577 0.280078035
b 0.537591479 0.296000697
b 0.555773139 0.312294941
b 0.573624403 0.328961557
b 0.591120689 0.345998228
b 0.608240952 0.363404999
b 0.624966462 0.381183773
b 0.641287748 0.399335687
b 0.657220825 0.417853250
b 0.672781225 0.436728684
b 0.687978719 0.455956682
b 0.702823015 0.475534040
b 0.717324966 0.495449077
b 0.731490329 0.515649896
b 0.745302529 0.536075488
b 0.758714224 0.556665969
b 0.771648306 0.577364132
b 0.784026534 0.598123593
b 0.795868256 0.618930657
b 0.807216390 0.639779471
b 0.818101339 0.660665156
b 0.828543840 0.681583712
b 0.838561421 0.702531363
b 0.848170375 0.723504358
b 0.857384460 0.744499036
b 0.866213393 0.765511729
b 0.874655471 0.786537591
b 0.882705998 0.807572144
b 0.890379486 0.828613909
b 0.897694378 0.849661972
b 0.904667435 0.870715268
b 0.911312086 0.891772965
b 0.917630430 0.912836259
b 0.923623617 0.933905330
b 0.929292635 0.954979897
b 0.934637103 0.976059799
b 0.939655330 0.997145006
interior
i 0.170211954 0.125000000
i 0.280132437 0.125000000
i 0.170211954 0.249999999
i 0.280132437 0.249999999
i 0.390052919 0.249999999
i 0.170211954 0.374999999
i 0.280132437 0.374999999
i 0.390052919 0.374999999
i 0.499973401 0.374999999
i 0.609893883 0.374999999
i 0.170211954 0.499999999
i 0.280132437 0.499999999
i 0.390052919 0.499999999
i 0.499973401 0.499999999
i 0.609893883 0.499999999
i 0.170211954 0.624999998
i 0.280132437 0.624999998
i 0.390052919 0.624999998
i 0.499973401 0.624999998
i 0.609893883 0.624999998
i 0.719814366 0.624999998
i 0.170211954 0.749999998
i 0.280132437 0.749999998
i 0.390052919 0.749999998
i 0.499973401 0.749999998
i 0.609893883 0.749999998
i 0.719814366 0.749999998
i 0.829734848 0.749999998
i 0.170211954 0.874999998
i 0.280132437 0.874999998
i 0.390052919 0.874999998
i 0.499973401 0.874999998
i 0.609893883 0.874999998
i 0.719814366 0.874999998
i 0.829734848 0.874999998
i 0.115251713 0.062500000
i 0.087771593 0.031250000
i 0.087771593 0.093750000
i 0.142731834 0.093750000
i 0.115251713 0.187499999
i 0.087771593 0.156250000
i 0.142731834 0.156250000
i 0.087771593 0.218749999
i 0.142731834 0.218749999
i 0.115251713 0.312499999
i 0.087771593 0.281249999
i 0.142731834 0.281249999
i 0.087771593 0.343749999
i 0.142731834 0.343749999
i 0.115251713 0.437499999
i 0.087771593 0.406249999
i 0.142731834 0.406249999
i 0.087771593 0.468749999
i 0.142731834 0.468749999
i 0.115251713 0.562499998
i 0.087771593 0.531249999
i 0.142731834 0.531249999
i 0.087771593 0.593749998
i 0.142731834 0.593749998
i 0.115251713 0.687499998
i 0.087771593 0.656249998
i 0.142731834 0.656249998
i 0.087771593 0.718749998
i 0.142731834 0.718749998
i 0.115251713 0.812499998
i 0.087771593 0.781249998
i 0.142731834 0.781249998
i 0.087771593 0.843749998
i 0.142731834 0.843749998
i 0.115251713 0.937499997
i 0.087771593 0.906249997
i 0.142731834 0.906249997
i 0.087771593 0.968749997
i 0.142731834 0.968749997
i 0.225172196 0.187499999
i 0.197692075 0.156250000
i 0.252652316 0.156250000
i 0.197692075 0.218749999
i 0.252652316 0.218749999
i 0.225172196 0.312499999
i 0.197692075 0.281249999
i 0.252652316 0.281249999
i 0.197692075 0.343749999
i 0.252652316 0.343749999
i 0.225172196 0.437499999
i 0.197692075 0.406249999
i 0.252652316 0.406249999
i 0.197692075 0.468749999
i 0.252652316 0.468749999
i 0.225172196 0.562499998
i 0.197692075 0.531249999
i 0.252652316 0.531249999
i 0.197692075 0.593749998
i 0.252652316 0.593749998
i 0.225172196 0.687499998
i 0.197692075 0.656249998
i 0.252652316 0.656249998
i 0.197692075 0.718749998
i 0.252652316 0.718749998
i 0.225172196 0.812499998
i 0.197692075 0.781249998
i 0.252652316 0.781249998
i 0.197692075 0.843749998
i 0.252652316 0.843749998
i 0.225172196 0.937499997
i 0.197692075 0.906249997
i 0.252652316 0.906249997
i 0.197692075 0.968749997
i 0.252652316 0.968749997
i 0.335092678 0.187499999
i 0.307612557 0.156250000
i 0.307612557 0.218749999
i 0.362572798 0.218749999
i 0.335092678 0.312499999
i 0.307612557 0.281249999
i 0.362572798 0.281249999
i 0.307612557 0.343749999
i 0.362572798 0.343749999
i 0.335092678 0.437499999
i 0.307612557 0.406249999
i 0.362572798 0.406249999
i 0.307612557 0.468749999
i 0.362572798 0.468749999
i 0.335092678 0.562499998
i 0.307612557 0.531249999
i 0.362572798 0.531249999
i 0.307612557 0.593749998
i 0.362572798 0.593749998
i 0.335092678 0.687499998
i 0.307612557 0.656249998
i 0.362572798 0.656249998
i 0.307612557 0.718749998
i 0.362572798 0.718749998
i 0.335092678 0.812499998
i 0.307612557 0.781249998
i 0.362572798 0.781249998
i 0.307612557 0.843749998
i 0.362572798 0.843749998
i 0.335092678 0.937499997
i 0.307612557 0.906249997
i 0.362572798 0.906249997
i 0.307612557 0.968749997
i 0.362572798 0.968749997
i 0.445013160 0.312499999
i 0.417533039 0.281249999
i 0.472493281 0.281249999
i 0.417533039 0.343749999
i 0.472493281 0.343749999
i 0.445013160 0.437499999
i 0.417533039 0.406249999
i 0.472493281 0.406249999
i 0.417533039 0.468749999
i 0.472493281 0.468749999
i 0.445013160 0.562499998
i 0.417533039 0.531249999
i 0.472493281 0.531249999
i 0.417533039 0.593749998
i 0.472493281 0.593749998
i 0.445013160 0.687499998
i 0.417533039 0.656249998
i 0.472493281 0.656249998
i 0.417533039 0.718749998
i 0.472493281 0.718749998
i 0.445013160 0.812499998
i 0.417533039 0.781249998
i 0.472493281 0.781249998
i 0.417533039 0.843749998
i 0.472493281 0.843749998
i 0.445013160 0.937499997
i 0.417533039 0.906249997
i 0.472493281 0.906249997
i 0.417533039 0.968749997
i 0.472493281 0.968749997
i 0.554933642 0.312499999
i 0.527453522 0.343749999
i 0.582413763 0.343749999
i 0.554933642 0.437499999
i 0.527453522 0.406249999
i 0.582413763 0.406249999
i 0.527453522 0.468749999
i 0.582413763 0.468749999
i 0.554933642 0.562499998
i 0.527453522 0.531249999
i 0.582413763 0.531249999
i 0.527453522 0.593749998
i 0.582413763 0.593749998
i 0.554933642 0.687499998
i 0.527453522 0.656249998
i 0.582413763 0.656249998
i 0.527453522 0.718749998
i 0.582413763 0.718749998
i 0.554933642 0.812499998
i 0.527453522 0.781249998
i 0.582413763 0.781249998
i 0.527453522 0.843749998
i 0.582413763 0.843749998
i 0.554933642 0.937499997
i 0.527453522 0.906249997
i 0.582413763 0.906249997
i 0.527453522 0.968749997
i 0.582413763 0.968749997
i 0.664854124 0.437499999
i 0.637374004 0.406249999
i 0.637374004 0.468749999
i 0.692334245 0.468749999
i 0.664854124 0.562499998
i 0.637374004 0.531249999
i 0.692334245 0.531249999
i 0.637374004 0.593749998
i 0.692334245 0.593749998
i 0.664854124 0.687499998
i 0.637374004 0.656249998
i 0.692334245 0.656249998
i 0.637374004 0.718749998
i 0.692334245 0.718749998
i 0.664854124 0.812499998
i 0.637374004 0.781249998
i 0.692334245 0.781249998
i 0.637374004 0.843749998
i 0.692334245 0.843749998
i 0.664854124 0.937499997
i 0.637374004 0.906249997
i 0.692334245 0.906249997
i 0.637374004 0.968749997
i 0.692334245 0.968749997
i 0.774774607 0.687499998
i 0.747294486 0.656249998
i 0.802254727 0.656249998
i 0.747294486 0.718749998
i 0.802254727 0.718749998
i 0.774774607 0.812499998
i 0.747294486 0.781249998
i 0.802254727 0.781249998
i 0.747294486 0.843749998
i 0.802254727 0.843749998
i 0.774774607 0.937499997
i 0.747294486 0.906249997
i 0.802254727 0.906249997
i 0.747294486 0.968749997
i 0.802254727 0.968749997
i 0.884695089 0.937499997
i 0.857214968 0.906249997
i 0.912175209 0.906249997
i 0.857214968 0.968749997
i 0.912175209 0.968749997
tris
t 109 107 108
t 109 106 107
t 109 105 106
t 109 104 105
t 109 103 104
t 109 102 103
t 109 101 102
t 109 100 101
t 109 99 100
t 109 110 111
t 109 111 112
t 109 112 113
t 109 113 114
t 109 114 115
t 109 115 116
t 109 116 117
t 109 117 118
t 109 118 119
t 109 119 120
t 109 120 121
t 109 121 122
t 109 410 99
t 109 411 410
t 109 412 411
t 109 413 412
t 109 414 413
t 109 415 414
t 109 416 415
t 109 417 416
t 109 418 417
t 109 419 418
t 109 420 419
t 109 421 420
t 109 422 421
t 109 423 422
t 109 424 423
t 109 425 424
t 109 426 425
t 109 427 426
t 109 428 427
t 109 429 428
t 109 430 429
t 109 431 430
t 109 432 431
t 109 433 432
t 109 434 433
t 109 435 434
t 109 436 435
t 109 437 436
t 109 438 437
t 109 439 438
t 109 440 439
t 109 441 440
t 109 442 441
t 109 443 442
t 109 444 443
t 109 122 444
t 99 97 98
t 99 96 97
t 99 95 96
t 99 94 95
t 99 93 94
t 122 123 124
t 122 124 125
t 122 125 126
t 122 126 127
t 122 127 128
t 99 445 93
t 99 446 445
t 99 447 446
t 99 448 447
t 99 449 448
t 99 450 449
t 99 451 450
t 99 452 451
t 99 453 452
t 99 454 453
t 99 455 454
t 99 456 455
t 99 457 456
t 99 458 457
t 99 459 458
t 99 460 459
t 99 461 460
t 99 462 461
t 99 463 462
t 99 464 463
t 99 465 464
t 99 466 465
t 99 467 466
t 99 410 467
t 410 468 467
t 410 411 468
t 411 469 468
t 411 412 469
t 412 470 469
t 412 413 470
t 413 471 470
t 413 414 471
t 414 472 471
t 414 415 472
t 415 473 472
t 415 416 473
t 416 474 473
t 416 417 474
t 417 475 474
t 417 418 475
t 418 476 475
t 418 419 476
t 419 477 476
t 419 420 477
t 420 478 477
t 420 421 478
t 421 479 478
t 421 422 479
t 422 480 479
t 422 423 480
t 423 481 480
t 423 424 481
t 424 482 481
t 424 425 482
t 425 483 482
t 425 426 483
t 426 484 483
t 426 427 484
t 427 485 484
t 427 428 485
t 428 486 485
t 428 429 486
t 429 487 486
t 429 430 487
t 430 488 487
t 430 431 488
t 431 489 488
t 431 432 489
t 432 490 489
t 432 433 490
t 433 491 490
t 433 434 491
t 434 492 491
t 434 435 492
t 435 493 492
t 435 436 493
t 436 494 493
t 436 437 494
t 437 495 494
t 437 438 495
t 438 496 495
t 438 439 496
t 439 497 496
t 439 440 497
t 440 498 497
t 440 441 498
t 441 499 498
t 441 442 499
t 442 500 499
t 442 443 500
t 443 501 500
t 443 444 501
t 444 502 501
t 444 122 502
t 122 503 502
t 122 504 503
t 122 505 504
t 122 506 505
t 122 507 506
t 122 508 507
t 122 509 508
t 122 510 509
t 122 511 510
t 122 512 511
t 122 513 512
t 122 514 513
t 122 515 514
t 122 516 515
t 122 128 516
t 93 91 92
t 93 90 91
t 93 89 90
t 93 88 89
t 93 87 88
t 128 129 130
t 128 130 131
t 128 131 132
t 128 132 133
t 128 133 134
t 128 134 135
t 93 517 87
t 93 518 517
t 93 519 518
t 93 520 519
t 93 521 520
t 93 522 521
t 93 523 522
t 93 445 523
t 445 524 523
t 445 446 524
t 446 525 524
t 446 447 525
t 447 526 525
t 447 448 526
t 448 527 526
t 448 449 527
t 449 528 527
t 449 450 528
t 450 529 528
t 450 451 529
t 451 530 529
t 451 452 530
t 452 531 530
t 452 453 531
t 453 532 531
t 453 454 532
t 454 533 532
t 454 455 533
t 455 534 533
t 455 456 534
t 456 535 534
t 456 457 535
t 457 536 535
t 457 458 536
t 458 537 536
t 458 459 537
t 459 538 537
t 459 460 538
t 460 539 538
t 460 461 539
t 461 540 539
t 461 462 540
t 462 541 540
t 462 463 541
t 463 542 541
t 463 464 542
t 464 543 542
t 464 465 543
t 465 544 543
t 465 466 544
t 466 545 544
t 466 467 545
t 467 546 545
t 467 468 546
t 468 547 546
t 468 469 547
t 469 548 547
t 469 470 548
t 470 549 548
t 470 471 549
t 471 550 549
t 471 472 550
t 472 551 550
t 472 473 551
t 473 552 551
t 473 474 552
t 474 553 552
t 474 475 553
t 475 554 553
t 475 476 554
t 476 555 554
t 476 477 555
t 477 556 555
t 477 478 556
t 478 557 556
t 478 479 557
t 479 558 557
t 479 480 558
t 480 559 558
t 480 481 559
t 481 560 559
t 481 482 560
t 482 561 560
t 482 483 561
t 483 562 561
t 483 484 562
t 484 563 562
t 484 485 563
t 485 564 563
t 485 486 564
t 486 565 564
t 486 487 565
t 487 566 565
t 487 488 566
t 488 567 566
t 488 489 567
t 489 568 567
t 489 490 568
t 490 569 568
t 490 491 569
t 491 570 569
t 491 492 570
t 492 571 570
t 492 493 571
t 493 572 571
t 493 494 572
t 494 573 572
t 494 495 573
t 495 574 573
t 495 496 574
t 496 575 574
t 496 497 575
t 497 576 575
t 497 498 576
t 498 577 576
t 498 499 577
t 499 578 577
t 499 500 578
t 500 579 578
t 500 501 579
t 501 580 579
t 501 502 580
t 502 581 580
t 502 503 581
t 503 582 581
t 503 504 582
t 504 583 582
t 504 505 583
t 505 584 583
t 505 506 584
t 506 585 584
t 506 507 585
t 507 586 585
t 507 508 586
t 508 587 586
t 508 509 587
t 509 588 587
t 509 510 588
t 510 589 588
t 510 511 589
t 511 590 589
t 511 512 590
t 512 591 590
t 512 513 591
t 513 592 591
t 513 514 592
t 514 593 592
t 514 515 593
t 515 594 593
t 515 516 594
t 516 595 594
t 516 128 595
t 128 596 595
t 128 597 596
t 128 598 597
t 128 599 598
t 128 600 599
t 128 601 600
t 128 602 601
t 128 603 602
t 128 604 603
t 128 605 604
t 128 606 605
t 128 607 606
t 128 608 607
t 128 609 608
t 128 610 609
t 128 135 610
t 87 85 86
t 87 84 85
t 87 83 84
t 87 82 83
t 87 81 82
t 87 80 81
t 87 79 80
t 87 78 79
t 87 77 78
t 87 76 77
t 135 136 137
t 135 137 138
t 135 138 139
t 135 139 140
t 135 140 141
t 135 141 142
t 135 142 143
t 135 143 144
t 135 144 145
t 87 517 76
t 517 518 76
t 518 519 76
t 519 520 76
t 520 611 76
t 520 521 611
t 521 612 611
t 521 522 612
t 522 613 612
t 522 523 613
t 523 614 613
t 523 524 614
t 524 615 614
t 524 525 615
t 525 616 615
t 525 526 616
t 526 617 616
t 526 527 617
t 527 618 617
t 527 528 618
t 528 619 618
t 528 529 619
t 529 620 619
t 529 530 620
t 530 621 620
t 530 531 621
t 531 622 621
t 531 532 622
t 532 623 622
t 532 533 623
t 533 624 623
t 533 534 624
t 534 625 624
t 534 535 625
t 535 626 625
t 535 536 626
t 536 627 626
t 536 537 627
t 537 628 627
t 537 538 628
t 538 629 628
t 538 539 629
t 539 630 629
t 539 540 630
t 540 631 630
t 540 541 631
t 541 632 631
t 541 542 632
t 542 633 632
t 542 543 633
t 543 634 633
t 543 544 634
t 544 635 634
t 544 545 635
t 545 636 635
t 545 546 636
t 546 637 636
t 546 547 637
t 547 638 637
t 547 548 638
t 548 639 638
t 548 549 639
t 549 640 639
t 549 550 640
t 550 641 640
t 550 551 641
t 551 642 641
t 551 552 642
t 552 643 642
t 552 553 643
t 553 644 643
t 553 554 644
t 554 645 644
t 554 555 645
t 555 646 645
t 555 556 646
t 556 647 646
t 556 557 647
t 557 648 647
t 557 558 648
t 558 649 648
t 558 559 649
t 559 650 649
t 559 560 650
t 560 651 650
t 560 561 651
t 561 652 651
t 561 562 652
t 562 653 652
t 562 563 653
t 563 654 653
t 563 564 654
t 564 655 654
t 564 565 655
t 565 656 655
t 565 566 656
t 566 657 656
t 566 567 657
t 567 658 657
t 567 568 658
t 568 659 658
t 568 569 659
t 569 660 659
t 569 570 660
t 570 661 660
t 570 571 661
t 571 662 661
t 571 572 662
t 572 663 662
t 572 573 663
t 573 664 663
t 573 574 664
t 574 665 664
t 574 575 665
t 575 666 665
t 575 576 666
t 576 667 666
t 576 577 667
t 577 668 667
t 577 578 668
t 578 669 668
t 578 579 669
t 579 670 669
t 579 580 670
t 580 671 670
t 580 581 671
t 581 672 671
t 581 582 672
t 582 673 672
t 582 583 673
t 583 674 673
t 583 584 674
t 584 675 674
t 584 585 675
t 585 676 675
t 585 586 676
t 586 677 676
t 586 587 677
t 587 678 677
t 587 588 678
t 588 679 678
t 588 589 679
t 589 680 679
t 589 590 680
t 590 681 680
t 590 591 681
t 591 682 681
t 591 592 682
t 592 683 682
t 592 593 683
t 593 684 683
t 593 594 684
t 594 685 684
t 594 595 685
t 595 686 685
t 595 596 686
t 596 687 686
t 596 597 687
t 597 688 687
t 597 598 688
t 598 689 688
t 598 599 689
t 599 690 689
t 599 600 690
t 600 691 690
t 600 601 691
t 601 692 691
t 601 602 692
t 602 693 692
t 602 603 693
t 603 694 693
t 603 604 694
t 604 695 694
t 604 605 695
t 605 696 695
t 605 606 696
t 606 697 696
t 606 607 697
t 607 698 697
t 607 608 698
t 608 699 698
t 608 609 699
t 609 700 699
t 609 610 700
t 610 701 700
t 610 135 701
t 135 702 701
t 135 703 702
t 135 704 703
t 135 705 704
t 135 706 705
t 135 707 706
t 135 708 707
t 135 709 708
t 135 710 709
t 135 711 710
t 135 712 711
t 135 713 712
t 135 714 713
t 135 715 714
t 135 716 715
t 135 717 716
t 135 718 717
t 135 719 718
t 135 720 719
t 135 145 720
t 76 74 75
t 76 73 74
t 76 72 73
t 76 71 72
t 76 70 71
t 76 69 70
t 76 68 69
t 76 67 68
t 76 66 67
t 76 65 66
t 145 146 147
t 145 147 148
t 145 148 149
t 145 149 150
t 145 150 151
t 145 151 152
t 145 152 153
t 145 153 154
t 76 611 65
t 611 612 65
t 612 613 65
t 613 614 65
t 614 615 65
t 615 616 65
t 616 617 65
t 617 618 65
t 618 619 65
t 619 620 65
t 620 621 65
t 621 622 65
t 622 623 65
t 623 624 65
t 624 625 65
t 625 626 65
t 626 627 65
t 627 628 65
t 628 721 65
t 628 629 721
t 629 722 721
t 629 630 722
t 630 723 722
t 630 631 723
t 631 724 723
t 631 632 724
t 632 725 724
t 632 633 725
t 633 726 725
t 633 634 726
t 634 727 726
t 634 635 727
t 635 728 727
t 635 636 728
t 636 729 728
t 636 637 729
t 637 730 729
t 637 638 730
t 638 731 730
t 638 639 731
t 639 732 731
t 639 640 732
t 640 733 732
t 640 641 733
t 641 734 733
t 641 642 734
t 642 735 734
t 642 643 735
t 643 736 735
t 643 644 736
t 644 737 736
t 644 645 737
t 645 738 737
t 645 646 738
t 646 739 738
t 646 647 739
t 647 740 739
t 647 648 740
t 648 741 740
t 648 649 741
t 649 742 741
t 649 650 742
t 650 743 742
t 650 651 743
t 651 744 743
t 651 652 744
t 652 745 744
t 652 653 745
t 653 746 745
t 653 654 746
t 654 747 746
t 654 655 747
t 655 748 747
t 655 656 748
t 656 749 748
t 656 657 749
t 657 750 749
t 657 658 750
t 658 751 750
t 658 659 751
t 659 752 751
t 659 660 752
t 660 753 752
t 660 661 753
t 661 754 753
t 661 662 754
t 662 755 754
t 662 663 755
t 663 756 755
t 663 664 756
t 664 757 756
t 664 665 757
t 665 758 757
t 665 666 758
t 666 759 758
t 666 667 759
t 667 760 759
t 667 668 760
t 668 761 760
t 668 669 761
t 669 762 761
t 669 670 762
t 670 763 762
t 670 671 763
t 671 764 763
t 671 672 764
t 672 765 764
t 672 673 765
t 673 766 765
t 673 674 766
t 674 767 766
t 674 675 767
t 675 768 767
t 675 676 768
t 676 769 768
t 676 677 769
t 677 770 769
t 677 678 770
t 678 771 770
t 678 679 771
t 679 772 771
t 679 680 772
t 680 773 772
t 680 681 773
t 681 774 773
t 681 682 774
t 682 775 774
t 682 683 775
t 683 776 775
t 683 684 776
t 684 777 776
t 684 685 777
t 685 778 777
t 685 686 778
t 686 779 778
t 686 687 779
t 687 780 779
t 687 688 780
t 688 781 780
t 688 689 781
t 689 782 781
t 689 690 782
t 690 783 782
t 690 691 783
t 691 784 783
t 691 692 784
t 692 785 784
t 692 693 785
t 693 786 785
t 693 694 786
t 694 787 786
t 694 695 787
t 695 788 787
t 695 696 788
t 696 789 788
t 696 697 789
t 697 790 789
t 697 698 790
t 698 791 790
t 698 699 791
t 699 792 791
t 699 700 792
t 700 793 792
t 700 701 793
t 701 794 793
t 701 702 794
t 702 795 794
t 702 703 795
t 703 796 795
t 703 704 796
t 704 797 796
t 704 705 797
t 705 798 797
t 705 706 798
t 706 799 798
t 706 707 799
t 707 800 799
t 707 708 800
t 708 801 800
t 708 709 801
t 709 802 801
t 709 710 802
t 710 803 802
t 710 711 803
t 711 804 803
t 711 712 804
t 712 805 804
t 712 713 805
t 713 806 805
t 713 714 806
t 714 807 806
t 714 715 807
t 715 808 807
t 715 716 808
t 716 809 808
t 716 717 809
t 717 810 809
t 717 718 810
t 718 811 810
t 718 719 811
t 719 812 811
t 719 720 812
t 720 813 812
t 720 145 813
t 145 814 813
t 145 815 814
t 145 816 815
t 145 817 816
t 145 818 817
t 145 819 818
t 145 820 819
t 145 821 820
t 145 822 821
t 145 823 822
t 145 824 823
t 145 825 824
t 145 826 825
t 145 827 826
t 145 828 827
t 145 154 828
t 154 155 156
t 154 156 157
t 154 157 158
t 154 158 159
t 154 159 160
t 154 160 161
t 154 161 162
t 65 829 64
t 65 830 829
t 65 721 830
t 721 831 830
t 721 722 831
t 722 832 831
t 722 723 832
t 723 833 832
t 723 724 833
t 724 834 833
t 724 725 834
t 725 835 834
t 725 726 835
t 726 836 835
t 726 727 836
t 727 837 836
t 727 728 837
t 728 838 837
t 728 729 838
t 729 839 838
t 729 730 839
t 730 840 839
t 730 731 840
t 731 841 840
t 731 732 841
t 732 842 841
t 732 733 842
t 733 843 842
t 733 734 843
t 734 844 843
t 734 735 844
t 735 845 844
t 735 736 845
t 736 846 845
t 736 737 846
t 737 847 846
t 737 738 847
t 738 848 847
t 738 739 848
t 739 849 848
t 739 740 849
t 740 850 849
t 740 741 850
t 741 851 850
t 741 742 851
t 742 852 851
t 742 743 852
t 743 853 852
t 743 744 853
t 744 854 853
t 744 745 854
t 745 855 854
t 745 746 855
t 746 856 855
t 746 747 856
t 747 857 856
t 747 748 857
t 748 858 857
t 748 749 858
t 749 859 858
t 749 750 859
t 750 860 859
t 750 751 860
t 751 861 860
t 751 752 861
t 752 862 861
t 752 753 862
t 753 863 862
t 753 754 863
t 754 864 863
t 754 755 864
t 755 865 864
t 755 756 865
t 756 866 865
t 756 757 866
t 757 867 866
t 757 758 867
t 758 868 867
t 758 759 868
t 759 869 868
t 759 760 869
t 760 870 869
t 760 761 870
t 761 871 870
t 761 762 871
t 762 872 871
t 762 763 872
t 763 873 872
t 763 764 873
t 764 874 873
t 764 765 874
t 765 875 874
t 765 766 875
t 766 876 875
t 766 767 876
t 767 877 876
t 767 768 877
t 768 878 877
t 768 769 878
t 769 879 878
t 769 770 879
t 770 880 879
t 770 771 880
t 771 881 880
t 771 772 881
t 772 882 881
t 772 773 882
t 773 883 882
t 773 774 883
t 774 884 883
t 774 775 884
t 775 885 884
t 775 776 885
t 776 886 885
t 776 777 886
t 777 887 886
t 777 778 887
t 778 888 887
t 778 779 888
t 779 889 888
t 779 780 889
t 780 890 889
t 780 781 890
t 781 891 890
t 781 782 891
t 782 892 891
t 782 783 892
t 783 893 892
t 783 784 893
t 784 894 893
t 784 785 894
t 785 895 894
t 785 786 895
t 786 896 895
t 786 787 896
t 787 897 896
t 787 788 897
t 788 898 897
t 788 789 898
t 789 899 898
t 789 790 899
t 790 900 899
t 790 791 900
t 791 901 900
t 791 792 901
t 792 902 901
t 792 793 902
t 793 903 902
t 793 794 903
t 794 904 903
t 794 795 904
t 795 905 904
t 795 796 905
t 796 906 905
t 796 797 906
t 797 907 906
t 797 798 907
t 798 908 907
t 798 799 908
t 799 909 908
t 799 800 909
t 800 910 909
t 800 801 910
t 801 911 910
t 801 802 911
t 802 912 911
t 802 803 912
t 803 913 912
t 803 804 913
t 804 914 913
t 804 805 914
t 805 915 914
t 805 806 915
t 806 916 915
t 806 807 916
t 807 917 916
t 807 808 917
t 808 918 917
t 808 809 918
t 809 919 918
t 809 810 919
t 810 920 919
t 810 811 920
t 811 921 920
t 811 812 921
t 812 922 921
t 812 813 922
t 813 923 922
t 813 814 923
t 814 924 923
t 814 815 924
t 815 925 924
t 815 816 925
t 816 926 925
t 816 817 926
t 817 927 926
t 817 818 927
t 818 928 927
t 818 819 928
t 819 929 928
t 819 820 929
t 820 930 929
t 820 821 930
t 821 931 930
t 821 822 931
t 822 932 931
t 822 823 932
t 823 933 932
t 823 824 933
t 824 934 933
t 824 825 934
t 825 935 934
t 825 826 935
t 826 936 935
t 826 827 936
t 827 937 936
t 827 828 937
t 828 938 937
t 828 154 938
t 154 939 938
t 154 940 939
t 154 941 940
t 154 942 941
t 154 943 942
t 154 944 943
t 154 945 944
t 154 946 945
t 154 947 946
t 154 948 947
t 154 949 948
t 154 162 949
t 162 163 164
t 162 164 0
t 162 0 1
t 162 1 2
t 162 2 3
t 162 3 4
t 162 4 5
t 64 950 63
t 64 951 950
t 64 952 951
t 64 829 952
t 829 953 952
t 829 830 953
t 830 954 953
t 830 831 954
t 831 955 954
t 831 832 955
t 832 956 955
t 832 833 956
t 833 957 956
t 833 834 957
t 834 958 957
t 834 835 958
t 835 959 958
t 835 836 959
t 836 960 959
t 836 837 960
t 837 961 960
t 837 838 961
t 838 962 961
t 838 839 962
t 839 963 962
t 839 840 963
t 840 964 963
t 840 841 964
t 841 965 964
t 841 842 965
t 842 966 965
t 842 843 966
t 843 967 966
t 843 844 967
t 844 968 967
t 844 845 968
t 845 969 968
t 845 846 969
t 846 970 969
t 846 847 970
t 847 971 970
t 847 848 971
t 848 972 971
t 848 849 972
t 849 973 972
t 849 850 973
t 850 974 973
t 850 851 974
t 851 975 974
t 851 852 975
t 852 976 975
t 852 853 976
t 853 977 976
t 853 854 977
t 854 978 977
t 854 855 978
t 855 979 978
t 855 856 979
t 856 980 979
t 856 857 980
t 857 981 980
t 857 858 981
t 858 982 981
t 858 859 982
t 859 983 982
t 859 860 983
t 860 984 983
t 860 861 984
t 861 985 984
t 861 862 985
t 862 986 985
t 862 863 986
t 863 987 986
t 863 864 987
t 864 988 987
t 864 865 988
t 865 989 988
t 865 866 989
t 866 990 989
t 866 867 990
t 867 991 990
t 867 868 991
t 868 992 991
t 868 869 992
t 869 993 992
t 869 870 993
t 870 994 993
t 870 871 994
t 871 995 994
t 871 872 995
t 872 996 995
t 872 873 996
t 873 997 996
t 873 874 997
t 874 998 997
t 874 875 998
t 875 999 998
t 875 876 999
t 876 1000 999
t 876 877 1000
t 877 1001 1000
t 877 878 1001
t 878 1002 1001
t 878 879 1002
t 879 1003 1002
t 879 880 1003
t 880 1004 1003
t 880 881 1004
t 881 1005 1004
t 881 882 1005
t 882 1006 1005
t 882 883 1006
t 883 1007 1006
t 883 884 1007
t 884 1008 1007
t 884 885 1008
t 885 1009 1008
t 885 886 1009
t 886 1010 1009
t 886 887 1010
t 887 1011 1010
t 887 888 1011
t 888 1012 1011
t 888 889 1012
t 889 1013 1012
t 889 890 1013
t 890 1014 1013
t 890 891 1014
t 891 1015 1014
t 891 892 1015
t 892 1016 1015
t 892 893 1016
t 893 1017 1016
t 893 894 1017
t 894 1018 1017
t 894 895 1018
t 895 1019 1018
t 895 896 1019
t 896 1020 1019
t 896 897 1020
t 897 1021 1020
t 897 898 1021
t 898 1022 1021
t 898 899 1022
t 899 1023 1022
t 899 900 1023
t 900 1024 1023
t 900 901 1024
t 901 1025 1024
t 901 902 1025
t 902 1026 1025
t 902 903 1026
t 903 1027 1026
t 903 904 1027
t 904 1028 1027
t 904 905 1028
t 905 1029 1028
t 905 906 1029
t 906 1030 1029
t 906 907 1030
t 907 1031 1030
t 907 908 1031
t 908 1032 1031
t 908 909 1032
t 909 1033 1032
t 909 910 1033
t 910 1034 1033
t 910 911 1034
t 911 1035 1034
t 911 912 1035
t 912 1036 1035
t 912 913 1036
t 913 1037 1036
t 913 914 1037
t 914 1038 1037
t 914 915 1038
t 915 1039 1038
t 915 916 1039
t 916 1040 1039
t 916 917 1040
t 917 1041 1040
t 917 918 1041
t 918 1042 1041
t 918 919 1042
t 919 1043 1042
t 919 920 1043
t 920 1044 1043
t 920 921 1044
t 921 1045 1044
t 921 922 1045
t 922 1046 1045
t 922 923 1046
t 923 1047 1046
t 923 924 1047
t 924 1048 1047
t 924 925 1048
t 925 1049 1048
t 925 926 1049
t 926 1050 1049
t 926 927 1050
t 927 1051 1050
t 927 928 1051
t 928 1052 1051
t 928 929 1052
t 929 1053 1052
t 929 930 1053
t 930 1054 1053
t 930 931 1054
t 931 1055 1054
t 931 932 1055
t 932 5 1055
t 932 933 5
t 933 934 5
t 934 935 5
t 935 936 5
t 936 937 5
t 937 938 5
t 938 939 5
t 939 940 5
t 940 941 5
t 941 942 5
t 942 943 5
t 943 944 5
t 944 945 5
t 945 946 5
t 946 947 5
t 947 948 5
t 948 949 5
t 949 162 5
t 63 61 62
t 63 60 61
t 5 6 7
t 5 7 8
t 5 8 9
t 5 9 10
t 5 10 11
t 5 11 12
t 5 12 13
t 5 13 14
t 5 14 15
t 5 15 16
t 5 16 17
t 5 17 18
t 5 18 19
t 5 19 20
t 5 20 21
t 63 1056 60
t 63 1057 1056
t 63 1058 1057
t 63 1059 1058
t 63 1060 1059
t 63 950 1060
t 950 1061 1060
t 950 951 1061
t 951 1062 1061
t 951 952 1062
t 952 1063 1062
t 952 953 1063
t 953 1064 1063
t 953 954 1064
t 954 1065 1064
t 954 955 1065
t 955 1066 1065
t 955 956 1066
t 956 1067 1066
t 956 957 1067
t 957 1068 1067
t 957 958 1068
t 958 1069 1068
t 958 959 1069
t 959 1070 1069
t 959 960 1070
t 960 1071 1070
t 960 961 1071
t 961 1072 1071
t 961 962 1072
t 962 1073 1072
t 962 963 1073
t 963 1074 1073
t 963 964 1074
t 964 1075 1074
t 964 965 1075
t 965 1076 1075
t 965 966 1076
t 966 1077 1076
t 966 967 1077
t 967 1078 1077
t 967 968 1078
t 968 1079 1078
t 968 969 1079
t 969 1080 1079
t 969 970 1080
t 970 1081 1080
t 970 971 1081
t 971 1082 1081
t 971 972 1082
t 972 1083 1082
t 972 973 1083
t 973 1084 1083
t 973 974 1084
t 974 1085 1084
t 974 975 1085
t 975 1086 1085
t 975 976 1086
t 976 1087 1086
t 976 977 1087
t 977 1088 1087
t 977 978 1088
t 978 1089 1088
t 978 979 1089
t 979 1090 1089
t 979 980 1090
t 980 1091 1090
t 980 981 1091
t 981 1092 1091
t 981 982 1092
t 982 1093 1092
t 982 983 1093
t 983 1094 1093
t 983 984 1094
t 984 1095 1094
t 984 985 1095
t 985 1096 1095
t 985 986 1096
t 986 1097 1096
t 986 987 1097
t 987 1098 1097
t 987 988 1098
t 988 1099 1098
t 988 989 1099
t 989 1100 1099
t 989 990 1100
t 990 1101 1100
t 990 991 1101
t 991 1102 1101
t 991 992 1102
t 992 1103 1102
t 992 993 1103
t 993 1104 1103
t 993 994 1104
t 994 1105 1104
t 994 995 1105
t 995 1106 1105
t 995 996 1106
t 996 1107 1106
t 996 997 1107
t 997 1108 1107
t 997 998 1108
t 998 1109 1108
t 998 999 1109
t 999 1110 1109
t 999 1000 1110
t 1000 1111 1110
t 1000 1001 1111
t 1001 1112 1111
t 1001 1002 1112
t 1002 1113 1112
t 1002 1003 1113
t 1003 1114 1113
t 1003 1004 1114
t 1004 1115 1114
t 1004 1005 1115
t 1005 1116 1115
t 1005 1006 1116
t 1006 1117 1116
t 1006 1007 1117
t 1007 1118 1117
t 1007 1008 1118
t 1008 1119 1118
t 1008 1009 1119
t 1009 1120 1119
t 1009 1010 1120
t 1010 1121 1120
t 1010 1011 1121
t 1011 1122 1121
t 1011 1012 1122
t 1012 1123 1122
t 1012 1013 1123
t 1013 1124 1123
t 1013 1014 1124
t 1014 1125 1124
t 1014 1015 1125
t 1015 1126 1125
t 1015 1016 1126
t 1016 1127 1126
t 1016 1017 1127
t 1017 1128 1127
t 1017 1018 1128
t 1018 1129 1128
t 1018 1019 1129
t 1019 1130 1129
t 1019 1020 1130
t 1020 1131 1130
t 1020 1021 1131
t 1021 1132 1131
t 1021 1022 1132
t 1022 21 1132
t 1022 1023 21
t 1023 1024 21
t 1024 1025 21
t 1025 1026 21
t 1026 1027 21
t 1027 1028 21
t 1028 1029 21
t 1029 1030 21
t 1030 1031 21
t 1031 1032 21
t 1032 1033 21
t 1033 1034 21
t 1034 1035 21
t 1035 1036 21
t 1036 1037 21
t 1037 1038 21
t 1038 1039 21
t 1039 1040 21
t 1040 1041 21
t 1041 1042 21
t 1042 1043 21
t 1043 1044 21
t 1044 1045 21
t 1045 1046 21
t 1046 1047 21
t 1047 1048 21
t 1048 1049 21
t 1049 1050 21
t 1050 1051 21
t 1051 1052 21
t 1052 1053 21
t 1053 1054 21
t 1054 1055 21
t 1055 5 21
t 60 58 59
t 60 57 58
t 21 22 23
t 21 23 24
t 21 24 25
t 21 25 26
t 21 26 27
t 21 27 28
t 21 28 29
t 21 29 30
t 21 30 31
t 21 31 32
t 21 32 33
t 21 33 34
t 21 34 35
t 21 35 36
t 21 36 37
t 60 1056 57
t 1056 1057 57
t 1057 1133 57
t 1057 1058 1133
t 1058 1134 1133
t 1058 1059 1134
t 1059 1135 1134
t 1059 1060 1135
t 1060 1136 1135
t 1060 1061 1136
t 1061 1137 1136
t 1061 1062 1137
t 1062 1138 1137
t 1062 1063 1138
t 1063 1139 1138
t 1063 1064 1139
t 1064 1140 1139
t 1064 1065 1140
t 1065 1141 1140
t 1065 1066 1141
t 1066 1142 1141
t 1066 1067 1142
t 1067 1143 1142
t 1067 1068 1143
t 1068 1144 1143
t 1068 1069 1144
t 1069 1145 1144
t 1069 1070 1145
t 1070 1146 1145
t 1070 1071 1146
t 1071 1147 1146
t 1071 1072 1147
t 1072 1148 1147
t 1072 1073 1148
t 1073 1149 1148
t 1073 1074 1149
t 1074 1150 1149
t 1074 1075 1150
t 1075 1151 1150
t 1075 1076 1151
t 1076 1152 1151
t 1076 1077 1152
t 1077 1153 1152
t 1077 1078 1153
t 1078 1154 1153
t 1078 1079 1154
t 1079 1155 1154
t 1079 1080 1155
t 1080 1156 1155
t 1080 1081 1156
t 1081 1157 1156
t 1081 1082 1157
t 1082 1158 1157
t 1082 1083 1158
t 1083 1159 1158
t 1083 1084 1159
t 1084 1160 1159
t 1084 1085 1160
t 1085 1161 1160
t 1085 1086 1161
t 1086 1162 1161
t 1086 1087 1162
t 1087 1163 1162
t 1087 1088 1163
t 1088 1164 1163
t 1088 1089 1164
t 1089 1165 1164
t 1089 1090 1165
t 1090 1166 1165
t 1090 1091 1166
t 1091 1167 1166
t 1091 1092 1167
t 1092 1168 1167
t 1092 1093 1168
t 1093 1169 1168
t 1093 1094 1169
t 1094 1170 1169
t 1094 1095 1170
t 1095 1171 1170
t 1095 1096 1171
t 1096 1172 1171
t 1096 1097 1172
t 1097 1173 1172
t 1097 1098 1173
t 1098 1174 1173
t 1098 1099 1174
t 1099 1175 1174
t 1099 1100 1175
t 1100 1176 1175
t 1100 1101 1176
t 1101 1177 1176
t 1101 1102 1177
t 1102 1178 1177
t 1102 1103 1178
t 1103 1179 1178
t 1103 1104 1179
t 1104 1180 1179
t 1104 1105 1180
t 1105 37 1180
t 1105 1106 37
t 1106 1107 37
t 1107 1108 37
t 1108 1109 37
t 1109 1110 37
t 1110 1111 37
t 1111 1112 37
t 1112 1113 37
t 1113 1114 37
t 1114 1115 37
t 1115 1116 37
t 1116 1117 37
t 1117 1118 37
t 1118 1119 37
t 1119 1120 37
t 1120 1121 37
t 1121 1122 37
t 1122 1123 37
t 1123 1124 37
t 1124 1125 37
t 1125 1126 37
t 1126 1127 37
t 1127 1128 37
t 1128 1129 37
t 1129 1130 37
t 1130 1131 37
t 1131 1132 37
t 1132 21 37
t 57 55 56
t 57 54 55
t 37 38 39
t 37 39 40
t 37 40 41
t 37 41 42
t 37 42 43
t 37 43 44
t 37 44 45
t 37 45 46
t 37 46 47
t 37 47 48
t 37 48 49
t 37 49 50
t 37 50 51
t 37 51 52
t 37 52 53
t 37 53 54
t 57 1133 54
t 1133 1134 54
t 1134 1135 54
t 1135 1136 54
t 1136 1137 54
t 1137 1138 54
t 1138 1139 54
t 1139 1140 54
t 1140 1141 54
t 1141 1142 54
t 1142 1143 54
t 1143 1144 54
t 1144 1145 54
t 1145 1146 54
t 1146 1147 54
t 1147 1148 54
t 1148 1149 54
t 1149 1150 54
t 1150 1151 54
t 1151 1152 54
t 1152 1153 54
t 1153 1154 54
t 1154 1155 54
t 1155 1156 54
t 1156 1157 54
t 1157 1158 54
t 1158 1159 54
t 1159 1160 54
t 1160 1161 54
t 1161 1162 54
t 1162 1163 54
t 1163 1164 54
t 1164 1165 54
t 1165 1166 54
t 1166 1167 54
t 1167 1168 54
t 1168 1169 54
t 1169 1170 54
t 1170 1171 54
t 1171 1172 54
t 1172 1173 54
t 1173 1174 54
t 1174 1175 54
t 1175 1176 54
t 1176 1177 54
t 1177 1178 54
t 1178 1179 54
t 1179 1180 54
t 1180 37 54
