type=Nurbs forward=true n_boundary=196 n_holes=0 n_interior=84 n_tris=1278 label=brep62542_f114_Nurbs(deg=3/3, cps=4x15)
boundary
b 0.448580560 0.000120273
b 0.452737284 0.016438200
b 0.457536243 0.033011866
b 0.462964502 0.049852792
b 0.469008953 0.066969808
b 0.475656096 0.084368803
b 0.482891970 0.102052582
b 0.490701190 0.120021314
b 0.499066092 0.138272698
b 0.507969750 0.156803204
b 0.517395911 0.175608424
b 0.527328652 0.194683287
b 0.537755377 0.214030778
b 0.548676681 0.233687450
b 0.560095591 0.253698164
b 0.572014715 0.274107615
b 0.584437333 0.294960201
b 0.597367033 0.316297106
b 0.610775641 0.338095651
b 0.624608148 0.360273541
b 0.638813117 0.382750297
b 0.653341483 0.405449972
b 0.668144601 0.428301209
b 0.683167129 0.451229784
b 0.698326195 0.474128824
b 0.713523965 0.496875503
b 0.728654325 0.519345706
b 0.743599482 0.541415603
b 0.758229725 0.562966054
b 0.772476399 0.583953289
b 0.786338312 0.604413614
b 0.799816961 0.624387031
b 0.812915800 0.643910825
b 0.825640697 0.663019567
b 0.837996203 0.681740815
b 0.849965467 0.700083871
b 0.861518057 0.718054424
b 0.872623119 0.735658043
b 0.883249869 0.752900270
b 0.893367850 0.769786897
b 0.902954070 0.786325257
b 0.911984792 0.802520155
b 0.920435061 0.818376289
b 0.928281537 0.833899677
b 0.935502372 0.849097492
b 0.942079981 0.863980558
b 0.948008156 0.878570979
b 0.953285020 0.892894026
b 0.957912421 0.906975362
b 0.961895829 0.920840670
b 0.965244108 0.934514710
b 0.967967944 0.948006851
b 0.970076540 0.961310162
b 0.971577385 0.974416268
b 0.972476289 0.987316122
b 0.972777356 0.999999999
b 0.937888826 1.000000000
b 0.903963437 1.000000000
b 0.870902966 1.000000000
b 0.838617191 1.000000000
b 0.807022809 1.000000000
b 0.776042498 1.000000000
b 0.745604098 1.000000000
b 0.715639875 1.000000000
b 0.686085884 1.000000000
b 0.656881382 1.000000000
b 0.627968306 1.000000000
b 0.599290792 1.000000000
b 0.570794727 1.000000000
b 0.542427333 1.000000000
b 0.514136775 1.000000000
b 0.485871771 1.000000000
b 0.457581228 1.000000000
b 0.429213866 1.000000000
b 0.400717847 1.000000000
b 0.372040396 1.000000000
b 0.343127400 1.000000000
b 0.313922995 1.000000000
b 0.284369118 1.000000000
b 0.254405029 1.000000000
b 0.223966781 1.000000000
b 0.192986646 1.000000000
b 0.161392461 1.000000000
b 0.129106907 1.000000000
b 0.096046684 1.000000000
b 0.062121570 1.000000000
b 0.027233347 1.000000000
b 0.027228449 0.988217609
b 0.027220724 0.976315165
b 0.027217707 0.964279044
b 0.027222153 0.952094324
b 0.027231503 0.939744872
b 0.027237558 0.927213544
b 0.027235477 0.914486055
b 0.027231031 0.901552532
b 0.027228863 0.888402054
b 0.027230729 0.875022116
b 0.027234981 0.861398623
b 0.027236566 0.847517209
b 0.027233976 0.833369157
b 0.027230580 0.818947411
b 0.027229677 0.804243081
b 0.027233722 0.789245182
b 0.027243468 0.773940576
b 0.027253263 0.758317566
b 0.027256778 0.742372799
b 0.027252547 0.726105300
b 0.027242262 0.709512619
b 0.027230244 0.692590486
b 0.027222586 0.675333193
b 0.027223807 0.657736926
b 0.027228960 0.639803657
b 0.027232706 0.621536513
b 0.027232581 0.602937622
b 0.027228661 0.584007509
b 0.027226692 0.564737264
b 0.027232925 0.545109341
b 0.027242699 0.525108189
b 0.027246502 0.504718213
b 0.027231482 0.483922939
b 0.027190091 0.462708062
b 0.027148399 0.441070095
b 0.027134941 0.419007240
b 0.027154115 0.396520460
b 0.027201637 0.373610743
b 0.027268114 0.350280991
b 0.027324247 0.326599872
b 0.027345494 0.302702088
b 0.027325558 0.278719881
b 0.027273163 0.254778947
b 0.027233790 0.231002704
b 0.027261268 0.207503681
b 0.027319298 0.184362051
b 0.027357300 0.161648720
b 0.027342247 0.139433690
b 0.027275430 0.117789830
b 0.027193641 0.096788656
b 0.027140460 0.076436856
b 0.027130982 0.056666060
b 0.027160310 0.037403496
b 0.027206922 0.018582405
b 0.027233347 0.000141873
b 0.036008452 0.000139992
b 0.044719055 0.000138042
b 0.053366841 0.000136022
b 0.061953449 0.000133933
b 0.070480474 0.000131775
b 0.078949472 0.000129546
b 0.087361961 0.000127248
b 0.095719425 0.000124880
b 0.104023316 0.000122441
b 0.112275058 0.000119933
b 0.120476052 0.000117354
b 0.128627670 0.000114705
b 0.136731268 0.000111985
b 0.144788182 0.000109195
b 0.152799727 0.000106335
b 0.160767192 0.000103405
b 0.168691830 0.000100405
b 0.176574865 0.000097336
b 0.184417493 0.000094196
b 0.192220884 0.000090988
b 0.199986186 0.000087710
b 0.207714527 0.000084364
b 0.215407016 0.000080950
b 0.223064746 0.000077468
b 0.230688797 0.000073919
b 0.238280235 0.000070304
b 0.245840120 0.000066622
b 0.253369501 0.000062877
b 0.260869417 0.000059112
b 0.268340884 0.000055414
b 0.275784899 0.000051875
b 0.283202435 0.000048587
b 0.290594448 0.000045648
b 0.297961881 0.000043157
b 0.305305660 0.000041214
b 0.312626700 0.000039927
b 0.319925906 0.000039400
b 0.327204177 0.000039746
b 0.334462403 0.000041077
b 0.341701472 0.000043509
b 0.348922268 0.000047161
b 0.356125678 0.000052129
b 0.363312594 0.000058275
b 0.370483901 0.000065338
b 0.377640471 0.000073048
b 0.384783162 0.000081124
b 0.391912821 0.000089280
b 0.399030286 0.000097221
b 0.406136390 0.000104643
b 0.413231959 0.000111235
b 0.420317816 0.000116678
b 0.427394782 0.000120643
b 0.434463679 0.000122794
b 0.441525329 0.000122788
interior
i 0.145336779 0.125034475
i 0.263542576 0.125034475
i 0.381748373 0.125034475
i 0.145336779 0.250029550
i 0.263542576 0.250029550
i 0.381748373 0.250029550
i 0.499954169 0.250029550
i 0.145336779 0.375024625
i 0.263542576 0.375024625
i 0.381748373 0.375024625
i 0.499954169 0.375024625
i 0.618159966 0.375024625
i 0.145336779 0.500019700
i 0.263542576 0.500019700
i 0.381748373 0.500019700
i 0.499954169 0.500019700
i 0.618159966 0.500019700
i 0.145336779 0.625014775
i 0.263542576 0.625014775
i 0.381748373 0.625014775
i 0.499954169 0.625014775
i 0.618159966 0.625014775
i 0.736365763 0.625014775
i 0.145336779 0.750009850
i 0.263542576 0.750009850
i 0.381748373 0.750009850
i 0.499954169 0.750009850
i 0.618159966 0.750009850
i 0.736365763 0.750009850
i 0.854571560 0.750009850
i 0.145336779 0.875004925
i 0.263542576 0.875004925
i 0.381748373 0.875004925
i 0.499954169 0.875004925
i 0.618159966 0.875004925
i 0.736365763 0.875004925
i 0.854571560 0.875004925
i 0.086233881 0.062536938
i 0.086233881 0.187532013
i 0.086233881 0.312527088
i 0.086233881 0.437522163
i 0.086233881 0.562517238
i 0.086233881 0.687512313
i 0.086233881 0.812507388
i 0.086233881 0.937502463
i 0.204439678 0.062536938
i 0.204439678 0.187532013
i 0.204439678 0.312527088
i 0.204439678 0.437522163
i 0.204439678 0.562517238
i 0.204439678 0.687512313
i 0.204439678 0.812507388
i 0.204439678 0.937502463
i 0.322645474 0.062536938
i 0.322645474 0.187532013
i 0.322645474 0.312527088
i 0.322645474 0.437522163
i 0.322645474 0.562517238
i 0.322645474 0.687512313
i 0.322645474 0.812507388
i 0.322645474 0.937502463
i 0.440851271 0.062536938
i 0.440851271 0.187532013
i 0.440851271 0.312527088
i 0.440851271 0.437522163
i 0.440851271 0.562517238
i 0.440851271 0.687512313
i 0.440851271 0.812507388
i 0.440851271 0.937502463
i 0.559057068 0.312527088
i 0.559057068 0.437522163
i 0.559057068 0.562517238
i 0.559057068 0.687512313
i 0.559057068 0.812507388
i 0.559057068 0.937502463
i 0.677262864 0.562517238
i 0.677262864 0.687512313
i 0.677262864 0.812507388
i 0.677262864 0.937502463
i 0.795468661 0.687512313
i 0.795468661 0.812507388
i 0.795468661 0.937502463
i 0.913674458 0.812507388
i 0.913674458 0.937502463
tris
t 141 142 280
t 142 143 280
t 143 144 280
t 144 145 280
t 145 146 280
t 146 147 280
t 147 148 280
t 148 149 280
t 149 150 280
t 150 151 280
t 151 152 280
t 152 153 280
t 153 296 280
t 153 297 296
t 153 154 297
t 154 298 297
t 154 155 298
t 155 299 298
t 155 156 299
t 156 300 299
t 156 157 300
t 157 301 300
t 157 302 301
t 157 158 302
t 158 303 302
t 158 159 303
t 159 304 303
t 159 160 304
t 160 305 304
t 160 161 305
t 161 306 305
t 161 307 306
t 161 162 307
t 162 308 307
t 162 163 308
t 163 309 308
t 163 164 309
t 164 310 309
t 164 165 310
t 165 311 310
t 165 312 311
t 165 166 312
t 166 313 312
t 166 167 313
t 167 314 313
t 167 168 314
t 168 315 314
t 168 169 315
t 169 316 315
t 169 317 316
t 169 170 317
t 170 318 317
t 170 171 318
t 171 319 318
t 171 172 319
t 172 320 319
t 172 173 320
t 173 321 320
t 173 322 321
t 173 174 322
t 174 323 322
t 174 175 323
t 175 324 323
t 175 176 324
t 176 325 324
t 176 177 325
t 177 326 325
t 177 327 326
t 177 178 327
t 178 328 327
t 178 179 328
t 179 329 328
t 179 180 329
t 180 330 329
t 180 181 330
t 181 331 330
t 181 332 331
t 181 182 332
t 182 333 332
t 182 281 333
t 182 183 281
t 183 184 281
t 184 185 281
t 185 186 281
t 186 187 281
t 187 188 281
t 188 189 281
t 189 190 281
t 190 191 281
t 191 192 281
t 192 193 281
t 193 194 281
t 194 195 281
t 195 0 281
t 141 280 140
t 140 280 139
t 139 280 138
t 138 280 137
t 137 280 136
t 136 280 282
t 0 1 281
t 1 2 281
t 2 3 281
t 3 4 281
t 4 5 281
t 5 6 281
t 6 283 281
t 280 296 282
t 296 334 282
t 296 297 334
t 297 335 334
t 297 298 335
t 298 336 335
t 298 299 336
t 299 337 336
t 299 300 337
t 300 338 337
t 300 301 338
t 301 339 338
t 301 302 339
t 302 340 339
t 302 303 340
t 303 341 340
t 303 304 341
t 304 342 341
t 304 305 342
t 305 343 342
t 305 306 343
t 306 344 343
t 306 307 344
t 307 345 344
t 307 308 345
t 308 346 345
t 308 309 346
t 309 347 346
t 309 310 347
t 310 348 347
t 310 311 348
t 311 349 348
t 311 312 349
t 312 350 349
t 312 313 350
t 313 351 350
t 313 314 351
t 314 352 351
t 314 315 352
t 315 353 352
t 315 316 353
t 316 354 353
t 316 317 354
t 317 355 354
t 317 318 355
t 318 356 355
t 318 319 356
t 319 357 356
t 319 320 357
t 320 358 357
t 320 321 358
t 321 359 358
t 321 322 359
t 322 360 359
t 322 323 360
t 323 361 360
t 323 324 361
t 324 362 361
t 324 325 362
t 325 363 362
t 325 326 363
t 326 364 363
t 326 327 364
t 327 365 364
t 327 328 365
t 328 366 365
t 328 329 366
t 329 367 366
t 329 330 367
t 330 368 367
t 330 331 368
t 331 369 368
t 331 332 369
t 332 370 369
t 332 333 370
t 333 371 370
t 333 281 371
t 281 372 371
t 281 373 372
t 281 374 373
t 281 375 374
t 281 376 375
t 281 377 376
t 281 283 377
t 136 282 135
t 135 282 134
t 134 282 133
t 133 282 132
t 132 282 131
t 131 282 130
t 130 282 284
t 6 7 283
t 7 8 283
t 8 9 283
t 9 10 283
t 10 11 283
t 11 12 283
t 12 13 283
t 13 285 283
t 282 334 284
t 334 335 284
t 335 336 284
t 336 337 284
t 337 338 284
t 338 378 284
t 338 339 378
t 339 379 378
t 339 340 379
t 340 380 379
t 340 341 380
t 341 381 380
t 341 342 381
t 342 382 381
t 342 343 382
t 343 383 382
t 343 344 383
t 344 384 383
t 344 345 384
t 345 385 384
t 345 346 385
t 346 386 385
t 346 347 386
t 347 387 386
t 347 348 387
t 348 388 387
t 348 349 388
t 349 389 388
t 349 350 389
t 350 390 389
t 350 351 390
t 351 391 390
t 351 352 391
t 352 392 391
t 352 353 392
t 353 393 392
t 353 354 393
t 354 394 393
t 354 355 394
t 355 395 394
t 355 356 395
t 356 396 395
t 356 357 396
t 357 397 396
t 357 358 397
t 358 398 397
t 358 359 398
t 359 399 398
t 359 360 399
t 360 400 399
t 360 361 400
t 361 401 400
t 361 362 401
t 362 402 401
t 362 363 402
t 363 403 402
t 363 364 403
t 364 404 403
t 364 365 404
t 365 405 404
t 365 366 405
t 366 406 405
t 366 367 406
t 367 407 406
t 367 368 407
t 368 408 407
t 368 369 408
t 369 409 408
t 369 370 409
t 370 410 409
t 370 371 410
t 371 411 410
t 371 372 411
t 372 412 411
t 372 373 412
t 373 413 412
t 373 374 413
t 374 414 413
t 374 375 414
t 375 415 414
t 375 376 415
t 376 416 415
t 376 377 416
t 377 417 416
t 377 283 417
t 283 418 417
t 283 419 418
t 283 420 419
t 283 421 420
t 283 422 421
t 283 423 422
t 283 424 423
t 283 425 424
t 283 285 425
t 130 284 129
t 129 284 128
t 128 284 127
t 127 284 126
t 126 284 125
t 125 284 286
t 13 14 285
t 14 15 285
t 15 16 285
t 16 17 285
t 17 18 285
t 18 19 285
t 19 287 285
t 284 378 286
t 378 426 286
t 378 379 426
t 379 427 426
t 379 380 427
t 380 428 427
t 380 381 428
t 381 429 428
t 381 382 429
t 382 430 429
t 382 383 430
t 383 431 430
t 383 384 431
t 384 432 431
t 384 385 432
t 385 433 432
t 385 386 433
t 386 434 433
t 386 387 434
t 387 435 434
t 387 388 435
t 388 436 435
t 388 389 436
t 389 437 436
t 389 390 437
t 390 438 437
t 390 391 438
t 391 439 438
t 391 392 439
t 392 440 439
t 392 393 440
t 393 441 440
t 393 394 441
t 394 442 441
t 394 395 442
t 395 443 442
t 395 396 443
t 396 444 443
t 396 397 444
t 397 445 444
t 397 398 445
t 398 446 445
t 398 399 446
t 399 447 446
t 399 400 447
t 400 448 447
t 400 401 448
t 401 449 448
t 401 402 449
t 402 450 449
t 402 403 450
t 403 451 450
t 403 404 451
t 404 452 451
t 404 405 452
t 405 453 452
t 405 406 453
t 406 454 453
t 406 407 454
t 407 455 454
t 407 408 455
t 408 456 455
t 408 409 456
t 409 457 456
t 409 410 457
t 410 458 457
t 410 411 458
t 411 459 458
t 411 412 459
t 412 460 459
t 412 413 460
t 413 461 460
t 413 414 461
t 414 462 461
t 414 415 462
t 415 463 462
t 415 416 463
t 416 464 463
t 416 417 464
t 417 465 464
t 417 418 465
t 418 466 465
t 418 419 466
t 419 467 466
t 419 420 467
t 420 468 467
t 420 421 468
t 421 469 468
t 421 422 469
t 422 470 469
t 422 423 470
t 423 471 470
t 423 424 471
t 424 472 471
t 424 425 472
t 425 473 472
t 425 285 473
t 285 474 473
t 285 475 474
t 285 476 475
t 285 477 476
t 285 478 477
t 285 479 478
t 285 480 479
t 285 481 480
t 285 482 481
t 285 483 482
t 285 484 483
t 285 485 484
t 285 486 485
t 285 287 486
t 125 286 124
t 124 286 123
t 123 286 122
t 122 286 121
t 121 286 120
t 120 286 119
t 119 286 288
t 19 20 287
t 20 21 287
t 21 22 287
t 22 23 287
t 23 24 287
t 24 25 287
t 25 289 287
t 286 426 288
t 426 427 288
t 427 428 288
t 428 487 288
t 428 429 487
t 429 488 487
t 429 430 488
t 430 489 488
t 430 431 489
t 431 490 489
t 431 432 490
t 432 491 490
t 432 433 491
t 433 492 491
t 433 434 492
t 434 493 492
t 434 435 493
t 435 494 493
t 435 436 494
t 436 495 494
t 436 437 495
t 437 496 495
t 437 438 496
t 438 497 496
t 438 439 497
t 439 498 497
t 439 440 498
t 440 499 498
t 440 441 499
t 441 500 499
t 441 442 500
t 442 501 500
t 442 443 501
t 443 502 501
t 443 444 502
t 444 503 502
t 444 445 503
t 445 504 503
t 445 446 504
t 446 505 504
t 446 447 505
t 447 506 505
t 447 448 506
t 448 507 506
t 448 449 507
t 449 508 507
t 449 450 508
t 450 509 508
t 450 451 509
t 451 510 509
t 451 452 510
t 452 511 510
t 452 453 511
t 453 512 511
t 453 454 512
t 454 513 512
t 454 455 513
t 455 514 513
t 455 456 514
t 456 515 514
t 456 457 515
t 457 516 515
t 457 458 516
t 458 517 516
t 458 459 517
t 459 518 517
t 459 460 518
t 460 519 518
t 460 461 519
t 461 520 519
t 461 462 520
t 462 521 520
t 462 463 521
t 463 522 521
t 463 464 522
t 464 523 522
t 464 465 523
t 465 524 523
t 465 466 524
t 466 525 524
t 466 467 525
t 467 526 525
t 467 468 526
t 468 527 526
t 468 469 527
t 469 528 527
t 469 470 528
t 470 529 528
t 470 471 529
t 471 530 529
t 471 472 530
t 472 531 530
t 472 473 531
t 473 532 531
t 473 474 532
t 474 533 532
t 474 475 533
t 475 534 533
t 475 476 534
t 476 535 534
t 476 477 535
t 477 536 535
t 477 478 536
t 478 537 536
t 478 479 537
t 479 538 537
t 479 480 538
t 480 539 538
t 480 481 539
t 481 540 539
t 481 482 540
t 482 541 540
t 482 483 541
t 483 542 541
t 483 484 542
t 484 543 542
t 484 485 543
t 485 544 543
t 485 486 544
t 486 545 544
t 486 287 545
t 287 546 545
t 287 547 546
t 287 548 547
t 287 549 548
t 287 550 549
t 287 551 550
t 287 552 551
t 287 553 552
t 287 554 553
t 287 555 554
t 287 289 555
t 119 288 118
t 118 288 117
t 117 288 116
t 116 288 115
t 115 288 114
t 114 288 113
t 113 288 112
t 112 288 290
t 25 26 289
t 26 27 289
t 27 28 289
t 28 29 289
t 29 30 289
t 30 31 289
t 31 291 289
t 288 556 290
t 288 557 556
t 288 487 557
t 487 558 557
t 487 488 558
t 488 559 558
t 488 489 559
t 489 560 559
t 489 490 560
t 490 561 560
t 490 491 561
t 491 562 561
t 491 492 562
t 492 563 562
t 492 493 563
t 493 564 563
t 493 494 564
t 494 565 564
t 494 495 565
t 495 566 565
t 495 496 566
t 496 567 566
t 496 497 567
t 497 568 567
t 497 498 568
t 498 569 568
t 498 499 569
t 499 570 569
t 499 500 570
t 500 571 570
t 500 501 571
t 501 572 571
t 501 502 572
t 502 573 572
t 502 503 573
t 503 574 573
t 503 504 574
t 504 575 574
t 504 505 575
t 505 576 575
t 505 506 576
t 506 577 576
t 506 507 577
t 507 578 577
t 507 508 578
t 508 579 578
t 508 509 579
t 509 580 579
t 509 510 580
t 510 581 580
t 510 511 581
t 511 582 581
t 511 512 582
t 512 583 582
t 512 513 583
t 513 584 583
t 513 514 584
t 514 585 584
t 514 515 585
t 515 586 585
t 515 516 586
t 516 587 586
t 516 517 587
t 517 588 587
t 517 518 588
t 518 589 588
t 518 519 589
t 519 590 589
t 519 520 590
t 520 591 590
t 520 521 591
t 521 592 591
t 521 522 592
t 522 593 592
t 522 523 593
t 523 594 593
t 523 524 594
t 524 595 594
t 524 525 595
t 525 596 595
t 525 526 596
t 526 597 596
t 526 527 597
t 527 598 597
t 527 528 598
t 528 599 598
t 528 529 599
t 529 600 599
t 529 530 600
t 530 601 600
t 530 531 601
t 531 602 601
t 531 532 602
t 532 603 602
t 532 533 603
t 533 604 603
t 533 534 604
t 534 605 604
t 534 535 605
t 535 606 605
t 535 536 606
t 536 607 606
t 536 537 607
t 537 608 607
t 537 538 608
t 538 609 608
t 538 539 609
t 539 610 609
t 539 540 610
t 540 611 610
t 540 541 611
t 541 612 611
t 541 542 612
t 542 613 612
t 542 543 613
t 543 614 613
t 543 544 614
t 544 615 614
t 544 545 615
t 545 616 615
t 545 546 616
t 546 617 616
t 546 547 617
t 547 618 617
t 547 548 618
t 548 619 618
t 548 549 619
t 549 620 619
t 549 550 620
t 550 621 620
t 550 551 621
t 551 622 621
t 551 552 622
t 552 623 622
t 552 553 623
t 553 624 623
t 553 554 624
t 554 625 624
t 554 555 625
t 555 626 625
t 555 289 626
t 289 627 626
t 289 628 627
t 289 629 628
t 289 630 629
t 289 631 630
t 289 632 631
t 289 633 632
t 289 634 633
t 289 635 634
t 289 636 635
t 289 291 636
t 112 290 111
t 111 290 110
t 110 290 109
t 109 290 108
t 108 290 107
t 107 290 106
t 106 290 105
t 105 290 292
t 31 32 291
t 32 33 291
t 33 34 291
t 34 35 291
t 35 36 291
t 36 37 291
t 37 293 291
t 290 556 292
t 556 637 292
t 556 557 637
t 557 638 637
t 557 558 638
t 558 639 638
t 558 559 639
t 559 640 639
t 559 560 640
t 560 641 640
t 560 561 641
t 561 642 641
t 561 562 642
t 562 643 642
t 562 563 643
t 563 644 643
t 563 564 644
t 564 645 644
t 564 565 645
t 565 646 645
t 565 566 646
t 566 647 646
t 566 567 647
t 567 648 647
t 567 568 648
t 568 649 648
t 568 569 649
t 569 650 649
t 569 570 650
t 570 651 650
t 570 571 651
t 571 652 651
t 571 572 652
t 572 653 652
t 572 573 653
t 573 654 653
t 573 574 654
t 574 655 654
t 574 575 655
t 575 656 655
t 575 576 656
t 576 657 656
t 576 577 657
t 577 658 657
t 577 578 658
t 578 659 658
t 578 579 659
t 579 660 659
t 579 580 660
t 580 661 660
t 580 581 661
t 581 662 661
t 581 582 662
t 582 663 662
t 582 583 663
t 583 664 663
t 583 584 664
t 584 665 664
t 584 585 665
t 585 666 665
t 585 586 666
t 586 667 666
t 586 587 667
t 587 668 667
t 587 588 668
t 588 669 668
t 588 589 669
t 589 670 669
t 589 590 670
t 590 671 670
t 590 591 671
t 591 672 671
t 591 592 672
t 592 673 672
t 592 593 673
t 593 674 673
t 593 594 674
t 594 675 674
t 594 595 675
t 595 676 675
t 595 596 676
t 596 677 676
t 596 597 677
t 597 678 677
t 597 598 678
t 598 679 678
t 598 599 679
t 599 680 679
t 599 600 680
t 600 681 680
t 600 601 681
t 601 682 681
t 601 602 682
t 602 683 682
t 602 603 683
t 603 684 683
t 603 604 684
t 604 685 684
t 604 605 685
t 605 686 685
t 605 606 686
t 606 687 686
t 606 607 687
t 607 688 687
t 607 608 688
t 608 689 688
t 608 609 689
t 609 690 689
t 609 610 690
t 610 691 690
t 610 611 691
t 611 692 691
t 611 612 692
t 612 693 692
t 612 613 693
t 613 694 693
t 613 614 694
t 614 695 694
t 614 615 695
t 615 696 695
t 615 616 696
t 616 697 696
t 616 617 697
t 617 698 697
t 617 618 698
t 618 699 698
t 618 619 699
t 619 700 699
t 619 620 700
t 620 701 700
t 620 621 701
t 621 702 701
t 621 622 702
t 622 703 702
t 622 623 703
t 623 704 703
t 623 624 704
t 624 705 704
t 624 625 705
t 625 706 705
t 625 626 706
t 626 707 706
t 626 627 707
t 627 708 707
t 627 628 708
t 628 709 708
t 628 629 709
t 629 710 709
t 629 630 710
t 630 711 710
t 630 631 711
t 631 712 711
t 631 632 712
t 632 713 712
t 632 633 713
t 633 714 713
t 633 634 714
t 634 715 714
t 634 635 715
t 635 716 715
t 635 636 716
t 636 717 716
t 636 291 717
t 291 718 717
t 291 719 718
t 291 720 719
t 291 721 720
t 291 722 721
t 291 723 722
t 291 724 723
t 291 725 724
t 291 293 725
t 105 292 104
t 104 292 103
t 103 292 102
t 102 292 101
t 101 292 100
t 100 292 99
t 99 292 98
t 98 292 97
t 97 292 96
t 96 292 294
t 37 38 293
t 38 39 293
t 39 40 293
t 40 41 293
t 41 42 293
t 42 43 293
t 43 44 293
t 44 45 293
t 45 46 293
t 46 295 293
t 292 637 294
t 637 726 294
t 637 638 726
t 638 727 726
t 638 639 727
t 639 728 727
t 639 640 728
t 640 729 728
t 640 641 729
t 641 730 729
t 641 642 730
t 642 731 730
t 642 643 731
t 643 732 731
t 643 644 732
t 644 733 732
t 644 645 733
t 645 734 733
t 645 646 734
t 646 735 734
t 646 647 735
t 647 736 735
t 647 648 736
t 648 737 736
t 648 649 737
t 649 738 737
t 649 650 738
t 650 739 738
t 650 651 739
t 651 740 739
t 651 652 740
t 652 741 740
t 652 653 741
t 653 742 741
t 653 654 742
t 654 743 742
t 654 655 743
t 655 744 743
t 655 656 744
t 656 745 744
t 656 657 745
t 657 746 745
t 657 658 746
t 658 747 746
t 658 659 747
t 659 748 747
t 659 660 748
t 660 749 748
t 660 661 749
t 661 750 749
t 661 662 750
t 662 751 750
t 662 663 751
t 663 752 751
t 663 664 752
t 664 753 752
t 664 665 753
t 665 754 753
t 665 666 754
t 666 755 754
t 666 667 755
t 667 756 755
t 667 668 756
t 668 757 756
t 668 669 757
t 669 758 757
t 669 670 758
t 670 759 758
t 670 671 759
t 671 760 759
t 671 672 760
t 672 761 760
t 672 673 761
t 673 762 761
t 673 674 762
t 674 763 762
t 674 675 763
t 675 764 763
t 675 676 764
t 676 765 764
t 676 677 765
t 677 766 765
t 677 678 766
t 678 767 766
t 678 679 767
t 679 768 767
t 679 680 768
t 680 769 768
t 680 681 769
t 681 770 769
t 681 682 770
t 682 771 770
t 682 683 771
t 683 772 771
t 683 684 772
t 684 773 772
t 684 685 773
t 685 774 773
t 685 686 774
t 686 775 774
t 686 687 775
t 687 776 775
t 687 688 776
t 688 777 776
t 688 689 777
t 689 778 777
t 689 690 778
t 690 779 778
t 690 691 779
t 691 780 779
t 691 692 780
t 692 781 780
t 692 693 781
t 693 782 781
t 693 694 782
t 694 783 782
t 694 695 783
t 695 784 783
t 695 696 784
t 696 785 784
t 696 697 785
t 697 786 785
t 697 698 786
t 698 787 786
t 698 699 787
t 699 788 787
t 699 700 788
t 700 789 788
t 700 701 789
t 701 790 789
t 701 702 790
t 702 791 790
t 702 703 791
t 703 792 791
t 703 704 792
t 704 793 792
t 704 705 793
t 705 794 793
t 705 706 794
t 706 795 794
t 706 707 795
t 707 796 795
t 707 708 796
t 708 797 796
t 708 709 797
t 709 798 797
t 709 710 798
t 710 799 798
t 710 711 799
t 711 800 799
t 711 712 800
t 712 801 800
t 712 713 801
t 713 802 801
t 713 714 802
t 714 803 802
t 714 715 803
t 715 804 803
t 715 716 804
t 716 805 804
t 716 717 805
t 717 806 805
t 717 718 806
t 718 807 806
t 718 719 807
t 719 808 807
t 719 720 808
t 720 809 808
t 720 721 809
t 721 810 809
t 721 722 810
t 722 811 810
t 722 723 811
t 723 812 811
t 723 724 812
t 724 813 812
t 724 725 813
t 725 814 813
t 725 293 814
t 293 815 814
t 293 816 815
t 293 817 816
t 293 818 817
t 293 819 818
t 293 820 819
t 293 821 820
t 293 295 821
t 96 294 95
t 95 294 94
t 94 294 93
t 93 294 92
t 92 294 91
t 91 294 90
t 90 294 89
t 89 294 88
t 88 294 87
t 87 294 86
t 46 47 295
t 47 48 295
t 48 49 295
t 49 50 295
t 50 51 295
t 51 52 295
t 52 53 295
t 53 54 295
t 54 55 295
t 294 85 86
t 294 84 85
t 294 83 84
t 294 726 83
t 726 727 83
t 727 728 83
t 728 82 83
t 728 729 82
t 729 730 82
t 730 731 82
t 731 732 82
t 732 733 82
t 733 81 82
t 733 734 81
t 734 735 81
t 735 736 81
t 736 737 81
t 737 738 81
t 738 80 81
t 738 739 80
t 739 740 80
t 740 741 80
t 741 742 80
t 742 743 80
t 743 79 80
t 743 744 79
t 744 745 79
t 745 746 79
t 746 747 79
t 747 748 79
t 748 78 79
t 748 749 78
t 749 750 78
t 750 751 78
t 751 752 78
t 752 753 78
t 753 77 78
t 753 754 77
t 754 755 77
t 755 756 77
t 756 757 77
t 757 758 77
t 758 76 77
t 758 759 76
t 759 760 76
t 760 761 76
t 761 762 76
t 762 763 76
t 763 75 76
t 763 764 75
t 764 765 75
t 765 766 75
t 766 767 75
t 767 768 75
t 768 74 75
t 768 769 74
t 769 770 74
t 770 771 74
t 771 772 74
t 772 773 74
t 773 73 74
t 773 774 73
t 774 775 73
t 775 776 73
t 776 777 73
t 777 778 73
t 778 779 73
t 779 72 73
t 779 780 72
t 780 781 72
t 781 782 72
t 782 783 72
t 783 784 72
t 784 71 72
t 784 785 71
t 785 786 71
t 786 787 71
t 787 788 71
t 788 70 71
t 788 789 70
t 789 790 70
t 790 791 70
t 791 792 70
t 792 69 70
t 792 793 69
t 793 794 69
t 794 795 69
t 795 68 69
t 795 796 68
t 796 797 68
t 797 798 68
t 798 799 68
t 799 67 68
t 799 800 67
t 800 801 67
t 801 802 67
t 802 66 67
t 802 803 66
t 803 804 66
t 804 805 66
t 805 65 66
t 805 806 65
t 806 807 65
t 807 808 65
t 808 64 65
t 808 809 64
t 809 810 64
t 810 811 64
t 811 63 64
t 811 812 63
t 812 813 63
t 813 814 63
t 814 62 63
t 814 815 62
t 815 816 62
t 816 817 62
t 817 61 62
t 817 818 61
t 818 819 61
t 819 820 61
t 820 60 61
t 820 821 60
t 821 295 60
t 295 59 60
t 295 58 59
t 295 57 58
t 295 56 57
t 295 55 56
