type=Nurbs forward=true n_boundary=196 n_holes=0 n_interior=330 n_tris=904 label=brep47598_f98_Nurbs(deg=3/3, cps=4x7)
boundary
b 0.123493154 0.403692723
b 0.138439718 0.403668959
b 0.153301438 0.403654070
b 0.168081850 0.403646977
b 0.182784372 0.403646605
b 0.197412329 0.403651886
b 0.211968962 0.403661756
b 0.226457446 0.403675156
b 0.240880908 0.403691031
b 0.255242436 0.403708329
b 0.269545102 0.403726003
b 0.283791969 0.403743007
b 0.297986112 0.403758299
b 0.312130630 0.403770843
b 0.326228875 0.403780039
b 0.340284592 0.403786133
b 0.354301466 0.403789467
b 0.368283088 0.403790382
b 0.382232965 0.403789216
b 0.396154542 0.403786309
b 0.410051216 0.403781998
b 0.423926350 0.403776619
b 0.437783289 0.403770509
b 0.451625376 0.403764004
b 0.465455968 0.403757438
b 0.479278448 0.403751147
b 0.493096243 0.403745466
b 0.506912833 0.403740721
b 0.520731630 0.403737024
b 0.534555900 0.403734275
b 0.548388846 0.403732367
b 0.562233626 0.403731190
b 0.576093368 0.403730636
b 0.589971185 0.403730596
b 0.603870192 0.403730963
b 0.617793516 0.403731628
b 0.631744315 0.403732482
b 0.645725792 0.403733418
b 0.659741210 0.403734326
b 0.673793907 0.403735098
b 0.687887316 0.403735625
b 0.702024977 0.403735809
b 0.716210560 0.403735652
b 0.730447751 0.403735206
b 0.744740226 0.403734524
b 0.759091666 0.403733658
b 0.773505769 0.403732663
b 0.787986269 0.403731591
b 0.802536952 0.403730495
b 0.817161670 0.403729430
b 0.831864360 0.403728448
b 0.846649061 0.403727604
b 0.861519934 0.403726952
b 0.876481278 0.403726546
b 0.891537551 0.403726441
b 0.891535835 0.408272969
b 0.891530941 0.412822403
b 0.891523700 0.417375103
b 0.891514947 0.421931422
b 0.891505446 0.426491716
b 0.891495888 0.431056345
b 0.891486893 0.435625675
b 0.891479009 0.440200072
b 0.891472715 0.444779908
b 0.891468419 0.449365556
b 0.891466460 0.453957393
b 0.891467110 0.458555799
b 0.891470571 0.463161156
b 0.891476979 0.467773847
b 0.891486402 0.472394262
b 0.891498845 0.477022787
b 0.891514244 0.481659816
b 0.891532474 0.486305742
b 0.891553277 0.490960894
b 0.891575621 0.495624843
b 0.891598114 0.500296671
b 0.891619528 0.504975443
b 0.891638804 0.509660227
b 0.891655054 0.514350085
b 0.891667551 0.519044080
b 0.891675735 0.523741269
b 0.891679290 0.528440692
b 0.891678199 0.533141351
b 0.891672613 0.537842249
b 0.891662834 0.542542388
b 0.891649315 0.547240771
b 0.891632650 0.551936403
b 0.891613574 0.556628292
b 0.891592956 0.561315447
b 0.891571790 0.565996880
b 0.891551200 0.570671604
b 0.891532415 0.575338648
b 0.891516310 0.579997552
b 0.891503045 0.584648650
b 0.891492658 0.589292346
b 0.891485127 0.593929040
b 0.891480373 0.598559130
b 0.891478257 0.603183015
b 0.891478589 0.607801089
b 0.891481127 0.612413747
b 0.891485578 0.617021378
b 0.891491603 0.621624374
b 0.891498818 0.626223119
b 0.891506795 0.630817999
b 0.891515065 0.635409395
b 0.891523120 0.639997684
b 0.891530418 0.644583220
b 0.891536388 0.649166335
b 0.891540430 0.653747354
b 0.891541917 0.658326604
b 0.870430526 0.658335293
b 0.849498043 0.658335277
b 0.828737218 0.658335262
b 0.808136569 0.658335246
b 0.787684936 0.658335231
b 0.767371456 0.658335216
b 0.747185535 0.658335201
b 0.727116830 0.658335186
b 0.707155225 0.658335171
b 0.687290806 0.658335156
b 0.667513848 0.658335142
b 0.647814788 0.658335127
b 0.628184210 0.658335113
b 0.608612827 0.658335099
b 0.589091459 0.658335085
b 0.569611022 0.658335072
b 0.550162505 0.658335058
b 0.530736956 0.658335045
b 0.511325467 0.658335032
b 0.491919153 0.658335019
b 0.472509140 0.658335007
b 0.453086548 0.658334995
b 0.433642473 0.658334983
b 0.414167970 0.658334971
b 0.394654041 0.658334960
b 0.375091614 0.658334949
b 0.355471528 0.658334938
b 0.335784513 0.658334928
b 0.316021177 0.658334917
b 0.296171984 0.658334908
b 0.276223156 0.658326678
b 0.272930880 0.653740553
b 0.269645977 0.649153558
b 0.266367756 0.644565319
b 0.263095557 0.639975462
b 0.259828753 0.635383605
b 0.256566745 0.630789345
b 0.253308971 0.626192245
b 0.250054916 0.621591864
b 0.246804112 0.616987762
b 0.243556146 0.612379492
b 0.240310658 0.607766609
b 0.237067349 0.603148665
b 0.233825978 0.598525211
b 0.230586368 0.593895794
b 0.227348411 0.589259963
b 0.224112067 0.584617263
b 0.220877369 0.579967240
b 0.217644428 0.575309437
b 0.214413526 0.570643471
b 0.211186093 0.565969792
b 0.207964200 0.561289392
b 0.204749821 0.556603276
b 0.201544821 0.551912452
b 0.198350941 0.547217933
b 0.195169797 0.542520733
b 0.192002870 0.537821869
b 0.188851501 0.533122360
b 0.185716885 0.528423228
b 0.182600060 0.523725495
b 0.179501906 0.519030181
b 0.176423116 0.514338263
b 0.173364210 0.509650690
b 0.170325541 0.504968412
b 0.167307287 0.500292376
b 0.164309448 0.495623527
b 0.161331840 0.490962808
b 0.158374093 0.486311154
b 0.155435767 0.481668957
b 0.152516548 0.477035781
b 0.149616207 0.472411118
b 0.146734584 0.467794464
b 0.143871594 0.463185316
b 0.141027227 0.458583175
b 0.138201555 0.453987544
b 0.135394727 0.449397928
b 0.132606977 0.444813838
b 0.129838624 0.440234784
b 0.127090074 0.435660284
b 0.124361823 0.431089858
b 0.121654458 0.426523028
b 0.118968658 0.421959322
b 0.116305200 0.417398273
b 0.113664957 0.412839418
b 0.111048902 0.408282299
b 0.108458081 0.403726446
interior
i 0.206360732 0.435482691
i 0.304263383 0.435482691
i 0.402166034 0.435482691
i 0.500068686 0.435482691
i 0.597971337 0.435482691
i 0.695873988 0.435482691
i 0.793776639 0.435482691
i 0.206360732 0.467318777
i 0.304263383 0.467318777
i 0.402166034 0.467318777
i 0.500068686 0.467318777
i 0.597971337 0.467318777
i 0.695873988 0.467318777
i 0.793776639 0.467318777
i 0.206360732 0.499154863
i 0.304263383 0.499154863
i 0.402166034 0.499154863
i 0.500068686 0.499154863
i 0.597971337 0.499154863
i 0.695873988 0.499154863
i 0.793776639 0.499154863
i 0.206360732 0.530990949
i 0.304263383 0.530990949
i 0.402166034 0.530990949
i 0.500068686 0.530990949
i 0.597971337 0.530990949
i 0.695873988 0.530990949
i 0.793776639 0.530990949
i 0.206360732 0.562827035
i 0.304263383 0.562827035
i 0.402166034 0.562827035
i 0.500068686 0.562827035
i 0.597971337 0.562827035
i 0.695873988 0.562827035
i 0.793776639 0.562827035
i 0.304263383 0.594663121
i 0.402166034 0.594663121
i 0.500068686 0.594663121
i 0.597971337 0.594663121
i 0.695873988 0.594663121
i 0.793776639 0.594663121
i 0.304263383 0.626499207
i 0.402166034 0.626499207
i 0.500068686 0.626499207
i 0.597971337 0.626499207
i 0.695873988 0.626499207
i 0.793776639 0.626499207
i 0.157409407 0.419564648
i 0.132933744 0.411605626
i 0.181885069 0.411605626
i 0.132933744 0.427523669
i 0.181885069 0.427523669
i 0.157409407 0.451400734
i 0.132933744 0.443441712
i 0.181885069 0.443441712
i 0.181885069 0.459359755
i 0.255312058 0.419564648
i 0.230836395 0.411605626
i 0.279787720 0.411605626
i 0.230836395 0.427523669
i 0.279787720 0.427523669
i 0.255312058 0.451400734
i 0.230836395 0.443441712
i 0.279787720 0.443441712
i 0.230836395 0.459359755
i 0.279787720 0.459359755
i 0.255312058 0.483236820
i 0.230836395 0.475277798
i 0.279787720 0.475277798
i 0.230836395 0.491195841
i 0.279787720 0.491195841
i 0.255312058 0.515072906
i 0.230836395 0.507113884
i 0.279787720 0.507113884
i 0.230836395 0.523031927
i 0.279787720 0.523031927
i 0.255312058 0.546908992
i 0.230836395 0.538949970
i 0.279787720 0.538949970
i 0.230836395 0.554868013
i 0.279787720 0.554868013
i 0.255312058 0.578745078
i 0.230836395 0.570786056
i 0.279787720 0.570786056
i 0.230836395 0.586704099
i 0.279787720 0.586704099
i 0.255312058 0.610581164
i 0.230836395 0.602622142
i 0.279787720 0.602622142
i 0.279787720 0.618540185
i 0.353214709 0.419564648
i 0.328739046 0.411605626
i 0.377690372 0.411605626
i 0.328739046 0.427523669
i 0.377690372 0.427523669
i 0.353214709 0.451400734
i 0.328739046 0.443441712
i 0.377690372 0.443441712
i 0.328739046 0.459359755
i 0.377690372 0.459359755
i 0.353214709 0.483236820
i 0.328739046 0.475277798
i 0.377690372 0.475277798
i 0.328739046 0.491195841
i 0.377690372 0.491195841
i 0.353214709 0.515072906
i 0.328739046 0.507113884
i 0.377690372 0.507113884
i 0.328739046 0.523031927
i 0.377690372 0.523031927
i 0.353214709 0.546908992
i 0.328739046 0.538949970
i 0.377690372 0.538949970
i 0.328739046 0.554868013
i 0.377690372 0.554868013
i 0.353214709 0.578745078
i 0.328739046 0.570786056
i 0.377690372 0.570786056
i 0.328739046 0.586704099
i 0.377690372 0.586704099
i 0.353214709 0.610581164
i 0.328739046 0.602622142
i 0.377690372 0.602622142
i 0.328739046 0.618540185
i 0.377690372 0.618540185
i 0.353214709 0.642417250
i 0.328739046 0.634458228
i 0.377690372 0.634458228
i 0.328739046 0.650376271
i 0.377690372 0.650376271
i 0.451117360 0.419564648
i 0.426641697 0.411605626
i 0.475593023 0.411605626
i 0.426641697 0.427523669
i 0.475593023 0.427523669
i 0.451117360 0.451400734
i 0.426641697 0.443441712
i 0.475593023 0.443441712
i 0.426641697 0.459359755
i 0.475593023 0.459359755
i 0.451117360 0.483236820
i 0.426641697 0.475277798
i 0.475593023 0.475277798
i 0.426641697 0.491195841
i 0.475593023 0.491195841
i 0.451117360 0.515072906
i 0.426641697 0.507113884
i 0.475593023 0.507113884
i 0.426641697 0.523031927
i 0.475593023 0.523031927
i 0.451117360 0.546908992
i 0.426641697 0.538949970
i 0.475593023 0.538949970
i 0.426641697 0.554868013
i 0.475593023 0.554868013
i 0.451117360 0.578745078
i 0.426641697 0.570786056
i 0.475593023 0.570786056
i 0.426641697 0.586704099
i 0.475593023 0.586704099
i 0.451117360 0.610581164
i 0.426641697 0.602622142
i 0.475593023 0.602622142
i 0.426641697 0.618540185
i 0.475593023 0.618540185
i 0.451117360 0.642417250
i 0.426641697 0.634458228
i 0.475593023 0.634458228
i 0.426641697 0.650376271
i 0.475593023 0.650376271
i 0.549020011 0.419564648
i 0.524544348 0.411605626
i 0.573495674 0.411605626
i 0.524544348 0.427523669
i 0.573495674 0.427523669
i 0.549020011 0.451400734
i 0.524544348 0.443441712
i 0.573495674 0.443441712
i 0.524544348 0.459359755
i 0.573495674 0.459359755
i 0.549020011 0.483236820
i 0.524544348 0.475277798
i 0.573495674 0.475277798
i 0.524544348 0.491195841
i 0.573495674 0.491195841
i 0.549020011 0.515072906
i 0.524544348 0.507113884
i 0.573495674 0.507113884
i 0.524544348 0.523031927
i 0.573495674 0.523031927
i 0.549020011 0.546908992
i 0.524544348 0.538949970
i 0.573495674 0.538949970
i 0.524544348 0.554868013
i 0.573495674 0.554868013
i 0.549020011 0.578745078
i 0.524544348 0.570786056
i 0.573495674 0.570786056
i 0.524544348 0.586704099
i 0.573495674 0.586704099
i 0.549020011 0.610581164
i 0.524544348 0.602622142
i 0.573495674 0.602622142
i 0.524544348 0.618540185
i 0.573495674 0.618540185
i 0.549020011 0.642417250
i 0.524544348 0.634458228
i 0.573495674 0.634458228
i 0.524544348 0.650376271
i 0.573495674 0.650376271
i 0.646922662 0.419564648
i 0.622446999 0.411605626
i 0.671398325 0.411605626
i 0.622446999 0.427523669
i 0.671398325 0.427523669
i 0.646922662 0.451400734
i 0.622446999 0.443441712
i 0.671398325 0.443441712
i 0.622446999 0.459359755
i 0.671398325 0.459359755
i 0.646922662 0.483236820
i 0.622446999 0.475277798
i 0.671398325 0.475277798
i 0.622446999 0.491195841
i 0.671398325 0.491195841
i 0.646922662 0.515072906
i 0.622446999 0.507113884
i 0.671398325 0.507113884
i 0.622446999 0.523031927
i 0.671398325 0.523031927
i 0.646922662 0.546908992
i 0.622446999 0.538949970
i 0.671398325 0.538949970
i 0.622446999 0.554868013
i 0.671398325 0.554868013
i 0.646922662 0.578745078
i 0.622446999 0.570786056
i 0.671398325 0.570786056
i 0.622446999 0.586704099
i 0.671398325 0.586704099
i 0.646922662 0.610581164
i 0.622446999 0.602622142
i 0.671398325 0.602622142
i 0.622446999 0.618540185
i 0.671398325 0.618540185
i 0.646922662 0.642417250
i 0.622446999 0.634458228
i 0.671398325 0.634458228
i 0.622446999 0.650376271
i 0.671398325 0.650376271
i 0.744825313 0.419564648
i 0.720349651 0.411605626
i 0.769300976 0.411605626
i 0.720349651 0.427523669
i 0.769300976 0.427523669
i 0.744825313 0.451400734
i 0.720349651 0.443441712
i 0.769300976 0.443441712
i 0.720349651 0.459359755
i 0.769300976 0.459359755
i 0.744825313 0.483236820
i 0.720349651 0.475277798
i 0.769300976 0.475277798
i 0.720349651 0.491195841
i 0.769300976 0.491195841
i 0.744825313 0.515072906
i 0.720349651 0.507113884
i 0.769300976 0.507113884
i 0.720349651 0.523031927
i 0.769300976 0.523031927
i 0.744825313 0.546908992
i 0.720349651 0.538949970
i 0.769300976 0.538949970
i 0.720349651 0.554868013
i 0.769300976 0.554868013
i 0.744825313 0.578745078
i 0.720349651 0.570786056
i 0.769300976 0.570786056
i 0.720349651 0.586704099
i 0.769300976 0.586704099
i 0.744825313 0.610581164
i 0.720349651 0.602622142
i 0.769300976 0.602622142
i 0.720349651 0.618540185
i 0.769300976 0.618540185
i 0.744825313 0.642417250
i 0.720349651 0.634458228
i 0.769300976 0.634458228
i 0.720349651 0.650376271
i 0.769300976 0.650376271
i 0.842727964 0.419564648
i 0.818252302 0.411605626
i 0.867203627 0.411605626
i 0.818252302 0.427523669
i 0.867203627 0.427523669
i 0.842727964 0.451400734
i 0.818252302 0.443441712
i 0.867203627 0.443441712
i 0.818252302 0.459359755
i 0.867203627 0.459359755
i 0.842727964 0.483236820
i 0.818252302 0.475277798
i 0.867203627 0.475277798
i 0.818252302 0.491195841
i 0.867203627 0.491195841
i 0.842727964 0.515072906
i 0.818252302 0.507113884
i 0.867203627 0.507113884
i 0.818252302 0.523031927
i 0.867203627 0.523031927
i 0.842727964 0.546908992
i 0.818252302 0.538949970
i 0.867203627 0.538949970
i 0.818252302 0.554868013
i 0.867203627 0.554868013
i 0.842727964 0.578745078
i 0.818252302 0.570786056
i 0.867203627 0.570786056
i 0.818252302 0.586704099
i 0.867203627 0.586704099
i 0.842727964 0.610581164
i 0.818252302 0.602622142
i 0.867203627 0.602622142
i 0.818252302 0.618540185
i 0.867203627 0.618540185
i 0.842727964 0.642417250
i 0.818252302 0.634458228
i 0.867203627 0.634458228
i 0.818252302 0.650376271
i 0.867203627 0.650376271
tris
t 195 0 526
t 0 1 526
t 1 2 526
t 2 3 526
t 3 534 526
t 3 535 534
t 3 536 535
t 3 537 536
t 3 538 537
t 3 539 538
t 3 4 539
t 4 540 539
t 4 541 540
t 4 542 541
t 4 543 542
t 4 544 543
t 4 5 544
t 5 545 544
t 5 546 545
t 5 547 546
t 5 548 547
t 5 549 548
t 5 550 549
t 5 6 550
t 6 551 550
t 6 552 551
t 6 553 552
t 6 554 553
t 6 555 554
t 6 7 555
t 7 556 555
t 7 557 556
t 7 558 557
t 7 559 558
t 7 560 559
t 7 561 560
t 7 8 561
t 8 562 561
t 8 563 562
t 8 564 563
t 8 565 564
t 8 566 565
t 8 9 566
t 9 567 566
t 9 568 567
t 9 569 568
t 9 570 569
t 9 571 570
t 9 10 571
t 10 572 571
t 10 573 572
t 10 574 573
t 10 575 574
t 10 11 575
t 11 576 575
t 11 577 576
t 11 12 577
t 12 578 577
t 12 13 578
t 13 579 578
t 13 580 579
t 13 14 580
t 14 581 580
t 14 582 581
t 14 15 582
t 15 583 582
t 15 16 583
t 16 584 583
t 16 585 584
t 16 17 585
t 17 586 585
t 17 587 586
t 17 18 587
t 18 588 587
t 18 589 588
t 18 19 589
t 19 590 589
t 19 20 590
t 20 591 590
t 20 592 591
t 20 21 592
t 21 593 592
t 21 594 593
t 21 22 594
t 22 595 594
t 22 23 595
t 23 596 595
t 23 597 596
t 23 24 597
t 24 598 597
t 24 599 598
t 24 25 599
t 25 600 599
t 25 601 600
t 25 26 601
t 26 602 601
t 26 27 602
t 27 603 602
t 27 604 603
t 27 28 604
t 28 605 604
t 28 606 605
t 28 29 606
t 29 607 606
t 29 30 607
t 30 608 607
t 30 609 608
t 30 31 609
t 31 610 609
t 31 611 610
t 31 32 611
t 32 612 611
t 32 613 612
t 32 33 613
t 33 614 613
t 33 34 614
t 34 615 614
t 34 616 615
t 34 35 616
t 35 617 616
t 35 618 617
t 35 36 618
t 36 619 618
t 36 37 619
t 37 620 619
t 37 621 620
t 37 38 621
t 38 622 621
t 38 623 622
t 38 39 623
t 39 624 623
t 39 625 624
t 39 40 625
t 40 626 625
t 40 41 626
t 41 627 626
t 41 628 627
t 41 42 628
t 42 629 628
t 42 630 629
t 42 43 630
t 43 631 630
t 43 44 631
t 44 632 631
t 44 633 632
t 44 45 633
t 45 634 633
t 45 635 634
t 45 46 635
t 46 636 635
t 46 637 636
t 46 47 637
t 47 638 637
t 47 48 638
t 48 639 638
t 48 640 639
t 48 49 640
t 49 641 640
t 49 642 641
t 49 50 642
t 50 643 642
t 50 527 643
t 50 51 527
t 51 52 527
t 52 53 527
t 53 54 527
t 195 526 194
t 194 526 193
t 193 526 192
t 192 526 191
t 191 526 190
t 190 526 189
t 189 526 188
t 188 526 187
t 187 526 186
t 186 526 185
t 185 526 184
t 184 526 183
t 183 526 182
t 182 526 528
t 54 55 527
t 55 56 527
t 56 57 527
t 57 58 527
t 58 59 527
t 59 60 527
t 60 61 527
t 61 62 527
t 62 63 527
t 63 64 527
t 64 65 527
t 65 66 527
t 66 67 527
t 67 529 527
t 526 534 528
t 534 535 528
t 535 536 528
t 536 537 528
t 537 538 528
t 538 539 528
t 539 540 528
t 540 541 528
t 541 542 528
t 542 543 528
t 543 544 528
t 544 545 528
t 545 546 528
t 546 547 528
t 547 548 528
t 548 644 528
t 548 549 644
t 549 645 644
t 549 550 645
t 550 646 645
t 550 551 646
t 551 647 646
t 551 552 647
t 552 648 647
t 552 553 648
t 553 649 648
t 553 554 649
t 554 650 649
t 554 555 650
t 555 651 650
t 555 556 651
t 556 652 651
t 556 557 652
t 557 653 652
t 557 558 653
t 558 654 653
t 558 559 654
t 559 655 654
t 559 560 655
t 560 656 655
t 560 561 656
t 561 657 656
t 561 562 657
t 562 658 657
t 562 563 658
t 563 659 658
t 563 564 659
t 564 660 659
t 564 565 660
t 565 661 660
t 565 566 661
t 566 662 661
t 566 567 662
t 567 663 662
t 567 568 663
t 568 664 663
t 568 569 664
t 569 665 664
t 569 570 665
t 570 666 665
t 570 571 666
t 571 667 666
t 571 572 667
t 572 668 667
t 572 573 668
t 573 669 668
t 573 574 669
t 574 670 669
t 574 575 670
t 575 671 670
t 575 576 671
t 576 672 671
t 576 577 672
t 577 673 672
t 577 578 673
t 578 674 673
t 578 579 674
t 579 675 674
t 579 580 675
t 580 676 675
t 580 581 676
t 581 677 676
t 581 582 677
t 582 678 677
t 582 583 678
t 583 679 678
t 583 584 679
t 584 680 679
t 584 585 680
t 585 681 680
t 585 586 681
t 586 682 681
t 586 587 682
t 587 683 682
t 587 588 683
t 588 684 683
t 588 589 684
t 589 685 684
t 589 590 685
t 590 686 685
t 590 591 686
t 591 687 686
t 591 592 687
t 592 688 687
t 592 593 688
t 593 689 688
t 593 594 689
t 594 690 689
t 594 595 690
t 595 691 690
t 595 596 691
t 596 692 691
t 596 597 692
t 597 693 692
t 597 598 693
t 598 694 693
t 598 599 694
t 599 695 694
t 599 600 695
t 600 696 695
t 600 601 696
t 601 697 696
t 601 602 697
t 602 698 697
t 602 603 698
t 603 699 698
t 603 604 699
t 604 700 699
t 604 605 700
t 605 701 700
t 605 606 701
t 606 702 701
t 606 607 702
t 607 703 702
t 607 608 703
t 608 704 703
t 608 609 704
t 609 705 704
t 609 610 705
t 610 706 705
t 610 611 706
t 611 707 706
t 611 612 707
t 612 708 707
t 612 613 708
t 613 709 708
t 613 614 709
t 614 710 709
t 614 615 710
t 615 711 710
t 615 616 711
t 616 712 711
t 616 617 712
t 617 713 712
t 617 618 713
t 618 714 713
t 618 619 714
t 619 715 714
t 619 620 715
t 620 716 715
t 620 621 716
t 621 717 716
t 621 622 717
t 622 718 717
t 622 623 718
t 623 719 718
t 623 624 719
t 624 720 719
t 624 625 720
t 625 721 720
t 625 626 721
t 626 722 721
t 626 627 722
t 627 723 722
t 627 628 723
t 628 724 723
t 628 629 724
t 629 725 724
t 629 630 725
t 630 726 725
t 630 631 726
t 631 727 726
t 631 632 727
t 632 728 727
t 632 633 728
t 633 729 728
t 633 634 729
t 634 730 729
t 634 635 730
t 635 731 730
t 635 636 731
t 636 732 731
t 636 637 732
t 637 733 732
t 637 638 733
t 638 734 733
t 638 639 734
t 639 735 734
t 639 640 735
t 640 736 735
t 640 641 736
t 641 737 736
t 641 642 737
t 642 738 737
t 642 643 738
t 643 739 738
t 643 529 739
t 643 527 529
t 182 528 181
t 181 528 180
t 180 528 179
t 179 528 178
t 178 528 177
t 177 528 176
t 176 528 175
t 175 528 174
t 174 528 173
t 173 528 172
t 172 528 171
t 171 528 170
t 170 528 169
t 169 528 168
t 168 528 530
t 67 68 529
t 68 69 529
t 69 70 529
t 70 71 529
t 71 72 529
t 72 73 529
t 73 74 529
t 74 75 529
t 75 76 529
t 76 77 529
t 77 78 529
t 78 79 529
t 79 80 529
t 80 81 529
t 81 531 529
t 528 644 530
t 644 645 530
t 645 646 530
t 646 647 530
t 647 648 530
t 648 649 530
t 649 650 530
t 650 651 530
t 651 652 530
t 652 653 530
t 653 654 530
t 654 655 530
t 655 656 530
t 656 657 530
t 657 658 530
t 658 659 530
t 659 660 530
t 660 661 530
t 661 662 530
t 662 740 530
t 662 663 740
t 663 741 740
t 663 664 741
t 664 742 741
t 664 665 742
t 665 743 742
t 665 666 743
t 666 744 743
t 666 667 744
t 667 745 744
t 667 668 745
t 668 746 745
t 668 669 746
t 669 747 746
t 669 670 747
t 670 748 747
t 670 671 748
t 671 749 748
t 671 672 749
t 672 750 749
t 672 673 750
t 673 751 750
t 673 674 751
t 674 752 751
t 674 675 752
t 675 753 752
t 675 676 753
t 676 754 753
t 676 677 754
t 677 755 754
t 677 678 755
t 678 756 755
t 678 679 756
t 679 757 756
t 679 680 757
t 680 758 757
t 680 681 758
t 681 759 758
t 681 682 759
t 682 760 759
t 682 683 760
t 683 761 760
t 683 684 761
t 684 762 761
t 684 685 762
t 685 763 762
t 685 686 763
t 686 764 763
t 686 687 764
t 687 765 764
t 687 688 765
t 688 766 765
t 688 689 766
t 689 767 766
t 689 690 767
t 690 768 767
t 690 691 768
t 691 769 768
t 691 692 769
t 692 770 769
t 692 693 770
t 693 771 770
t 693 694 771
t 694 772 771
t 694 695 772
t 695 773 772
t 695 696 773
t 696 774 773
t 696 697 774
t 697 775 774
t 697 698 775
t 698 776 775
t 698 699 776
t 699 777 776
t 699 700 777
t 700 778 777
t 700 701 778
t 701 779 778
t 701 702 779
t 702 780 779
t 702 703 780
t 703 781 780
t 703 704 781
t 704 782 781
t 704 705 782
t 705 783 782
t 705 706 783
t 706 784 783
t 706 707 784
t 707 785 784
t 707 708 785
t 708 786 785
t 708 709 786
t 709 787 786
t 709 710 787
t 710 788 787
t 710 711 788
t 711 789 788
t 711 712 789
t 712 790 789
t 712 713 790
t 713 791 790
t 713 714 791
t 714 792 791
t 714 715 792
t 715 793 792
t 715 716 793
t 716 794 793
t 716 717 794
t 717 795 794
t 717 718 795
t 718 796 795
t 718 719 796
t 719 797 796
t 719 720 797
t 720 798 797
t 720 721 798
t 721 799 798
t 721 722 799
t 722 800 799
t 722 723 800
t 723 801 800
t 723 724 801
t 724 802 801
t 724 725 802
t 725 803 802
t 725 726 803
t 726 804 803
t 726 727 804
t 727 805 804
t 727 728 805
t 728 806 805
t 728 729 806
t 729 807 806
t 729 730 807
t 730 808 807
t 730 731 808
t 731 809 808
t 731 732 809
t 732 810 809
t 732 733 810
t 733 811 810
t 733 734 811
t 734 812 811
t 734 735 812
t 735 813 812
t 735 736 813
t 736 814 813
t 736 737 814
t 737 815 814
t 737 531 815
t 737 738 531
t 738 739 531
t 739 529 531
t 168 530 167
t 167 530 166
t 166 530 165
t 165 530 164
t 164 530 163
t 163 530 162
t 162 530 161
t 161 530 160
t 160 530 159
t 159 530 158
t 158 530 157
t 157 530 156
t 156 530 155
t 155 530 154
t 154 530 532
t 81 82 531
t 82 83 531
t 83 84 531
t 84 85 531
t 85 86 531
t 86 87 531
t 87 88 531
t 88 89 531
t 89 90 531
t 90 91 531
t 91 92 531
t 92 93 531
t 93 94 531
t 94 95 531
t 95 533 531
t 530 740 532
t 740 741 532
t 741 742 532
t 742 743 532
t 743 744 532
t 744 745 532
t 745 746 532
t 746 747 532
t 747 748 532
t 748 749 532
t 749 750 532
t 750 751 532
t 751 816 532
t 751 752 816
t 752 817 816
t 752 753 817
t 753 818 817
t 753 754 818
t 754 819 818
t 754 755 819
t 755 820 819
t 755 756 820
t 756 821 820
t 756 757 821
t 757 822 821
t 757 758 822
t 758 823 822
t 758 759 823
t 759 824 823
t 759 760 824
t 760 825 824
t 760 761 825
t 761 826 825
t 761 762 826
t 762 827 826
t 762 763 827
t 763 828 827
t 763 764 828
t 764 829 828
t 764 765 829
t 765 830 829
t 765 766 830
t 766 831 830
t 766 767 831
t 767 832 831
t 767 768 832
t 768 833 832
t 768 769 833
t 769 834 833
t 769 770 834
t 770 835 834
t 770 771 835
t 771 836 835
t 771 772 836
t 772 837 836
t 772 773 837
t 773 838 837
t 773 774 838
t 774 839 838
t 774 775 839
t 775 840 839
t 775 776 840
t 776 841 840
t 776 777 841
t 777 842 841
t 777 778 842
t 778 843 842
t 778 779 843
t 779 844 843
t 779 780 844
t 780 845 844
t 780 781 845
t 781 846 845
t 781 782 846
t 782 847 846
t 782 783 847
t 783 848 847
t 783 784 848
t 784 849 848
t 784 785 849
t 785 850 849
t 785 786 850
t 786 851 850
t 786 787 851
t 787 852 851
t 787 788 852
t 788 853 852
t 788 789 853
t 789 854 853
t 789 790 854
t 790 855 854
t 790 791 855
t 791 856 855
t 791 792 856
t 792 857 856
t 792 793 857
t 793 858 857
t 793 794 858
t 794 859 858
t 794 795 859
t 795 860 859
t 795 796 860
t 796 861 860
t 796 797 861
t 797 862 861
t 797 798 862
t 798 863 862
t 798 799 863
t 799 864 863
t 799 800 864
t 800 865 864
t 800 801 865
t 801 866 865
t 801 802 866
t 802 867 866
t 802 803 867
t 803 868 867
t 803 804 868
t 804 869 868
t 804 805 869
t 805 870 869
t 805 806 870
t 806 871 870
t 806 807 871
t 807 872 871
t 807 808 872
t 808 873 872
t 808 809 873
t 809 874 873
t 809 810 874
t 810 875 874
t 810 811 875
t 811 876 875
t 811 812 876
t 812 877 876
t 812 813 877
t 813 878 877
t 813 814 878
t 814 879 878
t 814 815 879
t 815 880 879
t 815 531 880
t 531 533 880
t 154 532 153
t 153 532 152
t 152 532 151
t 151 532 150
t 150 532 149
t 149 532 148
t 148 532 147
t 147 532 146
t 146 532 145
t 145 532 144
t 144 532 143
t 143 532 142
t 142 532 141
t 141 532 140
t 95 96 533
t 96 97 533
t 97 98 533
t 98 99 533
t 99 100 533
t 100 101 533
t 101 102 533
t 102 103 533
t 103 104 533
t 104 105 533
t 105 106 533
t 106 107 533
t 107 108 533
t 108 109 533
t 532 816 140
t 816 139 140
t 816 817 139
t 817 818 139
t 818 819 139
t 819 138 139
t 819 820 138
t 820 821 138
t 821 137 138
t 821 822 137
t 822 823 137
t 823 824 137
t 824 136 137
t 824 825 136
t 825 826 136
t 826 135 136
t 826 827 135
t 827 828 135
t 828 134 135
t 828 829 134
t 829 830 134
t 830 831 134
t 831 133 134
t 831 832 133
t 832 833 133
t 833 132 133
t 833 834 132
t 834 835 132
t 835 836 132
t 836 131 132
t 836 837 131
t 837 838 131
t 838 130 131
t 838 839 130
t 839 840 130
t 840 129 130
t 840 841 129
t 841 842 129
t 842 843 129
t 843 128 129
t 843 844 128
t 844 845 128
t 845 127 128
t 845 846 127
t 846 847 127
t 847 848 127
t 848 126 127
t 848 849 126
t 849 850 126
t 850 125 126
t 850 851 125
t 851 852 125
t 852 124 125
t 852 853 124
t 853 854 124
t 854 855 124
t 855 123 124
t 855 856 123
t 856 857 123
t 857 122 123
t 857 858 122
t 858 859 122
t 859 860 122
t 860 121 122
t 860 861 121
t 861 862 121
t 862 120 121
t 862 863 120
t 863 864 120
t 864 119 120
t 864 865 119
t 865 866 119
t 866 867 119
t 867 118 119
t 867 868 118
t 868 869 118
t 869 117 118
t 869 870 117
t 870 871 117
t 871 872 117
t 872 116 117
t 872 873 116
t 873 874 116
t 874 115 116
t 874 875 115
t 875 876 115
t 876 114 115
t 876 877 114
t 877 878 114
t 878 879 114
t 879 113 114
t 879 880 113
t 880 533 113
t 533 112 113
t 533 111 112
t 533 110 111
t 533 109 110
