type=Nurbs forward=false n_boundary=141 n_holes=0 n_interior=217 n_tris=665 label=brep62542_f52_Nurbs(deg=3/3, cps=4x12)
boundary
b 0.166748623 1.000000000
b 0.166749065 0.977430429
b 0.166749939 0.954943336
b 0.166750819 0.932541877
b 0.166751465 0.910229462
b 0.166751659 0.888009708
b 0.166751020 0.865886406
b 0.166748823 0.843863467
b 0.166743812 0.821944879
b 0.166735296 0.800136311
b 0.166725677 0.778448494
b 0.166718105 0.756893935
b 0.166715356 0.735486090
b 0.166719107 0.714239269
b 0.166729202 0.693168513
b 0.166742904 0.672289460
b 0.166754215 0.651618124
b 0.166758127 0.631164742
b 0.166756363 0.610929767
b 0.166751617 0.590913873
b 0.166746448 0.571118979
b 0.166742877 0.551548163
b 0.166741954 0.532205564
b 0.166743316 0.513096275
b 0.166744807 0.494225992
b 0.166744416 0.475594654
b 0.166742339 0.457195841
b 0.166739432 0.439024018
b 0.166736860 0.421074900
b 0.166735846 0.403345385
b 0.166737376 0.385833485
b 0.166741906 0.368538251
b 0.166748914 0.351459248
b 0.166755663 0.334590373
b 0.166759463 0.317921414
b 0.166759254 0.301443081
b 0.166755483 0.285147128
b 0.166749926 0.269026350
b 0.166745487 0.253074573
b 0.166745965 0.237286643
b 0.166754823 0.221657829
b 0.166767779 0.206179032
b 0.166778339 0.190838912
b 0.166782605 0.175626628
b 0.166779246 0.160531912
b 0.166769408 0.145545138
b 0.166756599 0.130657372
b 0.166746551 0.115860435
b 0.166745115 0.101146946
b 0.166749397 0.086510471
b 0.166754711 0.071945106
b 0.166758116 0.057445222
b 0.166758312 0.043005513
b 0.166755517 0.028621034
b 0.166751335 0.014287235
b 0.166748623 0.000000000
b 0.189914043 0.000000000
b 0.212728717 0.000000000
b 0.235223194 0.000000000
b 0.257426528 0.000000000
b 0.279366443 0.000000000
b 0.301069479 0.000000000
b 0.322561132 0.000000000
b 0.343865976 0.000000000
b 0.365007786 0.000000000
b 0.386009642 0.000000000
b 0.406894042 0.000000000
b 0.427682991 0.000000000
b 0.448398105 0.000000000
b 0.469060692 0.000000000
b 0.489691850 0.000000000
b 0.510312548 0.000000000
b 0.530943710 0.000000000
b 0.551606307 0.000000000
b 0.572321433 0.000000000
b 0.593110401 0.000000000
b 0.613994823 0.000000000
b 0.634996707 0.000000000
b 0.656138549 0.000000000
b 0.677443431 0.000000000
b 0.698935126 0.000000000
b 0.720638210 0.000000000
b 0.742578178 0.000000000
b 0.764781571 0.000000000
b 0.787276113 0.000000000
b 0.810090859 0.000000000
b 0.833256357 0.000000000
b 0.832970024 0.014264465
b 0.832130172 0.028576167
b 0.830744436 0.042938258
b 0.828818211 0.057354619
b 0.826354308 0.071829825
b 0.823352645 0.086369097
b 0.819809984 0.100978254
b 0.815719721 0.115663660
b 0.811079729 0.130432110
b 0.805908745 0.145290438
b 0.800226513 0.160246698
b 0.794048747 0.175310451
b 0.787386768 0.190492702
b 0.780247231 0.205805834
b 0.772631933 0.221263545
b 0.764537764 0.236880739
b 0.755964857 0.252668197
b 0.746927424 0.268627558
b 0.737441561 0.284760809
b 0.727522796 0.301071625
b 0.717185488 0.317565433
b 0.706442279 0.334249449
b 0.695303636 0.351132714
b 0.683777475 0.368225964
b 0.671870547 0.385535606
b 0.659591301 0.403061117
b 0.646949192 0.420802680
b 0.633953980 0.438761902
b 0.620615153 0.456941912
b 0.606941379 0.475347440
b 0.592940013 0.493984877
b 0.578616640 0.512861860
b 0.563974656 0.531978916
b 0.549017380 0.551329860
b 0.533749406 0.570909204
b 0.518175962 0.590712574
b 0.502302212 0.610736831
b 0.486132585 0.630980171
b 0.469670149 0.651442202
b 0.452915984 0.672122861
b 0.435869462 0.693011907
b 0.418531761 0.714093060
b 0.400906613 0.735350469
b 0.382999414 0.756768957
b 0.364816349 0.778334156
b 0.346363536 0.800032621
b 0.327646209 0.821851910
b 0.308665595 0.843781411
b 0.289406650 0.865815553
b 0.269848097 0.887950339
b 0.249967971 0.910181790
b 0.229743274 0.932506030
b 0.209149619 0.954919372
b 0.188160846 0.977418391
interior
i 0.250032981 0.125000000
i 0.333350606 0.125000000
i 0.416668231 0.125000000
i 0.499985856 0.125000000
i 0.583303481 0.125000000
i 0.666621106 0.125000000
i 0.749938731 0.125000000
i 0.250032981 0.250000000
i 0.333350606 0.250000000
i 0.416668231 0.250000000
i 0.499985856 0.250000000
i 0.583303481 0.250000000
i 0.666621106 0.250000000
i 0.749938731 0.250000000
i 0.250032981 0.375000000
i 0.333350606 0.375000000
i 0.416668231 0.375000000
i 0.499985856 0.375000000
i 0.583303481 0.375000000
i 0.666621106 0.375000000
i 0.250032981 0.500000000
i 0.333350606 0.500000000
i 0.416668231 0.500000000
i 0.499985856 0.500000000
i 0.583303481 0.500000000
i 0.250032981 0.625000000
i 0.333350606 0.625000000
i 0.416668231 0.625000000
i 0.250032981 0.750000000
i 0.333350606 0.750000000
i 0.250032981 0.875000000
i 0.208374168 0.062500000
i 0.187544762 0.031250000
i 0.229203575 0.031250000
i 0.187544762 0.093750000
i 0.229203575 0.093750000
i 0.208374168 0.187500000
i 0.187544762 0.156250000
i 0.229203575 0.156250000
i 0.187544762 0.218750000
i 0.229203575 0.218750000
i 0.208374168 0.312500000
i 0.187544762 0.281250000
i 0.229203575 0.281250000
i 0.187544762 0.343750000
i 0.229203575 0.343750000
i 0.208374168 0.437500000
i 0.187544762 0.406250000
i 0.229203575 0.406250000
i 0.187544762 0.468750000
i 0.229203575 0.468750000
i 0.208374168 0.562500000
i 0.187544762 0.531250000
i 0.229203575 0.531250000
i 0.187544762 0.593750000
i 0.229203575 0.593750000
i 0.208374168 0.687500000
i 0.187544762 0.656250000
i 0.229203575 0.656250000
i 0.187544762 0.718750000
i 0.229203575 0.718750000
i 0.208374168 0.812500000
i 0.187544762 0.781250000
i 0.229203575 0.781250000
i 0.187544762 0.843750000
i 0.229203575 0.843750000
i 0.208374168 0.937500000
i 0.187544762 0.906250000
i 0.229203575 0.906250000
i 0.187544762 0.968750000
i 0.291691794 0.062500000
i 0.270862387 0.031250000
i 0.312521200 0.031250000
i 0.270862387 0.093750000
i 0.312521200 0.093750000
i 0.291691794 0.187500000
i 0.270862387 0.156250000
i 0.312521200 0.156250000
i 0.270862387 0.218750000
i 0.312521200 0.218750000
i 0.291691794 0.312500000
i 0.270862387 0.281250000
i 0.312521200 0.281250000
i 0.270862387 0.343750000
i 0.312521200 0.343750000
i 0.291691794 0.437500000
i 0.270862387 0.406250000
i 0.312521200 0.406250000
i 0.270862387 0.468750000
i 0.312521200 0.468750000
i 0.291691794 0.562500000
i 0.270862387 0.531250000
i 0.312521200 0.531250000
i 0.270862387 0.593750000
i 0.312521200 0.593750000
i 0.291691794 0.687500000
i 0.270862387 0.656250000
i 0.312521200 0.656250000
i 0.270862387 0.718750000
i 0.312521200 0.718750000
i 0.291691794 0.812500000
i 0.270862387 0.781250000
i 0.312521200 0.781250000
i 0.270862387 0.843750000
i 0.375009419 0.062500000
i 0.354180012 0.031250000
i 0.395838825 0.031250000
i 0.354180012 0.093750000
i 0.395838825 0.093750000
i 0.375009419 0.187500000
i 0.354180012 0.156250000
i 0.395838825 0.156250000
i 0.354180012 0.218750000
i 0.395838825 0.218750000
i 0.375009419 0.312500000
i 0.354180012 0.281250000
i 0.395838825 0.281250000
i 0.354180012 0.343750000
i 0.395838825 0.343750000
i 0.375009419 0.437500000
i 0.354180012 0.406250000
i 0.395838825 0.406250000
i 0.354180012 0.468750000
i 0.395838825 0.468750000
i 0.375009419 0.562500000
i 0.354180012 0.531250000
i 0.395838825 0.531250000
i 0.354180012 0.593750000
i 0.395838825 0.593750000
i 0.375009419 0.687500000
i 0.354180012 0.656250000
i 0.395838825 0.656250000
i 0.354180012 0.718750000
i 0.395838825 0.718750000
i 0.458327044 0.062500000
i 0.437497637 0.031250000
i 0.479156450 0.031250000
i 0.437497637 0.093750000
i 0.479156450 0.093750000
i 0.458327044 0.187500000
i 0.437497637 0.156250000
i 0.479156450 0.156250000
i 0.437497637 0.218750000
i 0.479156450 0.218750000
i 0.458327044 0.312500000
i 0.437497637 0.281250000
i 0.479156450 0.281250000
i 0.437497637 0.343750000
i 0.479156450 0.343750000
i 0.458327044 0.437500000
i 0.437497637 0.406250000
i 0.479156450 0.406250000
i 0.437497637 0.468750000
i 0.479156450 0.468750000
i 0.458327044 0.562500000
i 0.437497637 0.531250000
i 0.479156450 0.531250000
i 0.437497637 0.593750000
i 0.479156450 0.593750000
i 0.541644669 0.062500000
i 0.520815263 0.031250000
i 0.562474075 0.031250000
i 0.520815263 0.093750000
i 0.562474075 0.093750000
i 0.541644669 0.187500000
i 0.520815263 0.156250000
i 0.562474075 0.156250000
i 0.520815263 0.218750000
i 0.562474075 0.218750000
i 0.541644669 0.312500000
i 0.520815263 0.281250000
i 0.562474075 0.281250000
i 0.520815263 0.343750000
i 0.562474075 0.343750000
i 0.541644669 0.437500000
i 0.520815263 0.406250000
i 0.562474075 0.406250000
i 0.520815263 0.468750000
i 0.562474075 0.468750000
i 0.624962294 0.062500000
i 0.604132888 0.031250000
i 0.645791700 0.031250000
i 0.604132888 0.093750000
i 0.645791700 0.093750000
i 0.624962294 0.187500000
i 0.604132888 0.156250000
i 0.645791700 0.156250000
i 0.604132888 0.218750000
i 0.645791700 0.218750000
i 0.624962294 0.312500000
i 0.604132888 0.281250000
i 0.645791700 0.281250000
i 0.604132888 0.343750000
i 0.645791700 0.343750000
i 0.624962294 0.437500000
i 0.604132888 0.406250000
i 0.645791700 0.406250000
i 0.604132888 0.468750000
i 0.708279919 0.062500000
i 0.687450513 0.031250000
i 0.729109325 0.031250000
i 0.687450513 0.093750000
i 0.729109325 0.093750000
i 0.708279919 0.187500000
i 0.687450513 0.156250000
i 0.729109325 0.156250000
i 0.687450513 0.218750000
i 0.729109325 0.218750000
i 0.708279919 0.312500000
i 0.687450513 0.281250000
i 0.729109325 0.281250000
i 0.687450513 0.343750000
i 0.791597544 0.062500000
i 0.770768138 0.031250000
i 0.812426950 0.031250000
i 0.770768138 0.093750000
i 0.812426950 0.093750000
tris
t 55 53 54
t 55 52 53
t 55 51 52
t 55 50 51
t 55 49 50
t 55 48 49
t 55 47 48
t 55 46 47
t 55 45 46
t 55 44 45
t 86 87 88
t 86 88 89
t 86 89 90
t 86 90 91
t 86 91 92
t 86 92 93
t 86 93 94
t 86 94 95
t 86 95 96
t 86 96 97
t 55 358 44
t 55 359 358
t 55 56 359
t 56 360 359
t 56 361 360
t 56 57 361
t 57 362 361
t 57 363 362
t 57 58 363
t 58 364 363
t 58 365 364
t 58 59 365
t 59 366 365
t 59 367 366
t 59 60 367
t 60 368 367
t 60 369 368
t 60 61 369
t 61 370 369
t 61 371 370
t 61 62 371
t 62 372 371
t 62 373 372
t 62 63 373
t 63 374 373
t 63 375 374
t 63 376 375
t 63 64 376
t 64 377 376
t 64 378 377
t 64 65 378
t 65 379 378
t 65 380 379
t 65 66 380
t 66 381 380
t 66 382 381
t 66 67 382
t 67 383 382
t 67 384 383
t 67 68 384
t 68 385 384
t 68 386 385
t 68 69 386
t 69 387 386
t 69 388 387
t 69 389 388
t 69 70 389
t 70 390 389
t 70 391 390
t 70 71 391
t 71 392 391
t 71 393 392
t 71 72 393
t 72 394 393
t 72 395 394
t 72 396 395
t 72 73 396
t 73 397 396
t 73 398 397
t 73 74 398
t 74 399 398
t 74 400 399
t 74 401 400
t 74 75 401
t 75 402 401
t 75 403 402
t 75 76 403
t 76 404 403
t 76 405 404
t 76 406 405
t 76 77 406
t 77 407 406
t 77 408 407
t 77 78 408
t 78 409 408
t 78 410 409
t 78 411 410
t 78 79 411
t 79 412 411
t 79 413 412
t 79 414 413
t 79 80 414
t 80 415 414
t 80 416 415
t 80 417 416
t 80 81 417
t 81 418 417
t 81 419 418
t 81 420 419
t 81 82 420
t 82 421 420
t 82 422 421
t 82 423 422
t 82 424 423
t 82 83 424
t 83 425 424
t 83 426 425
t 83 427 426
t 83 84 427
t 84 428 427
t 84 429 428
t 84 430 429
t 84 97 430
t 84 85 97
t 85 86 97
t 44 42 43
t 44 41 42
t 44 40 41
t 44 39 40
t 44 38 39
t 44 37 38
t 44 36 37
t 44 35 36
t 44 34 35
t 97 98 99
t 97 99 100
t 97 100 101
t 97 101 102
t 97 102 103
t 97 103 104
t 97 104 105
t 97 105 106
t 97 106 107
t 44 431 34
t 44 432 431
t 44 433 432
t 44 434 433
t 44 358 434
t 358 435 434
t 358 359 435
t 359 436 435
t 359 360 436
t 360 437 436
t 360 361 437
t 361 438 437
t 361 362 438
t 362 439 438
t 362 363 439
t 363 440 439
t 363 364 440
t 364 441 440
t 364 365 441
t 365 442 441
t 365 366 442
t 366 443 442
t 366 367 443
t 367 444 443
t 367 368 444
t 368 445 444
t 368 369 445
t 369 446 445
t 369 370 446
t 370 447 446
t 370 371 447
t 371 448 447
t 371 372 448
t 372 449 448
t 372 373 449
t 373 450 449
t 373 374 450
t 374 451 450
t 374 375 451
t 375 452 451
t 375 376 452
t 376 453 452
t 376 377 453
t 377 454 453
t 377 378 454
t 378 455 454
t 378 379 455
t 379 456 455
t 379 380 456
t 380 457 456
t 380 381 457
t 381 458 457
t 381 382 458
t 382 459 458
t 382 383 459
t 383 460 459
t 383 384 460
t 384 461 460
t 384 385 461
t 385 462 461
t 385 386 462
t 386 463 462
t 386 387 463
t 387 464 463
t 387 388 464
t 388 465 464
t 388 389 465
t 389 466 465
t 389 390 466
t 390 467 466
t 390 391 467
t 391 468 467
t 391 392 468
t 392 469 468
t 392 393 469
t 393 470 469
t 393 394 470
t 394 471 470
t 394 395 471
t 395 472 471
t 395 396 472
t 396 473 472
t 396 397 473
t 397 474 473
t 397 398 474
t 398 475 474
t 398 399 475
t 399 476 475
t 399 400 476
t 400 477 476
t 400 401 477
t 401 478 477
t 401 402 478
t 402 479 478
t 402 403 479
t 403 480 479
t 403 404 480
t 404 481 480
t 404 405 481
t 405 482 481
t 405 406 482
t 406 483 482
t 406 407 483
t 407 484 483
t 407 408 484
t 408 485 484
t 408 409 485
t 409 486 485
t 409 410 486
t 410 487 486
t 410 411 487
t 411 488 487
t 411 412 488
t 412 489 488
t 412 413 489
t 413 490 489
t 413 414 490
t 414 491 490
t 414 415 491
t 415 492 491
t 415 416 492
t 416 493 492
t 416 417 493
t 417 107 493
t 417 418 107
t 418 419 107
t 419 420 107
t 420 421 107
t 421 422 107
t 422 423 107
t 423 424 107
t 424 425 107
t 425 426 107
t 426 427 107
t 427 428 107
t 428 429 107
t 429 430 107
t 430 97 107
t 34 32 33
t 34 31 32
t 34 30 31
t 34 29 30
t 34 28 29
t 34 27 28
t 34 26 27
t 34 25 26
t 34 24 25
t 107 108 109
t 107 109 110
t 107 110 111
t 107 111 112
t 107 112 113
t 107 113 114
t 107 114 115
t 107 115 116
t 107 116 117
t 34 494 24
t 34 495 494
t 34 496 495
t 34 497 496
t 34 498 497
t 34 499 498
t 34 500 499
t 34 501 500
t 34 502 501
t 34 503 502
t 34 504 503
t 34 431 504
t 431 505 504
t 431 432 505
t 432 506 505
t 432 433 506
t 433 507 506
t 433 434 507
t 434 508 507
t 434 435 508
t 435 509 508
t 435 436 509
t 436 510 509
t 436 437 510
t 437 511 510
t 437 438 511
t 438 512 511
t 438 439 512
t 439 513 512
t 439 440 513
t 440 514 513
t 440 441 514
t 441 515 514
t 441 442 515
t 442 516 515
t 442 443 516
t 443 517 516
t 443 444 517
t 444 518 517
t 444 445 518
t 445 519 518
t 445 446 519
t 446 520 519
t 446 447 520
t 447 521 520
t 447 448 521
t 448 522 521
t 448 449 522
t 449 523 522
t 449 450 523
t 450 524 523
t 450 451 524
t 451 525 524
t 451 452 525
t 452 526 525
t 452 453 526
t 453 527 526
t 453 454 527
t 454 528 527
t 454 455 528
t 455 529 528
t 455 456 529
t 456 530 529
t 456 457 530
t 457 531 530
t 457 458 531
t 458 532 531
t 458 459 532
t 459 533 532
t 459 460 533
t 460 534 533
t 460 461 534
t 461 535 534
t 461 462 535
t 462 536 535
t 462 463 536
t 463 537 536
t 463 464 537
t 464 538 537
t 464 465 538
t 465 539 538
t 465 466 539
t 466 540 539
t 466 467 540
t 467 541 540
t 467 468 541
t 468 542 541
t 468 469 542
t 469 543 542
t 469 470 543
t 470 544 543
t 470 471 544
t 471 545 544
t 471 472 545
t 472 546 545
t 472 473 546
t 473 547 546
t 473 474 547
t 474 548 547
t 474 475 548
t 475 549 548
t 475 476 549
t 476 550 549
t 476 477 550
t 477 551 550
t 477 478 551
t 478 117 551
t 478 479 117
t 479 480 117
t 480 481 117
t 481 482 117
t 482 483 117
t 483 484 117
t 484 485 117
t 485 486 117
t 486 487 117
t 487 488 117
t 488 489 117
t 489 490 117
t 490 491 117
t 491 492 117
t 492 493 117
t 493 107 117
t 24 22 23
t 24 21 22
t 24 20 21
t 24 19 20
t 24 18 19
t 24 17 18
t 24 16 17
t 117 118 119
t 117 119 120
t 117 120 121
t 117 121 122
t 117 122 123
t 117 123 124
t 117 124 125
t 24 494 16
t 494 495 16
t 495 496 16
t 496 497 16
t 497 498 16
t 498 499 16
t 499 500 16
t 500 501 16
t 501 552 16
t 501 502 552
t 502 553 552
t 502 503 553
t 503 554 553
t 503 504 554
t 504 555 554
t 504 505 555
t 505 556 555
t 505 506 556
t 506 557 556
t 506 507 557
t 507 558 557
t 507 508 558
t 508 559 558
t 508 509 559
t 509 560 559
t 509 510 560
t 510 561 560
t 510 511 561
t 511 562 561
t 511 512 562
t 512 563 562
t 512 513 563
t 513 564 563
t 513 514 564
t 514 565 564
t 514 515 565
t 515 566 565
t 515 516 566
t 516 567 566
t 516 517 567
t 517 568 567
t 517 518 568
t 518 569 568
t 518 519 569
t 519 570 569
t 519 520 570
t 520 571 570
t 520 521 571
t 521 572 571
t 521 522 572
t 522 573 572
t 522 523 573
t 523 574 573
t 523 524 574
t 524 575 574
t 524 525 575
t 525 576 575
t 525 526 576
t 526 577 576
t 526 527 577
t 527 578 577
t 527 528 578
t 528 579 578
t 528 529 579
t 529 580 579
t 529 530 580
t 530 581 580
t 530 531 581
t 531 582 581
t 531 532 582
t 532 583 582
t 532 533 583
t 533 584 583
t 533 534 584
t 534 585 584
t 534 535 585
t 535 586 585
t 535 536 586
t 536 587 586
t 536 537 587
t 537 588 587
t 537 538 588
t 538 589 588
t 538 539 589
t 539 125 589
t 539 540 125
t 540 541 125
t 541 542 125
t 542 543 125
t 543 544 125
t 544 545 125
t 545 546 125
t 546 547 125
t 547 548 125
t 548 549 125
t 549 550 125
t 550 551 125
t 551 117 125
t 16 14 15
t 16 13 14
t 16 12 13
t 16 11 12
t 16 10 11
t 16 9 10
t 16 8 9
t 125 126 127
t 125 127 128
t 125 128 129
t 125 129 130
t 125 130 131
t 125 131 132
t 125 132 133
t 16 590 8
t 16 591 590
t 16 592 591
t 16 593 592
t 16 594 593
t 16 595 594
t 16 596 595
t 16 597 596
t 16 552 597
t 552 598 597
t 552 553 598
t 553 599 598
t 553 554 599
t 554 600 599
t 554 555 600
t 555 601 600
t 555 556 601
t 556 602 601
t 556 557 602
t 557 603 602
t 557 558 603
t 558 604 603
t 558 559 604
t 559 605 604
t 559 560 605
t 560 606 605
t 560 561 606
t 561 607 606
t 561 562 607
t 562 608 607
t 562 563 608
t 563 609 608
t 563 564 609
t 564 610 609
t 564 565 610
t 565 611 610
t 565 566 611
t 566 612 611
t 566 567 612
t 567 613 612
t 567 568 613
t 568 614 613
t 568 569 614
t 569 615 614
t 569 570 615
t 570 616 615
t 570 571 616
t 571 617 616
t 571 572 617
t 572 618 617
t 572 573 618
t 573 619 618
t 573 574 619
t 574 620 619
t 574 575 620
t 575 133 620
t 575 576 133
t 576 577 133
t 577 578 133
t 578 579 133
t 579 580 133
t 580 581 133
t 581 582 133
t 582 583 133
t 583 584 133
t 584 585 133
t 585 586 133
t 586 587 133
t 587 588 133
t 588 589 133
t 589 125 133
t 8 6 7
t 8 5 6
t 8 4 5
t 8 3 4
t 8 2 3
t 8 1 2
t 8 0 1
t 133 134 135
t 133 135 136
t 133 136 137
t 133 137 138
t 133 138 139
t 133 139 140
t 133 140 0
t 8 590 0
t 590 591 0
t 591 592 0
t 592 593 0
t 593 594 0
t 594 595 0
t 595 596 0
t 596 597 0
t 597 598 0
t 598 599 0
t 599 600 0
t 600 601 0
t 601 602 0
t 602 603 0
t 603 604 0
t 604 605 0
t 605 606 0
t 606 607 0
t 607 608 0
t 608 609 0
t 609 610 0
t 610 611 0
t 611 612 0
t 612 613 0
t 613 614 0
t 614 615 0
t 615 616 0
t 616 617 0
t 617 618 0
t 618 619 0
t 619 620 0
t 620 133 0
