type=Nurbs forward=true n_boundary=196 n_holes=0 n_interior=363 n_tris=1014 label=brep47598_f15_Nurbs(deg=3/3, cps=4x9)
boundary
b 0.177992977 0.789538057
b 0.178704364 0.782445053
b 0.179398649 0.775353103
b 0.180080240 0.768261786
b 0.180752926 0.761170665
b 0.181419877 0.754079292
b 0.182083638 0.746987213
b 0.182746129 0.739893966
b 0.183408644 0.732799088
b 0.184071500 0.725702108
b 0.184732800 0.718602715
b 0.185386360 0.711501757
b 0.186025898 0.704400591
b 0.186647064 0.697300612
b 0.187247487 0.690203241
b 0.187826811 0.683109921
b 0.188386726 0.676022108
b 0.188931004 0.668941266
b 0.189465617 0.661868856
b 0.190000483 0.654806126
b 0.190545917 0.647752591
b 0.191109200 0.640706683
b 0.191695483 0.633666812
b 0.192307818 0.626631388
b 0.192947168 0.619598828
b 0.193612420 0.612567565
b 0.194300401 0.605536051
b 0.195005891 0.598502766
b 0.195722893 0.591466253
b 0.196447896 0.584426197
b 0.197176943 0.577383502
b 0.197907361 0.570339138
b 0.198637928 0.563294082
b 0.199368884 0.556249309
b 0.200101943 0.549205791
b 0.200840293 0.542164490
b 0.201588612 0.535126355
b 0.202352914 0.528092315
b 0.203133374 0.521063283
b 0.203921778 0.514040180
b 0.204710830 0.507023978
b 0.205494886 0.500015706
b 0.206270040 0.493016444
b 0.207034201 0.486027313
b 0.207787178 0.479049478
b 0.208530760 0.472084131
b 0.209268775 0.465132494
b 0.210000666 0.458195351
b 0.210721329 0.451272360
b 0.211430699 0.444363014
b 0.212128044 0.437466851
b 0.212811926 0.430583458
b 0.213480314 0.423712470
b 0.214130680 0.416853575
b 0.214760100 0.410006515
b 0.215365355 0.403171084
b 0.235769336 0.403171028
b 0.255974405 0.403171027
b 0.275997482 0.403171027
b 0.295854944 0.403171026
b 0.315562667 0.403171026
b 0.335136076 0.403171025
b 0.354590202 0.403171025
b 0.373939723 0.403171024
b 0.393199014 0.403171024
b 0.412382191 0.403171024
b 0.431503148 0.403171024
b 0.450575605 0.403171023
b 0.469613144 0.403171023
b 0.488629245 0.403171023
b 0.507637332 0.403171023
b 0.526650802 0.403171023
b 0.545683070 0.403171023
b 0.564747603 0.403171023
b 0.583857959 0.403171024
b 0.603027828 0.403171024
b 0.622271068 0.403171024
b 0.641601747 0.403171024
b 0.661034184 0.403171025
b 0.680582998 0.403171025
b 0.700263143 0.403171026
b 0.720089965 0.403171026
b 0.740079247 0.403171027
b 0.760247262 0.403171027
b 0.780610831 0.403171028
b 0.801187382 0.403171029
b 0.821994996 0.403170977
b 0.821996904 0.409968289
b 0.822000853 0.416780238
b 0.822005087 0.423606553
b 0.822008352 0.430446998
b 0.822009876 0.437301372
b 0.822009340 0.444169513
b 0.822006862 0.451051296
b 0.822002974 0.457946635
b 0.821998644 0.464855481
b 0.821997200 0.471777713
b 0.821999029 0.478712568
b 0.822001964 0.485659029
b 0.822004474 0.492616100
b 0.822005634 0.499582808
b 0.822005094 0.506558212
b 0.822003049 0.513541403
b 0.822000200 0.520531512
b 0.821997734 0.527527712
b 0.821997133 0.534529216
b 0.821998482 0.541535145
b 0.822000910 0.548544528
b 0.822003641 0.555556367
b 0.822005998 0.562569649
b 0.822007375 0.569583346
b 0.822007213 0.576596424
b 0.822004979 0.583607844
b 0.822000135 0.590616570
b 0.821992345 0.597621628
b 0.821984966 0.604623330
b 0.821979438 0.611623231
b 0.821975579 0.618622962
b 0.821973385 0.625624192
b 0.821973047 0.632628617
b 0.821974976 0.639637955
b 0.821979833 0.646653935
b 0.821988558 0.653678295
b 0.822002442 0.660712747
b 0.822024796 0.667757660
b 0.822057041 0.674811265
b 0.822093060 0.681871559
b 0.822125819 0.688936530
b 0.822148055 0.696004176
b 0.822152259 0.703072509
b 0.822130648 0.710139566
b 0.822075132 0.717203418
b 0.821977300 0.724262183
b 0.821836523 0.731315159
b 0.821671502 0.738364450
b 0.821496234 0.745412611
b 0.821319735 0.752462226
b 0.821151473 0.759515887
b 0.821001481 0.766576179
b 0.820880382 0.773645668
b 0.820799437 0.780726896
b 0.820770606 0.787822360
b 0.808158236 0.787865626
b 0.795700634 0.787908673
b 0.783385123 0.787951501
b 0.771199334 0.787994107
b 0.759131201 0.788036487
b 0.747168956 0.788078641
b 0.735301118 0.788120564
b 0.723516495 0.788162255
b 0.711804170 0.788203713
b 0.700153503 0.788244934
b 0.688554120 0.788285917
b 0.676995915 0.788326661
b 0.665469041 0.788367163
b 0.653963934 0.788407421
b 0.642473988 0.788447426
b 0.630997990 0.788487144
b 0.619535352 0.788526545
b 0.608085481 0.788565594
b 0.596647762 0.788604260
b 0.585221539 0.788642510
b 0.573806095 0.788680312
b 0.562400634 0.788717634
b 0.551004266 0.788754444
b 0.539615984 0.788790711
b 0.528234650 0.788826403
b 0.516858975 0.788861490
b 0.505487501 0.788895941
b 0.494118573 0.788929726
b 0.482750156 0.788962822
b 0.471380071 0.788995210
b 0.460006313 0.789026875
b 0.448627049 0.789057800
b 0.437240597 0.789087970
b 0.425845412 0.789117368
b 0.414440070 0.789145981
b 0.403023248 0.789173794
b 0.391593713 0.789200791
b 0.380150298 0.789226960
b 0.368691889 0.789252286
b 0.357217411 0.789276757
b 0.345725803 0.789300360
b 0.334215361 0.789323082
b 0.322678668 0.789344920
b 0.311105129 0.789365873
b 0.299483796 0.789385942
b 0.287803391 0.789405126
b 0.276052305 0.789423425
b 0.264218592 0.789440841
b 0.252289965 0.789457373
b 0.240253794 0.789473022
b 0.228097099 0.789487789
b 0.215806545 0.789501674
b 0.203368440 0.789514680
b 0.190768726 0.789526807
interior
i 0.258512887 0.451466862
i 0.339032798 0.451466862
i 0.419552708 0.451466862
i 0.500072618 0.451466862
i 0.580592528 0.451466862
i 0.661112438 0.451466862
i 0.741632349 0.451466862
i 0.258512887 0.499762747
i 0.339032798 0.499762747
i 0.419552708 0.499762747
i 0.500072618 0.499762747
i 0.580592528 0.499762747
i 0.661112438 0.499762747
i 0.741632349 0.499762747
i 0.258512887 0.548058632
i 0.339032798 0.548058632
i 0.419552708 0.548058632
i 0.500072618 0.548058632
i 0.580592528 0.548058632
i 0.661112438 0.548058632
i 0.741632349 0.548058632
i 0.258512887 0.596354517
i 0.339032798 0.596354517
i 0.419552708 0.596354517
i 0.500072618 0.596354517
i 0.580592528 0.596354517
i 0.661112438 0.596354517
i 0.741632349 0.596354517
i 0.258512887 0.644650402
i 0.339032798 0.644650402
i 0.419552708 0.644650402
i 0.500072618 0.644650402
i 0.580592528 0.644650402
i 0.661112438 0.644650402
i 0.741632349 0.644650402
i 0.258512887 0.692946287
i 0.339032798 0.692946287
i 0.419552708 0.692946287
i 0.500072618 0.692946287
i 0.580592528 0.692946287
i 0.661112438 0.692946287
i 0.741632349 0.692946287
i 0.258512887 0.741242172
i 0.339032798 0.741242172
i 0.419552708 0.741242172
i 0.500072618 0.741242172
i 0.580592528 0.741242172
i 0.661112438 0.741242172
i 0.741632349 0.741242172
i 0.218252932 0.427318919
i 0.238382910 0.415244948
i 0.238382910 0.439392890
i 0.218252932 0.475614804
i 0.238382910 0.463540833
i 0.238382910 0.487688775
i 0.218252932 0.523910689
i 0.238382910 0.511836718
i 0.238382910 0.535984660
i 0.218252932 0.572206574
i 0.198122955 0.560132603
i 0.238382910 0.560132603
i 0.198122955 0.584280546
i 0.238382910 0.584280546
i 0.218252932 0.620502459
i 0.198122955 0.608428488
i 0.238382910 0.608428488
i 0.198122955 0.632576431
i 0.238382910 0.632576431
i 0.218252932 0.668798344
i 0.198122955 0.656724373
i 0.238382910 0.656724373
i 0.198122955 0.680872316
i 0.238382910 0.680872316
i 0.218252932 0.717094230
i 0.198122955 0.705020258
i 0.238382910 0.705020258
i 0.198122955 0.729168201
i 0.238382910 0.729168201
i 0.218252932 0.765390115
i 0.198122955 0.753316143
i 0.238382910 0.753316143
i 0.198122955 0.777464086
i 0.238382910 0.777464086
i 0.298772843 0.427318919
i 0.278642865 0.415244948
i 0.318902820 0.415244948
i 0.278642865 0.439392890
i 0.318902820 0.439392890
i 0.298772843 0.475614804
i 0.278642865 0.463540833
i 0.318902820 0.463540833
i 0.278642865 0.487688775
i 0.318902820 0.487688775
i 0.298772843 0.523910689
i 0.278642865 0.511836718
i 0.318902820 0.511836718
i 0.278642865 0.535984660
i 0.318902820 0.535984660
i 0.298772843 0.572206574
i 0.278642865 0.560132603
i 0.318902820 0.560132603
i 0.278642865 0.584280546
i 0.318902820 0.584280546
i 0.298772843 0.620502459
i 0.278642865 0.608428488
i 0.318902820 0.608428488
i 0.278642865 0.632576431
i 0.318902820 0.632576431
i 0.298772843 0.668798344
i 0.278642865 0.656724373
i 0.318902820 0.656724373
i 0.278642865 0.680872316
i 0.318902820 0.680872316
i 0.298772843 0.717094230
i 0.278642865 0.705020258
i 0.318902820 0.705020258
i 0.278642865 0.729168201
i 0.318902820 0.729168201
i 0.298772843 0.765390115
i 0.278642865 0.753316143
i 0.318902820 0.753316143
i 0.278642865 0.777464086
i 0.318902820 0.777464086
i 0.379292753 0.427318919
i 0.359162775 0.415244948
i 0.399422730 0.415244948
i 0.359162775 0.439392890
i 0.399422730 0.439392890
i 0.379292753 0.475614804
i 0.359162775 0.463540833
i 0.399422730 0.463540833
i 0.359162775 0.487688775
i 0.399422730 0.487688775
i 0.379292753 0.523910689
i 0.359162775 0.511836718
i 0.399422730 0.511836718
i 0.359162775 0.535984660
i 0.399422730 0.535984660
i 0.379292753 0.572206574
i 0.359162775 0.560132603
i 0.399422730 0.560132603
i 0.359162775 0.584280546
i 0.399422730 0.584280546
i 0.379292753 0.620502459
i 0.359162775 0.608428488
i 0.399422730 0.608428488
i 0.359162775 0.632576431
i 0.399422730 0.632576431
i 0.379292753 0.668798344
i 0.359162775 0.656724373
i 0.399422730 0.656724373
i 0.359162775 0.680872316
i 0.399422730 0.680872316
i 0.379292753 0.717094230
i 0.359162775 0.705020258
i 0.399422730 0.705020258
i 0.359162775 0.729168201
i 0.399422730 0.729168201
i 0.379292753 0.765390115
i 0.359162775 0.753316143
i 0.399422730 0.753316143
i 0.359162775 0.777464086
i 0.399422730 0.777464086
i 0.459812663 0.427318919
i 0.439682685 0.415244948
i 0.479942641 0.415244948
i 0.439682685 0.439392890
i 0.479942641 0.439392890
i 0.459812663 0.475614804
i 0.439682685 0.463540833
i 0.479942641 0.463540833
i 0.439682685 0.487688775
i 0.479942641 0.487688775
i 0.459812663 0.523910689
i 0.439682685 0.511836718
i 0.479942641 0.511836718
i 0.439682685 0.535984660
i 0.479942641 0.535984660
i 0.459812663 0.572206574
i 0.439682685 0.560132603
i 0.479942641 0.560132603
i 0.439682685 0.584280546
i 0.479942641 0.584280546
i 0.459812663 0.620502459
i 0.439682685 0.608428488
i 0.479942641 0.608428488
i 0.439682685 0.632576431
i 0.479942641 0.632576431
i 0.459812663 0.668798344
i 0.439682685 0.656724373
i 0.479942641 0.656724373
i 0.439682685 0.680872316
i 0.479942641 0.680872316
i 0.459812663 0.717094230
i 0.439682685 0.705020258
i 0.479942641 0.705020258
i 0.439682685 0.729168201
i 0.479942641 0.729168201
i 0.459812663 0.765390115
i 0.439682685 0.753316143
i 0.479942641 0.753316143
i 0.439682685 0.777464086
i 0.479942641 0.777464086
i 0.540332573 0.427318919
i 0.520202596 0.415244948
i 0.560462551 0.415244948
i 0.520202596 0.439392890
i 0.560462551 0.439392890
i 0.540332573 0.475614804
i 0.520202596 0.463540833
i 0.560462551 0.463540833
i 0.520202596 0.487688775
i 0.560462551 0.487688775
i 0.540332573 0.523910689
i 0.520202596 0.511836718
i 0.560462551 0.511836718
i 0.520202596 0.535984660
i 0.560462551 0.535984660
i 0.540332573 0.572206574
i 0.520202596 0.560132603
i 0.560462551 0.560132603
i 0.520202596 0.584280546
i 0.560462551 0.584280546
i 0.540332573 0.620502459
i 0.520202596 0.608428488
i 0.560462551 0.608428488
i 0.520202596 0.632576431
i 0.560462551 0.632576431
i 0.540332573 0.668798344
i 0.520202596 0.656724373
i 0.560462551 0.656724373
i 0.520202596 0.680872316
i 0.560462551 0.680872316
i 0.540332573 0.717094230
i 0.520202596 0.705020258
i 0.560462551 0.705020258
i 0.520202596 0.729168201
i 0.560462551 0.729168201
i 0.540332573 0.765390115
i 0.520202596 0.753316143
i 0.560462551 0.753316143
i 0.520202596 0.777464086
i 0.560462551 0.777464086
i 0.620852483 0.427318919
i 0.600722506 0.415244948
i 0.640982461 0.415244948
i 0.600722506 0.439392890
i 0.640982461 0.439392890
i 0.620852483 0.475614804
i 0.600722506 0.463540833
i 0.640982461 0.463540833
i 0.600722506 0.487688775
i 0.640982461 0.487688775
i 0.620852483 0.523910689
i 0.600722506 0.511836718
i 0.640982461 0.511836718
i 0.600722506 0.535984660
i 0.640982461 0.535984660
i 0.620852483 0.572206574
i 0.600722506 0.560132603
i 0.640982461 0.560132603
i 0.600722506 0.584280546
i 0.640982461 0.584280546
i 0.620852483 0.620502459
i 0.600722506 0.608428488
i 0.640982461 0.608428488
i 0.600722506 0.632576431
i 0.640982461 0.632576431
i 0.620852483 0.668798344
i 0.600722506 0.656724373
i 0.640982461 0.656724373
i 0.600722506 0.680872316
i 0.640982461 0.680872316
i 0.620852483 0.717094230
i 0.600722506 0.705020258
i 0.640982461 0.705020258
i 0.600722506 0.729168201
i 0.640982461 0.729168201
i 0.620852483 0.765390115
i 0.600722506 0.753316143
i 0.640982461 0.753316143
i 0.600722506 0.777464086
i 0.640982461 0.777464086
i 0.701372394 0.427318919
i 0.681242416 0.415244948
i 0.721502371 0.415244948
i 0.681242416 0.439392890
i 0.721502371 0.439392890
i 0.701372394 0.475614804
i 0.681242416 0.463540833
i 0.721502371 0.463540833
i 0.681242416 0.487688775
i 0.721502371 0.487688775
i 0.701372394 0.523910689
i 0.681242416 0.511836718
i 0.721502371 0.511836718
i 0.681242416 0.535984660
i 0.721502371 0.535984660
i 0.701372394 0.572206574
i 0.681242416 0.560132603
i 0.721502371 0.560132603
i 0.681242416 0.584280546
i 0.721502371 0.584280546
i 0.701372394 0.620502459
i 0.681242416 0.608428488
i 0.721502371 0.608428488
i 0.681242416 0.632576431
i 0.721502371 0.632576431
i 0.701372394 0.668798344
i 0.681242416 0.656724373
i 0.721502371 0.656724373
i 0.681242416 0.680872316
i 0.721502371 0.680872316
i 0.701372394 0.717094230
i 0.681242416 0.705020258
i 0.721502371 0.705020258
i 0.681242416 0.729168201
i 0.721502371 0.729168201
i 0.701372394 0.765390115
i 0.681242416 0.753316143
i 0.721502371 0.753316143
i 0.681242416 0.777464086
i 0.721502371 0.777464086
i 0.781892304 0.427318919
i 0.761762326 0.415244948
i 0.802022281 0.415244948
i 0.761762326 0.439392890
i 0.802022281 0.439392890
i 0.781892304 0.475614804
i 0.761762326 0.463540833
i 0.802022281 0.463540833
i 0.761762326 0.487688775
i 0.802022281 0.487688775
i 0.781892304 0.523910689
i 0.761762326 0.511836718
i 0.802022281 0.511836718
i 0.761762326 0.535984660
i 0.802022281 0.535984660
i 0.781892304 0.572206574
i 0.761762326 0.560132603
i 0.802022281 0.560132603
i 0.761762326 0.584280546
i 0.802022281 0.584280546
i 0.781892304 0.620502459
i 0.761762326 0.608428488
i 0.802022281 0.608428488
i 0.761762326 0.632576431
i 0.802022281 0.632576431
i 0.781892304 0.668798344
i 0.761762326 0.656724373
i 0.802022281 0.656724373
i 0.761762326 0.680872316
i 0.802022281 0.680872316
i 0.781892304 0.717094230
i 0.761762326 0.705020258
i 0.802022281 0.705020258
i 0.761762326 0.729168201
i 0.802022281 0.729168201
i 0.781892304 0.765390115
i 0.761762326 0.753316143
i 0.802022281 0.753316143
i 0.761762326 0.777464086
i 0.802022281 0.777464086
tris
t 86 84 85
t 86 83 84
t 86 82 83
t 86 81 82
t 86 80 81
t 86 79 80
t 86 78 79
t 86 77 78
t 86 76 77
t 86 75 76
t 86 74 75
t 86 73 74
t 86 72 73
t 86 71 72
t 86 70 71
t 86 69 70
t 86 68 69
t 86 67 68
t 86 66 67
t 86 65 66
t 86 64 65
t 86 63 64
t 86 62 63
t 86 61 62
t 86 60 61
t 86 59 60
t 86 58 59
t 86 57 58
t 86 56 57
t 86 55 56
t 86 54 55
t 86 53 54
t 86 52 53
t 86 51 52
t 86 50 51
t 86 49 50
t 86 48 49
t 86 47 48
t 86 46 47
t 86 45 46
t 86 44 45
t 86 43 44
t 86 42 43
t 86 87 88
t 86 88 89
t 86 89 90
t 86 90 91
t 86 91 92
t 86 92 93
t 86 93 94
t 86 94 95
t 86 95 96
t 86 96 97
t 86 97 98
t 86 98 99
t 86 99 100
t 86 559 42
t 86 560 559
t 86 561 560
t 86 562 561
t 86 563 562
t 86 564 563
t 86 565 564
t 86 566 565
t 86 567 566
t 86 568 567
t 86 569 568
t 86 570 569
t 86 571 570
t 86 572 571
t 86 573 572
t 86 574 573
t 86 575 574
t 86 576 575
t 86 577 576
t 86 578 577
t 86 579 578
t 86 580 579
t 86 581 580
t 86 582 581
t 86 583 582
t 86 584 583
t 86 585 584
t 86 586 585
t 86 587 586
t 86 588 587
t 86 589 588
t 86 590 589
t 86 591 590
t 86 592 591
t 86 593 592
t 86 594 593
t 86 595 594
t 86 596 595
t 86 597 596
t 86 598 597
t 86 599 598
t 86 600 599
t 86 601 600
t 86 602 601
t 86 603 602
t 86 604 603
t 86 605 604
t 86 606 605
t 86 607 606
t 86 608 607
t 86 609 608
t 86 610 609
t 86 611 610
t 86 612 611
t 86 613 612
t 86 614 613
t 86 615 614
t 86 616 615
t 86 617 616
t 86 618 617
t 86 619 618
t 86 620 619
t 86 621 620
t 86 622 621
t 86 623 622
t 86 624 623
t 86 625 624
t 86 626 625
t 86 627 626
t 86 628 627
t 86 629 628
t 86 630 629
t 86 631 630
t 86 632 631
t 86 633 632
t 86 634 633
t 86 635 634
t 86 636 635
t 86 637 636
t 86 638 637
t 86 639 638
t 86 640 639
t 86 641 640
t 86 642 641
t 86 643 642
t 86 644 643
t 86 645 644
t 86 646 645
t 86 647 646
t 86 648 647
t 86 649 648
t 86 650 649
t 86 651 650
t 86 652 651
t 86 653 652
t 86 654 653
t 86 655 654
t 86 656 655
t 86 657 656
t 86 658 657
t 86 659 658
t 86 660 659
t 86 661 660
t 86 662 661
t 86 663 662
t 86 664 663
t 86 665 664
t 86 666 665
t 86 667 666
t 86 668 667
t 86 669 668
t 86 670 669
t 86 671 670
t 86 672 671
t 86 673 672
t 86 674 673
t 86 675 674
t 86 676 675
t 86 677 676
t 86 678 677
t 86 679 678
t 86 100 679
t 42 40 41
t 42 39 40
t 42 38 39
t 42 37 38
t 42 36 37
t 42 35 36
t 42 34 35
t 42 33 34
t 42 32 33
t 42 31 32
t 42 30 31
t 42 29 30
t 42 28 29
t 100 101 102
t 100 102 103
t 100 103 104
t 100 104 105
t 100 105 106
t 100 106 107
t 100 107 108
t 100 108 109
t 100 109 110
t 100 110 111
t 100 111 112
t 100 112 113
t 42 680 28
t 42 681 680
t 42 682 681
t 42 683 682
t 42 684 683
t 42 685 684
t 42 686 685
t 42 687 686
t 42 688 687
t 42 689 688
t 42 690 689
t 42 691 690
t 42 692 691
t 42 693 692
t 42 694 693
t 42 559 694
t 559 695 694
t 559 560 695
t 560 696 695
t 560 561 696
t 561 697 696
t 561 562 697
t 562 698 697
t 562 563 698
t 563 699 698
t 563 564 699
t 564 700 699
t 564 565 700
t 565 701 700
t 565 566 701
t 566 702 701
t 566 567 702
t 567 703 702
t 567 568 703
t 568 704 703
t 568 569 704
t 569 705 704
t 569 570 705
t 570 706 705
t 570 571 706
t 571 707 706
t 571 572 707
t 572 708 707
t 572 573 708
t 573 709 708
t 573 574 709
t 574 710 709
t 574 575 710
t 575 711 710
t 575 576 711
t 576 712 711
t 576 577 712
t 577 713 712
t 577 578 713
t 578 714 713
t 578 579 714
t 579 715 714
t 579 580 715
t 580 716 715
t 580 581 716
t 581 717 716
t 581 582 717
t 582 718 717
t 582 583 718
t 583 719 718
t 583 584 719
t 584 720 719
t 584 585 720
t 585 721 720
t 585 586 721
t 586 722 721
t 586 587 722
t 587 723 722
t 587 588 723
t 588 724 723
t 588 589 724
t 589 725 724
t 589 590 725
t 590 726 725
t 590 591 726
t 591 727 726
t 591 592 727
t 592 728 727
t 592 593 728
t 593 729 728
t 593 594 729
t 594 730 729
t 594 595 730
t 595 731 730
t 595 596 731
t 596 732 731
t 596 597 732
t 597 733 732
t 597 598 733
t 598 734 733
t 598 599 734
t 599 735 734
t 599 600 735
t 600 736 735
t 600 601 736
t 601 737 736
t 601 602 737
t 602 738 737
t 602 603 738
t 603 739 738
t 603 604 739
t 604 740 739
t 604 605 740
t 605 741 740
t 605 606 741
t 606 742 741
t 606 607 742
t 607 743 742
t 607 608 743
t 608 744 743
t 608 609 744
t 609 745 744
t 609 610 745
t 610 746 745
t 610 611 746
t 611 747 746
t 611 612 747
t 612 748 747
t 612 613 748
t 613 749 748
t 613 614 749
t 614 750 749
t 614 615 750
t 615 751 750
t 615 616 751
t 616 752 751
t 616 617 752
t 617 753 752
t 617 618 753
t 618 754 753
t 618 619 754
t 619 755 754
t 619 620 755
t 620 756 755
t 620 621 756
t 621 757 756
t 621 622 757
t 622 758 757
t 622 623 758
t 623 759 758
t 623 624 759
t 624 760 759
t 624 625 760
t 625 761 760
t 625 626 761
t 626 762 761
t 626 627 762
t 627 763 762
t 627 628 763
t 628 764 763
t 628 629 764
t 629 765 764
t 629 630 765
t 630 766 765
t 630 631 766
t 631 767 766
t 631 632 767
t 632 768 767
t 632 633 768
t 633 769 768
t 633 634 769
t 634 770 769
t 634 635 770
t 635 771 770
t 635 636 771
t 636 772 771
t 636 637 772
t 637 773 772
t 637 638 773
t 638 774 773
t 638 639 774
t 639 775 774
t 639 640 775
t 640 776 775
t 640 641 776
t 641 777 776
t 641 642 777
t 642 778 777
t 642 643 778
t 643 779 778
t 643 644 779
t 644 780 779
t 644 645 780
t 645 781 780
t 645 646 781
t 646 782 781
t 646 647 782
t 647 783 782
t 647 648 783
t 648 784 783
t 648 649 784
t 649 785 784
t 649 650 785
t 650 786 785
t 650 651 786
t 651 787 786
t 651 652 787
t 652 788 787
t 652 653 788
t 653 789 788
t 653 654 789
t 654 790 789
t 654 655 790
t 655 791 790
t 655 656 791
t 656 792 791
t 656 657 792
t 657 793 792
t 657 658 793
t 658 794 793
t 658 659 794
t 659 795 794
t 659 660 795
t 660 796 795
t 660 661 796
t 661 797 796
t 661 662 797
t 662 798 797
t 662 663 798
t 663 799 798
t 663 664 799
t 664 800 799
t 664 665 800
t 665 801 800
t 665 666 801
t 666 802 801
t 666 667 802
t 667 803 802
t 667 668 803
t 668 804 803
t 668 669 804
t 669 805 804
t 669 670 805
t 670 806 805
t 670 671 806
t 671 807 806
t 671 672 807
t 672 808 807
t 672 673 808
t 673 809 808
t 673 674 809
t 674 113 809
t 674 675 113
t 675 676 113
t 676 677 113
t 677 678 113
t 678 679 113
t 679 100 113
t 28 26 27
t 28 25 26
t 28 24 25
t 28 23 24
t 28 22 23
t 28 21 22
t 28 20 21
t 28 19 20
t 28 18 19
t 28 17 18
t 28 16 17
t 28 15 16
t 28 14 15
t 113 114 115
t 113 115 116
t 113 116 117
t 113 117 118
t 113 118 119
t 113 119 120
t 113 120 121
t 113 121 122
t 113 122 123
t 113 123 124
t 113 124 125
t 113 125 126
t 113 126 127
t 28 810 14
t 28 811 810
t 28 812 811
t 28 813 812
t 28 814 813
t 28 815 814
t 28 816 815
t 28 817 816
t 28 818 817
t 28 819 818
t 28 820 819
t 28 821 820
t 28 822 821
t 28 823 822
t 28 824 823
t 28 680 824
t 680 825 824
t 680 681 825
t 681 826 825
t 681 682 826
t 682 827 826
t 682 683 827
t 683 828 827
t 683 684 828
t 684 829 828
t 684 685 829
t 685 830 829
t 685 686 830
t 686 831 830
t 686 687 831
t 687 832 831
t 687 688 832
t 688 833 832
t 688 689 833
t 689 834 833
t 689 690 834
t 690 835 834
t 690 691 835
t 691 836 835
t 691 692 836
t 692 837 836
t 692 693 837
t 693 838 837
t 693 694 838
t 694 839 838
t 694 695 839
t 695 840 839
t 695 696 840
t 696 841 840
t 696 697 841
t 697 842 841
t 697 698 842
t 698 843 842
t 698 699 843
t 699 844 843
t 699 700 844
t 700 845 844
t 700 701 845
t 701 846 845
t 701 702 846
t 702 847 846
t 702 703 847
t 703 848 847
t 703 704 848
t 704 849 848
t 704 705 849
t 705 850 849
t 705 706 850
t 706 851 850
t 706 707 851
t 707 852 851
t 707 708 852
t 708 853 852
t 708 709 853
t 709 854 853
t 709 710 854
t 710 855 854
t 710 711 855
t 711 856 855
t 711 712 856
t 712 857 856
t 712 713 857
t 713 858 857
t 713 714 858
t 714 859 858
t 714 715 859
t 715 860 859
t 715 716 860
t 716 861 860
t 716 717 861
t 717 862 861
t 717 718 862
t 718 863 862
t 718 719 863
t 719 864 863
t 719 720 864
t 720 865 864
t 720 721 865
t 721 866 865
t 721 722 866
t 722 867 866
t 722 723 867
t 723 868 867
t 723 724 868
t 724 869 868
t 724 725 869
t 725 870 869
t 725 726 870
t 726 871 870
t 726 727 871
t 727 872 871
t 727 728 872
t 728 873 872
t 728 729 873
t 729 874 873
t 729 730 874
t 730 875 874
t 730 731 875
t 731 876 875
t 731 732 876
t 732 877 876
t 732 733 877
t 733 878 877
t 733 734 878
t 734 879 878
t 734 735 879
t 735 880 879
t 735 736 880
t 736 881 880
t 736 737 881
t 737 882 881
t 737 738 882
t 738 883 882
t 738 739 883
t 739 884 883
t 739 740 884
t 740 885 884
t 740 741 885
t 741 886 885
t 741 742 886
t 742 887 886
t 742 743 887
t 743 888 887
t 743 744 888
t 744 889 888
t 744 745 889
t 745 890 889
t 745 746 890
t 746 891 890
t 746 747 891
t 747 892 891
t 747 748 892
t 748 893 892
t 748 749 893
t 749 894 893
t 749 750 894
t 750 895 894
t 750 751 895
t 751 896 895
t 751 752 896
t 752 897 896
t 752 753 897
t 753 898 897
t 753 754 898
t 754 899 898
t 754 755 899
t 755 900 899
t 755 756 900
t 756 901 900
t 756 757 901
t 757 902 901
t 757 758 902
t 758 903 902
t 758 759 903
t 759 904 903
t 759 760 904
t 760 905 904
t 760 761 905
t 761 906 905
t 761 762 906
t 762 907 906
t 762 763 907
t 763 908 907
t 763 764 908
t 764 909 908
t 764 765 909
t 765 910 909
t 765 766 910
t 766 911 910
t 766 767 911
t 767 912 911
t 767 768 912
t 768 913 912
t 768 769 913
t 769 914 913
t 769 770 914
t 770 915 914
t 770 771 915
t 771 916 915
t 771 772 916
t 772 917 916
t 772 773 917
t 773 918 917
t 773 774 918
t 774 919 918
t 774 775 919
t 775 920 919
t 775 776 920
t 776 921 920
t 776 777 921
t 777 922 921
t 777 778 922
t 778 923 922
t 778 779 923
t 779 924 923
t 779 780 924
t 780 925 924
t 780 781 925
t 781 926 925
t 781 782 926
t 782 927 926
t 782 783 927
t 783 928 927
t 783 784 928
t 784 929 928
t 784 785 929
t 785 930 929
t 785 786 930
t 786 931 930
t 786 787 931
t 787 932 931
t 787 788 932
t 788 933 932
t 788 789 933
t 789 934 933
t 789 790 934
t 790 935 934
t 790 791 935
t 791 936 935
t 791 792 936
t 792 937 936
t 792 793 937
t 793 938 937
t 793 794 938
t 794 939 938
t 794 795 939
t 795 940 939
t 795 796 940
t 796 941 940
t 796 797 941
t 797 942 941
t 797 798 942
t 798 943 942
t 798 799 943
t 799 944 943
t 799 800 944
t 800 945 944
t 800 801 945
t 801 946 945
t 801 802 946
t 802 947 946
t 802 803 947
t 803 948 947
t 803 804 948
t 804 949 948
t 804 805 949
t 805 950 949
t 805 806 950
t 806 951 950
t 806 807 951
t 807 952 951
t 807 808 952
t 808 953 952
t 808 809 953
t 809 954 953
t 809 113 954
t 113 955 954
t 113 956 955
t 113 957 956
t 113 958 957
t 113 959 958
t 113 960 959
t 113 961 960
t 113 962 961
t 113 963 962
t 113 964 963
t 113 965 964
t 113 966 965
t 113 967 966
t 113 968 967
t 113 127 968
t 14 12 13
t 14 11 12
t 14 10 11
t 14 9 10
t 14 8 9
t 14 7 8
t 14 6 7
t 14 5 6
t 14 4 5
t 14 3 4
t 14 2 3
t 14 1 2
t 14 0 1
t 127 128 129
t 127 129 130
t 127 130 131
t 127 131 132
t 127 132 133
t 127 133 134
t 127 134 135
t 127 135 136
t 127 136 137
t 127 137 138
t 127 138 139
t 127 139 140
t 127 140 141
t 127 141 142
t 127 142 143
t 127 143 144
t 127 144 145
t 127 145 146
t 127 146 147
t 127 147 148
t 127 148 149
t 127 149 150
t 127 150 151
t 127 151 152
t 127 152 153
t 127 153 154
t 127 154 155
t 127 155 156
t 127 156 157
t 127 157 158
t 127 158 159
t 127 159 160
t 127 160 161
t 127 161 162
t 127 162 163
t 127 163 164
t 127 164 165
t 127 165 166
t 127 166 167
t 127 167 168
t 127 168 169
t 127 169 170
t 127 170 171
t 127 171 172
t 127 172 173
t 127 173 174
t 127 174 175
t 127 175 176
t 127 176 177
t 127 177 178
t 127 178 179
t 127 179 180
t 127 180 181
t 127 181 182
t 127 182 183
t 127 183 184
t 127 184 185
t 127 185 186
t 127 186 187
t 127 187 188
t 127 188 189
t 127 189 190
t 127 190 191
t 127 191 192
t 127 192 193
t 127 193 194
t 127 194 195
t 127 195 0
t 14 810 0
t 810 811 0
t 811 812 0
t 812 813 0
t 813 814 0
t 814 815 0
t 815 816 0
t 816 817 0
t 817 818 0
t 818 819 0
t 819 820 0
t 820 821 0
t 821 822 0
t 822 823 0
t 823 824 0
t 824 825 0
t 825 826 0
t 826 827 0
t 827 828 0
t 828 829 0
t 829 830 0
t 830 831 0
t 831 832 0
t 832 833 0
t 833 834 0
t 834 835 0
t 835 836 0
t 836 837 0
t 837 838 0
t 838 839 0
t 839 840 0
t 840 841 0
t 841 842 0
t 842 843 0
t 843 844 0
t 844 845 0
t 845 846 0
t 846 847 0
t 847 848 0
t 848 849 0
t 849 850 0
t 850 851 0
t 851 852 0
t 852 853 0
t 853 854 0
t 854 855 0
t 855 856 0
t 856 857 0
t 857 858 0
t 858 859 0
t 859 860 0
t 860 861 0
t 861 862 0
t 862 863 0
t 863 864 0
t 864 865 0
t 865 866 0
t 866 867 0
t 867 868 0
t 868 869 0
t 869 870 0
t 870 871 0
t 871 872 0
t 872 873 0
t 873 874 0
t 874 875 0
t 875 876 0
t 876 877 0
t 877 878 0
t 878 879 0
t 879 880 0
t 880 881 0
t 881 882 0
t 882 883 0
t 883 884 0
t 884 885 0
t 885 886 0
t 886 887 0
t 887 888 0
t 888 889 0
t 889 890 0
t 890 891 0
t 891 892 0
t 892 893 0
t 893 894 0
t 894 895 0
t 895 896 0
t 896 897 0
t 897 898 0
t 898 899 0
t 899 900 0
t 900 901 0
t 901 902 0
t 902 903 0
t 903 904 0
t 904 905 0
t 905 906 0
t 906 907 0
t 907 908 0
t 908 909 0
t 909 910 0
t 910 911 0
t 911 912 0
t 912 913 0
t 913 914 0
t 914 915 0
t 915 916 0
t 916 917 0
t 917 918 0
t 918 919 0
t 919 920 0
t 920 921 0
t 921 922 0
t 922 923 0
t 923 924 0
t 924 925 0
t 925 926 0
t 926 927 0
t 927 928 0
t 928 929 0
t 929 930 0
t 930 931 0
t 931 932 0
t 932 933 0
t 933 934 0
t 934 935 0
t 935 936 0
t 936 937 0
t 937 938 0
t 938 939 0
t 939 940 0
t 940 941 0
t 941 942 0
t 942 943 0
t 943 944 0
t 944 945 0
t 945 946 0
t 946 947 0
t 947 948 0
t 948 949 0
t 949 950 0
t 950 951 0
t 951 952 0
t 952 953 0
t 953 954 0
t 954 955 0
t 955 956 0
t 956 957 0
t 957 958 0
t 958 959 0
t 959 960 0
t 960 961 0
t 961 962 0
t 962 963 0
t 963 964 0
t 964 965 0
t 965 966 0
t 966 967 0
t 967 968 0
t 968 127 0
