type=Nurbs forward=true n_boundary=196 n_holes=0 n_interior=84 n_tris=2440 label=brep47598_f248_Nurbs(deg=3/3, cps=4x15)
boundary
b 0.558900544 0.000132232
b 0.566013615 0.000131541
b 0.573134047 0.000129506
b 0.580262673 0.000126310
b 0.587400317 0.000122129
b 0.594547803 0.000117138
b 0.601705952 0.000111502
b 0.608875586 0.000105386
b 0.616057528 0.000098946
b 0.623252605 0.000092333
b 0.630461651 0.000085697
b 0.637685507 0.000079178
b 0.644925021 0.000072915
b 0.652181056 0.000067040
b 0.659454485 0.000061680
b 0.666746197 0.000056960
b 0.674057100 0.000052998
b 0.681388118 0.000049908
b 0.688740197 0.000047791
b 0.696114289 0.000046631
b 0.703511346 0.000046341
b 0.710932315 0.000046836
b 0.718378149 0.000048032
b 0.725849803 0.000049848
b 0.733348236 0.000052207
b 0.740874419 0.000055033
b 0.748429327 0.000058253
b 0.756013951 0.000061796
b 0.763629292 0.000065593
b 0.771276371 0.000069578
b 0.778956223 0.000073686
b 0.786669904 0.000077857
b 0.794418493 0.000082030
b 0.802203094 0.000086146
b 0.810024837 0.000090151
b 0.817884882 0.000093990
b 0.825784422 0.000097612
b 0.833724684 0.000100993
b 0.841706914 0.000104154
b 0.849732372 0.000107119
b 0.857802328 0.000109910
b 0.865918069 0.000112549
b 0.874080898 0.000115057
b 0.882292136 0.000117455
b 0.890553128 0.000119763
b 0.898865243 0.000122000
b 0.907229875 0.000124185
b 0.915648450 0.000126336
b 0.924122424 0.000128471
b 0.932653290 0.000130608
b 0.941242578 0.000132762
b 0.949891860 0.000134950
b 0.958602753 0.000137188
b 0.967376919 0.000139490
b 0.976216076 0.000141873
b 0.976232675 0.018388861
b 0.976259828 0.037063703
b 0.976272398 0.056225460
b 0.976257640 0.075938959
b 0.976215892 0.096275132
b 0.976166181 0.117283062
b 0.976142918 0.138916872
b 0.976158518 0.161109030
b 0.976196929 0.183794334
b 0.976215395 0.206911187
b 0.976182164 0.230388212
b 0.976145404 0.254112158
b 0.976142587 0.277957442
b 0.976176342 0.301796793
b 0.976217247 0.325502182
b 0.976232974 0.348958831
b 0.976230615 0.372118663
b 0.976222780 0.394949701
b 0.976217439 0.417418389
b 0.976217577 0.439489872
b 0.976220081 0.461136529
b 0.976220403 0.482363733
b 0.976217866 0.503184165
b 0.976214137 0.523608916
b 0.976212688 0.543647586
b 0.976215611 0.563308689
b 0.976216587 0.582601452
b 0.976214757 0.601537879
b 0.976212745 0.620129633
b 0.976213916 0.638386870
b 0.976220393 0.656316687
b 0.976227123 0.673918260
b 0.976227636 0.691189785
b 0.976223627 0.708134744
b 0.976217224 0.724756372
b 0.976209229 0.741056779
b 0.976203727 0.757039051
b 0.976203973 0.772705206
b 0.976209454 0.788058639
b 0.976215273 0.803108408
b 0.976217084 0.817863908
b 0.976215192 0.832337308
b 0.976212227 0.846539896
b 0.976211687 0.860481047
b 0.976213903 0.874170306
b 0.976215405 0.887619145
b 0.976214078 0.900841314
b 0.976210640 0.913849941
b 0.976208532 0.926656616
b 0.976212668 0.939271756
b 0.976220806 0.951708801
b 0.976225918 0.963984492
b 0.976224992 0.976115073
b 0.976219723 0.988115633
b 0.976216076 1.000000000
b 0.941073592 1.000000000
b 0.906901227 1.000000000
b 0.873600047 1.000000000
b 0.841079175 1.000000000
b 0.809254705 1.000000000
b 0.778048756 1.000000000
b 0.747388642 1.000000000
b 0.717206140 1.000000000
b 0.687436840 1.000000000
b 0.658019559 1.000000000
b 0.628895812 1.000000000
b 0.600009329 1.000000000
b 0.571305604 1.000000000
b 0.542731477 1.000000000
b 0.514234734 1.000000000
b 0.485763722 1.000000000
b 0.457266976 1.000000000
b 0.428692843 1.000000000
b 0.399989110 1.000000000
b 0.371102615 1.000000000
b 0.341978854 1.000000000
b 0.312561555 1.000000000
b 0.282792234 1.000000000
b 0.252609708 1.000000000
b 0.221949567 1.000000000
b 0.190743586 1.000000000
b 0.158919081 1.000000000
b 0.126398169 1.000000000
b 0.093096944 1.000000000
b 0.058924529 1.000000000
b 0.023781989 1.000000000
b 0.024102744 0.986854872
b 0.025058645 0.973543293
b 0.026651693 0.960074469
b 0.028885459 0.946457400
b 0.031765080 0.932700509
b 0.035295640 0.918797998
b 0.039479125 0.904723499
b 0.044314621 0.890448520
b 0.049798384 0.875945433
b 0.055923677 0.861189256
b 0.062681115 0.846165593
b 0.070061696 0.830863971
b 0.078056366 0.815274161
b 0.086653960 0.799387265
b 0.095834400 0.783194478
b 0.105562290 0.766686495
b 0.115803902 0.749852764
b 0.126535128 0.732675782
b 0.137730965 0.715138324
b 0.149360932 0.697234416
b 0.161391655 0.678965431
b 0.173790904 0.660333071
b 0.186538980 0.641339020
b 0.199631609 0.621972279
b 0.213087713 0.602183224
b 0.226926339 0.581912197
b 0.241162159 0.561096656
b 0.255805010 0.539679816
b 0.270783767 0.517708475
b 0.285953141 0.495327592
b 0.301178642 0.472687806
b 0.316337057 0.449939838
b 0.331320227 0.427223442
b 0.346065639 0.404621187
b 0.360528030 0.382196198
b 0.374662286 0.360015313
b 0.388422286 0.338149007
b 0.401773452 0.316641700
b 0.414698789 0.295495136
b 0.427174016 0.274713747
b 0.439170800 0.254304880
b 0.450662456 0.234274284
b 0.461644646 0.214608112
b 0.472124104 0.195281683
b 0.482104711 0.176268024
b 0.491581363 0.157533750
b 0.500545587 0.139052966
b 0.508982412 0.120823162
b 0.516876122 0.102844247
b 0.524211002 0.085114746
b 0.530965361 0.067636056
b 0.537116536 0.050408450
b 0.542648401 0.033424199
b 0.547545776 0.016670806
b 0.551793997 0.000131390
interior
i 0.619088494 0.125040549
i 0.738149795 0.125040549
i 0.857211097 0.125040549
i 0.500027193 0.250034756
i 0.619088494 0.250034756
i 0.738149795 0.250034756
i 0.857211097 0.250034756
i 0.380965892 0.375028963
i 0.500027193 0.375028963
i 0.619088494 0.375028963
i 0.738149795 0.375028963
i 0.857211097 0.375028963
i 0.380965892 0.500023171
i 0.500027193 0.500023171
i 0.619088494 0.500023171
i 0.738149795 0.500023171
i 0.857211097 0.500023171
i 0.261904591 0.625017378
i 0.380965892 0.625017378
i 0.500027193 0.625017378
i 0.619088494 0.625017378
i 0.738149795 0.625017378
i 0.857211097 0.625017378
i 0.142843290 0.750011585
i 0.261904591 0.750011585
i 0.380965892 0.750011585
i 0.500027193 0.750011585
i 0.619088494 0.750011585
i 0.738149795 0.750011585
i 0.857211097 0.750011585
i 0.142843290 0.875005793
i 0.261904591 0.875005793
i 0.380965892 0.875005793
i 0.500027193 0.875005793
i 0.619088494 0.875005793
i 0.738149795 0.875005793
i 0.857211097 0.875005793
i 0.083312640 0.812508689
i 0.083312640 0.937502896
i 0.202373941 0.687514482
i 0.202373941 0.812508689
i 0.202373941 0.937502896
i 0.321435242 0.562520274
i 0.321435242 0.687514482
i 0.321435242 0.812508689
i 0.321435242 0.937502896
i 0.440496543 0.312531860
i 0.440496543 0.437526067
i 0.440496543 0.562520274
i 0.440496543 0.687514482
i 0.440496543 0.812508689
i 0.440496543 0.937502896
i 0.559557844 0.062543445
i 0.559557844 0.187537652
i 0.559557844 0.312531860
i 0.559557844 0.437526067
i 0.559557844 0.562520274
i 0.559557844 0.687514482
i 0.559557844 0.812508689
i 0.559557844 0.937502896
i 0.678619145 0.062543445
i 0.678619145 0.187537652
i 0.678619145 0.312531860
i 0.678619145 0.437526067
i 0.678619145 0.562520274
i 0.678619145 0.687514482
i 0.678619145 0.812508689
i 0.678619145 0.937502896
i 0.797680446 0.062543445
i 0.797680446 0.187537652
i 0.797680446 0.312531860
i 0.797680446 0.437526067
i 0.797680446 0.562520274
i 0.797680446 0.687514482
i 0.797680446 0.812508689
i 0.797680446 0.937502896
i 0.916741747 0.062543445
i 0.916741747 0.187537652
i 0.916741747 0.312531860
i 0.916741747 0.437526067
i 0.916741747 0.562520274
i 0.916741747 0.687514482
i 0.916741747 0.812508689
i 0.916741747 0.937502896
tris
t 195 0 280
t 0 1 280
t 1 2 280
t 2 3 280
t 3 4 280
t 4 5 280
t 5 6 280
t 6 7 280
t 7 8 280
t 8 9 280
t 9 10 280
t 10 11 280
t 11 12 280
t 12 13 280
t 13 306 280
t 13 14 306
t 14 307 306
t 14 15 307
t 15 308 307
t 15 16 308
t 16 309 308
t 16 17 309
t 17 310 309
t 17 311 310
t 17 18 311
t 18 312 311
t 18 19 312
t 19 313 312
t 19 20 313
t 20 314 313
t 20 21 314
t 21 315 314
t 21 316 315
t 21 22 316
t 22 317 316
t 22 23 317
t 23 318 317
t 23 24 318
t 24 319 318
t 24 25 319
t 25 320 319
t 25 321 320
t 25 26 321
t 26 322 321
t 26 27 322
t 27 323 322
t 27 28 323
t 28 324 323
t 28 29 324
t 29 325 324
t 29 326 325
t 29 30 326
t 30 327 326
t 30 31 327
t 31 328 327
t 31 32 328
t 32 329 328
t 32 33 329
t 33 330 329
t 33 331 330
t 33 34 331
t 34 332 331
t 34 35 332
t 35 333 332
t 35 36 333
t 36 334 333
t 36 37 334
t 37 335 334
t 37 336 335
t 37 38 336
t 38 337 336
t 38 39 337
t 39 338 337
t 39 40 338
t 40 339 338
t 40 41 339
t 41 340 339
t 41 281 340
t 41 42 281
t 42 43 281
t 43 44 281
t 44 45 281
t 45 46 281
t 46 47 281
t 47 48 281
t 48 49 281
t 49 50 281
t 50 51 281
t 51 52 281
t 52 53 281
t 53 54 281
t 195 280 194
t 194 280 193
t 193 280 192
t 192 280 191
t 191 280 190
t 190 280 189
t 189 280 282
t 54 55 281
t 55 56 281
t 56 57 281
t 57 58 281
t 58 59 281
t 59 283 281
t 280 341 282
t 280 342 341
t 280 343 342
t 280 344 343
t 280 345 344
t 280 346 345
t 280 347 346
t 280 348 347
t 280 349 348
t 280 350 349
t 280 351 350
t 280 352 351
t 280 353 352
t 280 354 353
t 280 306 354
t 306 355 354
t 306 307 355
t 307 356 355
t 307 308 356
t 308 357 356
t 308 309 357
t 309 358 357
t 309 310 358
t 310 359 358
t 310 311 359
t 311 360 359
t 311 312 360
t 312 361 360
t 312 313 361
t 313 362 361
t 313 314 362
t 314 363 362
t 314 315 363
t 315 364 363
t 315 316 364
t 316 365 364
t 316 317 365
t 317 366 365
t 317 318 366
t 318 367 366
t 318 319 367
t 319 368 367
t 319 320 368
t 320 369 368
t 320 321 369
t 321 370 369
t 321 322 370
t 322 371 370
t 322 323 371
t 323 372 371
t 323 324 372
t 324 373 372
t 324 325 373
t 325 374 373
t 325 326 374
t 326 375 374
t 326 327 375
t 327 376 375
t 327 328 376
t 328 377 376
t 328 329 377
t 329 378 377
t 329 330 378
t 330 379 378
t 330 331 379
t 331 380 379
t 331 332 380
t 332 381 380
t 332 333 381
t 333 382 381
t 333 334 382
t 334 383 382
t 334 335 383
t 335 384 383
t 335 336 384
t 336 385 384
t 336 337 385
t 337 386 385
t 337 338 386
t 338 387 386
t 338 339 387
t 339 388 387
t 339 340 388
t 340 389 388
t 340 281 389
t 281 390 389
t 281 391 390
t 281 392 391
t 281 393 392
t 281 394 393
t 281 395 394
t 281 396 395
t 281 397 396
t 281 283 397
t 189 282 188
t 188 282 187
t 187 282 186
t 186 282 284
t 59 60 283
t 60 61 283
t 61 62 283
t 62 285 283
t 282 398 284
t 282 399 398
t 282 400 399
t 282 401 400
t 282 402 401
t 282 341 402
t 341 403 402
t 341 342 403
t 342 404 403
t 342 343 404
t 343 405 404
t 343 344 405
t 344 406 405
t 344 345 406
t 345 407 406
t 345 346 407
t 346 408 407
t 346 347 408
t 347 409 408
t 347 348 409
t 348 410 409
t 348 349 410
t 349 411 410
t 349 350 411
t 350 412 411
t 350 351 412
t 351 413 412
t 351 352 413
t 352 414 413
t 352 353 414
t 353 415 414
t 353 354 415
t 354 416 415
t 354 355 416
t 355 417 416
t 355 356 417
t 356 418 417
t 356 357 418
t 357 419 418
t 357 358 419
t 358 420 419
t 358 359 420
t 359 421 420
t 359 360 421
t 360 422 421
t 360 361 422
t 361 423 422
t 361 362 423
t 362 424 423
t 362 363 424
t 363 425 424
t 363 364 425
t 364 426 425
t 364 365 426
t 365 427 426
t 365 366 427
t 366 428 427
t 366 367 428
t 367 429 428
t 367 368 429
t 368 430 429
t 368 369 430
t 369 431 430
t 369 370 431
t 370 432 431
t 370 371 432
t 371 433 432
t 371 372 433
t 372 434 433
t 372 373 434
t 373 435 434
t 373 374 435
t 374 436 435
t 374 375 436
t 375 437 436
t 375 376 437
t 376 438 437
t 376 377 438
t 377 439 438
t 377 378 439
t 378 440 439
t 378 379 440
t 379 441 440
t 379 380 441
t 380 442 441
t 380 381 442
t 381 443 442
t 381 382 443
t 382 444 443
t 382 383 444
t 383 445 444
t 383 384 445
t 384 446 445
t 384 385 446
t 385 447 446
t 385 386 447
t 386 448 447
t 386 387 448
t 387 449 448
t 387 388 449
t 388 450 449
t 388 389 450
t 389 451 450
t 389 390 451
t 390 452 451
t 390 391 452
t 391 453 452
t 391 392 453
t 392 454 453
t 392 393 454
t 393 455 454
t 393 394 455
t 394 456 455
t 394 395 456
t 395 457 456
t 395 396 457
t 396 458 457
t 396 397 458
t 397 459 458
t 397 285 459
t 397 283 285
t 186 284 185
t 185 284 184
t 184 284 183
t 183 284 182
t 182 284 286
t 62 63 285
t 63 64 285
t 64 65 285
t 65 287 285
t 284 460 286
t 284 461 460
t 284 462 461
t 284 463 462
t 284 398 463
t 398 464 463
t 398 399 464
t 399 465 464
t 399 400 465
t 400 466 465
t 400 401 466
t 401 467 466
t 401 402 467
t 402 468 467
t 402 403 468
t 403 469 468
t 403 404 469
t 404 470 469
t 404 405 470
t 405 471 470
t 405 406 471
t 406 472 471
t 406 407 472
t 407 473 472
t 407 408 473
t 408 474 473
t 408 409 474
t 409 475 474
t 409 410 475
t 410 476 475
t 410 411 476
t 411 477 476
t 411 412 477
t 412 478 477
t 412 413 478
t 413 479 478
t 413 414 479
t 414 480 479
t 414 415 480
t 415 481 480
t 415 416 481
t 416 482 481
t 416 417 482
t 417 483 482
t 417 418 483
t 418 484 483
t 418 419 484
t 419 485 484
t 419 420 485
t 420 486 485
t 420 421 486
t 421 487 486
t 421 422 487
t 422 488 487
t 422 423 488
t 423 489 488
t 423 424 489
t 424 490 489
t 424 425 490
t 425 491 490
t 425 426 491
t 426 492 491
t 426 427 492
t 427 493 492
t 427 428 493
t 428 494 493
t 428 429 494
t 429 495 494
t 429 430 495
t 430 496 495
t 430 431 496
t 431 497 496
t 431 432 497
t 432 498 497
t 432 433 498
t 433 499 498
t 433 434 499
t 434 500 499
t 434 435 500
t 435 501 500
t 435 436 501
t 436 502 501
t 436 437 502
t 437 503 502
t 437 438 503
t 438 504 503
t 438 439 504
t 439 505 504
t 439 440 505
t 440 506 505
t 440 441 506
t 441 507 506
t 441 442 507
t 442 508 507
t 442 443 508
t 443 509 508
t 443 444 509
t 444 510 509
t 444 445 510
t 445 511 510
t 445 446 511
t 446 512 511
t 446 447 512
t 447 513 512
t 447 448 513
t 448 514 513
t 448 449 514
t 449 515 514
t 449 450 515
t 450 516 515
t 450 451 516
t 451 517 516
t 451 452 517
t 452 518 517
t 452 453 518
t 453 519 518
t 453 454 519
t 454 520 519
t 454 455 520
t 455 521 520
t 455 456 521
t 456 522 521
t 456 287 522
t 456 457 287
t 457 458 287
t 458 459 287
t 459 285 287
t 182 286 181
t 181 286 180
t 180 286 179
t 179 286 178
t 178 286 177
t 177 286 176
t 176 286 288
t 65 66 287
t 66 67 287
t 67 68 287
t 68 69 287
t 69 70 287
t 70 289 287
t 286 523 288
t 286 524 523
t 286 525 524
t 286 526 525
t 286 527 526
t 286 528 527
t 286 529 528
t 286 530 529
t 286 531 530
t 286 532 531
t 286 533 532
t 286 534 533
t 286 460 534
t 460 535 534
t 460 461 535
t 461 536 535
t 461 462 536
t 462 537 536
t 462 463 537
t 463 538 537
t 463 464 538
t 464 539 538
t 464 465 539
t 465 540 539
t 465 466 540
t 466 541 540
t 466 467 541
t 467 542 541
t 467 468 542
t 468 543 542
t 468 469 543
t 469 544 543
t 469 470 544
t 470 545 544
t 470 471 545
t 471 546 545
t 471 472 546
t 472 547 546
t 472 473 547
t 473 548 547
t 473 474 548
t 474 549 548
t 474 475 549
t 475 550 549
t 475 476 550
t 476 551 550
t 476 477 551
t 477 552 551
t 477 478 552
t 478 553 552
t 478 479 553
t 479 554 553
t 479 480 554
t 480 555 554
t 480 481 555
t 481 556 555
t 481 482 556
t 482 557 556
t 482 483 557
t 483 558 557
t 483 484 558
t 484 559 558
t 484 485 559
t 485 560 559
t 485 486 560
t 486 561 560
t 486 487 561
t 487 562 561
t 487 488 562
t 488 563 562
t 488 489 563
t 489 564 563
t 489 490 564
t 490 565 564
t 490 491 565
t 491 566 565
t 491 492 566
t 492 567 566
t 492 493 567
t 493 568 567
t 493 494 568
t 494 569 568
t 494 495 569
t 495 570 569
t 495 496 570
t 496 571 570
t 496 497 571
t 497 572 571
t 497 498 572
t 498 573 572
t 498 499 573
t 499 574 573
t 499 500 574
t 500 575 574
t 500 501 575
t 501 576 575
t 501 502 576
t 502 577 576
t 502 503 577
t 503 578 577
t 503 504 578
t 504 579 578
t 504 505 579
t 505 580 579
t 505 506 580
t 506 581 580
t 506 507 581
t 507 582 581
t 507 508 582
t 508 583 582
t 508 509 583
t 509 584 583
t 509 510 584
t 510 585 584
t 510 511 585
t 511 586 585
t 511 512 586
t 512 587 586
t 512 513 587
t 513 588 587
t 513 514 588
t 514 589 588
t 514 515 589
t 515 590 589
t 515 516 590
t 516 591 590
t 516 517 591
t 517 592 591
t 517 518 592
t 518 593 592
t 518 519 593
t 519 594 593
t 519 520 594
t 520 595 594
t 520 521 595
t 521 596 595
t 521 522 596
t 522 597 596
t 522 287 597
t 287 598 597
t 287 599 598
t 287 289 599
t 176 288 175
t 175 288 174
t 174 288 173
t 173 288 290
t 70 71 289
t 71 72 289
t 72 73 289
t 73 291 289
t 288 600 290
t 288 601 600
t 288 602 601
t 288 603 602
t 288 604 603
t 288 605 604
t 288 523 605
t 523 606 605
t 523 524 606
t 524 607 606
t 524 525 607
t 525 608 607
t 525 526 608
t 526 609 608
t 526 527 609
t 527 610 609
t 527 528 610
t 528 611 610
t 528 529 611
t 529 612 611
t 529 530 612
t 530 613 612
t 530 531 613
t 531 614 613
t 531 532 614
t 532 615 614
t 532 533 615
t 533 616 615
t 533 534 616
t 534 617 616
t 534 535 617
t 535 618 617
t 535 536 618
t 536 619 618
t 536 537 619
t 537 620 619
t 537 538 620
t 538 621 620
t 538 539 621
t 539 622 621
t 539 540 622
t 540 623 622
t 540 541 623
t 541 624 623
t 541 542 624
t 542 625 624
t 542 543 625
t 543 626 625
t 543 544 626
t 544 627 626
t 544 545 627
t 545 628 627
t 545 546 628
t 546 629 628
t 546 547 629
t 547 630 629
t 547 548 630
t 548 631 630
t 548 549 631
t 549 632 631
t 549 550 632
t 550 633 632
t 550 551 633
t 551 634 633
t 551 552 634
t 552 635 634
t 552 553 635
t 553 636 635
t 553 554 636
t 554 637 636
t 554 555 637
t 555 638 637
t 555 556 638
t 556 639 638
t 556 557 639
t 557 640 639
t 557 558 640
t 558 641 640
t 558 559 641
t 559 642 641
t 559 560 642
t 560 643 642
t 560 561 643
t 561 644 643
t 561 562 644
t 562 645 644
t 562 563 645
t 563 646 645
t 563 564 646
t 564 647 646
t 564 565 647
t 565 648 647
t 565 566 648
t 566 649 648
t 566 567 649
t 567 650 649
t 567 568 650
t 568 651 650
t 568 569 651
t 569 652 651
t 569 570 652
t 570 653 652
t 570 571 653
t 571 654 653
t 571 572 654
t 572 655 654
t 572 573 655
t 573 656 655
t 573 574 656
t 574 657 656
t 574 575 657
t 575 658 657
t 575 576 658
t 576 659 658
t 576 577 659
t 577 660 659
t 577 578 660
t 578 661 660
t 578 579 661
t 579 662 661
t 579 580 662
t 580 663 662
t 580 581 663
t 581 664 663
t 581 582 664
t 582 665 664
t 582 583 665
t 583 666 665
t 583 584 666
t 584 667 666
t 584 585 667
t 585 668 667
t 585 586 668
t 586 669 668
t 586 587 669
t 587 670 669
t 587 588 670
t 588 671 670
t 588 589 671
t 589 672 671
t 589 590 672
t 590 673 672
t 590 591 673
t 591 674 673
t 591 592 674
t 592 675 674
t 592 593 675
t 593 676 675
t 593 594 676
t 594 677 676
t 594 595 677
t 595 678 677
t 595 596 678
t 596 679 678
t 596 597 679
t 597 680 679
t 597 598 680
t 598 681 680
t 598 599 681
t 599 682 681
t 599 291 682
t 599 289 291
t 173 290 172
t 172 290 171
t 171 290 170
t 170 290 292
t 73 74 291
t 74 75 291
t 75 76 291
t 76 293 291
t 290 683 292
t 290 684 683
t 290 685 684
t 290 686 685
t 290 600 686
t 600 687 686
t 600 601 687
t 601 688 687
t 601 602 688
t 602 689 688
t 602 603 689
t 603 690 689
t 603 604 690
t 604 691 690
t 604 605 691
t 605 692 691
t 605 606 692
t 606 693 692
t 606 607 693
t 607 694 693
t 607 608 694
t 608 695 694
t 608 609 695
t 609 696 695
t 609 610 696
t 610 697 696
t 610 611 697
t 611 698 697
t 611 612 698
t 612 699 698
t 612 613 699
t 613 700 699
t 613 614 700
t 614 701 700
t 614 615 701
t 615 702 701
t 615 616 702
t 616 703 702
t 616 617 703
t 617 704 703
t 617 618 704
t 618 705 704
t 618 619 705
t 619 706 705
t 619 620 706
t 620 707 706
t 620 621 707
t 621 708 707
t 621 622 708
t 622 709 708
t 622 623 709
t 623 710 709
t 623 624 710
t 624 711 710
t 624 625 711
t 625 712 711
t 625 626 712
t 626 713 712
t 626 627 713
t 627 714 713
t 627 628 714
t 628 715 714
t 628 629 715
t 629 716 715
t 629 630 716
t 630 717 716
t 630 631 717
t 631 718 717
t 631 632 718
t 632 719 718
t 632 633 719
t 633 720 719
t 633 634 720
t 634 721 720
t 634 635 721
t 635 722 721
t 635 636 722
t 636 723 722
t 636 637 723
t 637 724 723
t 637 638 724
t 638 725 724
t 638 639 725
t 639 726 725
t 639 640 726
t 640 727 726
t 640 641 727
t 641 728 727
t 641 642 728
t 642 729 728
t 642 643 729
t 643 730 729
t 643 644 730
t 644 731 730
t 644 645 731
t 645 732 731
t 645 646 732
t 646 733 732
t 646 647 733
t 647 734 733
t 647 648 734
t 648 735 734
t 648 649 735
t 649 736 735
t 649 650 736
t 650 737 736
t 650 651 737
t 651 738 737
t 651 652 738
t 652 739 738
t 652 653 739
t 653 740 739
t 653 654 740
t 654 741 740
t 654 655 741
t 655 742 741
t 655 656 742
t 656 743 742
t 656 657 743
t 657 744 743
t 657 658 744
t 658 745 744
t 658 659 745
t 659 746 745
t 659 660 746
t 660 747 746
t 660 661 747
t 661 748 747
t 661 662 748
t 662 749 748
t 662 663 749
t 663 750 749
t 663 664 750
t 664 751 750
t 664 665 751
t 665 752 751
t 665 666 752
t 666 753 752
t 666 667 753
t 667 754 753
t 667 668 754
t 668 755 754
t 668 669 755
t 669 756 755
t 669 670 756
t 670 757 756
t 670 671 757
t 671 758 757
t 671 672 758
t 672 759 758
t 672 673 759
t 673 760 759
t 673 674 760
t 674 761 760
t 674 675 761
t 675 762 761
t 675 676 762
t 676 763 762
t 676 677 763
t 677 764 763
t 677 678 764
t 678 765 764
t 678 679 765
t 679 766 765
t 679 680 766
t 680 767 766
t 680 681 767
t 681 768 767
t 681 682 768
t 682 769 768
t 682 291 769
t 291 293 769
t 170 292 169
t 169 292 168
t 168 292 167
t 167 292 294
t 76 77 293
t 77 78 293
t 78 79 293
t 79 295 293
t 292 770 294
t 292 771 770
t 292 772 771
t 292 773 772
t 292 774 773
t 292 683 774
t 683 775 774
t 683 684 775
t 684 776 775
t 684 685 776
t 685 777 776
t 685 686 777
t 686 778 777
t 686 687 778
t 687 779 778
t 687 688 779
t 688 780 779
t 688 689 780
t 689 781 780
t 689 690 781
t 690 782 781
t 690 691 782
t 691 783 782
t 691 692 783
t 692 784 783
t 692 693 784
t 693 785 784
t 693 694 785
t 694 786 785
t 694 695 786
t 695 787 786
t 695 696 787
t 696 788 787
t 696 697 788
t 697 789 788
t 697 698 789
t 698 790 789
t 698 699 790
t 699 791 790
t 699 700 791
t 700 792 791
t 700 701 792
t 701 793 792
t 701 702 793
t 702 794 793
t 702 703 794
t 703 795 794
t 703 704 795
t 704 796 795
t 704 705 796
t 705 797 796
t 705 706 797
t 706 798 797
t 706 707 798
t 707 799 798
t 707 708 799
t 708 800 799
t 708 709 800
t 709 801 800
t 709 710 801
t 710 802 801
t 710 711 802
t 711 803 802
t 711 712 803
t 712 804 803
t 712 713 804
t 713 805 804
t 713 714 805
t 714 806 805
t 714 715 806
t 715 807 806
t 715 716 807
t 716 808 807
t 716 717 808
t 717 809 808
t 717 718 809
t 718 810 809
t 718 719 810
t 719 811 810
t 719 720 811
t 720 812 811
t 720 721 812
t 721 813 812
t 721 722 813
t 722 814 813
t 722 723 814
t 723 815 814
t 723 724 815
t 724 816 815
t 724 725 816
t 725 817 816
t 725 726 817
t 726 818 817
t 726 727 818
t 727 819 818
t 727 728 819
t 728 820 819
t 728 729 820
t 729 821 820
t 729 730 821
t 730 822 821
t 730 731 822
t 731 823 822
t 731 732 823
t 732 824 823
t 732 733 824
t 733 825 824
t 733 734 825
t 734 826 825
t 734 735 826
t 735 827 826
t 735 736 827
t 736 828 827
t 736 737 828
t 737 829 828
t 737 738 829
t 738 830 829
t 738 739 830
t 739 831 830
t 739 740 831
t 740 832 831
t 740 741 832
t 741 833 832
t 741 742 833
t 742 834 833
t 742 743 834
t 743 835 834
t 743 744 835
t 744 836 835
t 744 745 836
t 745 837 836
t 745 746 837
t 746 838 837
t 746 747 838
t 747 839 838
t 747 748 839
t 748 840 839
t 748 749 840
t 749 841 840
t 749 750 841
t 750 842 841
t 750 751 842
t 751 843 842
t 751 752 843
t 752 844 843
t 752 753 844
t 753 845 844
t 753 754 845
t 754 846 845
t 754 755 846
t 755 847 846
t 755 756 847
t 756 848 847
t 756 757 848
t 757 849 848
t 757 758 849
t 758 850 849
t 758 759 850
t 759 851 850
t 759 760 851
t 760 852 851
t 760 761 852
t 761 853 852
t 761 762 853
t 762 854 853
t 762 763 854
t 763 855 854
t 763 764 855
t 764 856 855
t 764 765 856
t 765 857 856
t 765 766 857
t 766 858 857
t 766 767 858
t 767 859 858
t 767 768 859
t 768 860 859
t 768 769 860
t 769 861 860
t 769 293 861
t 293 295 861
t 167 294 166
t 166 294 165
t 165 294 164
t 164 294 296
t 79 80 295
t 80 81 295
t 81 82 295
t 82 83 295
t 83 297 295
t 294 862 296
t 294 863 862
t 294 864 863
t 294 865 864
t 294 770 865
t 770 866 865
t 770 771 866
t 771 867 866
t 771 772 867
t 772 868 867
t 772 773 868
t 773 869 868
t 773 774 869
t 774 870 869
t 774 775 870
t 775 871 870
t 775 776 871
t 776 872 871
t 776 777 872
t 777 873 872
t 777 778 873
t 778 874 873
t 778 779 874
t 779 875 874
t 779 780 875
t 780 876 875
t 780 781 876
t 781 877 876
t 781 782 877
t 782 878 877
t 782 783 878
t 783 879 878
t 783 784 879
t 784 880 879
t 784 785 880
t 785 881 880
t 785 786 881
t 786 882 881
t 786 787 882
t 787 883 882
t 787 788 883
t 788 884 883
t 788 789 884
t 789 885 884
t 789 790 885
t 790 886 885
t 790 791 886
t 791 887 886
t 791 792 887
t 792 888 887
t 792 793 888
t 793 889 888
t 793 794 889
t 794 890 889
t 794 795 890
t 795 891 890
t 795 796 891
t 796 892 891
t 796 797 892
t 797 893 892
t 797 798 893
t 798 894 893
t 798 799 894
t 799 895 894
t 799 800 895
t 800 896 895
t 800 801 896
t 801 897 896
t 801 802 897
t 802 898 897
t 802 803 898
t 803 899 898
t 803 804 899
t 804 900 899
t 804 805 900
t 805 901 900
t 805 806 901
t 806 902 901
t 806 807 902
t 807 903 902
t 807 808 903
t 808 904 903
t 808 809 904
t 809 905 904
t 809 810 905
t 810 906 905
t 810 811 906
t 811 907 906
t 811 812 907
t 812 908 907
t 812 813 908
t 813 909 908
t 813 814 909
t 814 910 909
t 814 815 910
t 815 911 910
t 815 816 911
t 816 912 911
t 816 817 912
t 817 913 912
t 817 818 913
t 818 914 913
t 818 819 914
t 819 915 914
t 819 820 915
t 820 916 915
t 820 821 916
t 821 917 916
t 821 822 917
t 822 918 917
t 822 823 918
t 823 919 918
t 823 824 919
t 824 920 919
t 824 825 920
t 825 921 920
t 825 826 921
t 826 922 921
t 826 827 922
t 827 923 922
t 827 828 923
t 828 924 923
t 828 829 924
t 829 925 924
t 829 830 925
t 830 926 925
t 830 831 926
t 831 927 926
t 831 832 927
t 832 928 927
t 832 833 928
t 833 929 928
t 833 834 929
t 834 930 929
t 834 835 930
t 835 931 930
t 835 836 931
t 836 932 931
t 836 837 932
t 837 933 932
t 837 838 933
t 838 934 933
t 838 839 934
t 839 935 934
t 839 840 935
t 840 936 935
t 840 841 936
t 841 937 936
t 841 842 937
t 842 938 937
t 842 843 938
t 843 939 938
t 843 844 939
t 844 940 939
t 844 845 940
t 845 941 940
t 845 846 941
t 846 942 941
t 846 847 942
t 847 943 942
t 847 848 943
t 848 944 943
t 848 849 944
t 849 945 944
t 849 850 945
t 850 946 945
t 850 851 946
t 851 947 946
t 851 852 947
t 852 948 947
t 852 853 948
t 853 949 948
t 853 854 949
t 854 950 949
t 854 855 950
t 855 951 950
t 855 856 951
t 856 952 951
t 856 857 952
t 857 953 952
t 857 858 953
t 858 954 953
t 858 859 954
t 859 955 954
t 859 860 955
t 860 956 955
t 860 861 956
t 861 957 956
t 861 295 957
t 295 297 957
t 164 296 163
t 163 296 162
t 162 296 161
t 161 296 160
t 160 296 159
t 159 296 158
t 158 296 157
t 157 296 298
t 83 84 297
t 84 85 297
t 85 86 297
t 86 87 297
t 87 88 297
t 88 89 297
t 89 90 297
t 90 299 297
t 296 958 298
t 296 959 958
t 296 960 959
t 296 961 960
t 296 962 961
t 296 963 962
t 296 964 963
t 296 965 964
t 296 966 965
t 296 862 966
t 862 967 966
t 862 863 967
t 863 968 967
t 863 864 968
t 864 969 968
t 864 865 969
t 865 970 969
t 865 866 970
t 866 971 970
t 866 867 971
t 867 972 971
t 867 868 972
t 868 973 972
t 868 869 973
t 869 974 973
t 869 870 974
t 870 975 974
t 870 871 975
t 871 976 975
t 871 872 976
t 872 977 976
t 872 873 977
t 873 978 977
t 873 874 978
t 874 979 978
t 874 875 979
t 875 980 979
t 875 876 980
t 876 981 980
t 876 877 981
t 877 982 981
t 877 878 982
t 878 983 982
t 878 879 983
t 879 984 983
t 879 880 984
t 880 985 984
t 880 881 985
t 881 986 985
t 881 882 986
t 882 987 986
t 882 883 987
t 883 988 987
t 883 884 988
t 884 989 988
t 884 885 989
t 885 990 989
t 885 886 990
t 886 991 990
t 886 887 991
t 887 992 991
t 887 888 992
t 888 993 992
t 888 889 993
t 889 994 993
t 889 890 994
t 890 995 994
t 890 891 995
t 891 996 995
t 891 892 996
t 892 997 996
t 892 893 997
t 893 998 997
t 893 894 998
t 894 999 998
t 894 895 999
t 895 1000 999
t 895 896 1000
t 896 1001 1000
t 896 897 1001
t 897 1002 1001
t 897 898 1002
t 898 1003 1002
t 898 899 1003
t 899 1004 1003
t 899 900 1004
t 900 1005 1004
t 900 901 1005
t 901 1006 1005
t 901 902 1006
t 902 1007 1006
t 902 903 1007
t 903 1008 1007
t 903 904 1008
t 904 1009 1008
t 904 905 1009
t 905 1010 1009
t 905 906 1010
t 906 1011 1010
t 906 907 1011
t 907 1012 1011
t 907 908 1012
t 908 1013 1012
t 908 909 1013
t 909 1014 1013
t 909 910 1014
t 910 1015 1014
t 910 911 1015
t 911 1016 1015
t 911 912 1016
t 912 1017 1016
t 912 913 1017
t 913 1018 1017
t 913 914 1018
t 914 1019 1018
t 914 915 1019
t 915 1020 1019
t 915 916 1020
t 916 1021 1020
t 916 917 1021
t 917 1022 1021
t 917 918 1022
t 918 1023 1022
t 918 919 1023
t 919 1024 1023
t 919 920 1024
t 920 1025 1024
t 920 921 1025
t 921 1026 1025
t 921 922 1026
t 922 1027 1026
t 922 923 1027
t 923 1028 1027
t 923 924 1028
t 924 1029 1028
t 924 925 1029
t 925 1030 1029
t 925 926 1030
t 926 1031 1030
t 926 927 1031
t 927 1032 1031
t 927 928 1032
t 928 1033 1032
t 928 929 1033
t 929 1034 1033
t 929 930 1034
t 930 1035 1034
t 930 931 1035
t 931 1036 1035
t 931 932 1036
t 932 1037 1036
t 932 933 1037
t 933 1038 1037
t 933 934 1038
t 934 1039 1038
t 934 935 1039
t 935 1040 1039
t 935 936 1040
t 936 1041 1040
t 936 937 1041
t 937 1042 1041
t 937 938 1042
t 938 1043 1042
t 938 939 1043
t 939 1044 1043
t 939 940 1044
t 940 1045 1044
t 940 941 1045
t 941 1046 1045
t 941 942 1046
t 942 1047 1046
t 942 943 1047
t 943 1048 1047
t 943 944 1048
t 944 1049 1048
t 944 945 1049
t 945 1050 1049
t 945 946 1050
t 946 1051 1050
t 946 947 1051
t 947 1052 1051
t 947 948 1052
t 948 1053 1052
t 948 949 1053
t 949 1054 1053
t 949 950 1054
t 950 1055 1054
t 950 951 1055
t 951 1056 1055
t 951 952 1056
t 952 1057 1056
t 952 953 1057
t 953 1058 1057
t 953 954 1058
t 954 1059 1058
t 954 955 1059
t 955 1060 1059
t 955 956 1060
t 956 1061 1060
t 956 957 1061
t 957 1062 1061
t 957 299 1062
t 957 297 299
t 157 298 156
t 156 298 155
t 155 298 154
t 154 298 153
t 153 298 300
t 90 91 299
t 91 92 299
t 92 93 299
t 93 94 299
t 94 301 299
t 298 1063 300
t 298 1064 1063
t 298 1065 1064
t 298 1066 1065
t 298 958 1066
t 958 1067 1066
t 958 959 1067
t 959 1068 1067
t 959 960 1068
t 960 1069 1068
t 960 961 1069
t 961 1070 1069
t 961 962 1070
t 962 1071 1070
t 962 963 1071
t 963 1072 1071
t 963 964 1072
t 964 1073 1072
t 964 965 1073
t 965 1074 1073
t 965 966 1074
t 966 1075 1074
t 966 967 1075
t 967 1076 1075
t 967 968 1076
t 968 1077 1076
t 968 969 1077
t 969 1078 1077
t 969 970 1078
t 970 1079 1078
t 970 971 1079
t 971 1080 1079
t 971 972 1080
t 972 1081 1080
t 972 973 1081
t 973 1082 1081
t 973 974 1082
t 974 1083 1082
t 974 975 1083
t 975 1084 1083
t 975 976 1084
t 976 1085 1084
t 976 977 1085
t 977 1086 1085
t 977 978 1086
t 978 1087 1086
t 978 979 1087
t 979 1088 1087
t 979 980 1088
t 980 1089 1088
t 980 981 1089
t 981 1090 1089
t 981 982 1090
t 982 1091 1090
t 982 983 1091
t 983 1092 1091
t 983 984 1092
t 984 1093 1092
t 984 985 1093
t 985 1094 1093
t 985 986 1094
t 986 1095 1094
t 986 987 1095
t 987 1096 1095
t 987 988 1096
t 988 1097 1096
t 988 989 1097
t 989 1098 1097
t 989 990 1098
t 990 1099 1098
t 990 991 1099
t 991 1100 1099
t 991 992 1100
t 992 1101 1100
t 992 993 1101
t 993 1102 1101
t 993 994 1102
t 994 1103 1102
t 994 995 1103
t 995 1104 1103
t 995 996 1104
t 996 1105 1104
t 996 997 1105
t 997 1106 1105
t 997 998 1106
t 998 1107 1106
t 998 999 1107
t 999 1108 1107
t 999 1000 1108
t 1000 1109 1108
t 1000 1001 1109
t 1001 1110 1109
t 1001 1002 1110
t 1002 1111 1110
t 1002 1003 1111
t 1003 1112 1111
t 1003 1004 1112
t 1004 1113 1112
t 1004 1005 1113
t 1005 1114 1113
t 1005 1006 1114
t 1006 1115 1114
t 1006 1007 1115
t 1007 1116 1115
t 1007 1008 1116
t 1008 1117 1116
t 1008 1009 1117
t 1009 1118 1117
t 1009 1010 1118
t 1010 1119 1118
t 1010 1011 1119
t 1011 1120 1119
t 1011 1012 1120
t 1012 1121 1120
t 1012 1013 1121
t 1013 1122 1121
t 1013 1014 1122
t 1014 1123 1122
t 1014 1015 1123
t 1015 1124 1123
t 1015 1016 1124
t 1016 1125 1124
t 1016 1017 1125
t 1017 1126 1125
t 1017 1018 1126
t 1018 1127 1126
t 1018 1019 1127
t 1019 1128 1127
t 1019 1020 1128
t 1020 1129 1128
t 1020 1021 1129
t 1021 1130 1129
t 1021 1022 1130
t 1022 1131 1130
t 1022 1023 1131
t 1023 1132 1131
t 1023 1024 1132
t 1024 1133 1132
t 1024 1025 1133
t 1025 1134 1133
t 1025 1026 1134
t 1026 1135 1134
t 1026 1027 1135
t 1027 1136 1135
t 1027 1028 1136
t 1028 1137 1136
t 1028 1029 1137
t 1029 1138 1137
t 1029 1030 1138
t 1030 1139 1138
t 1030 1031 1139
t 1031 1140 1139
t 1031 1032 1140
t 1032 1141 1140
t 1032 1033 1141
t 1033 1142 1141
t 1033 1034 1142
t 1034 1143 1142
t 1034 1035 1143
t 1035 1144 1143
t 1035 1036 1144
t 1036 1145 1144
t 1036 1037 1145
t 1037 1146 1145
t 1037 1038 1146
t 1038 1147 1146
t 1038 1039 1147
t 1039 1148 1147
t 1039 1040 1148
t 1040 1149 1148
t 1040 1041 1149
t 1041 1150 1149
t 1041 1042 1150
t 1042 1151 1150
t 1042 1043 1151
t 1043 1152 1151
t 1043 1044 1152
t 1044 1153 1152
t 1044 1045 1153
t 1045 1154 1153
t 1045 1046 1154
t 1046 1155 1154
t 1046 1047 1155
t 1047 1156 1155
t 1047 1048 1156
t 1048 1157 1156
t 1048 1049 1157
t 1049 1158 1157
t 1049 1050 1158
t 1050 1159 1158
t 1050 1051 1159
t 1051 1160 1159
t 1051 1052 1160
t 1052 1161 1160
t 1052 1053 1161
t 1053 1162 1161
t 1053 1054 1162
t 1054 1163 1162
t 1054 1055 1163
t 1055 1164 1163
t 1055 1056 1164
t 1056 1165 1164
t 1056 1057 1165
t 1057 1166 1165
t 1057 1058 1166
t 1058 1167 1166
t 1058 1059 1167
t 1059 1168 1167
t 1059 1060 1168
t 1060 1169 1168
t 1060 1061 1169
t 1061 1170 1169
t 1061 1062 1170
t 1062 1171 1170
t 1062 299 1171
t 299 301 1171
t 153 300 152
t 152 300 151
t 151 300 150
t 150 300 149
t 149 300 302
t 94 95 301
t 95 96 301
t 96 97 301
t 97 98 301
t 98 99 301
t 99 303 301
t 300 1172 302
t 300 1173 1172
t 300 1174 1173
t 300 1175 1174
t 300 1063 1175
t 1063 1176 1175
t 1063 1064 1176
t 1064 1177 1176
t 1064 1065 1177
t 1065 1178 1177
t 1065 1066 1178
t 1066 1179 1178
t 1066 1067 1179
t 1067 1180 1179
t 1067 1068 1180
t 1068 1181 1180
t 1068 1069 1181
t 1069 1182 1181
t 1069 1070 1182
t 1070 1183 1182
t 1070 1071 1183
t 1071 1184 1183
t 1071 1072 1184
t 1072 1185 1184
t 1072 1073 1185
t 1073 1186 1185
t 1073 1074 1186
t 1074 1187 1186
t 1074 1075 1187
t 1075 1188 1187
t 1075 1076 1188
t 1076 1189 1188
t 1076 1077 1189
t 1077 1190 1189
t 1077 1078 1190
t 1078 1191 1190
t 1078 1079 1191
t 1079 1192 1191
t 1079 1080 1192
t 1080 1193 1192
t 1080 1081 1193
t 1081 1194 1193
t 1081 1082 1194
t 1082 1195 1194
t 1082 1083 1195
t 1083 1196 1195
t 1083 1084 1196
t 1084 1197 1196
t 1084 1085 1197
t 1085 1198 1197
t 1085 1086 1198
t 1086 1199 1198
t 1086 1087 1199
t 1087 1200 1199
t 1087 1088 1200
t 1088 1201 1200
t 1088 1089 1201
t 1089 1202 1201
t 1089 1090 1202
t 1090 1203 1202
t 1090 1091 1203
t 1091 1204 1203
t 1091 1092 1204
t 1092 1205 1204
t 1092 1093 1205
t 1093 1206 1205
t 1093 1094 1206
t 1094 1207 1206
t 1094 1095 1207
t 1095 1208 1207
t 1095 1096 1208
t 1096 1209 1208
t 1096 1097 1209
t 1097 1210 1209
t 1097 1098 1210
t 1098 1211 1210
t 1098 1099 1211
t 1099 1212 1211
t 1099 1100 1212
t 1100 1213 1212
t 1100 1101 1213
t 1101 1214 1213
t 1101 1102 1214
t 1102 1215 1214
t 1102 1103 1215
t 1103 1216 1215
t 1103 1104 1216
t 1104 1217 1216
t 1104 1105 1217
t 1105 1218 1217
t 1105 1106 1218
t 1106 1219 1218
t 1106 1107 1219
t 1107 1220 1219
t 1107 1108 1220
t 1108 1221 1220
t 1108 1109 1221
t 1109 1222 1221
t 1109 1110 1222
t 1110 1223 1222
t 1110 1111 1223
t 1111 1224 1223
t 1111 1112 1224
t 1112 1225 1224
t 1112 1113 1225
t 1113 1226 1225
t 1113 1114 1226
t 1114 1227 1226
t 1114 1115 1227
t 1115 1228 1227
t 1115 1116 1228
t 1116 1229 1228
t 1116 1117 1229
t 1117 1230 1229
t 1117 1118 1230
t 1118 1231 1230
t 1118 1119 1231
t 1119 1232 1231
t 1119 1120 1232
t 1120 1233 1232
t 1120 1121 1233
t 1121 1234 1233
t 1121 1122 1234
t 1122 1235 1234
t 1122 1123 1235
t 1123 1236 1235
t 1123 1124 1236
t 1124 1237 1236
t 1124 1125 1237
t 1125 1238 1237
t 1125 1126 1238
t 1126 1239 1238
t 1126 1127 1239
t 1127 1240 1239
t 1127 1128 1240
t 1128 1241 1240
t 1128 1129 1241
t 1129 1242 1241
t 1129 1130 1242
t 1130 1243 1242
t 1130 1131 1243
t 1131 1244 1243
t 1131 1132 1244
t 1132 1245 1244
t 1132 1133 1245
t 1133 1246 1245
t 1133 1134 1246
t 1134 1247 1246
t 1134 1135 1247
t 1135 1248 1247
t 1135 1136 1248
t 1136 1249 1248
t 1136 1137 1249
t 1137 1250 1249
t 1137 1138 1250
t 1138 1251 1250
t 1138 1139 1251
t 1139 1252 1251
t 1139 1140 1252
t 1140 1253 1252
t 1140 1141 1253
t 1141 1254 1253
t 1141 1142 1254
t 1142 1255 1254
t 1142 1143 1255
t 1143 1256 1255
t 1143 1144 1256
t 1144 1257 1256
t 1144 1145 1257
t 1145 1258 1257
t 1145 1146 1258
t 1146 1259 1258
t 1146 1147 1259
t 1147 1260 1259
t 1147 1148 1260
t 1148 1261 1260
t 1148 1149 1261
t 1149 1262 1261
t 1149 1150 1262
t 1150 1263 1262
t 1150 1151 1263
t 1151 1264 1263
t 1151 1152 1264
t 1152 1265 1264
t 1152 1153 1265
t 1153 1266 1265
t 1153 1154 1266
t 1154 1267 1266
t 1154 1155 1267
t 1155 1268 1267
t 1155 1156 1268
t 1156 1269 1268
t 1156 1157 1269
t 1157 1270 1269
t 1157 1158 1270
t 1158 1271 1270
t 1158 1159 1271
t 1159 1272 1271
t 1159 1160 1272
t 1160 1273 1272
t 1160 1161 1273
t 1161 1274 1273
t 1161 1162 1274
t 1162 1275 1274
t 1162 1163 1275
t 1163 1276 1275
t 1163 1164 1276
t 1164 1277 1276
t 1164 1165 1277
t 1165 1278 1277
t 1165 1166 1278
t 1166 1279 1278
t 1166 1167 1279
t 1167 1280 1279
t 1167 1168 1280
t 1168 1281 1280
t 1168 1169 1281
t 1169 1282 1281
t 1169 1170 1282
t 1170 1283 1282
t 1170 1171 1283
t 1171 1284 1283
t 1171 301 1284
t 301 1285 1284
t 301 303 1285
t 149 302 148
t 148 302 147
t 147 302 146
t 146 302 145
t 145 302 304
t 99 100 303
t 100 101 303
t 101 102 303
t 102 103 303
t 103 104 303
t 104 305 303
t 302 1286 304
t 302 1287 1286
t 302 1288 1287
t 302 1172 1288
t 1172 1289 1288
t 1172 1173 1289
t 1173 1290 1289
t 1173 1174 1290
t 1174 1291 1290
t 1174 1175 1291
t 1175 1292 1291
t 1175 1176 1292
t 1176 1293 1292
t 1176 1177 1293
t 1177 1294 1293
t 1177 1178 1294
t 1178 1295 1294
t 1178 1179 1295
t 1179 1296 1295
t 1179 1180 1296
t 1180 1297 1296
t 1180 1181 1297
t 1181 1298 1297
t 1181 1182 1298
t 1182 1299 1298
t 1182 1183 1299
t 1183 1300 1299
t 1183 1184 1300
t 1184 1301 1300
t 1184 1185 1301
t 1185 1302 1301
t 1185 1186 1302
t 1186 1303 1302
t 1186 1187 1303
t 1187 1304 1303
t 1187 1188 1304
t 1188 1305 1304
t 1188 1189 1305
t 1189 1306 1305
t 1189 1190 1306
t 1190 1307 1306
t 1190 1191 1307
t 1191 1308 1307
t 1191 1192 1308
t 1192 1309 1308
t 1192 1193 1309
t 1193 1310 1309
t 1193 1194 1310
t 1194 1311 1310
t 1194 1195 1311
t 1195 1312 1311
t 1195 1196 1312
t 1196 1313 1312
t 1196 1197 1313
t 1197 1314 1313
t 1197 1198 1314
t 1198 1315 1314
t 1198 1199 1315
t 1199 1316 1315
t 1199 1200 1316
t 1200 1317 1316
t 1200 1201 1317
t 1201 1318 1317
t 1201 1202 1318
t 1202 1319 1318
t 1202 1203 1319
t 1203 1320 1319
t 1203 1204 1320
t 1204 1321 1320
t 1204 1205 1321
t 1205 1322 1321
t 1205 1206 1322
t 1206 1323 1322
t 1206 1207 1323
t 1207 1324 1323
t 1207 1208 1324
t 1208 1325 1324
t 1208 1209 1325
t 1209 1326 1325
t 1209 1210 1326
t 1210 1327 1326
t 1210 1211 1327
t 1211 1328 1327
t 1211 1212 1328
t 1212 1329 1328
t 1212 1213 1329
t 1213 1330 1329
t 1213 1214 1330
t 1214 1331 1330
t 1214 1215 1331
t 1215 1332 1331
t 1215 1216 1332
t 1216 1333 1332
t 1216 1217 1333
t 1217 1334 1333
t 1217 1218 1334
t 1218 1335 1334
t 1218 1219 1335
t 1219 1336 1335
t 1219 1220 1336
t 1220 1337 1336
t 1220 1221 1337
t 1221 1338 1337
t 1221 1222 1338
t 1222 1339 1338
t 1222 1223 1339
t 1223 1340 1339
t 1223 1224 1340
t 1224 1341 1340
t 1224 1225 1341
t 1225 1342 1341
t 1225 1226 1342
t 1226 1343 1342
t 1226 1227 1343
t 1227 1344 1343
t 1227 1228 1344
t 1228 1345 1344
t 1228 1229 1345
t 1229 1346 1345
t 1229 1230 1346
t 1230 1347 1346
t 1230 1231 1347
t 1231 1348 1347
t 1231 1232 1348
t 1232 1349 1348
t 1232 1233 1349
t 1233 1350 1349
t 1233 1234 1350
t 1234 1351 1350
t 1234 1235 1351
t 1235 1352 1351
t 1235 1236 1352
t 1236 1353 1352
t 1236 1237 1353
t 1237 1354 1353
t 1237 1238 1354
t 1238 1355 1354
t 1238 1239 1355
t 1239 1356 1355
t 1239 1240 1356
t 1240 1357 1356
t 1240 1241 1357
t 1241 1358 1357
t 1241 1242 1358
t 1242 1359 1358
t 1242 1243 1359
t 1243 1360 1359
t 1243 1244 1360
t 1244 1361 1360
t 1244 1245 1361
t 1245 1362 1361
t 1245 1246 1362
t 1246 1363 1362
t 1246 1247 1363
t 1247 1364 1363
t 1247 1248 1364
t 1248 1365 1364
t 1248 1249 1365
t 1249 1366 1365
t 1249 1250 1366
t 1250 1367 1366
t 1250 1251 1367
t 1251 1368 1367
t 1251 1252 1368
t 1252 1369 1368
t 1252 1253 1369
t 1253 1370 1369
t 1253 1254 1370
t 1254 1371 1370
t 1254 1255 1371
t 1255 1372 1371
t 1255 1256 1372
t 1256 1373 1372
t 1256 1257 1373
t 1257 1374 1373
t 1257 1258 1374
t 1258 1375 1374
t 1258 1259 1375
t 1259 1376 1375
t 1259 1260 1376
t 1260 1377 1376
t 1260 1261 1377
t 1261 1378 1377
t 1261 1262 1378
t 1262 1379 1378
t 1262 1263 1379
t 1263 1380 1379
t 1263 1264 1380
t 1264 1381 1380
t 1264 1265 1381
t 1265 1382 1381
t 1265 1266 1382
t 1266 1383 1382
t 1266 1267 1383
t 1267 1384 1383
t 1267 1268 1384
t 1268 1385 1384
t 1268 1269 1385
t 1269 1386 1385
t 1269 1270 1386
t 1270 1387 1386
t 1270 1271 1387
t 1271 1388 1387
t 1271 1272 1388
t 1272 1389 1388
t 1272 1273 1389
t 1273 1390 1389
t 1273 1274 1390
t 1274 1391 1390
t 1274 1275 1391
t 1275 1392 1391
t 1275 1276 1392
t 1276 1393 1392
t 1276 1277 1393
t 1277 1394 1393
t 1277 1278 1394
t 1278 1395 1394
t 1278 1279 1395
t 1279 1396 1395
t 1279 1280 1396
t 1280 1397 1396
t 1280 1281 1397
t 1281 1398 1397
t 1281 1282 1398
t 1282 1399 1398
t 1282 1283 1399
t 1283 1400 1399
t 1283 1284 1400
t 1284 1401 1400
t 1284 1285 1401
t 1285 1402 1401
t 1285 305 1402
t 1285 303 305
t 145 304 144
t 144 304 143
t 143 304 142
t 142 304 141
t 141 304 140
t 104 105 305
t 105 106 305
t 106 107 305
t 107 108 305
t 108 109 305
t 304 139 140
t 304 1286 139
t 1286 138 139
t 1286 1287 138
t 1287 1288 138
t 1288 1289 138
t 1289 1290 138
t 1290 137 138
t 1290 1291 137
t 1291 1292 137
t 1292 1293 137
t 1293 1294 137
t 1294 136 137
t 1294 1295 136
t 1295 1296 136
t 1296 1297 136
t 1297 1298 136
t 1298 135 136
t 1298 1299 135
t 1299 1300 135
t 1300 1301 135
t 1301 134 135
t 1301 1302 134
t 1302 1303 134
t 1303 1304 134
t 1304 133 134
t 1304 1305 133
t 1305 1306 133
t 1306 1307 133
t 1307 132 133
t 1307 1308 132
t 1308 1309 132
t 1309 1310 132
t 1310 131 132
t 1310 1311 131
t 1311 1312 131
t 1312 1313 131
t 1313 130 131
t 1313 1314 130
t 1314 1315 130
t 1315 1316 130
t 1316 129 130
t 1316 1317 129
t 1317 1318 129
t 1318 1319 129
t 1319 128 129
t 1319 1320 128
t 1320 1321 128
t 1321 1322 128
t 1322 1323 128
t 1323 127 128
t 1323 1324 127
t 1324 1325 127
t 1325 1326 127
t 1326 126 127
t 1326 1327 126
t 1327 1328 126
t 1328 1329 126
t 1329 1330 126
t 1330 125 126
t 1330 1331 125
t 1331 1332 125
t 1332 1333 125
t 1333 1334 125
t 1334 124 125
t 1334 1335 124
t 1335 1336 124
t 1336 1337 124
t 1337 1338 124
t 1338 1339 124
t 1339 1340 124
t 1340 123 124
t 1340 1341 123
t 1341 1342 123
t 1342 1343 123
t 1343 1344 123
t 1344 1345 123
t 1345 122 123
t 1345 1346 122
t 1346 1347 122
t 1347 1348 122
t 1348 1349 122
t 1349 1350 122
t 1350 121 122
t 1350 1351 121
t 1351 1352 121
t 1352 1353 121
t 1353 1354 121
t 1354 1355 121
t 1355 120 121
t 1355 1356 120
t 1356 1357 120
t 1357 1358 120
t 1358 1359 120
t 1359 1360 120
t 1360 119 120
t 1360 1361 119
t 1361 1362 119
t 1362 1363 119
t 1363 1364 119
t 1364 1365 119
t 1365 118 119
t 1365 1366 118
t 1366 1367 118
t 1367 1368 118
t 1368 1369 118
t 1369 1370 118
t 1370 117 118
t 1370 1371 117
t 1371 1372 117
t 1372 1373 117
t 1373 1374 117
t 1374 1375 117
t 1375 116 117
t 1375 1376 116
t 1376 1377 116
t 1377 1378 116
t 1378 1379 116
t 1379 1380 116
t 1380 115 116
t 1380 1381 115
t 1381 1382 115
t 1382 1383 115
t 1383 1384 115
t 1384 1385 115
t 1385 114 115
t 1385 1386 114
t 1386 1387 114
t 1387 1388 114
t 1388 1389 114
t 1389 1390 114
t 1390 113 114
t 1390 1391 113
t 1391 1392 113
t 1392 1393 113
t 1393 1394 113
t 1394 1395 113
t 1395 112 113
t 1395 1396 112
t 1396 1397 112
t 1397 1398 112
t 1398 1399 112
t 1399 1400 112
t 1400 111 112
t 1400 1401 111
t 1401 1402 111
t 1402 305 111
t 305 110 111
t 305 109 110
