type=Nurbs forward=false n_boundary=142 n_holes=0 n_interior=113 n_tris=828 label=brep47598_f119_Nurbs(deg=3/3, cps=4x5)
boundary
b 0.080135722 0.877085457
b 0.080135722 0.000000000
b 0.095657867 -0.000006587
b 0.111151400 -0.000011901
b 0.126617487 -0.000016036
b 0.142057278 -0.000019086
b 0.157471907 -0.000021145
b 0.172862498 -0.000022309
b 0.188230160 -0.000022670
b 0.203575992 -0.000022323
b 0.218901087 -0.000021363
b 0.234206529 -0.000019884
b 0.249493395 -0.000017980
b 0.264762761 -0.000015745
b 0.280015698 -0.000013274
b 0.295253276 -0.000010662
b 0.310476566 -0.000008001
b 0.325686641 -0.000005388
b 0.340884576 -0.000002915
b 0.356071451 -0.000000677
b 0.371248351 0.000001237
b 0.386416361 0.000002806
b 0.401576558 0.000004054
b 0.416730003 0.000005005
b 0.431877752 0.000005683
b 0.447020851 0.000006110
b 0.462160340 0.000006312
b 0.477297253 0.000006312
b 0.492432622 0.000006133
b 0.507567476 0.000005800
b 0.522702843 0.000005337
b 0.537839751 0.000004767
b 0.552979233 0.000004114
b 0.568122323 0.000003402
b 0.583270060 0.000002655
b 0.598423492 0.000001896
b 0.613583672 0.000001151
b 0.628751663 0.000000441
b 0.643928542 -0.000000208
b 0.659115393 -0.000000783
b 0.674313302 -0.000001284
b 0.689523351 -0.000001710
b 0.704746616 -0.000002065
b 0.719984169 -0.000002347
b 0.735237082 -0.000002560
b 0.750506427 -0.000002703
b 0.765793275 -0.000002777
b 0.781098703 -0.000002785
b 0.796423790 -0.000002726
b 0.811769620 -0.000002602
b 0.827137285 -0.000002414
b 0.842527888 -0.000002163
b 0.857942538 -0.000001850
b 0.873382358 -0.000001476
b 0.888848485 -0.000001042
b 0.904342069 -0.000000550
b 0.919864278 0.000000000
b 0.919864278 0.015947009
b 0.919864278 0.031894019
b 0.919864278 0.047841028
b 0.919864278 0.063788037
b 0.919864278 0.079735047
b 0.919864278 0.095682056
b 0.919864278 0.111629066
b 0.919864278 0.127576075
b 0.919864278 0.143523084
b 0.919864278 0.159470094
b 0.919864278 0.175417103
b 0.919864278 0.191364112
b 0.919864278 0.207311122
b 0.919864278 0.223258131
b 0.919864278 0.239205140
b 0.919864278 0.255152150
b 0.919864278 0.271099159
b 0.919864278 0.287046169
b 0.919864278 0.302993178
b 0.919864278 0.318940187
b 0.919864278 0.334887197
b 0.919864278 0.350834206
b 0.919864278 0.366781215
b 0.919864278 0.382728225
b 0.919864278 0.398675234
b 0.919864278 0.414622243
b 0.919864278 0.430569253
b 0.919864278 0.446516262
b 0.919864278 0.462463272
b 0.919864278 0.478410281
b 0.919864278 0.494357290
b 0.919864278 0.510304300
b 0.919864278 0.526251309
b 0.919864278 0.542198318
b 0.919864278 0.558145328
b 0.919864278 0.574092337
b 0.919864278 0.590039346
b 0.919864278 0.605986356
b 0.919864278 0.621933365
b 0.919864278 0.637880375
b 0.919864278 0.653827384
b 0.919864278 0.669774393
b 0.919864278 0.685721403
b 0.919864278 0.701668412
b 0.919864278 0.717615421
b 0.919864278 0.733562431
b 0.919864278 0.749509440
b 0.919864278 0.765456449
b 0.919864278 0.781403459
b 0.919864278 0.797350468
b 0.919864278 0.813297478
b 0.919864278 0.829244487
b 0.919864278 0.845191496
b 0.919864278 0.861138506
b 0.919864278 0.877085515
b 0.892344567 0.877085457
b 0.864912148 0.877085457
b 0.837560670 0.877085457
b 0.810283853 0.877085457
b 0.783075485 0.877085457
b 0.755929413 0.877085457
b 0.728839540 0.877085457
b 0.701799820 0.877085457
b 0.674804249 0.877085457
b 0.647846864 0.877085457
b 0.620921732 0.877085457
b 0.594022952 0.877085457
b 0.567144644 0.877085457
b 0.540280946 0.877085457
b 0.513426009 0.877085457
b 0.486573991 0.877085457
b 0.459719054 0.877085457
b 0.432855356 0.877085457
b 0.405977048 0.877085457
b 0.379078268 0.877085457
b 0.352153136 0.877085457
b 0.325195751 0.877085457
b 0.298200180 0.877085457
b 0.271160460 0.877085457
b 0.244070587 0.877085457
b 0.216924515 0.877085457
b 0.189716147 0.877085457
b 0.162439330 0.877085457
b 0.135087852 0.877085457
b 0.107655433 0.877085457
interior
i 0.185101791 0.109615854
i 0.290067861 0.109615854
i 0.395033930 0.109615854
i 0.500000000 0.109615854
i 0.604966070 0.109615854
i 0.709932139 0.109615854
i 0.814898209 0.109615854
i 0.185101791 0.219254377
i 0.290067861 0.219254377
i 0.395033930 0.219254377
i 0.500000000 0.219254377
i 0.604966070 0.219254377
i 0.709932139 0.219254377
i 0.814898209 0.219254377
i 0.185101791 0.328892900
i 0.290067861 0.328892900
i 0.395033930 0.328892900
i 0.500000000 0.328892900
i 0.604966070 0.328892900
i 0.709932139 0.328892900
i 0.814898209 0.328892900
i 0.185101791 0.438531423
i 0.290067861 0.438531423
i 0.395033930 0.438531423
i 0.500000000 0.438531423
i 0.604966070 0.438531423
i 0.709932139 0.438531423
i 0.814898209 0.438531423
i 0.185101791 0.548169946
i 0.290067861 0.548169946
i 0.395033930 0.548169946
i 0.500000000 0.548169946
i 0.604966070 0.548169946
i 0.709932139 0.548169946
i 0.814898209 0.548169946
i 0.185101791 0.657808469
i 0.290067861 0.657808469
i 0.395033930 0.657808469
i 0.500000000 0.657808469
i 0.604966070 0.657808469
i 0.709932139 0.657808469
i 0.814898209 0.657808469
i 0.185101791 0.767446992
i 0.290067861 0.767446992
i 0.395033930 0.767446992
i 0.500000000 0.767446992
i 0.604966070 0.767446992
i 0.709932139 0.767446992
i 0.814898209 0.767446992
i 0.132618756 0.054796592
i 0.132618756 0.164435115
i 0.132618756 0.274073638
i 0.132618756 0.383712161
i 0.132618756 0.493350684
i 0.132618756 0.602989207
i 0.132618756 0.712627730
i 0.132618756 0.822266253
i 0.237584826 0.054796592
i 0.237584826 0.164435115
i 0.237584826 0.274073638
i 0.237584826 0.383712161
i 0.237584826 0.493350684
i 0.237584826 0.602989207
i 0.237584826 0.712627730
i 0.237584826 0.822266253
i 0.342550896 0.054796592
i 0.342550896 0.164435115
i 0.342550896 0.274073638
i 0.342550896 0.383712161
i 0.342550896 0.493350684
i 0.342550896 0.602989207
i 0.342550896 0.712627730
i 0.342550896 0.822266253
i 0.447516965 0.054796592
i 0.447516965 0.164435115
i 0.447516965 0.274073638
i 0.447516965 0.383712161
i 0.447516965 0.493350684
i 0.447516965 0.602989207
i 0.447516965 0.712627730
i 0.447516965 0.822266253
i 0.552483035 0.054796592
i 0.552483035 0.164435115
i 0.552483035 0.274073638
i 0.552483035 0.383712161
i 0.552483035 0.493350684
i 0.552483035 0.602989207
i 0.552483035 0.712627730
i 0.552483035 0.822266253
i 0.657449104 0.054796592
i 0.657449104 0.164435115
i 0.657449104 0.274073638
i 0.657449104 0.383712161
i 0.657449104 0.493350684
i 0.657449104 0.602989207
i 0.657449104 0.712627730
i 0.657449104 0.822266253
i 0.762415174 0.054796592
i 0.762415174 0.164435115
i 0.762415174 0.274073638
i 0.762415174 0.383712161
i 0.762415174 0.493350684
i 0.762415174 0.602989207
i 0.762415174 0.712627730
i 0.762415174 0.822266253
i 0.867381244 0.054796592
i 0.867381244 0.164435115
i 0.867381244 0.274073638
i 0.867381244 0.383712161
i 0.867381244 0.493350684
i 0.867381244 0.602989207
i 0.867381244 0.712627730
i 0.867381244 0.822266253
tris
t 1 2 255
t 2 263 255
t 2 264 263
t 2 3 264
t 3 265 264
t 3 4 265
t 4 266 265
t 4 267 266
t 4 5 267
t 5 268 267
t 5 6 268
t 6 269 268
t 6 270 269
t 6 7 270
t 7 271 270
t 7 8 271
t 8 272 271
t 8 273 272
t 8 9 273
t 9 274 273
t 9 275 274
t 9 10 275
t 10 276 275
t 10 11 276
t 11 277 276
t 11 278 277
t 11 12 278
t 12 279 278
t 12 13 279
t 13 280 279
t 13 281 280
t 13 14 281
t 14 282 281
t 14 15 282
t 15 283 282
t 15 284 283
t 15 16 284
t 16 285 284
t 16 286 285
t 16 17 286
t 17 287 286
t 17 18 287
t 18 288 287
t 18 289 288
t 18 19 289
t 19 290 289
t 19 20 290
t 20 291 290
t 20 292 291
t 20 21 292
t 21 293 292
t 21 22 293
t 22 294 293
t 22 295 294
t 22 23 295
t 23 296 295
t 23 24 296
t 24 297 296
t 24 298 297
t 24 25 298
t 25 299 298
t 25 300 299
t 25 26 300
t 26 301 300
t 26 27 301
t 27 302 301
t 27 303 302
t 27 28 303
t 28 304 303
t 28 29 304
t 29 305 304
t 29 306 305
t 29 30 306
t 30 307 306
t 30 31 307
t 31 308 307
t 31 309 308
t 31 32 309
t 32 310 309
t 32 311 310
t 32 33 311
t 33 312 311
t 33 34 312
t 34 313 312
t 34 314 313
t 34 35 314
t 35 315 314
t 35 36 315
t 36 316 315
t 36 317 316
t 36 37 317
t 37 318 317
t 37 38 318
t 38 319 318
t 38 320 319
t 38 39 320
t 39 321 320
t 39 40 321
t 40 322 321
t 40 323 322
t 40 41 323
t 41 324 323
t 41 325 324
t 41 42 325
t 42 326 325
t 42 43 326
t 43 327 326
t 43 328 327
t 43 44 328
t 44 329 328
t 44 45 329
t 45 330 329
t 45 331 330
t 45 46 331
t 46 332 331
t 46 47 332
t 47 333 332
t 47 334 333
t 47 48 334
t 48 335 334
t 48 336 335
t 48 49 336
t 49 337 336
t 49 50 337
t 50 338 337
t 50 339 338
t 50 51 339
t 51 340 339
t 51 52 340
t 52 341 340
t 52 342 341
t 52 53 342
t 53 343 342
t 53 54 343
t 54 344 343
t 54 345 344
t 54 55 345
t 55 346 345
t 55 256 346
t 55 56 256
t 1 255 257
t 56 57 256
t 57 58 256
t 58 59 256
t 59 60 256
t 60 61 256
t 61 62 256
t 62 63 256
t 63 64 256
t 64 65 256
t 65 66 256
t 66 67 256
t 67 68 256
t 68 69 256
t 69 258 256
t 255 263 257
t 263 347 257
t 263 264 347
t 264 348 347
t 264 265 348
t 265 349 348
t 265 266 349
t 266 350 349
t 266 267 350
t 267 351 350
t 267 268 351
t 268 352 351
t 268 269 352
t 269 353 352
t 269 270 353
t 270 354 353
t 270 271 354
t 271 355 354
t 271 272 355
t 272 356 355
t 272 273 356
t 273 357 356
t 273 274 357
t 274 358 357
t 274 275 358
t 275 359 358
t 275 276 359
t 276 360 359
t 276 277 360
t 277 361 360
t 277 278 361
t 278 362 361
t 278 279 362
t 279 363 362
t 279 280 363
t 280 364 363
t 280 281 364
t 281 365 364
t 281 282 365
t 282 366 365
t 282 283 366
t 283 367 366
t 283 284 367
t 284 368 367
t 284 285 368
t 285 369 368
t 285 286 369
t 286 370 369
t 286 287 370
t 287 371 370
t 287 288 371
t 288 372 371
t 288 289 372
t 289 373 372
t 289 290 373
t 290 374 373
t 290 291 374
t 291 375 374
t 291 292 375
t 292 376 375
t 292 293 376
t 293 377 376
t 293 294 377
t 294 378 377
t 294 295 378
t 295 379 378
t 295 296 379
t 296 380 379
t 296 297 380
t 297 381 380
t 297 298 381
t 298 382 381
t 298 299 382
t 299 383 382
t 299 300 383
t 300 384 383
t 300 301 384
t 301 385 384
t 301 302 385
t 302 386 385
t 302 303 386
t 303 387 386
t 303 304 387
t 304 388 387
t 304 305 388
t 305 389 388
t 305 306 389
t 306 390 389
t 306 307 390
t 307 391 390
t 307 308 391
t 308 392 391
t 308 309 392
t 309 393 392
t 309 310 393
t 310 394 393
t 310 311 394
t 311 395 394
t 311 312 395
t 312 396 395
t 312 313 396
t 313 397 396
t 313 314 397
t 314 398 397
t 314 315 398
t 315 399 398
t 315 316 399
t 316 400 399
t 316 317 400
t 317 401 400
t 317 318 401
t 318 402 401
t 318 319 402
t 319 403 402
t 319 320 403
t 320 404 403
t 320 321 404
t 321 405 404
t 321 322 405
t 322 406 405
t 322 323 406
t 323 407 406
t 323 324 407
t 324 408 407
t 324 325 408
t 325 409 408
t 325 326 409
t 326 410 409
t 326 327 410
t 327 411 410
t 327 328 411
t 328 412 411
t 328 329 412
t 329 413 412
t 329 330 413
t 330 414 413
t 330 331 414
t 331 415 414
t 331 332 415
t 332 416 415
t 332 333 416
t 333 417 416
t 333 334 417
t 334 418 417
t 334 335 418
t 335 419 418
t 335 336 419
t 336 420 419
t 336 337 420
t 337 421 420
t 337 338 421
t 338 422 421
t 338 339 422
t 339 423 422
t 339 340 423
t 340 424 423
t 340 341 424
t 341 425 424
t 341 342 425
t 342 426 425
t 342 343 426
t 343 427 426
t 343 344 427
t 344 428 427
t 344 345 428
t 345 429 428
t 345 346 429
t 346 430 429
t 346 256 430
t 256 258 430
t 1 257 259
t 69 70 258
t 70 71 258
t 71 72 258
t 72 73 258
t 73 74 258
t 74 75 258
t 75 76 258
t 76 77 258
t 77 78 258
t 78 79 258
t 79 80 258
t 80 81 258
t 81 82 258
t 82 83 258
t 83 260 258
t 257 347 259
t 347 431 259
t 347 348 431
t 348 432 431
t 348 349 432
t 349 433 432
t 349 350 433
t 350 434 433
t 350 351 434
t 351 435 434
t 351 352 435
t 352 436 435
t 352 353 436
t 353 437 436
t 353 354 437
t 354 438 437
t 354 355 438
t 355 439 438
t 355 356 439
t 356 440 439
t 356 357 440
t 357 441 440
t 357 358 441
t 358 442 441
t 358 359 442
t 359 443 442
t 359 360 443
t 360 444 443
t 360 361 444
t 361 445 444
t 361 362 445
t 362 446 445
t 362 363 446
t 363 447 446
t 363 364 447
t 364 448 447
t 364 365 448
t 365 449 448
t 365 366 449
t 366 450 449
t 366 367 450
t 367 451 450
t 367 368 451
t 368 452 451
t 368 369 452
t 369 453 452
t 369 370 453
t 370 454 453
t 370 371 454
t 371 455 454
t 371 372 455
t 372 456 455
t 372 373 456
t 373 457 456
t 373 374 457
t 374 458 457
t 374 375 458
t 375 459 458
t 375 376 459
t 376 460 459
t 376 377 460
t 377 461 460
t 377 378 461
t 378 462 461
t 378 379 462
t 379 463 462
t 379 380 463
t 380 464 463
t 380 381 464
t 381 465 464
t 381 382 465
t 382 466 465
t 382 383 466
t 383 467 466
t 383 384 467
t 384 468 467
t 384 385 468
t 385 469 468
t 385 386 469
t 386 470 469
t 386 387 470
t 387 471 470
t 387 388 471
t 388 472 471
t 388 389 472
t 389 473 472
t 389 390 473
t 390 474 473
t 390 391 474
t 391 475 474
t 391 392 475
t 392 476 475
t 392 393 476
t 393 477 476
t 393 394 477
t 394 478 477
t 394 395 478
t 395 479 478
t 395 396 479
t 396 480 479
t 396 397 480
t 397 481 480
t 397 398 481
t 398 482 481
t 398 399 482
t 399 483 482
t 399 400 483
t 400 484 483
t 400 401 484
t 401 485 484
t 401 402 485
t 402 486 485
t 402 403 486
t 403 487 486
t 403 404 487
t 404 488 487
t 404 405 488
t 405 489 488
t 405 406 489
t 406 490 489
t 406 407 490
t 407 491 490
t 407 408 491
t 408 492 491
t 408 409 492
t 409 493 492
t 409 410 493
t 410 494 493
t 410 411 494
t 411 495 494
t 411 412 495
t 412 496 495
t 412 413 496
t 413 497 496
t 413 414 497
t 414 498 497
t 414 415 498
t 415 499 498
t 415 416 499
t 416 500 499
t 416 417 500
t 417 501 500
t 417 418 501
t 418 502 501
t 418 419 502
t 419 503 502
t 419 420 503
t 420 504 503
t 420 421 504
t 421 505 504
t 421 422 505
t 422 506 505
t 422 423 506
t 423 507 506
t 423 424 507
t 424 508 507
t 424 425 508
t 425 509 508
t 425 426 509
t 426 510 509
t 426 427 510
t 427 511 510
t 427 428 511
t 428 512 511
t 428 429 512
t 429 513 512
t 429 430 513
t 430 514 513
t 430 258 514
t 258 260 514
t 1 259 261
t 83 84 260
t 84 85 260
t 85 86 260
t 86 87 260
t 87 88 260
t 88 89 260
t 89 90 260
t 90 91 260
t 91 92 260
t 92 93 260
t 93 94 260
t 94 95 260
t 95 96 260
t 96 97 260
t 97 262 260
t 259 431 261
t 431 515 261
t 431 432 515
t 432 516 515
t 432 433 516
t 433 517 516
t 433 434 517
t 434 518 517
t 434 435 518
t 435 519 518
t 435 436 519
t 436 520 519
t 436 437 520
t 437 521 520
t 437 438 521
t 438 522 521
t 438 439 522
t 439 523 522
t 439 440 523
t 440 524 523
t 440 441 524
t 441 525 524
t 441 442 525
t 442 526 525
t 442 443 526
t 443 527 526
t 443 444 527
t 444 528 527
t 444 445 528
t 445 529 528
t 445 446 529
t 446 530 529
t 446 447 530
t 447 531 530
t 447 448 531
t 448 532 531
t 448 449 532
t 449 533 532
t 449 450 533
t 450 534 533
t 450 451 534
t 451 535 534
t 451 452 535
t 452 536 535
t 452 453 536
t 453 537 536
t 453 454 537
t 454 538 537
t 454 455 538
t 455 539 538
t 455 456 539
t 456 540 539
t 456 457 540
t 457 541 540
t 457 458 541
t 458 542 541
t 458 459 542
t 459 543 542
t 459 460 543
t 460 544 543
t 460 461 544
t 461 545 544
t 461 462 545
t 462 546 545
t 462 463 546
t 463 547 546
t 463 464 547
t 464 548 547
t 464 465 548
t 465 549 548
t 465 466 549
t 466 550 549
t 466 467 550
t 467 551 550
t 467 468 551
t 468 552 551
t 468 469 552
t 469 553 552
t 469 470 553
t 470 554 553
t 470 471 554
t 471 555 554
t 471 472 555
t 472 556 555
t 472 473 556
t 473 557 556
t 473 474 557
t 474 558 557
t 474 475 558
t 475 559 558
t 475 476 559
t 476 560 559
t 476 477 560
t 477 561 560
t 477 478 561
t 478 562 561
t 478 479 562
t 479 563 562
t 479 480 563
t 480 564 563
t 480 481 564
t 481 565 564
t 481 482 565
t 482 566 565
t 482 483 566
t 483 567 566
t 483 484 567
t 484 568 567
t 484 485 568
t 485 569 568
t 485 486 569
t 486 570 569
t 486 487 570
t 487 571 570
t 487 488 571
t 488 572 571
t 488 489 572
t 489 573 572
t 489 490 573
t 490 574 573
t 490 491 574
t 491 575 574
t 491 492 575
t 492 576 575
t 492 493 576
t 493 577 576
t 493 494 577
t 494 578 577
t 494 495 578
t 495 579 578
t 495 496 579
t 496 580 579
t 496 497 580
t 497 581 580
t 497 498 581
t 498 582 581
t 498 499 582
t 499 583 582
t 499 500 583
t 500 584 583
t 500 501 584
t 501 585 584
t 501 502 585
t 502 586 585
t 502 503 586
t 503 587 586
t 503 504 587
t 504 588 587
t 504 505 588
t 505 589 588
t 505 506 589
t 506 590 589
t 506 507 590
t 507 591 590
t 507 508 591
t 508 592 591
t 508 509 592
t 509 593 592
t 509 510 593
t 510 594 593
t 510 511 594
t 511 595 594
t 511 512 595
t 512 596 595
t 512 513 596
t 513 597 596
t 513 514 597
t 514 598 597
t 514 260 598
t 260 262 598
t 1 261 0
t 97 98 262
t 98 99 262
t 99 100 262
t 100 101 262
t 101 102 262
t 102 103 262
t 103 104 262
t 104 105 262
t 105 106 262
t 106 107 262
t 107 108 262
t 108 109 262
t 109 110 262
t 110 111 262
t 261 515 0
t 515 516 0
t 516 141 0
t 516 517 141
t 517 518 141
t 518 519 141
t 519 140 141
t 519 520 140
t 520 521 140
t 521 522 140
t 522 139 140
t 522 523 139
t 523 524 139
t 524 525 139
t 525 138 139
t 525 526 138
t 526 527 138
t 527 137 138
t 527 528 137
t 528 529 137
t 529 530 137
t 530 136 137
t 530 531 136
t 531 532 136
t 532 533 136
t 533 135 136
t 533 534 135
t 534 535 135
t 535 536 135
t 536 134 135
t 536 537 134
t 537 538 134
t 538 133 134
t 538 539 133
t 539 540 133
t 540 541 133
t 541 132 133
t 541 542 132
t 542 543 132
t 543 544 132
t 544 131 132
t 544 545 131
t 545 546 131
t 546 547 131
t 547 130 131
t 547 548 130
t 548 549 130
t 549 550 130
t 550 129 130
t 550 551 129
t 551 552 129
t 552 128 129
t 552 553 128
t 553 554 128
t 554 555 128
t 555 127 128
t 555 556 127
t 556 557 127
t 557 558 127
t 558 126 127
t 558 559 126
t 559 560 126
t 560 561 126
t 561 125 126
t 561 562 125
t 562 563 125
t 563 124 125
t 563 564 124
t 564 565 124
t 565 566 124
t 566 123 124
t 566 567 123
t 567 568 123
t 568 569 123
t 569 122 123
t 569 570 122
t 570 571 122
t 571 572 122
t 572 121 122
t 572 573 121
t 573 574 121
t 574 575 121
t 575 120 121
t 575 576 120
t 576 577 120
t 577 119 120
t 577 578 119
t 578 579 119
t 579 580 119
t 580 118 119
t 580 581 118
t 581 582 118
t 582 583 118
t 583 117 118
t 583 584 117
t 584 585 117
t 585 586 117
t 586 116 117
t 586 587 116
t 587 588 116
t 588 115 116
t 588 589 115
t 589 590 115
t 590 591 115
t 591 114 115
t 591 592 114
t 592 593 114
t 593 594 114
t 594 113 114
t 594 595 113
t 595 596 113
t 596 597 113
t 597 112 113
t 597 598 112
t 598 262 112
t 262 111 112
