type=Nurbs forward=false n_boundary=220 n_holes=0 n_interior=55 n_tris=224 label=brep47598_f231_Nurbs(deg=3/3, cps=6x6)
boundary
b 1.002638794 0.178920157
b 1.002715651 0.203751929
b 1.002791632 0.226853741
b 1.002866751 0.248643967
b 1.002941014 0.269405216
b 1.003014415 0.289339602
b 1.003086941 0.308598157
b 1.003158576 0.327297788
b 1.003229297 0.345531693
b 1.003299075 0.363376089
b 1.003367879 0.380894731
b 1.003435670 0.398142073
b 1.003502408 0.415165542
b 1.003568042 0.432007225
b 1.003632522 0.448705162
b 1.003695786 0.465294364
b 1.003757767 0.481807644
b 1.003818391 0.498276317
b 1.003877568 0.514724015
b 1.003935178 0.531136828
b 1.003991102 0.547488760
b 1.004045234 0.563754874
b 1.004097483 0.579911589
b 1.004147773 0.595936973
b 1.004196045 0.611810984
b 1.004242252 0.627515628
b 1.004286366 0.643035063
b 1.004328371 0.658355631
b 1.004368264 0.673465832
b 1.004406054 0.688356261
b 1.004441759 0.703019492
b 1.004475408 0.717449949
b 1.004507038 0.731643748
b 1.004536688 0.745598532
b 1.004564407 0.759313307
b 1.004590246 0.772788267
b 1.004614258 0.786024644
b 1.004636498 0.799024549
b 1.004657025 0.811790780
b 1.004675894 0.824326672
b 1.004693165 0.836636063
b 1.004708894 0.848723202
b 1.004723138 0.860592658
b 1.004735953 0.872249243
b 1.004747392 0.883697942
b 1.004757508 0.894943858
b 1.004766352 0.905992158
b 1.004773974 0.916848037
b 1.004780422 0.927516680
b 1.004785741 0.938003232
b 1.004789975 0.948312780
b 1.004793167 0.958450327
b 1.004795357 0.968420785
b 1.004796584 0.978228955
b 1.004796886 0.987879525
b 1.004796297 0.997377060
b 0.987079235 0.997377111
b 0.969362170 0.997377161
b 0.951645101 0.997377212
b 0.933928029 0.997377263
b 0.916210954 0.997377313
b 0.898493876 0.997377364
b 0.880776795 0.997377414
b 0.863059710 0.997377465
b 0.845342623 0.997377515
b 0.827625533 0.997377564
b 0.809908439 0.997377614
b 0.792191343 0.997377664
b 0.774474244 0.997377713
b 0.756757141 0.997377762
b 0.739040036 0.997377811
b 0.721322928 0.997377860
b 0.703605817 0.997377908
b 0.685888704 0.997377956
b 0.668171587 0.997378004
b 0.650454467 0.997378051
b 0.632737345 0.997378099
b 0.615020220 0.997378145
b 0.597303091 0.997378192
b 0.579585960 0.997378238
b 0.561868827 0.997378284
b 0.544151690 0.997378329
b 0.526434550 0.997378374
b 0.508717408 0.997378418
b 0.491000263 0.997378463
b 0.473283115 0.997378506
b 0.455565965 0.997378549
b 0.437848812 0.997378592
b 0.420131657 0.997378634
b 0.402414499 0.997378675
b 0.384697340 0.997378716
b 0.366980177 0.997378757
b 0.349263013 0.997378797
b 0.331545846 0.997378836
b 0.313828677 0.997378874
b 0.296111506 0.997378912
b 0.278394333 0.997378950
b 0.260677158 0.997378986
b 0.242959980 0.997379022
b 0.225242800 0.997379057
b 0.207525618 0.997379091
b 0.189808434 0.997379125
b 0.172091248 0.997379158
b 0.154374059 0.997379190
b 0.136656869 0.997379221
b 0.118939676 0.997379251
b 0.101222482 0.997379280
b 0.083505285 0.997379309
b 0.065788086 0.997379336
b 0.048070885 0.997379363
b 0.030353682 0.997379388
b 0.030418010 0.987684637
b 0.030478413 0.977836047
b 0.030535109 0.967829228
b 0.030588325 0.957659690
b 0.030638295 0.947322855
b 0.030685264 0.936814066
b 0.030729483 0.926128607
b 0.030771215 0.915261723
b 0.030810729 0.904208646
b 0.030848304 0.892964627
b 0.030884228 0.881524971
b 0.030918796 0.869885083
b 0.030952311 0.858040524
b 0.030985081 0.845987067
b 0.031017419 0.833720773
b 0.031049644 0.821238067
b 0.031082075 0.808535840
b 0.031115028 0.795611545
b 0.031148817 0.782463233
b 0.031183742 0.769088745
b 0.031220088 0.755486124
b 0.031258132 0.741654361
b 0.031298134 0.727593561
b 0.031340334 0.713305103
b 0.031384945 0.698791796
b 0.031432147 0.684058040
b 0.031482077 0.669109966
b 0.031534828 0.653955561
b 0.031590435 0.638604763
b 0.031648876 0.623069527
b 0.031710058 0.607363830
b 0.031773820 0.591503638
b 0.031839923 0.575506811
b 0.031908053 0.559392950
b 0.031977817 0.543183177
b 0.032048752 0.526899879
b 0.032120322 0.510566405
b 0.032191918 0.494207112
b 0.032262964 0.477826056
b 0.032333029 0.461395434
b 0.032401736 0.444884048
b 0.032468750 0.428259156
b 0.032533770 0.411485774
b 0.032596527 0.394525831
b 0.032656781 0.377337139
b 0.032714320 0.359872078
b 0.032768956 0.342075872
b 0.032820525 0.323884263
b 0.032868886 0.305220274
b 0.032913926 0.285989552
b 0.032955554 0.266073425
b 0.032993714 0.245318109
b 0.033028382 0.223517030
b 0.033059584 0.200379992
b 0.033087413 0.175474722
b 0.050731403 0.173848324
b 0.068373520 0.172375232
b 0.086013853 0.171050254
b 0.103652492 0.169867852
b 0.121289523 0.168822169
b 0.138925032 0.167907041
b 0.156559104 0.167116027
b 0.174191823 0.166442434
b 0.191823273 0.165879343
b 0.209453536 0.165419640
b 0.227082696 0.165056044
b 0.244710836 0.164781136
b 0.262338039 0.164587388
b 0.279964390 0.164467190
b 0.297589975 0.164412876
b 0.315214880 0.164416749
b 0.332839196 0.164471103
b 0.350463013 0.164568243
b 0.368086428 0.164700793
b 0.385709571 0.164864781
b 0.403332578 0.165058383
b 0.420955564 0.165279771
b 0.438578628 0.165527067
b 0.456201847 0.165798351
b 0.473825278 0.166091658
b 0.491448960 0.166404979
b 0.509072909 0.166736240
b 0.526697100 0.167082897
b 0.544321487 0.167442004
b 0.561946033 0.167810658
b 0.579570714 0.168186012
b 0.597195516 0.168565286
b 0.614820438 0.168945765
b 0.632445490 0.169324803
b 0.650070695 0.169699823
b 0.667696087 0.170068321
b 0.685321713 0.170427904
b 0.702947610 0.170778570
b 0.720573787 0.171123921
b 0.738200250 0.171467825
b 0.755827009 0.171814108
b 0.773454072 0.172166543
b 0.791081452 0.172528857
b 0.808709159 0.172904723
b 0.826337207 0.173297758
b 0.843965606 0.173711519
b 0.861594371 0.174149501
b 0.879223511 0.174615131
b 0.896853039 0.175111763
b 0.914482965 0.175642675
b 0.932113296 0.176211062
b 0.949744041 0.176820036
b 0.967375204 0.177472612
b 0.985006789 0.178171713
interior
i 0.152159083 0.268533690
i 0.273964483 0.268533690
i 0.395769884 0.268533690
i 0.517575284 0.268533690
i 0.639380685 0.268533690
i 0.761186085 0.268533690
i 0.882991486 0.268533690
i 0.152159083 0.372654504
i 0.273964483 0.372654504
i 0.395769884 0.372654504
i 0.517575284 0.372654504
i 0.639380685 0.372654504
i 0.761186085 0.372654504
i 0.882991486 0.372654504
i 0.152159083 0.476775318
i 0.273964483 0.476775318
i 0.395769884 0.476775318
i 0.517575284 0.476775318
i 0.639380685 0.476775318
i 0.761186085 0.476775318
i 0.882991486 0.476775318
i 0.152159083 0.580896132
i 0.273964483 0.580896132
i 0.395769884 0.580896132
i 0.517575284 0.580896132
i 0.639380685 0.580896132
i 0.761186085 0.580896132
i 0.882991486 0.580896132
i 0.152159083 0.685016946
i 0.273964483 0.685016946
i 0.395769884 0.685016946
i 0.517575284 0.685016946
i 0.639380685 0.685016946
i 0.761186085 0.685016946
i 0.882991486 0.685016946
i 0.152159083 0.789137760
i 0.273964483 0.789137760
i 0.395769884 0.789137760
i 0.517575284 0.789137760
i 0.639380685 0.789137760
i 0.761186085 0.789137760
i 0.882991486 0.789137760
i 0.152159083 0.893258574
i 0.273964483 0.893258574
i 0.395769884 0.893258574
i 0.517575284 0.893258574
i 0.639380685 0.893258574
i 0.761186085 0.893258574
i 0.882991486 0.893258574
i 0.091256382 0.528835725
i 0.091256382 0.632956539
i 0.091256382 0.737077353
i 0.213061783 0.632956539
i 0.213061783 0.737077353
i 0.334867183 0.632956539
tris
t 165 166 164
t 166 163 164
t 166 162 163
t 166 161 162
t 166 160 161
t 166 159 160
t 166 158 159
t 166 157 158
t 166 156 157
t 166 155 156
t 166 154 155
t 166 153 154
t 166 152 153
t 166 151 152
t 166 150 151
t 166 149 150
t 166 148 149
t 166 147 148
t 166 146 147
t 166 145 146
t 166 144 145
t 166 143 144
t 166 142 143
t 166 141 142
t 166 140 141
t 166 139 140
t 166 138 139
t 166 137 138
t 166 136 137
t 166 135 136
t 166 134 135
t 166 133 134
t 166 132 133
t 166 131 132
t 166 130 131
t 166 129 130
t 166 128 129
t 166 127 128
t 166 126 127
t 166 125 126
t 166 124 125
t 166 123 124
t 166 122 123
t 166 121 122
t 166 120 121
t 166 119 120
t 166 118 119
t 166 117 118
t 166 116 117
t 166 115 116
t 166 114 115
t 166 113 114
t 166 112 113
t 166 111 112
t 166 167 111
t 167 168 111
t 168 169 111
t 169 170 111
t 170 171 111
t 171 172 111
t 172 173 111
t 173 174 111
t 174 175 111
t 175 176 111
t 176 177 111
t 177 178 111
t 178 275 111
t 178 179 275
t 179 180 275
t 180 181 275
t 181 182 275
t 182 183 275
t 183 184 275
t 184 185 275
t 185 186 275
t 186 187 275
t 187 188 275
t 188 189 275
t 189 190 275
t 190 191 275
t 191 192 275
t 192 276 275
t 192 193 276
t 193 194 276
t 194 195 276
t 195 196 276
t 196 197 276
t 197 198 276
t 198 199 276
t 199 200 276
t 200 201 276
t 201 202 276
t 202 203 276
t 203 204 276
t 204 205 276
t 205 206 276
t 206 277 276
t 206 207 277
t 207 208 277
t 208 209 277
t 209 210 277
t 210 211 277
t 211 212 277
t 212 213 277
t 213 214 277
t 214 215 277
t 215 216 277
t 216 217 277
t 217 218 277
t 218 219 277
t 219 54 277
t 219 53 54
t 219 52 53
t 219 51 52
t 219 50 51
t 219 49 50
t 219 48 49
t 219 47 48
t 219 46 47
t 219 45 46
t 219 44 45
t 219 43 44
t 219 42 43
t 219 41 42
t 219 40 41
t 219 39 40
t 219 38 39
t 219 37 38
t 219 36 37
t 219 35 36
t 219 34 35
t 219 33 34
t 219 32 33
t 219 31 32
t 219 30 31
t 219 29 30
t 219 28 29
t 219 27 28
t 219 26 27
t 219 25 26
t 219 24 25
t 219 23 24
t 219 22 23
t 219 21 22
t 219 20 21
t 219 19 20
t 219 18 19
t 219 17 18
t 219 16 17
t 219 15 16
t 219 14 15
t 219 13 14
t 219 12 13
t 219 11 12
t 219 10 11
t 219 9 10
t 219 8 9
t 219 7 8
t 219 6 7
t 219 5 6
t 219 4 5
t 219 3 4
t 219 2 3
t 219 1 2
t 219 0 1
t 111 275 110
t 275 109 110
t 275 108 109
t 275 107 108
t 275 106 107
t 275 105 106
t 275 104 105
t 275 103 104
t 275 102 103
t 275 101 102
t 275 100 101
t 275 99 100
t 275 98 99
t 275 97 98
t 275 96 97
t 275 95 96
t 275 94 95
t 275 93 94
t 275 92 93
t 275 91 92
t 275 90 91
t 275 89 90
t 275 88 89
t 275 87 88
t 275 86 87
t 275 85 86
t 275 84 85
t 275 83 84
t 275 276 83
t 276 82 83
t 276 81 82
t 276 80 81
t 276 79 80
t 276 78 79
t 276 77 78
t 276 76 77
t 276 75 76
t 276 74 75
t 276 73 74
t 276 72 73
t 276 71 72
t 276 70 71
t 276 69 70
t 276 277 69
t 277 68 69
t 277 67 68
t 277 66 67
t 277 65 66
t 277 64 65
t 277 63 64
t 277 62 63
t 277 61 62
t 277 60 61
t 277 59 60
t 277 58 59
t 277 57 58
t 277 56 57
t 277 55 56
t 277 54 55
