type=Nurbs forward=true n_boundary=196 n_holes=0 n_interior=369 n_tris=1228 label=brep47598_f240_Nurbs(deg=3/3, cps=4x9)
boundary
b 0.129898420 0.209712767
b 0.144914862 0.209736773
b 0.159762842 0.209762648
b 0.174456993 0.209790400
b 0.189011593 0.209820037
b 0.203440567 0.209851567
b 0.217757490 0.209884997
b 0.231975592 0.209920333
b 0.246107764 0.209957580
b 0.260166556 0.209996744
b 0.274164189 0.210037829
b 0.288112547 0.210080840
b 0.302023187 0.210125780
b 0.315907311 0.210172652
b 0.329772705 0.210221453
b 0.343620997 0.210272166
b 0.357453131 0.210324773
b 0.371270082 0.210379256
b 0.385072872 0.210435593
b 0.398862588 0.210493762
b 0.412640397 0.210553739
b 0.426407562 0.210615498
b 0.440165461 0.210679013
b 0.453915598 0.210744256
b 0.467659621 0.210811196
b 0.481399342 0.210879803
b 0.495136745 0.210950042
b 0.508874009 0.211021879
b 0.522613396 0.211095266
b 0.536357025 0.211170142
b 0.550106834 0.211246447
b 0.563864598 0.211324115
b 0.577631948 0.211403084
b 0.591410381 0.211483286
b 0.605201285 0.211564656
b 0.619005944 0.211647125
b 0.632825566 0.211730624
b 0.646661290 0.211815084
b 0.660514206 0.211900431
b 0.674385373 0.211986596
b 0.688275833 0.212073505
b 0.702187332 0.212161089
b 0.716127827 0.212249320
b 0.730108699 0.212338191
b 0.744141676 0.212427694
b 0.758238808 0.212517821
b 0.772412466 0.212608563
b 0.786675344 0.212699911
b 0.801040466 0.212791854
b 0.815521184 0.212884383
b 0.830131185 0.212977486
b 0.844884494 0.213071151
b 0.859795477 0.213165367
b 0.874878845 0.213260120
b 0.890149654 0.213355398
b 0.890149330 0.216870329
b 0.890148533 0.220418161
b 0.890147470 0.223998544
b 0.890146318 0.227611145
b 0.890145227 0.231255655
b 0.890144322 0.234931782
b 0.890143702 0.238639260
b 0.890143445 0.242377842
b 0.890143606 0.246147304
b 0.890144221 0.249947444
b 0.890145291 0.253778083
b 0.890146663 0.257639062
b 0.890148089 0.261530253
b 0.890149297 0.265451552
b 0.890150082 0.269403091
b 0.890150412 0.273385437
b 0.890150308 0.277399240
b 0.890149822 0.281445180
b 0.890149043 0.285523970
b 0.890148105 0.289636357
b 0.890147181 0.293783115
b 0.890146490 0.297965049
b 0.890146149 0.302182990
b 0.890146136 0.306437802
b 0.890146460 0.310730378
b 0.890147165 0.315061637
b 0.890148340 0.319432529
b 0.890150106 0.323844021
b 0.890152439 0.328297025
b 0.890155159 0.332792423
b 0.890158107 0.337331160
b 0.890161158 0.341914252
b 0.890164227 0.346542779
b 0.890167210 0.351217887
b 0.890169728 0.355940783
b 0.890171335 0.360712740
b 0.890171605 0.365535099
b 0.890170140 0.370409267
b 0.890166570 0.375336710
b 0.890160550 0.380318957
b 0.890151761 0.385357588
b 0.890140091 0.390454056
b 0.890127010 0.395608266
b 0.890114678 0.400819373
b 0.890105092 0.406086598
b 0.890099470 0.411409240
b 0.890097893 0.416786697
b 0.890100127 0.422218463
b 0.890105701 0.427704133
b 0.890113911 0.433243402
b 0.890123825 0.438836072
b 0.890134286 0.444482046
b 0.890143909 0.450181335
b 0.890151089 0.455934055
b 0.890153994 0.461740428
b 0.864331431 0.461734651
b 0.838771191 0.461734609
b 0.813452204 0.461734566
b 0.788354411 0.461734524
b 0.763458393 0.461734482
b 0.738745311 0.461734441
b 0.714196844 0.461734400
b 0.689795132 0.461734359
b 0.665522723 0.461734320
b 0.641362521 0.461734281
b 0.617297736 0.461734243
b 0.593311840 0.461734206
b 0.569388516 0.461734170
b 0.545511615 0.461734135
b 0.521665114 0.461734101
b 0.497833069 0.461734069
b 0.473999578 0.461734038
b 0.450148733 0.461734007
b 0.426264579 0.461733979
b 0.402331073 0.461733951
b 0.378332039 0.461733926
b 0.354251126 0.461733901
b 0.330071760 0.461733878
b 0.305777099 0.461733857
b 0.281349987 0.461733837
b 0.256772901 0.461733818
b 0.232027901 0.461733801
b 0.207096575 0.461733786
b 0.181959984 0.461733772
b 0.156598597 0.461733760
b 0.130992374 0.461736468
b 0.129780417 0.455770998
b 0.128600028 0.449862189
b 0.127452600 0.444009922
b 0.126339025 0.438214172
b 0.125259774 0.432475014
b 0.124214977 0.426792622
b 0.123204498 0.421167266
b 0.122228006 0.415599317
b 0.121285045 0.410089242
b 0.120375099 0.404637604
b 0.119497806 0.399245067
b 0.118653605 0.393912408
b 0.117843243 0.388640487
b 0.117067588 0.383430234
b 0.116328995 0.378281777
b 0.115631885 0.373193612
b 0.114979746 0.368164094
b 0.114374852 0.363191635
b 0.113818335 0.358274706
b 0.113310245 0.353411847
b 0.112849623 0.348601665
b 0.112434602 0.343842839
b 0.112062944 0.339134115
b 0.111731907 0.334474308
b 0.111437928 0.329862306
b 0.111176671 0.325297070
b 0.110943080 0.320777640
b 0.110731646 0.316303126
b 0.110541042 0.311872587
b 0.110374107 0.307485001
b 0.110233242 0.303139363
b 0.110120234 0.298834700
b 0.110036294 0.294570069
b 0.109982331 0.290344561
b 0.109959081 0.286157303
b 0.109966781 0.282007455
b 0.110005167 0.277894207
b 0.110073500 0.273816783
b 0.110170597 0.269774445
b 0.110294850 0.265766486
b 0.110444256 0.261792239
b 0.110616592 0.257851124
b 0.110810672 0.253943009
b 0.111025906 0.250068011
b 0.111261797 0.246226278
b 0.111518086 0.242417987
b 0.111794516 0.238643343
b 0.112090813 0.234902577
b 0.112406693 0.231195946
b 0.112741871 0.227523733
b 0.113096075 0.223886247
b 0.113469050 0.220283822
b 0.113860570 0.216716816
b 0.114270443 0.213185613
b 0.114698520 0.209690620
interior
i 0.207485647 0.241196846
i 0.305012212 0.241196846
i 0.402538778 0.241196846
i 0.500065343 0.241196846
i 0.597591908 0.241196846
i 0.695118474 0.241196846
i 0.792645039 0.241196846
i 0.207485647 0.272703072
i 0.305012212 0.272703072
i 0.402538778 0.272703072
i 0.500065343 0.272703072
i 0.597591908 0.272703072
i 0.695118474 0.272703072
i 0.792645039 0.272703072
i 0.207485647 0.304209298
i 0.305012212 0.304209298
i 0.402538778 0.304209298
i 0.500065343 0.304209298
i 0.597591908 0.304209298
i 0.695118474 0.304209298
i 0.792645039 0.304209298
i 0.207485647 0.335715524
i 0.305012212 0.335715524
i 0.402538778 0.335715524
i 0.500065343 0.335715524
i 0.597591908 0.335715524
i 0.695118474 0.335715524
i 0.792645039 0.335715524
i 0.207485647 0.367221750
i 0.305012212 0.367221750
i 0.402538778 0.367221750
i 0.500065343 0.367221750
i 0.597591908 0.367221750
i 0.695118474 0.367221750
i 0.792645039 0.367221750
i 0.207485647 0.398727976
i 0.305012212 0.398727976
i 0.402538778 0.398727976
i 0.500065343 0.398727976
i 0.597591908 0.398727976
i 0.695118474 0.398727976
i 0.792645039 0.398727976
i 0.207485647 0.430234202
i 0.305012212 0.430234202
i 0.402538778 0.430234202
i 0.500065343 0.430234202
i 0.597591908 0.430234202
i 0.695118474 0.430234202
i 0.792645039 0.430234202
i 0.158722364 0.225443733
i 0.134340723 0.217567176
i 0.183104005 0.217567176
i 0.134340723 0.233320289
i 0.183104005 0.233320289
i 0.158722364 0.256949959
i 0.134340723 0.249073402
i 0.183104005 0.249073402
i 0.134340723 0.264826515
i 0.183104005 0.264826515
i 0.158722364 0.288456185
i 0.134340723 0.280579628
i 0.183104005 0.280579628
i 0.134340723 0.296332741
i 0.183104005 0.296332741
i 0.158722364 0.319962411
i 0.134340723 0.312085854
i 0.183104005 0.312085854
i 0.134340723 0.327838967
i 0.183104005 0.327838967
i 0.158722364 0.351468637
i 0.134340723 0.343592080
i 0.183104005 0.343592080
i 0.134340723 0.359345193
i 0.183104005 0.359345193
i 0.158722364 0.382974863
i 0.134340723 0.375098306
i 0.183104005 0.375098306
i 0.134340723 0.390851419
i 0.183104005 0.390851419
i 0.158722364 0.414481089
i 0.134340723 0.406604532
i 0.183104005 0.406604532
i 0.134340723 0.422357645
i 0.183104005 0.422357645
i 0.158722364 0.445987315
i 0.134340723 0.438110758
i 0.183104005 0.438110758
i 0.134340723 0.453863871
i 0.183104005 0.453863871
i 0.256248929 0.225443733
i 0.231867288 0.217567176
i 0.280630571 0.217567176
i 0.231867288 0.233320289
i 0.280630571 0.233320289
i 0.256248929 0.256949959
i 0.231867288 0.249073402
i 0.280630571 0.249073402
i 0.231867288 0.264826515
i 0.280630571 0.264826515
i 0.256248929 0.288456185
i 0.231867288 0.280579628
i 0.280630571 0.280579628
i 0.231867288 0.296332741
i 0.280630571 0.296332741
i 0.256248929 0.319962411
i 0.231867288 0.312085854
i 0.280630571 0.312085854
i 0.231867288 0.327838967
i 0.280630571 0.327838967
i 0.256248929 0.351468637
i 0.231867288 0.343592080
i 0.280630571 0.343592080
i 0.231867288 0.359345193
i 0.280630571 0.359345193
i 0.256248929 0.382974863
i 0.231867288 0.375098306
i 0.280630571 0.375098306
i 0.231867288 0.390851419
i 0.280630571 0.390851419
i 0.256248929 0.414481089
i 0.231867288 0.406604532
i 0.280630571 0.406604532
i 0.231867288 0.422357645
i 0.280630571 0.422357645
i 0.256248929 0.445987315
i 0.231867288 0.438110758
i 0.280630571 0.438110758
i 0.231867288 0.453863871
i 0.280630571 0.453863871
i 0.353775495 0.225443733
i 0.329393853 0.217567176
i 0.378157136 0.217567176
i 0.329393853 0.233320289
i 0.378157136 0.233320289
i 0.353775495 0.256949959
i 0.329393853 0.249073402
i 0.378157136 0.249073402
i 0.329393853 0.264826515
i 0.378157136 0.264826515
i 0.353775495 0.288456185
i 0.329393853 0.280579628
i 0.378157136 0.280579628
i 0.329393853 0.296332741
i 0.378157136 0.296332741
i 0.353775495 0.319962411
i 0.329393853 0.312085854
i 0.378157136 0.312085854
i 0.329393853 0.327838967
i 0.378157136 0.327838967
i 0.353775495 0.351468637
i 0.329393853 0.343592080
i 0.378157136 0.343592080
i 0.329393853 0.359345193
i 0.378157136 0.359345193
i 0.353775495 0.382974863
i 0.329393853 0.375098306
i 0.378157136 0.375098306
i 0.329393853 0.390851419
i 0.378157136 0.390851419
i 0.353775495 0.414481089
i 0.329393853 0.406604532
i 0.378157136 0.406604532
i 0.329393853 0.422357645
i 0.378157136 0.422357645
i 0.353775495 0.445987315
i 0.329393853 0.438110758
i 0.378157136 0.438110758
i 0.329393853 0.453863871
i 0.378157136 0.453863871
i 0.451302060 0.225443733
i 0.426920419 0.217567176
i 0.475683702 0.217567176
i 0.426920419 0.233320289
i 0.475683702 0.233320289
i 0.451302060 0.256949959
i 0.426920419 0.249073402
i 0.475683702 0.249073402
i 0.426920419 0.264826515
i 0.475683702 0.264826515
i 0.451302060 0.288456185
i 0.426920419 0.280579628
i 0.475683702 0.280579628
i 0.426920419 0.296332741
i 0.475683702 0.296332741
i 0.451302060 0.319962411
i 0.426920419 0.312085854
i 0.475683702 0.312085854
i 0.426920419 0.327838967
i 0.475683702 0.327838967
i 0.451302060 0.351468637
i 0.426920419 0.343592080
i 0.475683702 0.343592080
i 0.426920419 0.359345193
i 0.475683702 0.359345193
i 0.451302060 0.382974863
i 0.426920419 0.375098306
i 0.475683702 0.375098306
i 0.426920419 0.390851419
i 0.475683702 0.390851419
i 0.451302060 0.414481089
i 0.426920419 0.406604532
i 0.475683702 0.406604532
i 0.426920419 0.422357645
i 0.475683702 0.422357645
i 0.451302060 0.445987315
i 0.426920419 0.438110758
i 0.475683702 0.438110758
i 0.426920419 0.453863871
i 0.475683702 0.453863871
i 0.548828626 0.225443733
i 0.524446984 0.217567176
i 0.573210267 0.217567176
i 0.524446984 0.233320289
i 0.573210267 0.233320289
i 0.548828626 0.256949959
i 0.524446984 0.249073402
i 0.573210267 0.249073402
i 0.524446984 0.264826515
i 0.573210267 0.264826515
i 0.548828626 0.288456185
i 0.524446984 0.280579628
i 0.573210267 0.280579628
i 0.524446984 0.296332741
i 0.573210267 0.296332741
i 0.548828626 0.319962411
i 0.524446984 0.312085854
i 0.573210267 0.312085854
i 0.524446984 0.327838967
i 0.573210267 0.327838967
i 0.548828626 0.351468637
i 0.524446984 0.343592080
i 0.573210267 0.343592080
i 0.524446984 0.359345193
i 0.573210267 0.359345193
i 0.548828626 0.382974863
i 0.524446984 0.375098306
i 0.573210267 0.375098306
i 0.524446984 0.390851419
i 0.573210267 0.390851419
i 0.548828626 0.414481089
i 0.524446984 0.406604532
i 0.573210267 0.406604532
i 0.524446984 0.422357645
i 0.573210267 0.422357645
i 0.548828626 0.445987315
i 0.524446984 0.438110758
i 0.573210267 0.438110758
i 0.524446984 0.453863871
i 0.573210267 0.453863871
i 0.646355191 0.225443733
i 0.621973550 0.217567176
i 0.670736832 0.217567176
i 0.621973550 0.233320289
i 0.670736832 0.233320289
i 0.646355191 0.256949959
i 0.621973550 0.249073402
i 0.670736832 0.249073402
i 0.621973550 0.264826515
i 0.670736832 0.264826515
i 0.646355191 0.288456185
i 0.621973550 0.280579628
i 0.670736832 0.280579628
i 0.621973550 0.296332741
i 0.670736832 0.296332741
i 0.646355191 0.319962411
i 0.621973550 0.312085854
i 0.670736832 0.312085854
i 0.621973550 0.327838967
i 0.670736832 0.327838967
i 0.646355191 0.351468637
i 0.621973550 0.343592080
i 0.670736832 0.343592080
i 0.621973550 0.359345193
i 0.670736832 0.359345193
i 0.646355191 0.382974863
i 0.621973550 0.375098306
i 0.670736832 0.375098306
i 0.621973550 0.390851419
i 0.670736832 0.390851419
i 0.646355191 0.414481089
i 0.621973550 0.406604532
i 0.670736832 0.406604532
i 0.621973550 0.422357645
i 0.670736832 0.422357645
i 0.646355191 0.445987315
i 0.621973550 0.438110758
i 0.670736832 0.438110758
i 0.621973550 0.453863871
i 0.670736832 0.453863871
i 0.743881757 0.225443733
i 0.719500115 0.217567176
i 0.768263398 0.217567176
i 0.719500115 0.233320289
i 0.768263398 0.233320289
i 0.743881757 0.256949959
i 0.719500115 0.249073402
i 0.768263398 0.249073402
i 0.719500115 0.264826515
i 0.768263398 0.264826515
i 0.743881757 0.288456185
i 0.719500115 0.280579628
i 0.768263398 0.280579628
i 0.719500115 0.296332741
i 0.768263398 0.296332741
i 0.743881757 0.319962411
i 0.719500115 0.312085854
i 0.768263398 0.312085854
i 0.719500115 0.327838967
i 0.768263398 0.327838967
i 0.743881757 0.351468637
i 0.719500115 0.343592080
i 0.768263398 0.343592080
i 0.719500115 0.359345193
i 0.768263398 0.359345193
i 0.743881757 0.382974863
i 0.719500115 0.375098306
i 0.768263398 0.375098306
i 0.719500115 0.390851419
i 0.768263398 0.390851419
i 0.743881757 0.414481089
i 0.719500115 0.406604532
i 0.768263398 0.406604532
i 0.719500115 0.422357645
i 0.768263398 0.422357645
i 0.743881757 0.445987315
i 0.719500115 0.438110758
i 0.768263398 0.438110758
i 0.719500115 0.453863871
i 0.768263398 0.453863871
i 0.841408322 0.225443733
i 0.817026681 0.217567176
i 0.865789963 0.217567176
i 0.817026681 0.233320289
i 0.865789963 0.233320289
i 0.841408322 0.256949959
i 0.817026681 0.249073402
i 0.865789963 0.249073402
i 0.817026681 0.264826515
i 0.865789963 0.264826515
i 0.841408322 0.288456185
i 0.817026681 0.280579628
i 0.865789963 0.280579628
i 0.817026681 0.296332741
i 0.865789963 0.296332741
i 0.841408322 0.319962411
i 0.817026681 0.312085854
i 0.865789963 0.312085854
i 0.817026681 0.327838967
i 0.865789963 0.327838967
i 0.841408322 0.351468637
i 0.817026681 0.343592080
i 0.865789963 0.343592080
i 0.817026681 0.359345193
i 0.865789963 0.359345193
i 0.841408322 0.382974863
i 0.817026681 0.375098306
i 0.865789963 0.375098306
i 0.817026681 0.390851419
i 0.865789963 0.390851419
i 0.841408322 0.414481089
i 0.817026681 0.406604532
i 0.865789963 0.406604532
i 0.817026681 0.422357645
i 0.865789963 0.422357645
i 0.841408322 0.445987315
i 0.817026681 0.438110758
i 0.865789963 0.438110758
i 0.817026681 0.453863871
i 0.865789963 0.453863871
tris
t 195 193 194
t 195 192 193
t 195 191 192
t 195 190 191
t 195 0 1
t 195 1 2
t 195 2 3
t 195 3 4
t 195 4 5
t 195 5 6
t 195 6 7
t 195 7 8
t 195 8 9
t 195 9 10
t 195 10 11
t 195 11 12
t 195 12 13
t 195 13 14
t 195 14 15
t 195 15 16
t 195 16 17
t 195 565 190
t 195 566 565
t 195 567 566
t 195 568 567
t 195 569 568
t 195 570 569
t 195 571 570
t 195 572 571
t 195 573 572
t 195 574 573
t 195 575 574
t 195 576 575
t 195 577 576
t 195 578 577
t 195 579 578
t 195 580 579
t 195 581 580
t 195 582 581
t 195 583 582
t 195 584 583
t 195 585 584
t 195 586 585
t 195 587 586
t 195 588 587
t 195 589 588
t 195 590 589
t 195 591 590
t 195 592 591
t 195 593 592
t 195 594 593
t 195 595 594
t 195 596 595
t 195 597 596
t 195 598 597
t 195 599 598
t 195 600 599
t 195 601 600
t 195 602 601
t 195 603 602
t 195 604 603
t 195 605 604
t 195 606 605
t 195 607 606
t 195 608 607
t 195 609 608
t 195 610 609
t 195 611 610
t 195 612 611
t 195 613 612
t 195 614 613
t 195 615 614
t 195 616 615
t 195 617 616
t 195 17 617
t 190 188 189
t 190 187 188
t 190 186 187
t 190 185 186
t 17 18 19
t 17 19 20
t 17 20 21
t 17 21 22
t 17 22 23
t 17 23 24
t 17 24 25
t 17 25 26
t 17 26 27
t 17 27 28
t 17 28 29
t 17 29 30
t 17 30 31
t 17 31 32
t 17 32 33
t 17 33 34
t 17 34 35
t 17 35 36
t 190 618 185
t 190 619 618
t 190 620 619
t 190 621 620
t 190 622 621
t 190 623 622
t 190 624 623
t 190 625 624
t 190 626 625
t 190 565 626
t 565 627 626
t 565 566 627
t 566 628 627
t 566 567 628
t 567 629 628
t 567 568 629
t 568 630 629
t 568 569 630
t 569 631 630
t 569 570 631
t 570 632 631
t 570 571 632
t 571 633 632
t 571 572 633
t 572 634 633
t 572 573 634
t 573 635 634
t 573 574 635
t 574 636 635
t 574 575 636
t 575 637 636
t 575 576 637
t 576 638 637
t 576 577 638
t 577 639 638
t 577 578 639
t 578 640 639
t 578 579 640
t 579 641 640
t 579 580 641
t 580 642 641
t 580 581 642
t 581 643 642
t 581 582 643
t 582 644 643
t 582 583 644
t 583 645 644
t 583 584 645
t 584 646 645
t 584 585 646
t 585 647 646
t 585 586 647
t 586 648 647
t 586 587 648
t 587 649 648
t 587 588 649
t 588 650 649
t 588 589 650
t 589 651 650
t 589 590 651
t 590 652 651
t 590 591 652
t 591 653 652
t 591 592 653
t 592 654 653
t 592 593 654
t 593 655 654
t 593 594 655
t 594 656 655
t 594 595 656
t 595 657 656
t 595 596 657
t 596 658 657
t 596 597 658
t 597 659 658
t 597 598 659
t 598 660 659
t 598 599 660
t 599 661 660
t 599 600 661
t 600 662 661
t 600 601 662
t 601 663 662
t 601 602 663
t 602 664 663
t 602 603 664
t 603 665 664
t 603 604 665
t 604 666 665
t 604 605 666
t 605 667 666
t 605 606 667
t 606 668 667
t 606 607 668
t 607 669 668
t 607 608 669
t 608 670 669
t 608 609 670
t 609 671 670
t 609 610 671
t 610 672 671
t 610 611 672
t 611 673 672
t 611 612 673
t 612 674 673
t 612 613 674
t 613 675 674
t 613 614 675
t 614 676 675
t 614 615 676
t 615 677 676
t 615 616 677
t 616 678 677
t 616 617 678
t 617 679 678
t 617 17 679
t 17 680 679
t 17 681 680
t 17 682 681
t 17 683 682
t 17 684 683
t 17 685 684
t 17 686 685
t 17 687 686
t 17 688 687
t 17 689 688
t 17 690 689
t 17 691 690
t 17 692 691
t 17 693 692
t 17 694 693
t 17 695 694
t 17 696 695
t 17 697 696
t 17 698 697
t 17 699 698
t 17 700 699
t 17 701 700
t 17 702 701
t 17 703 702
t 17 704 703
t 17 705 704
t 17 706 705
t 17 707 706
t 17 708 707
t 17 709 708
t 17 36 709
t 185 183 184
t 185 182 183
t 185 181 182
t 185 180 181
t 185 179 180
t 185 178 179
t 185 177 178
t 185 176 177
t 185 175 176
t 185 174 175
t 36 37 38
t 36 38 39
t 36 39 40
t 36 40 41
t 36 41 42
t 36 42 43
t 36 43 44
t 36 44 45
t 36 45 46
t 36 46 47
t 36 47 48
t 36 48 49
t 36 49 50
t 36 50 51
t 36 51 52
t 36 52 53
t 36 53 54
t 36 54 55
t 36 55 56
t 36 56 57
t 36 57 58
t 36 58 59
t 36 59 60
t 36 60 61
t 36 61 62
t 36 62 63
t 36 63 64
t 36 64 65
t 36 65 66
t 36 66 67
t 36 67 68
t 36 68 69
t 36 69 70
t 36 70 71
t 36 71 72
t 36 72 73
t 36 73 74
t 185 710 174
t 185 711 710
t 185 712 711
t 185 713 712
t 185 714 713
t 185 715 714
t 185 716 715
t 185 717 716
t 185 718 717
t 185 719 718
t 185 720 719
t 185 721 720
t 185 722 721
t 185 723 722
t 185 724 723
t 185 725 724
t 185 726 725
t 185 618 726
t 618 727 726
t 618 619 727
t 619 728 727
t 619 620 728
t 620 729 728
t 620 621 729
t 621 730 729
t 621 622 730
t 622 731 730
t 622 623 731
t 623 732 731
t 623 624 732
t 624 733 732
t 624 625 733
t 625 734 733
t 625 626 734
t 626 735 734
t 626 627 735
t 627 736 735
t 627 628 736
t 628 737 736
t 628 629 737
t 629 738 737
t 629 630 738
t 630 739 738
t 630 631 739
t 631 740 739
t 631 632 740
t 632 741 740
t 632 633 741
t 633 742 741
t 633 634 742
t 634 743 742
t 634 635 743
t 635 744 743
t 635 636 744
t 636 745 744
t 636 637 745
t 637 746 745
t 637 638 746
t 638 747 746
t 638 639 747
t 639 748 747
t 639 640 748
t 640 749 748
t 640 641 749
t 641 750 749
t 641 642 750
t 642 751 750
t 642 643 751
t 643 752 751
t 643 644 752
t 644 753 752
t 644 645 753
t 645 754 753
t 645 646 754
t 646 755 754
t 646 647 755
t 647 756 755
t 647 648 756
t 648 757 756
t 648 649 757
t 649 758 757
t 649 650 758
t 650 759 758
t 650 651 759
t 651 760 759
t 651 652 760
t 652 761 760
t 652 653 761
t 653 762 761
t 653 654 762
t 654 763 762
t 654 655 763
t 655 764 763
t 655 656 764
t 656 765 764
t 656 657 765
t 657 766 765
t 657 658 766
t 658 767 766
t 658 659 767
t 659 768 767
t 659 660 768
t 660 769 768
t 660 661 769
t 661 770 769
t 661 662 770
t 662 771 770
t 662 663 771
t 663 772 771
t 663 664 772
t 664 773 772
t 664 665 773
t 665 774 773
t 665 666 774
t 666 775 774
t 666 667 775
t 667 776 775
t 667 668 776
t 668 777 776
t 668 669 777
t 669 778 777
t 669 670 778
t 670 779 778
t 670 671 779
t 671 780 779
t 671 672 780
t 672 781 780
t 672 673 781
t 673 782 781
t 673 674 782
t 674 783 782
t 674 675 783
t 675 784 783
t 675 676 784
t 676 785 784
t 676 677 785
t 677 786 785
t 677 678 786
t 678 787 786
t 678 679 787
t 679 788 787
t 679 680 788
t 680 789 788
t 680 681 789
t 681 790 789
t 681 682 790
t 682 791 790
t 682 683 791
t 683 792 791
t 683 684 792
t 684 793 792
t 684 685 793
t 685 794 793
t 685 686 794
t 686 795 794
t 686 687 795
t 687 796 795
t 687 688 796
t 688 797 796
t 688 689 797
t 689 798 797
t 689 690 798
t 690 799 798
t 690 691 799
t 691 800 799
t 691 692 800
t 692 801 800
t 692 693 801
t 693 802 801
t 693 694 802
t 694 803 802
t 694 695 803
t 695 804 803
t 695 696 804
t 696 805 804
t 696 697 805
t 697 806 805
t 697 698 806
t 698 807 806
t 698 699 807
t 699 808 807
t 699 700 808
t 700 809 808
t 700 701 809
t 701 810 809
t 701 702 810
t 702 811 810
t 702 703 811
t 703 812 811
t 703 704 812
t 704 813 812
t 704 705 813
t 705 814 813
t 705 706 814
t 706 815 814
t 706 707 815
t 707 816 815
t 707 708 816
t 708 817 816
t 708 709 817
t 709 818 817
t 709 36 818
t 36 819 818
t 36 820 819
t 36 821 820
t 36 822 821
t 36 823 822
t 36 824 823
t 36 825 824
t 36 826 825
t 36 827 826
t 36 828 827
t 36 829 828
t 36 830 829
t 36 831 830
t 36 832 831
t 36 833 832
t 36 834 833
t 36 835 834
t 36 836 835
t 36 837 836
t 36 838 837
t 36 839 838
t 36 840 839
t 36 841 840
t 36 842 841
t 36 843 842
t 36 844 843
t 36 845 844
t 36 846 845
t 36 847 846
t 36 848 847
t 36 849 848
t 36 850 849
t 36 851 850
t 36 852 851
t 36 853 852
t 36 854 853
t 36 855 854
t 36 856 855
t 36 857 856
t 36 858 857
t 36 859 858
t 36 74 859
t 174 172 173
t 174 171 172
t 174 170 171
t 174 169 170
t 174 168 169
t 174 167 168
t 174 166 167
t 174 165 166
t 174 164 165
t 174 163 164
t 174 162 163
t 174 161 162
t 174 160 161
t 174 159 160
t 174 158 159
t 174 157 158
t 174 156 157
t 74 75 76
t 74 76 77
t 74 77 78
t 74 78 79
t 74 79 80
t 74 80 81
t 74 81 82
t 74 82 83
t 74 83 84
t 74 84 85
t 74 85 86
t 74 86 87
t 74 87 88
t 74 88 89
t 74 89 90
t 74 90 91
t 74 91 92
t 74 92 93
t 174 710 156
t 710 711 156
t 711 712 156
t 712 713 156
t 713 714 156
t 714 715 156
t 715 716 156
t 716 717 156
t 717 718 156
t 718 719 156
t 719 720 156
t 720 721 156
t 721 722 156
t 722 723 156
t 723 724 156
t 724 725 156
t 725 726 156
t 726 727 156
t 727 728 156
t 728 729 156
t 729 730 156
t 730 731 156
t 731 732 156
t 732 733 156
t 733 734 156
t 734 735 156
t 735 736 156
t 736 737 156
t 737 738 156
t 738 739 156
t 739 740 156
t 740 741 156
t 741 742 156
t 742 743 156
t 743 744 156
t 744 745 156
t 745 746 156
t 746 747 156
t 747 860 156
t 747 748 860
t 748 861 860
t 748 749 861
t 749 862 861
t 749 750 862
t 750 863 862
t 750 751 863
t 751 864 863
t 751 752 864
t 752 865 864
t 752 753 865
t 753 866 865
t 753 754 866
t 754 867 866
t 754 755 867
t 755 868 867
t 755 756 868
t 756 869 868
t 756 757 869
t 757 870 869
t 757 758 870
t 758 871 870
t 758 759 871
t 759 872 871
t 759 760 872
t 760 873 872
t 760 761 873
t 761 874 873
t 761 762 874
t 762 875 874
t 762 763 875
t 763 876 875
t 763 764 876
t 764 877 876
t 764 765 877
t 765 878 877
t 765 766 878
t 766 879 878
t 766 767 879
t 767 880 879
t 767 768 880
t 768 881 880
t 768 769 881
t 769 882 881
t 769 770 882
t 770 883 882
t 770 771 883
t 771 884 883
t 771 772 884
t 772 885 884
t 772 773 885
t 773 886 885
t 773 774 886
t 774 887 886
t 774 775 887
t 775 888 887
t 775 776 888
t 776 889 888
t 776 777 889
t 777 890 889
t 777 778 890
t 778 891 890
t 778 779 891
t 779 892 891
t 779 780 892
t 780 893 892
t 780 781 893
t 781 894 893
t 781 782 894
t 782 895 894
t 782 783 895
t 783 896 895
t 783 784 896
t 784 897 896
t 784 785 897
t 785 898 897
t 785 786 898
t 786 899 898
t 786 787 899
t 787 900 899
t 787 788 900
t 788 901 900
t 788 789 901
t 789 902 901
t 789 790 902
t 790 903 902
t 790 791 903
t 791 904 903
t 791 792 904
t 792 905 904
t 792 793 905
t 793 906 905
t 793 794 906
t 794 907 906
t 794 795 907
t 795 908 907
t 795 796 908
t 796 909 908
t 796 797 909
t 797 910 909
t 797 798 910
t 798 911 910
t 798 799 911
t 799 912 911
t 799 800 912
t 800 913 912
t 800 801 913
t 801 914 913
t 801 802 914
t 802 915 914
t 802 803 915
t 803 916 915
t 803 804 916
t 804 917 916
t 804 805 917
t 805 918 917
t 805 806 918
t 806 919 918
t 806 807 919
t 807 920 919
t 807 808 920
t 808 921 920
t 808 809 921
t 809 922 921
t 809 810 922
t 810 923 922
t 810 811 923
t 811 924 923
t 811 812 924
t 812 925 924
t 812 813 925
t 813 926 925
t 813 814 926
t 814 927 926
t 814 815 927
t 815 928 927
t 815 816 928
t 816 929 928
t 816 817 929
t 817 930 929
t 817 818 930
t 818 931 930
t 818 819 931
t 819 932 931
t 819 820 932
t 820 933 932
t 820 821 933
t 821 934 933
t 821 822 934
t 822 935 934
t 822 823 935
t 823 936 935
t 823 824 936
t 824 937 936
t 824 825 937
t 825 938 937
t 825 826 938
t 826 939 938
t 826 827 939
t 827 940 939
t 827 828 940
t 828 941 940
t 828 829 941
t 829 942 941
t 829 830 942
t 830 943 942
t 830 831 943
t 831 944 943
t 831 832 944
t 832 945 944
t 832 833 945
t 833 946 945
t 833 834 946
t 834 947 946
t 834 835 947
t 835 948 947
t 835 836 948
t 836 949 948
t 836 837 949
t 837 950 949
t 837 838 950
t 838 951 950
t 838 839 951
t 839 952 951
t 839 840 952
t 840 953 952
t 840 841 953
t 841 954 953
t 841 842 954
t 842 955 954
t 842 843 955
t 843 956 955
t 843 844 956
t 844 957 956
t 844 845 957
t 845 958 957
t 845 846 958
t 846 959 958
t 846 847 959
t 847 960 959
t 847 848 960
t 848 961 960
t 848 849 961
t 849 962 961
t 849 850 962
t 850 963 962
t 850 851 963
t 851 964 963
t 851 852 964
t 852 965 964
t 852 853 965
t 853 966 965
t 853 854 966
t 854 967 966
t 854 855 967
t 855 968 967
t 855 856 968
t 856 969 968
t 856 857 969
t 857 970 969
t 857 858 970
t 858 971 970
t 858 859 971
t 859 972 971
t 859 973 972
t 859 74 973
t 74 974 973
t 74 975 974
t 74 976 975
t 74 977 976
t 74 978 977
t 74 979 978
t 74 980 979
t 74 981 980
t 74 982 981
t 74 93 982
t 156 154 155
t 156 153 154
t 156 152 153
t 156 151 152
t 156 150 151
t 156 149 150
t 156 148 149
t 156 147 148
t 156 146 147
t 156 145 146
t 156 144 145
t 156 143 144
t 156 142 143
t 156 141 142
t 156 140 141
t 156 139 140
t 156 138 139
t 156 137 138
t 156 136 137
t 156 135 136
t 156 134 135
t 156 133 134
t 93 94 95
t 93 95 96
t 93 96 97
t 93 97 98
t 93 98 99
t 93 99 100
t 93 100 101
t 156 860 133
t 860 861 133
t 861 862 133
t 862 863 133
t 863 864 133
t 864 865 133
t 865 866 133
t 866 867 133
t 867 868 133
t 868 869 133
t 869 870 133
t 870 871 133
t 871 872 133
t 872 873 133
t 873 874 133
t 874 875 133
t 875 876 133
t 876 877 133
t 877 878 133
t 878 879 133
t 879 880 133
t 880 881 133
t 881 882 133
t 882 883 133
t 883 884 133
t 884 885 133
t 885 886 133
t 886 887 133
t 887 888 133
t 888 889 133
t 889 890 133
t 890 891 133
t 891 892 133
t 892 893 133
t 893 894 133
t 894 895 133
t 895 896 133
t 896 983 133
t 896 897 983
t 897 984 983
t 897 898 984
t 898 985 984
t 898 899 985
t 899 986 985
t 899 900 986
t 900 987 986
t 900 901 987
t 901 988 987
t 901 902 988
t 902 989 988
t 902 903 989
t 903 990 989
t 903 904 990
t 904 991 990
t 904 905 991
t 905 992 991
t 905 906 992
t 906 993 992
t 906 907 993
t 907 994 993
t 907 908 994
t 908 995 994
t 908 909 995
t 909 996 995
t 909 910 996
t 910 997 996
t 910 911 997
t 911 998 997
t 911 912 998
t 912 999 998
t 912 913 999
t 913 1000 999
t 913 914 1000
t 914 1001 1000
t 914 915 1001
t 915 1002 1001
t 915 916 1002
t 916 1003 1002
t 916 917 1003
t 917 1004 1003
t 917 918 1004
t 918 1005 1004
t 918 919 1005
t 919 1006 1005
t 919 920 1006
t 920 1007 1006
t 920 921 1007
t 921 1008 1007
t 921 922 1008
t 922 1009 1008
t 922 923 1009
t 923 1010 1009
t 923 924 1010
t 924 1011 1010
t 924 925 1011
t 925 1012 1011
t 925 926 1012
t 926 1013 1012
t 926 927 1013
t 927 1014 1013
t 927 928 1014
t 928 1015 1014
t 928 929 1015
t 929 1016 1015
t 929 930 1016
t 930 1017 1016
t 930 931 1017
t 931 1018 1017
t 931 932 1018
t 932 1019 1018
t 932 933 1019
t 933 1020 1019
t 933 934 1020
t 934 1021 1020
t 934 935 1021
t 935 1022 1021
t 935 936 1022
t 936 1023 1022
t 936 937 1023
t 937 1024 1023
t 937 938 1024
t 938 1025 1024
t 938 939 1025
t 939 1026 1025
t 939 940 1026
t 940 1027 1026
t 940 941 1027
t 941 1028 1027
t 941 942 1028
t 942 1029 1028
t 942 943 1029
t 943 1030 1029
t 943 944 1030
t 944 1031 1030
t 944 945 1031
t 945 1032 1031
t 945 946 1032
t 946 1033 1032
t 946 947 1033
t 947 1034 1033
t 947 948 1034
t 948 1035 1034
t 948 949 1035
t 949 1036 1035
t 949 950 1036
t 950 1037 1036
t 950 951 1037
t 951 1038 1037
t 951 952 1038
t 952 1039 1038
t 952 953 1039
t 953 1040 1039
t 953 954 1040
t 954 1041 1040
t 954 955 1041
t 955 1042 1041
t 955 956 1042
t 956 1043 1042
t 956 957 1043
t 957 1044 1043
t 957 958 1044
t 958 1045 1044
t 958 959 1045
t 959 1046 1045
t 959 960 1046
t 960 101 1046
t 960 961 101
t 961 962 101
t 962 963 101
t 963 964 101
t 964 965 101
t 965 966 101
t 966 967 101
t 967 968 101
t 968 969 101
t 969 970 101
t 970 971 101
t 971 972 101
t 972 973 101
t 973 974 101
t 974 975 101
t 975 976 101
t 976 977 101
t 977 978 101
t 978 979 101
t 979 980 101
t 980 981 101
t 981 982 101
t 982 93 101
t 133 131 132
t 133 130 131
t 133 129 130
t 133 128 129
t 133 127 128
t 133 126 127
t 133 125 126
t 133 124 125
t 133 123 124
t 133 122 123
t 133 121 122
t 101 102 103
t 101 103 104
t 101 104 105
t 133 983 121
t 983 984 121
t 984 985 121
t 985 986 121
t 986 987 121
t 987 988 121
t 988 989 121
t 989 990 121
t 990 991 121
t 991 992 121
t 992 993 121
t 993 994 121
t 994 995 121
t 995 996 121
t 996 997 121
t 997 998 121
t 998 999 121
t 999 1000 121
t 1000 1001 121
t 1001 1002 121
t 1002 1003 121
t 1003 1004 121
t 1004 1005 121
t 1005 1006 121
t 1006 1007 121
t 1007 1008 121
t 1008 1009 121
t 1009 1010 121
t 1010 1011 121
t 1011 1012 121
t 1012 1013 121
t 1013 1014 121
t 1014 1015 121
t 1015 1016 121
t 1016 1047 121
t 1016 1017 1047
t 1017 1048 1047
t 1017 1018 1048
t 1018 1049 1048
t 1018 1019 1049
t 1019 1050 1049
t 1019 1020 1050
t 1020 1051 1050
t 1020 1021 1051
t 1021 1052 1051
t 1021 1022 1052
t 1022 1053 1052
t 1022 1023 1053
t 1023 1054 1053
t 1023 1024 1054
t 1024 1055 1054
t 1024 1025 1055
t 1025 1056 1055
t 1025 1026 1056
t 1026 1057 1056
t 1026 1027 1057
t 1027 1058 1057
t 1027 1028 1058
t 1028 1059 1058
t 1028 1029 1059
t 1029 1060 1059
t 1029 1030 1060
t 1030 1061 1060
t 1030 1031 1061
t 1031 1062 1061
t 1031 1032 1062
t 1032 1063 1062
t 1032 1033 1063
t 1033 1064 1063
t 1033 1034 1064
t 1034 1065 1064
t 1034 1035 1065
t 1035 1066 1065
t 1035 1036 1066
t 1036 1067 1066
t 1036 1037 1067
t 1037 1068 1067
t 1037 1038 1068
t 1038 1069 1068
t 1038 1039 1069
t 1039 1070 1069
t 1039 1040 1070
t 1040 1071 1070
t 1040 1041 1071
t 1041 1072 1071
t 1041 1042 1072
t 1042 1073 1072
t 1042 1043 1073
t 1043 1074 1073
t 1043 1044 1074
t 1044 1075 1074
t 1044 1045 1075
t 1045 1076 1075
t 1045 1046 1076
t 1046 1077 1076
t 1046 101 1077
t 101 1078 1077
t 101 1079 1078
t 101 1080 1079
t 101 1081 1080
t 101 105 1081
t 121 119 120
t 121 118 119
t 121 117 118
t 121 116 117
t 121 115 116
t 121 114 115
t 121 113 114
t 121 112 113
t 121 111 112
t 121 110 111
t 121 109 110
t 105 106 107
t 105 107 108
t 105 108 109
t 121 1047 109
t 1047 1048 109
t 1048 1049 109
t 1049 1050 109
t 1050 1051 109
t 1051 1052 109
t 1052 1053 109
t 1053 1054 109
t 1054 1055 109
t 1055 1056 109
t 1056 1057 109
t 1057 1058 109
t 1058 1059 109
t 1059 1060 109
t 1060 1061 109
t 1061 1062 109
t 1062 1063 109
t 1063 1064 109
t 1064 1065 109
t 1065 1066 109
t 1066 1067 109
t 1067 1068 109
t 1068 1069 109
t 1069 1070 109
t 1070 1071 109
t 1071 1072 109
t 1072 1073 109
t 1073 1074 109
t 1074 1075 109
t 1075 1076 109
t 1076 1077 109
t 1077 1078 109
t 1078 1079 109
t 1079 1080 109
t 1080 1081 109
t 1081 105 109
