type=Cylinder forward=true n_boundary=158 n_holes=0 n_interior=58 n_tris=156 label=brep62542_f69_Cylinder
boundary
b 0.223695869 -0.000000000
b 0.218832915 -0.000000000
b 0.213969962 -0.000000000
b 0.209107008 -0.000000000
b 0.204244054 -0.000000000
b 0.199381101 -0.000000000
b 0.194518147 -0.000000000
b 0.189655193 -0.000000000
b 0.184792240 -0.000000000
b 0.179929286 -0.000000000
b 0.175066332 -0.000000000
b 0.170203379 -0.000000000
b 0.165340425 -0.000000000
b 0.160477471 -0.000000000
b 0.155614518 -0.000000000
b 0.150751564 -0.000000000
b 0.145888610 -0.000000000
b 0.141025657 -0.000000000
b 0.136162703 -0.000000000
b 0.131299749 -0.000000000
b 0.126436796 -0.000000000
b 0.121573842 -0.000000000
b 0.116710888 -0.000000000
b 0.111847935 -0.000000000
b 0.106984981 -0.000000000
b 0.102122027 -0.000000000
b 0.097259074 -0.000000000
b 0.092396120 -0.000000000
b 0.087533166 -0.000000000
b 0.082670213 -0.000000000
b 0.077807259 -0.000000000
b 0.072944305 -0.000000000
b 0.068081351 -0.000000000
b 0.063218398 -0.000000000
b 0.058355444 -0.000000000
b 0.053492490 -0.000000000
b 0.048629537 -0.000000000
b 0.043766583 -0.000000000
b 0.038903629 -0.000000000
b 0.034040676 -0.000000000
b 0.029177722 -0.000000000
b 0.024314768 -0.000000000
b 0.019451815 -0.000000000
b 0.014588861 -0.000000000
b 0.009725907 -0.000000000
b 0.004862954 -0.000000000
b 0.000000000 -0.000000000
b 0.000000000 -0.573380244
b 0.005493530 -0.573150754
b 0.010903241 -0.572472543
b 0.016229745 -0.571362433
b 0.021473638 -0.569837247
b 0.026635507 -0.567913807
b 0.031715924 -0.565608937
b 0.036715447 -0.562939459
b 0.041634621 -0.559922195
b 0.046473463 -0.556573810
b 0.051230623 -0.552910550
b 0.055904519 -0.548948598
b 0.060493561 -0.544704133
b 0.064996145 -0.540193337
b 0.069410657 -0.535432389
b 0.073735472 -0.530437471
b 0.077968969 -0.525224743
b 0.082110666 -0.519808541
b 0.086162095 -0.514199986
b 0.090124987 -0.508409876
b 0.094001067 -0.502449005
b 0.097792048 -0.496328170
b 0.101499640 -0.490058167
b 0.105125540 -0.483649790
b 0.108671433 -0.477113798
b 0.112138785 -0.470459667
b 0.115528806 -0.463695331
b 0.118842684 -0.456828632
b 0.122081605 -0.449867412
b 0.125246750 -0.442819514
b 0.128339295 -0.435692780
b 0.131360411 -0.428495052
b 0.134311284 -0.421234049
b 0.137193390 -0.413915428
b 0.140008451 -0.406543133
b 0.142758192 -0.399121058
b 0.145444337 -0.391653094
b 0.148068607 -0.384143137
b 0.150632719 -0.376595077
b 0.153138389 -0.369012808
b 0.155587293 -0.361400169
b 0.157980747 -0.353760471
b 0.160319864 -0.346096724
b 0.162605754 -0.338411937
b 0.164839526 -0.330709116
b 0.167022285 -0.322991269
b 0.169155137 -0.315261404
b 0.171239185 -0.307522527
b 0.173275498 -0.299777648
b 0.175264937 -0.292029792
b 0.177208285 -0.284281987
b 0.179106322 -0.276537262
b 0.180959830 -0.268798647
b 0.182769587 -0.261069169
b 0.184536373 -0.253351859
b 0.186260964 -0.245649745
b 0.187285067 -0.241000447
b 0.188298054 -0.236352314
b 0.189300017 -0.231705752
b 0.190291048 -0.227061169
b 0.191271238 -0.222418972
b 0.192240680 -0.217779568
b 0.193199464 -0.213143364
b 0.194147683 -0.208510767
b 0.195085428 -0.203882184
b 0.196012789 -0.199258022
b 0.196929859 -0.194638687
b 0.197836730 -0.190024588
b 0.198733491 -0.185416131
b 0.199620234 -0.180813723
b 0.200497051 -0.176217771
b 0.201364032 -0.171628683
b 0.202221269 -0.167046864
b 0.203068853 -0.162472723
b 0.203906875 -0.157906651
b 0.204735435 -0.153348873
b 0.205554641 -0.148799504
b 0.206364598 -0.144258659
b 0.207165412 -0.139726449
b 0.207957191 -0.135202990
b 0.208740040 -0.130688395
b 0.209514066 -0.126182777
b 0.210279374 -0.121686251
b 0.211036072 -0.117198929
b 0.211784264 -0.112720925
b 0.212524058 -0.108252353
b 0.213255560 -0.103793327
b 0.213978875 -0.099343960
b 0.214694109 -0.094904366
b 0.215401370 -0.090474659
b 0.216100761 -0.086054952
b 0.216792391 -0.081645358
b 0.217476364 -0.077245992
b 0.218152770 -0.072856992
b 0.218821680 -0.068478529
b 0.219483159 -0.064110780
b 0.220137274 -0.059753922
b 0.220784091 -0.055408130
b 0.221423676 -0.051073580
b 0.222056097 -0.046750449
b 0.222681419 -0.042438913
b 0.223299709 -0.038139147
b 0.223911033 -0.033851328
b 0.224515458 -0.029575633
b 0.225113050 -0.025312236
b 0.225703875 -0.021061315
b 0.226288000 -0.016823045
b 0.226865491 -0.012597602
b 0.227436414 -0.008385163
b 0.228000836 -0.004185904
b 0.228558823 -0.000000000
interior
i 0.019046569 -0.501707713
i 0.038093137 -0.501707713
i 0.057139706 -0.501707713
i 0.076186274 -0.501707713
i 0.019046569 -0.430035183
i 0.038093137 -0.430035183
i 0.057139706 -0.430035183
i 0.076186274 -0.430035183
i 0.095232843 -0.430035183
i 0.114279411 -0.430035183
i 0.019046569 -0.358362652
i 0.038093137 -0.358362652
i 0.057139706 -0.358362652
i 0.076186274 -0.358362652
i 0.095232843 -0.358362652
i 0.114279411 -0.358362652
i 0.133325980 -0.358362652
i 0.152372549 -0.358362652
i 0.019046569 -0.286690122
i 0.038093137 -0.286690122
i 0.057139706 -0.286690122
i 0.076186274 -0.286690122
i 0.095232843 -0.286690122
i 0.114279411 -0.286690122
i 0.133325980 -0.286690122
i 0.152372549 -0.286690122
i 0.171419117 -0.286690122
i 0.019046569 -0.215017591
i 0.038093137 -0.215017591
i 0.057139706 -0.215017591
i 0.076186274 -0.215017591
i 0.095232843 -0.215017591
i 0.114279411 -0.215017591
i 0.133325980 -0.215017591
i 0.152372549 -0.215017591
i 0.171419117 -0.215017591
i 0.190465686 -0.215017591
i 0.019046569 -0.143345061
i 0.038093137 -0.143345061
i 0.057139706 -0.143345061
i 0.076186274 -0.143345061
i 0.095232843 -0.143345061
i 0.114279411 -0.143345061
i 0.133325980 -0.143345061
i 0.152372549 -0.143345061
i 0.171419117 -0.143345061
i 0.190465686 -0.143345061
i 0.019046569 -0.071672530
i 0.038093137 -0.071672530
i 0.057139706 -0.071672530
i 0.076186274 -0.071672530
i 0.095232843 -0.071672530
i 0.114279411 -0.071672530
i 0.133325980 -0.071672530
i 0.152372549 -0.071672530
i 0.171419117 -0.071672530
i 0.190465686 -0.071672530
i 0.209512254 -0.071672530
tris
t 47 45 46
t 47 48 45
t 48 44 45
t 48 49 44
t 49 43 44
t 49 50 43
t 50 42 43
t 50 51 42
t 51 41 42
t 51 52 41
t 52 40 41
t 52 53 40
t 53 39 40
t 53 54 39
t 54 38 39
t 54 55 38
t 55 37 38
t 55 56 37
t 56 36 37
t 56 57 36
t 57 35 36
t 57 58 35
t 58 34 35
t 58 59 34
t 59 33 34
t 59 60 33
t 60 32 33
t 60 61 32
t 61 31 32
t 61 62 31
t 62 30 31
t 62 63 30
t 63 64 30
t 64 29 30
t 64 65 29
t 65 28 29
t 65 66 28
t 66 27 28
t 66 67 27
t 67 26 27
t 67 68 26
t 68 69 26
t 69 25 26
t 69 70 25
t 70 24 25
t 70 71 24
t 71 23 24
t 71 72 23
t 72 73 23
t 73 22 23
t 73 74 22
t 74 21 22
t 74 75 21
t 75 76 21
t 76 20 21
t 76 77 20
t 77 19 20
t 77 78 19
t 78 79 19
t 79 18 19
t 79 80 18
t 80 81 18
t 81 17 18
t 81 82 17
t 82 83 17
t 83 16 17
t 83 84 16
t 84 85 16
t 85 15 16
t 85 86 15
t 86 87 15
t 87 14 15
t 87 88 14
t 88 89 14
t 89 13 14
t 89 90 13
t 90 91 13
t 91 12 13
t 91 92 12
t 92 93 12
t 93 11 12
t 93 94 11
t 94 95 11
t 95 10 11
t 95 96 10
t 96 97 10
t 97 98 10
t 98 9 10
t 98 99 9
t 99 100 9
t 100 101 9
t 101 8 9
t 101 102 8
t 102 103 8
t 103 104 8
t 104 105 8
t 105 7 8
t 105 106 7
t 106 107 7
t 107 108 7
t 108 109 7
t 109 110 7
t 110 6 7
t 110 111 6
t 111 112 6
t 112 113 6
t 113 114 6
t 114 115 6
t 115 5 6
t 115 116 5
t 116 117 5
t 117 118 5
t 118 119 5
t 119 120 5
t 120 121 5
t 121 4 5
t 121 122 4
t 122 123 4
t 123 124 4
t 124 125 4
t 125 126 4
t 126 127 4
t 127 3 4
t 127 128 3
t 128 129 3
t 129 130 3
t 130 131 3
t 131 132 3
t 132 133 3
t 133 2 3
t 133 134 2
t 134 135 2
t 135 136 2
t 136 137 2
t 137 138 2
t 138 139 2
t 139 140 2
t 140 141 2
t 141 1 2
t 141 142 1
t 142 143 1
t 143 144 1
t 144 145 1
t 145 146 1
t 146 147 1
t 147 148 1
t 148 0 1
t 148 149 0
t 149 150 0
t 150 151 0
t 151 152 0
t 152 153 0
t 153 154 0
t 154 155 0
t 155 156 0
t 156 157 0
