type=Nurbs forward=true n_boundary=141 n_holes=0 n_interior=39 n_tris=171 label=brep47598_f194_Nurbs(deg=3/3, cps=4x10)
boundary
b 0.305977784 1.000000000
b 0.305960502 0.981488661
b 0.305920065 0.963045060
b 0.305864392 0.944664717
b 0.305800532 0.926343106
b 0.305734661 0.908075663
b 0.305672088 0.889857790
b 0.305617256 0.871684862
b 0.305573743 0.853552232
b 0.305544272 0.835455239
b 0.305530707 0.817389212
b 0.305534058 0.799349477
b 0.305554489 0.781331360
b 0.305591346 0.763330173
b 0.305643673 0.745340783
b 0.305710068 0.727357659
b 0.305788157 0.709375275
b 0.305874578 0.691388130
b 0.305964995 0.673390748
b 0.306054290 0.655378001
b 0.306138862 0.637348438
b 0.306216521 0.619302978
b 0.306285269 0.601242579
b 0.306343275 0.583168206
b 0.306388872 0.565080824
b 0.306420578 0.546981403
b 0.306437739 0.528870989
b 0.306440805 0.510750736
b 0.306430499 0.492621793
b 0.306407752 0.474485304
b 0.306373699 0.456342401
b 0.306329676 0.438194208
b 0.306277219 0.420041835
b 0.306218062 0.401886384
b 0.306154132 0.383728943
b 0.306087548 0.365570587
b 0.306020617 0.347412379
b 0.305956057 0.329255337
b 0.305896912 0.311099073
b 0.305845131 0.292941090
b 0.305802128 0.274778709
b 0.305768865 0.256609249
b 0.305745865 0.238430034
b 0.305733210 0.220238386
b 0.305730550 0.202031635
b 0.305737105 0.183807112
b 0.305751675 0.165562157
b 0.305772722 0.147294113
b 0.305799030 0.129000321
b 0.305829361 0.110678121
b 0.305862086 0.092324857
b 0.305895188 0.073937878
b 0.305926269 0.055514537
b 0.305952553 0.037052198
b 0.305970895 0.018548227
b 0.305977784 -0.000000000
b 0.318503176 -0.000000000
b 0.331027023 -0.000000000
b 0.343549431 -0.000000000
b 0.356070508 -0.000000000
b 0.368590359 -0.000000000
b 0.381109092 -0.000000000
b 0.393626813 -0.000000000
b 0.406143629 -0.000000000
b 0.418659646 -0.000000000
b 0.431174971 -0.000000000
b 0.443689711 -0.000000000
b 0.456203971 -0.000000000
b 0.468717859 -0.000000000
b 0.481231481 -0.000000000
b 0.493744943 -0.000000000
b 0.506258351 -0.000000000
b 0.518771813 -0.000000000
b 0.531285435 -0.000000000
b 0.543799323 -0.000000000
b 0.556313584 -0.000000000
b 0.568828323 -0.000000000
b 0.581343648 -0.000000000
b 0.593859666 -0.000000000
b 0.606376482 -0.000000000
b 0.618894203 -0.000000000
b 0.631412936 -0.000000000
b 0.643932788 -0.000000000
b 0.656453865 -0.000000000
b 0.668976273 -0.000000000
b 0.681500121 -0.000000000
b 0.694025513 -0.000000000
b 0.680267655 0.021035516
b 0.666735338 0.041940644
b 0.653429479 0.062716253
b 0.640350951 0.083363192
b 0.627500595 0.103882293
b 0.614879226 0.124274369
b 0.602487647 0.144540216
b 0.590326657 0.164680609
b 0.578397487 0.184696291
b 0.566702357 0.204587965
b 0.555243595 0.224356320
b 0.544023506 0.244002042
b 0.533044375 0.263525812
b 0.522308472 0.282928304
b 0.511818058 0.302210184
b 0.501575392 0.321372115
b 0.491582735 0.340414750
b 0.481842407 0.359338734
b 0.472357511 0.378144784
b 0.463131482 0.396835040
b 0.454167269 0.415412574
b 0.445467343 0.433880480
b 0.437033704 0.452241850
b 0.428867887 0.470499774
b 0.420970967 0.488657338
b 0.413343568 0.506717621
b 0.405985871 0.524683695
b 0.398897616 0.542558620
b 0.392078123 0.560345445
b 0.385526861 0.578047274
b 0.379243668 0.595667294
b 0.373227971 0.613208690
b 0.367478727 0.630674633
b 0.361994429 0.648068275
b 0.356773114 0.665392752
b 0.351812370 0.682651182
b 0.347109356 0.699846647
b 0.342662054 0.716981583
b 0.338470101 0.734057438
b 0.334533145 0.751075567
b 0.330850682 0.768037314
b 0.327422124 0.784943963
b 0.324247326 0.801796345
b 0.321326428 0.818595030
b 0.318659559 0.835340590
b 0.316246834 0.852033596
b 0.314088348 0.868674620
b 0.312184177 0.885264236
b 0.310534376 0.901803015
b 0.309138982 0.918291530
b 0.307998008 0.934730350
b 0.307111444 0.951120043
b 0.306479259 0.967461175
b 0.306101399 0.983754307
interior
i 0.354092557 0.125000000
i 0.402654408 0.125000000
i 0.451216259 0.125000000
i 0.499778110 0.125000000
i 0.548339961 0.125000000
i 0.596901812 0.125000000
i 0.354092557 0.250000000
i 0.402654408 0.250000000
i 0.451216259 0.250000000
i 0.499778110 0.250000000
i 0.354092557 0.375000000
i 0.402654408 0.375000000
i 0.451216259 0.375000000
i 0.354092557 0.500000000
i 0.402654408 0.500000000
i 0.354092557 0.625000000
i 0.329811632 0.062500000
i 0.329811632 0.187500000
i 0.329811632 0.312500000
i 0.329811632 0.437500000
i 0.329811632 0.562500000
i 0.329811632 0.687500000
i 0.378373483 0.062500000
i 0.378373483 0.187500000
i 0.378373483 0.312500000
i 0.378373483 0.437500000
i 0.378373483 0.562500000
i 0.426935334 0.062500000
i 0.426935334 0.187500000
i 0.426935334 0.312500000
i 0.426935334 0.437500000
i 0.475497184 0.062500000
i 0.475497184 0.187500000
i 0.475497184 0.312500000
i 0.524059035 0.062500000
i 0.524059035 0.187500000
i 0.572620886 0.062500000
i 0.572620886 0.187500000
i 0.621182737 0.062500000
tris
t 4 5 6
t 6 7 8
t 8 9 10
t 10 11 12
t 12 13 14
t 14 15 16
t 16 17 18
t 35 36 37
t 37 38 39
t 39 40 41
t 41 42 43
t 43 44 45
t 45 46 47
t 47 48 49
t 49 50 51
t 54 55 56
t 85 86 87
t 152 153 154
t 167 168 169
t 174 175 176
t 4 6 8
t 8 10 12
t 12 14 16
t 16 18 19
t 34 35 37
t 37 39 41
t 41 43 45
t 45 47 49
t 53 54 56
t 85 87 88
t 167 169 170
t 3 4 8
t 8 12 16
t 34 37 41
t 41 45 49
t 52 53 56
t 82 83 88
t 83 84 88
t 84 85 88
t 149 150 151
t 171 155 170
t 155 167 170
t 171 172 173
t 3 8 16
t 33 34 41
t 41 49 51
t 51 52 56
t 82 88 89
t 145 146 147
t 148 149 151
t 171 173 174
t 176 177 178
t 2 3 16
t 32 33 41
t 41 51 56
t 82 89 90
t 144 145 147
t 1 2 16
t 32 41 56
t 66 67 90
t 67 68 90
t 68 69 90
t 69 70 90
t 70 71 90
t 71 72 90
t 72 73 90
t 73 74 90
t 74 75 90
t 75 76 90
t 76 77 90
t 77 78 90
t 78 79 90
t 79 80 90
t 80 81 90
t 81 82 90
t 143 144 147
t 0 1 16
t 31 32 56
t 58 59 90
t 59 60 90
t 60 61 90
t 61 62 90
t 62 63 90
t 63 64 90
t 64 65 90
t 65 66 90
t 142 143 147
t 0 16 19
t 30 31 56
t 56 57 90
t 57 58 90
t 0 19 20
t 29 30 56
t 56 90 91
t 0 20 21
t 28 29 56
t 56 91 92
t 0 21 22
t 27 28 56
t 56 92 93
t 0 22 23
t 26 27 56
t 56 93 94
t 0 23 24
t 25 26 56
t 56 94 95
t 178 179 0
t 0 24 25
t 56 95 96
t 56 96 97
t 56 97 98
t 56 98 99
t 56 99 100
t 56 100 101
t 56 101 102
t 56 102 103
t 56 103 104
t 176 178 0
t 56 104 105
t 56 105 106
t 56 106 107
t 56 107 108
t 141 142 147
t 147 148 151
t 151 152 154
t 56 108 109
t 56 109 110
t 56 110 111
t 56 111 112
t 156 157 163
t 156 163 167
t 56 112 113
t 56 113 114
t 154 155 167
t 140 141 147
t 167 155 140
t 155 171 140
t 171 174 140
t 174 176 140
t 140 147 151
t 154 167 140
t 140 151 154
t 140 176 0
t 25 56 114
t 140 0 25
t 25 114 115
t 139 140 25
t 25 115 116
t 138 139 25
t 25 116 117
t 137 138 25
t 25 117 118
t 136 137 25
t 25 118 119
t 135 136 25
t 25 119 120
t 134 135 25
t 25 120 121
t 133 134 25
t 25 121 122
t 132 133 25
t 25 122 123
t 131 132 25
t 25 123 124
t 130 131 25
t 25 124 125
t 129 130 25
t 25 125 126
t 128 129 25
t 25 126 127
t 127 128 25
