type=Nurbs forward=false n_boundary=141 n_holes=0 n_interior=218 n_tris=503 label=brep62542_f194_Nurbs(deg=3/3, cps=4x12)
boundary
b 0.125310957 -0.000017461
b 0.152879075 -0.000017461
b 0.180060288 -0.000017461
b 0.206889702 -0.000017461
b 0.233400818 -0.000017461
b 0.259625707 -0.000017461
b 0.285595174 -0.000017461
b 0.311338914 -0.000017461
b 0.336885655 -0.000017461
b 0.362263289 -0.000017461
b 0.387498996 -0.000017461
b 0.412619371 -0.000017461
b 0.437650529 -0.000017461
b 0.462618221 -0.000017461
b 0.487547939 -0.000017461
b 0.512465021 -0.000017461
b 0.537394753 -0.000017461
b 0.562362471 -0.000017461
b 0.587393669 -0.000017461
b 0.612514096 -0.000017461
b 0.637749871 -0.000017461
b 0.663127584 -0.000017461
b 0.688674420 -0.000017461
b 0.714418270 -0.000017461
b 0.740387862 -0.000017461
b 0.766612890 -0.000017461
b 0.793124163 -0.000017461
b 0.819953751 -0.000017461
b 0.847135155 -0.000017461
b 0.874703483 -0.000017461
b 0.902695637 0.000000000
b 0.902351495 0.014264240
b 0.901339167 0.028575872
b 0.899666533 0.042937683
b 0.897339461 0.057353409
b 0.894361434 0.071827696
b 0.890733222 0.086366052
b 0.886452596 0.100974796
b 0.881514091 0.115661005
b 0.875916348 0.130431798
b 0.869677903 0.145292817
b 0.862818853 0.160251017
b 0.855356026 0.175315344
b 0.847302521 0.190496686
b 0.838667340 0.205807826
b 0.829455107 0.221263410
b 0.819665900 0.236879844
b 0.809302696 0.252668783
b 0.798381566 0.268630580
b 0.786920466 0.284765997
b 0.774936889 0.301077929
b 0.762447212 0.317571497
b 0.749466123 0.334254124
b 0.736006111 0.351135589
b 0.722077088 0.368227897
b 0.707688048 0.385538040
b 0.692849780 0.403064655
b 0.677573787 0.420807184
b 0.661871595 0.438766764
b 0.645754184 0.456946352
b 0.629231452 0.475350825
b 0.612311723 0.493987050
b 0.595001382 0.512863426
b 0.577305532 0.531980705
b 0.559229603 0.551332256
b 0.540779685 0.570912169
b 0.521961926 0.590715729
b 0.502781919 0.610739552
b 0.483244083 0.630981706
b 0.463351104 0.651441782
b 0.443103660 0.672119836
b 0.422503138 0.693005999
b 0.401553244 0.714084455
b 0.380259061 0.735339823
b 0.358626337 0.756757418
b 0.336660779 0.778323402
b 0.314367386 0.800024902
b 0.291749811 0.821850094
b 0.268807517 0.843788738
b 0.245524155 0.865833896
b 0.221877235 0.887979425
b 0.197843400 0.910219106
b 0.173398040 0.932546783
b 0.148514877 0.954956499
b 0.123165524 0.977442629
b 0.097319023 1.000000000
b 0.097318639 0.977454633
b 0.097317403 0.954980422
b 0.097315454 0.932582658
b 0.097313131 0.910266936
b 0.097310803 0.888039087
b 0.097308694 0.865905114
b 0.097306705 0.843871117
b 0.097304243 0.821943216
b 0.097300796 0.800128506
b 0.097297496 0.778437441
b 0.097295918 0.756881991
b 0.097297422 0.735475079
b 0.097302709 0.714230470
b 0.097311362 0.693162642
b 0.097321394 0.672286640
b 0.097328834 0.651617846
b 0.097330546 0.631166124
b 0.097327902 0.610932061
b 0.097322888 0.590916518
b 0.097317376 0.571121594
b 0.097312866 0.551550531
b 0.097310214 0.532207608
b 0.097309353 0.513098024
b 0.097309061 0.494227544
b 0.097308102 0.475596114
b 0.097306517 0.457197281
b 0.097304760 0.439025488
b 0.097303484 0.421076432
b 0.097303380 0.403346993
b 0.097304996 0.385835163
b 0.097308557 0.368539965
b 0.097313686 0.351460924
b 0.097318652 0.334591896
b 0.097321767 0.317922660
b 0.097322356 0.301443940
b 0.097320672 0.285147524
b 0.097317778 0.269026256
b 0.097315417 0.253074020
b 0.097315865 0.237285720
b 0.097321183 0.221656666
b 0.097328769 0.206177701
b 0.097334733 0.190837415
b 0.097336789 0.175624931
b 0.097334222 0.160529988
b 0.097327825 0.145542984
b 0.097319819 0.130655030
b 0.097313760 0.115857997
b 0.097313243 0.101144538
b 0.097316440 0.086508194
b 0.097320404 0.071943034
b 0.097323252 0.057443420
b 0.097324098 0.043004047
b 0.097322971 0.028619978
b 0.097320739 0.014286668
b 0.097319023 0.000000000
interior
i 0.197970883 0.124984721
i 0.298645848 0.124984721
i 0.399320813 0.124984721
i 0.499995778 0.124984721
i 0.600670743 0.124984721
i 0.701345707 0.124984721
i 0.802020672 0.124984721
i 0.197970883 0.249986904
i 0.298645848 0.249986904
i 0.399320813 0.249986904
i 0.499995778 0.249986904
i 0.600670743 0.249986904
i 0.701345707 0.249986904
i 0.802020672 0.249986904
i 0.197970883 0.374989087
i 0.298645848 0.374989087
i 0.399320813 0.374989087
i 0.499995778 0.374989087
i 0.600670743 0.374989087
i 0.701345707 0.374989087
i 0.197970883 0.499991269
i 0.298645848 0.499991269
i 0.399320813 0.499991269
i 0.499995778 0.499991269
i 0.600670743 0.499991269
i 0.197970883 0.624993452
i 0.298645848 0.624993452
i 0.399320813 0.624993452
i 0.197970883 0.749995635
i 0.298645848 0.749995635
i 0.197970883 0.874997817
i 0.147633400 0.062483630
i 0.122464659 0.031233084
i 0.172802141 0.031233084
i 0.122464659 0.093734176
i 0.172802141 0.093734176
i 0.147633400 0.187485813
i 0.122464659 0.156235267
i 0.172802141 0.156235267
i 0.122464659 0.218736358
i 0.172802141 0.218736358
i 0.147633400 0.312487995
i 0.122464659 0.281237450
i 0.172802141 0.281237450
i 0.122464659 0.343738541
i 0.172802141 0.343738541
i 0.147633400 0.437490178
i 0.122464659 0.406239632
i 0.172802141 0.406239632
i 0.122464659 0.468740724
i 0.172802141 0.468740724
i 0.147633400 0.562492361
i 0.122464659 0.531241815
i 0.172802141 0.531241815
i 0.122464659 0.593742906
i 0.172802141 0.593742906
i 0.147633400 0.687494543
i 0.122464659 0.656243998
i 0.172802141 0.656243998
i 0.122464659 0.718745089
i 0.172802141 0.718745089
i 0.147633400 0.812496726
i 0.122464659 0.781246180
i 0.172802141 0.781246180
i 0.122464659 0.843747272
i 0.172802141 0.843747272
i 0.147633400 0.937498909
i 0.122464659 0.906248363
i 0.172802141 0.906248363
i 0.122464659 0.968749454
i 0.248308365 0.062483630
i 0.223139624 0.031233084
i 0.273477106 0.031233084
i 0.223139624 0.093734176
i 0.273477106 0.093734176
i 0.248308365 0.187485813
i 0.223139624 0.156235267
i 0.273477106 0.156235267
i 0.223139624 0.218736358
i 0.273477106 0.218736358
i 0.248308365 0.312487995
i 0.223139624 0.281237450
i 0.273477106 0.281237450
i 0.223139624 0.343738541
i 0.273477106 0.343738541
i 0.248308365 0.437490178
i 0.223139624 0.406239632
i 0.273477106 0.406239632
i 0.223139624 0.468740724
i 0.273477106 0.468740724
i 0.248308365 0.562492361
i 0.223139624 0.531241815
i 0.273477106 0.531241815
i 0.223139624 0.593742906
i 0.273477106 0.593742906
i 0.248308365 0.687494543
i 0.223139624 0.656243998
i 0.273477106 0.656243998
i 0.223139624 0.718745089
i 0.273477106 0.718745089
i 0.248308365 0.812496726
i 0.223139624 0.781246180
i 0.273477106 0.781246180
i 0.223139624 0.843747272
i 0.273477106 0.843747272
i 0.348983330 0.062483630
i 0.323814589 0.031233084
i 0.374152071 0.031233084
i 0.323814589 0.093734176
i 0.374152071 0.093734176
i 0.348983330 0.187485813
i 0.323814589 0.156235267
i 0.374152071 0.156235267
i 0.323814589 0.218736358
i 0.374152071 0.218736358
i 0.348983330 0.312487995
i 0.323814589 0.281237450
i 0.374152071 0.281237450
i 0.323814589 0.343738541
i 0.374152071 0.343738541
i 0.348983330 0.437490178
i 0.323814589 0.406239632
i 0.374152071 0.406239632
i 0.323814589 0.468740724
i 0.374152071 0.468740724
i 0.348983330 0.562492361
i 0.323814589 0.531241815
i 0.374152071 0.531241815
i 0.323814589 0.593742906
i 0.374152071 0.593742906
i 0.348983330 0.687494543
i 0.323814589 0.656243998
i 0.374152071 0.656243998
i 0.323814589 0.718745089
i 0.374152071 0.718745089
i 0.449658295 0.062483630
i 0.424489554 0.031233084
i 0.474827036 0.031233084
i 0.424489554 0.093734176
i 0.474827036 0.093734176
i 0.449658295 0.187485813
i 0.424489554 0.156235267
i 0.474827036 0.156235267
i 0.424489554 0.218736358
i 0.474827036 0.218736358
i 0.449658295 0.312487995
i 0.424489554 0.281237450
i 0.474827036 0.281237450
i 0.424489554 0.343738541
i 0.474827036 0.343738541
i 0.449658295 0.437490178
i 0.424489554 0.406239632
i 0.474827036 0.406239632
i 0.424489554 0.468740724
i 0.474827036 0.468740724
i 0.449658295 0.562492361
i 0.424489554 0.531241815
i 0.474827036 0.531241815
i 0.424489554 0.593742906
i 0.474827036 0.593742906
i 0.550333260 0.062483630
i 0.525164519 0.031233084
i 0.575502001 0.031233084
i 0.525164519 0.093734176
i 0.575502001 0.093734176
i 0.550333260 0.187485813
i 0.525164519 0.156235267
i 0.575502001 0.156235267
i 0.525164519 0.218736358
i 0.575502001 0.218736358
i 0.550333260 0.312487995
i 0.525164519 0.281237450
i 0.575502001 0.281237450
i 0.525164519 0.343738541
i 0.575502001 0.343738541
i 0.550333260 0.437490178
i 0.525164519 0.406239632
i 0.575502001 0.406239632
i 0.525164519 0.468740724
i 0.575502001 0.468740724
i 0.651008225 0.062483630
i 0.625839484 0.031233084
i 0.676176966 0.031233084
i 0.625839484 0.093734176
i 0.676176966 0.093734176
i 0.651008225 0.187485813
i 0.625839484 0.156235267
i 0.676176966 0.156235267
i 0.625839484 0.218736358
i 0.676176966 0.218736358
i 0.651008225 0.312487995
i 0.625839484 0.281237450
i 0.676176966 0.281237450
i 0.625839484 0.343738541
i 0.676176966 0.343738541
i 0.651008225 0.437490178
i 0.625839484 0.406239632
i 0.676176966 0.406239632
i 0.625839484 0.468740724
i 0.751683190 0.062483630
i 0.726514449 0.031233084
i 0.776851931 0.031233084
i 0.726514449 0.093734176
i 0.776851931 0.093734176
i 0.751683190 0.187485813
i 0.726514449 0.156235267
i 0.776851931 0.156235267
i 0.726514449 0.218736358
i 0.776851931 0.218736358
i 0.751683190 0.312487995
i 0.726514449 0.281237450
i 0.776851931 0.281237450
i 0.726514449 0.343738541
i 0.852358155 0.062483630
i 0.827189414 0.031233084
i 0.877526896 0.031233084
i 0.827189414 0.093734176
i 0.877526896 0.093734176
tris
t 0 139 140
t 0 138 139
t 0 137 138
t 0 136 137
t 0 135 136
t 0 134 135
t 0 133 134
t 0 132 133
t 0 131 132
t 0 130 131
t 0 129 130
t 0 128 129
t 0 127 128
t 0 126 127
t 0 125 126
t 0 124 125
t 29 30 31
t 29 31 32
t 29 32 33
t 29 33 34
t 29 34 35
t 29 35 36
t 29 36 37
t 29 37 38
t 29 38 39
t 29 39 40
t 29 40 41
t 29 41 42
t 29 42 43
t 29 43 44
t 29 44 45
t 29 45 46
t 0 359 124
t 0 360 359
t 0 361 360
t 0 362 361
t 0 363 362
t 0 364 363
t 0 365 364
t 0 366 365
t 0 367 366
t 0 368 367
t 0 369 368
t 0 370 369
t 0 371 370
t 0 372 371
t 0 373 372
t 0 1 373
t 1 374 373
t 1 375 374
t 1 2 375
t 2 376 375
t 2 377 376
t 2 3 377
t 3 378 377
t 3 379 378
t 3 4 379
t 4 380 379
t 4 381 380
t 4 5 381
t 5 382 381
t 5 383 382
t 5 6 383
t 6 384 383
t 6 385 384
t 6 7 385
t 7 386 385
t 7 387 386
t 7 388 387
t 7 8 388
t 8 389 388
t 8 390 389
t 8 9 390
t 9 391 390
t 9 392 391
t 9 10 392
t 10 393 392
t 10 394 393
t 10 11 394
t 11 395 394
t 11 396 395
t 11 12 396
t 12 397 396
t 12 398 397
t 12 13 398
t 13 399 398
t 13 400 399
t 13 401 400
t 13 14 401
t 14 402 401
t 14 403 402
t 14 15 403
t 15 404 403
t 15 405 404
t 15 16 405
t 16 406 405
t 16 407 406
t 16 408 407
t 16 17 408
t 17 409 408
t 17 410 409
t 17 18 410
t 18 411 410
t 18 412 411
t 18 413 412
t 18 19 413
t 19 414 413
t 19 415 414
t 19 20 415
t 20 416 415
t 20 417 416
t 20 418 417
t 20 21 418
t 21 419 418
t 21 420 419
t 21 22 420
t 22 421 420
t 22 422 421
t 22 423 422
t 22 23 423
t 23 424 423
t 23 425 424
t 23 426 425
t 23 24 426
t 24 427 426
t 24 428 427
t 24 429 428
t 24 25 429
t 25 430 429
t 25 431 430
t 25 432 431
t 25 26 432
t 26 433 432
t 26 434 433
t 26 435 434
t 26 46 435
t 26 27 46
t 27 28 46
t 28 29 46
t 124 122 123
t 124 121 122
t 124 120 121
t 124 119 120
t 124 118 119
t 124 117 118
t 124 116 117
t 124 115 116
t 124 114 115
t 124 113 114
t 124 112 113
t 124 111 112
t 124 110 111
t 124 109 110
t 46 47 48
t 46 48 49
t 46 49 50
t 46 50 51
t 46 51 52
t 46 52 53
t 46 53 54
t 46 54 55
t 46 55 56
t 46 56 57
t 46 57 58
t 46 58 59
t 46 59 60
t 46 60 61
t 124 436 109
t 124 437 436
t 124 438 437
t 124 439 438
t 124 440 439
t 124 441 440
t 124 359 441
t 359 442 441
t 359 360 442
t 360 443 442
t 360 361 443
t 361 444 443
t 361 362 444
t 362 445 444
t 362 363 445
t 363 446 445
t 363 364 446
t 364 447 446
t 364 365 447
t 365 448 447
t 365 366 448
t 366 449 448
t 366 367 449
t 367 450 449
t 367 368 450
t 368 451 450
t 368 369 451
t 369 452 451
t 369 370 452
t 370 453 452
t 370 371 453
t 371 454 453
t 371 372 454
t 372 455 454
t 372 373 455
t 373 456 455
t 373 374 456
t 374 457 456
t 374 375 457
t 375 458 457
t 375 376 458
t 376 459 458
t 376 377 459
t 377 460 459
t 377 378 460
t 378 461 460
t 378 379 461
t 379 462 461
t 379 380 462
t 380 463 462
t 380 381 463
t 381 464 463
t 381 382 464
t 382 465 464
t 382 383 465
t 383 466 465
t 383 384 466
t 384 467 466
t 384 385 467
t 385 468 467
t 385 386 468
t 386 469 468
t 386 387 469
t 387 470 469
t 387 388 470
t 388 471 470
t 388 389 471
t 389 472 471
t 389 390 472
t 390 473 472
t 390 391 473
t 391 474 473
t 391 392 474
t 392 475 474
t 392 393 475
t 393 476 475
t 393 394 476
t 394 477 476
t 394 395 477
t 395 478 477
t 395 396 478
t 396 479 478
t 396 397 479
t 397 480 479
t 397 398 480
t 398 481 480
t 398 399 481
t 399 482 481
t 399 400 482
t 400 483 482
t 400 401 483
t 401 484 483
t 401 402 484
t 402 485 484
t 402 403 485
t 403 486 485
t 403 404 486
t 404 487 486
t 404 405 487
t 405 488 487
t 405 406 488
t 406 489 488
t 406 407 489
t 407 490 489
t 407 408 490
t 408 491 490
t 408 409 491
t 409 492 491
t 409 410 492
t 410 493 492
t 410 411 493
t 411 494 493
t 411 412 494
t 412 495 494
t 412 413 495
t 413 61 495
t 413 414 61
t 414 415 61
t 415 416 61
t 416 417 61
t 417 418 61
t 418 419 61
t 419 420 61
t 420 421 61
t 421 422 61
t 422 423 61
t 423 424 61
t 424 425 61
t 425 426 61
t 426 427 61
t 427 428 61
t 428 429 61
t 429 430 61
t 430 431 61
t 431 432 61
t 432 433 61
t 433 434 61
t 434 435 61
t 435 46 61
t 109 107 108
t 109 106 107
t 109 105 106
t 109 104 105
t 109 103 104
t 109 102 103
t 109 101 102
t 109 100 101
t 109 99 100
t 109 98 99
t 109 97 98
t 61 62 63
t 61 63 64
t 61 64 65
t 61 65 66
t 61 66 67
t 61 67 68
t 61 68 69
t 61 69 70
t 61 70 71
t 61 71 72
t 61 72 73
t 109 496 97
t 109 497 496
t 109 498 497
t 109 499 498
t 109 500 499
t 109 501 500
t 109 436 501
t 436 502 501
t 436 437 502
t 437 503 502
t 437 438 503
t 438 504 503
t 438 439 504
t 439 505 504
t 439 440 505
t 440 506 505
t 440 441 506
t 441 507 506
t 441 442 507
t 442 508 507
t 442 443 508
t 443 509 508
t 443 444 509
t 444 510 509
t 444 445 510
t 445 511 510
t 445 446 511
t 446 512 511
t 446 447 512
t 447 513 512
t 447 448 513
t 448 514 513
t 448 449 514
t 449 515 514
t 449 450 515
t 450 516 515
t 450 451 516
t 451 517 516
t 451 452 517
t 452 518 517
t 452 453 518
t 453 519 518
t 453 454 519
t 454 520 519
t 454 455 520
t 455 521 520
t 455 456 521
t 456 522 521
t 456 457 522
t 457 523 522
t 457 458 523
t 458 524 523
t 458 459 524
t 459 525 524
t 459 460 525
t 460 526 525
t 460 461 526
t 461 527 526
t 461 462 527
t 462 528 527
t 462 463 528
t 463 529 528
t 463 464 529
t 464 530 529
t 464 465 530
t 465 531 530
t 465 466 531
t 466 532 531
t 466 467 532
t 467 533 532
t 467 468 533
t 468 534 533
t 468 469 534
t 469 535 534
t 469 470 535
t 470 536 535
t 470 471 536
t 471 537 536
t 471 472 537
t 472 538 537
t 472 473 538
t 473 539 538
t 473 474 539
t 474 540 539
t 474 475 540
t 475 73 540
t 475 476 73
t 476 477 73
t 477 478 73
t 478 479 73
t 479 480 73
t 480 481 73
t 481 482 73
t 482 483 73
t 483 484 73
t 484 485 73
t 485 486 73
t 486 487 73
t 487 488 73
t 488 489 73
t 489 490 73
t 490 491 73
t 491 492 73
t 492 493 73
t 493 494 73
t 494 495 73
t 495 61 73
t 97 95 96
t 97 94 95
t 97 93 94
t 97 92 93
t 97 91 92
t 97 90 91
t 97 89 90
t 97 88 89
t 97 87 88
t 97 86 87
t 97 85 86
t 73 74 75
t 73 75 76
t 73 76 77
t 73 77 78
t 73 78 79
t 73 79 80
t 73 80 81
t 73 81 82
t 73 82 83
t 73 83 84
t 73 84 85
t 97 496 85
t 496 497 85
t 497 498 85
t 498 499 85
t 499 500 85
t 500 501 85
t 501 502 85
t 502 503 85
t 503 504 85
t 504 505 85
t 505 506 85
t 506 507 85
t 507 508 85
t 508 509 85
t 509 510 85
t 510 511 85
t 511 512 85
t 512 513 85
t 513 514 85
t 514 515 85
t 515 516 85
t 516 517 85
t 517 518 85
t 518 519 85
t 519 520 85
t 520 521 85
t 521 522 85
t 522 523 85
t 523 524 85
t 524 525 85
t 525 526 85
t 526 527 85
t 527 528 85
t 528 529 85
t 529 530 85
t 530 531 85
t 531 532 85
t 532 533 85
t 533 534 85
t 534 535 85
t 535 536 85
t 536 537 85
t 537 538 85
t 538 539 85
t 539 540 85
t 540 73 85
