type=Nurbs forward=true n_boundary=220 n_holes=0 n_interior=369 n_tris=726 label=brep62542_f60_Nurbs(deg=3/3, cps=4x5)
boundary
b 0.878863649 0.452206879
b 0.863750493 0.452207573
b 0.848735842 0.452208698
b 0.833814932 0.452210178
b 0.818983162 0.452211939
b 0.804236073 0.452213907
b 0.789569329 0.452216008
b 0.774978691 0.452218169
b 0.760459999 0.452220318
b 0.746009157 0.452222381
b 0.731622105 0.452224287
b 0.717294811 0.452225963
b 0.703023246 0.452227337
b 0.688803367 0.452228339
b 0.674631157 0.452228934
b 0.660502744 0.452229159
b 0.646414384 0.452229061
b 0.632362441 0.452228683
b 0.618343366 0.452228071
b 0.604353677 0.452227270
b 0.590389945 0.452226324
b 0.576448774 0.452225279
b 0.562526786 0.452224177
b 0.548620599 0.452223064
b 0.534726815 0.452221984
b 0.520842001 0.452220981
b 0.506962671 0.452220098
b 0.493085268 0.452219380
b 0.479206168 0.452218834
b 0.465321770 0.452218437
b 0.451428538 0.452218165
b 0.437522994 0.452217992
b 0.423601689 0.452217894
b 0.409661196 0.452217846
b 0.395698086 0.452217822
b 0.381708916 0.452217797
b 0.367690205 0.452217748
b 0.353638423 0.452217649
b 0.339549969 0.452217475
b 0.325421152 0.452217201
b 0.311248175 0.452216802
b 0.297027119 0.452216256
b 0.282753995 0.452215575
b 0.268424827 0.452214785
b 0.254035656 0.452213914
b 0.239582517 0.452212990
b 0.225061424 0.452212039
b 0.210468355 0.452211089
b 0.195799225 0.452210167
b 0.181049875 0.452209303
b 0.166216049 0.452208522
b 0.151293373 0.452207853
b 0.136277333 0.452207324
b 0.121163257 0.452206963
b 0.105946287 0.452206798
b 0.105946198 0.451975485
b 0.105945981 0.451744095
b 0.105945645 0.451512628
b 0.105945197 0.451281083
b 0.105944646 0.451049462
b 0.105944000 0.450817763
b 0.105943268 0.450585987
b 0.105942458 0.450354134
b 0.105941578 0.450122204
b 0.105940637 0.449890196
b 0.105939644 0.449658110
b 0.105938606 0.449425947
b 0.105937532 0.449193706
b 0.105936430 0.448961388
b 0.105935310 0.448728992
b 0.105934178 0.448496518
b 0.105933044 0.448263966
b 0.105931917 0.448031337
b 0.105930803 0.447798629
b 0.105929713 0.447565843
b 0.105928654 0.447332980
b 0.105927634 0.447100038
b 0.105926662 0.446867018
b 0.105925747 0.446633919
b 0.105924897 0.446400743
b 0.105924120 0.446167488
b 0.105923425 0.445934155
b 0.105922819 0.445700743
b 0.105922305 0.445467252
b 0.105921878 0.445233683
b 0.105921531 0.445000036
b 0.105921261 0.444766309
b 0.105921061 0.444532504
b 0.105920926 0.444298620
b 0.105920851 0.444064657
b 0.105920832 0.443830615
b 0.105920862 0.443596494
b 0.105920936 0.443362294
b 0.105921050 0.443128015
b 0.105921197 0.442893656
b 0.105921373 0.442659219
b 0.105921572 0.442424701
b 0.105921789 0.442190105
b 0.105922020 0.441955428
b 0.105922257 0.441720672
b 0.105922498 0.441485837
b 0.105922735 0.441250921
b 0.105922965 0.441015926
b 0.105923181 0.440780851
b 0.105923379 0.440545696
b 0.105923553 0.440310461
b 0.105923698 0.440075145
b 0.105923808 0.439839750
b 0.105923877 0.439604274
b 0.105923896 0.439368718
b 0.120858539 0.439368621
b 0.135693753 0.439368396
b 0.150434169 0.439368059
b 0.165084244 0.439367627
b 0.179648286 0.439367117
b 0.194130474 0.439366544
b 0.208534876 0.439365926
b 0.222865470 0.439365280
b 0.237126160 0.439364620
b 0.251320796 0.439363964
b 0.265453187 0.439363327
b 0.279527122 0.439362726
b 0.293546384 0.439362178
b 0.307514768 0.439361698
b 0.321436060 0.439361293
b 0.335313948 0.439360956
b 0.349152003 0.439360674
b 0.362953695 0.439360438
b 0.376722414 0.439360236
b 0.390461484 0.439360057
b 0.404174179 0.439359890
b 0.417863742 0.439359726
b 0.431533397 0.439359552
b 0.445186369 0.439359359
b 0.458825895 0.439359135
b 0.472455244 0.439358869
b 0.486077729 0.439358550
b 0.499696727 0.439358169
b 0.513315663 0.439357721
b 0.526937928 0.439357210
b 0.540566851 0.439356640
b 0.554205712 0.439356013
b 0.567857755 0.439355333
b 0.581526209 0.439354605
b 0.595214302 0.439353832
b 0.608925273 0.439353016
b 0.622662393 0.439352163
b 0.636428976 0.439351275
b 0.650228401 0.439350356
b 0.664064124 0.439349410
b 0.677939696 0.439348440
b 0.691858782 0.439347455
b 0.705825140 0.439346513
b 0.719842531 0.439345695
b 0.733914701 0.439345083
b 0.748045399 0.439344760
b 0.762238392 0.439344809
b 0.776497483 0.439345314
b 0.790826525 0.439346359
b 0.805229445 0.439348027
b 0.819710254 0.439350404
b 0.834273072 0.439353575
b 0.848922145 0.439357627
b 0.863661865 0.439362645
b 0.878496790 0.439368718
b 0.878795993 0.439603254
b 0.879094645 0.439837744
b 0.879392743 0.440072189
b 0.879690283 0.440306588
b 0.879987263 0.440540942
b 0.880283680 0.440775251
b 0.880579531 0.441009516
b 0.880874815 0.441243736
b 0.881169528 0.441477912
b 0.881463668 0.441712044
b 0.881757233 0.441946133
b 0.882050219 0.442180178
b 0.882342624 0.442414180
b 0.882634445 0.442648139
b 0.882925679 0.442882056
b 0.883216324 0.443115930
b 0.883506378 0.443349763
b 0.883795836 0.443583553
b 0.884084696 0.443817302
b 0.884372956 0.444051010
b 0.884660612 0.444284676
b 0.884947661 0.444518302
b 0.885234102 0.444751887
b 0.885519929 0.444985432
b 0.885805142 0.445218937
b 0.886089736 0.445452402
b 0.886373708 0.445685828
b 0.886657056 0.445919214
b 0.886939780 0.446152561
b 0.887221881 0.446385869
b 0.887503364 0.446619139
b 0.887784230 0.446852370
b 0.888064483 0.447085564
b 0.888344126 0.447318719
b 0.888623160 0.447551837
b 0.888901590 0.447784918
b 0.889179417 0.448017962
b 0.889456644 0.448250968
b 0.889733275 0.448483939
b 0.890009311 0.448716872
b 0.890284755 0.448949770
b 0.890559611 0.449182632
b 0.890833879 0.449415459
b 0.891107564 0.449648250
b 0.891380667 0.449881005
b 0.891653191 0.450113727
b 0.891925139 0.450346413
b 0.892196513 0.450579065
b 0.892467316 0.450811683
b 0.892737549 0.451044267
b 0.893007215 0.451276818
b 0.893276318 0.451509335
b 0.893544858 0.451741820
b 0.893812839 0.451974271
b 0.894080263 0.452206690
interior
i 0.204440761 0.440955310
i 0.302960690 0.440955310
i 0.401480618 0.440955310
i 0.500000547 0.440955310
i 0.598520476 0.440955310
i 0.697040405 0.440955310
i 0.795560334 0.440955310
i 0.204440761 0.442565860
i 0.302960690 0.442565860
i 0.401480618 0.442565860
i 0.500000547 0.442565860
i 0.598520476 0.442565860
i 0.697040405 0.442565860
i 0.795560334 0.442565860
i 0.204440761 0.444176410
i 0.302960690 0.444176410
i 0.401480618 0.444176410
i 0.500000547 0.444176410
i 0.598520476 0.444176410
i 0.697040405 0.444176410
i 0.795560334 0.444176410
i 0.204440761 0.445786960
i 0.302960690 0.445786960
i 0.401480618 0.445786960
i 0.500000547 0.445786960
i 0.598520476 0.445786960
i 0.697040405 0.445786960
i 0.795560334 0.445786960
i 0.204440761 0.447397510
i 0.302960690 0.447397510
i 0.401480618 0.447397510
i 0.500000547 0.447397510
i 0.598520476 0.447397510
i 0.697040405 0.447397510
i 0.795560334 0.447397510
i 0.204440761 0.449008060
i 0.302960690 0.449008060
i 0.401480618 0.449008060
i 0.500000547 0.449008060
i 0.598520476 0.449008060
i 0.697040405 0.449008060
i 0.795560334 0.449008060
i 0.204440761 0.450618609
i 0.302960690 0.450618609
i 0.401480618 0.450618609
i 0.500000547 0.450618609
i 0.598520476 0.450618609
i 0.697040405 0.450618609
i 0.795560334 0.450618609
i 0.155180796 0.440150035
i 0.130550814 0.439747398
i 0.179810778 0.439747398
i 0.130550814 0.440552672
i 0.179810778 0.440552672
i 0.155180796 0.441760585
i 0.130550814 0.441357947
i 0.179810778 0.441357947
i 0.130550814 0.442163222
i 0.179810778 0.442163222
i 0.155180796 0.443371135
i 0.130550814 0.442968497
i 0.179810778 0.442968497
i 0.130550814 0.443773772
i 0.179810778 0.443773772
i 0.155180796 0.444981685
i 0.130550814 0.444579047
i 0.179810778 0.444579047
i 0.130550814 0.445384322
i 0.179810778 0.445384322
i 0.155180796 0.446592235
i 0.130550814 0.446189597
i 0.179810778 0.446189597
i 0.130550814 0.446994872
i 0.179810778 0.446994872
i 0.155180796 0.448202785
i 0.130550814 0.447800147
i 0.179810778 0.447800147
i 0.130550814 0.448605422
i 0.179810778 0.448605422
i 0.155180796 0.449813335
i 0.130550814 0.449410697
i 0.179810778 0.449410697
i 0.130550814 0.450215972
i 0.179810778 0.450215972
i 0.155180796 0.451423884
i 0.130550814 0.451021247
i 0.179810778 0.451021247
i 0.130550814 0.451826522
i 0.179810778 0.451826522
i 0.253700725 0.440150035
i 0.229070743 0.439747398
i 0.278330707 0.439747398
i 0.229070743 0.440552672
i 0.278330707 0.440552672
i 0.253700725 0.441760585
i 0.229070743 0.441357947
i 0.278330707 0.441357947
i 0.229070743 0.442163222
i 0.278330707 0.442163222
i 0.253700725 0.443371135
i 0.229070743 0.442968497
i 0.278330707 0.442968497
i 0.229070743 0.443773772
i 0.278330707 0.443773772
i 0.253700725 0.444981685
i 0.229070743 0.444579047
i 0.278330707 0.444579047
i 0.229070743 0.445384322
i 0.278330707 0.445384322
i 0.253700725 0.446592235
i 0.229070743 0.446189597
i 0.278330707 0.446189597
i 0.229070743 0.446994872
i 0.278330707 0.446994872
i 0.253700725 0.448202785
i 0.229070743 0.447800147
i 0.278330707 0.447800147
i 0.229070743 0.448605422
i 0.278330707 0.448605422
i 0.253700725 0.449813335
i 0.229070743 0.449410697
i 0.278330707 0.449410697
i 0.229070743 0.450215972
i 0.278330707 0.450215972
i 0.253700725 0.451423884
i 0.229070743 0.451021247
i 0.278330707 0.451021247
i 0.229070743 0.451826522
i 0.278330707 0.451826522
i 0.352220654 0.440150035
i 0.327590672 0.439747398
i 0.376850636 0.439747398
i 0.327590672 0.440552672
i 0.376850636 0.440552672
i 0.352220654 0.441760585
i 0.327590672 0.441357947
i 0.376850636 0.441357947
i 0.327590672 0.442163222
i 0.376850636 0.442163222
i 0.352220654 0.443371135
i 0.327590672 0.442968497
i 0.376850636 0.442968497
i 0.327590672 0.443773772
i 0.376850636 0.443773772
i 0.352220654 0.444981685
i 0.327590672 0.444579047
i 0.376850636 0.444579047
i 0.327590672 0.445384322
i 0.376850636 0.445384322
i 0.352220654 0.446592235
i 0.327590672 0.446189597
i 0.376850636 0.446189597
i 0.327590672 0.446994872
i 0.376850636 0.446994872
i 0.352220654 0.448202785
i 0.327590672 0.447800147
i 0.376850636 0.447800147
i 0.327590672 0.448605422
i 0.376850636 0.448605422
i 0.352220654 0.449813335
i 0.327590672 0.449410697
i 0.376850636 0.449410697
i 0.327590672 0.450215972
i 0.376850636 0.450215972
i 0.352220654 0.451423884
i 0.327590672 0.451021247
i 0.376850636 0.451021247
i 0.327590672 0.451826522
i 0.376850636 0.451826522
i 0.450740583 0.440150035
i 0.426110601 0.439747398
i 0.475370565 0.439747398
i 0.426110601 0.440552672
i 0.475370565 0.440552672
i 0.450740583 0.441760585
i 0.426110601 0.441357947
i 0.475370565 0.441357947
i 0.426110601 0.442163222
i 0.475370565 0.442163222
i 0.450740583 0.443371135
i 0.426110601 0.442968497
i 0.475370565 0.442968497
i 0.426110601 0.443773772
i 0.475370565 0.443773772
i 0.450740583 0.444981685
i 0.426110601 0.444579047
i 0.475370565 0.444579047
i 0.426110601 0.445384322
i 0.475370565 0.445384322
i 0.450740583 0.446592235
i 0.426110601 0.446189597
i 0.475370565 0.446189597
i 0.426110601 0.446994872
i 0.475370565 0.446994872
i 0.450740583 0.448202785
i 0.426110601 0.447800147
i 0.475370565 0.447800147
i 0.426110601 0.448605422
i 0.475370565 0.448605422
i 0.450740583 0.449813335
i 0.426110601 0.449410697
i 0.475370565 0.449410697
i 0.426110601 0.450215972
i 0.475370565 0.450215972
i 0.450740583 0.451423884
i 0.426110601 0.451021247
i 0.475370565 0.451021247
i 0.426110601 0.451826522
i 0.475370565 0.451826522
i 0.549260512 0.440150035
i 0.524630529 0.439747398
i 0.573890494 0.439747398
i 0.524630529 0.440552672
i 0.573890494 0.440552672
i 0.549260512 0.441760585
i 0.524630529 0.441357947
i 0.573890494 0.441357947
i 0.524630529 0.442163222
i 0.573890494 0.442163222
i 0.549260512 0.443371135
i 0.524630529 0.442968497
i 0.573890494 0.442968497
i 0.524630529 0.443773772
i 0.573890494 0.443773772
i 0.549260512 0.444981685
i 0.524630529 0.444579047
i 0.573890494 0.444579047
i 0.524630529 0.445384322
i 0.573890494 0.445384322
i 0.549260512 0.446592235
i 0.524630529 0.446189597
i 0.573890494 0.446189597
i 0.524630529 0.446994872
i 0.573890494 0.446994872
i 0.549260512 0.448202785
i 0.524630529 0.447800147
i 0.573890494 0.447800147
i 0.524630529 0.448605422
i 0.573890494 0.448605422
i 0.549260512 0.449813335
i 0.524630529 0.449410697
i 0.573890494 0.449410697
i 0.524630529 0.450215972
i 0.573890494 0.450215972
i 0.549260512 0.451423884
i 0.524630529 0.451021247
i 0.573890494 0.451021247
i 0.524630529 0.451826522
i 0.573890494 0.451826522
i 0.647780441 0.440150035
i 0.623150458 0.439747398
i 0.672410423 0.439747398
i 0.623150458 0.440552672
i 0.672410423 0.440552672
i 0.647780441 0.441760585
i 0.623150458 0.441357947
i 0.672410423 0.441357947
i 0.623150458 0.442163222
i 0.672410423 0.442163222
i 0.647780441 0.443371135
i 0.623150458 0.442968497
i 0.672410423 0.442968497
i 0.623150458 0.443773772
i 0.672410423 0.443773772
i 0.647780441 0.444981685
i 0.623150458 0.444579047
i 0.672410423 0.444579047
i 0.623150458 0.445384322
i 0.672410423 0.445384322
i 0.647780441 0.446592235
i 0.623150458 0.446189597
i 0.672410423 0.446189597
i 0.623150458 0.446994872
i 0.672410423 0.446994872
i 0.647780441 0.448202785
i 0.623150458 0.447800147
i 0.672410423 0.447800147
i 0.623150458 0.448605422
i 0.672410423 0.448605422
i 0.647780441 0.449813335
i 0.623150458 0.449410697
i 0.672410423 0.449410697
i 0.623150458 0.450215972
i 0.672410423 0.450215972
i 0.647780441 0.451423884
i 0.623150458 0.451021247
i 0.672410423 0.451021247
i 0.623150458 0.451826522
i 0.672410423 0.451826522
i 0.746300369 0.440150035
i 0.721670387 0.439747398
i 0.770930352 0.439747398
i 0.721670387 0.440552672
i 0.770930352 0.440552672
i 0.746300369 0.441760585
i 0.721670387 0.441357947
i 0.770930352 0.441357947
i 0.721670387 0.442163222
i 0.770930352 0.442163222
i 0.746300369 0.443371135
i 0.721670387 0.442968497
i 0.770930352 0.442968497
i 0.721670387 0.443773772
i 0.770930352 0.443773772
i 0.746300369 0.444981685
i 0.721670387 0.444579047
i 0.770930352 0.444579047
i 0.721670387 0.445384322
i 0.770930352 0.445384322
i 0.746300369 0.446592235
i 0.721670387 0.446189597
i 0.770930352 0.446189597
i 0.721670387 0.446994872
i 0.770930352 0.446994872
i 0.746300369 0.448202785
i 0.721670387 0.447800147
i 0.770930352 0.447800147
i 0.721670387 0.448605422
i 0.770930352 0.448605422
i 0.746300369 0.449813335
i 0.721670387 0.449410697
i 0.770930352 0.449410697
i 0.721670387 0.450215972
i 0.770930352 0.450215972
i 0.746300369 0.451423884
i 0.721670387 0.451021247
i 0.770930352 0.451021247
i 0.721670387 0.451826522
i 0.770930352 0.451826522
i 0.844820298 0.440150035
i 0.820190316 0.439747398
i 0.869450280 0.439747398
i 0.820190316 0.440552672
i 0.869450280 0.440552672
i 0.844820298 0.441760585
i 0.820190316 0.441357947
i 0.869450280 0.441357947
i 0.820190316 0.442163222
i 0.869450280 0.442163222
i 0.844820298 0.443371135
i 0.820190316 0.442968497
i 0.869450280 0.442968497
i 0.820190316 0.443773772
i 0.869450280 0.443773772
i 0.844820298 0.444981685
i 0.820190316 0.444579047
i 0.869450280 0.444579047
i 0.820190316 0.445384322
i 0.869450280 0.445384322
i 0.844820298 0.446592235
i 0.820190316 0.446189597
i 0.869450280 0.446189597
i 0.820190316 0.446994872
i 0.869450280 0.446994872
i 0.844820298 0.448202785
i 0.820190316 0.447800147
i 0.869450280 0.447800147
i 0.820190316 0.448605422
i 0.869450280 0.448605422
i 0.844820298 0.449813335
i 0.820190316 0.449410697
i 0.869450280 0.449410697
i 0.820190316 0.450215972
i 0.869450280 0.450215972
i 0.844820298 0.451423884
i 0.820190316 0.451021247
i 0.869450280 0.451021247
i 0.820190316 0.451826522
i 0.869450280 0.451826522
tris
t 155 153 154
t 155 152 153
t 155 151 152
t 155 150 151
t 155 149 150
t 155 148 149
t 155 147 148
t 155 146 147
t 155 145 146
t 155 144 145
t 155 143 144
t 155 142 143
t 155 141 142
t 155 140 141
t 155 139 140
t 155 138 139
t 155 137 138
t 155 136 137
t 155 135 136
t 155 134 135
t 155 133 134
t 155 132 133
t 155 131 132
t 155 130 131
t 155 129 130
t 155 128 129
t 155 127 128
t 155 126 127
t 155 125 126
t 155 124 125
t 155 123 124
t 155 122 123
t 155 121 122
t 155 120 121
t 155 119 120
t 155 156 157
t 155 157 158
t 155 158 159
t 155 159 160
t 155 160 161
t 155 161 162
t 155 162 163
t 155 163 164
t 155 164 165
t 155 165 166
t 155 166 167
t 155 167 168
t 155 168 169
t 155 169 170
t 155 170 171
t 155 171 172
t 155 172 173
t 155 589 119
t 155 590 589
t 155 591 590
t 155 592 591
t 155 593 592
t 155 594 593
t 155 595 594
t 155 596 595
t 155 597 596
t 155 598 597
t 155 599 598
t 155 600 599
t 155 601 600
t 155 602 601
t 155 603 602
t 155 604 603
t 155 605 604
t 155 606 605
t 155 607 606
t 155 608 607
t 155 609 608
t 155 610 609
t 155 611 610
t 155 612 611
t 155 613 612
t 155 614 613
t 155 615 614
t 155 616 615
t 155 617 616
t 155 618 617
t 155 619 618
t 155 620 619
t 155 621 620
t 155 622 621
t 155 623 622
t 155 624 623
t 155 625 624
t 155 626 625
t 155 627 626
t 155 628 627
t 155 629 628
t 155 630 629
t 155 631 630
t 155 632 631
t 155 633 632
t 155 634 633
t 155 635 634
t 155 636 635
t 155 637 636
t 155 638 637
t 155 639 638
t 155 640 639
t 155 641 640
t 155 642 641
t 155 643 642
t 155 644 643
t 155 645 644
t 155 646 645
t 155 647 646
t 155 648 647
t 155 649 648
t 155 650 649
t 155 651 650
t 155 652 651
t 155 653 652
t 155 654 653
t 155 655 654
t 155 656 655
t 155 657 656
t 155 658 657
t 155 659 658
t 155 660 659
t 155 661 660
t 155 662 661
t 155 663 662
t 155 664 663
t 155 665 664
t 155 666 665
t 155 667 666
t 155 668 667
t 155 669 668
t 155 670 669
t 155 671 670
t 155 672 671
t 155 673 672
t 155 674 673
t 155 675 674
t 155 676 675
t 155 677 676
t 155 678 677
t 155 679 678
t 155 680 679
t 155 681 680
t 155 682 681
t 155 683 682
t 155 684 683
t 155 685 684
t 155 686 685
t 155 173 686
t 119 117 118
t 119 116 117
t 119 115 116
t 119 114 115
t 119 113 114
t 119 112 113
t 119 111 112
t 119 110 111
t 119 109 110
t 119 108 109
t 119 107 108
t 119 106 107
t 119 105 106
t 119 104 105
t 119 103 104
t 119 102 103
t 119 101 102
t 119 100 101
t 119 99 100
t 119 98 99
t 119 97 98
t 119 96 97
t 119 95 96
t 119 94 95
t 119 93 94
t 119 92 93
t 119 91 92
t 119 90 91
t 119 89 90
t 119 88 89
t 119 87 88
t 119 86 87
t 119 85 86
t 119 84 85
t 119 83 84
t 119 82 83
t 173 174 175
t 173 175 176
t 173 176 177
t 173 177 178
t 173 178 179
t 173 179 180
t 173 180 181
t 173 181 182
t 173 182 183
t 173 183 184
t 173 184 185
t 173 185 186
t 173 186 187
t 173 187 188
t 173 188 189
t 173 189 190
t 173 190 191
t 119 687 82
t 119 688 687
t 119 689 688
t 119 690 689
t 119 691 690
t 119 692 691
t 119 693 692
t 119 694 693
t 119 695 694
t 119 696 695
t 119 697 696
t 119 698 697
t 119 699 698
t 119 700 699
t 119 701 700
t 119 702 701
t 119 703 702
t 119 704 703
t 119 705 704
t 119 706 705
t 119 707 706
t 119 708 707
t 119 709 708
t 119 710 709
t 119 711 710
t 119 712 711
t 119 713 712
t 119 714 713
t 119 715 714
t 119 716 715
t 119 717 716
t 119 718 717
t 119 719 718
t 119 720 719
t 119 721 720
t 119 722 721
t 119 723 722
t 119 724 723
t 119 725 724
t 119 726 725
t 119 589 726
t 589 727 726
t 589 590 727
t 590 728 727
t 590 591 728
t 591 729 728
t 591 592 729
t 592 730 729
t 592 593 730
t 593 731 730
t 593 594 731
t 594 732 731
t 594 595 732
t 595 733 732
t 595 596 733
t 596 734 733
t 596 597 734
t 597 735 734
t 597 598 735
t 598 736 735
t 598 599 736
t 599 737 736
t 599 600 737
t 600 738 737
t 600 601 738
t 601 739 738
t 601 602 739
t 602 740 739
t 602 603 740
t 603 741 740
t 603 604 741
t 604 742 741
t 604 605 742
t 605 743 742
t 605 606 743
t 606 744 743
t 606 607 744
t 607 745 744
t 607 608 745
t 608 746 745
t 608 609 746
t 609 747 746
t 609 610 747
t 610 748 747
t 610 611 748
t 611 749 748
t 611 612 749
t 612 750 749
t 612 613 750
t 613 751 750
t 613 614 751
t 614 752 751
t 614 615 752
t 615 753 752
t 615 616 753
t 616 754 753
t 616 617 754
t 617 755 754
t 617 618 755
t 618 756 755
t 618 619 756
t 619 757 756
t 619 620 757
t 620 758 757
t 620 621 758
t 621 759 758
t 621 622 759
t 622 760 759
t 622 623 760
t 623 761 760
t 623 624 761
t 624 762 761
t 624 625 762
t 625 763 762
t 625 626 763
t 626 764 763
t 626 627 764
t 627 765 764
t 627 628 765
t 628 766 765
t 628 629 766
t 629 767 766
t 629 630 767
t 630 768 767
t 630 631 768
t 631 769 768
t 631 632 769
t 632 770 769
t 632 633 770
t 633 771 770
t 633 634 771
t 634 772 771
t 634 635 772
t 635 773 772
t 635 636 773
t 636 774 773
t 636 637 774
t 637 775 774
t 637 638 775
t 638 776 775
t 638 639 776
t 639 777 776
t 639 640 777
t 640 778 777
t 640 641 778
t 641 779 778
t 641 642 779
t 642 780 779
t 642 643 780
t 643 781 780
t 643 644 781
t 644 782 781
t 644 645 782
t 645 783 782
t 645 646 783
t 646 784 783
t 646 647 784
t 647 785 784
t 647 648 785
t 648 786 785
t 648 649 786
t 649 787 786
t 649 650 787
t 650 788 787
t 650 651 788
t 651 789 788
t 651 652 789
t 652 790 789
t 652 653 790
t 653 791 790
t 653 654 791
t 654 792 791
t 654 655 792
t 655 793 792
t 655 656 793
t 656 794 793
t 656 657 794
t 657 795 794
t 657 658 795
t 658 796 795
t 658 659 796
t 659 797 796
t 659 660 797
t 660 798 797
t 660 661 798
t 661 799 798
t 661 662 799
t 662 800 799
t 662 663 800
t 663 801 800
t 663 664 801
t 664 802 801
t 664 665 802
t 665 803 802
t 665 666 803
t 666 804 803
t 666 667 804
t 667 805 804
t 667 668 805
t 668 806 805
t 668 669 806
t 669 807 806
t 669 670 807
t 670 808 807
t 670 671 808
t 671 809 808
t 671 672 809
t 672 810 809
t 672 673 810
t 673 811 810
t 673 674 811
t 674 812 811
t 674 675 812
t 675 813 812
t 675 676 813
t 676 814 813
t 676 677 814
t 677 815 814
t 677 678 815
t 678 816 815
t 678 679 816
t 679 817 816
t 679 680 817
t 680 818 817
t 680 681 818
t 681 819 818
t 681 682 819
t 682 820 819
t 682 683 820
t 683 821 820
t 683 684 821
t 684 822 821
t 684 685 822
t 685 823 822
t 685 686 823
t 686 824 823
t 686 173 824
t 173 825 824
t 173 826 825
t 173 827 826
t 173 828 827
t 173 829 828
t 173 830 829
t 173 831 830
t 173 832 831
t 173 833 832
t 173 834 833
t 173 835 834
t 173 836 835
t 173 837 836
t 173 838 837
t 173 839 838
t 173 840 839
t 173 841 840
t 173 842 841
t 173 191 842
t 82 80 81
t 82 79 80
t 82 78 79
t 82 77 78
t 82 76 77
t 82 75 76
t 82 74 75
t 82 73 74
t 82 72 73
t 82 71 72
t 82 70 71
t 82 69 70
t 82 68 69
t 82 67 68
t 82 66 67
t 82 65 66
t 82 64 65
t 82 63 64
t 82 62 63
t 82 61 62
t 82 60 61
t 82 59 60
t 82 58 59
t 82 57 58
t 82 56 57
t 82 55 56
t 82 54 55
t 82 53 54
t 82 52 53
t 82 51 52
t 82 50 51
t 82 49 50
t 82 48 49
t 82 47 48
t 82 46 47
t 82 45 46
t 82 44 45
t 82 43 44
t 82 42 43
t 82 41 42
t 82 40 41
t 82 39 40
t 82 38 39
t 82 37 38
t 82 36 37
t 82 35 36
t 82 34 35
t 82 33 34
t 82 32 33
t 82 31 32
t 82 30 31
t 82 29 30
t 82 28 29
t 82 27 28
t 82 26 27
t 82 25 26
t 82 24 25
t 82 23 24
t 82 22 23
t 82 21 22
t 82 20 21
t 82 19 20
t 82 18 19
t 82 17 18
t 82 16 17
t 82 15 16
t 191 192 193
t 191 193 194
t 191 194 195
t 191 195 196
t 191 196 197
t 191 197 198
t 191 198 199
t 191 199 200
t 191 200 201
t 191 201 202
t 191 202 203
t 191 203 204
t 191 204 205
t 191 205 206
t 191 206 207
t 191 207 208
t 191 208 209
t 191 209 210
t 191 210 211
t 191 211 212
t 191 212 213
t 191 213 214
t 191 214 215
t 191 215 216
t 191 216 217
t 191 217 218
t 191 218 219
t 191 219 0
t 191 0 1
t 191 1 2
t 191 2 3
t 191 3 4
t 191 4 5
t 191 5 6
t 191 6 7
t 191 7 8
t 191 8 9
t 191 9 10
t 191 10 11
t 191 11 12
t 191 12 13
t 191 13 14
t 191 14 15
t 82 687 15
t 687 688 15
t 688 689 15
t 689 690 15
t 690 691 15
t 691 692 15
t 692 693 15
t 693 694 15
t 694 695 15
t 695 696 15
t 696 697 15
t 697 698 15
t 698 699 15
t 699 700 15
t 700 701 15
t 701 702 15
t 702 703 15
t 703 704 15
t 704 705 15
t 705 706 15
t 706 707 15
t 707 708 15
t 708 709 15
t 709 710 15
t 710 711 15
t 711 712 15
t 712 713 15
t 713 714 15
t 714 715 15
t 715 716 15
t 716 717 15
t 717 718 15
t 718 719 15
t 719 720 15
t 720 721 15
t 721 722 15
t 722 723 15
t 723 724 15
t 724 725 15
t 725 726 15
t 726 727 15
t 727 728 15
t 728 729 15
t 729 730 15
t 730 731 15
t 731 732 15
t 732 733 15
t 733 734 15
t 734 735 15
t 735 736 15
t 736 737 15
t 737 738 15
t 738 739 15
t 739 740 15
t 740 741 15
t 741 742 15
t 742 743 15
t 743 744 15
t 744 745 15
t 745 746 15
t 746 747 15
t 747 748 15
t 748 749 15
t 749 750 15
t 750 751 15
t 751 752 15
t 752 753 15
t 753 754 15
t 754 755 15
t 755 756 15
t 756 757 15
t 757 758 15
t 758 759 15
t 759 760 15
t 760 761 15
t 761 762 15
t 762 763 15
t 763 764 15
t 764 765 15
t 765 766 15
t 766 767 15
t 767 768 15
t 768 769 15
t 769 770 15
t 770 771 15
t 771 772 15
t 772 773 15
t 773 774 15
t 774 775 15
t 775 776 15
t 776 777 15
t 777 778 15
t 778 779 15
t 779 780 15
t 780 781 15
t 781 782 15
t 782 783 15
t 783 784 15
t 784 785 15
t 785 786 15
t 786 787 15
t 787 788 15
t 788 789 15
t 789 790 15
t 790 791 15
t 791 792 15
t 792 793 15
t 793 794 15
t 794 795 15
t 795 796 15
t 796 797 15
t 797 798 15
t 798 799 15
t 799 800 15
t 800 801 15
t 801 802 15
t 802 803 15
t 803 804 15
t 804 805 15
t 805 806 15
t 806 807 15
t 807 808 15
t 808 809 15
t 809 810 15
t 810 811 15
t 811 812 15
t 812 813 15
t 813 814 15
t 814 815 15
t 815 816 15
t 816 817 15
t 817 818 15
t 818 819 15
t 819 820 15
t 820 821 15
t 821 822 15
t 822 823 15
t 823 824 15
t 824 825 15
t 825 826 15
t 826 827 15
t 827 828 15
t 828 829 15
t 829 830 15
t 830 831 15
t 831 832 15
t 832 833 15
t 833 834 15
t 834 835 15
t 835 836 15
t 836 837 15
t 837 838 15
t 838 839 15
t 839 840 15
t 840 841 15
t 841 842 15
t 842 191 15
