type=Nurbs forward=true n_boundary=172 n_holes=0 n_interior=349 n_tris=626 label=brep62542_f70_Nurbs(deg=3/3, cps=4x7)
boundary
b 0.775951134 0.519583215
b 0.754028802 0.519583212
b 0.732203497 0.519583210
b 0.710466506 0.519583208
b 0.688809254 0.519583206
b 0.667223286 0.519583203
b 0.645700259 0.519583201
b 0.624231921 0.519583199
b 0.602810105 0.519583197
b 0.581426713 0.519583194
b 0.560073705 0.519583192
b 0.538743087 0.519583190
b 0.517426898 0.519583187
b 0.496117197 0.519583185
b 0.474806054 0.519583183
b 0.453485537 0.519583180
b 0.432147701 0.519583178
b 0.410784572 0.519583175
b 0.389388142 0.519583173
b 0.367950350 0.519583171
b 0.346463075 0.519583168
b 0.324918121 0.519583166
b 0.303307205 0.519583164
b 0.281621943 0.519583162
b 0.259853838 0.519583159
b 0.237994268 0.519583157
b 0.216034467 0.519583155
b 0.193965516 0.519583152
b 0.171778323 0.519583150
b 0.149463613 0.519583148
b 0.127011901 0.519583156
b 0.127012176 0.514497581
b 0.127012950 0.509435467
b 0.127014140 0.504396830
b 0.127015653 0.499381690
b 0.127017383 0.494390072
b 0.127019218 0.489422005
b 0.127021035 0.484477521
b 0.127022708 0.479556657
b 0.127024102 0.474659454
b 0.127025096 0.469785960
b 0.127025666 0.464936246
b 0.127025813 0.460110389
b 0.127025536 0.455308472
b 0.127024826 0.450530579
b 0.127023675 0.445776800
b 0.127022069 0.441047226
b 0.127019993 0.436341954
b 0.127017430 0.431661080
b 0.127014381 0.427004689
b 0.127011030 0.422372647
b 0.127007650 0.417764679
b 0.127004470 0.413180509
b 0.127001675 0.408619864
b 0.126999405 0.404082473
b 0.126997763 0.399568067
b 0.126996808 0.395076380
b 0.126996566 0.390607149
b 0.126997023 0.386160111
b 0.126998131 0.381735007
b 0.126999811 0.377331583
b 0.127001949 0.372949584
b 0.127004412 0.368588762
b 0.127007092 0.364248882
b 0.127009870 0.359929715
b 0.127012600 0.355631034
b 0.127015109 0.351352616
b 0.127017200 0.347094239
b 0.127018771 0.342855786
b 0.127019883 0.338637290
b 0.127020608 0.334438801
b 0.127021010 0.330260369
b 0.127021147 0.326102045
b 0.127021072 0.321963884
b 0.127020833 0.317845939
b 0.127020471 0.313748268
b 0.127020025 0.309670929
b 0.127019527 0.305613980
b 0.127019008 0.301577483
b 0.127018493 0.297561501
b 0.127018004 0.293566099
b 0.127017560 0.289591341
b 0.127017178 0.285637297
b 0.127016871 0.281704036
b 0.127016655 0.277791628
b 0.127016574 0.273900156
b 0.151891044 0.273912174
b 0.176603827 0.273912174
b 0.201162399 0.273912174
b 0.225579326 0.273912174
b 0.249866900 0.273912174
b 0.274037169 0.273912174
b 0.298101953 0.273912174
b 0.322072876 0.273912174
b 0.345961386 0.273912174
b 0.369778777 0.273912174
b 0.393536209 0.273912174
b 0.417244735 0.273912174
b 0.440915314 0.273912174
b 0.464558839 0.273912174
b 0.488186149 0.273912174
b 0.511808057 0.273912174
b 0.535435365 0.273912174
b 0.559078884 0.273912174
b 0.582749455 0.273912174
b 0.606457971 0.273912174
b 0.630215391 0.273912174
b 0.654032766 0.273912174
b 0.677921258 0.273912174
b 0.701892161 0.273912174
b 0.725956921 0.273912174
b 0.750127163 0.273912174
b 0.774414709 0.273912174
b 0.798831603 0.273912174
b 0.823390140 0.273912174
b 0.848102886 0.273912174
b 0.872988097 0.273900156
b 0.871648838 0.277798818
b 0.870307059 0.281717137
b 0.868962989 0.285655134
b 0.867616853 0.289612835
b 0.866268848 0.293590269
b 0.864919149 0.297587466
b 0.863567900 0.301604460
b 0.862215219 0.305641285
b 0.860861197 0.309697977
b 0.859505895 0.313774574
b 0.858149346 0.317871116
b 0.856791551 0.321987643
b 0.855432483 0.326124200
b 0.854072083 0.330280831
b 0.852710263 0.334457581
b 0.851346900 0.338654500
b 0.849981840 0.342871636
b 0.848614896 0.347109040
b 0.847245886 0.351366770
b 0.845875043 0.355644949
b 0.844502842 0.359943744
b 0.843129709 0.364263326
b 0.841756012 0.368603867
b 0.840382066 0.372965543
b 0.839008142 0.377348536
b 0.837634497 0.381753036
b 0.836261336 0.386179241
b 0.834888802 0.390627351
b 0.833516975 0.395097568
b 0.832145873 0.399590098
b 0.830775446 0.404105148
b 0.829405577 0.408642930
b 0.828036084 0.413203656
b 0.826666711 0.417787542
b 0.825297133 0.422394807
b 0.823926953 0.427025670
b 0.822555705 0.431680353
b 0.821183252 0.436358995
b 0.819810022 0.441061611
b 0.818436457 0.445788206
b 0.817062961 0.450538791
b 0.815689893 0.455313379
b 0.814317570 0.460111988
b 0.812946268 0.464934640
b 0.811576215 0.469781359
b 0.810207595 0.474652174
b 0.808840577 0.479547122
b 0.807475380 0.484466257
b 0.806112196 0.489409642
b 0.804751162 0.494377342
b 0.803392366 0.499369430
b 0.802035840 0.504385980
b 0.800681560 0.509427070
b 0.799329445 0.514492785
b 0.797979356 0.519583210
interior
i 0.220245507 0.304610538
i 0.313494449 0.304610538
i 0.406743390 0.304610538
i 0.499992332 0.304610538
i 0.593241273 0.304610538
i 0.686490215 0.304610538
i 0.779739156 0.304610538
i 0.220245507 0.335320920
i 0.313494449 0.335320920
i 0.406743390 0.335320920
i 0.499992332 0.335320920
i 0.593241273 0.335320920
i 0.686490215 0.335320920
i 0.779739156 0.335320920
i 0.220245507 0.366031303
i 0.313494449 0.366031303
i 0.406743390 0.366031303
i 0.499992332 0.366031303
i 0.593241273 0.366031303
i 0.686490215 0.366031303
i 0.779739156 0.366031303
i 0.220245507 0.396741685
i 0.313494449 0.396741685
i 0.406743390 0.396741685
i 0.499992332 0.396741685
i 0.593241273 0.396741685
i 0.686490215 0.396741685
i 0.779739156 0.396741685
i 0.220245507 0.427452068
i 0.313494449 0.427452068
i 0.406743390 0.427452068
i 0.499992332 0.427452068
i 0.593241273 0.427452068
i 0.686490215 0.427452068
i 0.779739156 0.427452068
i 0.220245507 0.458162450
i 0.313494449 0.458162450
i 0.406743390 0.458162450
i 0.499992332 0.458162450
i 0.593241273 0.458162450
i 0.686490215 0.458162450
i 0.779739156 0.458162450
i 0.220245507 0.488872832
i 0.313494449 0.488872832
i 0.406743390 0.488872832
i 0.499992332 0.488872832
i 0.593241273 0.488872832
i 0.686490215 0.488872832
i 0.779739156 0.488872832
i 0.173621037 0.289255347
i 0.150308801 0.281577751
i 0.196933272 0.281577751
i 0.150308801 0.296932943
i 0.196933272 0.296932943
i 0.173621037 0.319965729
i 0.150308801 0.312288134
i 0.196933272 0.312288134
i 0.150308801 0.327643325
i 0.196933272 0.327643325
i 0.173621037 0.350676112
i 0.150308801 0.342998516
i 0.196933272 0.342998516
i 0.150308801 0.358353707
i 0.196933272 0.358353707
i 0.173621037 0.381386494
i 0.150308801 0.373708898
i 0.196933272 0.373708898
i 0.150308801 0.389064090
i 0.196933272 0.389064090
i 0.173621037 0.412096876
i 0.150308801 0.404419281
i 0.196933272 0.404419281
i 0.150308801 0.419774472
i 0.196933272 0.419774472
i 0.173621037 0.442807259
i 0.150308801 0.435129663
i 0.196933272 0.435129663
i 0.150308801 0.450484854
i 0.196933272 0.450484854
i 0.173621037 0.473517641
i 0.150308801 0.465840045
i 0.196933272 0.465840045
i 0.150308801 0.481195237
i 0.196933272 0.481195237
i 0.173621037 0.504228023
i 0.150308801 0.496550428
i 0.196933272 0.496550428
i 0.150308801 0.511905619
i 0.196933272 0.511905619
i 0.266869978 0.289255347
i 0.243557743 0.281577751
i 0.290182214 0.281577751
i 0.243557743 0.296932943
i 0.290182214 0.296932943
i 0.266869978 0.319965729
i 0.243557743 0.312288134
i 0.290182214 0.312288134
i 0.243557743 0.327643325
i 0.290182214 0.327643325
i 0.266869978 0.350676112
i 0.243557743 0.342998516
i 0.290182214 0.342998516
i 0.243557743 0.358353707
i 0.290182214 0.358353707
i 0.266869978 0.381386494
i 0.243557743 0.373708898
i 0.290182214 0.373708898
i 0.243557743 0.389064090
i 0.290182214 0.389064090
i 0.266869978 0.412096876
i 0.243557743 0.404419281
i 0.290182214 0.404419281
i 0.243557743 0.419774472
i 0.290182214 0.419774472
i 0.266869978 0.442807259
i 0.243557743 0.435129663
i 0.290182214 0.435129663
i 0.243557743 0.450484854
i 0.290182214 0.450484854
i 0.266869978 0.473517641
i 0.243557743 0.465840045
i 0.290182214 0.465840045
i 0.243557743 0.481195237
i 0.290182214 0.481195237
i 0.266869978 0.504228023
i 0.243557743 0.496550428
i 0.290182214 0.496550428
i 0.243557743 0.511905619
i 0.290182214 0.511905619
i 0.360118920 0.289255347
i 0.336806684 0.281577751
i 0.383431155 0.281577751
i 0.336806684 0.296932943
i 0.383431155 0.296932943
i 0.360118920 0.319965729
i 0.336806684 0.312288134
i 0.383431155 0.312288134
i 0.336806684 0.327643325
i 0.383431155 0.327643325
i 0.360118920 0.350676112
i 0.336806684 0.342998516
i 0.383431155 0.342998516
i 0.336806684 0.358353707
i 0.383431155 0.358353707
i 0.360118920 0.381386494
i 0.336806684 0.373708898
i 0.383431155 0.373708898
i 0.336806684 0.389064090
i 0.383431155 0.389064090
i 0.360118920 0.412096876
i 0.336806684 0.404419281
i 0.383431155 0.404419281
i 0.336806684 0.419774472
i 0.383431155 0.419774472
i 0.360118920 0.442807259
i 0.336806684 0.435129663
i 0.383431155 0.435129663
i 0.336806684 0.450484854
i 0.383431155 0.450484854
i 0.360118920 0.473517641
i 0.336806684 0.465840045
i 0.383431155 0.465840045
i 0.336806684 0.481195237
i 0.383431155 0.481195237
i 0.360118920 0.504228023
i 0.336806684 0.496550428
i 0.383431155 0.496550428
i 0.336806684 0.511905619
i 0.383431155 0.511905619
i 0.453367861 0.289255347
i 0.430055626 0.281577751
i 0.476680096 0.281577751
i 0.430055626 0.296932943
i 0.476680096 0.296932943
i 0.453367861 0.319965729
i 0.430055626 0.312288134
i 0.476680096 0.312288134
i 0.430055626 0.327643325
i 0.476680096 0.327643325
i 0.453367861 0.350676112
i 0.430055626 0.342998516
i 0.476680096 0.342998516
i 0.430055626 0.358353707
i 0.476680096 0.358353707
i 0.453367861 0.381386494
i 0.430055626 0.373708898
i 0.476680096 0.373708898
i 0.430055626 0.389064090
i 0.476680096 0.389064090
i 0.453367861 0.412096876
i 0.430055626 0.404419281
i 0.476680096 0.404419281
i 0.430055626 0.419774472
i 0.476680096 0.419774472
i 0.453367861 0.442807259
i 0.430055626 0.435129663
i 0.476680096 0.435129663
i 0.430055626 0.450484854
i 0.476680096 0.450484854
i 0.453367861 0.473517641
i 0.430055626 0.465840045
i 0.476680096 0.465840045
i 0.430055626 0.481195237
i 0.476680096 0.481195237
i 0.453367861 0.504228023
i 0.430055626 0.496550428
i 0.476680096 0.496550428
i 0.430055626 0.511905619
i 0.476680096 0.511905619
i 0.546616802 0.289255347
i 0.523304567 0.281577751
i 0.569929038 0.281577751
i 0.523304567 0.296932943
i 0.569929038 0.296932943
i 0.546616802 0.319965729
i 0.523304567 0.312288134
i 0.569929038 0.312288134
i 0.523304567 0.327643325
i 0.569929038 0.327643325
i 0.546616802 0.350676112
i 0.523304567 0.342998516
i 0.569929038 0.342998516
i 0.523304567 0.358353707
i 0.569929038 0.358353707
i 0.546616802 0.381386494
i 0.523304567 0.373708898
i 0.569929038 0.373708898
i 0.523304567 0.389064090
i 0.569929038 0.389064090
i 0.546616802 0.412096876
i 0.523304567 0.404419281
i 0.569929038 0.404419281
i 0.523304567 0.419774472
i 0.569929038 0.419774472
i 0.546616802 0.442807259
i 0.523304567 0.435129663
i 0.569929038 0.435129663
i 0.523304567 0.450484854
i 0.569929038 0.450484854
i 0.546616802 0.473517641
i 0.523304567 0.465840045
i 0.569929038 0.465840045
i 0.523304567 0.481195237
i 0.569929038 0.481195237
i 0.546616802 0.504228023
i 0.523304567 0.496550428
i 0.569929038 0.496550428
i 0.523304567 0.511905619
i 0.569929038 0.511905619
i 0.639865744 0.289255347
i 0.616553508 0.281577751
i 0.663177979 0.281577751
i 0.616553508 0.296932943
i 0.663177979 0.296932943
i 0.639865744 0.319965729
i 0.616553508 0.312288134
i 0.663177979 0.312288134
i 0.616553508 0.327643325
i 0.663177979 0.327643325
i 0.639865744 0.350676112
i 0.616553508 0.342998516
i 0.663177979 0.342998516
i 0.616553508 0.358353707
i 0.663177979 0.358353707
i 0.639865744 0.381386494
i 0.616553508 0.373708898
i 0.663177979 0.373708898
i 0.616553508 0.389064090
i 0.663177979 0.389064090
i 0.639865744 0.412096876
i 0.616553508 0.404419281
i 0.663177979 0.404419281
i 0.616553508 0.419774472
i 0.663177979 0.419774472
i 0.639865744 0.442807259
i 0.616553508 0.435129663
i 0.663177979 0.435129663
i 0.616553508 0.450484854
i 0.663177979 0.450484854
i 0.639865744 0.473517641
i 0.616553508 0.465840045
i 0.663177979 0.465840045
i 0.616553508 0.481195237
i 0.663177979 0.481195237
i 0.639865744 0.504228023
i 0.616553508 0.496550428
i 0.663177979 0.496550428
i 0.616553508 0.511905619
i 0.663177979 0.511905619
i 0.733114685 0.289255347
i 0.709802450 0.281577751
i 0.756426921 0.281577751
i 0.709802450 0.296932943
i 0.756426921 0.296932943
i 0.733114685 0.319965729
i 0.709802450 0.312288134
i 0.756426921 0.312288134
i 0.709802450 0.327643325
i 0.756426921 0.327643325
i 0.733114685 0.350676112
i 0.709802450 0.342998516
i 0.756426921 0.342998516
i 0.709802450 0.358353707
i 0.756426921 0.358353707
i 0.733114685 0.381386494
i 0.709802450 0.373708898
i 0.756426921 0.373708898
i 0.709802450 0.389064090
i 0.756426921 0.389064090
i 0.733114685 0.412096876
i 0.709802450 0.404419281
i 0.756426921 0.404419281
i 0.709802450 0.419774472
i 0.756426921 0.419774472
i 0.733114685 0.442807259
i 0.709802450 0.435129663
i 0.756426921 0.435129663
i 0.709802450 0.450484854
i 0.756426921 0.450484854
i 0.733114685 0.473517641
i 0.709802450 0.465840045
i 0.756426921 0.465840045
i 0.709802450 0.481195237
i 0.756426921 0.481195237
i 0.733114685 0.504228023
i 0.709802450 0.496550428
i 0.756426921 0.496550428
i 0.709802450 0.511905619
i 0.756426921 0.511905619
i 0.826363627 0.289255347
i 0.803051391 0.281577751
i 0.849675862 0.281577751
i 0.803051391 0.296932943
i 0.849675862 0.296932943
i 0.826363627 0.319965729
i 0.803051391 0.312288134
i 0.849675862 0.312288134
i 0.803051391 0.327643325
i 0.849675862 0.327643325
i 0.826363627 0.350676112
i 0.803051391 0.342998516
i 0.849675862 0.342998516
i 0.803051391 0.358353707
i 0.826363627 0.381386494
i 0.803051391 0.373708898
i 0.803051391 0.389064090
i 0.826363627 0.412096876
i 0.803051391 0.404419281
i 0.803051391 0.419774472
tris
t 85 86 521
t 86 87 521
t 87 529 521
t 87 88 529
t 88 530 529
t 88 531 530
t 88 89 531
t 89 532 531
t 89 533 532
t 89 90 533
t 90 534 533
t 90 535 534
t 90 91 535
t 91 536 535
t 91 537 536
t 91 92 537
t 92 538 537
t 92 539 538
t 92 93 539
t 93 540 539
t 93 541 540
t 93 94 541
t 94 542 541
t 94 543 542
t 94 544 543
t 94 95 544
t 95 545 544
t 95 546 545
t 95 96 546
t 96 547 546
t 96 548 547
t 96 97 548
t 97 549 548
t 97 550 549
t 97 98 550
t 98 551 550
t 98 552 551
t 98 99 552
t 99 553 552
t 99 554 553
t 99 100 554
t 100 555 554
t 100 556 555
t 100 101 556
t 101 557 556
t 101 558 557
t 101 102 558
t 102 559 558
t 102 560 559
t 102 103 560
t 103 561 560
t 103 562 561
t 103 563 562
t 103 104 563
t 104 564 563
t 104 565 564
t 104 105 565
t 105 566 565
t 105 567 566
t 105 106 567
t 106 568 567
t 106 569 568
t 106 107 569
t 107 570 569
t 107 571 570
t 107 108 571
t 108 572 571
t 108 573 572
t 108 109 573
t 109 574 573
t 109 575 574
t 109 110 575
t 110 576 575
t 110 577 576
t 110 111 577
t 111 578 577
t 111 579 578
t 111 112 579
t 112 580 579
t 112 581 580
t 112 582 581
t 112 113 582
t 113 583 582
t 113 584 583
t 113 585 584
t 113 586 585
t 113 587 586
t 113 588 587
t 113 589 588
t 113 590 589
t 113 591 590
t 113 592 591
t 113 593 592
t 113 522 593
t 113 114 522
t 114 115 522
t 115 116 522
t 85 521 84
t 84 521 83
t 83 521 82
t 82 521 81
t 81 521 80
t 80 521 79
t 79 521 78
t 78 521 77
t 77 521 76
t 76 521 75
t 75 521 74
t 74 521 73
t 73 521 72
t 72 521 71
t 71 521 70
t 70 521 523
t 116 117 522
t 117 118 522
t 118 119 522
t 119 120 522
t 120 121 522
t 121 122 522
t 122 123 522
t 123 124 522
t 124 125 522
t 125 126 522
t 126 127 522
t 127 128 522
t 128 129 522
t 129 130 522
t 130 131 522
t 131 524 522
t 521 529 523
t 529 594 523
t 529 530 594
t 530 595 594
t 530 531 595
t 531 596 595
t 531 532 596
t 532 597 596
t 532 533 597
t 533 598 597
t 533 534 598
t 534 599 598
t 534 535 599
t 535 600 599
t 535 536 600
t 536 601 600
t 536 537 601
t 537 602 601
t 537 538 602
t 538 603 602
t 538 539 603
t 539 604 603
t 539 540 604
t 540 605 604
t 540 541 605
t 541 606 605
t 541 542 606
t 542 607 606
t 542 543 607
t 543 608 607
t 543 544 608
t 544 609 608
t 544 545 609
t 545 610 609
t 545 546 610
t 546 611 610
t 546 547 611
t 547 612 611
t 547 548 612
t 548 613 612
t 548 549 613
t 549 614 613
t 549 550 614
t 550 615 614
t 550 551 615
t 551 616 615
t 551 552 616
t 552 617 616
t 552 553 617
t 553 618 617
t 553 554 618
t 554 619 618
t 554 555 619
t 555 620 619
t 555 556 620
t 556 621 620
t 556 557 621
t 557 622 621
t 557 558 622
t 558 623 622
t 558 559 623
t 559 624 623
t 559 560 624
t 560 625 624
t 560 561 625
t 561 626 625
t 561 562 626
t 562 627 626
t 562 563 627
t 563 628 627
t 563 564 628
t 564 629 628
t 564 565 629
t 565 630 629
t 565 566 630
t 566 631 630
t 566 567 631
t 567 632 631
t 567 568 632
t 568 633 632
t 568 569 633
t 569 634 633
t 569 570 634
t 570 635 634
t 570 571 635
t 571 636 635
t 571 572 636
t 572 637 636
t 572 573 637
t 573 638 637
t 573 574 638
t 574 639 638
t 574 575 639
t 575 640 639
t 575 576 640
t 576 641 640
t 576 577 641
t 577 642 641
t 577 578 642
t 578 643 642
t 578 579 643
t 579 644 643
t 579 580 644
t 580 645 644
t 580 581 645
t 581 646 645
t 581 524 646
t 581 582 524
t 582 583 524
t 583 584 524
t 584 585 524
t 585 586 524
t 586 587 524
t 587 588 524
t 588 589 524
t 589 590 524
t 590 591 524
t 591 592 524
t 592 593 524
t 593 522 524
t 70 523 69
t 69 523 68
t 68 523 67
t 67 523 66
t 66 523 65
t 65 523 64
t 64 523 63
t 63 523 62
t 62 523 61
t 61 523 60
t 60 523 59
t 59 523 58
t 58 523 57
t 57 523 56
t 56 523 525
t 131 132 524
t 132 133 524
t 133 134 524
t 134 135 524
t 135 136 524
t 136 137 524
t 137 138 524
t 138 139 524
t 139 140 524
t 140 141 524
t 141 142 524
t 142 143 524
t 143 144 524
t 144 145 524
t 145 526 524
t 523 594 525
t 594 647 525
t 594 595 647
t 595 648 647
t 595 596 648
t 596 649 648
t 596 597 649
t 597 650 649
t 597 598 650
t 598 651 650
t 598 599 651
t 599 652 651
t 599 600 652
t 600 653 652
t 600 601 653
t 601 654 653
t 601 602 654
t 602 655 654
t 602 603 655
t 603 656 655
t 603 604 656
t 604 657 656
t 604 605 657
t 605 658 657
t 605 606 658
t 606 659 658
t 606 607 659
t 607 660 659
t 607 608 660
t 608 661 660
t 608 609 661
t 609 662 661
t 609 610 662
t 610 663 662
t 610 611 663
t 611 664 663
t 611 612 664
t 612 665 664
t 612 613 665
t 613 666 665
t 613 614 666
t 614 667 666
t 614 615 667
t 615 668 667
t 615 616 668
t 616 669 668
t 616 617 669
t 617 670 669
t 617 618 670
t 618 671 670
t 618 619 671
t 619 672 671
t 619 620 672
t 620 673 672
t 620 621 673
t 621 674 673
t 621 622 674
t 622 675 674
t 622 623 675
t 623 676 675
t 623 624 676
t 624 677 676
t 624 625 677
t 625 678 677
t 625 626 678
t 626 679 678
t 626 627 679
t 627 680 679
t 627 628 680
t 628 681 680
t 628 629 681
t 629 682 681
t 629 630 682
t 630 683 682
t 630 631 683
t 631 684 683
t 631 632 684
t 632 685 684
t 632 633 685
t 633 686 685
t 633 634 686
t 634 687 686
t 634 635 687
t 635 688 687
t 635 636 688
t 636 689 688
t 636 637 689
t 637 690 689
t 637 638 690
t 638 691 690
t 638 639 691
t 639 692 691
t 639 640 692
t 640 693 692
t 640 641 693
t 641 694 693
t 641 642 694
t 642 695 694
t 642 643 695
t 643 696 695
t 643 644 696
t 644 697 696
t 644 526 697
t 644 645 526
t 645 646 526
t 646 524 526
t 56 525 55
t 55 525 54
t 54 525 53
t 53 525 52
t 52 525 51
t 51 525 50
t 50 525 49
t 49 525 48
t 48 525 47
t 47 525 46
t 46 525 45
t 45 525 44
t 44 525 43
t 43 525 527
t 145 146 526
t 146 147 526
t 147 148 526
t 148 149 526
t 149 150 526
t 150 151 526
t 151 152 526
t 152 153 526
t 153 154 526
t 154 155 526
t 155 156 526
t 156 157 526
t 157 158 526
t 158 528 526
t 525 647 527
t 647 698 527
t 647 648 698
t 648 699 698
t 648 649 699
t 649 700 699
t 649 650 700
t 650 701 700
t 650 651 701
t 651 702 701
t 651 652 702
t 652 703 702
t 652 653 703
t 653 704 703
t 653 654 704
t 654 705 704
t 654 655 705
t 655 706 705
t 655 656 706
t 656 707 706
t 656 657 707
t 657 708 707
t 657 658 708
t 658 709 708
t 658 659 709
t 659 710 709
t 659 660 710
t 660 711 710
t 660 661 711
t 661 712 711
t 661 662 712
t 662 713 712
t 662 663 713
t 663 714 713
t 663 664 714
t 664 715 714
t 664 665 715
t 665 716 715
t 665 666 716
t 666 717 716
t 666 667 717
t 667 718 717
t 667 668 718
t 668 719 718
t 668 669 719
t 669 720 719
t 669 670 720
t 670 721 720
t 670 671 721
t 671 722 721
t 671 672 722
t 672 723 722
t 672 673 723
t 673 724 723
t 673 674 724
t 674 725 724
t 674 675 725
t 675 726 725
t 675 676 726
t 676 727 726
t 676 677 727
t 677 728 727
t 677 678 728
t 678 729 728
t 678 679 729
t 679 730 729
t 679 680 730
t 680 731 730
t 680 681 731
t 681 732 731
t 681 682 732
t 682 733 732
t 682 683 733
t 683 734 733
t 683 684 734
t 684 735 734
t 684 685 735
t 685 736 735
t 685 686 736
t 686 737 736
t 686 687 737
t 687 738 737
t 687 688 738
t 688 739 738
t 688 689 739
t 689 740 739
t 689 690 740
t 690 741 740
t 690 691 741
t 691 742 741
t 691 692 742
t 692 743 742
t 692 693 743
t 693 744 743
t 693 694 744
t 694 745 744
t 694 695 745
t 695 746 745
t 695 696 746
t 696 747 746
t 696 697 747
t 697 748 747
t 697 528 748
t 697 526 528
t 43 527 42
t 42 527 41
t 41 527 40
t 40 527 39
t 39 527 38
t 38 527 37
t 37 527 36
t 36 527 35
t 35 527 34
t 34 527 33
t 33 527 32
t 32 527 31
t 31 527 30
t 158 159 528
t 159 160 528
t 160 161 528
t 161 162 528
t 162 163 528
t 163 164 528
t 164 165 528
t 165 166 528
t 166 167 528
t 167 168 528
t 168 169 528
t 169 170 528
t 170 171 528
t 527 29 30
t 527 28 29
t 527 698 28
t 698 27 28
t 698 699 27
t 699 700 27
t 700 26 27
t 700 701 26
t 701 702 26
t 702 25 26
t 702 703 25
t 703 704 25
t 704 24 25
t 704 705 24
t 705 706 24
t 706 23 24
t 706 707 23
t 707 708 23
t 708 22 23
t 708 709 22
t 709 710 22
t 710 21 22
t 710 711 21
t 711 712 21
t 712 20 21
t 712 713 20
t 713 19 20
t 713 714 19
t 714 715 19
t 715 18 19
t 715 716 18
t 716 717 18
t 717 17 18
t 717 718 17
t 718 719 17
t 719 16 17
t 719 720 16
t 720 721 16
t 721 15 16
t 721 722 15
t 722 723 15
t 723 14 15
t 723 724 14
t 724 725 14
t 725 13 14
t 725 726 13
t 726 727 13
t 727 12 13
t 727 728 12
t 728 729 12
t 729 11 12
t 729 730 11
t 730 731 11
t 731 10 11
t 731 732 10
t 732 9 10
t 732 733 9
t 733 734 9
t 734 8 9
t 734 735 8
t 735 736 8
t 736 7 8
t 736 737 7
t 737 738 7
t 738 6 7
t 738 739 6
t 739 740 6
t 740 5 6
t 740 741 5
t 741 742 5
t 742 4 5
t 742 743 4
t 743 744 4
t 744 3 4
t 744 745 3
t 745 746 3
t 746 2 3
t 746 747 2
t 747 748 2
t 748 1 2
t 748 528 1
t 528 0 1
t 528 171 0
