type=Nurbs forward=true n_boundary=196 n_holes=0 n_interior=113 n_tris=402 label=brep47598_f136_Nurbs(deg=3/3, cps=8x9)
boundary
b -0.000000000 0.000000000
b 0.018179158 0.000000000
b 0.036358565 -0.000000000
b 0.054538244 -0.000000000
b 0.072718219 -0.000000000
b 0.090898517 -0.000000000
b 0.109079168 -0.000000000
b 0.127260204 -0.000000000
b 0.145441660 -0.000000000
b 0.163623570 -0.000000000
b 0.181805959 0.000000000
b 0.199988770 0.000000000
b 0.218171911 0.000000000
b 0.236355286 0.000000000
b 0.254538801 0.000000000
b 0.272722361 0.000000000
b 0.290905870 0.000000000
b 0.309089234 0.000000000
b 0.327272360 0.000000000
b 0.345455164 0.000000000
b 0.363637641 0.000000000
b 0.381819833 0.000000000
b 0.400001784 0.000000000
b 0.418183536 0.000000000
b 0.436365130 0.000000000
b 0.454546603 -0.000000000
b 0.472727994 -0.000000000
b 0.490909337 -0.000000000
b 0.509090664 -0.000000000
b 0.527272007 -0.000000000
b 0.545453398 -0.000000000
b 0.563634871 -0.000000000
b 0.581816464 -0.000000000
b 0.599998216 -0.000000000
b 0.618180167 -0.000000000
b 0.636362359 -0.000000000
b 0.654544836 -0.000000000
b 0.672727640 -0.000000000
b 0.690910766 -0.000000000
b 0.709094130 -0.000000000
b 0.727277639 -0.000000000
b 0.745461199 -0.000000000
b 0.763644714 -0.000000000
b 0.781828090 -0.000000000
b 0.800011230 -0.000000000
b 0.818194042 0.000000000
b 0.836376431 -0.000000000
b 0.854558341 -0.000000000
b 0.872739796 -0.000000000
b 0.890920833 -0.000000000
b 0.909101484 -0.000000000
b 0.927281782 -0.000000000
b 0.945461756 -0.000000000
b 0.963641435 -0.000000000
b 0.981820842 -0.000000000
b 1.000000000 -0.000000000
b 1.000001033 0.018182056
b 1.000003719 0.036363424
b 1.000007379 0.054544281
b 1.000011344 0.072724827
b 1.000014955 0.090905282
b 1.000017562 0.109085887
b 1.000018522 0.127266903
b 1.000017202 0.145448612
b 1.000012977 0.163631316
b 1.000006293 0.181814994
b 0.999999952 0.199998832
b 0.999996413 0.218182020
b 0.999995573 0.236364507
b 0.999996696 0.254546459
b 0.999999051 0.272728064
b 1.000001916 0.290909537
b 1.000004574 0.309091115
b 1.000006312 0.327273056
b 1.000006492 0.345455619
b 1.000005237 0.363638765
b 1.000003159 0.381822243
b 1.000000872 0.400005778
b 0.999998883 0.418189126
b 0.999997292 0.436372227
b 0.999996101 0.454555070
b 0.999995308 0.472737643
b 0.999994914 0.490919935
b 0.999994918 0.509101933
b 0.999995321 0.527283626
b 0.999996121 0.545465001
b 0.999997320 0.563646047
b 0.999998916 0.581826752
b 1.000000910 0.600007103
b 1.000003236 0.618187119
b 1.000005561 0.636366946
b 1.000007492 0.654546774
b 1.000008641 0.672726805
b 1.000008843 0.690907167
b 1.000008270 0.709087864
b 1.000007123 0.727268877
b 1.000005602 0.745450185
b 1.000003909 0.763631757
b 1.000002242 0.781813557
b 1.000000800 0.799995542
b 0.999999740 0.818177666
b 0.999999048 0.836359893
b 0.999998667 0.854542191
b 0.999998542 0.872724531
b 0.999998616 0.890906885
b 0.999998831 0.909089227
b 0.999999130 0.927271534
b 0.999999455 0.945453784
b 0.999999747 0.963635956
b 0.999999949 0.981818034
b 1.000000000 1.000000000
b 0.981819652 1.000000000
b 0.963639253 1.000000000
b 0.945458762 1.000000000
b 0.927278158 1.000000000
b 0.909097447 1.000000000
b 0.890916658 1.000000000
b 0.872735845 1.000000000
b 0.854555083 1.000000000
b 0.836374452 1.000000000
b 0.818193958 1.000000000
b 0.800013532 1.000000000
b 0.781833030 1.000000000
b 0.763652241 1.000000000
b 0.745470878 1.000000000
b 0.727288585 1.000000000
b 0.709104937 1.000000000
b 0.690919638 1.000000000
b 0.672732908 1.000000000
b 0.654545413 1.000000000
b 0.636358031 1.000000000
b 0.618171516 1.000000000
b 0.599986451 1.000000000
b 0.581803251 1.000000000
b 0.563622153 1.000000000
b 0.545442991 1.000000000
b 0.527265232 1.000000000
b 0.509088317 1.000000000
b 0.490911683 1.000000000
b 0.472734768 1.000000000
b 0.454557009 1.000000000
b 0.436377847 1.000000000
b 0.418196749 1.000000000
b 0.400013549 1.000000000
b 0.381828484 1.000000000
b 0.363641969 1.000000000
b 0.345454587 1.000000000
b 0.327267092 1.000000000
b 0.309080362 1.000000000
b 0.290895063 1.000000000
b 0.272711415 1.000000000
b 0.254529122 1.000000000
b 0.236347759 1.000000000
b 0.218166970 1.000000000
b 0.199986468 1.000000000
b 0.181806042 1.000000000
b 0.163625548 1.000000000
b 0.145444917 1.000000000
b 0.127264155 1.000000000
b 0.109083342 1.000000000
b 0.090902553 1.000000000
b 0.072721842 1.000000000
b 0.054541238 1.000000000
b 0.036360747 1.000000000
b 0.018180348 1.000000000
b 0.000000000 1.000000000
b 0.000000000 0.967741935
b 0.000000000 0.935483873
b 0.000000000 0.903225816
b 0.000000000 0.870967763
b 0.000000000 0.838709711
b 0.000000000 0.806451657
b 0.000000000 0.774193597
b 0.000000000 0.741935528
b 0.000000000 0.709677449
b -0.000000000 0.677419363
b -0.000000000 0.645161274
b -0.000000000 0.612903190
b -0.000000000 0.580645115
b -0.000000000 0.548387049
b -0.000000000 0.516128992
b -0.000000000 0.483870940
b -0.000000000 0.451612889
b -0.000000000 0.419354835
b -0.000000000 0.387096777
b -0.000000000 0.354838712
b -0.000000000 0.322580644
b 0.000000000 0.290322576
b 0.000000000 0.258064510
b 0.000000000 0.225806447
b 0.000000000 0.193548385
b -0.000000000 0.161290323
b -0.000000000 0.129032259
b -0.000000000 0.096774195
b -0.000000000 0.064516131
b -0.000000000 0.032258065
interior
i 0.125002315 0.125000000
i 0.250004631 0.125000000
i 0.375006946 0.125000000
i 0.500009261 0.125000000
i 0.625011576 0.125000000
i 0.750013892 0.125000000
i 0.875016207 0.125000000
i 0.125002315 0.250000000
i 0.250004631 0.250000000
i 0.375006946 0.250000000
i 0.500009261 0.250000000
i 0.625011576 0.250000000
i 0.750013892 0.250000000
i 0.875016207 0.250000000
i 0.125002315 0.375000000
i 0.250004631 0.375000000
i 0.375006946 0.375000000
i 0.500009261 0.375000000
i 0.625011576 0.375000000
i 0.750013892 0.375000000
i 0.875016207 0.375000000
i 0.125002315 0.500000000
i 0.250004631 0.500000000
i 0.375006946 0.500000000
i 0.500009261 0.500000000
i 0.625011576 0.500000000
i 0.750013892 0.500000000
i 0.875016207 0.500000000
i 0.125002315 0.625000000
i 0.250004631 0.625000000
i 0.375006946 0.625000000
i 0.500009261 0.625000000
i 0.625011576 0.625000000
i 0.750013892 0.625000000
i 0.875016207 0.625000000
i 0.125002315 0.750000000
i 0.250004631 0.750000000
i 0.375006946 0.750000000
i 0.500009261 0.750000000
i 0.625011576 0.750000000
i 0.750013892 0.750000000
i 0.875016207 0.750000000
i 0.125002315 0.875000000
i 0.250004631 0.875000000
i 0.375006946 0.875000000
i 0.500009261 0.875000000
i 0.625011576 0.875000000
i 0.750013892 0.875000000
i 0.875016207 0.875000000
i 0.062501158 0.062500000
i 0.062501158 0.187500000
i 0.062501158 0.312500000
i 0.062501158 0.437500000
i 0.062501158 0.562500000
i 0.062501158 0.687500000
i 0.062501158 0.812500000
i 0.062501158 0.937500000
i 0.187503473 0.062500000
i 0.187503473 0.187500000
i 0.187503473 0.312500000
i 0.187503473 0.437500000
i 0.187503473 0.562500000
i 0.187503473 0.687500000
i 0.187503473 0.812500000
i 0.187503473 0.937500000
i 0.312505788 0.062500000
i 0.312505788 0.187500000
i 0.312505788 0.312500000
i 0.312505788 0.437500000
i 0.312505788 0.562500000
i 0.312505788 0.687500000
i 0.312505788 0.812500000
i 0.312505788 0.937500000
i 0.437508104 0.062500000
i 0.437508104 0.187500000
i 0.437508104 0.312500000
i 0.437508104 0.437500000
i 0.437508104 0.562500000
i 0.437508104 0.687500000
i 0.437508104 0.812500000
i 0.437508104 0.937500000
i 0.562510419 0.062500000
i 0.562510419 0.187500000
i 0.562510419 0.312500000
i 0.562510419 0.437500000
i 0.562510419 0.562500000
i 0.562510419 0.687500000
i 0.562510419 0.812500000
i 0.562510419 0.937500000
i 0.687512734 0.062500000
i 0.687512734 0.187500000
i 0.687512734 0.312500000
i 0.687512734 0.437500000
i 0.687512734 0.562500000
i 0.687512734 0.687500000
i 0.687512734 0.812500000
i 0.687512734 0.937500000
i 0.812515049 0.062500000
i 0.812515049 0.187500000
i 0.812515049 0.312500000
i 0.812515049 0.437500000
i 0.812515049 0.562500000
i 0.812515049 0.687500000
i 0.812515049 0.812500000
i 0.812515049 0.937500000
i 0.937517365 0.062500000
i 0.937517365 0.187500000
i 0.937517365 0.312500000
i 0.937517365 0.437500000
i 0.937517365 0.562500000
i 0.937517365 0.687500000
i 0.937517365 0.812500000
i 0.937517365 0.937500000
tris
t 0 194 195
t 0 193 194
t 0 192 193
t 0 191 192
t 0 190 191
t 0 189 190
t 0 188 189
t 0 187 188
t 0 186 187
t 0 185 186
t 0 184 185
t 0 183 184
t 0 182 183
t 0 181 182
t 55 56 57
t 55 57 58
t 55 58 59
t 55 59 60
t 55 60 61
t 55 61 62
t 55 62 63
t 55 63 64
t 55 64 65
t 55 65 66
t 55 66 67
t 55 67 68
t 55 68 69
t 55 69 70
t 55 70 71
t 55 71 72
t 55 72 73
t 55 73 74
t 55 74 75
t 55 75 76
t 55 76 77
t 55 77 78
t 55 78 79
t 55 79 80
t 55 80 81
t 55 81 82
t 0 1 181
t 1 309 181
t 1 310 309
t 1 2 310
t 2 311 310
t 2 312 311
t 2 3 312
t 3 313 312
t 3 314 313
t 3 4 314
t 4 315 314
t 4 316 315
t 4 5 316
t 5 317 316
t 5 318 317
t 5 6 318
t 6 319 318
t 6 320 319
t 6 7 320
t 7 321 320
t 7 322 321
t 7 8 322
t 8 323 322
t 8 324 323
t 8 9 324
t 9 325 324
t 9 326 325
t 9 10 326
t 10 327 326
t 10 328 327
t 10 11 328
t 11 329 328
t 11 330 329
t 11 12 330
t 12 331 330
t 12 332 331
t 12 13 332
t 13 333 332
t 13 334 333
t 13 14 334
t 14 335 334
t 14 336 335
t 14 15 336
t 15 337 336
t 15 338 337
t 15 16 338
t 16 339 338
t 16 340 339
t 16 17 340
t 17 341 340
t 17 342 341
t 17 18 342
t 18 343 342
t 18 344 343
t 18 19 344
t 19 20 344
t 20 345 344
t 20 346 345
t 20 21 346
t 21 347 346
t 21 348 347
t 21 22 348
t 22 349 348
t 22 350 349
t 22 23 350
t 23 351 350
t 23 352 351
t 23 24 352
t 24 353 352
t 24 354 353
t 24 25 354
t 25 355 354
t 25 356 355
t 25 26 356
t 26 357 356
t 26 358 357
t 26 27 358
t 27 359 358
t 27 360 359
t 27 361 360
t 27 28 361
t 28 362 361
t 28 363 362
t 28 29 363
t 29 364 363
t 29 365 364
t 29 30 365
t 30 366 365
t 30 367 366
t 30 31 367
t 31 368 367
t 31 369 368
t 31 32 369
t 32 370 369
t 32 371 370
t 32 33 371
t 33 372 371
t 33 373 372
t 33 34 373
t 34 374 373
t 34 375 374
t 34 35 375
t 35 376 375
t 35 36 376
t 36 377 376
t 36 37 377
t 37 378 377
t 37 379 378
t 37 38 379
t 38 380 379
t 38 381 380
t 38 39 381
t 39 382 381
t 39 383 382
t 39 40 383
t 40 384 383
t 40 385 384
t 40 41 385
t 41 386 385
t 41 387 386
t 41 42 387
t 42 388 387
t 42 389 388
t 42 43 389
t 43 390 389
t 43 391 390
t 43 44 391
t 44 392 391
t 44 393 392
t 44 394 393
t 44 45 394
t 45 395 394
t 45 46 395
t 46 396 395
t 46 397 396
t 46 47 397
t 47 398 397
t 47 399 398
t 47 48 399
t 48 400 399
t 48 401 400
t 48 49 401
t 49 402 401
t 49 403 402
t 49 50 403
t 50 404 403
t 50 405 404
t 50 51 405
t 51 406 405
t 51 407 406
t 51 52 407
t 52 408 407
t 52 409 408
t 52 53 409
t 53 410 409
t 53 411 410
t 53 54 411
t 54 412 411
t 54 82 412
t 54 55 82
t 181 179 180
t 181 178 179
t 181 177 178
t 181 176 177
t 181 175 176
t 181 174 175
t 181 173 174
t 181 172 173
t 181 171 172
t 181 170 171
t 181 169 170
t 181 168 169
t 181 167 168
t 181 166 167
t 181 165 166
t 82 83 84
t 82 84 85
t 82 85 86
t 82 86 87
t 82 87 88
t 82 88 89
t 82 89 90
t 82 90 91
t 82 91 92
t 82 92 93
t 82 93 94
t 82 94 95
t 82 95 96
t 82 96 97
t 82 97 98
t 82 98 99
t 82 99 100
t 82 100 101
t 82 101 102
t 82 102 103
t 82 103 104
t 82 104 105
t 82 105 106
t 82 106 107
t 82 107 108
t 82 108 109
t 82 109 110
t 181 309 165
t 309 310 165
t 310 164 165
t 310 311 164
t 311 312 164
t 312 163 164
t 312 313 163
t 313 314 163
t 314 162 163
t 314 315 162
t 315 316 162
t 316 161 162
t 316 317 161
t 317 318 161
t 318 160 161
t 318 319 160
t 319 320 160
t 320 159 160
t 320 321 159
t 321 322 159
t 322 158 159
t 322 323 158
t 323 324 158
t 324 157 158
t 324 325 157
t 325 326 157
t 326 156 157
t 326 327 156
t 327 155 156
t 327 328 155
t 328 154 155
t 328 329 154
t 329 330 154
t 330 153 154
t 330 331 153
t 331 332 153
t 332 152 153
t 332 333 152
t 333 334 152
t 334 151 152
t 334 335 151
t 335 336 151
t 336 150 151
t 336 337 150
t 337 338 150
t 338 149 150
t 338 339 149
t 339 340 149
t 340 148 149
t 340 341 148
t 341 342 148
t 342 147 148
t 342 343 147
t 343 344 147
t 344 146 147
t 344 345 146
t 345 346 146
t 346 145 146
t 346 347 145
t 347 348 145
t 348 144 145
t 348 349 144
t 349 350 144
t 350 143 144
t 350 351 143
t 351 352 143
t 352 142 143
t 352 353 142
t 353 354 142
t 354 141 142
t 354 355 141
t 355 356 141
t 356 140 141
t 356 357 140
t 357 358 140
t 358 139 140
t 358 359 139
t 359 360 139
t 360 138 139
t 360 361 138
t 361 137 138
t 361 362 137
t 362 363 137
t 363 136 137
t 363 364 136
t 364 365 136
t 365 135 136
t 365 366 135
t 366 367 135
t 367 134 135
t 367 368 134
t 368 369 134
t 369 133 134
t 369 370 133
t 370 371 133
t 371 132 133
t 371 372 132
t 372 373 132
t 373 131 132
t 373 374 131
t 374 375 131
t 375 130 131
t 375 376 130
t 376 377 130
t 377 129 130
t 377 378 129
t 378 379 129
t 379 128 129
t 379 380 128
t 380 381 128
t 381 127 128
t 381 382 127
t 382 383 127
t 383 126 127
t 383 384 126
t 384 385 126
t 385 125 126
t 385 386 125
t 386 387 125
t 387 124 125
t 387 388 124
t 388 389 124
t 389 123 124
t 389 390 123
t 390 391 123
t 391 122 123
t 391 392 122
t 392 393 122
t 393 121 122
t 393 394 121
t 394 120 121
t 394 395 120
t 395 119 120
t 395 396 119
t 396 397 119
t 397 118 119
t 397 398 118
t 398 399 118
t 399 117 118
t 399 400 117
t 400 401 117
t 401 116 117
t 401 402 116
t 402 403 116
t 403 115 116
t 403 404 115
t 404 405 115
t 405 114 115
t 405 406 114
t 406 407 114
t 407 113 114
t 407 408 113
t 408 409 113
t 409 112 113
t 409 410 112
t 410 411 112
t 411 111 112
t 411 412 111
t 412 82 111
t 82 110 111
