type=Nurbs forward=false n_boundary=245 n_holes=0 n_interior=47 n_tris=289 label=brep62542_f115_Nurbs(deg=3/3, cps=6x15)
boundary
b 1.000001789 0.150120498
b 1.000001888 0.163108318
b 1.000002171 0.176068935
b 1.000002501 0.189000318
b 1.000002637 0.201900460
b 1.000002412 0.214767462
b 1.000002048 0.227599642
b 1.000001760 0.240395347
b 1.000001681 0.253152922
b 1.000001849 0.265870718
b 1.000002203 0.278547097
b 1.000002578 0.291180438
b 1.000002693 0.303769144
b 1.000002425 0.316311806
b 1.000002025 0.328807286
b 1.000001712 0.341254460
b 1.000001622 0.353652193
b 1.000001799 0.365999345
b 1.000002186 0.378294775
b 1.000002611 0.390537349
b 1.000002786 0.402725946
b 1.000002536 0.414859635
b 1.000002100 0.426937846
b 1.000001714 0.438960017
b 1.000001537 0.450925562
b 1.000001641 0.462833867
b 1.000002004 0.474684302
b 1.000002492 0.486476224
b 1.000002855 0.498208983
b 1.000002791 0.509881998
b 1.000002406 0.521495119
b 1.000001950 0.533048325
b 1.000001613 0.544541540
b 1.000001519 0.555974644
b 1.000001709 0.567347476
b 1.000002136 0.578659839
b 1.000002645 0.589911505
b 1.000002970 0.601102225
b 0.999997147 0.612232099
b 0.999996771 0.623221411
b 0.999996323 0.634151276
b 0.999995961 0.645021997
b 0.999995800 0.655833817
b 0.999995894 0.666586922
b 0.999996230 0.677281447
b 0.999996715 0.687917483
b 0.999997164 0.698495078
b 0.999997345 0.709014330
b 0.999997255 0.719475795
b 0.999997005 0.729880144
b 0.999996704 0.740227968
b 0.999996451 0.750519783
b 0.999996323 0.760756037
b 0.999996366 0.770937112
b 0.999996582 0.781063330
b 0.999996922 0.791134959
b 0.999997273 0.801152218
b 0.999997490 0.811115459
b 0.999997520 0.821025476
b 0.999997369 0.830883070
b 0.999997083 0.840688957
b 0.999996734 0.850443777
b 0.999996412 0.860148092
b 0.999996214 0.869802397
b 0.999996232 0.879407120
b 0.999996543 0.888962631
b 0.999997198 0.898469238
b 0.999998179 0.907927277
b 0.999999251 0.917337518
b 1.000000170 0.926700851
b 1.000000783 0.936018087
b 1.000001018 0.945289955
b 1.000000868 0.954517111
b 1.000000386 0.963700142
b 0.999999667 0.972839565
b 0.999998844 0.981935832
b 0.999998069 0.990989335
b 1.000005119 0.999999997
b -0.000000000 1.000000000
b 0.000001890 0.981817428
b 0.000004411 0.963634951
b 0.000006374 0.945452812
b 0.000006479 0.927271241
b 0.000003333 0.909090440
b -0.000001657 0.890909668
b -0.000003269 0.872727369
b -0.000002642 0.854544417
b -0.000001783 0.836361863
b -0.000003104 0.818180768
b -0.000007892 0.800001157
b -0.000012225 0.781819894
b -0.000014484 0.763637074
b -0.000014648 0.745453975
b -0.000013289 0.727271989
b -0.000011872 0.709091868
b -0.000013035 0.690911395
b -0.000016217 0.672729325
b -0.000018339 0.654546440
b -0.000016750 0.636363793
b -0.000010798 0.618182247
b -0.000005842 0.600001208
b -0.000006291 0.581819696
b -0.000008955 0.563637596
b -0.000009092 0.545455176
b -0.000003962 0.527272827
b 0.000002358 0.509090813
b 0.000004534 0.490909220
b 0.000002347 0.472727782
b 0.000000482 0.454546035
b 0.000002402 0.436363744
b 0.000006196 0.418181321
b 0.000008629 0.399999309
b 0.000007604 0.381817988
b 0.000005531 0.363636705
b 0.000005187 0.345454791
b 0.000006152 0.327272483
b 0.000007149 0.309090270
b 0.000006919 0.290908638
b 0.000005638 0.272727377
b 0.000004681 0.254545723
b 0.000004207 0.236363699
b 0.000003998 0.218181579
b 0.000003789 0.199999681
b 0.000003348 0.181818166
b 0.000002720 0.163636548
b 0.000002057 0.145454727
b 0.000001489 0.127272783
b 0.000001126 0.109090831
b 0.000001036 0.090909006
b 0.000000920 0.072727244
b 0.000000690 0.054545468
b 0.000000415 0.036363668
b 0.000000163 0.018181842
b 0.000000000 0.000000000
b 0.741425201 -0.000000000
b 0.741411934 0.002685524
b 0.741372188 0.005367955
b 0.741305993 0.008047386
b 0.741213375 0.010723913
b 0.741094363 0.013397630
b 0.740948983 0.016068630
b 0.740777264 0.018737008
b 0.740579232 0.021402858
b 0.740354914 0.024066273
b 0.740104338 0.026727348
b 0.739827529 0.029386177
b 0.739524516 0.032042852
b 0.739195324 0.034697469
b 0.738839979 0.037350120
b 0.738458509 0.040000898
b 0.738050940 0.042649898
b 0.737617296 0.045297212
b 0.737157605 0.047942934
b 0.736671894 0.050587146
b 0.736160207 0.053229821
b 0.735622596 0.055870857
b 0.735059114 0.058510151
b 0.734469809 0.061147601
b 0.733854731 0.063783104
b 0.733213925 0.066416557
b 0.732547436 0.069047859
b 0.731855306 0.071676905
b 0.731137575 0.074303593
b 0.730394283 0.076927820
b 0.729625468 0.079549484
b 0.728831163 0.082168482
b 0.728011404 0.084784710
b 0.727166221 0.087398067
b 0.726295646 0.090008450
b 0.725399706 0.092615756
b 0.724478428 0.095219884
b 0.723531836 0.097820731
b 0.722559927 0.100418272
b 0.721562656 0.103012595
b 0.720539977 0.105603798
b 0.719491842 0.108191982
b 0.718418205 0.110777244
b 0.717319020 0.113359686
b 0.716194240 0.115939405
b 0.715043819 0.118516502
b 0.713867711 0.121091077
b 0.712665867 0.123663230
b 0.711438242 0.126233060
b 0.710184789 0.128800668
b 0.708905460 0.131366155
b 0.707600210 0.133929621
b 0.706268990 0.136491165
b 0.704911755 0.139050890
b 0.703528457 0.141608895
b 0.702119050 0.144165282
b 0.707493517 0.144031122
b 0.712869515 0.143897188
b 0.718247042 0.143763481
b 0.723626101 0.143629999
b 0.729006690 0.143496742
b 0.734388810 0.143363710
b 0.739772463 0.143230901
b 0.745157648 0.143098315
b 0.750544366 0.142965951
b 0.755932618 0.142833810
b 0.761322404 0.142701890
b 0.766713724 0.142570190
b 0.772106579 0.142438710
b 0.777500969 0.142307450
b 0.782896896 0.142176408
b 0.788294358 0.142045585
b 0.793693358 0.141914980
b 0.799093895 0.141784591
b 0.804495970 0.141654419
b 0.809899582 0.141524462
b 0.815304734 0.141394721
b 0.820711425 0.141265195
b 0.826119655 0.141135882
b 0.831529426 0.141006783
b 0.836940736 0.140877897
b 0.842353588 0.140749223
b 0.847767982 0.140620761
b 0.853183917 0.140492511
b 0.858601394 0.140364470
b 0.864020415 0.140236640
b 0.869440978 0.140109020
b 0.874863085 0.139981608
b 0.880286736 0.139854405
b 0.885711932 0.139727409
b 0.891138673 0.139600621
b 0.896566959 0.139474039
b 0.901996791 0.139347664
b 0.907428169 0.139221494
b 0.912861094 0.139095529
b 0.918295565 0.138969769
b 0.923731585 0.138844213
b 0.929169152 0.138718860
b 0.934608268 0.138593710
b 0.940048933 0.138468763
b 0.945491147 0.138344017
b 0.950934910 0.138219473
b 0.956380224 0.138095129
b 0.961827088 0.137970986
b 0.967275503 0.137847042
b 0.972725469 0.137723298
b 0.978176987 0.137599752
b 0.983630057 0.137476405
b 0.989084679 0.137353255
b 0.994540855 0.137230302
b 0.999998583 0.137107546
interior
i 0.124984593 0.125000000
i 0.249987525 0.125000000
i 0.374990457 0.125000000
i 0.499993390 0.125000000
i 0.624996322 0.125000000
i 0.124984593 0.250000000
i 0.249987525 0.250000000
i 0.374990457 0.250000000
i 0.499993390 0.250000000
i 0.624996322 0.250000000
i 0.749999254 0.250000000
i 0.875002186 0.250000000
i 0.124984593 0.375000000
i 0.249987525 0.375000000
i 0.374990457 0.375000000
i 0.499993390 0.375000000
i 0.624996322 0.375000000
i 0.749999254 0.375000000
i 0.875002186 0.375000000
i 0.124984593 0.500000000
i 0.249987525 0.500000000
i 0.374990457 0.500000000
i 0.499993390 0.500000000
i 0.624996322 0.500000000
i 0.749999254 0.500000000
i 0.875002186 0.500000000
i 0.124984593 0.625000000
i 0.249987525 0.625000000
i 0.374990457 0.625000000
i 0.499993390 0.625000000
i 0.624996322 0.625000000
i 0.749999254 0.625000000
i 0.875002186 0.625000000
i 0.124984593 0.750000000
i 0.249987525 0.750000000
i 0.374990457 0.750000000
i 0.499993390 0.750000000
i 0.624996322 0.750000000
i 0.749999254 0.750000000
i 0.875002186 0.750000000
i 0.124984593 0.875000000
i 0.249987525 0.875000000
i 0.374990457 0.875000000
i 0.499993390 0.875000000
i 0.624996322 0.875000000
i 0.749999254 0.875000000
i 0.875002186 0.875000000
tris
t 291 0 1
t 10 11 12
t 12 13 14
t 18 19 20
t 20 21 22
t 26 27 28
t 28 29 30
t 38 39 40
t 44 45 46
t 46 47 48
t 48 49 50
t 55 56 57
t 57 58 59
t 59 60 61
t 67 68 69
t 69 70 71
t 71 72 73
t 73 74 75
t 76 77 78
t 78 79 80
t 83 84 85
t 88 89 90
t 90 91 92
t 95 96 97
t 97 98 99
t 101 102 103
t 103 104 105
t 106 107 108
t 108 109 110
t 112 113 114
t 117 118 119
t 132 133 134
t 134 135 136
t 136 137 138
t 138 139 140
t 140 141 142
t 142 143 144
t 144 145 146
t 146 147 148
t 148 149 150
t 150 151 152
t 152 153 154
t 154 155 156
t 156 157 158
t 158 159 160
t 160 161 162
t 162 163 164
t 164 165 166
t 166 167 168
t 168 169 170
t 170 171 172
t 172 173 174
t 174 175 176
t 176 177 178
t 178 179 180
t 180 181 182
t 182 183 184
t 184 185 186
t 186 187 188
t 189 190 191
t 191 192 193
t 193 194 195
t 195 196 197
t 197 198 199
t 199 200 201
t 201 202 203
t 203 204 205
t 205 206 207
t 207 208 209
t 209 210 211
t 211 212 213
t 213 214 215
t 215 216 217
t 217 218 219
t 219 220 221
t 221 222 223
t 223 224 225
t 225 226 227
t 227 228 229
t 229 230 231
t 231 232 233
t 233 234 235
t 235 236 237
t 237 238 239
t 239 240 241
t 241 242 243
t 244 245 246
t 248 249 250
t 255 256 257
t 262 263 264
t 269 270 271
t 276 277 278
t 283 284 285
t 291 1 2
t 2 4 6
t 9 10 12
t 17 18 20
t 20 22 23
t 26 28 30
t 44 46 48
t 54 55 57
t 57 59 61
t 67 69 71
t 71 73 75
t 75 76 78
t 85 86 83
t 86 87 83
t 88 90 92
t 95 97 99
t 101 103 105
t 106 108 110
t 112 114 116
t 119 120 117
t 120 121 117
t 130 131 134
t 131 132 134
t 134 136 138
t 138 140 142
t 142 144 146
t 146 148 150
t 150 152 154
t 154 156 158
t 158 160 162
t 162 164 166
t 166 168 170
t 170 172 174
t 174 176 178
t 178 180 182
t 182 184 186
t 186 188 189
t 189 191 193
t 193 195 197
t 197 199 201
t 201 203 205
t 205 207 209
t 209 211 213
t 213 215 217
t 217 219 221
t 221 223 225
t 225 227 229
t 229 231 233
t 233 235 237
t 237 239 241
t 241 243 244
t 244 246 247
t 247 248 250
t 254 255 257
t 261 262 264
t 268 269 271
t 275 276 278
t 282 283 285
t 2 3 291
t 3 4 291
t 4 5 291
t 5 6 291
t 9 12 14
t 17 20 23
t 25 26 30
t 34 35 38
t 35 36 38
t 36 37 38
t 43 44 48
t 54 57 61
t 66 67 71
t 71 75 78
t 82 83 87
t 92 93 88
t 93 94 88
t 94 95 99
t 100 101 105
t 106 110 111
t 111 112 116
t 117 121 122
t 123 126 129
t 129 130 134
t 134 138 142
t 142 146 150
t 150 154 158
t 158 162 166
t 166 170 174
t 174 178 182
t 182 186 189
t 189 193 197
t 197 201 205
t 205 209 213
t 213 217 221
t 221 225 229
t 229 233 237
t 237 241 244
t 253 254 257
t 260 261 264
t 267 268 271
t 274 275 278
t 281 282 285
t 291 6 7
t 8 9 14
t 16 17 23
t 25 30 31
t 33 34 38
t 43 48 50
t 53 54 61
t 66 71 78
t 82 87 88
t 88 94 99
t 100 105 106
t 117 122 123
t 123 124 134
t 124 125 134
t 125 126 134
t 126 127 134
t 127 128 134
t 128 129 134
t 134 142 150
t 150 158 166
t 166 174 182
t 189 197 205
t 205 213 221
t 221 229 237
t 252 253 257
t 259 260 264
t 266 267 271
t 273 274 278
t 280 281 285
t 291 7 8
t 8 14 15
t 16 23 24
t 32 33 38
t 43 50 51
t 53 61 62
t 65 66 78
t 82 88 99
t 123 134 150
t 150 166 182
t 189 205 221
t 221 237 244
t 251 252 257
t 258 259 264
t 265 266 271
t 272 273 278
t 279 280 285
t 291 8 15
t 24 31 32
t 42 43 51
t 64 65 78
t 82 99 100
t 150 182 189
t 189 221 244
t 250 251 257
t 257 258 264
t 264 265 271
t 271 272 278
t 278 279 285
t 291 15 16
t 24 32 38
t 42 51 52
t 52 62 63
t 63 64 78
t 82 100 106
t 291 16 24
t 24 38 40
t 42 52 63
t 63 78 80
t 82 106 111
t 291 24 40
t 63 80 81
t 291 40 41
t 63 81 82
t 291 41 42
t 291 42 63
t 291 63 82
t 290 291 82
t 289 290 82
t 288 289 82
t 287 288 82
t 286 287 82
t 285 286 82
t 278 285 82
t 271 278 82
t 264 271 82
t 257 264 82
t 250 257 82
t 250 82 111
t 111 115 250
t 115 116 250
t 116 117 250
t 247 250 117
t 247 117 123
t 247 123 150
t 244 247 150
