type=Cone forward=true n_boundary=172 n_holes=0 n_interior=94 n_tris=263 label=brep32629_f69_Cone
boundary
b 5.157574988 0.018000000
b 5.156964389 0.018000000
b 5.156353790 0.018000000
b 5.155743190 0.018000000
b 5.155132591 0.018000000
b 5.154521992 0.018000000
b 5.153911393 0.018000000
b 5.153300793 0.018000000
b 5.152690194 0.018000000
b 5.152079595 0.018000000
b 5.151468995 0.018000000
b 5.150858396 0.018000000
b 5.150247797 0.018000000
b 5.149637197 0.018000000
b 5.149026598 0.018000000
b 5.148415999 0.018000000
b 5.147805399 0.018000000
b 5.147194800 0.018000000
b 5.146584201 0.018000000
b 5.145973601 0.018000000
b 5.145363002 0.018000000
b 5.144752403 0.018000000
b 5.144141803 0.018000000
b 5.143531204 0.018000000
b 5.142920605 0.018000000
b 5.142310006 0.018000000
b 5.141699406 0.018000000
b 5.141088807 0.018000000
b 5.140478208 0.018000000
b 5.139867608 0.018000000
b 5.139257009 0.018000000
b 5.138996406 0.017320248
b 5.138734019 0.016641425
b 5.138469828 0.015963530
b 5.138203818 0.015286563
b 5.137935971 0.014610524
b 5.137666268 0.013935412
b 5.137394692 0.013261226
b 5.137121224 0.012587967
b 5.136845845 0.011915634
b 5.136568538 0.011244225
b 5.136289282 0.010573742
b 5.136008058 0.009904183
b 5.135724848 0.009235548
b 5.135439630 0.008567837
b 5.135152385 0.007901048
b 5.134863093 0.007235182
b 5.134571732 0.006570238
b 5.134278283 0.005906216
b 5.133982722 0.005243115
b 5.133685030 0.004580936
b 5.133385184 0.003919682
b 5.133083162 0.003259355
b 5.132778943 0.002599957
b 5.132472503 0.001941490
b 5.132163819 0.001283956
b 5.131852869 0.000627357
b 5.131539628 -0.000028304
b 5.131224074 -0.000683025
b 5.130906181 -0.001336805
b 5.130585926 -0.001989641
b 5.130263284 -0.002641530
b 5.129938230 -0.003292472
b 5.129610738 -0.003942463
b 5.129280783 -0.004591501
b 5.128948337 -0.005239585
b 5.128613376 -0.005886712
b 5.128275872 -0.006532880
b 5.127935798 -0.007178088
b 5.127593125 -0.007822336
b 5.127247824 -0.008465624
b 5.126899867 -0.009107953
b 5.126549223 -0.009749323
b 5.126195862 -0.010389734
b 5.125839754 -0.011029187
b 5.125480868 -0.011667681
b 5.125119172 -0.012305218
b 5.124754634 -0.012941797
b 5.124387222 -0.013577420
b 5.124016902 -0.014212085
b 5.123643642 -0.014845793
b 5.123267407 -0.015478546
b 5.122888163 -0.016110343
b 5.122505875 -0.016741184
b 5.122120507 -0.017371069
b 5.121732023 -0.018000000
b 5.123473266 -0.018000000
b 5.125214510 -0.018000000
b 5.126955753 -0.018000000
b 5.128696996 -0.018000000
b 5.130438239 -0.018000000
b 5.132179483 -0.018000000
b 5.133920726 -0.018000000
b 5.135661969 -0.018000000
b 5.137403212 -0.018000000
b 5.139144456 -0.018000000
b 5.140885699 -0.018000000
b 5.142626942 -0.018000000
b 5.144368185 -0.018000000
b 5.146109429 -0.018000000
b 5.147850672 -0.018000000
b 5.149591915 -0.018000000
b 5.151333158 -0.018000000
b 5.153074401 -0.018000000
b 5.154815645 -0.018000000
b 5.156556888 -0.018000000
b 5.158298131 -0.018000000
b 5.160039374 -0.018000000
b 5.161780618 -0.018000000
b 5.163521861 -0.018000000
b 5.165263104 -0.018000000
b 5.167004347 -0.018000000
b 5.168745591 -0.018000000
b 5.170486834 -0.018000000
b 5.172228077 -0.018000000
b 5.173969320 -0.018000000
b 5.175710564 -0.018000000
b 5.175322695 -0.017372069
b 5.174937908 -0.016743147
b 5.174556167 -0.016113233
b 5.174177438 -0.015482326
b 5.173801687 -0.014850426
b 5.173428879 -0.014217533
b 5.173058983 -0.013583648
b 5.172691964 -0.012948768
b 5.172327791 -0.012312895
b 5.171966432 -0.011676027
b 5.171607857 -0.011038165
b 5.171252033 -0.010399309
b 5.170898931 -0.009759457
b 5.170548520 -0.009118610
b 5.170200772 -0.008476768
b 5.169855657 -0.007833929
b 5.169513147 -0.007190095
b 5.169173213 -0.006545264
b 5.168835827 -0.005899436
b 5.168500963 -0.005252613
b 5.168168594 -0.004604797
b 5.167838694 -0.003955989
b 5.167511239 -0.003306192
b 5.167186201 -0.002655407
b 5.166863557 -0.002003638
b 5.166543281 -0.001350885
b 5.166225351 -0.000697151
b 5.165909740 -0.000042438
b 5.165596426 0.000613253
b 5.165285386 0.001269918
b 5.164976596 0.001927556
b 5.164670034 0.002586166
b 5.164365676 0.003245744
b 5.164063502 0.003906289
b 5.163763488 0.004567799
b 5.163465613 0.005230271
b 5.163169857 0.005893705
b 5.162876197 0.006558098
b 5.162584613 0.007223451
b 5.162295084 0.007889764
b 5.162007591 0.008557038
b 5.161722112 0.009225274
b 5.161438628 0.009894471
b 5.161157120 0.010564630
b 5.160877569 0.011235752
b 5.160599954 0.011907836
b 5.160324259 0.012580884
b 5.160050463 0.013254896
b 5.159778549 0.013929872
b 5.159508499 0.014605813
b 5.159240294 0.015282718
b 5.158973918 0.015960589
b 5.158709353 0.016639427
b 5.158446582 0.017319230
b 5.158185588 0.018000000
interior
i 5.126230235 -0.015230769
i 5.130728447 -0.015230769
i 5.135226658 -0.015230769
i 5.139724870 -0.015230769
i 5.144223082 -0.015230769
i 5.148721293 -0.015230769
i 5.153219505 -0.015230769
i 5.157717717 -0.015230769
i 5.162215928 -0.015230769
i 5.166714140 -0.015230769
i 5.171212352 -0.015230769
i 5.126230235 -0.012461538
i 5.130728447 -0.012461538
i 5.135226658 -0.012461538
i 5.139724870 -0.012461538
i 5.144223082 -0.012461538
i 5.148721293 -0.012461538
i 5.153219505 -0.012461538
i 5.157717717 -0.012461538
i 5.162215928 -0.012461538
i 5.166714140 -0.012461538
i 5.171212352 -0.012461538
i 5.130728447 -0.009692308
i 5.135226658 -0.009692308
i 5.139724870 -0.009692308
i 5.144223082 -0.009692308
i 5.148721293 -0.009692308
i 5.153219505 -0.009692308
i 5.157717717 -0.009692308
i 5.162215928 -0.009692308
i 5.166714140 -0.009692308
i 5.130728447 -0.006923077
i 5.135226658 -0.006923077
i 5.139724870 -0.006923077
i 5.144223082 -0.006923077
i 5.148721293 -0.006923077
i 5.153219505 -0.006923077
i 5.157717717 -0.006923077
i 5.162215928 -0.006923077
i 5.166714140 -0.006923077
i 5.130728447 -0.004153846
i 5.135226658 -0.004153846
i 5.139724870 -0.004153846
i 5.144223082 -0.004153846
i 5.148721293 -0.004153846
i 5.153219505 -0.004153846
i 5.157717717 -0.004153846
i 5.162215928 -0.004153846
i 5.166714140 -0.004153846
i 5.130728447 -0.001384615
i 5.135226658 -0.001384615
i 5.139724870 -0.001384615
i 5.144223082 -0.001384615
i 5.148721293 -0.001384615
i 5.153219505 -0.001384615
i 5.157717717 -0.001384615
i 5.162215928 -0.001384615
i 5.166714140 -0.001384615
i 5.135226658 0.001384615
i 5.139724870 0.001384615
i 5.144223082 0.001384615
i 5.148721293 0.001384615
i 5.153219505 0.001384615
i 5.157717717 0.001384615
i 5.162215928 0.001384615
i 5.135226658 0.004153846
i 5.139724870 0.004153846
i 5.144223082 0.004153846
i 5.148721293 0.004153846
i 5.153219505 0.004153846
i 5.157717717 0.004153846
i 5.162215928 0.004153846
i 5.135226658 0.006923077
i 5.139724870 0.006923077
i 5.144223082 0.006923077
i 5.148721293 0.006923077
i 5.153219505 0.006923077
i 5.157717717 0.006923077
i 5.162215928 0.006923077
i 5.139724870 0.009692308
i 5.144223082 0.009692308
i 5.148721293 0.009692308
i 5.153219505 0.009692308
i 5.157717717 0.009692308
i 5.139724870 0.012461538
i 5.144223082 0.012461538
i 5.148721293 0.012461538
i 5.153219505 0.012461538
i 5.157717717 0.012461538
i 5.139724870 0.015230769
i 5.144223082 0.015230769
i 5.148721293 0.015230769
i 5.153219505 0.015230769
i 5.157717717 0.015230769
tris
t 264 265 0
t 29 30 31
t 84 85 86
t 115 116 117
t 181 182 183
t 192 193 194
t 201 202 203
t 210 211 212
t 219 220 221
t 228 229 230
t 235 236 237
t 242 243 244
t 249 250 251
t 254 255 256
t 259 260 261
t 263 264 0
t 28 29 31
t 83 84 86
t 114 115 117
t 180 181 183
t 191 192 194
t 200 201 203
t 209 210 212
t 218 219 221
t 227 228 230
t 234 235 237
t 241 242 244
t 248 249 251
t 253 254 256
t 258 259 261
t 262 263 0
t 27 28 31
t 82 83 86
t 113 114 117
t 179 180 183
t 190 191 194
t 199 200 203
t 208 209 212
t 217 218 221
t 226 227 230
t 233 234 237
t 240 241 244
t 247 248 251
t 252 253 256
t 257 258 261
t 261 262 0
t 26 27 31
t 81 82 86
t 112 113 117
t 178 179 183
t 189 190 194
t 198 199 203
t 207 208 212
t 216 217 221
t 225 226 230
t 232 233 237
t 239 240 244
t 246 247 251
t 251 252 256
t 256 257 261
t 261 0 1
t 25 26 31
t 80 81 86
t 111 112 117
t 177 178 183
t 188 189 194
t 197 198 203
t 206 207 212
t 215 216 221
t 224 225 230
t 231 232 237
t 238 239 244
t 245 246 251
t 261 1 2
t 24 25 31
t 79 80 86
t 110 111 117
t 176 177 183
t 187 188 194
t 196 197 203
t 205 206 212
t 214 215 221
t 223 224 230
t 230 231 237
t 237 238 244
t 244 245 251
t 261 2 3
t 23 24 31
t 78 79 86
t 109 110 117
t 170 171 172
t 175 176 183
t 186 187 194
t 195 196 203
t 204 205 212
t 213 214 221
t 222 223 230
t 244 251 256
t 261 3 4
t 22 23 31
t 77 78 86
t 108 109 117
t 169 170 172
t 174 175 183
t 185 186 194
t 194 195 203
t 203 204 212
t 212 213 221
t 244 256 261
t 261 4 5
t 21 22 31
t 76 77 86
t 107 108 117
t 168 169 172
t 173 174 183
t 184 185 194
t 261 5 6
t 20 21 31
t 75 76 86
t 106 107 117
t 167 168 172
t 172 173 183
t 183 184 194
t 261 6 7
t 19 20 31
t 74 75 86
t 105 106 117
t 166 167 172
t 183 194 203
t 261 7 8
t 18 19 31
t 73 74 86
t 104 105 117
t 165 166 172
t 183 203 212
t 261 8 9
t 17 18 31
t 72 73 86
t 103 104 117
t 164 165 172
t 261 9 10
t 16 17 31
t 71 72 86
t 102 103 117
t 163 164 172
t 261 10 11
t 15 16 31
t 70 71 86
t 101 102 117
t 162 163 172
t 261 11 12
t 14 15 31
t 69 70 86
t 100 101 117
t 161 162 172
t 261 12 13
t 13 14 31
t 68 69 86
t 99 100 117
t 160 161 172
t 261 13 31
t 67 68 86
t 98 99 117
t 159 160 172
t 244 261 31
t 66 67 86
t 97 98 117
t 158 159 172
t 244 31 32
t 65 66 86
t 96 97 117
t 157 158 172
t 244 32 33
t 64 65 86
t 95 96 117
t 156 157 172
t 244 33 34
t 63 64 86
t 94 95 117
t 155 156 172
t 244 34 35
t 62 63 86
t 93 94 117
t 154 155 172
t 244 35 36
t 61 62 86
t 92 93 117
t 153 154 172
t 244 36 37
t 60 61 86
t 91 92 117
t 152 153 172
t 183 212 221
t 244 37 38
t 59 60 86
t 90 91 117
t 151 152 172
t 221 222 230
t 244 38 39
t 58 59 86
t 89 90 117
t 150 151 172
t 221 230 237
t 244 39 40
t 57 58 86
t 88 89 117
t 149 150 172
t 244 40 41
t 56 57 86
t 87 88 117
t 148 149 172
t 221 237 244
t 244 41 42
t 55 56 86
t 86 87 117
t 147 148 172
t 244 42 43
t 54 55 86
t 86 117 118
t 146 147 172
t 244 43 44
t 53 54 86
t 86 118 119
t 145 146 172
t 244 44 45
t 52 53 86
t 86 119 120
t 144 145 172
t 244 45 46
t 51 52 86
t 86 120 121
t 143 144 172
t 244 46 47
t 50 51 86
t 86 121 122
t 142 143 172
t 244 47 48
t 86 122 123
t 141 142 172
t 244 48 49
t 86 123 124
t 140 141 172
t 244 49 50
t 86 124 125
t 139 140 172
t 221 244 50
t 86 125 126
t 138 139 172
t 86 126 127
t 137 138 172
t 86 127 128
t 136 137 172
t 86 128 129
t 135 136 172
t 86 129 130
t 134 135 172
t 86 130 131
t 133 134 172
t 86 131 132
t 132 133 172
t 86 132 172
t 86 172 183
t 50 86 183
