type=Nurbs forward=true n_boundary=141 n_holes=0 n_interior=126 n_tris=258 label=brep62542_f74_Nurbs(deg=3/3, cps=4x10)
boundary
b 0.729016749 0.983759945
b 0.728572061 0.967472166
b 0.727827963 0.951136111
b 0.726784294 0.934751223
b 0.725440885 0.918316950
b 0.723797567 0.901832740
b 0.721854159 0.885298042
b 0.719610476 0.868712309
b 0.717066320 0.852074998
b 0.714221483 0.835385568
b 0.711075743 0.818643485
b 0.707628857 0.801848218
b 0.703880568 0.784999244
b 0.699830592 0.768096042
b 0.695478601 0.751137806
b 0.690824268 0.734123216
b 0.685867373 0.717050898
b 0.680607814 0.699919475
b 0.675045454 0.682727481
b 0.669178470 0.665472444
b 0.663004164 0.648151235
b 0.656520195 0.630760701
b 0.649724594 0.613297680
b 0.642615780 0.595759005
b 0.635192558 0.578141502
b 0.627454124 0.560441999
b 0.619400033 0.542657324
b 0.611029708 0.524784322
b 0.602342583 0.506819839
b 0.593338481 0.488760724
b 0.584017629 0.470603827
b 0.574380664 0.452346003
b 0.564428636 0.433984114
b 0.554163021 0.415515032
b 0.543585722 0.396935644
b 0.532699078 0.378242853
b 0.521505876 0.359433596
b 0.510009517 0.340505810
b 0.498213366 0.321458871
b 0.486120097 0.302292161
b 0.473732361 0.283005059
b 0.461052838 0.263596952
b 0.448084247 0.244067230
b 0.434829349 0.224415296
b 0.421290950 0.204640559
b 0.407471908 0.184742440
b 0.393375138 0.164720369
b 0.379003465 0.144573776
b 0.364358670 0.124301976
b 0.349442105 0.103904231
b 0.334255168 0.083379795
b 0.318799313 0.062727915
b 0.303076058 0.041947832
b 0.287087001 0.021038783
b 0.270833821 -0.000000000
b 0.285627730 -0.000000000
b 0.300419813 -0.000000000
b 0.315210198 -0.000000000
b 0.329999009 -0.000000000
b 0.344786374 -0.000000000
b 0.359572417 -0.000000000
b 0.374357265 0.000000000
b 0.389141044 0.000000000
b 0.403923880 0.000000000
b 0.418705898 0.000000000
b 0.433487225 0.000000000
b 0.448267985 0.000000000
b 0.463048306 0.000000000
b 0.477828312 0.000000000
b 0.492608130 0.000000000
b 0.507387884 0.000000000
b 0.522167702 0.000000000
b 0.536947708 0.000000000
b 0.551728029 0.000000000
b 0.566508789 0.000000000
b 0.581290116 0.000000000
b 0.596072134 0.000000000
b 0.610854969 0.000000000
b 0.625638748 0.000000000
b 0.640423596 0.000000000
b 0.655209639 0.000000000
b 0.669997003 0.000000000
b 0.684785814 0.000000000
b 0.699576198 0.000000000
b 0.714368281 0.000000000
b 0.729162190 0.000000000
b 0.729168031 0.018546453
b 0.729183572 0.037048403
b 0.729205761 0.055508497
b 0.729231890 0.073929392
b 0.729259603 0.092313759
b 0.729286897 0.110664278
b 0.729312126 0.128983640
b 0.729334008 0.147274544
b 0.729351621 0.165539699
b 0.729364005 0.183781787
b 0.729369779 0.202003442
b 0.729367844 0.220207299
b 0.729357481 0.238396006
b 0.729338350 0.256572221
b 0.729310497 0.274738610
b 0.729274351 0.292897848
b 0.729230737 0.311052616
b 0.729180869 0.329205599
b 0.729126432 0.347359315
b 0.729070042 0.365514251
b 0.729013966 0.383669461
b 0.728960105 0.401823933
b 0.728910203 0.419976640
b 0.728865845 0.438126540
b 0.728828458 0.456272580
b 0.728799308 0.474413695
b 0.728779497 0.492548807
b 0.728769965 0.510676829
b 0.728771485 0.528796660
b 0.728784664 0.546907193
b 0.728809900 0.565007313
b 0.728846834 0.583095918
b 0.728894518 0.601171926
b 0.728951838 0.619234252
b 0.729017526 0.637281809
b 0.729090162 0.655313514
b 0.729168144 0.673328325
b 0.729248374 0.691327637
b 0.729326012 0.709316639
b 0.729396853 0.727300883
b 0.729457528 0.745285960
b 0.729505510 0.763277492
b 0.729539115 0.781281111
b 0.729557397 0.799302001
b 0.729560053 0.817344840
b 0.729547476 0.835414284
b 0.729520762 0.853514990
b 0.729481710 0.871651610
b 0.729432824 0.889828782
b 0.729377314 0.908051126
b 0.729319096 0.926323238
b 0.729262793 0.944649681
b 0.729213733 0.963034978
b 0.729177952 0.981483609
b 0.729162190 1.000000000
interior
i 0.385515379 0.125000000
i 0.442856158 0.125000000
i 0.500196937 0.125000000
i 0.557537716 0.125000000
i 0.614878495 0.125000000
i 0.672219274 0.125000000
i 0.500196937 0.250000000
i 0.557537716 0.250000000
i 0.614878495 0.250000000
i 0.672219274 0.250000000
i 0.557537716 0.375000000
i 0.614878495 0.375000000
i 0.672219274 0.375000000
i 0.614878495 0.500000000
i 0.672219274 0.500000000
i 0.672219274 0.625000000
i 0.356844989 0.062500000
i 0.342509794 0.031250000
i 0.371180184 0.031250000
i 0.342509794 0.093750000
i 0.371180184 0.093750000
i 0.414185768 0.062500000
i 0.399850573 0.031250000
i 0.428520963 0.031250000
i 0.399850573 0.093750000
i 0.428520963 0.093750000
i 0.414185768 0.187500000
i 0.399850573 0.156250000
i 0.428520963 0.156250000
i 0.471526547 0.062500000
i 0.457191353 0.031250000
i 0.485861742 0.031250000
i 0.457191353 0.093750000
i 0.485861742 0.093750000
i 0.471526547 0.187500000
i 0.457191353 0.156250000
i 0.485861742 0.156250000
i 0.457191353 0.218750000
i 0.485861742 0.218750000
i 0.528867326 0.062500000
i 0.514532132 0.031250000
i 0.543202521 0.031250000
i 0.514532132 0.093750000
i 0.543202521 0.093750000
i 0.528867326 0.187500000
i 0.514532132 0.156250000
i 0.543202521 0.156250000
i 0.514532132 0.218750000
i 0.543202521 0.218750000
i 0.528867326 0.312500000
i 0.514532132 0.281250000
i 0.543202521 0.281250000
i 0.514532132 0.343750000
i 0.543202521 0.343750000
i 0.586208105 0.062500000
i 0.571872911 0.031250000
i 0.600543300 0.031250000
i 0.571872911 0.093750000
i 0.600543300 0.093750000
i 0.586208105 0.187500000
i 0.571872911 0.156250000
i 0.600543300 0.156250000
i 0.571872911 0.218750000
i 0.600543300 0.218750000
i 0.586208105 0.312500000
i 0.571872911 0.281250000
i 0.600543300 0.281250000
i 0.571872911 0.343750000
i 0.600543300 0.343750000
i 0.586208105 0.437500000
i 0.571872911 0.406250000
i 0.600543300 0.406250000
i 0.600543300 0.468750000
i 0.643548884 0.062500000
i 0.629213690 0.031250000
i 0.657884079 0.031250000
i 0.629213690 0.093750000
i 0.657884079 0.093750000
i 0.643548884 0.187500000
i 0.629213690 0.156250000
i 0.657884079 0.156250000
i 0.629213690 0.218750000
i 0.657884079 0.218750000
i 0.643548884 0.312500000
i 0.629213690 0.281250000
i 0.657884079 0.281250000
i 0.629213690 0.343750000
i 0.657884079 0.343750000
i 0.643548884 0.437500000
i 0.629213690 0.406250000
i 0.657884079 0.406250000
i 0.629213690 0.468750000
i 0.657884079 0.468750000
i 0.643548884 0.562500000
i 0.629213690 0.531250000
i 0.657884079 0.531250000
i 0.657884079 0.593750000
i 0.700889664 0.062500000
i 0.686554469 0.031250000
i 0.715224858 0.031250000
i 0.686554469 0.093750000
i 0.715224858 0.093750000
i 0.700889664 0.187500000
i 0.686554469 0.156250000
i 0.715224858 0.156250000
i 0.686554469 0.218750000
i 0.715224858 0.218750000
i 0.700889664 0.312500000
i 0.686554469 0.281250000
i 0.715224858 0.281250000
i 0.686554469 0.343750000
i 0.715224858 0.343750000
i 0.700889664 0.437500000
i 0.686554469 0.406250000
i 0.715224858 0.406250000
i 0.686554469 0.468750000
i 0.715224858 0.468750000
i 0.700889664 0.562500000
i 0.686554469 0.531250000
i 0.715224858 0.531250000
i 0.686554469 0.593750000
i 0.715224858 0.593750000
i 0.700889664 0.687500000
i 0.686554469 0.656250000
i 0.715224858 0.656250000
i 0.715224858 0.718750000
tris
t 53 54 55
t 84 85 86
t 89 90 91
t 91 92 93
t 93 94 95
t 95 96 97
t 97 98 99
t 99 100 101
t 101 102 103
t 103 104 105
t 122 123 124
t 124 125 126
t 126 127 128
t 128 129 130
t 130 131 132
t 132 133 134
t 134 135 136
t 145 146 147
t 151 208 150
t 208 205 150
t 205 207 150
t 207 149 150
t 153 231 152
t 231 229 152
t 229 232 152
t 232 154 152
t 154 155 156
t 157 158 159
t 162 163 164
t 165 166 167
t 167 168 169
t 170 171 172
t 173 174 175
t 175 176 177
t 180 181 182
t 183 184 185
t 185 186 187
t 188 189 190
t 190 191 192
t 195 196 197
t 198 199 200
t 200 201 202
t 203 204 205
t 205 206 207
t 208 209 210
t 210 211 212
t 214 215 216
t 217 218 219
t 219 220 221
t 222 223 224
t 224 225 226
t 227 228 229
t 229 230 231
t 232 233 234
t 234 235 236
t 238 239 240
t 241 242 243
t 243 244 245
t 246 247 248
t 248 249 250
t 251 252 253
t 253 254 255
t 256 257 258
t 258 259 260
t 261 262 263
t 263 264 265
t 52 53 55
t 84 86 87
t 89 91 93
t 93 95 97
t 97 99 101
t 101 103 105
t 122 124 126
t 126 128 130
t 130 132 134
t 147 188 145
t 188 185 145
t 185 187 145
t 187 144 145
t 179 180 182
t 210 212 213
t 234 236 237
t 237 238 240
t 263 265 266
t 51 52 55
t 80 81 87
t 81 82 87
t 82 83 87
t 83 84 87
t 88 89 93
t 93 97 101
t 101 105 106
t 121 122 126
t 126 130 134
t 173 175 178
t 183 185 188
t 198 200 203
t 203 205 208
t 217 219 222
t 227 229 232
t 241 243 246
t 251 253 256
t 256 258 261
t 50 51 55
t 88 93 101
t 101 106 107
t 121 126 134
t 55 56 50
t 56 57 50
t 87 88 101
t 120 121 134
t 87 101 107
t 119 120 134
t 87 107 108
t 118 119 134
t 87 108 109
t 117 118 134
t 87 109 110
t 116 117 134
t 87 110 111
t 116 134 136
t 87 111 112
t 116 136 137
t 115 116 137
t 115 137 138
t 115 138 139
t 115 139 140
t 167 169 178
t 169 173 178
t 179 182 188
t 188 190 193
t 194 195 208
t 222 224 227
t 246 248 251
t 149 207 147
t 207 205 147
t 205 208 147
t 208 151 147
t 152 213 214
t 49 50 57
t 144 187 141
t 187 185 141
t 185 188 141
t 188 147 141
t 48 49 57
t 141 147 151
t 47 48 57
t 46 47 57
t 45 46 57
t 44 45 57
t 43 44 57
t 42 43 57
t 41 42 57
t 40 41 57
t 39 40 57
t 38 39 57
t 37 38 57
t 36 37 57
t 35 36 57
t 34 35 57
t 57 58 34
t 58 59 34
t 59 60 34
t 60 61 34
t 61 62 34
t 62 63 34
t 63 64 34
t 64 65 34
t 65 66 34
t 33 34 66
t 32 33 66
t 31 32 66
t 140 141 151
t 30 31 66
t 29 30 66
t 28 29 66
t 27 28 66
t 26 27 66
t 25 26 66
t 24 25 66
t 23 24 66
t 22 23 66
t 21 22 66
t 20 21 66
t 19 20 66
t 18 19 66
t 152 214 216
t 237 240 261
t 152 216 232
t 263 156 261
t 156 237 261
t 77 78 87
t 78 79 87
t 79 80 87
t 151 152 232
t 72 73 87
t 73 74 87
t 74 75 87
t 75 76 87
t 76 77 87
t 234 154 232
t 154 213 232
t 213 210 232
t 210 151 232
t 66 67 18
t 67 68 18
t 68 69 18
t 69 70 18
t 70 71 18
t 71 72 18
t 72 87 112
t 151 210 140
t 210 213 140
t 213 154 140
t 154 234 140
t 72 112 113
t 140 234 237
t 17 18 72
t 72 113 114
t 16 17 72
t 72 114 115
t 15 16 72
t 14 15 72
t 13 14 72
t 12 13 72
t 11 12 72
t 115 0 1
t 11 72 115
t 115 1 2
t 10 11 115
t 115 2 3
t 9 10 115
t 115 3 4
t 8 9 115
t 115 4 5
t 7 8 115
t 115 5 6
t 6 7 115
t 0 115 140
t 237 156 140
t 156 263 140
t 263 266 0
t 0 140 263
t 213 152 154
t 179 188 193
t 194 208 210
t 178 179 193
t 193 194 210
t 167 178 193
t 210 213 193
t 213 154 193
t 154 156 193
t 167 193 156
t 156 157 160
t 167 156 160
t 167 160 161
t 165 167 161
t 164 165 161
