type=Nurbs forward=true n_boundary=196 n_holes=0 n_interior=329 n_tris=904 label=brep62542_f71_Nurbs(deg=3/3, cps=4x7)
boundary
b 0.703828016 0.658334908
b 0.683978823 0.658334917
b 0.664215487 0.658334928
b 0.644528472 0.658334938
b 0.624908386 0.658334949
b 0.605345959 0.658334960
b 0.585832030 0.658334971
b 0.566357528 0.658334983
b 0.546913452 0.658334995
b 0.527490860 0.658335007
b 0.508080847 0.658335019
b 0.488674533 0.658335032
b 0.469263044 0.658335045
b 0.449837495 0.658335058
b 0.430388978 0.658335072
b 0.410908541 0.658335085
b 0.391387173 0.658335099
b 0.371815790 0.658335113
b 0.352185212 0.658335127
b 0.332486152 0.658335142
b 0.312709194 0.658335156
b 0.292844775 0.658335171
b 0.272883170 0.658335186
b 0.252814465 0.658335201
b 0.232628544 0.658335216
b 0.212315064 0.658335231
b 0.191863431 0.658335246
b 0.171262782 0.658335262
b 0.150501957 0.658335277
b 0.129569474 0.658335293
b 0.108458083 0.658326604
b 0.108459570 0.653747354
b 0.108463612 0.649166335
b 0.108469582 0.644583220
b 0.108476880 0.639997684
b 0.108484935 0.635409395
b 0.108493205 0.630817999
b 0.108501182 0.626223119
b 0.108508397 0.621624374
b 0.108514422 0.617021378
b 0.108518873 0.612413747
b 0.108521411 0.607801089
b 0.108521743 0.603183015
b 0.108519627 0.598559130
b 0.108514873 0.593929040
b 0.108507342 0.589292346
b 0.108496955 0.584648650
b 0.108483690 0.579997552
b 0.108467585 0.575338648
b 0.108448800 0.570671604
b 0.108428210 0.565996880
b 0.108407044 0.561315447
b 0.108386426 0.556628292
b 0.108367350 0.551936403
b 0.108350685 0.547240771
b 0.108337166 0.542542388
b 0.108327387 0.537842249
b 0.108321801 0.533141351
b 0.108320710 0.528440692
b 0.108324265 0.523741269
b 0.108332449 0.519044080
b 0.108344946 0.514350085
b 0.108361196 0.509660227
b 0.108380472 0.504975443
b 0.108401886 0.500296671
b 0.108424379 0.495624843
b 0.108446723 0.490960894
b 0.108467526 0.486305742
b 0.108485756 0.481659816
b 0.108501155 0.477022787
b 0.108513598 0.472394262
b 0.108523021 0.467773847
b 0.108529429 0.463161156
b 0.108532890 0.458555799
b 0.108533540 0.453957393
b 0.108531581 0.449365556
b 0.108527285 0.444779908
b 0.108520991 0.440200072
b 0.108513107 0.435625675
b 0.108504112 0.431056345
b 0.108494554 0.426491716
b 0.108485053 0.421931422
b 0.108476300 0.417375103
b 0.108469059 0.412822403
b 0.108464165 0.408272969
b 0.108462449 0.403726441
b 0.123518722 0.403726546
b 0.138480066 0.403726952
b 0.153350939 0.403727604
b 0.168135640 0.403728448
b 0.182838330 0.403729430
b 0.197463048 0.403730495
b 0.212013731 0.403731591
b 0.226494231 0.403732663
b 0.240908334 0.403733658
b 0.255259774 0.403734524
b 0.269552249 0.403735206
b 0.283789440 0.403735652
b 0.297975023 0.403735809
b 0.312112684 0.403735625
b 0.326206093 0.403735098
b 0.340258790 0.403734326
b 0.354274208 0.403733418
b 0.368255685 0.403732482
b 0.382206484 0.403731628
b 0.396129808 0.403730963
b 0.410028815 0.403730596
b 0.423906633 0.403730636
b 0.437766374 0.403731190
b 0.451611154 0.403732367
b 0.465444100 0.403734275
b 0.479268370 0.403737024
b 0.493087167 0.403740721
b 0.506903757 0.403745466
b 0.520721552 0.403751147
b 0.534544032 0.403757438
b 0.548374624 0.403764004
b 0.562216711 0.403770509
b 0.576073650 0.403776619
b 0.589948784 0.403781998
b 0.603845458 0.403786309
b 0.617767035 0.403789216
b 0.631716912 0.403790382
b 0.645698534 0.403789467
b 0.659715408 0.403786133
b 0.673771125 0.403780039
b 0.687869370 0.403770843
b 0.702013888 0.403758299
b 0.716208031 0.403743007
b 0.730454898 0.403726003
b 0.744757564 0.403708329
b 0.759119092 0.403691031
b 0.773542554 0.403675156
b 0.788031038 0.403661756
b 0.802587671 0.403651886
b 0.817215628 0.403646605
b 0.831918150 0.403646977
b 0.846698562 0.403654070
b 0.861560282 0.403668959
b 0.876506846 0.403692723
b 0.891541919 0.403726446
b 0.888951098 0.408282299
b 0.886335043 0.412839418
b 0.883694800 0.417398273
b 0.881031342 0.421959322
b 0.878345542 0.426523028
b 0.875638177 0.431089858
b 0.872909926 0.435660284
b 0.870161376 0.440234784
b 0.867393023 0.444813838
b 0.864605273 0.449397928
b 0.861798445 0.453987544
b 0.858972773 0.458583175
b 0.856128406 0.463185316
b 0.853265416 0.467794464
b 0.850383793 0.472411118
b 0.847483452 0.477035781
b 0.844564233 0.481668957
b 0.841625907 0.486311154
b 0.838668160 0.490962808
b 0.835690552 0.495623527
b 0.832692713 0.500292376
b 0.829674459 0.504968412
b 0.826635790 0.509650690
b 0.823576884 0.514338263
b 0.820498094 0.519030181
b 0.817399940 0.523725495
b 0.814283115 0.528423228
b 0.811148499 0.533122360
b 0.807997130 0.537821869
b 0.804830203 0.542520733
b 0.801649059 0.547217933
b 0.798455179 0.551912452
b 0.795250179 0.556603276
b 0.792035800 0.561289392
b 0.788813907 0.565969792
b 0.785586474 0.570643471
b 0.782355572 0.575309437
b 0.779122631 0.579967240
b 0.775887933 0.584617263
b 0.772651589 0.589259963
b 0.769413632 0.593895794
b 0.766174022 0.598525211
b 0.762932651 0.603148665
b 0.759689342 0.607766609
b 0.756443854 0.612379492
b 0.753195888 0.616987762
b 0.749945084 0.621591864
b 0.746691029 0.626192245
b 0.743433255 0.630789345
b 0.740171247 0.635383605
b 0.736904443 0.639975462
b 0.733632244 0.644565319
b 0.730354023 0.649153558
b 0.727069120 0.653740553
b 0.723776844 0.658326678
interior
i 0.206223361 0.435482691
i 0.304126012 0.435482691
i 0.402028663 0.435482691
i 0.499931314 0.435482691
i 0.597833966 0.435482691
i 0.695736617 0.435482691
i 0.793639268 0.435482691
i 0.206223361 0.467318777
i 0.304126012 0.467318777
i 0.402028663 0.467318777
i 0.499931314 0.467318777
i 0.597833966 0.467318777
i 0.695736617 0.467318777
i 0.793639268 0.467318777
i 0.206223361 0.499154863
i 0.304126012 0.499154863
i 0.402028663 0.499154863
i 0.499931314 0.499154863
i 0.597833966 0.499154863
i 0.695736617 0.499154863
i 0.793639268 0.499154863
i 0.206223361 0.530990949
i 0.304126012 0.530990949
i 0.402028663 0.530990949
i 0.499931314 0.530990949
i 0.597833966 0.530990949
i 0.695736617 0.530990949
i 0.793639268 0.530990949
i 0.206223361 0.562827035
i 0.304126012 0.562827035
i 0.402028663 0.562827035
i 0.499931314 0.562827035
i 0.597833966 0.562827035
i 0.695736617 0.562827035
i 0.206223361 0.594663121
i 0.304126012 0.594663121
i 0.402028663 0.594663121
i 0.499931314 0.594663121
i 0.597833966 0.594663121
i 0.695736617 0.594663121
i 0.206223361 0.626499207
i 0.304126012 0.626499207
i 0.402028663 0.626499207
i 0.499931314 0.626499207
i 0.597833966 0.626499207
i 0.695736617 0.626499207
i 0.157272036 0.419564648
i 0.132796373 0.411605626
i 0.181747698 0.411605626
i 0.132796373 0.427523669
i 0.181747698 0.427523669
i 0.157272036 0.451400734
i 0.132796373 0.443441712
i 0.181747698 0.443441712
i 0.132796373 0.459359755
i 0.181747698 0.459359755
i 0.157272036 0.483236820
i 0.132796373 0.475277798
i 0.181747698 0.475277798
i 0.132796373 0.491195841
i 0.181747698 0.491195841
i 0.157272036 0.515072906
i 0.132796373 0.507113884
i 0.181747698 0.507113884
i 0.132796373 0.523031927
i 0.181747698 0.523031927
i 0.157272036 0.546908992
i 0.132796373 0.538949970
i 0.181747698 0.538949970
i 0.132796373 0.554868013
i 0.181747698 0.554868013
i 0.157272036 0.578745078
i 0.132796373 0.570786056
i 0.181747698 0.570786056
i 0.132796373 0.586704099
i 0.181747698 0.586704099
i 0.157272036 0.610581164
i 0.132796373 0.602622142
i 0.181747698 0.602622142
i 0.132796373 0.618540185
i 0.181747698 0.618540185
i 0.157272036 0.642417250
i 0.132796373 0.634458228
i 0.181747698 0.634458228
i 0.132796373 0.650376271
i 0.181747698 0.650376271
i 0.255174687 0.419564648
i 0.230699024 0.411605626
i 0.279650349 0.411605626
i 0.230699024 0.427523669
i 0.279650349 0.427523669
i 0.255174687 0.451400734
i 0.230699024 0.443441712
i 0.279650349 0.443441712
i 0.230699024 0.459359755
i 0.279650349 0.459359755
i 0.255174687 0.483236820
i 0.230699024 0.475277798
i 0.279650349 0.475277798
i 0.230699024 0.491195841
i 0.279650349 0.491195841
i 0.255174687 0.515072906
i 0.230699024 0.507113884
i 0.279650349 0.507113884
i 0.230699024 0.523031927
i 0.279650349 0.523031927
i 0.255174687 0.546908992
i 0.230699024 0.538949970
i 0.279650349 0.538949970
i 0.230699024 0.554868013
i 0.279650349 0.554868013
i 0.255174687 0.578745078
i 0.230699024 0.570786056
i 0.279650349 0.570786056
i 0.230699024 0.586704099
i 0.279650349 0.586704099
i 0.255174687 0.610581164
i 0.230699024 0.602622142
i 0.279650349 0.602622142
i 0.230699024 0.618540185
i 0.279650349 0.618540185
i 0.255174687 0.642417250
i 0.230699024 0.634458228
i 0.279650349 0.634458228
i 0.230699024 0.650376271
i 0.279650349 0.650376271
i 0.353077338 0.419564648
i 0.328601675 0.411605626
i 0.377553001 0.411605626
i 0.328601675 0.427523669
i 0.377553001 0.427523669
i 0.353077338 0.451400734
i 0.328601675 0.443441712
i 0.377553001 0.443441712
i 0.328601675 0.459359755
i 0.377553001 0.459359755
i 0.353077338 0.483236820
i 0.328601675 0.475277798
i 0.377553001 0.475277798
i 0.328601675 0.491195841
i 0.377553001 0.491195841
i 0.353077338 0.515072906
i 0.328601675 0.507113884
i 0.377553001 0.507113884
i 0.328601675 0.523031927
i 0.377553001 0.523031927
i 0.353077338 0.546908992
i 0.328601675 0.538949970
i 0.377553001 0.538949970
i 0.328601675 0.554868013
i 0.377553001 0.554868013
i 0.353077338 0.578745078
i 0.328601675 0.570786056
i 0.377553001 0.570786056
i 0.328601675 0.586704099
i 0.377553001 0.586704099
i 0.353077338 0.610581164
i 0.328601675 0.602622142
i 0.377553001 0.602622142
i 0.328601675 0.618540185
i 0.377553001 0.618540185
i 0.353077338 0.642417250
i 0.328601675 0.634458228
i 0.377553001 0.634458228
i 0.328601675 0.650376271
i 0.377553001 0.650376271
i 0.450979989 0.419564648
i 0.426504326 0.411605626
i 0.475455652 0.411605626
i 0.426504326 0.427523669
i 0.475455652 0.427523669
i 0.450979989 0.451400734
i 0.426504326 0.443441712
i 0.475455652 0.443441712
i 0.426504326 0.459359755
i 0.475455652 0.459359755
i 0.450979989 0.483236820
i 0.426504326 0.475277798
i 0.475455652 0.475277798
i 0.426504326 0.491195841
i 0.475455652 0.491195841
i 0.450979989 0.515072906
i 0.426504326 0.507113884
i 0.475455652 0.507113884
i 0.426504326 0.523031927
i 0.475455652 0.523031927
i 0.450979989 0.546908992
i 0.426504326 0.538949970
i 0.475455652 0.538949970
i 0.426504326 0.554868013
i 0.475455652 0.554868013
i 0.450979989 0.578745078
i 0.426504326 0.570786056
i 0.475455652 0.570786056
i 0.426504326 0.586704099
i 0.475455652 0.586704099
i 0.450979989 0.610581164
i 0.426504326 0.602622142
i 0.475455652 0.602622142
i 0.426504326 0.618540185
i 0.475455652 0.618540185
i 0.450979989 0.642417250
i 0.426504326 0.634458228
i 0.475455652 0.634458228
i 0.426504326 0.650376271
i 0.475455652 0.650376271
i 0.548882640 0.419564648
i 0.524406977 0.411605626
i 0.573358303 0.411605626
i 0.524406977 0.427523669
i 0.573358303 0.427523669
i 0.548882640 0.451400734
i 0.524406977 0.443441712
i 0.573358303 0.443441712
i 0.524406977 0.459359755
i 0.573358303 0.459359755
i 0.548882640 0.483236820
i 0.524406977 0.475277798
i 0.573358303 0.475277798
i 0.524406977 0.491195841
i 0.573358303 0.491195841
i 0.548882640 0.515072906
i 0.524406977 0.507113884
i 0.573358303 0.507113884
i 0.524406977 0.523031927
i 0.573358303 0.523031927
i 0.548882640 0.546908992
i 0.524406977 0.538949970
i 0.573358303 0.538949970
i 0.524406977 0.554868013
i 0.573358303 0.554868013
i 0.548882640 0.578745078
i 0.524406977 0.570786056
i 0.573358303 0.570786056
i 0.524406977 0.586704099
i 0.573358303 0.586704099
i 0.548882640 0.610581164
i 0.524406977 0.602622142
i 0.573358303 0.602622142
i 0.524406977 0.618540185
i 0.573358303 0.618540185
i 0.548882640 0.642417250
i 0.524406977 0.634458228
i 0.573358303 0.634458228
i 0.524406977 0.650376271
i 0.573358303 0.650376271
i 0.646785291 0.419564648
i 0.622309628 0.411605626
i 0.671260954 0.411605626
i 0.622309628 0.427523669
i 0.671260954 0.427523669
i 0.646785291 0.451400734
i 0.622309628 0.443441712
i 0.671260954 0.443441712
i 0.622309628 0.459359755
i 0.671260954 0.459359755
i 0.646785291 0.483236820
i 0.622309628 0.475277798
i 0.671260954 0.475277798
i 0.622309628 0.491195841
i 0.671260954 0.491195841
i 0.646785291 0.515072906
i 0.622309628 0.507113884
i 0.671260954 0.507113884
i 0.622309628 0.523031927
i 0.671260954 0.523031927
i 0.646785291 0.546908992
i 0.622309628 0.538949970
i 0.671260954 0.538949970
i 0.622309628 0.554868013
i 0.671260954 0.554868013
i 0.646785291 0.578745078
i 0.622309628 0.570786056
i 0.671260954 0.570786056
i 0.622309628 0.586704099
i 0.671260954 0.586704099
i 0.646785291 0.610581164
i 0.622309628 0.602622142
i 0.671260954 0.602622142
i 0.622309628 0.618540185
i 0.671260954 0.618540185
i 0.646785291 0.642417250
i 0.622309628 0.634458228
i 0.671260954 0.634458228
i 0.622309628 0.650376271
i 0.671260954 0.650376271
i 0.744687942 0.419564648
i 0.720212279 0.411605626
i 0.769163605 0.411605626
i 0.720212279 0.427523669
i 0.769163605 0.427523669
i 0.744687942 0.451400734
i 0.720212279 0.443441712
i 0.769163605 0.443441712
i 0.720212279 0.459359755
i 0.769163605 0.459359755
i 0.744687942 0.483236820
i 0.720212279 0.475277798
i 0.769163605 0.475277798
i 0.720212279 0.491195841
i 0.769163605 0.491195841
i 0.744687942 0.515072906
i 0.720212279 0.507113884
i 0.769163605 0.507113884
i 0.720212279 0.523031927
i 0.769163605 0.523031927
i 0.744687942 0.546908992
i 0.720212279 0.538949970
i 0.769163605 0.538949970
i 0.720212279 0.554868013
i 0.769163605 0.554868013
i 0.744687942 0.578745078
i 0.720212279 0.570786056
i 0.769163605 0.570786056
i 0.720212279 0.586704099
i 0.769163605 0.586704099
i 0.744687942 0.610581164
i 0.720212279 0.602622142
i 0.769163605 0.602622142
i 0.720212279 0.618540185
i 0.842590593 0.419564648
i 0.818114931 0.411605626
i 0.867066256 0.411605626
i 0.818114931 0.427523669
i 0.867066256 0.427523669
i 0.842590593 0.451400734
i 0.818114931 0.443441712
i 0.867066256 0.443441712
i 0.818114931 0.459359755
tris
t 85 86 525
t 86 87 525
t 87 88 525
t 88 89 525
t 89 533 525
t 89 534 533
t 89 90 534
t 90 535 534
t 90 536 535
t 90 91 536
t 91 537 536
t 91 92 537
t 92 538 537
t 92 539 538
t 92 93 539
t 93 540 539
t 93 541 540
t 93 94 541
t 94 542 541
t 94 543 542
t 94 95 543
t 95 544 543
t 95 96 544
t 96 545 544
t 96 546 545
t 96 97 546
t 97 547 546
t 97 548 547
t 97 98 548
t 98 549 548
t 98 99 549
t 99 550 549
t 99 551 550
t 99 100 551
t 100 552 551
t 100 553 552
t 100 101 553
t 101 554 553
t 101 555 554
t 101 102 555
t 102 556 555
t 102 103 556
t 103 557 556
t 103 558 557
t 103 104 558
t 104 559 558
t 104 560 559
t 104 105 560
t 105 561 560
t 105 106 561
t 106 562 561
t 106 563 562
t 106 107 563
t 107 564 563
t 107 565 564
t 107 108 565
t 108 566 565
t 108 567 566
t 108 109 567
t 109 568 567
t 109 110 568
t 110 569 568
t 110 570 569
t 110 111 570
t 111 571 570
t 111 572 571
t 111 112 572
t 112 573 572
t 112 113 573
t 113 574 573
t 113 575 574
t 113 114 575
t 114 576 575
t 114 577 576
t 114 115 577
t 115 578 577
t 115 579 578
t 115 116 579
t 116 580 579
t 116 117 580
t 117 581 580
t 117 582 581
t 117 118 582
t 118 583 582
t 118 584 583
t 118 119 584
t 119 585 584
t 119 120 585
t 120 586 585
t 120 587 586
t 120 121 587
t 121 588 587
t 121 589 588
t 121 122 589
t 122 590 589
t 122 591 590
t 122 123 591
t 123 592 591
t 123 124 592
t 124 593 592
t 124 594 593
t 124 125 594
t 125 595 594
t 125 596 595
t 125 126 596
t 126 597 596
t 126 127 597
t 127 598 597
t 127 599 598
t 127 128 599
t 128 600 599
t 128 601 600
t 128 602 601
t 128 603 602
t 128 129 603
t 129 604 603
t 129 605 604
t 129 606 605
t 129 607 606
t 129 608 607
t 129 130 608
t 130 609 608
t 130 610 609
t 130 611 610
t 130 612 611
t 130 613 612
t 130 131 613
t 131 614 613
t 131 615 614
t 131 616 615
t 131 617 616
t 131 618 617
t 131 619 618
t 131 132 619
t 132 620 619
t 132 621 620
t 132 622 621
t 132 623 622
t 132 624 623
t 132 133 624
t 133 625 624
t 133 626 625
t 133 627 626
t 133 628 627
t 133 629 628
t 133 630 629
t 133 134 630
t 134 631 630
t 134 632 631
t 134 633 632
t 134 634 633
t 134 635 634
t 134 135 635
t 135 636 635
t 135 637 636
t 135 638 637
t 135 639 638
t 135 640 639
t 135 641 640
t 135 136 641
t 136 642 641
t 136 526 642
t 136 137 526
t 137 138 526
t 138 139 526
t 139 140 526
t 85 525 84
t 84 525 83
t 83 525 82
t 82 525 81
t 81 525 80
t 80 525 79
t 79 525 78
t 78 525 77
t 77 525 76
t 76 525 75
t 75 525 74
t 74 525 73
t 73 525 72
t 72 525 527
t 140 141 526
t 141 142 526
t 142 143 526
t 143 144 526
t 144 145 526
t 145 146 526
t 146 147 526
t 147 148 526
t 148 149 526
t 149 150 526
t 150 151 526
t 151 152 526
t 152 153 526
t 153 528 526
t 525 533 527
t 533 643 527
t 533 534 643
t 534 644 643
t 534 535 644
t 535 645 644
t 535 536 645
t 536 646 645
t 536 537 646
t 537 647 646
t 537 538 647
t 538 648 647
t 538 539 648
t 539 649 648
t 539 540 649
t 540 650 649
t 540 541 650
t 541 651 650
t 541 542 651
t 542 652 651
t 542 543 652
t 543 653 652
t 543 544 653
t 544 654 653
t 544 545 654
t 545 655 654
t 545 546 655
t 546 656 655
t 546 547 656
t 547 657 656
t 547 548 657
t 548 658 657
t 548 549 658
t 549 659 658
t 549 550 659
t 550 660 659
t 550 551 660
t 551 661 660
t 551 552 661
t 552 662 661
t 552 553 662
t 553 663 662
t 553 554 663
t 554 664 663
t 554 555 664
t 555 665 664
t 555 556 665
t 556 666 665
t 556 557 666
t 557 667 666
t 557 558 667
t 558 668 667
t 558 559 668
t 559 669 668
t 559 560 669
t 560 670 669
t 560 561 670
t 561 671 670
t 561 562 671
t 562 672 671
t 562 563 672
t 563 673 672
t 563 564 673
t 564 674 673
t 564 565 674
t 565 675 674
t 565 566 675
t 566 676 675
t 566 567 676
t 567 677 676
t 567 568 677
t 568 678 677
t 568 569 678
t 569 679 678
t 569 570 679
t 570 680 679
t 570 571 680
t 571 681 680
t 571 572 681
t 572 682 681
t 572 573 682
t 573 683 682
t 573 574 683
t 574 684 683
t 574 575 684
t 575 685 684
t 575 576 685
t 576 686 685
t 576 577 686
t 577 687 686
t 577 578 687
t 578 688 687
t 578 579 688
t 579 689 688
t 579 580 689
t 580 690 689
t 580 581 690
t 581 691 690
t 581 582 691
t 582 692 691
t 582 583 692
t 583 693 692
t 583 584 693
t 584 694 693
t 584 585 694
t 585 695 694
t 585 586 695
t 586 696 695
t 586 587 696
t 587 697 696
t 587 588 697
t 588 698 697
t 588 589 698
t 589 699 698
t 589 590 699
t 590 700 699
t 590 591 700
t 591 701 700
t 591 592 701
t 592 702 701
t 592 593 702
t 593 703 702
t 593 594 703
t 594 704 703
t 594 595 704
t 595 705 704
t 595 596 705
t 596 706 705
t 596 597 706
t 597 707 706
t 597 598 707
t 598 708 707
t 598 599 708
t 599 709 708
t 599 600 709
t 600 710 709
t 600 601 710
t 601 711 710
t 601 602 711
t 602 712 711
t 602 603 712
t 603 713 712
t 603 604 713
t 604 714 713
t 604 605 714
t 605 715 714
t 605 606 715
t 606 716 715
t 606 607 716
t 607 717 716
t 607 608 717
t 608 718 717
t 608 609 718
t 609 719 718
t 609 610 719
t 610 720 719
t 610 611 720
t 611 721 720
t 611 612 721
t 612 722 721
t 612 613 722
t 613 723 722
t 613 614 723
t 614 724 723
t 614 615 724
t 615 725 724
t 615 616 725
t 616 726 725
t 616 617 726
t 617 727 726
t 617 618 727
t 618 728 727
t 618 619 728
t 619 729 728
t 619 620 729
t 620 730 729
t 620 621 730
t 621 731 730
t 621 622 731
t 622 732 731
t 622 623 732
t 623 733 732
t 623 624 733
t 624 734 733
t 624 625 734
t 625 735 734
t 625 626 735
t 626 736 735
t 626 627 736
t 627 737 736
t 627 628 737
t 628 738 737
t 628 528 738
t 628 629 528
t 629 630 528
t 630 631 528
t 631 632 528
t 632 633 528
t 633 634 528
t 634 635 528
t 635 636 528
t 636 637 528
t 637 638 528
t 638 639 528
t 639 640 528
t 640 641 528
t 641 642 528
t 642 526 528
t 72 527 71
t 71 527 70
t 70 527 69
t 69 527 68
t 68 527 67
t 67 527 66
t 66 527 65
t 65 527 64
t 64 527 63
t 63 527 62
t 62 527 61
t 61 527 60
t 60 527 59
t 59 527 58
t 58 527 529
t 153 154 528
t 154 155 528
t 155 156 528
t 156 157 528
t 157 158 528
t 158 159 528
t 159 160 528
t 160 161 528
t 161 162 528
t 162 163 528
t 163 164 528
t 164 165 528
t 165 166 528
t 166 167 528
t 167 530 528
t 527 643 529
t 643 644 529
t 644 645 529
t 645 739 529
t 645 646 739
t 646 740 739
t 646 647 740
t 647 741 740
t 647 648 741
t 648 742 741
t 648 649 742
t 649 743 742
t 649 650 743
t 650 744 743
t 650 651 744
t 651 745 744
t 651 652 745
t 652 746 745
t 652 653 746
t 653 747 746
t 653 654 747
t 654 748 747
t 654 655 748
t 655 749 748
t 655 656 749
t 656 750 749
t 656 657 750
t 657 751 750
t 657 658 751
t 658 752 751
t 658 659 752
t 659 753 752
t 659 660 753
t 660 754 753
t 660 661 754
t 661 755 754
t 661 662 755
t 662 756 755
t 662 663 756
t 663 757 756
t 663 664 757
t 664 758 757
t 664 665 758
t 665 759 758
t 665 666 759
t 666 760 759
t 666 667 760
t 667 761 760
t 667 668 761
t 668 762 761
t 668 669 762
t 669 763 762
t 669 670 763
t 670 764 763
t 670 671 764
t 671 765 764
t 671 672 765
t 672 766 765
t 672 673 766
t 673 767 766
t 673 674 767
t 674 768 767
t 674 675 768
t 675 769 768
t 675 676 769
t 676 770 769
t 676 677 770
t 677 771 770
t 677 678 771
t 678 772 771
t 678 679 772
t 679 773 772
t 679 680 773
t 680 774 773
t 680 681 774
t 681 775 774
t 681 682 775
t 682 776 775
t 682 683 776
t 683 777 776
t 683 684 777
t 684 778 777
t 684 685 778
t 685 779 778
t 685 686 779
t 686 780 779
t 686 687 780
t 687 781 780
t 687 688 781
t 688 782 781
t 688 689 782
t 689 783 782
t 689 690 783
t 690 784 783
t 690 691 784
t 691 785 784
t 691 692 785
t 692 786 785
t 692 693 786
t 693 787 786
t 693 694 787
t 694 788 787
t 694 695 788
t 695 789 788
t 695 696 789
t 696 790 789
t 696 697 790
t 697 791 790
t 697 698 791
t 698 792 791
t 698 699 792
t 699 793 792
t 699 700 793
t 700 794 793
t 700 701 794
t 701 795 794
t 701 702 795
t 702 796 795
t 702 703 796
t 703 797 796
t 703 704 797
t 704 798 797
t 704 705 798
t 705 799 798
t 705 706 799
t 706 800 799
t 706 707 800
t 707 801 800
t 707 708 801
t 708 802 801
t 708 709 802
t 709 803 802
t 709 710 803
t 710 804 803
t 710 711 804
t 711 805 804
t 711 712 805
t 712 806 805
t 712 713 806
t 713 807 806
t 713 714 807
t 714 808 807
t 714 715 808
t 715 809 808
t 715 716 809
t 716 810 809
t 716 717 810
t 717 811 810
t 717 718 811
t 718 812 811
t 718 719 812
t 719 813 812
t 719 720 813
t 720 814 813
t 720 530 814
t 720 721 530
t 721 722 530
t 722 723 530
t 723 724 530
t 724 725 530
t 725 726 530
t 726 727 530
t 727 728 530
t 728 729 530
t 729 730 530
t 730 731 530
t 731 732 530
t 732 733 530
t 733 734 530
t 734 735 530
t 735 736 530
t 736 737 530
t 737 738 530
t 738 528 530
t 58 529 57
t 57 529 56
t 56 529 55
t 55 529 54
t 54 529 53
t 53 529 52
t 52 529 51
t 51 529 50
t 50 529 49
t 49 529 48
t 48 529 47
t 47 529 46
t 46 529 45
t 45 529 44
t 44 529 531
t 167 168 530
t 168 169 530
t 169 170 530
t 170 171 530
t 171 172 530
t 172 173 530
t 173 174 530
t 174 175 530
t 175 176 530
t 176 177 530
t 177 178 530
t 178 179 530
t 179 180 530
t 180 181 530
t 181 532 530
t 529 739 531
t 739 815 531
t 739 740 815
t 740 816 815
t 740 741 816
t 741 817 816
t 741 742 817
t 742 818 817
t 742 743 818
t 743 819 818
t 743 744 819
t 744 820 819
t 744 745 820
t 745 821 820
t 745 746 821
t 746 822 821
t 746 747 822
t 747 823 822
t 747 748 823
t 748 824 823
t 748 749 824
t 749 825 824
t 749 750 825
t 750 826 825
t 750 751 826
t 751 827 826
t 751 752 827
t 752 828 827
t 752 753 828
t 753 829 828
t 753 754 829
t 754 830 829
t 754 755 830
t 755 831 830
t 755 756 831
t 756 832 831
t 756 757 832
t 757 833 832
t 757 758 833
t 758 834 833
t 758 759 834
t 759 835 834
t 759 760 835
t 760 836 835
t 760 761 836
t 761 837 836
t 761 762 837
t 762 838 837
t 762 763 838
t 763 839 838
t 763 764 839
t 764 840 839
t 764 765 840
t 765 841 840
t 765 766 841
t 766 842 841
t 766 767 842
t 767 843 842
t 767 768 843
t 768 844 843
t 768 769 844
t 769 845 844
t 769 770 845
t 770 846 845
t 770 771 846
t 771 847 846
t 771 772 847
t 772 848 847
t 772 773 848
t 773 849 848
t 773 774 849
t 774 850 849
t 774 775 850
t 775 851 850
t 775 776 851
t 776 852 851
t 776 777 852
t 777 853 852
t 777 778 853
t 778 854 853
t 778 779 854
t 779 855 854
t 779 780 855
t 780 856 855
t 780 781 856
t 781 857 856
t 781 782 857
t 782 858 857
t 782 783 858
t 783 859 858
t 783 784 859
t 784 860 859
t 784 785 860
t 785 861 860
t 785 786 861
t 786 862 861
t 786 787 862
t 787 863 862
t 787 788 863
t 788 864 863
t 788 789 864
t 789 865 864
t 789 790 865
t 790 866 865
t 790 791 866
t 791 867 866
t 791 792 867
t 792 868 867
t 792 793 868
t 793 869 868
t 793 794 869
t 794 870 869
t 794 795 870
t 795 871 870
t 795 796 871
t 796 872 871
t 796 797 872
t 797 873 872
t 797 798 873
t 798 874 873
t 798 799 874
t 799 875 874
t 799 800 875
t 800 876 875
t 800 801 876
t 801 877 876
t 801 802 877
t 802 878 877
t 802 803 878
t 803 879 878
t 803 532 879
t 803 804 532
t 804 805 532
t 805 806 532
t 806 807 532
t 807 808 532
t 808 809 532
t 809 810 532
t 810 811 532
t 811 812 532
t 812 813 532
t 813 814 532
t 814 530 532
t 44 531 43
t 43 531 42
t 42 531 41
t 41 531 40
t 40 531 39
t 39 531 38
t 38 531 37
t 37 531 36
t 36 531 35
t 35 531 34
t 34 531 33
t 33 531 32
t 32 531 31
t 31 531 30
t 181 182 532
t 182 183 532
t 183 184 532
t 184 185 532
t 185 186 532
t 186 187 532
t 187 188 532
t 188 189 532
t 189 190 532
t 190 191 532
t 191 192 532
t 192 193 532
t 193 194 532
t 194 195 532
t 531 29 30
t 531 28 29
t 531 27 28
t 531 815 27
t 815 816 27
t 816 26 27
t 816 817 26
t 817 818 26
t 818 819 26
t 819 25 26
t 819 820 25
t 820 821 25
t 821 24 25
t 821 822 24
t 822 823 24
t 823 23 24
t 823 824 23
t 824 825 23
t 825 826 23
t 826 22 23
t 826 827 22
t 827 828 22
t 828 21 22
t 828 829 21
t 829 830 21
t 830 831 21
t 831 20 21
t 831 832 20
t 832 833 20
t 833 19 20
t 833 834 19
t 834 835 19
t 835 18 19
t 835 836 18
t 836 837 18
t 837 838 18
t 838 17 18
t 838 839 17
t 839 840 17
t 840 16 17
t 840 841 16
t 841 842 16
t 842 843 16
t 843 15 16
t 843 844 15
t 844 845 15
t 845 14 15
t 845 846 14
t 846 847 14
t 847 13 14
t 847 848 13
t 848 849 13
t 849 850 13
t 850 12 13
t 850 851 12
t 851 852 12
t 852 11 12
t 852 853 11
t 853 854 11
t 854 855 11
t 855 10 11
t 855 856 10
t 856 857 10
t 857 9 10
t 857 858 9
t 858 859 9
t 859 8 9
t 859 860 8
t 860 861 8
t 861 862 8
t 862 7 8
t 862 863 7
t 863 864 7
t 864 6 7
t 864 865 6
t 865 866 6
t 866 867 6
t 867 5 6
t 867 868 5
t 868 869 5
t 869 4 5
t 869 870 4
t 870 871 4
t 871 3 4
t 871 872 3
t 872 873 3
t 873 874 3
t 874 2 3
t 874 875 2
t 875 876 2
t 876 1 2
t 876 877 1
t 877 878 1
t 878 879 1
t 879 0 1
t 879 532 0
t 532 195 0
