type=Torus forward=true n_boundary=174 n_holes=0 n_interior=0 n_tris=172 label=brep32629_f21_Torus
boundary
b 0.987903554 0.000000000
b 0.980468784 0.000000000
b 0.973034015 0.000000000
b 0.965599245 0.000000000
b 0.958164476 0.000000000
b 0.950729706 0.000000000
b 0.943294937 0.000000000
b 0.935860167 0.000000000
b 0.928425398 0.000000000
b 0.920990628 0.000000000
b 0.913555858 0.000000000
b 0.906121089 0.000000000
b 0.898686319 0.000000000
b 0.891251550 0.000000000
b 0.883816780 0.000000000
b 0.876382011 0.000000000
b 0.868947241 0.000000000
b 0.861512472 0.000000000
b 0.854077702 0.000000000
b 0.846642933 0.000000000
b 0.839208163 0.000000000
b 0.831773393 0.000000000
b 0.824338624 0.000000000
b 0.816903854 0.000000000
b 0.809469085 0.000000000
b 0.802034315 0.000000000
b 0.794599546 0.000000000
b 0.787164776 0.000000000
b 0.779730007 0.000000000
b 0.772295237 0.000000000
b 0.764860468 0.000000000
b 0.757425698 0.000000000
b 0.757814616 0.785398163
b 0.757800964 0.770848171
b 0.757787566 0.756355034
b 0.757774419 0.741914309
b 0.757761522 0.727521485
b 0.757748874 0.713171992
b 0.757736471 0.698861212
b 0.757724313 0.684584484
b 0.757712397 0.670337114
b 0.757700722 0.656114378
b 0.757689285 0.641911535
b 0.757678086 0.627723829
b 0.757667121 0.613546498
b 0.757656390 0.599374782
b 0.757645891 0.585203927
b 0.757635621 0.571029192
b 0.757625580 0.556845858
b 0.757615765 0.542649233
b 0.757606174 0.528434658
b 0.757596806 0.514197863
b 0.757587662 0.499938669
b 0.757578745 0.485659562
b 0.757570056 0.471363132
b 0.757561599 0.457052019
b 0.757553376 0.442728906
b 0.757545389 0.428396513
b 0.757537642 0.414057587
b 0.757530136 0.399714897
b 0.757522875 0.385371224
b 0.757515860 0.371029351
b 0.757509095 0.356692060
b 0.757502582 0.342362121
b 0.757496323 0.328042285
b 0.757490321 0.313735276
b 0.757484579 0.299443781
b 0.757479099 0.285170447
b 0.757473884 0.270917871
b 0.757468937 0.256688547
b 0.757464258 0.242482297
b 0.757459848 0.228294842
b 0.757455707 0.214121514
b 0.757451834 0.199957613
b 0.757448230 0.185798413
b 0.757444893 0.171639167
b 0.757441824 0.157475117
b 0.757439023 0.143301499
b 0.757436490 0.129113547
b 0.757434223 0.114906504
b 0.757432224 0.100675628
b 0.757430492 0.086416196
b 0.757429027 0.072123516
b 0.757427828 0.057792927
b 0.757426896 0.043419816
b 0.757426230 0.028999617
b 0.757425831 0.014527825
b 0.757425698 0.000000000
b 0.764860468 0.000000000
b 0.772295237 0.000000000
b 0.779730007 0.000000000
b 0.787164776 0.000000000
b 0.794599546 0.000000000
b 0.802034315 0.000000000
b 0.809469085 0.000000000
b 0.816903854 0.000000000
b 0.824338624 0.000000000
b 0.831773393 0.000000000
b 0.839208163 0.000000000
b 0.846642933 0.000000000
b 0.854077702 0.000000000
b 0.861512472 0.000000000
b 0.868947241 0.000000000
b 0.876382011 0.000000000
b 0.883816780 0.000000000
b 0.891251550 0.000000000
b 0.898686319 0.000000000
b 0.906121089 0.000000000
b 0.913555858 0.000000000
b 0.920990628 0.000000000
b 0.928425398 0.000000000
b 0.935860167 0.000000000
b 0.943294937 0.000000000
b 0.950729706 0.000000000
b 0.958164476 0.000000000
b 0.965599245 0.000000000
b 0.973034015 0.000000000
b 0.980468784 0.000000000
b 0.987903554 0.000000000
b 0.987903421 0.014527825
b 0.987903022 0.028999617
b 0.987902356 0.043419816
b 0.987901424 0.057792927
b 0.987900225 0.072123516
b 0.987898760 0.086416196
b 0.987897028 0.100675628
b 0.987895029 0.114906504
b 0.987892762 0.129113547
b 0.987890229 0.143301499
b 0.987887428 0.157475117
b 0.987884359 0.171639167
b 0.987881022 0.185798413
b 0.987877418 0.199957613
b 0.987873545 0.214121514
b 0.987869404 0.228294842
b 0.987864994 0.242482297
b 0.987860315 0.256688547
b 0.987855368 0.270917871
b 0.987850153 0.285170447
b 0.987844673 0.299443781
b 0.987838931 0.313735276
b 0.987832929 0.328042285
b 0.987826670 0.342362121
b 0.987820157 0.356692060
b 0.987813392 0.371029351
b 0.987806377 0.385371224
b 0.987799116 0.399714897
b 0.987791610 0.414057587
b 0.987783863 0.428396513
b 0.987775876 0.442728906
b 0.987767653 0.457052019
b 0.987759196 0.471363132
b 0.987750507 0.485659562
b 0.987741590 0.499938669
b 0.987732446 0.514197863
b 0.987723078 0.528434658
b 0.987713487 0.542649233
b 0.987703672 0.556845858
b 0.987693631 0.571029192
b 0.987683361 0.585203927
b 0.987672862 0.599374782
b 0.987662131 0.613546498
b 0.987651166 0.627723829
b 0.987639967 0.641911535
b 0.987628530 0.656114378
b 0.987616855 0.670337114
b 0.987604939 0.684584484
b 0.987592781 0.698861212
b 0.987580378 0.713171992
b 0.987567730 0.727521485
b 0.987554833 0.741914309
b 0.987541686 0.756355034
b 0.987528288 0.770848171
b 0.987514636 0.785398163
interior
tris
t 0 172 173
t 0 171 172
t 0 170 171
t 0 169 170
t 0 168 169
t 0 167 168
t 0 166 167
t 0 165 166
t 0 164 165
t 0 163 164
t 0 162 163
t 0 161 162
t 0 160 161
t 0 159 160
t 0 158 159
t 0 157 158
t 0 156 157
t 0 155 156
t 0 154 155
t 0 153 154
t 0 152 153
t 0 151 152
t 0 150 151
t 0 149 150
t 0 148 149
t 0 147 148
t 0 146 147
t 0 145 146
t 0 144 145
t 0 143 144
t 0 142 143
t 0 141 142
t 0 140 141
t 0 139 140
t 0 138 139
t 0 137 138
t 0 136 137
t 0 135 136
t 0 134 135
t 0 133 134
t 0 132 133
t 0 131 132
t 0 130 131
t 0 129 130
t 0 128 129
t 0 127 128
t 0 126 127
t 0 125 126
t 0 124 125
t 0 123 124
t 0 122 123
t 0 121 122
t 0 120 121
t 0 119 120
t 0 118 119
t 0 117 118
t 0 116 117
t 0 115 116
t 0 114 115
t 0 113 114
t 0 112 113
t 0 111 112
t 0 110 111
t 0 109 110
t 0 108 109
t 0 107 108
t 0 106 107
t 0 105 106
t 0 104 105
t 0 103 104
t 0 102 103
t 0 101 102
t 0 100 101
t 0 99 100
t 0 98 99
t 0 97 98
t 0 96 97
t 0 95 96
t 0 94 95
t 0 93 94
t 0 92 93
t 0 91 92
t 0 90 91
t 0 89 90
t 0 88 89
t 0 87 88
t 0 86 87
t 0 85 86
t 0 84 85
t 0 83 84
t 0 82 83
t 0 81 82
t 0 80 81
t 0 79 80
t 0 78 79
t 0 77 78
t 0 76 77
t 0 75 76
t 0 74 75
t 0 73 74
t 0 72 73
t 0 71 72
t 0 70 71
t 0 69 70
t 0 68 69
t 0 67 68
t 0 66 67
t 0 65 66
t 0 64 65
t 0 63 64
t 0 62 63
t 0 61 62
t 0 60 61
t 0 59 60
t 0 58 59
t 0 57 58
t 0 56 57
t 0 55 56
t 0 54 55
t 0 53 54
t 0 52 53
t 0 51 52
t 0 50 51
t 0 49 50
t 0 48 49
t 0 47 48
t 0 46 47
t 0 45 46
t 0 44 45
t 0 43 44
t 0 42 43
t 0 41 42
t 0 40 41
t 0 39 40
t 0 38 39
t 0 37 38
t 0 36 37
t 0 35 36
t 0 34 35
t 0 33 34
t 0 32 33
t 31 32 30
t 30 32 29
t 29 32 28
t 28 32 27
t 27 32 26
t 26 32 25
t 25 32 24
t 24 32 23
t 23 32 22
t 22 32 21
t 21 32 20
t 20 32 19
t 19 32 18
t 18 32 17
t 17 32 16
t 16 32 15
t 15 32 14
t 14 32 13
t 13 32 12
t 12 32 11
t 11 32 10
t 10 32 9
t 9 32 8
t 8 32 7
t 7 32 6
t 6 32 5
t 5 32 4
t 4 32 3
t 3 32 2
t 2 32 1
t 1 32 0
