type=Nurbs forward=true n_boundary=220 n_holes=0 n_interior=113 n_tris=2106 label=brep47598_f24_Nurbs(deg=3/3, cps=7x13)
boundary
b 0.981818575 0.999997543
b 0.963637150 0.999997333
b 0.945455724 0.999997002
b 0.927274298 0.999996568
b 0.909092869 0.999996048
b 0.890911437 0.999995458
b 0.872730003 0.999994816
b 0.854548566 0.999994138
b 0.836367126 0.999993441
b 0.818185683 0.999992744
b 0.800004238 0.999992061
b 0.781822791 0.999991412
b 0.763641343 0.999990815
b 0.745459894 0.999990286
b 0.727278445 0.999989844
b 0.709096997 0.999989509
b 0.690915550 0.999989299
b 0.672734107 0.999989234
b 0.654552667 0.999989334
b 0.636371232 0.999989619
b 0.618189803 0.999990113
b 0.600008381 0.999990836
b 0.581826967 0.999991812
b 0.563645563 0.999993065
b 0.545464169 0.999994619
b 0.527282787 0.999996501
b 0.509101417 0.999998738
b 0.490920061 1.000001357
b 0.472738717 1.000004361
b 0.454557386 1.000007729
b 0.436376065 1.000011437
b 0.418194753 1.000015463
b 0.400013448 1.000019782
b 0.381832147 1.000024372
b 0.363650849 1.000029206
b 0.345469552 1.000034260
b 0.327288251 1.000039509
b 0.309106946 1.000044926
b 0.290925632 1.000050483
b 0.272744308 1.000056152
b 0.254562970 1.000061904
b 0.236381615 1.000067706
b 0.218200241 1.000073527
b 0.200018844 1.000079333
b 0.181837423 1.000085088
b 0.163655974 1.000090753
b 0.145474496 1.000096289
b 0.127292986 1.000101652
b 0.109111443 1.000106798
b 0.090929866 1.000111677
b 0.072748253 1.000116236
b 0.054566606 1.000120419
b 0.036384924 1.000124166
b 0.018203209 1.000127411
b 0.000021463 1.000130082
b 0.000019573 0.981945642
b 0.000016090 0.963751132
b 0.000011700 0.945549049
b 0.000007013 0.927342207
b 0.000002559 0.909133706
b -0.000001214 0.890926871
b -0.000003932 0.872725193
b -0.000005439 0.854531084
b -0.000005992 0.836343727
b -0.000005888 0.818161687
b -0.000005385 0.799983462
b -0.000004709 0.781807486
b -0.000004050 0.763632129
b -0.000003562 0.745455701
b -0.000003308 0.727277138
b -0.000003231 0.709096681
b -0.000003271 0.690914751
b -0.000003374 0.672731789
b -0.000003498 0.654548253
b -0.000003609 0.636364614
b -0.000003684 0.618181346
b -0.000003717 0.599998687
b -0.000003721 0.581816543
b -0.000003710 0.563634794
b -0.000003692 0.545453317
b -0.000003674 0.527271988
b -0.000003663 0.509090682
b -0.000003661 0.490909280
b -0.000003667 0.472727729
b -0.000003676 0.454546043
b -0.000003685 0.436364239
b -0.000003689 0.418182334
b -0.000003685 0.400000344
b -0.000003670 0.381818286
b -0.000003641 0.363636178
b -0.000003602 0.345454060
b -0.000003562 0.327271991
b -0.000003533 0.309090026
b -0.000003526 0.290908220
b -0.000003554 0.272726625
b -0.000003632 0.254545288
b -0.000003771 0.236364236
b -0.000003949 0.218183319
b -0.000004123 0.200002306
b -0.000004243 0.181820974
b -0.000004257 0.163639113
b -0.000004107 0.145456523
b -0.000003728 0.127273013
b -0.000003070 0.109088477
b -0.000002184 0.090903252
b -0.000001168 0.072717815
b -0.000000129 0.054532620
b 0.000000815 0.036348083
b 0.000001533 0.018164583
b 0.000001884 -0.000017552
b 0.018183709 -0.000017190
b 0.036365531 -0.000016756
b 0.054547347 -0.000016259
b 0.072729159 -0.000015707
b 0.090910966 -0.000015107
b 0.109092768 -0.000014467
b 0.127274566 -0.000013792
b 0.145456360 -0.000013089
b 0.163638149 -0.000012363
b 0.181819934 -0.000011620
b 0.200001717 -0.000010864
b 0.218183496 -0.000010100
b 0.236365272 -0.000009332
b 0.254547046 -0.000008565
b 0.272728818 -0.000007802
b 0.290910588 -0.000007047
b 0.309092357 -0.000006304
b 0.327274125 -0.000005575
b 0.345455893 -0.000004866
b 0.363637661 -0.000004177
b 0.381819429 -0.000003514
b 0.400001197 -0.000002878
b 0.418182967 -0.000002272
b 0.436364737 -0.000001700
b 0.454546509 -0.000001164
b 0.472728282 -0.000000667
b 0.490910057 -0.000000211
b 0.509091833 0.000000200
b 0.527273612 0.000000567
b 0.545455392 0.000000893
b 0.563637173 0.000001181
b 0.581818956 0.000001433
b 0.600000740 0.000001653
b 0.618182525 0.000001841
b 0.636364310 0.000002001
b 0.654546096 0.000002136
b 0.672727883 0.000002247
b 0.690909669 0.000002336
b 0.709091456 0.000002405
b 0.727273243 0.000002457
b 0.745455029 0.000002493
b 0.763636816 0.000002516
b 0.781818602 0.000002526
b 0.800000388 0.000002526
b 0.818182173 0.000002518
b 0.836363957 0.000002503
b 0.854545741 0.000002483
b 0.872727525 0.000002460
b 0.890909308 0.000002434
b 0.909091091 0.000002409
b 0.927272873 0.000002385
b 0.945454655 0.000002363
b 0.963636436 0.000002347
b 0.981818218 0.000002336
b 0.999999999 0.000002333
b 0.999999998 0.018184064
b 0.999999998 0.036365623
b 0.999999997 0.054547064
b 0.999999998 0.072728437
b 0.999999999 0.090909798
b 0.999999999 0.109091199
b 1.000000000 0.127272694
b 1.000000000 0.145454317
b 1.000000000 0.163636052
b 1.000000000 0.181817871
b 1.000000000 0.199999748
b 1.000000000 0.218181658
b 1.000000000 0.236363574
b 1.000000000 0.254545471
b 1.000000000 0.272727336
b 1.000000000 0.290909173
b 1.000000000 0.309090989
b 1.000000000 0.327272790
b 1.000000000 0.345454584
b 1.000000000 0.363636377
b 1.000000000 0.381818175
b 1.000000000 0.399999981
b 1.000000000 0.418181794
b 1.000000000 0.436363613
b 1.000000000 0.454545435
b 1.000000000 0.472727260
b 1.000000000 0.490909086
b 1.000000000 0.509090914
b 1.000000000 0.527272740
b 1.000000000 0.545454565
b 1.000000000 0.563636388
b 1.000000000 0.581818206
b 1.000000000 0.600000019
b 1.000000000 0.618181825
b 1.000000000 0.636363623
b 1.000000000 0.654545415
b 1.000000000 0.672727208
b 1.000000000 0.690909009
b 1.000000000 0.709090825
b 1.000000000 0.727272662
b 1.000000000 0.745454528
b 1.000000000 0.763636428
b 1.000000000 0.781818346
b 1.000000000 0.800000258
b 1.000000000 0.818182136
b 1.000000001 0.836363955
b 1.000000000 0.854545688
b 1.000000000 0.872727307
b 0.999999999 0.890908795
b 0.999999999 0.909090186
b 0.999999998 0.927271537
b 0.999999997 0.945452900
b 0.999999998 0.963634333
b 0.999999998 0.981815887
b 1.000000000 0.999997616
interior
i 0.124994757 0.125000902
i 0.249995506 0.125000902
i 0.374996255 0.125000902
i 0.499997004 0.125000902
i 0.624997753 0.125000902
i 0.749998502 0.125000902
i 0.874999251 0.125000902
i 0.124994757 0.250019357
i 0.249995506 0.250019357
i 0.374996255 0.250019357
i 0.499997004 0.250019357
i 0.624997753 0.250019357
i 0.749998502 0.250019357
i 0.874999251 0.250019357
i 0.124994757 0.375037811
i 0.249995506 0.375037811
i 0.374996255 0.375037811
i 0.499997004 0.375037811
i 0.624997753 0.375037811
i 0.749998502 0.375037811
i 0.874999251 0.375037811
i 0.124994757 0.500056265
i 0.249995506 0.500056265
i 0.374996255 0.500056265
i 0.499997004 0.500056265
i 0.624997753 0.500056265
i 0.749998502 0.500056265
i 0.874999251 0.500056265
i 0.124994757 0.625074720
i 0.249995506 0.625074720
i 0.374996255 0.625074720
i 0.499997004 0.625074720
i 0.624997753 0.625074720
i 0.749998502 0.625074720
i 0.874999251 0.625074720
i 0.124994757 0.750093174
i 0.249995506 0.750093174
i 0.374996255 0.750093174
i 0.499997004 0.750093174
i 0.624997753 0.750093174
i 0.749998502 0.750093174
i 0.874999251 0.750093174
i 0.124994757 0.875111628
i 0.249995506 0.875111628
i 0.374996255 0.875111628
i 0.499997004 0.875111628
i 0.624997753 0.875111628
i 0.749998502 0.875111628
i 0.874999251 0.875111628
i 0.062494382 0.062491675
i 0.062494382 0.187510130
i 0.062494382 0.312528584
i 0.062494382 0.437547038
i 0.062494382 0.562565492
i 0.062494382 0.687583947
i 0.062494382 0.812602401
i 0.062494382 0.937620855
i 0.187495131 0.062491675
i 0.187495131 0.187510130
i 0.187495131 0.312528584
i 0.187495131 0.437547038
i 0.187495131 0.562565492
i 0.187495131 0.687583947
i 0.187495131 0.812602401
i 0.187495131 0.937620855
i 0.312495881 0.062491675
i 0.312495881 0.187510130
i 0.312495881 0.312528584
i 0.312495881 0.437547038
i 0.312495881 0.562565492
i 0.312495881 0.687583947
i 0.312495881 0.812602401
i 0.312495881 0.937620855
i 0.437496630 0.062491675
i 0.437496630 0.187510130
i 0.437496630 0.312528584
i 0.437496630 0.437547038
i 0.437496630 0.562565492
i 0.437496630 0.687583947
i 0.437496630 0.812602401
i 0.437496630 0.937620855
i 0.562497379 0.062491675
i 0.562497379 0.187510130
i 0.562497379 0.312528584
i 0.562497379 0.437547038
i 0.562497379 0.562565492
i 0.562497379 0.687583947
i 0.562497379 0.812602401
i 0.562497379 0.937620855
i 0.687498128 0.062491675
i 0.687498128 0.187510130
i 0.687498128 0.312528584
i 0.687498128 0.437547038
i 0.687498128 0.562565492
i 0.687498128 0.687583947
i 0.687498128 0.812602401
i 0.687498128 0.937620855
i 0.812498877 0.062491675
i 0.812498877 0.187510130
i 0.812498877 0.312528584
i 0.812498877 0.437547038
i 0.812498877 0.562565492
i 0.812498877 0.687583947
i 0.812498877 0.812602401
i 0.812498877 0.937620855
i 0.937499626 0.062491675
i 0.937499626 0.187510130
i 0.937499626 0.312528584
i 0.937499626 0.437547038
i 0.937499626 0.562565492
i 0.937499626 0.687583947
i 0.937499626 0.812602401
i 0.937499626 0.937620855
tris
t 109 107 108
t 109 106 107
t 109 105 106
t 109 110 111
t 109 111 112
t 109 112 113
t 109 113 114
t 109 114 115
t 109 115 116
t 109 116 117
t 109 117 118
t 109 118 119
t 109 119 120
t 109 120 121
t 109 121 122
t 109 122 123
t 109 123 124
t 109 124 125
t 109 125 126
t 109 126 127
t 109 333 105
t 109 334 333
t 109 335 334
t 109 336 335
t 109 337 336
t 109 338 337
t 109 339 338
t 109 340 339
t 109 341 340
t 109 342 341
t 109 343 342
t 109 344 343
t 109 345 344
t 109 346 345
t 109 347 346
t 109 348 347
t 109 349 348
t 109 350 349
t 109 351 350
t 109 352 351
t 109 353 352
t 109 354 353
t 109 355 354
t 109 356 355
t 109 357 356
t 109 358 357
t 109 359 358
t 109 360 359
t 109 361 360
t 109 362 361
t 109 363 362
t 109 364 363
t 109 365 364
t 109 366 365
t 109 367 366
t 109 368 367
t 109 369 368
t 109 370 369
t 109 371 370
t 109 372 371
t 109 373 372
t 109 374 373
t 109 127 374
t 105 103 104
t 105 102 103
t 105 101 102
t 105 100 101
t 127 128 129
t 127 129 130
t 127 130 131
t 127 131 132
t 127 132 133
t 127 133 134
t 127 134 135
t 127 135 136
t 127 136 137
t 127 137 138
t 127 138 139
t 127 139 140
t 127 140 141
t 127 141 142
t 127 142 143
t 127 143 144
t 127 144 145
t 105 375 100
t 105 376 375
t 105 333 376
t 333 377 376
t 333 334 377
t 334 378 377
t 334 335 378
t 335 379 378
t 335 336 379
t 336 380 379
t 336 337 380
t 337 381 380
t 337 338 381
t 338 382 381
t 338 339 382
t 339 383 382
t 339 340 383
t 340 384 383
t 340 341 384
t 341 385 384
t 341 342 385
t 342 386 385
t 342 343 386
t 343 387 386
t 343 344 387
t 344 388 387
t 344 345 388
t 345 389 388
t 345 346 389
t 346 390 389
t 346 347 390
t 347 391 390
t 347 348 391
t 348 392 391
t 348 349 392
t 349 393 392
t 349 350 393
t 350 394 393
t 350 351 394
t 351 395 394
t 351 352 395
t 352 396 395
t 352 353 396
t 353 397 396
t 353 354 397
t 354 398 397
t 354 355 398
t 355 399 398
t 355 356 399
t 356 400 399
t 356 357 400
t 357 401 400
t 357 358 401
t 358 402 401
t 358 359 402
t 359 403 402
t 359 360 403
t 360 404 403
t 360 361 404
t 361 405 404
t 361 362 405
t 362 406 405
t 362 363 406
t 363 407 406
t 363 364 407
t 364 408 407
t 364 365 408
t 365 409 408
t 365 366 409
t 366 410 409
t 366 367 410
t 367 411 410
t 367 368 411
t 368 412 411
t 368 369 412
t 369 413 412
t 369 370 413
t 370 414 413
t 370 371 414
t 371 415 414
t 371 372 415
t 372 416 415
t 372 373 416
t 373 417 416
t 373 374 417
t 374 418 417
t 374 127 418
t 127 419 418
t 127 420 419
t 127 421 420
t 127 422 421
t 127 423 422
t 127 424 423
t 127 425 424
t 127 426 425
t 127 427 426
t 127 428 427
t 127 429 428
t 127 430 429
t 127 431 430
t 127 432 431
t 127 433 432
t 127 434 433
t 127 435 434
t 127 436 435
t 127 437 436
t 127 438 437
t 127 439 438
t 127 440 439
t 127 441 440
t 127 442 441
t 127 443 442
t 127 444 443
t 127 445 444
t 127 446 445
t 127 447 446
t 127 448 447
t 127 449 448
t 127 450 449
t 127 451 450
t 127 452 451
t 127 453 452
t 127 454 453
t 127 145 454
t 100 98 99
t 100 97 98
t 100 96 97
t 145 146 147
t 145 147 148
t 145 148 149
t 145 149 150
t 145 150 151
t 145 151 152
t 145 152 153
t 145 153 154
t 145 154 155
t 145 155 156
t 145 156 157
t 145 157 158
t 145 158 159
t 145 159 160
t 145 160 161
t 145 161 162
t 145 162 163
t 100 375 96
t 375 455 96
t 375 376 455
t 376 456 455
t 376 377 456
t 377 457 456
t 377 378 457
t 378 458 457
t 378 379 458
t 379 459 458
t 379 380 459
t 380 460 459
t 380 381 460
t 381 461 460
t 381 382 461
t 382 462 461
t 382 383 462
t 383 463 462
t 383 384 463
t 384 464 463
t 384 385 464
t 385 465 464
t 385 386 465
t 386 466 465
t 386 387 466
t 387 467 466
t 387 388 467
t 388 468 467
t 388 389 468
t 389 469 468
t 389 390 469
t 390 470 469
t 390 391 470
t 391 471 470
t 391 392 471
t 392 472 471
t 392 393 472
t 393 473 472
t 393 394 473
t 394 474 473
t 394 395 474
t 395 475 474
t 395 396 475
t 396 476 475
t 396 397 476
t 397 477 476
t 397 398 477
t 398 478 477
t 398 399 478
t 399 479 478
t 399 400 479
t 400 480 479
t 400 401 480
t 401 481 480
t 401 402 481
t 402 482 481
t 402 403 482
t 403 483 482
t 403 404 483
t 404 484 483
t 404 405 484
t 405 485 484
t 405 406 485
t 406 486 485
t 406 407 486
t 407 487 486
t 407 408 487
t 408 488 487
t 408 409 488
t 409 489 488
t 409 410 489
t 410 490 489
t 410 411 490
t 411 491 490
t 411 412 491
t 412 492 491
t 412 413 492
t 413 493 492
t 413 414 493
t 414 494 493
t 414 415 494
t 415 495 494
t 415 416 495
t 416 496 495
t 416 417 496
t 417 497 496
t 417 418 497
t 418 498 497
t 418 419 498
t 419 499 498
t 419 420 499
t 420 500 499
t 420 421 500
t 421 501 500
t 421 422 501
t 422 502 501
t 422 423 502
t 423 503 502
t 423 424 503
t 424 504 503
t 424 425 504
t 425 505 504
t 425 426 505
t 426 506 505
t 426 427 506
t 427 507 506
t 427 428 507
t 428 508 507
t 428 429 508
t 429 509 508
t 429 430 509
t 430 510 509
t 430 431 510
t 431 511 510
t 431 432 511
t 432 512 511
t 432 433 512
t 433 513 512
t 433 434 513
t 434 514 513
t 434 435 514
t 435 515 514
t 435 436 515
t 436 516 515
t 436 437 516
t 437 517 516
t 437 438 517
t 438 518 517
t 438 439 518
t 439 519 518
t 439 440 519
t 440 520 519
t 440 441 520
t 441 521 520
t 441 442 521
t 442 522 521
t 442 443 522
t 443 523 522
t 443 444 523
t 444 524 523
t 444 445 524
t 445 525 524
t 445 446 525
t 446 526 525
t 446 447 526
t 447 527 526
t 447 448 527
t 448 528 527
t 448 449 528
t 449 529 528
t 449 450 529
t 450 530 529
t 450 451 530
t 451 531 530
t 451 452 531
t 452 532 531
t 452 453 532
t 453 533 532
t 453 454 533
t 454 534 533
t 454 145 534
t 145 535 534
t 145 536 535
t 145 537 536
t 145 538 537
t 145 539 538
t 145 540 539
t 145 541 540
t 145 542 541
t 145 543 542
t 145 544 543
t 145 545 544
t 145 546 545
t 145 547 546
t 145 548 547
t 145 549 548
t 145 550 549
t 145 551 550
t 145 552 551
t 145 553 552
t 145 554 553
t 145 555 554
t 145 556 555
t 145 557 556
t 145 558 557
t 145 559 558
t 145 560 559
t 145 561 560
t 145 562 561
t 145 563 562
t 145 564 563
t 145 565 564
t 145 566 565
t 145 567 566
t 145 568 567
t 145 569 568
t 145 163 569
t 96 94 95
t 163 164 165
t 163 165 166
t 163 166 167
t 163 167 168
t 163 168 169
t 163 169 170
t 163 170 171
t 163 171 172
t 96 455 94
t 455 570 94
t 455 456 570
t 456 571 570
t 456 457 571
t 457 572 571
t 457 458 572
t 458 573 572
t 458 459 573
t 459 574 573
t 459 460 574
t 460 575 574
t 460 461 575
t 461 576 575
t 461 462 576
t 462 577 576
t 462 463 577
t 463 578 577
t 463 464 578
t 464 579 578
t 464 465 579
t 465 580 579
t 465 466 580
t 466 581 580
t 466 467 581
t 467 582 581
t 467 468 582
t 468 583 582
t 468 469 583
t 469 584 583
t 469 470 584
t 470 585 584
t 470 471 585
t 471 586 585
t 471 472 586
t 472 587 586
t 472 473 587
t 473 588 587
t 473 474 588
t 474 589 588
t 474 475 589
t 475 590 589
t 475 476 590
t 476 591 590
t 476 477 591
t 477 592 591
t 477 478 592
t 478 593 592
t 478 479 593
t 479 594 593
t 479 480 594
t 480 595 594
t 480 481 595
t 481 596 595
t 481 482 596
t 482 597 596
t 482 483 597
t 483 598 597
t 483 484 598
t 484 599 598
t 484 485 599
t 485 600 599
t 485 486 600
t 486 601 600
t 486 487 601
t 487 602 601
t 487 488 602
t 488 603 602
t 488 489 603
t 489 604 603
t 489 490 604
t 490 605 604
t 490 491 605
t 491 606 605
t 491 492 606
t 492 607 606
t 492 493 607
t 493 608 607
t 493 494 608
t 494 609 608
t 494 495 609
t 495 610 609
t 495 496 610
t 496 611 610
t 496 497 611
t 497 612 611
t 497 498 612
t 498 613 612
t 498 499 613
t 499 614 613
t 499 500 614
t 500 615 614
t 500 501 615
t 501 616 615
t 501 502 616
t 502 617 616
t 502 503 617
t 503 618 617
t 503 504 618
t 504 619 618
t 504 505 619
t 505 620 619
t 505 506 620
t 506 621 620
t 506 507 621
t 507 622 621
t 507 508 622
t 508 623 622
t 508 509 623
t 509 624 623
t 509 510 624
t 510 625 624
t 510 511 625
t 511 626 625
t 511 512 626
t 512 627 626
t 512 513 627
t 513 628 627
t 513 514 628
t 514 629 628
t 514 515 629
t 515 630 629
t 515 516 630
t 516 631 630
t 516 517 631
t 517 632 631
t 517 518 632
t 518 633 632
t 518 519 633
t 519 634 633
t 519 520 634
t 520 635 634
t 520 521 635
t 521 636 635
t 521 522 636
t 522 637 636
t 522 523 637
t 523 638 637
t 523 524 638
t 524 639 638
t 524 525 639
t 525 640 639
t 525 526 640
t 526 641 640
t 526 527 641
t 527 642 641
t 527 528 642
t 528 643 642
t 528 529 643
t 529 644 643
t 529 530 644
t 530 645 644
t 530 531 645
t 531 646 645
t 531 532 646
t 532 647 646
t 532 533 647
t 533 648 647
t 533 534 648
t 534 649 648
t 534 535 649
t 535 650 649
t 535 536 650
t 536 651 650
t 536 537 651
t 537 652 651
t 537 538 652
t 538 653 652
t 538 539 653
t 539 654 653
t 539 540 654
t 540 655 654
t 540 541 655
t 541 656 655
t 541 542 656
t 542 657 656
t 542 543 657
t 543 658 657
t 543 544 658
t 544 659 658
t 544 545 659
t 545 660 659
t 545 546 660
t 546 661 660
t 546 547 661
t 547 662 661
t 547 548 662
t 548 663 662
t 548 549 663
t 549 664 663
t 549 550 664
t 550 665 664
t 550 551 665
t 551 666 665
t 551 552 666
t 552 667 666
t 552 553 667
t 553 668 667
t 553 554 668
t 554 669 668
t 554 555 669
t 555 670 669
t 555 556 670
t 556 671 670
t 556 557 671
t 557 672 671
t 557 558 672
t 558 673 672
t 558 559 673
t 559 674 673
t 559 560 674
t 560 675 674
t 560 561 675
t 561 676 675
t 561 562 676
t 562 677 676
t 562 563 677
t 563 678 677
t 563 564 678
t 564 679 678
t 564 565 679
t 565 680 679
t 565 566 680
t 566 681 680
t 566 567 681
t 567 682 681
t 567 568 682
t 568 683 682
t 568 569 683
t 569 684 683
t 569 163 684
t 163 685 684
t 163 172 685
t 94 92 93
t 94 91 92
t 172 173 174
t 172 174 175
t 172 175 176
t 172 176 177
t 172 177 178
t 172 178 179
t 172 179 180
t 172 180 181
t 172 181 182
t 94 570 91
t 570 686 91
t 570 571 686
t 571 687 686
t 571 572 687
t 572 688 687
t 572 573 688
t 573 689 688
t 573 574 689
t 574 690 689
t 574 575 690
t 575 691 690
t 575 576 691
t 576 692 691
t 576 577 692
t 577 693 692
t 577 578 693
t 578 694 693
t 578 579 694
t 579 695 694
t 579 580 695
t 580 696 695
t 580 581 696
t 581 697 696
t 581 582 697
t 582 698 697
t 582 583 698
t 583 699 698
t 583 584 699
t 584 700 699
t 584 585 700
t 585 701 700
t 585 586 701
t 586 702 701
t 586 587 702
t 587 703 702
t 587 588 703
t 588 704 703
t 588 589 704
t 589 705 704
t 589 590 705
t 590 706 705
t 590 591 706
t 591 707 706
t 591 592 707
t 592 708 707
t 592 593 708
t 593 709 708
t 593 594 709
t 594 710 709
t 594 595 710
t 595 711 710
t 595 596 711
t 596 712 711
t 596 597 712
t 597 713 712
t 597 598 713
t 598 714 713
t 598 599 714
t 599 715 714
t 599 600 715
t 600 716 715
t 600 601 716
t 601 717 716
t 601 602 717
t 602 718 717
t 602 603 718
t 603 719 718
t 603 604 719
t 604 720 719
t 604 605 720
t 605 721 720
t 605 606 721
t 606 722 721
t 606 607 722
t 607 723 722
t 607 608 723
t 608 724 723
t 608 609 724
t 609 725 724
t 609 610 725
t 610 726 725
t 610 611 726
t 611 727 726
t 611 612 727
t 612 728 727
t 612 613 728
t 613 729 728
t 613 614 729
t 614 730 729
t 614 615 730
t 615 731 730
t 615 616 731
t 616 732 731
t 616 617 732
t 617 733 732
t 617 618 733
t 618 734 733
t 618 619 734
t 619 735 734
t 619 620 735
t 620 736 735
t 620 621 736
t 621 737 736
t 621 622 737
t 622 738 737
t 622 623 738
t 623 739 738
t 623 624 739
t 624 740 739
t 624 625 740
t 625 741 740
t 625 626 741
t 626 742 741
t 626 627 742
t 627 743 742
t 627 628 743
t 628 744 743
t 628 629 744
t 629 745 744
t 629 630 745
t 630 746 745
t 630 631 746
t 631 747 746
t 631 632 747
t 632 748 747
t 632 633 748
t 633 749 748
t 633 634 749
t 634 750 749
t 634 635 750
t 635 751 750
t 635 636 751
t 636 752 751
t 636 637 752
t 637 753 752
t 637 638 753
t 638 754 753
t 638 639 754
t 639 755 754
t 639 640 755
t 640 756 755
t 640 641 756
t 641 757 756
t 641 642 757
t 642 758 757
t 642 643 758
t 643 759 758
t 643 644 759
t 644 760 759
t 644 645 760
t 645 761 760
t 645 646 761
t 646 762 761
t 646 647 762
t 647 763 762
t 647 648 763
t 648 764 763
t 648 649 764
t 649 765 764
t 649 650 765
t 650 766 765
t 650 651 766
t 651 767 766
t 651 652 767
t 652 768 767
t 652 653 768
t 653 769 768
t 653 654 769
t 654 770 769
t 654 655 770
t 655 771 770
t 655 656 771
t 656 772 771
t 656 657 772
t 657 773 772
t 657 658 773
t 658 774 773
t 658 659 774
t 659 775 774
t 659 660 775
t 660 776 775
t 660 661 776
t 661 777 776
t 661 662 777
t 662 778 777
t 662 663 778
t 663 779 778
t 663 664 779
t 664 780 779
t 664 665 780
t 665 781 780
t 665 666 781
t 666 782 781
t 666 667 782
t 667 783 782
t 667 668 783
t 668 784 783
t 668 669 784
t 669 785 784
t 669 670 785
t 670 786 785
t 670 671 786
t 671 787 786
t 671 672 787
t 672 788 787
t 672 673 788
t 673 789 788
t 673 674 789
t 674 790 789
t 674 675 790
t 675 791 790
t 675 676 791
t 676 792 791
t 676 677 792
t 677 793 792
t 677 678 793
t 678 794 793
t 678 679 794
t 679 795 794
t 679 680 795
t 680 796 795
t 680 681 796
t 681 797 796
t 681 682 797
t 682 798 797
t 682 683 798
t 683 799 798
t 683 684 799
t 684 800 799
t 684 685 800
t 685 801 800
t 685 182 801
t 685 172 182
t 91 89 90
t 91 88 89
t 91 87 88
t 91 86 87
t 91 85 86
t 91 84 85
t 91 83 84
t 91 82 83
t 91 81 82
t 91 80 81
t 91 79 80
t 91 78 79
t 91 77 78
t 91 76 77
t 91 75 76
t 91 74 75
t 91 73 74
t 182 183 184
t 182 184 185
t 182 185 186
t 182 186 187
t 182 187 188
t 182 188 189
t 182 189 190
t 182 190 191
t 182 191 192
t 182 192 193
t 182 193 194
t 182 194 195
t 182 195 196
t 182 196 197
t 182 197 198
t 182 198 199
t 182 199 200
t 91 686 73
t 686 802 73
t 686 687 802
t 687 803 802
t 687 688 803
t 688 804 803
t 688 689 804
t 689 805 804
t 689 690 805
t 690 806 805
t 690 691 806
t 691 807 806
t 691 692 807
t 692 808 807
t 692 693 808
t 693 809 808
t 693 694 809
t 694 810 809
t 694 695 810
t 695 811 810
t 695 696 811
t 696 812 811
t 696 697 812
t 697 813 812
t 697 698 813
t 698 814 813
t 698 699 814
t 699 815 814
t 699 700 815
t 700 816 815
t 700 701 816
t 701 817 816
t 701 702 817
t 702 818 817
t 702 703 818
t 703 819 818
t 703 704 819
t 704 820 819
t 704 705 820
t 705 821 820
t 705 706 821
t 706 822 821
t 706 707 822
t 707 823 822
t 707 708 823
t 708 824 823
t 708 709 824
t 709 825 824
t 709 710 825
t 710 826 825
t 710 711 826
t 711 827 826
t 711 712 827
t 712 828 827
t 712 713 828
t 713 829 828
t 713 714 829
t 714 830 829
t 714 715 830
t 715 831 830
t 715 716 831
t 716 832 831
t 716 717 832
t 717 833 832
t 717 718 833
t 718 834 833
t 718 719 834
t 719 835 834
t 719 720 835
t 720 836 835
t 720 721 836
t 721 837 836
t 721 722 837
t 722 838 837
t 722 723 838
t 723 839 838
t 723 724 839
t 724 840 839
t 724 725 840
t 725 841 840
t 725 726 841
t 726 842 841
t 726 727 842
t 727 843 842
t 727 728 843
t 728 844 843
t 728 729 844
t 729 845 844
t 729 730 845
t 730 846 845
t 730 731 846
t 731 847 846
t 731 732 847
t 732 848 847
t 732 733 848
t 733 849 848
t 733 734 849
t 734 850 849
t 734 735 850
t 735 851 850
t 735 736 851
t 736 852 851
t 736 737 852
t 737 853 852
t 737 738 853
t 738 854 853
t 738 739 854
t 739 855 854
t 739 740 855
t 740 856 855
t 740 741 856
t 741 857 856
t 741 742 857
t 742 858 857
t 742 743 858
t 743 859 858
t 743 744 859
t 744 860 859
t 744 745 860
t 745 861 860
t 745 746 861
t 746 862 861
t 746 747 862
t 747 863 862
t 747 748 863
t 748 864 863
t 748 749 864
t 749 865 864
t 749 750 865
t 750 866 865
t 750 751 866
t 751 867 866
t 751 752 867
t 752 868 867
t 752 753 868
t 753 869 868
t 753 754 869
t 754 870 869
t 754 755 870
t 755 871 870
t 755 756 871
t 756 872 871
t 756 757 872
t 757 873 872
t 757 758 873
t 758 874 873
t 758 759 874
t 759 875 874
t 759 760 875
t 760 876 875
t 760 761 876
t 761 877 876
t 761 762 877
t 762 878 877
t 762 763 878
t 763 879 878
t 763 764 879
t 764 880 879
t 764 765 880
t 765 881 880
t 765 766 881
t 766 882 881
t 766 767 882
t 767 883 882
t 767 768 883
t 768 884 883
t 768 769 884
t 769 885 884
t 769 770 885
t 770 886 885
t 770 771 886
t 771 887 886
t 771 772 887
t 772 888 887
t 772 773 888
t 773 889 888
t 773 774 889
t 774 890 889
t 774 775 890
t 775 891 890
t 775 776 891
t 776 892 891
t 776 777 892
t 777 893 892
t 777 778 893
t 778 894 893
t 778 779 894
t 779 895 894
t 779 780 895
t 780 896 895
t 780 781 896
t 781 897 896
t 781 782 897
t 782 898 897
t 782 783 898
t 783 899 898
t 783 784 899
t 784 900 899
t 784 785 900
t 785 901 900
t 785 786 901
t 786 902 901
t 786 787 902
t 787 903 902
t 787 788 903
t 788 904 903
t 788 789 904
t 789 905 904
t 789 790 905
t 790 906 905
t 790 791 906
t 791 907 906
t 791 792 907
t 792 908 907
t 792 793 908
t 793 909 908
t 793 794 909
t 794 910 909
t 794 795 910
t 795 911 910
t 795 796 911
t 796 912 911
t 796 797 912
t 797 913 912
t 797 798 913
t 798 914 913
t 798 799 914
t 799 915 914
t 799 800 915
t 800 916 915
t 800 801 916
t 801 917 916
t 801 200 917
t 801 182 200
t 73 71 72
t 200 201 202
t 200 202 203
t 200 203 204
t 200 204 205
t 200 205 206
t 200 206 207
t 200 207 208
t 200 208 209
t 73 802 71
t 802 918 71
t 802 803 918
t 803 919 918
t 803 804 919
t 804 920 919
t 804 805 920
t 805 921 920
t 805 806 921
t 806 922 921
t 806 807 922
t 807 923 922
t 807 808 923
t 808 924 923
t 808 809 924
t 809 925 924
t 809 810 925
t 810 926 925
t 810 811 926
t 811 927 926
t 811 812 927
t 812 928 927
t 812 813 928
t 813 929 928
t 813 814 929
t 814 930 929
t 814 815 930
t 815 931 930
t 815 816 931
t 816 932 931
t 816 817 932
t 817 933 932
t 817 818 933
t 818 934 933
t 818 819 934
t 819 935 934
t 819 820 935
t 820 936 935
t 820 821 936
t 821 937 936
t 821 822 937
t 822 938 937
t 822 823 938
t 823 939 938
t 823 824 939
t 824 940 939
t 824 825 940
t 825 941 940
t 825 826 941
t 826 942 941
t 826 827 942
t 827 943 942
t 827 828 943
t 828 944 943
t 828 829 944
t 829 945 944
t 829 830 945
t 830 946 945
t 830 831 946
t 831 947 946
t 831 832 947
t 832 948 947
t 832 833 948
t 833 949 948
t 833 834 949
t 834 950 949
t 834 835 950
t 835 951 950
t 835 836 951
t 836 952 951
t 836 837 952
t 837 953 952
t 837 838 953
t 838 954 953
t 838 839 954
t 839 955 954
t 839 840 955
t 840 956 955
t 840 841 956
t 841 957 956
t 841 842 957
t 842 958 957
t 842 843 958
t 843 959 958
t 843 844 959
t 844 960 959
t 844 845 960
t 845 961 960
t 845 846 961
t 846 962 961
t 846 847 962
t 847 963 962
t 847 848 963
t 848 964 963
t 848 849 964
t 849 965 964
t 849 850 965
t 850 966 965
t 850 851 966
t 851 967 966
t 851 852 967
t 852 968 967
t 852 853 968
t 853 969 968
t 853 854 969
t 854 970 969
t 854 855 970
t 855 971 970
t 855 856 971
t 856 972 971
t 856 857 972
t 857 973 972
t 857 858 973
t 858 974 973
t 858 859 974
t 859 975 974
t 859 860 975
t 860 976 975
t 860 861 976
t 861 977 976
t 861 862 977
t 862 978 977
t 862 863 978
t 863 979 978
t 863 864 979
t 864 980 979
t 864 865 980
t 865 981 980
t 865 866 981
t 866 982 981
t 866 867 982
t 867 983 982
t 867 868 983
t 868 984 983
t 868 869 984
t 869 985 984
t 869 870 985
t 870 986 985
t 870 871 986
t 871 987 986
t 871 872 987
t 872 988 987
t 872 873 988
t 873 989 988
t 873 874 989
t 874 990 989
t 874 875 990
t 875 991 990
t 875 876 991
t 876 992 991
t 876 877 992
t 877 993 992
t 877 878 993
t 878 994 993
t 878 879 994
t 879 995 994
t 879 880 995
t 880 996 995
t 880 881 996
t 881 997 996
t 881 882 997
t 882 998 997
t 882 883 998
t 883 999 998
t 883 884 999
t 884 1000 999
t 884 885 1000
t 885 1001 1000
t 885 886 1001
t 886 1002 1001
t 886 887 1002
t 887 1003 1002
t 887 888 1003
t 888 1004 1003
t 888 889 1004
t 889 1005 1004
t 889 890 1005
t 890 1006 1005
t 890 891 1006
t 891 1007 1006
t 891 892 1007
t 892 1008 1007
t 892 893 1008
t 893 1009 1008
t 893 894 1009
t 894 1010 1009
t 894 895 1010
t 895 1011 1010
t 895 896 1011
t 896 1012 1011
t 896 897 1012
t 897 1013 1012
t 897 898 1013
t 898 1014 1013
t 898 899 1014
t 899 1015 1014
t 899 900 1015
t 900 1016 1015
t 900 901 1016
t 901 1017 1016
t 901 902 1017
t 902 1018 1017
t 902 903 1018
t 903 1019 1018
t 903 904 1019
t 904 1020 1019
t 904 905 1020
t 905 1021 1020
t 905 906 1021
t 906 1022 1021
t 906 907 1022
t 907 1023 1022
t 907 908 1023
t 908 1024 1023
t 908 909 1024
t 909 1025 1024
t 909 910 1025
t 910 1026 1025
t 910 911 1026
t 911 1027 1026
t 911 912 1027
t 912 1028 1027
t 912 913 1028
t 913 1029 1028
t 913 914 1029
t 914 1030 1029
t 914 915 1030
t 915 1031 1030
t 915 916 1031
t 916 1032 1031
t 916 917 1032
t 917 1033 1032
t 917 200 1033
t 200 209 1033
t 71 69 70
t 209 210 211
t 209 211 212
t 209 212 213
t 209 213 214
t 209 214 215
t 209 215 216
t 209 216 217
t 209 217 218
t 71 918 69
t 918 1034 69
t 918 919 1034
t 919 1035 1034
t 919 920 1035
t 920 1036 1035
t 920 921 1036
t 921 1037 1036
t 921 922 1037
t 922 1038 1037
t 922 923 1038
t 923 1039 1038
t 923 924 1039
t 924 1040 1039
t 924 925 1040
t 925 1041 1040
t 925 926 1041
t 926 1042 1041
t 926 927 1042
t 927 1043 1042
t 927 928 1043
t 928 1044 1043
t 928 929 1044
t 929 1045 1044
t 929 930 1045
t 930 1046 1045
t 930 931 1046
t 931 1047 1046
t 931 932 1047
t 932 1048 1047
t 932 933 1048
t 933 1049 1048
t 933 934 1049
t 934 1050 1049
t 934 935 1050
t 935 1051 1050
t 935 936 1051
t 936 1052 1051
t 936 937 1052
t 937 1053 1052
t 937 938 1053
t 938 1054 1053
t 938 939 1054
t 939 1055 1054
t 939 940 1055
t 940 1056 1055
t 940 941 1056
t 941 1057 1056
t 941 942 1057
t 942 1058 1057
t 942 943 1058
t 943 1059 1058
t 943 944 1059
t 944 1060 1059
t 944 945 1060
t 945 1061 1060
t 945 946 1061
t 946 1062 1061
t 946 947 1062
t 947 1063 1062
t 947 948 1063
t 948 1064 1063
t 948 949 1064
t 949 1065 1064
t 949 950 1065
t 950 1066 1065
t 950 951 1066
t 951 1067 1066
t 951 952 1067
t 952 1068 1067
t 952 953 1068
t 953 1069 1068
t 953 954 1069
t 954 1070 1069
t 954 955 1070
t 955 1071 1070
t 955 956 1071
t 956 1072 1071
t 956 957 1072
t 957 1073 1072
t 957 958 1073
t 958 1074 1073
t 958 959 1074
t 959 1075 1074
t 959 960 1075
t 960 1076 1075
t 960 961 1076
t 961 1077 1076
t 961 962 1077
t 962 1078 1077
t 962 963 1078
t 963 1079 1078
t 963 964 1079
t 964 1080 1079
t 964 965 1080
t 965 1081 1080
t 965 966 1081
t 966 1082 1081
t 966 967 1082
t 967 1083 1082
t 967 968 1083
t 968 1084 1083
t 968 969 1084
t 969 1085 1084
t 969 970 1085
t 970 1086 1085
t 970 971 1086
t 971 1087 1086
t 971 972 1087
t 972 1088 1087
t 972 973 1088
t 973 1089 1088
t 973 974 1089
t 974 1090 1089
t 974 975 1090
t 975 1091 1090
t 975 976 1091
t 976 1092 1091
t 976 977 1092
t 977 1093 1092
t 977 978 1093
t 978 1094 1093
t 978 979 1094
t 979 1095 1094
t 979 980 1095
t 980 1096 1095
t 980 981 1096
t 981 1097 1096
t 981 982 1097
t 982 1098 1097
t 982 983 1098
t 983 1099 1098
t 983 984 1099
t 984 1100 1099
t 984 985 1100
t 985 1101 1100
t 985 986 1101
t 986 1102 1101
t 986 987 1102
t 987 1103 1102
t 987 988 1103
t 988 1104 1103
t 988 989 1104
t 989 1105 1104
t 989 990 1105
t 990 1106 1105
t 990 991 1106
t 991 1107 1106
t 991 992 1107
t 992 1108 1107
t 992 993 1108
t 993 1109 1108
t 993 994 1109
t 994 1110 1109
t 994 995 1110
t 995 1111 1110
t 995 996 1111
t 996 1112 1111
t 996 997 1112
t 997 1113 1112
t 997 998 1113
t 998 1114 1113
t 998 999 1114
t 999 1115 1114
t 999 1000 1115
t 1000 1116 1115
t 1000 1001 1116
t 1001 1117 1116
t 1001 1002 1117
t 1002 1118 1117
t 1002 1003 1118
t 1003 1119 1118
t 1003 1004 1119
t 1004 1120 1119
t 1004 1005 1120
t 1005 1121 1120
t 1005 1006 1121
t 1006 1122 1121
t 1006 1007 1122
t 1007 1123 1122
t 1007 1008 1123
t 1008 1124 1123
t 1008 1009 1124
t 1009 1125 1124
t 1009 1010 1125
t 1010 1126 1125
t 1010 1011 1126
t 1011 1127 1126
t 1011 1012 1127
t 1012 1128 1127
t 1012 1013 1128
t 1013 1129 1128
t 1013 1014 1129
t 1014 1130 1129
t 1014 1015 1130
t 1015 1131 1130
t 1015 1016 1131
t 1016 1132 1131
t 1016 1017 1132
t 1017 1133 1132
t 1017 1018 1133
t 1018 1134 1133
t 1018 1019 1134
t 1019 1135 1134
t 1019 1020 1135
t 1020 1136 1135
t 1020 1021 1136
t 1021 1137 1136
t 1021 1022 1137
t 1022 1138 1137
t 1022 1023 1138
t 1023 1139 1138
t 1023 1024 1139
t 1024 1140 1139
t 1024 1025 1140
t 1025 1141 1140
t 1025 1026 1141
t 1026 1142 1141
t 1026 1027 1142
t 1027 1143 1142
t 1027 1028 1143
t 1028 1144 1143
t 1028 1029 1144
t 1029 1145 1144
t 1029 1030 1145
t 1030 1146 1145
t 1030 1031 1146
t 1031 1147 1146
t 1031 1032 1147
t 1032 1148 1147
t 1032 1033 1148
t 1033 1149 1148
t 1033 218 1149
t 1033 209 218
t 69 67 68
t 69 66 67
t 69 65 66
t 69 64 65
t 218 219 0
t 218 0 1
t 218 1 2
t 218 2 3
t 218 3 4
t 218 4 5
t 218 5 6
t 218 6 7
t 218 7 8
t 218 8 9
t 218 9 10
t 218 10 11
t 218 11 12
t 218 12 13
t 218 13 14
t 218 14 15
t 218 15 16
t 218 16 17
t 69 1150 64
t 69 1151 1150
t 69 1034 1151
t 1034 1152 1151
t 1034 1035 1152
t 1035 1153 1152
t 1035 1036 1153
t 1036 1154 1153
t 1036 1037 1154
t 1037 1155 1154
t 1037 1038 1155
t 1038 1156 1155
t 1038 1039 1156
t 1039 1157 1156
t 1039 1040 1157
t 1040 1158 1157
t 1040 1041 1158
t 1041 1159 1158
t 1041 1042 1159
t 1042 1160 1159
t 1042 1043 1160
t 1043 1161 1160
t 1043 1044 1161
t 1044 1162 1161
t 1044 1045 1162
t 1045 1163 1162
t 1045 1046 1163
t 1046 1164 1163
t 1046 1047 1164
t 1047 1165 1164
t 1047 1048 1165
t 1048 1166 1165
t 1048 1049 1166
t 1049 1167 1166
t 1049 1050 1167
t 1050 1168 1167
t 1050 1051 1168
t 1051 1169 1168
t 1051 1052 1169
t 1052 1170 1169
t 1052 1053 1170
t 1053 1171 1170
t 1053 1054 1171
t 1054 1172 1171
t 1054 1055 1172
t 1055 1173 1172
t 1055 1056 1173
t 1056 1174 1173
t 1056 1057 1174
t 1057 1175 1174
t 1057 1058 1175
t 1058 1176 1175
t 1058 1059 1176
t 1059 1177 1176
t 1059 1060 1177
t 1060 1178 1177
t 1060 1061 1178
t 1061 1179 1178
t 1061 1062 1179
t 1062 1180 1179
t 1062 1063 1180
t 1063 1181 1180
t 1063 1064 1181
t 1064 1182 1181
t 1064 1065 1182
t 1065 1183 1182
t 1065 1066 1183
t 1066 1184 1183
t 1066 1067 1184
t 1067 1185 1184
t 1067 1068 1185
t 1068 1186 1185
t 1068 1069 1186
t 1069 1187 1186
t 1069 1070 1187
t 1070 1188 1187
t 1070 1071 1188
t 1071 1189 1188
t 1071 1072 1189
t 1072 1190 1189
t 1072 1073 1190
t 1073 1191 1190
t 1073 1074 1191
t 1074 1192 1191
t 1074 1075 1192
t 1075 1193 1192
t 1075 1076 1193
t 1076 1194 1193
t 1076 1077 1194
t 1077 1195 1194
t 1077 1078 1195
t 1078 1196 1195
t 1078 1079 1196
t 1079 1197 1196
t 1079 1080 1197
t 1080 1198 1197
t 1080 1081 1198
t 1081 1199 1198
t 1081 1082 1199
t 1082 1200 1199
t 1082 1083 1200
t 1083 1201 1200
t 1083 1084 1201
t 1084 1202 1201
t 1084 1085 1202
t 1085 1203 1202
t 1085 1086 1203
t 1086 1204 1203
t 1086 1087 1204
t 1087 1205 1204
t 1087 1088 1205
t 1088 1206 1205
t 1088 1089 1206
t 1089 1207 1206
t 1089 1090 1207
t 1090 1208 1207
t 1090 1091 1208
t 1091 1209 1208
t 1091 1092 1209
t 1092 1210 1209
t 1092 1093 1210
t 1093 1211 1210
t 1093 1094 1211
t 1094 1212 1211
t 1094 1095 1212
t 1095 1213 1212
t 1095 1096 1213
t 1096 1214 1213
t 1096 1097 1214
t 1097 1215 1214
t 1097 1098 1215
t 1098 1216 1215
t 1098 1099 1216
t 1099 1217 1216
t 1099 1100 1217
t 1100 1218 1217
t 1100 1101 1218
t 1101 1219 1218
t 1101 1102 1219
t 1102 1220 1219
t 1102 1103 1220
t 1103 1221 1220
t 1103 1104 1221
t 1104 1222 1221
t 1104 1105 1222
t 1105 1223 1222
t 1105 1106 1223
t 1106 1224 1223
t 1106 1107 1224
t 1107 1225 1224
t 1107 1108 1225
t 1108 1226 1225
t 1108 1109 1226
t 1109 1227 1226
t 1109 1110 1227
t 1110 1228 1227
t 1110 1111 1228
t 1111 1229 1228
t 1111 1112 1229
t 1112 1230 1229
t 1112 1113 1230
t 1113 1231 1230
t 1113 1114 1231
t 1114 1232 1231
t 1114 1115 1232
t 1115 1233 1232
t 1115 1116 1233
t 1116 1234 1233
t 1116 1117 1234
t 1117 17 1234
t 1117 1118 17
t 1118 1119 17
t 1119 1120 17
t 1120 1121 17
t 1121 1122 17
t 1122 1123 17
t 1123 1124 17
t 1124 1125 17
t 1125 1126 17
t 1126 1127 17
t 1127 1128 17
t 1128 1129 17
t 1129 1130 17
t 1130 1131 17
t 1131 1132 17
t 1132 1133 17
t 1133 1134 17
t 1134 1135 17
t 1135 1136 17
t 1136 1137 17
t 1137 1138 17
t 1138 1139 17
t 1139 1140 17
t 1140 1141 17
t 1141 1142 17
t 1142 1143 17
t 1143 1144 17
t 1144 1145 17
t 1145 1146 17
t 1146 1147 17
t 1147 1148 17
t 1148 1149 17
t 1149 218 17
t 64 62 63
t 64 61 62
t 64 60 61
t 64 59 60
t 17 18 19
t 17 19 20
t 17 20 21
t 17 21 22
t 17 22 23
t 17 23 24
t 17 24 25
t 17 25 26
t 17 26 27
t 17 27 28
t 17 28 29
t 17 29 30
t 17 30 31
t 17 31 32
t 17 32 33
t 17 33 34
t 17 34 35
t 64 1150 59
t 1150 1151 59
t 1151 1152 59
t 1152 1153 59
t 1153 1154 59
t 1154 1155 59
t 1155 1156 59
t 1156 1157 59
t 1157 1235 59
t 1157 1158 1235
t 1158 1236 1235
t 1158 1159 1236
t 1159 1237 1236
t 1159 1160 1237
t 1160 1238 1237
t 1160 1161 1238
t 1161 1239 1238
t 1161 1162 1239
t 1162 1240 1239
t 1162 1163 1240
t 1163 1241 1240
t 1163 1164 1241
t 1164 1242 1241
t 1164 1165 1242
t 1165 1243 1242
t 1165 1166 1243
t 1166 1244 1243
t 1166 1167 1244
t 1167 1245 1244
t 1167 1168 1245
t 1168 1246 1245
t 1168 1169 1246
t 1169 1247 1246
t 1169 1170 1247
t 1170 1248 1247
t 1170 1171 1248
t 1171 1249 1248
t 1171 1172 1249
t 1172 1250 1249
t 1172 1173 1250
t 1173 1251 1250
t 1173 1174 1251
t 1174 1252 1251
t 1174 1175 1252
t 1175 1253 1252
t 1175 1176 1253
t 1176 1254 1253
t 1176 1177 1254
t 1177 1255 1254
t 1177 1178 1255
t 1178 1256 1255
t 1178 1179 1256
t 1179 1257 1256
t 1179 1180 1257
t 1180 1258 1257
t 1180 1181 1258
t 1181 1259 1258
t 1181 1182 1259
t 1182 1260 1259
t 1182 1183 1260
t 1183 1261 1260
t 1183 1184 1261
t 1184 1262 1261
t 1184 1185 1262
t 1185 1263 1262
t 1185 1186 1263
t 1186 1264 1263
t 1186 1187 1264
t 1187 1265 1264
t 1187 1188 1265
t 1188 1266 1265
t 1188 1189 1266
t 1189 1267 1266
t 1189 1190 1267
t 1190 1268 1267
t 1190 1191 1268
t 1191 1269 1268
t 1191 1192 1269
t 1192 1270 1269
t 1192 1193 1270
t 1193 1271 1270
t 1193 1194 1271
t 1194 1272 1271
t 1194 1195 1272
t 1195 1273 1272
t 1195 1196 1273
t 1196 1274 1273
t 1196 1197 1274
t 1197 1275 1274
t 1197 1198 1275
t 1198 1276 1275
t 1198 1199 1276
t 1199 35 1276
t 1199 1200 35
t 1200 1201 35
t 1201 1202 35
t 1202 1203 35
t 1203 1204 35
t 1204 1205 35
t 1205 1206 35
t 1206 1207 35
t 1207 1208 35
t 1208 1209 35
t 1209 1210 35
t 1210 1211 35
t 1211 1212 35
t 1212 1213 35
t 1213 1214 35
t 1214 1215 35
t 1215 1216 35
t 1216 1217 35
t 1217 1218 35
t 1218 1219 35
t 1219 1220 35
t 1220 1221 35
t 1221 1222 35
t 1222 1223 35
t 1223 1224 35
t 1224 1225 35
t 1225 1226 35
t 1226 1227 35
t 1227 1228 35
t 1228 1229 35
t 1229 1230 35
t 1230 1231 35
t 1231 1232 35
t 1232 1233 35
t 1233 1234 35
t 1234 17 35
t 59 57 58
t 59 56 57
t 59 55 56
t 59 54 55
t 35 36 37
t 35 37 38
t 35 38 39
t 35 39 40
t 35 40 41
t 35 41 42
t 35 42 43
t 35 43 44
t 35 44 45
t 35 45 46
t 35 46 47
t 35 47 48
t 35 48 49
t 35 49 50
t 35 50 51
t 35 51 52
t 35 52 53
t 35 53 54
t 59 1235 54
t 1235 1236 54
t 1236 1237 54
t 1237 1238 54
t 1238 1239 54
t 1239 1240 54
t 1240 1241 54
t 1241 1242 54
t 1242 1243 54
t 1243 1244 54
t 1244 1245 54
t 1245 1246 54
t 1246 1247 54
t 1247 1248 54
t 1248 1249 54
t 1249 1250 54
t 1250 1251 54
t 1251 1252 54
t 1252 1253 54
t 1253 1254 54
t 1254 1255 54
t 1255 1256 54
t 1256 1257 54
t 1257 1258 54
t 1258 1259 54
t 1259 1260 54
t 1260 1261 54
t 1261 1262 54
t 1262 1263 54
t 1263 1264 54
t 1264 1265 54
t 1265 1266 54
t 1266 1267 54
t 1267 1268 54
t 1268 1269 54
t 1269 1270 54
t 1270 1271 54
t 1271 1272 54
t 1272 1273 54
t 1273 1274 54
t 1274 1275 54
t 1275 1276 54
t 1276 35 54
