type=Cylinder forward=true n_boundary=262 n_holes=0 n_interior=365 n_tris=625 label=brep62542_f35_Cylinder
boundary
b 4.628135076 -1.520000000
b 4.628135076 -1.970000000
b 4.628125255 -1.972764589
b 4.628095647 -1.975532452
b 4.628046037 -1.978301875
b 4.627976209 -1.981071147
b 4.627885945 -1.983838554
b 4.627775029 -1.986602384
b 4.627643246 -1.989360924
b 4.627490378 -1.992112462
b 4.627316210 -1.994855284
b 4.627120525 -1.997587679
b 4.626903107 -2.000307933
b 4.626663876 -2.003013948
b 4.626403298 -2.005702080
b 4.626121978 -2.008368302
b 4.625820519 -2.011008583
b 4.625499523 -2.013618896
b 4.625159594 -2.016195210
b 4.624801336 -2.018733498
b 4.624425352 -2.021229730
b 4.624032245 -2.023679876
b 4.623622619 -2.026079909
b 4.623197076 -2.028425799
b 4.622756111 -2.030714212
b 4.622299785 -2.032944590
b 4.621828049 -2.035117070
b 4.621340854 -2.037231788
b 4.620838152 -2.039288882
b 4.620319894 -2.041288489
b 4.619786031 -2.043230744
b 4.619236515 -2.045115786
b 4.618671297 -2.046943751
b 4.618090329 -2.048714776
b 4.617493561 -2.050428997
b 4.616881103 -2.052086117
b 4.616253695 -2.053684097
b 4.615612236 -2.055220465
b 4.614957624 -2.056692748
b 4.614290757 -2.058098472
b 4.613612534 -2.059435165
b 4.612923853 -2.060700354
b 4.612225613 -2.061891566
b 4.611518711 -2.063006328
b 4.610804046 -2.064042166
b 4.610082517 -2.064996609
b 4.609354947 -2.065867621
b 4.608621870 -2.066654924
b 4.607883744 -2.067358676
b 4.607141030 -2.067979037
b 4.606394185 -2.068516167
b 4.605643671 -2.068970224
b 4.604889945 -2.069341368
b 4.604133468 -2.069629759
b 4.603374698 -2.069835554
b 4.602614095 -2.069958915
b 4.601852118 -2.070000000
b 4.600103260 -2.070000000
b 4.598354401 -2.070000000
b 4.596605543 -2.070000000
b 4.594856685 -2.070000000
b 4.593107827 -2.070000000
b 4.591358968 -2.070000000
b 4.589610110 -2.070000000
b 4.587861252 -2.070000000
b 4.586112394 -2.070000000
b 4.584363536 -2.070000000
b 4.582614677 -2.070000000
b 4.580865819 -2.070000000
b 4.579116961 -2.070000000
b 4.577368103 -2.070000000
b 4.575619245 -2.070000000
b 4.573870386 -2.070000000
b 4.572121528 -2.070000000
b 4.570372670 -2.070000000
b 4.568623812 -2.070000000
b 4.566874953 -2.070000000
b 4.565126095 -2.070000000
b 4.563377237 -2.070000000
b 4.561628379 -2.070000000
b 4.559879521 -2.070000000
b 4.558130662 -2.070000000
b 4.556381804 -2.070000000
b 4.554632946 -2.070000000
b 4.552884088 -2.070000000
b 4.551135230 -2.070000000
b 4.549386371 -2.070000000
b 4.547637513 -2.070000000
b 4.545888655 -2.070000000
b 4.544139797 -2.070000000
b 4.542390938 -2.070000000
b 4.540642080 -2.070000000
b 4.538893222 -2.070000000
b 4.537144364 -2.070000000
b 4.535395506 -2.070000000
b 4.533646647 -2.070000000
b 4.531897789 -2.070000000
b 4.530148931 -2.070000000
b 4.528400073 -2.070000000
b 4.526651215 -2.070000000
b 4.524902356 -2.070000000
b 4.523153498 -2.070000000
b 4.521404640 -2.070000000
b 4.519655782 -2.070000000
b 4.519655782 -3.950786317
b 4.523159943 -3.950961259
b 4.526664105 -3.951132141
b 4.530168270 -3.951298761
b 4.533672440 -3.951460922
b 4.537176616 -3.951618424
b 4.540680800 -3.951771067
b 4.544184995 -3.951918651
b 4.547689202 -3.952060978
b 4.551193424 -3.952197848
b 4.554697662 -3.952329061
b 4.558201917 -3.952454417
b 4.561706193 -3.952573719
b 4.565210491 -3.952686765
b 4.568714813 -3.952793357
b 4.572219161 -3.952893294
b 4.575723536 -3.952986379
b 4.579227942 -3.953072410
b 4.582732379 -3.953151189
b 4.586236850 -3.953222527
b 4.589741352 -3.953286361
b 4.593245883 -3.953342709
b 4.596750438 -3.953391590
b 4.600255014 -3.953433022
b 4.603759605 -3.953467027
b 4.607264210 -3.953493621
b 4.610768823 -3.953512826
b 4.614273440 -3.953524660
b 4.617778059 -3.953529142
b 4.621282674 -3.953526291
b 4.624787281 -3.953516127
b 4.628291878 -3.953498669
b 4.631796460 -3.953473936
b 4.635301023 -3.953441947
b 4.638805563 -3.953402722
b 4.642310076 -3.953356280
b 4.645814559 -3.953302640
b 4.649319007 -3.953241815
b 4.652823417 -3.953173480
b 4.656327785 -3.953096782
b 4.659832108 -3.953010824
b 4.663336382 -3.952914709
b 4.666840602 -3.952807539
b 4.670344767 -3.952688416
b 4.673848871 -3.952556444
b 4.677352912 -3.952410725
b 4.680856885 -3.952250361
b 4.684360786 -3.952074455
b 4.687864613 -3.951882109
b 4.691368360 -3.951672427
b 4.694872025 -3.951444510
b 4.698375604 -3.951197461
b 4.701879092 -3.950930383
b 4.705382487 -3.950642379
b 4.708885784 -3.950332550
b 4.712388980 -3.950000000
b 4.712388980 -1.500000000
b 4.710592625 -1.500000000
b 4.708796270 -1.500000000
b 4.706999915 -1.500000000
b 4.705203560 -1.500000000
b 4.703407205 -1.500000000
b 4.701610849 -1.500000000
b 4.699814494 -1.500000000
b 4.698018139 -1.500000000
b 4.696221784 -1.500000000
b 4.694425429 -1.500000000
b 4.692629073 -1.500000000
b 4.690832718 -1.500000000
b 4.689036363 -1.500000000
b 4.687240008 -1.500000000
b 4.685443653 -1.500000000
b 4.683647298 -1.500000000
b 4.681850942 -1.500000000
b 4.680054587 -1.500000000
b 4.678258232 -1.500000000
b 4.676461877 -1.500000000
b 4.674665522 -1.500000000
b 4.672869167 -1.500000000
b 4.671072811 -1.500000000
b 4.669276456 -1.500000000
b 4.667480101 -1.500000000
b 4.665683746 -1.500000000
b 4.663887391 -1.500000000
b 4.662091035 -1.500000000
b 4.660294680 -1.500000000
b 4.658498325 -1.500000000
b 4.656701970 -1.500000000
b 4.654905615 -1.500000000
b 4.653109260 -1.500000000
b 4.651312904 -1.500000000
b 4.649516549 -1.500000000
b 4.647720194 -1.500000000
b 4.645923839 -1.500000000
b 4.644127484 -1.500000000
b 4.642331129 -1.500000000
b 4.640534773 -1.500000000
b 4.638738418 -1.500000000
b 4.636942063 -1.500000000
b 4.635145708 -1.500000000
b 4.633349353 -1.500000000
b 4.631552998 -1.500000000
b 4.629756642 -1.500000000
b 4.627960287 -1.500000000
b 4.627966584 -1.500363131
b 4.627972765 -1.500726289
b 4.627978830 -1.501089475
b 4.627984780 -1.501452689
b 4.627990615 -1.501815929
b 4.627996334 -1.502179195
b 4.628001938 -1.502542486
b 4.628007427 -1.502905802
b 4.628012800 -1.503269142
b 4.628018057 -1.503632507
b 4.628023199 -1.503995894
b 4.628028226 -1.504359304
b 4.628033137 -1.504722737
b 4.628037933 -1.505086191
b 4.628042613 -1.505449666
b 4.628047178 -1.505813161
b 4.628051627 -1.506176676
b 4.628055961 -1.506540211
b 4.628060179 -1.506903765
b 4.628064281 -1.507267337
b 4.628068269 -1.507630927
b 4.628072140 -1.507994534
b 4.628075896 -1.508358158
b 4.628079537 -1.508721798
b 4.628083062 -1.509085454
b 4.628086471 -1.509449126
b 4.628089765 -1.509812812
b 4.628092944 -1.510176513
b 4.628096007 -1.510540228
b 4.628098954 -1.510903956
b 4.628101786 -1.511267697
b 4.628104502 -1.511631450
b 4.628107103 -1.511995215
b 4.628109588 -1.512358992
b 4.628111957 -1.512722779
b 4.628114211 -1.513086577
b 4.628116350 -1.513450385
b 4.628118372 -1.513814202
b 4.628120280 -1.514178028
b 4.628122071 -1.514541863
b 4.628123747 -1.514905705
b 4.628125308 -1.515269554
b 4.628126753 -1.515633410
b 4.628128082 -1.515997272
b 4.628129296 -1.516361139
b 4.628130394 -1.516725012
b 4.628131377 -1.517088889
b 4.628132244 -1.517452770
b 4.628132995 -1.517816654
b 4.628133631 -1.518180541
b 4.628134151 -1.518544431
b 4.628134555 -1.518908322
b 4.628134844 -1.519272214
b 4.628135018 -1.519636107
interior
i 4.535716882 -3.890618138
i 4.551777981 -3.890618138
i 4.567839081 -3.890618138
i 4.583900181 -3.890618138
i 4.599961281 -3.890618138
i 4.616022381 -3.890618138
i 4.632083481 -3.890618138
i 4.648144581 -3.890618138
i 4.664205681 -3.890618138
i 4.680266781 -3.890618138
i 4.696327880 -3.890618138
i 4.535716882 -3.827707134
i 4.551777981 -3.827707134
i 4.567839081 -3.827707134
i 4.583900181 -3.827707134
i 4.599961281 -3.827707134
i 4.616022381 -3.827707134
i 4.632083481 -3.827707134
i 4.648144581 -3.827707134
i 4.664205681 -3.827707134
i 4.680266781 -3.827707134
i 4.696327880 -3.827707134
i 4.535716882 -3.764796131
i 4.551777981 -3.764796131
i 4.567839081 -3.764796131
i 4.583900181 -3.764796131
i 4.599961281 -3.764796131
i 4.616022381 -3.764796131
i 4.632083481 -3.764796131
i 4.648144581 -3.764796131
i 4.664205681 -3.764796131
i 4.680266781 -3.764796131
i 4.696327880 -3.764796131
i 4.535716882 -3.701885127
i 4.551777981 -3.701885127
i 4.567839081 -3.701885127
i 4.583900181 -3.701885127
i 4.599961281 -3.701885127
i 4.616022381 -3.701885127
i 4.632083481 -3.701885127
i 4.648144581 -3.701885127
i 4.664205681 -3.701885127
i 4.680266781 -3.701885127
i 4.696327880 -3.701885127
i 4.535716882 -3.638974123
i 4.551777981 -3.638974123
i 4.567839081 -3.638974123
i 4.583900181 -3.638974123
i 4.599961281 -3.638974123
i 4.616022381 -3.638974123
i 4.632083481 -3.638974123
i 4.648144581 -3.638974123
i 4.664205681 -3.638974123
i 4.680266781 -3.638974123
i 4.696327880 -3.638974123
i 4.535716882 -3.576063120
i 4.551777981 -3.576063120
i 4.567839081 -3.576063120
i 4.583900181 -3.576063120
i 4.599961281 -3.576063120
i 4.616022381 -3.576063120
i 4.632083481 -3.576063120
i 4.648144581 -3.576063120
i 4.664205681 -3.576063120
i 4.680266781 -3.576063120
i 4.696327880 -3.576063120
i 4.535716882 -3.513152116
i 4.551777981 -3.513152116
i 4.567839081 -3.513152116
i 4.583900181 -3.513152116
i 4.599961281 -3.513152116
i 4.616022381 -3.513152116
i 4.632083481 -3.513152116
i 4.648144581 -3.513152116
i 4.664205681 -3.513152116
i 4.680266781 -3.513152116
i 4.696327880 -3.513152116
i 4.535716882 -3.450241113
i 4.551777981 -3.450241113
i 4.567839081 -3.450241113
i 4.583900181 -3.450241113
i 4.599961281 -3.450241113
i 4.616022381 -3.450241113
i 4.632083481 -3.450241113
i 4.648144581 -3.450241113
i 4.664205681 -3.450241113
i 4.680266781 -3.450241113
i 4.696327880 -3.450241113
i 4.535716882 -3.387330109
i 4.551777981 -3.387330109
i 4.567839081 -3.387330109
i 4.583900181 -3.387330109
i 4.599961281 -3.387330109
i 4.616022381 -3.387330109
i 4.632083481 -3.387330109
i 4.648144581 -3.387330109
i 4.664205681 -3.387330109
i 4.680266781 -3.387330109
i 4.696327880 -3.387330109
i 4.535716882 -3.324419105
i 4.551777981 -3.324419105
i 4.567839081 -3.324419105
i 4.583900181 -3.324419105
i 4.599961281 -3.324419105
i 4.616022381 -3.324419105
i 4.632083481 -3.324419105
i 4.648144581 -3.324419105
i 4.664205681 -3.324419105
i 4.680266781 -3.324419105
i 4.696327880 -3.324419105
i 4.535716882 -3.261508102
i 4.551777981 -3.261508102
i 4.567839081 -3.261508102
i 4.583900181 -3.261508102
i 4.599961281 -3.261508102
i 4.616022381 -3.261508102
i 4.632083481 -3.261508102
i 4.648144581 -3.261508102
i 4.664205681 -3.261508102
i 4.680266781 -3.261508102
i 4.696327880 -3.261508102
i 4.535716882 -3.198597098
i 4.551777981 -3.198597098
i 4.567839081 -3.198597098
i 4.583900181 -3.198597098
i 4.599961281 -3.198597098
i 4.616022381 -3.198597098
i 4.632083481 -3.198597098
i 4.648144581 -3.198597098
i 4.664205681 -3.198597098
i 4.680266781 -3.198597098
i 4.696327880 -3.198597098
i 4.535716882 -3.135686094
i 4.551777981 -3.135686094
i 4.567839081 -3.135686094
i 4.583900181 -3.135686094
i 4.599961281 -3.135686094
i 4.616022381 -3.135686094
i 4.632083481 -3.135686094
i 4.648144581 -3.135686094
i 4.664205681 -3.135686094
i 4.680266781 -3.135686094
i 4.696327880 -3.135686094
i 4.535716882 -3.072775091
i 4.551777981 -3.072775091
i 4.567839081 -3.072775091
i 4.583900181 -3.072775091
i 4.599961281 -3.072775091
i 4.616022381 -3.072775091
i 4.632083481 -3.072775091
i 4.648144581 -3.072775091
i 4.664205681 -3.072775091
i 4.680266781 -3.072775091
i 4.696327880 -3.072775091
i 4.535716882 -3.009864087
i 4.551777981 -3.009864087
i 4.567839081 -3.009864087
i 4.583900181 -3.009864087
i 4.599961281 -3.009864087
i 4.616022381 -3.009864087
i 4.632083481 -3.009864087
i 4.648144581 -3.009864087
i 4.664205681 -3.009864087
i 4.680266781 -3.009864087
i 4.696327880 -3.009864087
i 4.535716882 -2.946953084
i 4.551777981 -2.946953084
i 4.567839081 -2.946953084
i 4.583900181 -2.946953084
i 4.599961281 -2.946953084
i 4.616022381 -2.946953084
i 4.632083481 -2.946953084
i 4.648144581 -2.946953084
i 4.664205681 -2.946953084
i 4.680266781 -2.946953084
i 4.696327880 -2.946953084
i 4.535716882 -2.884042080
i 4.551777981 -2.884042080
i 4.567839081 -2.884042080
i 4.583900181 -2.884042080
i 4.599961281 -2.884042080
i 4.616022381 -2.884042080
i 4.632083481 -2.884042080
i 4.648144581 -2.884042080
i 4.664205681 -2.884042080
i 4.680266781 -2.884042080
i 4.696327880 -2.884042080
i 4.535716882 -2.821131076
i 4.551777981 -2.821131076
i 4.567839081 -2.821131076
i 4.583900181 -2.821131076
i 4.599961281 -2.821131076
i 4.616022381 -2.821131076
i 4.632083481 -2.821131076
i 4.648144581 -2.821131076
i 4.664205681 -2.821131076
i 4.680266781 -2.821131076
i 4.696327880 -2.821131076
i 4.535716882 -2.758220073
i 4.551777981 -2.758220073
i 4.567839081 -2.758220073
i 4.583900181 -2.758220073
i 4.599961281 -2.758220073
i 4.616022381 -2.758220073
i 4.632083481 -2.758220073
i 4.648144581 -2.758220073
i 4.664205681 -2.758220073
i 4.680266781 -2.758220073
i 4.696327880 -2.758220073
i 4.535716882 -2.695309069
i 4.551777981 -2.695309069
i 4.567839081 -2.695309069
i 4.583900181 -2.695309069
i 4.599961281 -2.695309069
i 4.616022381 -2.695309069
i 4.632083481 -2.695309069
i 4.648144581 -2.695309069
i 4.664205681 -2.695309069
i 4.680266781 -2.695309069
i 4.696327880 -2.695309069
i 4.535716882 -2.632398065
i 4.551777981 -2.632398065
i 4.567839081 -2.632398065
i 4.583900181 -2.632398065
i 4.599961281 -2.632398065
i 4.616022381 -2.632398065
i 4.632083481 -2.632398065
i 4.648144581 -2.632398065
i 4.664205681 -2.632398065
i 4.680266781 -2.632398065
i 4.696327880 -2.632398065
i 4.535716882 -2.569487062
i 4.551777981 -2.569487062
i 4.567839081 -2.569487062
i 4.583900181 -2.569487062
i 4.599961281 -2.569487062
i 4.616022381 -2.569487062
i 4.632083481 -2.569487062
i 4.648144581 -2.569487062
i 4.664205681 -2.569487062
i 4.680266781 -2.569487062
i 4.696327880 -2.569487062
i 4.535716882 -2.506576058
i 4.551777981 -2.506576058
i 4.567839081 -2.506576058
i 4.583900181 -2.506576058
i 4.599961281 -2.506576058
i 4.616022381 -2.506576058
i 4.632083481 -2.506576058
i 4.648144581 -2.506576058
i 4.664205681 -2.506576058
i 4.680266781 -2.506576058
i 4.696327880 -2.506576058
i 4.535716882 -2.443665054
i 4.551777981 -2.443665054
i 4.567839081 -2.443665054
i 4.583900181 -2.443665054
i 4.599961281 -2.443665054
i 4.616022381 -2.443665054
i 4.632083481 -2.443665054
i 4.648144581 -2.443665054
i 4.664205681 -2.443665054
i 4.680266781 -2.443665054
i 4.696327880 -2.443665054
i 4.535716882 -2.380754051
i 4.551777981 -2.380754051
i 4.567839081 -2.380754051
i 4.583900181 -2.380754051
i 4.599961281 -2.380754051
i 4.616022381 -2.380754051
i 4.632083481 -2.380754051
i 4.648144581 -2.380754051
i 4.664205681 -2.380754051
i 4.680266781 -2.380754051
i 4.696327880 -2.380754051
i 4.535716882 -2.317843047
i 4.551777981 -2.317843047
i 4.567839081 -2.317843047
i 4.583900181 -2.317843047
i 4.599961281 -2.317843047
i 4.616022381 -2.317843047
i 4.632083481 -2.317843047
i 4.648144581 -2.317843047
i 4.664205681 -2.317843047
i 4.680266781 -2.317843047
i 4.696327880 -2.317843047
i 4.535716882 -2.254932044
i 4.551777981 -2.254932044
i 4.567839081 -2.254932044
i 4.583900181 -2.254932044
i 4.599961281 -2.254932044
i 4.616022381 -2.254932044
i 4.632083481 -2.254932044
i 4.648144581 -2.254932044
i 4.664205681 -2.254932044
i 4.680266781 -2.254932044
i 4.696327880 -2.254932044
i 4.535716882 -2.192021040
i 4.551777981 -2.192021040
i 4.567839081 -2.192021040
i 4.583900181 -2.192021040
i 4.599961281 -2.192021040
i 4.616022381 -2.192021040
i 4.632083481 -2.192021040
i 4.648144581 -2.192021040
i 4.664205681 -2.192021040
i 4.680266781 -2.192021040
i 4.696327880 -2.192021040
i 4.535716882 -2.129110036
i 4.551777981 -2.129110036
i 4.567839081 -2.129110036
i 4.583900181 -2.129110036
i 4.599961281 -2.129110036
i 4.616022381 -2.129110036
i 4.632083481 -2.129110036
i 4.648144581 -2.129110036
i 4.664205681 -2.129110036
i 4.680266781 -2.129110036
i 4.696327880 -2.129110036
i 4.616022381 -2.066199033
i 4.632083481 -2.066199033
i 4.648144581 -2.066199033
i 4.664205681 -2.066199033
i 4.680266781 -2.066199033
i 4.696327880 -2.066199033
i 4.632083481 -2.003288029
i 4.648144581 -2.003288029
i 4.664205681 -2.003288029
i 4.680266781 -2.003288029
i 4.696327880 -2.003288029
i 4.632083481 -1.940377025
i 4.648144581 -1.940377025
i 4.664205681 -1.940377025
i 4.680266781 -1.940377025
i 4.696327880 -1.940377025
i 4.632083481 -1.877466022
i 4.648144581 -1.877466022
i 4.664205681 -1.877466022
i 4.680266781 -1.877466022
i 4.696327880 -1.877466022
i 4.632083481 -1.814555018
i 4.648144581 -1.814555018
i 4.664205681 -1.814555018
i 4.680266781 -1.814555018
i 4.696327880 -1.814555018
i 4.632083481 -1.751644015
i 4.648144581 -1.751644015
i 4.664205681 -1.751644015
i 4.680266781 -1.751644015
i 4.696327880 -1.751644015
i 4.632083481 -1.688733011
i 4.648144581 -1.688733011
i 4.664205681 -1.688733011
i 4.680266781 -1.688733011
i 4.696327880 -1.688733011
i 4.632083481 -1.625822007
i 4.648144581 -1.625822007
i 4.664205681 -1.625822007
i 4.680266781 -1.625822007
i 4.696327880 -1.625822007
i 4.632083481 -1.562911004
i 4.648144581 -1.562911004
i 4.664205681 -1.562911004
i 4.680266781 -1.562911004
i 4.696327880 -1.562911004
tris
t 625 626 0
t 102 103 104
t 104 105 106
t 106 107 108
t 108 109 110
t 110 111 112
t 112 113 114
t 114 115 116
t 116 117 118
t 118 119 120
t 120 121 122
t 122 123 124
t 124 125 126
t 126 127 128
t 128 129 130
t 130 131 132
t 132 133 134
t 134 135 136
t 136 137 138
t 138 139 140
t 140 141 142
t 142 143 144
t 144 145 146
t 146 147 148
t 148 149 150
t 150 151 152
t 152 153 154
t 154 155 156
t 156 157 158
t 158 159 160
t 206 207 208
t 271 272 273
t 282 283 284
t 293 294 295
t 304 305 306
t 315 316 317
t 326 327 328
t 337 338 339
t 348 349 350
t 359 360 361
t 370 371 372
t 381 382 383
t 392 393 394
t 403 404 405
t 414 415 416
t 425 426 427
t 436 437 438
t 447 448 449
t 458 459 460
t 469 470 471
t 480 481 482
t 491 492 493
t 502 503 504
t 513 514 515
t 524 525 526
t 535 536 537
t 546 547 548
t 557 558 559
t 568 569 570
t 579 580 581
t 585 586 587
t 590 591 592
t 595 596 597
t 600 601 602
t 605 606 607
t 610 611 612
t 615 616 617
t 620 621 622
t 624 625 0
t 101 102 104
t 104 106 108
t 108 110 112
t 112 114 116
t 116 118 120
t 120 122 124
t 124 126 128
t 128 130 132
t 132 134 136
t 136 138 140
t 140 142 144
t 144 146 148
t 148 150 152
t 152 154 156
t 156 158 160
t 205 206 208
t 270 271 273
t 281 282 284
t 292 293 295
t 303 304 306
t 314 315 317
t 325 326 328
t 336 337 339
t 347 348 350
t 358 359 361
t 369 370 372
t 380 381 383
t 391 392 394
t 402 403 405
t 413 414 416
t 424 425 427
t 435 436 438
t 446 447 449
t 457 458 460
t 468 469 471
t 479 480 482
t 490 491 493
t 501 502 504
t 512 513 515
t 523 524 526
t 534 535 537
t 545 546 548
t 556 557 559
t 567 568 570
t 578 579 581
t 584 585 587
t 589 590 592
t 594 595 597
t 599 600 602
t 604 605 607
t 609 610 612
t 614 615 617
t 619 620 622
t 623 624 0
t 100 101 104
t 104 108 112
t 112 116 120
t 120 124 128
t 128 132 136
t 136 140 144
t 144 148 152
t 152 156 160
t 204 205 208
t 269 270 273
t 280 281 284
t 291 292 295
t 302 303 306
t 313 314 317
t 324 325 328
t 335 336 339
t 346 347 350
t 357 358 361
t 368 369 372
t 379 380 383
t 390 391 394
t 401 402 405
t 412 413 416
t 423 424 427
t 434 435 438
t 445 446 449
t 456 457 460
t 467 468 471
t 478 479 482
t 489 490 493
t 500 501 504
t 511 512 515
t 522 523 526
t 533 534 537
t 544 545 548
t 555 556 559
t 566 567 570
t 577 578 581
t 583 584 587
t 588 589 592
t 593 594 597
t 598 599 602
t 603 604 607
t 608 609 612
t 613 614 617
t 618 619 622
t 622 623 0
t 99 100 104
t 104 112 120
t 120 128 136
t 136 144 152
t 152 160 161
t 203 204 208
t 268 269 273
t 279 280 284
t 290 291 295
t 301 302 306
t 312 313 317
t 323 324 328
t 334 335 339
t 345 346 350
t 356 357 361
t 367 368 372
t 378 379 383
t 389 390 394
t 400 401 405
t 411 412 416
t 422 423 427
t 433 434 438
t 444 445 449
t 455 456 460
t 466 467 471
t 477 478 482
t 488 489 493
t 499 500 504
t 510 511 515
t 521 522 526
t 532 533 537
t 543 544 548
t 554 555 559
t 565 566 570
t 576 577 581
t 582 583 587
t 587 588 592
t 592 593 597
t 597 598 602
t 602 603 607
t 607 608 612
t 612 613 617
t 617 618 622
t 622 0 1
t 98 99 104
t 104 120 136
t 136 152 161
t 202 203 208
t 267 268 273
t 278 279 284
t 289 290 295
t 300 301 306
t 311 312 317
t 322 323 328
t 333 334 339
t 344 345 350
t 355 356 361
t 366 367 372
t 377 378 383
t 388 389 394
t 399 400 405
t 410 411 416
t 421 422 427
t 432 433 438
t 443 444 449
t 454 455 460
t 465 466 471
t 476 477 482
t 487 488 493
t 498 499 504
t 509 510 515
t 520 521 526
t 531 532 537
t 542 543 548
t 553 554 559
t 564 565 570
t 575 576 581
t 581 582 587
t 617 622 1
t 97 98 104
t 136 161 162
t 201 202 208
t 266 267 273
t 277 278 284
t 288 289 295
t 299 300 306
t 310 311 317
t 321 322 328
t 332 333 339
t 343 344 350
t 354 355 361
t 365 366 372
t 376 377 383
t 387 388 394
t 398 399 405
t 409 410 416
t 420 421 427
t 431 432 438
t 442 443 449
t 453 454 460
t 464 465 471
t 475 476 482
t 486 487 493
t 497 498 504
t 508 509 515
t 519 520 526
t 530 531 537
t 541 542 548
t 552 553 559
t 563 564 570
t 574 575 581
t 612 617 1
t 96 97 104
t 136 162 163
t 200 201 208
t 265 266 273
t 276 277 284
t 287 288 295
t 298 299 306
t 309 310 317
t 320 321 328
t 331 332 339
t 342 343 350
t 353 354 361
t 364 365 372
t 375 376 383
t 386 387 394
t 397 398 405
t 408 409 416
t 419 420 427
t 430 431 438
t 441 442 449
t 452 453 460
t 463 464 471
t 474 475 482
t 485 486 493
t 496 497 504
t 507 508 515
t 518 519 526
t 529 530 537
t 540 541 548
t 551 552 559
t 562 563 570
t 573 574 581
t 607 612 1
t 95 96 104
t 136 163 164
t 199 200 208
t 264 265 273
t 275 276 284
t 286 287 295
t 297 298 306
t 308 309 317
t 319 320 328
t 330 331 339
t 341 342 350
t 352 353 361
t 363 364 372
t 374 375 383
t 385 386 394
t 396 397 405
t 407 408 416
t 418 419 427
t 429 430 438
t 440 441 449
t 451 452 460
t 462 463 471
t 473 474 482
t 484 485 493
t 495 496 504
t 506 507 515
t 517 518 526
t 528 529 537
t 539 540 548
t 550 551 559
t 561 562 570
t 572 573 581
t 602 607 1
t 94 95 104
t 136 164 165
t 198 199 208
t 263 264 273
t 274 275 284
t 285 286 295
t 296 297 306
t 307 308 317
t 318 319 328
t 329 330 339
t 340 341 350
t 351 352 361
t 362 363 372
t 373 374 383
t 384 385 394
t 395 396 405
t 406 407 416
t 417 418 427
t 428 429 438
t 439 440 449
t 450 451 460
t 461 462 471
t 472 473 482
t 483 484 493
t 494 495 504
t 505 506 515
t 516 517 526
t 527 528 537
t 538 539 548
t 549 550 559
t 560 561 570
t 571 572 581
t 597 602 1
t 136 165 166
t 197 198 208
t 262 263 273
t 273 274 284
t 284 285 295
t 295 296 306
t 306 307 317
t 317 318 328
t 328 329 339
t 339 340 350
t 350 351 361
t 361 362 372
t 372 373 383
t 383 384 394
t 394 395 405
t 405 406 416
t 416 417 427
t 427 428 438
t 438 439 449
t 449 450 460
t 460 461 471
t 471 472 482
t 482 483 493
t 493 494 504
t 504 505 515
t 515 516 526
t 526 527 537
t 537 538 548
t 548 549 559
t 559 560 570
t 570 571 581
t 592 597 1
t 136 166 167
t 196 197 208
t 587 592 1
t 136 167 168
t 195 196 208
t 587 1 2
t 136 168 169
t 194 195 208
t 587 2 3
t 136 169 170
t 193 194 208
t 587 3 4
t 136 170 171
t 192 193 208
t 587 4 5
t 136 171 172
t 191 192 208
t 587 5 6
t 136 172 173
t 190 191 208
t 587 6 7
t 136 173 174
t 189 190 208
t 587 7 8
t 136 174 175
t 188 189 208
t 587 8 9
t 136 175 176
t 187 188 208
t 587 9 10
t 136 176 177
t 186 187 208
t 587 10 11
t 136 177 178
t 185 186 208
t 587 11 12
t 136 178 179
t 184 185 208
t 587 12 13
t 136 179 180
t 183 184 208
t 587 13 14
t 136 180 181
t 182 183 208
t 587 14 15
t 136 181 182
t 182 208 209
t 587 15 16
t 182 209 210
t 587 16 17
t 182 210 211
t 587 17 18
t 182 211 212
t 587 18 19
t 182 212 213
t 587 19 20
t 182 213 214
t 587 20 21
t 182 214 215
t 587 21 22
t 182 215 216
t 587 22 23
t 182 216 217
t 581 587 23
t 182 217 218
t 581 23 24
t 182 218 219
t 581 24 25
t 182 219 220
t 581 25 26
t 182 220 221
t 581 26 27
t 182 221 222
t 581 27 28
t 182 222 223
t 581 28 29
t 182 223 224
t 581 29 30
t 182 224 225
t 581 30 31
t 182 225 226
t 581 31 32
t 182 226 227
t 581 32 33
t 182 227 228
t 581 33 34
t 182 228 229
t 581 34 35
t 182 229 230
t 581 35 36
t 182 230 231
t 581 36 37
t 182 231 232
t 581 37 38
t 182 232 233
t 581 38 39
t 182 233 234
t 581 39 40
t 182 234 235
t 581 40 41
t 182 235 236
t 581 41 42
t 182 236 237
t 581 42 43
t 182 237 238
t 581 43 44
t 182 238 239
t 581 44 45
t 182 239 240
t 581 45 46
t 182 240 241
t 581 46 47
t 182 241 242
t 581 47 48
t 182 242 243
t 570 581 48
t 182 243 244
t 570 48 49
t 182 244 245
t 570 49 50
t 182 245 246
t 570 50 51
t 182 246 247
t 570 51 52
t 182 247 248
t 570 52 53
t 182 248 249
t 570 53 54
t 182 249 250
t 570 54 55
t 182 250 251
t 570 55 56
t 182 251 252
t 570 56 57
t 182 252 253
t 570 57 58
t 182 253 254
t 570 58 59
t 182 254 255
t 570 59 60
t 182 255 256
t 570 60 61
t 182 256 257
t 570 61 62
t 257 258 182
t 258 259 182
t 259 136 182
t 570 62 63
t 570 63 64
t 570 64 65
t 136 259 260
t 570 65 66
t 136 260 261
t 570 66 67
t 136 261 262
t 570 67 68
t 104 136 262
t 570 68 69
t 94 104 262
t 570 69 70
t 94 262 273
t 570 70 71
t 94 273 284
t 570 71 72
t 94 284 295
t 570 72 73
t 94 295 306
t 570 73 74
t 94 306 317
t 570 74 75
t 94 317 328
t 570 75 76
t 94 328 339
t 570 76 77
t 94 339 350
t 570 77 78
t 94 350 361
t 570 78 79
t 94 361 372
t 570 79 80
t 94 372 383
t 570 80 81
t 94 383 394
t 570 81 82
t 94 394 405
t 570 82 83
t 94 405 416
t 570 83 84
t 94 416 427
t 570 84 85
t 94 427 438
t 570 85 86
t 94 438 449
t 570 86 87
t 94 449 460
t 570 87 88
t 94 460 471
t 570 88 89
t 94 471 482
t 570 89 90
t 94 482 493
t 570 90 91
t 94 493 504
t 570 91 92
t 94 504 515
t 570 92 93
t 94 515 526
t 570 93 94
t 94 526 537
t 559 570 94
t 94 537 548
t 548 559 94
