type=Nurbs forward=true n_boundary=203 n_holes=1 n_interior=40 n_tris=359 label=brep47598_f42_Nurbs(deg=3/3, cps=4x4)
boundary
b 0.794909672 0.021404467
b 0.794986836 0.034762891
b 0.795214751 0.047846054
b 0.795588701 0.060662907
b 0.796104204 0.073221586
b 0.796756978 0.085529457
b 0.797542920 0.097593151
b 0.798458074 0.109418600
b 0.799498614 0.121011074
b 0.800660814 0.132375215
b 0.801941097 0.143515270
b 0.803336380 0.154436291
b 0.804843807 0.165143331
b 0.806460561 0.175640906
b 0.808183842 0.185933022
b 0.810010856 0.196023192
b 0.811938792 0.205914461
b 0.813964814 0.215609424
b 0.816086040 0.225110250
b 0.818299615 0.234418960
b 0.820603646 0.243540207
b 0.822996863 0.252480220
b 0.825477981 0.261244899
b 0.828045671 0.269839787
b 0.830698563 0.278270088
b 0.833435228 0.286540669
b 0.836254176 0.294656075
b 0.839153844 0.302620536
b 0.842132614 0.310437993
b 0.845189401 0.318112420
b 0.848323680 0.325647879
b 0.851534910 0.333048253
b 0.854822506 0.340317233
b 0.858185831 0.347458323
b 0.861624190 0.354474845
b 0.865136832 0.361369943
b 0.868722936 0.368146587
b 0.872381618 0.374807581
b 0.876112345 0.381355789
b 0.879915192 0.387794290
b 0.883790264 0.394126081
b 0.887737640 0.400354048
b 0.891757363 0.406480970
b 0.895849446 0.412509519
b 0.900013863 0.418442263
b 0.904250552 0.424281667
b 0.908559403 0.430030092
b 0.912939994 0.435689343
b 0.917391164 0.441260019
b 0.921911562 0.446742491
b 0.926499734 0.452137069
b 0.931154120 0.457444011
b 0.935873053 0.462663520
b 0.940654749 0.467795750
b 0.945497302 0.472840806
b 0.950398683 0.477798752
b 0.950398677 0.491848714
b 0.950398677 0.505896266
b 0.950398677 0.519945561
b 0.950398677 0.534000755
b 0.950398677 0.548066010
b 0.950398677 0.562145500
b 0.950398677 0.576243416
b 0.950398677 0.590363972
b 0.950398677 0.604511407
b 0.950398677 0.618689993
b 0.950398677 0.632904040
b 0.950398677 0.647157900
b 0.950398677 0.661455972
b 0.950398677 0.675802711
b 0.950398677 0.690202629
b 0.950398677 0.704660303
b 0.950398677 0.719180384
b 0.950398677 0.733767596
b 0.950398677 0.748426751
b 0.950398677 0.763162749
b 0.950398677 0.777980587
b 0.950398677 0.792885366
b 0.950398677 0.807882301
b 0.950398677 0.822976725
b 0.950398677 0.838174098
b 0.950398677 0.853480017
b 0.950398677 0.868900225
b 0.950398677 0.884440616
b 0.950398677 0.900107250
b 0.950398677 0.915906362
b 0.950398677 0.931844371
b 0.936286346 0.933414403
b 0.922111247 0.934960261
b 0.907871759 0.936482026
b 0.893566198 0.937979765
b 0.879192819 0.939453529
b 0.864749821 0.940903353
b 0.850235341 0.942329256
b 0.835647459 0.943731238
b 0.820984199 0.945109282
b 0.806243530 0.946463352
b 0.791423368 0.947793393
b 0.776521577 0.949099330
b 0.761535972 0.950381067
b 0.746464320 0.951638488
b 0.731304344 0.952871454
b 0.716053724 0.954079805
b 0.700710102 0.955263357
b 0.685271082 0.956421905
b 0.669734389 0.957555203
b 0.654099501 0.958662836
b 0.638367107 0.959744291
b 0.622538009 0.960799068
b 0.606613110 0.961826684
b 0.590593408 0.962826671
b 0.574480002 0.963798579
b 0.558274087 0.964741978
b 0.541976955 0.965656454
b 0.525589995 0.966541619
b 0.509114689 0.967397101
b 0.492552614 0.968222555
b 0.475905435 0.969017658
b 0.459174909 0.969782111
b 0.442362876 0.970515641
b 0.425471259 0.971218002
b 0.408502061 0.971888974
b 0.391457358 0.972528366
b 0.374339261 0.973136015
b 0.357147713 0.973711901
b 0.339879155 0.974256161
b 0.322529615 0.974768906
b 0.305095004 0.975250195
b 0.287571127 0.975700036
b 0.269953696 0.976118389
b 0.252238332 0.976505160
b 0.234420584 0.976860206
b 0.216495934 0.977183327
b 0.198459809 0.977474273
b 0.180307597 0.977732737
b 0.162034654 0.977958362
b 0.143636322 0.978150734
b 0.125107938 0.978309385
b 0.106444851 0.978433793
b 0.087642434 0.978523382
b 0.068696101 0.978577523
b 0.049601323 0.978595533
b 0.049601323 0.944648648
b 0.049601323 0.911357468
b 0.049601323 0.878661614
b 0.049601323 0.846504351
b 0.049601323 0.814832161
b 0.049601323 0.783594356
b 0.049601323 0.752742733
b 0.049601323 0.722231254
b 0.049601323 0.692015756
b 0.049601323 0.662053683
b 0.049601323 0.632303834
b 0.049601323 0.602726135
b 0.049601323 0.573281412
b 0.049601323 0.543931185
b 0.049601323 0.514637461
b 0.049601323 0.485362539
b 0.049601323 0.456068815
b 0.049601323 0.426718588
b 0.049601323 0.397273865
b 0.049601323 0.367696166
b 0.049601323 0.337946317
b 0.049601323 0.307984244
b 0.049601323 0.277768746
b 0.049601323 0.247257267
b 0.049601323 0.216405644
b 0.049601323 0.185167839
b 0.049601323 0.153495649
b 0.049601323 0.121338386
b 0.049601323 0.088642532
b 0.049601323 0.055351352
b 0.049601323 0.021404467
b 0.074391555 0.021404467
b 0.099069430 0.021404467
b 0.123641930 0.021404467
b 0.148115921 0.021404467
b 0.172498168 0.021404467
b 0.196795336 0.021404467
b 0.221014002 0.021404467
b 0.245160660 0.021404467
b 0.269241730 0.021404467
b 0.293263563 0.021404467
b 0.317232450 0.021404467
b 0.341154627 0.021404467
b 0.365036280 0.021404467
b 0.388883557 0.021404467
b 0.412702569 0.021404467
b 0.436499399 0.021404467
b 0.460280105 0.021404467
b 0.484050732 0.021404467
b 0.507817313 0.021404467
b 0.531585877 0.021404467
b 0.555362455 0.021404467
b 0.579153087 0.021404467
b 0.602963826 0.021404467
b 0.626800746 0.021404467
b 0.650669947 0.021404467
b 0.674577564 0.021404467
b 0.698529770 0.021404467
b 0.722532783 0.021404467
b 0.746592873 0.021404467
b 0.770716371 0.021404467
hole 0
h 0.730531339 0.502559007
h 0.722517537 0.494654976
h 0.714233033 0.487191233
h 0.705742959 0.480170575
h 0.697109684 0.473597200
h 0.688387954 0.467474573
h 0.679587698 0.461790201
h 0.670698306 0.456523641
h 0.661710178 0.451654592
h 0.652615690 0.447163633
h 0.643424820 0.443044757
h 0.634162458 0.439304308
h 0.624853415 0.435949568
h 0.615521724 0.432988265
h 0.606173298 0.430425739
h 0.596784695 0.428262689
h 0.587330009 0.426499125
h 0.577783569 0.425134787
h 0.568135139 0.424170097
h 0.558422968 0.423608613
h 0.548694506 0.423455103
h 0.538996872 0.423715000
h 0.529371525 0.424392759
h 0.519824985 0.425482876
h 0.510350391 0.426975781
h 0.500941270 0.428861846
h 0.491591385 0.431132076
h 0.482292480 0.433786780
h 0.473034319 0.436833151
h 0.463806075 0.440278519
h 0.454596619 0.444130176
h 0.445406904 0.448394307
h 0.436254698 0.453075902
h 0.427158831 0.458180367
h 0.418138091 0.463713657
h 0.409219141 0.469675869
h 0.400449515 0.476051545
h 0.391882005 0.482823753
h 0.383571973 0.489976721
h 0.375577275 0.497491910
h 0.367957243 0.505331909
h 0.360775365 0.513453929
h 0.354100483 0.521816054
h 0.348005190 0.530376539
h 0.342547135 0.539086912
h 0.337776877 0.547894238
h 0.333750048 0.556745249
h 0.330526201 0.565586033
h 0.328135803 0.574353525
h 0.326574170 0.582973793
h 0.325834811 0.591370756
h 0.325910170 0.599466976
h 0.326779228 0.607210238
h 0.328394023 0.614601651
h 0.330698952 0.621648046
h 0.333633514 0.628355483
h 0.337793874 0.635760906
h 0.342804591 0.642874054
h 0.348628303 0.649673604
h 0.355222279 0.656137539
h 0.362541377 0.662245601
h 0.370563094 0.667995573
h 0.379275309 0.673393854
h 0.388663239 0.678446554
h 0.398708807 0.683159060
h 0.409380333 0.687528052
h 0.420632349 0.691542608
h 0.432414353 0.695191871
h 0.444671486 0.698465508
h 0.457363500 0.701355607
h 0.470478453 0.703857528
h 0.484004959 0.705966854
h 0.497929237 0.707679125
h 0.512215121 0.708988581
h 0.526759953 0.709886136
h 0.541445314 0.710363872
h 0.556150586 0.710416102
h 0.570763238 0.710039698
h 0.585229247 0.709235089
h 0.599518475 0.708004035
h 0.613602080 0.706348667
h 0.627450082 0.704271708
h 0.640997788 0.701779937
h 0.654156963 0.698883947
h 0.666843355 0.695595692
h 0.678978227 0.691928218
h 0.690504658 0.687894409
h 0.701392738 0.683506068
h 0.711618407 0.678774834
h 0.721161713 0.673712152
h 0.730005777 0.668324985
h 0.738134934 0.662609253
h 0.745535993 0.656558809
h 0.752198517 0.650167057
h 0.758109304 0.643428155
h 0.763230864 0.636341990
h 0.767521796 0.628909817
h 0.770945604 0.621132131
h 0.773470528 0.613011027
h 0.775069601 0.604574253
h 0.775720390 0.595864267
h 0.775404098 0.586922127
h 0.774105381 0.577787249
h 0.771830656 0.568500845
h 0.768607964 0.559106602
h 0.764464451 0.549647047
h 0.759424638 0.540163342
h 0.753506102 0.530690317
h 0.746715667 0.521251354
h 0.739056963 0.511867554
interior
i 0.162200993 0.141053350
i 0.274800663 0.141053350
i 0.387400333 0.141053350
i 0.500000003 0.141053350
i 0.612599673 0.141053350
i 0.725199343 0.141053350
i 0.162200993 0.260702233
i 0.274800663 0.260702233
i 0.387400333 0.260702233
i 0.500000003 0.260702233
i 0.612599673 0.260702233
i 0.725199343 0.260702233
i 0.162200993 0.380351117
i 0.274800663 0.380351117
i 0.387400333 0.380351117
i 0.500000003 0.380351117
i 0.612599673 0.380351117
i 0.725199343 0.380351117
i 0.837799013 0.380351117
i 0.162200993 0.500000000
i 0.274800663 0.500000000
i 0.725199343 0.500000000
i 0.837799013 0.500000000
i 0.162200993 0.619648883
i 0.274800663 0.619648883
i 0.837799013 0.619648883
i 0.162200993 0.739297767
i 0.274800663 0.739297767
i 0.387400333 0.739297767
i 0.500000003 0.739297767
i 0.612599673 0.739297767
i 0.725199343 0.739297767
i 0.837799013 0.739297767
i 0.162200993 0.858946650
i 0.274800663 0.858946650
i 0.387400333 0.858946650
i 0.500000003 0.858946650
i 0.612599673 0.858946650
i 0.725199343 0.858946650
i 0.837799013 0.858946650
tris
t 202 0 1
t 54 55 56
t 85 86 87
t 84 88 89
t 82 90 91
t 92 93 76
t 94 95 76
t 96 97 76
t 75 98 99
t 100 101 75
t 102 103 75
t 104 105 75
t 106 107 91
t 108 109 148
t 110 111 148
t 112 113 148
t 148 114 115
t 148 116 117
t 148 118 119
t 148 120 121
t 122 123 148
t 148 124 125
t 148 126 127
t 128 129 148
t 131 146 147
t 132 133 148
t 134 135 148
t 136 137 148
t 138 139 123
t 140 141 142
t 153 253 254
t 253 153 154
t 171 172 173
t 202 1 2
t 53 54 56
t 85 87 88
t 90 83 89
t 94 76 93
t 97 98 75
t 102 75 101
t 106 91 105
t 110 148 109
t 113 114 148
t 117 118 148
t 121 122 148
t 125 126 148
t 131 147 130
t 134 148 133
t 138 123 137
t 140 142 139
t 142 143 139
t 254 255 152
t 253 154 252
t 171 173 174
t 202 2 3
t 52 53 56
t 85 88 84
t 96 76 95
t 104 75 103
t 112 148 111
t 119 120 148
t 127 128 148
t 136 148 135
t 143 144 139
t 144 145 139
t 145 146 139
t 148 129 147
t 152 256 337
t 152 255 256
t 254 152 153
t 252 154 155
t 171 174 170
t 200 4 5
t 201 4 200
t 201 3 4
t 202 3 201
t 52 56 57
t 99 77 78
t 99 78 79
t 99 79 91
t 79 80 91
t 80 81 91
t 81 82 91
t 82 83 90
t 83 84 89
t 100 75 99
t 115 116 148
t 132 148 131
t 108 148 107
t 151 256 257
t 252 155 251
t 170 174 175
t 198 10 197
t 198 9 10
t 198 8 9
t 199 8 198
t 199 7 8
t 199 6 7
t 200 6 199
t 200 5 6
t 52 57 51
t 92 76 91
t 123 124 148
t 148 149 260
t 151 257 150
t 251 155 250
t 170 175 169
t 187 161 186
t 187 160 161
t 188 160 187
t 189 160 188
t 190 160 189
t 190 13 318
t 191 13 190
t 192 13 191
t 193 13 192
t 194 13 193
t 195 13 194
t 196 13 195
t 196 12 13
t 197 12 196
t 197 11 12
t 197 10 11
t 51 57 50
t 60 61 299
t 299 46 47
t 61 62 299
t 299 45 46
t 45 299 44
t 62 63 299
t 299 63 64
t 65 299 64
t 66 299 65
t 67 299 66
t 68 299 67
t 69 299 68
t 298 69 70
t 70 71 298
t 71 72 297
t 72 73 296
t 73 74 295
t 295 74 75
t 75 107 351
t 97 75 76
t 147 129 130
t 150 257 258
t 250 155 156
t 169 175 176
t 186 161 162
t 50 57 58
t 150 258 259
t 250 156 249
t 169 176 177
t 186 162 185
t 50 58 49
t 150 259 149
t 249 156 157
t 169 177 168
t 185 162 184
t 58 59 299
t 149 259 260
t 249 157 248
t 168 177 178
t 184 162 163
t 58 299 49
t 148 260 261
t 248 157 332
t 168 178 167
t 184 163 183
t 49 299 48
t 125 267 348
t 248 158 247
t 167 179 166
t 167 178 179
t 219 14 15
t 59 60 299
t 149 262 263
t 247 158 246
t 166 179 180
t 219 15 16
t 299 47 48
t 149 263 264
t 246 158 159
t 166 180 181
t 218 16 17
t 299 43 44
t 149 264 265
t 246 159 333
t 166 181 165
t 14 229 323
t 43 299 42
t 149 265 266
t 245 159 160
t 165 182 164
t 165 181 182
t 161 229 230
t 64 300 301
t 149 266 267
t 245 160 244
t 232 161 231
t 164 182 183
t 164 183 163
t 64 301 302
t 267 268 127
t 244 160 243
t 234 161 233
t 64 303 304
t 127 268 269
t 243 160 161
t 235 161 234
t 64 304 305
t 127 269 270
t 243 161 242
t 237 161 236
t 127 270 271
t 242 161 241
t 239 161 238
t 127 271 272
t 241 161 240
t 240 161 239
t 127 272 273
t 238 161 237
t 127 273 274
t 236 161 235
t 127 274 349
t 233 161 232
t 107 274 275
t 231 161 230
t 107 275 276
t 228 229 14
t 107 276 277
t 14 227 228
t 107 277 278
t 226 227 14
t 107 278 279
t 225 226 14
t 107 279 280
t 224 225 14
t 107 280 350
t 223 224 14
t 107 281 282
t 222 223 14
t 107 282 343
t 221 222 14
t 107 283 284
t 220 221 14
t 107 284 285
t 219 220 14
t 107 285 286
t 218 219 16
t 107 286 287
t 217 218 17
t 107 287 288
t 217 17 18
t 107 288 289
t 217 18 19
t 107 289 290
t 217 19 216
t 107 290 291
t 216 19 20
t 75 291 292
t 216 20 215
t 292 293 75
t 215 20 21
t 75 293 294
t 215 21 214
t 294 295 75
t 214 21 22
t 73 295 296
t 214 22 23
t 72 296 297
t 214 23 213
t 71 297 298
t 213 23 24
t 298 299 69
t 213 24 212
t 64 302 303
t 212 24 330
t 64 305 306
t 212 25 26
t 64 306 307
t 212 26 211
t 64 307 335
t 211 26 27
t 42 307 308
t 211 27 210
t 42 308 309
t 210 27 28
t 42 309 310
t 210 28 29
t 42 310 311
t 210 29 209
t 42 311 312
t 209 29 30
t 42 312 41
t 209 30 208
t 41 312 40
t 208 30 31
t 40 312 203
t 208 31 32
t 40 203 39
t 208 32 207
t 39 203 38
t 207 32 33
t 38 203 204
t 207 33 206
t 38 204 37
t 206 33 34
t 37 204 36
t 206 34 331
t 205 36 204
t 206 35 205
t 205 35 36
t 13 160 321
t 160 190 315
t 13 315 316
t 315 190 316
t 13 316 317
t 316 190 317
t 13 317 318
t 317 190 318
t 160 315 320
t 315 13 320
t 160 320 321
t 320 13 321
t 229 161 326
t 161 14 323
t 161 323 326
t 323 229 328
t 229 326 327
t 326 323 327
t 229 327 328
t 327 323 328
t 24 25 330
t 25 212 330
t 34 35 331
t 35 206 331
t 157 158 332
t 158 248 332
t 159 245 333
t 245 246 333
t 307 42 335
t 42 64 335
t 256 151 337
t 151 152 337
t 282 283 343
t 283 107 343
t 107 291 344
t 291 75 345
t 75 344 345
t 344 291 345
t 267 107 348
t 107 125 348
t 274 107 349
t 107 127 349
t 280 281 350
t 281 107 350
t 107 344 351
t 344 75 351
