type=Cone forward=true n_boundary=197 n_holes=0 n_interior=99 n_tris=294 label=brep32629_f79_Cone
boundary
b 0.620791479 0.018004083
b 0.621248236 0.018016297
b 0.621699939 0.018036592
b 0.622146722 0.018064917
b 0.622588720 0.018101220
b 0.623026069 0.018145452
b 0.623458903 0.018197561
b 0.623887358 0.018257497
b 0.624311568 0.018325208
b 0.624731668 0.018400644
b 0.625147793 0.018483753
b 0.625560079 0.018574486
b 0.625968660 0.018672791
b 0.626373669 0.018778617
b 0.626775070 0.018891904
b 0.627172494 0.019012577
b 0.627565535 0.019140556
b 0.627953787 0.019275763
b 0.628336844 0.019418120
b 0.628714299 0.019567548
b 0.629085746 0.019723968
b 0.629450779 0.019887303
b 0.629808991 0.020057473
b 0.630159976 0.020234401
b 0.630503328 0.020418007
b 0.630838641 0.020608214
b 0.631165508 0.020804942
b 0.631483527 0.021008109
b 0.631792395 0.021217546
b 0.632091906 0.021432995
b 0.632381859 0.021654192
b 0.632662052 0.021880878
b 0.632932286 0.022112789
b 0.633192358 0.022349665
b 0.633442067 0.022591243
b 0.633681213 0.022837262
b 0.633909594 0.023087459
b 0.634127009 0.023341573
b 0.634333257 0.023599343
b 0.634528137 0.023860506
b 0.634711447 0.024124801
b 0.634882992 0.024391990
b 0.635042621 0.024662050
b 0.635190207 0.024935070
b 0.635325624 0.025211138
b 0.635448746 0.025490341
b 0.635559445 0.025772768
b 0.635657595 0.026058508
b 0.635743069 0.026347649
b 0.635815740 0.026640279
b 0.635875483 0.026936487
b 0.635922170 0.027236362
b 0.635955675 0.027539991
b 0.635975870 0.027847462
b 0.635982630 0.028158866
b 0.601400954 0.018000000
b 0.601140351 0.017320248
b 0.600877963 0.016641425
b 0.600613773 0.015963530
b 0.600347763 0.015286563
b 0.600079916 0.014610524
b 0.599810213 0.013935412
b 0.599538637 0.013261226
b 0.599265168 0.012587967
b 0.598989790 0.011915634
b 0.598712482 0.011244225
b 0.598433227 0.010573742
b 0.598152003 0.009904183
b 0.597868793 0.009235548
b 0.597583575 0.008567837
b 0.597296330 0.007901048
b 0.597007038 0.007235182
b 0.596715677 0.006570238
b 0.596422227 0.005906216
b 0.596126667 0.005243115
b 0.595828975 0.004580936
b 0.595529129 0.003919682
b 0.595227107 0.003259355
b 0.594922888 0.002599957
b 0.594616447 0.001941490
b 0.594307764 0.001283956
b 0.593996813 0.000627357
b 0.593683573 -0.000028304
b 0.593368019 -0.000683025
b 0.593050126 -0.001336805
b 0.592729871 -0.001989641
b 0.592407229 -0.002641530
b 0.592082175 -0.003292472
b 0.591754683 -0.003942463
b 0.591424727 -0.004591501
b 0.591092282 -0.005239585
b 0.590757321 -0.005886712
b 0.590419817 -0.006532880
b 0.590079743 -0.007178088
b 0.589737070 -0.007822336
b 0.589391769 -0.008465624
b 0.589043812 -0.009107953
b 0.588693168 -0.009749323
b 0.588339807 -0.010389734
b 0.587983699 -0.011029187
b 0.587624813 -0.011667681
b 0.587263117 -0.012305218
b 0.586898579 -0.012941797
b 0.586531166 -0.013577420
b 0.586160847 -0.014212085
b 0.585787587 -0.014845793
b 0.585411352 -0.015478546
b 0.585032108 -0.016110343
b 0.584649820 -0.016741184
b 0.584264452 -0.017371069
b 0.583875968 -0.018000000
b 0.585617211 -0.018000000
b 0.587358455 -0.018000000
b 0.589099698 -0.018000000
b 0.590840941 -0.018000000
b 0.592582184 -0.018000000
b 0.594323427 -0.018000000
b 0.596064671 -0.018000000
b 0.597805914 -0.018000000
b 0.599547157 -0.018000000
b 0.601288400 -0.018000000
b 0.603029644 -0.018000000
b 0.604770887 -0.018000000
b 0.606512130 -0.018000000
b 0.608253373 -0.018000000
b 0.609994617 -0.018000000
b 0.611735860 -0.018000000
b 0.613477103 -0.018000000
b 0.615218346 -0.018000000
b 0.616959590 -0.018000000
b 0.618700833 -0.018000000
b 0.620442076 -0.018000000
b 0.622183319 -0.018000000
b 0.623924562 -0.018000000
b 0.625665806 -0.018000000
b 0.627407049 -0.018000000
b 0.629148292 -0.018000000
b 0.630889535 -0.018000000
b 0.632630779 -0.018000000
b 0.634372022 -0.018000000
b 0.636113265 -0.018000000
b 0.637854508 -0.018000000
b 0.637466639 -0.017372069
b 0.637081852 -0.016743147
b 0.636700112 -0.016113233
b 0.636321383 -0.015482326
b 0.635945631 -0.014850426
b 0.635572824 -0.014217533
b 0.635202927 -0.013583648
b 0.634835909 -0.012948768
b 0.634471736 -0.012312895
b 0.634110377 -0.011676027
b 0.633751801 -0.011038165
b 0.633395978 -0.010399309
b 0.633042875 -0.009759457
b 0.632692465 -0.009118610
b 0.632344717 -0.008476768
b 0.631999602 -0.007833929
b 0.631657091 -0.007190095
b 0.631317157 -0.006545264
b 0.630979772 -0.005899436
b 0.630644908 -0.005252613
b 0.630312539 -0.004604797
b 0.629982639 -0.003955989
b 0.629655183 -0.003306192
b 0.629330146 -0.002655407
b 0.629007502 -0.002003638
b 0.628687226 -0.001350885
b 0.628369295 -0.000697151
b 0.628053685 -0.000042438
b 0.627740371 0.000613253
b 0.627429331 0.001269918
b 0.627120541 0.001927556
b 0.626813978 0.002586166
b 0.626509621 0.003245744
b 0.626207446 0.003906289
b 0.625907433 0.004567799
b 0.625609558 0.005230271
b 0.625313802 0.005893705
b 0.625020142 0.006558098
b 0.624728558 0.007223451
b 0.624439029 0.007889764
b 0.624151536 0.008557038
b 0.623866057 0.009225274
b 0.623582573 0.009894471
b 0.623301065 0.010564630
b 0.623021514 0.011235752
b 0.622743899 0.011907836
b 0.622468204 0.012580884
b 0.622194408 0.013254896
b 0.621922494 0.013929872
b 0.621652444 0.014605813
b 0.621384239 0.015282718
b 0.621117863 0.015960589
b 0.620853298 0.016639427
b 0.620590527 0.017319230
b 0.620329533 0.018000000
interior
i 0.588374180 -0.015115071
i 0.592872391 -0.015115071
i 0.597370603 -0.015115071
i 0.601868815 -0.015115071
i 0.606367027 -0.015115071
i 0.610865238 -0.015115071
i 0.615363450 -0.015115071
i 0.619861662 -0.015115071
i 0.624359873 -0.015115071
i 0.628858085 -0.015115071
i 0.633356297 -0.015115071
i 0.588374180 -0.012230142
i 0.592872391 -0.012230142
i 0.597370603 -0.012230142
i 0.601868815 -0.012230142
i 0.606367027 -0.012230142
i 0.610865238 -0.012230142
i 0.615363450 -0.012230142
i 0.619861662 -0.012230142
i 0.624359873 -0.012230142
i 0.628858085 -0.012230142
i 0.633356297 -0.012230142
i 0.592872391 -0.009345213
i 0.597370603 -0.009345213
i 0.601868815 -0.009345213
i 0.606367027 -0.009345213
i 0.610865238 -0.009345213
i 0.615363450 -0.009345213
i 0.619861662 -0.009345213
i 0.624359873 -0.009345213
i 0.628858085 -0.009345213
i 0.592872391 -0.006460284
i 0.597370603 -0.006460284
i 0.601868815 -0.006460284
i 0.606367027 -0.006460284
i 0.610865238 -0.006460284
i 0.615363450 -0.006460284
i 0.619861662 -0.006460284
i 0.624359873 -0.006460284
i 0.628858085 -0.006460284
i 0.592872391 -0.003575355
i 0.597370603 -0.003575355
i 0.601868815 -0.003575355
i 0.606367027 -0.003575355
i 0.610865238 -0.003575355
i 0.615363450 -0.003575355
i 0.619861662 -0.003575355
i 0.624359873 -0.003575355
i 0.628858085 -0.003575355
i 0.597370603 -0.000690425
i 0.601868815 -0.000690425
i 0.606367027 -0.000690425
i 0.610865238 -0.000690425
i 0.615363450 -0.000690425
i 0.619861662 -0.000690425
i 0.624359873 -0.000690425
i 0.597370603 0.002194504
i 0.601868815 0.002194504
i 0.606367027 0.002194504
i 0.610865238 0.002194504
i 0.615363450 0.002194504
i 0.619861662 0.002194504
i 0.624359873 0.002194504
i 0.597370603 0.005079433
i 0.601868815 0.005079433
i 0.606367027 0.005079433
i 0.610865238 0.005079433
i 0.615363450 0.005079433
i 0.619861662 0.005079433
i 0.624359873 0.005079433
i 0.601868815 0.007964362
i 0.606367027 0.007964362
i 0.610865238 0.007964362
i 0.615363450 0.007964362
i 0.619861662 0.007964362
i 0.601868815 0.010849291
i 0.606367027 0.010849291
i 0.610865238 0.010849291
i 0.615363450 0.010849291
i 0.619861662 0.010849291
i 0.601868815 0.013734220
i 0.606367027 0.013734220
i 0.610865238 0.013734220
i 0.615363450 0.013734220
i 0.619861662 0.013734220
i 0.601868815 0.016619149
i 0.606367027 0.016619149
i 0.610865238 0.016619149
i 0.615363450 0.016619149
i 0.619861662 0.016619149
i 0.610865238 0.019504078
i 0.615363450 0.019504078
i 0.619861662 0.019504078
i 0.624359873 0.019504078
i 0.619861662 0.022389007
i 0.624359873 0.022389007
i 0.628858085 0.022389007
i 0.628858085 0.025273936
i 0.633356297 0.025273936
tris
t 295 0 1
t 1 2 3
t 3 4 5
t 5 6 7
t 7 8 9
t 9 10 11
t 11 12 13
t 13 14 15
t 15 16 17
t 17 18 19
t 19 20 21
t 21 22 23
t 23 24 25
t 25 26 27
t 27 28 29
t 29 30 31
t 31 32 33
t 33 34 35
t 35 36 37
t 37 38 39
t 39 40 41
t 41 42 43
t 43 44 45
t 45 46 47
t 47 48 49
t 49 50 51
t 51 52 53
t 53 54 55
t 109 110 111
t 140 141 142
t 206 207 208
t 217 218 219
t 226 227 228
t 235 236 237
t 244 245 246
t 251 252 253
t 258 259 260
t 265 266 267
t 270 271 272
t 275 276 277
t 280 281 282
t 285 286 287
t 289 290 291
t 292 293 294
t 295 1 3
t 3 5 7
t 7 9 11
t 11 13 15
t 15 17 19
t 19 21 23
t 23 25 27
t 27 29 31
t 31 33 35
t 35 37 39
t 39 41 43
t 43 45 47
t 47 49 51
t 51 53 55
t 108 109 111
t 139 140 142
t 205 206 208
t 216 217 219
t 225 226 228
t 234 235 237
t 243 244 246
t 250 251 253
t 257 258 260
t 264 265 267
t 269 270 272
t 274 275 277
t 279 280 282
t 284 285 287
t 288 289 291
t 291 292 294
t 295 3 7
t 7 11 15
t 15 19 23
t 23 27 31
t 31 35 39
t 39 43 47
t 107 108 111
t 138 139 142
t 195 196 197
t 204 205 208
t 215 216 219
t 224 225 228
t 233 234 237
t 242 243 246
t 249 250 253
t 256 257 260
t 263 264 267
t 268 269 272
t 273 274 277
t 278 279 282
t 283 284 287
t 287 288 291
t 295 7 15
t 15 23 31
t 31 39 47
t 106 107 111
t 137 138 142
t 194 195 197
t 203 204 208
t 214 215 219
t 223 224 228
t 232 233 237
t 241 242 246
t 248 249 253
t 255 256 260
t 262 263 267
t 267 268 272
t 272 273 277
t 277 278 282
t 282 283 287
t 295 15 31
t 31 47 51
t 105 106 111
t 136 137 142
t 202 203 208
t 213 214 219
t 222 223 228
t 231 232 237
t 240 241 246
t 247 248 253
t 254 255 260
t 261 262 267
t 295 31 51
t 104 105 111
t 135 136 142
t 201 202 208
t 212 213 219
t 221 222 228
t 230 231 237
t 239 240 246
t 246 247 253
t 253 254 260
t 260 261 267
t 294 295 51
t 103 104 111
t 134 135 142
t 200 201 208
t 211 212 219
t 220 221 228
t 229 230 237
t 238 239 246
t 260 267 272
t 294 51 55
t 102 103 111
t 133 134 142
t 193 194 197
t 199 200 208
t 210 211 219
t 219 220 228
t 228 229 237
t 237 238 246
t 260 272 277
t 282 287 55
t 287 291 55
t 291 294 55
t 101 102 111
t 132 133 142
t 192 193 197
t 198 199 208
t 209 210 219
t 237 246 253
t 260 277 282
t 282 55 56
t 100 101 111
t 131 132 142
t 191 192 197
t 197 198 208
t 208 209 219
t 237 253 260
t 260 282 56
t 99 100 111
t 130 131 142
t 190 191 197
t 208 219 228
t 260 56 57
t 98 99 111
t 129 130 142
t 189 190 197
t 208 228 237
t 260 57 58
t 97 98 111
t 128 129 142
t 188 189 197
t 260 58 59
t 96 97 111
t 127 128 142
t 187 188 197
t 260 59 60
t 95 96 111
t 126 127 142
t 186 187 197
t 237 260 60
t 94 95 111
t 125 126 142
t 185 186 197
t 237 60 61
t 93 94 111
t 124 125 142
t 184 185 197
t 237 61 62
t 92 93 111
t 123 124 142
t 183 184 197
t 237 62 63
t 91 92 111
t 122 123 142
t 182 183 197
t 237 63 64
t 90 91 111
t 121 122 142
t 181 182 197
t 237 64 65
t 89 90 111
t 120 121 142
t 180 181 197
t 237 65 66
t 88 89 111
t 119 120 142
t 179 180 197
t 237 66 67
t 87 88 111
t 118 119 142
t 178 179 197
t 237 67 68
t 86 87 111
t 117 118 142
t 177 178 197
t 237 68 69
t 85 86 111
t 116 117 142
t 176 177 197
t 237 69 70
t 84 85 111
t 115 116 142
t 175 176 197
t 237 70 71
t 83 84 111
t 114 115 142
t 174 175 197
t 237 71 72
t 82 83 111
t 113 114 142
t 173 174 197
t 237 72 73
t 81 82 111
t 112 113 142
t 172 173 197
t 208 237 73
t 80 81 111
t 111 112 142
t 171 172 197
t 208 73 74
t 79 80 111
t 111 142 143
t 170 171 197
t 208 74 75
t 78 79 111
t 111 143 144
t 169 170 197
t 208 75 76
t 77 78 111
t 111 144 145
t 168 169 197
t 208 76 77
t 111 145 146
t 167 168 197
t 208 77 111
t 111 146 147
t 166 167 197
t 197 208 111
t 111 147 148
t 165 166 197
t 197 111 148
t 164 165 197
t 197 148 149
t 163 164 197
t 197 149 150
t 162 163 197
t 197 150 151
t 161 162 197
t 197 151 152
t 160 161 197
t 197 152 153
t 159 160 197
t 197 153 154
t 158 159 197
t 197 154 155
t 157 158 197
t 197 155 156
t 156 157 197
