type=Nurbs forward=false n_boundary=332 n_holes=0 n_interior=23 n_tris=1948 label=brep47598_f232_Nurbs(deg=3/3, cps=7x6)
boundary
b 0.135866585 0.737442676
b 0.135866648 1.000000000
b 0.133739863 1.000000000
b 0.131613081 1.000000000
b 0.129486302 1.000000000
b 0.127359525 1.000000000
b 0.125232752 1.000000000
b 0.123105981 1.000000000
b 0.120979213 1.000000000
b 0.118852449 1.000000000
b 0.116725687 1.000000000
b 0.114598930 1.000000000
b 0.112472176 1.000000000
b 0.110345426 1.000000000
b 0.108218680 1.000000000
b 0.106091938 1.000000000
b 0.103965201 1.000000000
b 0.101838467 1.000000000
b 0.099711739 1.000000000
b 0.097585015 1.000000000
b 0.095458296 1.000000000
b 0.093331582 1.000000000
b 0.091204873 1.000000000
b 0.089078170 1.000000000
b 0.086951472 1.000000000
b 0.084824779 1.000000000
b 0.082698093 1.000000000
b 0.080571412 1.000000000
b 0.078444738 1.000000000
b 0.076318070 1.000000000
b 0.074191408 1.000000000
b 0.072064753 1.000000000
b 0.069938104 1.000000000
b 0.067811463 1.000000000
b 0.065684829 1.000000000
b 0.063558201 1.000000000
b 0.061431582 1.000000000
b 0.059304970 1.000000000
b 0.057178365 1.000000000
b 0.055051769 1.000000000
b 0.052925180 1.000000000
b 0.050798600 1.000000000
b 0.048672028 1.000000000
b 0.046545465 1.000000000
b 0.044418911 1.000000000
b 0.042292365 1.000000000
b 0.040165829 1.000000000
b 0.038039302 1.000000000
b 0.035912785 1.000000000
b 0.033786277 1.000000000
b 0.031659779 1.000000000
b 0.029533290 1.000000000
b 0.027406812 1.000000000
b 0.025280345 1.000000000
b 0.023153888 1.000000000
b 0.021027442 1.000000000
b 0.018901006 1.000000000
b 0.018918193 0.976723787
b 0.018968145 0.953839923
b 0.019048446 0.931328478
b 0.019156680 0.909169524
b 0.019290433 0.887343132
b 0.019447289 0.865829374
b 0.019624833 0.844608321
b 0.019820649 0.823660044
b 0.020032322 0.802964615
b 0.020257546 0.782503728
b 0.020494737 0.762269875
b 0.020742607 0.742259951
b 0.020999869 0.722470862
b 0.021265234 0.702899518
b 0.021537416 0.683542825
b 0.021815127 0.664397691
b 0.022097079 0.645461025
b 0.022381986 0.626729733
b 0.022668571 0.608200470
b 0.022955708 0.589866927
b 0.023242363 0.571720887
b 0.023527503 0.553754101
b 0.023810096 0.535958319
b 0.024089112 0.518325292
b 0.024363517 0.500846771
b 0.024632280 0.483514507
b 0.024894370 0.466320249
b 0.025148781 0.449255820
b 0.025395162 0.432314690
b 0.025633812 0.415491974
b 0.025865058 0.398782858
b 0.026089226 0.382182531
b 0.026306643 0.365686179
b 0.026517638 0.349288989
b 0.026722536 0.332986150
b 0.026921665 0.316772847
b 0.027115351 0.300644221
b 0.027303909 0.284592528
b 0.027487628 0.268605558
b 0.027666799 0.252670720
b 0.027841712 0.236775417
b 0.028012657 0.220907058
b 0.028179924 0.205053047
b 0.028343802 0.189200792
b 0.028504581 0.173337698
b 0.028662550 0.157451193
b 0.028817857 0.141535540
b 0.028970296 0.125601766
b 0.029119612 0.109663421
b 0.029265547 0.093734052
b 0.029407844 0.077827209
b 0.029546247 0.061956439
b 0.029680499 0.046135290
b 0.029810343 0.030377313
b 0.029935522 0.014696054
b 0.029937674 0.014435193
b 0.029940040 0.014174104
b 0.029942621 0.013912787
b 0.029945415 0.013651240
b 0.029948423 0.013389462
b 0.029951642 0.013127455
b 0.029955073 0.012865216
b 0.029958714 0.012602745
b 0.029962566 0.012340042
b 0.029966626 0.012077107
b 0.029970896 0.011813938
b 0.029975372 0.011550535
b 0.029980056 0.011286897
b 0.029984946 0.011023025
b 0.029990042 0.010758917
b 0.029995342 0.010494572
b 0.030000847 0.010229991
b 0.030006554 0.009965172
b 0.030012465 0.009700116
b 0.030018578 0.009434821
b 0.030024893 0.009169289
b 0.030031411 0.008903519
b 0.030038132 0.008637512
b 0.030045056 0.008371267
b 0.030052183 0.008104785
b 0.030059513 0.007838065
b 0.030067047 0.007571109
b 0.030074784 0.007303916
b 0.030082724 0.007036486
b 0.030090868 0.006768820
b 0.030099217 0.006500917
b 0.030107769 0.006232778
b 0.030116525 0.005964403
b 0.030125486 0.005695792
b 0.030134651 0.005426945
b 0.030144020 0.005157863
b 0.030153594 0.004888545
b 0.030163373 0.004618991
b 0.030173356 0.004349202
b 0.030183544 0.004079175
b 0.030193935 0.003808912
b 0.030204530 0.003538410
b 0.030215329 0.003267671
b 0.030226331 0.002996692
b 0.030237536 0.002725474
b 0.030248944 0.002454016
b 0.030260555 0.002182317
b 0.030272368 0.001910377
b 0.030284384 0.001638195
b 0.030296601 0.001365772
b 0.030309020 0.001093105
b 0.030321641 0.000820195
b 0.030334463 0.000547041
b 0.030347486 0.000273643
b 0.030360710 0.000000000
b 0.048077697 0.000000000
b 0.065794683 0.000000000
b 0.083511669 0.000000000
b 0.101228656 0.000000000
b 0.118945642 0.000000000
b 0.136662629 0.000000000
b 0.154379615 0.000000000
b 0.172096601 0.000000000
b 0.189813588 0.000000000
b 0.207530574 0.000000000
b 0.225247561 0.000000000
b 0.242964547 0.000000000
b 0.260681534 0.000000000
b 0.278398520 0.000000000
b 0.296115506 0.000000000
b 0.313832493 0.000000000
b 0.331549479 0.000000000
b 0.349266466 0.000000000
b 0.366983452 0.000000000
b 0.384700439 0.000000000
b 0.402417425 0.000000000
b 0.420134411 0.000000000
b 0.437851398 0.000000000
b 0.455568384 0.000000000
b 0.473285371 0.000000000
b 0.491002357 0.000000000
b 0.508719343 0.000000000
b 0.526436330 0.000000000
b 0.544153316 0.000000000
b 0.561870303 0.000000000
b 0.579587289 0.000000000
b 0.597304276 0.000000000
b 0.615021262 0.000000000
b 0.632738248 0.000000000
b 0.650455235 0.000000000
b 0.668172221 0.000000000
b 0.685889208 0.000000000
b 0.703606194 0.000000000
b 0.721323180 0.000000000
b 0.739040167 0.000000000
b 0.756757153 0.000000000
b 0.774474140 0.000000000
b 0.792191126 0.000000000
b 0.809908113 0.000000000
b 0.827625099 0.000000000
b 0.845342085 0.000000000
b 0.863059072 0.000000000
b 0.880776058 0.000000000
b 0.898493045 0.000000000
b 0.916210031 0.000000000
b 0.933927017 0.000000000
b 0.951644004 0.000000000
b 0.969360990 0.000000000
b 0.987077977 0.000000000
b 1.004794963 0.000000000
b 1.004795144 0.364327929
b 0.986900560 0.364486509
b 0.969012756 0.364796741
b 0.951136746 0.365258743
b 0.933277566 0.365872631
b 0.915440266 0.366638521
b 0.897629907 0.367556530
b 0.879851551 0.368626775
b 0.862110260 0.369849373
b 0.844411082 0.371224440
b 0.826759521 0.372752012
b 0.809164195 0.374431584
b 0.791635092 0.376262432
b 0.774182309 0.378243831
b 0.756816040 0.380375056
b 0.739546562 0.382655382
b 0.722384222 0.385084084
b 0.705339425 0.387660438
b 0.688422625 0.390383717
b 0.671643964 0.393253236
b 0.655009611 0.396268761
b 0.638523247 0.399430351
b 0.622188628 0.402738068
b 0.606009622 0.406191976
b 0.589990207 0.409792137
b 0.574134465 0.413538615
b 0.558446578 0.417431474
b 0.542930820 0.421470775
b 0.527591657 0.425656539
b 0.512435966 0.429987786
b 0.497473081 0.434462541
b 0.482712584 0.439078783
b 0.468164186 0.443834491
b 0.453837715 0.448727644
b 0.439743104 0.453756223
b 0.425890385 0.458918207
b 0.412289684 0.464211576
b 0.398951192 0.469634296
b 0.385883981 0.475183558
b 0.373095368 0.480855351
b 0.360592640 0.486645560
b 0.348383210 0.492550071
b 0.336474612 0.498564767
b 0.324874496 0.504685535
b 0.313590625 0.510908259
b 0.302630868 0.517228826
b 0.292003192 0.523643119
b 0.281713969 0.530147195
b 0.271765509 0.536737526
b 0.262159569 0.543410647
b 0.252897978 0.550163091
b 0.243982636 0.556991393
b 0.235415514 0.563892088
b 0.227198653 0.570861711
b 0.219334165 0.577896795
b 0.211824225 0.584993876
b 0.209032581 0.587736631
b 0.206293904 0.590484212
b 0.203608210 0.593236323
b 0.200975512 0.595992668
b 0.198395828 0.598752950
b 0.195869172 0.601516873
b 0.193395563 0.604284139
b 0.190975019 0.607054453
b 0.188607557 0.609827518
b 0.186293197 0.612603038
b 0.184031959 0.615380716
b 0.181823864 0.618160256
b 0.179668933 0.620941361
b 0.177567189 0.623723734
b 0.175518654 0.626507080
b 0.173523352 0.629291101
b 0.171581308 0.632075502
b 0.169692545 0.634859986
b 0.167857080 0.637644271
b 0.166074808 0.640428250
b 0.164345548 0.643211930
b 0.162669117 0.645995319
b 0.161045331 0.648778424
b 0.159474010 0.651561254
b 0.157954971 0.654343815
b 0.156488031 0.657126117
b 0.155073010 0.659908167
b 0.153709726 0.662689973
b 0.152397998 0.665471543
b 0.151137644 0.668252884
b 0.149928485 0.671034005
b 0.148770339 0.673814914
b 0.147663026 0.676595618
b 0.146606367 0.679376126
b 0.145600181 0.682156444
b 0.144644290 0.684936582
b 0.143738513 0.687716545
b 0.142882696 0.690496234
b 0.142076721 0.693275386
b 0.141320476 0.696053723
b 0.140613845 0.698830970
b 0.139956714 0.701606848
b 0.139348969 0.704381080
b 0.138790495 0.707153391
b 0.138281180 0.709923501
b 0.137820908 0.712691135
b 0.137409565 0.715456015
b 0.137047037 0.718217865
b 0.136733211 0.720976407
b 0.136467971 0.723731363
b 0.136251205 0.726482458
b 0.136082797 0.729229414
b 0.135962634 0.731971954
b 0.135890601 0.734709800
interior
i 0.142137773 0.125000000
i 0.265374541 0.125000000
i 0.388611308 0.125000000
i 0.511848075 0.125000000
i 0.635084842 0.125000000
i 0.758321609 0.125000000
i 0.881558376 0.125000000
i 0.142137773 0.250000000
i 0.265374541 0.250000000
i 0.388611308 0.250000000
i 0.511848075 0.250000000
i 0.635084842 0.250000000
i 0.758321609 0.250000000
i 0.881558376 0.250000000
i 0.142137773 0.375000000
i 0.265374541 0.375000000
i 0.388611308 0.375000000
i 0.511848075 0.375000000
i 0.635084842 0.375000000
i 0.758321609 0.375000000
i 0.142137773 0.500000000
i 0.265374541 0.500000000
i 0.142137773 0.625000000
tris
t 166 167 355
t 167 168 355
t 168 169 355
t 169 170 355
t 170 171 355
t 171 172 355
t 172 173 355
t 173 174 355
t 174 175 355
t 175 176 355
t 176 177 355
t 177 178 355
t 178 179 355
t 179 371 355
t 179 180 371
t 180 372 371
t 180 373 372
t 180 374 373
t 180 181 374
t 181 375 374
t 181 376 375
t 181 377 376
t 181 182 377
t 182 378 377
t 182 379 378
t 182 183 379
t 183 380 379
t 183 381 380
t 183 382 381
t 183 184 382
t 184 383 382
t 184 384 383
t 184 185 384
t 185 385 384
t 185 386 385
t 185 186 386
t 186 387 386
t 186 388 387
t 186 389 388
t 186 187 389
t 187 390 389
t 187 391 390
t 187 188 391
t 188 392 391
t 188 393 392
t 188 189 393
t 189 394 393
t 189 395 394
t 189 396 395
t 189 190 396
t 190 397 396
t 190 398 397
t 190 191 398
t 191 399 398
t 191 400 399
t 191 192 400
t 192 401 400
t 192 402 401
t 192 193 402
t 193 403 402
t 193 404 403
t 193 194 404
t 194 405 404
t 194 406 405
t 194 407 406
t 194 195 407
t 195 408 407
t 195 409 408
t 195 196 409
t 196 410 409
t 196 411 410
t 196 197 411
t 197 412 411
t 197 413 412
t 197 198 413
t 198 414 413
t 198 415 414
t 198 199 415
t 199 416 415
t 199 417 416
t 199 200 417
t 200 418 417
t 200 419 418
t 200 201 419
t 201 420 419
t 201 421 420
t 201 202 421
t 202 422 421
t 202 423 422
t 202 203 423
t 203 424 423
t 203 425 424
t 203 204 425
t 204 426 425
t 204 427 426
t 204 205 427
t 205 428 427
t 205 429 428
t 205 206 429
t 206 430 429
t 206 431 430
t 206 207 431
t 207 432 431
t 207 433 432
t 207 356 433
t 207 208 356
t 208 209 356
t 209 210 356
t 210 211 356
t 211 212 356
t 212 213 356
t 213 214 356
t 214 215 356
t 215 216 356
t 216 217 356
t 217 218 356
t 218 219 356
t 219 220 356
t 220 221 356
t 166 355 165
t 165 355 164
t 164 355 163
t 163 355 162
t 162 355 161
t 161 355 160
t 160 355 159
t 159 355 158
t 158 355 157
t 157 355 156
t 156 355 155
t 155 355 154
t 154 355 153
t 153 355 152
t 152 355 151
t 151 355 150
t 150 355 149
t 149 355 148
t 148 355 147
t 147 355 146
t 146 355 145
t 145 355 144
t 144 355 143
t 143 355 142
t 142 355 141
t 141 355 140
t 140 355 139
t 139 355 138
t 138 355 137
t 137 355 136
t 136 355 135
t 135 355 134
t 134 355 133
t 133 355 132
t 132 355 131
t 131 355 130
t 130 355 129
t 129 355 128
t 128 355 127
t 127 355 126
t 126 355 125
t 125 355 124
t 124 355 123
t 123 355 122
t 122 355 121
t 121 355 120
t 120 355 119
t 119 355 118
t 118 355 117
t 117 355 116
t 116 355 115
t 115 355 114
t 114 355 113
t 113 355 112
t 112 355 111
t 111 355 110
t 110 355 109
t 109 355 108
t 108 355 107
t 107 355 106
t 106 355 105
t 105 355 104
t 104 355 103
t 103 355 102
t 102 355 101
t 101 355 100
t 100 355 99
t 99 355 98
t 98 355 97
t 97 355 357
t 221 222 356
t 222 358 356
t 355 434 357
t 355 435 434
t 355 436 435
t 355 437 436
t 355 438 437
t 355 439 438
t 355 440 439
t 355 441 440
t 355 442 441
t 355 443 442
t 355 444 443
t 355 445 444
t 355 446 445
t 355 447 446
t 355 448 447
t 355 449 448
t 355 450 449
t 355 451 450
t 355 452 451
t 355 453 452
t 355 454 453
t 355 455 454
t 355 456 455
t 355 457 456
t 355 458 457
t 355 459 458
t 355 460 459
t 355 461 460
t 355 462 461
t 355 463 462
t 355 464 463
t 355 465 464
t 355 466 465
t 355 467 466
t 355 468 467
t 355 469 468
t 355 470 469
t 355 471 470
t 355 472 471
t 355 473 472
t 355 474 473
t 355 475 474
t 355 476 475
t 355 477 476
t 355 478 477
t 355 479 478
t 355 480 479
t 355 481 480
t 355 482 481
t 355 483 482
t 355 484 483
t 355 485 484
t 355 486 485
t 355 487 486
t 355 488 487
t 355 489 488
t 355 490 489
t 355 491 490
t 355 492 491
t 355 493 492
t 355 494 493
t 355 495 494
t 355 496 495
t 355 497 496
t 355 498 497
t 355 499 498
t 355 500 499
t 355 501 500
t 355 502 501
t 355 503 502
t 355 504 503
t 355 505 504
t 355 506 505
t 355 507 506
t 355 508 507
t 355 509 508
t 355 510 509
t 355 511 510
t 355 512 511
t 355 513 512
t 355 514 513
t 355 515 514
t 355 516 515
t 355 517 516
t 355 518 517
t 355 519 518
t 355 520 519
t 355 521 520
t 355 522 521
t 355 523 522
t 355 524 523
t 355 525 524
t 355 526 525
t 355 527 526
t 355 528 527
t 355 529 528
t 355 530 529
t 355 531 530
t 355 532 531
t 355 533 532
t 355 534 533
t 355 371 534
t 371 535 534
t 371 372 535
t 372 536 535
t 372 373 536
t 373 537 536
t 373 374 537
t 374 538 537
t 374 375 538
t 375 539 538
t 375 376 539
t 376 540 539
t 376 377 540
t 377 541 540
t 377 378 541
t 378 542 541
t 378 379 542
t 379 543 542
t 379 380 543
t 380 544 543
t 380 381 544
t 381 545 544
t 381 382 545
t 382 546 545
t 382 383 546
t 383 547 546
t 383 384 547
t 384 548 547
t 384 385 548
t 385 549 548
t 385 386 549
t 386 550 549
t 386 387 550
t 387 551 550
t 387 388 551
t 388 552 551
t 388 389 552
t 389 553 552
t 389 390 553
t 390 554 553
t 390 391 554
t 391 555 554
t 391 392 555
t 392 556 555
t 392 393 556
t 393 557 556
t 393 394 557
t 394 558 557
t 394 395 558
t 395 559 558
t 395 396 559
t 396 560 559
t 396 397 560
t 397 561 560
t 397 398 561
t 398 562 561
t 398 399 562
t 399 563 562
t 399 400 563
t 400 564 563
t 400 401 564
t 401 565 564
t 401 402 565
t 402 566 565
t 402 403 566
t 403 567 566
t 403 404 567
t 404 568 567
t 404 405 568
t 405 569 568
t 405 406 569
t 406 570 569
t 406 407 570
t 407 571 570
t 407 408 571
t 408 572 571
t 408 409 572
t 409 573 572
t 409 410 573
t 410 574 573
t 410 411 574
t 411 575 574
t 411 412 575
t 412 576 575
t 412 413 576
t 413 577 576
t 413 414 577
t 414 578 577
t 414 415 578
t 415 579 578
t 415 416 579
t 416 580 579
t 416 417 580
t 417 581 580
t 417 418 581
t 418 582 581
t 418 419 582
t 419 583 582
t 419 420 583
t 420 584 583
t 420 421 584
t 421 585 584
t 421 422 585
t 422 586 585
t 422 423 586
t 423 587 586
t 423 424 587
t 424 588 587
t 424 425 588
t 425 589 588
t 425 426 589
t 426 590 589
t 426 427 590
t 427 591 590
t 427 428 591
t 428 592 591
t 428 429 592
t 429 593 592
t 429 430 593
t 430 594 593
t 430 431 594
t 431 595 594
t 431 432 595
t 432 596 595
t 432 433 596
t 433 597 596
t 433 356 597
t 356 598 597
t 356 599 598
t 356 600 599
t 356 601 600
t 356 602 601
t 356 603 602
t 356 604 603
t 356 605 604
t 356 606 605
t 356 607 606
t 356 608 607
t 356 609 608
t 356 610 609
t 356 611 610
t 356 612 611
t 356 613 612
t 356 614 613
t 356 615 614
t 356 616 615
t 356 617 616
t 356 618 617
t 356 619 618
t 356 358 619
t 97 357 96
t 96 357 95
t 95 357 94
t 94 357 359
t 222 223 358
t 223 224 358
t 224 225 358
t 225 226 358
t 226 227 358
t 227 228 358
t 228 229 358
t 229 230 358
t 230 231 358
t 231 232 358
t 232 360 358
t 357 434 359
t 434 620 359
t 434 435 620
t 435 621 620
t 435 436 621
t 436 622 621
t 436 437 622
t 437 623 622
t 437 438 623
t 438 624 623
t 438 439 624
t 439 625 624
t 439 440 625
t 440 626 625
t 440 441 626
t 441 627 626
t 441 442 627
t 442 628 627
t 442 443 628
t 443 629 628
t 443 444 629
t 444 630 629
t 444 445 630
t 445 631 630
t 445 446 631
t 446 632 631
t 446 447 632
t 447 633 632
t 447 448 633
t 448 634 633
t 448 449 634
t 449 635 634
t 449 450 635
t 450 636 635
t 450 451 636
t 451 637 636
t 451 452 637
t 452 638 637
t 452 453 638
t 453 639 638
t 453 454 639
t 454 640 639
t 454 455 640
t 455 641 640
t 455 456 641
t 456 642 641
t 456 457 642
t 457 643 642
t 457 458 643
t 458 644 643
t 458 459 644
t 459 645 644
t 459 460 645
t 460 646 645
t 460 461 646
t 461 647 646
t 461 462 647
t 462 648 647
t 462 463 648
t 463 649 648
t 463 464 649
t 464 650 649
t 464 465 650
t 465 651 650
t 465 466 651
t 466 652 651
t 466 467 652
t 467 653 652
t 467 468 653
t 468 654 653
t 468 469 654
t 469 655 654
t 469 470 655
t 470 656 655
t 470 471 656
t 471 657 656
t 471 472 657
t 472 658 657
t 472 473 658
t 473 659 658
t 473 474 659
t 474 660 659
t 474 475 660
t 475 661 660
t 475 476 661
t 476 662 661
t 476 477 662
t 477 663 662
t 477 478 663
t 478 664 663
t 478 479 664
t 479 665 664
t 479 480 665
t 480 666 665
t 480 481 666
t 481 667 666
t 481 482 667
t 482 668 667
t 482 483 668
t 483 669 668
t 483 484 669
t 484 670 669
t 484 485 670
t 485 671 670
t 485 486 671
t 486 672 671
t 486 487 672
t 487 673 672
t 487 488 673
t 488 674 673
t 488 489 674
t 489 675 674
t 489 490 675
t 490 676 675
t 490 491 676
t 491 677 676
t 491 492 677
t 492 678 677
t 492 493 678
t 493 679 678
t 493 494 679
t 494 680 679
t 494 495 680
t 495 681 680
t 495 496 681
t 496 682 681
t 496 497 682
t 497 683 682
t 497 498 683
t 498 684 683
t 498 499 684
t 499 685 684
t 499 500 685
t 500 686 685
t 500 501 686
t 501 687 686
t 501 502 687
t 502 688 687
t 502 503 688
t 503 689 688
t 503 504 689
t 504 690 689
t 504 505 690
t 505 691 690
t 505 506 691
t 506 692 691
t 506 507 692
t 507 693 692
t 507 508 693
t 508 694 693
t 508 509 694
t 509 695 694
t 509 510 695
t 510 696 695
t 510 511 696
t 511 697 696
t 511 512 697
t 512 698 697
t 512 513 698
t 513 699 698
t 513 514 699
t 514 700 699
t 514 515 700
t 515 701 700
t 515 516 701
t 516 702 701
t 516 517 702
t 517 703 702
t 517 518 703
t 518 704 703
t 518 519 704
t 519 705 704
t 519 520 705
t 520 706 705
t 520 521 706
t 521 707 706
t 521 522 707
t 522 708 707
t 522 523 708
t 523 709 708
t 523 524 709
t 524 710 709
t 524 525 710
t 525 711 710
t 525 526 711
t 526 712 711
t 526 527 712
t 527 713 712
t 527 528 713
t 528 714 713
t 528 529 714
t 529 715 714
t 529 530 715
t 530 716 715
t 530 531 716
t 531 717 716
t 531 532 717
t 532 718 717
t 532 533 718
t 533 719 718
t 533 534 719
t 534 720 719
t 534 535 720
t 535 721 720
t 535 536 721
t 536 722 721
t 536 537 722
t 537 723 722
t 537 538 723
t 538 724 723
t 538 539 724
t 539 725 724
t 539 540 725
t 540 726 725
t 540 541 726
t 541 727 726
t 541 542 727
t 542 728 727
t 542 543 728
t 543 729 728
t 543 544 729
t 544 730 729
t 544 545 730
t 545 731 730
t 545 546 731
t 546 732 731
t 546 547 732
t 547 733 732
t 547 548 733
t 548 734 733
t 548 549 734
t 549 735 734
t 549 550 735
t 550 736 735
t 550 551 736
t 551 737 736
t 551 552 737
t 552 738 737
t 552 553 738
t 553 739 738
t 553 554 739
t 554 740 739
t 554 555 740
t 555 741 740
t 555 556 741
t 556 742 741
t 556 557 742
t 557 743 742
t 557 558 743
t 558 744 743
t 558 559 744
t 559 745 744
t 559 560 745
t 560 746 745
t 560 561 746
t 561 747 746
t 561 562 747
t 562 748 747
t 562 563 748
t 563 749 748
t 563 564 749
t 564 750 749
t 564 565 750
t 565 751 750
t 565 566 751
t 566 752 751
t 566 567 752
t 567 753 752
t 567 568 753
t 568 754 753
t 568 569 754
t 569 755 754
t 569 570 755
t 570 756 755
t 570 571 756
t 571 757 756
t 571 572 757
t 572 758 757
t 572 573 758
t 573 759 758
t 573 574 759
t 574 760 759
t 574 575 760
t 575 761 760
t 575 576 761
t 576 762 761
t 576 577 762
t 577 763 762
t 577 578 763
t 578 764 763
t 578 579 764
t 579 765 764
t 579 580 765
t 580 766 765
t 580 581 766
t 581 767 766
t 581 582 767
t 582 768 767
t 582 583 768
t 583 769 768
t 583 584 769
t 584 770 769
t 584 585 770
t 585 771 770
t 585 586 771
t 586 772 771
t 586 587 772
t 587 773 772
t 587 588 773
t 588 774 773
t 588 589 774
t 589 775 774
t 589 590 775
t 590 776 775
t 590 591 776
t 591 777 776
t 591 592 777
t 592 778 777
t 592 593 778
t 593 779 778
t 593 594 779
t 594 780 779
t 594 595 780
t 595 781 780
t 595 596 781
t 596 782 781
t 596 597 782
t 597 783 782
t 597 598 783
t 598 784 783
t 598 599 784
t 599 785 784
t 599 360 785
t 599 600 360
t 600 601 360
t 601 602 360
t 602 603 360
t 603 604 360
t 604 605 360
t 605 606 360
t 606 607 360
t 607 608 360
t 608 609 360
t 609 610 360
t 610 611 360
t 611 612 360
t 612 613 360
t 613 614 360
t 614 615 360
t 615 616 360
t 616 617 360
t 617 618 360
t 618 619 360
t 619 358 360
t 94 359 93
t 93 359 92
t 92 359 91
t 91 359 90
t 90 359 361
t 232 233 360
t 233 234 360
t 234 235 360
t 235 236 360
t 236 237 360
t 237 238 360
t 238 239 360
t 239 240 360
t 240 241 360
t 241 242 360
t 242 243 360
t 243 362 360
t 359 620 361
t 620 621 361
t 621 622 361
t 622 623 361
t 623 624 361
t 624 625 361
t 625 626 361
t 626 627 361
t 627 628 361
t 628 629 361
t 629 786 361
t 629 630 786
t 630 787 786
t 630 631 787
t 631 788 787
t 631 632 788
t 632 789 788
t 632 633 789
t 633 790 789
t 633 634 790
t 634 791 790
t 634 635 791
t 635 792 791
t 635 636 792
t 636 793 792
t 636 637 793
t 637 794 793
t 637 638 794
t 638 795 794
t 638 639 795
t 639 796 795
t 639 640 796
t 640 797 796
t 640 641 797
t 641 798 797
t 641 642 798
t 642 799 798
t 642 643 799
t 643 800 799
t 643 644 800
t 644 801 800
t 644 645 801
t 645 802 801
t 645 646 802
t 646 803 802
t 646 647 803
t 647 804 803
t 647 648 804
t 648 805 804
t 648 649 805
t 649 806 805
t 649 650 806
t 650 807 806
t 650 651 807
t 651 808 807
t 651 652 808
t 652 809 808
t 652 653 809
t 653 810 809
t 653 654 810
t 654 811 810
t 654 655 811
t 655 812 811
t 655 656 812
t 656 813 812
t 656 657 813
t 657 814 813
t 657 658 814
t 658 815 814
t 658 659 815
t 659 816 815
t 659 660 816
t 660 817 816
t 660 661 817
t 661 818 817
t 661 662 818
t 662 819 818
t 662 663 819
t 663 820 819
t 663 664 820
t 664 821 820
t 664 665 821
t 665 822 821
t 665 666 822
t 666 823 822
t 666 667 823
t 667 824 823
t 667 668 824
t 668 825 824
t 668 669 825
t 669 826 825
t 669 670 826
t 670 827 826
t 670 671 827
t 671 828 827
t 671 672 828
t 672 829 828
t 672 673 829
t 673 830 829
t 673 674 830
t 674 831 830
t 674 675 831
t 675 832 831
t 675 676 832
t 676 833 832
t 676 677 833
t 677 834 833
t 677 678 834
t 678 835 834
t 678 679 835
t 679 836 835
t 679 680 836
t 680 837 836
t 680 681 837
t 681 838 837
t 681 682 838
t 682 839 838
t 682 683 839
t 683 840 839
t 683 684 840
t 684 841 840
t 684 685 841
t 685 842 841
t 685 686 842
t 686 843 842
t 686 687 843
t 687 844 843
t 687 688 844
t 688 845 844
t 688 689 845
t 689 846 845
t 689 690 846
t 690 847 846
t 690 691 847
t 691 848 847
t 691 692 848
t 692 849 848
t 692 693 849
t 693 850 849
t 693 694 850
t 694 851 850
t 694 695 851
t 695 852 851
t 695 696 852
t 696 853 852
t 696 697 853
t 697 854 853
t 697 698 854
t 698 855 854
t 698 699 855
t 699 856 855
t 699 700 856
t 700 857 856
t 700 701 857
t 701 858 857
t 701 702 858
t 702 859 858
t 702 703 859
t 703 860 859
t 703 704 860
t 704 861 860
t 704 705 861
t 705 862 861
t 705 706 862
t 706 863 862
t 706 707 863
t 707 864 863
t 707 708 864
t 708 865 864
t 708 709 865
t 709 866 865
t 709 710 866
t 710 867 866
t 710 711 867
t 711 868 867
t 711 712 868
t 712 869 868
t 712 713 869
t 713 870 869
t 713 714 870
t 714 871 870
t 714 715 871
t 715 872 871
t 715 716 872
t 716 873 872
t 716 717 873
t 717 874 873
t 717 718 874
t 718 875 874
t 718 719 875
t 719 876 875
t 719 720 876
t 720 877 876
t 720 721 877
t 721 878 877
t 721 722 878
t 722 879 878
t 722 723 879
t 723 880 879
t 723 724 880
t 724 881 880
t 724 725 881
t 725 882 881
t 725 726 882
t 726 883 882
t 726 727 883
t 727 884 883
t 727 728 884
t 728 885 884
t 728 729 885
t 729 886 885
t 729 730 886
t 730 887 886
t 730 731 887
t 731 888 887
t 731 732 888
t 732 889 888
t 732 733 889
t 733 890 889
t 733 734 890
t 734 891 890
t 734 735 891
t 735 892 891
t 735 736 892
t 736 893 892
t 736 737 893
t 737 894 893
t 737 738 894
t 738 895 894
t 738 739 895
t 739 896 895
t 739 740 896
t 740 897 896
t 740 741 897
t 741 898 897
t 741 742 898
t 742 899 898
t 742 743 899
t 743 900 899
t 743 744 900
t 744 901 900
t 744 745 901
t 745 902 901
t 745 746 902
t 746 903 902
t 746 747 903
t 747 904 903
t 747 748 904
t 748 905 904
t 748 749 905
t 749 906 905
t 749 750 906
t 750 907 906
t 750 751 907
t 751 908 907
t 751 752 908
t 752 909 908
t 752 753 909
t 753 910 909
t 753 754 910
t 754 911 910
t 754 755 911
t 755 912 911
t 755 756 912
t 756 913 912
t 756 757 913
t 757 914 913
t 757 758 914
t 758 915 914
t 758 759 915
t 759 916 915
t 759 760 916
t 760 917 916
t 760 362 917
t 760 761 362
t 761 762 362
t 762 763 362
t 763 764 362
t 764 765 362
t 765 766 362
t 766 767 362
t 767 768 362
t 768 769 362
t 769 770 362
t 770 771 362
t 771 772 362
t 772 773 362
t 773 774 362
t 774 775 362
t 775 776 362
t 776 777 362
t 777 778 362
t 778 779 362
t 779 780 362
t 780 781 362
t 781 782 362
t 782 783 362
t 783 784 362
t 784 785 362
t 785 360 362
t 90 361 89
t 89 361 88
t 88 361 87
t 87 361 86
t 86 361 363
t 243 244 362
t 244 245 362
t 245 246 362
t 246 247 362
t 247 248 362
t 248 249 362
t 249 250 362
t 250 251 362
t 251 252 362
t 252 253 362
t 253 364 362
t 361 786 363
t 786 918 363
t 786 787 918
t 787 919 918
t 787 788 919
t 788 920 919
t 788 789 920
t 789 921 920
t 789 790 921
t 790 922 921
t 790 791 922
t 791 923 922
t 791 792 923
t 792 924 923
t 792 793 924
t 793 925 924
t 793 794 925
t 794 926 925
t 794 795 926
t 795 927 926
t 795 796 927
t 796 928 927
t 796 797 928
t 797 929 928
t 797 798 929
t 798 930 929
t 798 799 930
t 799 931 930
t 799 800 931
t 800 932 931
t 800 801 932
t 801 933 932
t 801 802 933
t 802 934 933
t 802 803 934
t 803 935 934
t 803 804 935
t 804 936 935
t 804 805 936
t 805 937 936
t 805 806 937
t 806 938 937
t 806 807 938
t 807 939 938
t 807 808 939
t 808 940 939
t 808 809 940
t 809 941 940
t 809 810 941
t 810 942 941
t 810 811 942
t 811 943 942
t 811 812 943
t 812 944 943
t 812 813 944
t 813 945 944
t 813 814 945
t 814 946 945
t 814 815 946
t 815 947 946
t 815 816 947
t 816 948 947
t 816 817 948
t 817 949 948
t 817 818 949
t 818 950 949
t 818 819 950
t 819 951 950
t 819 820 951
t 820 952 951
t 820 821 952
t 821 953 952
t 821 822 953
t 822 954 953
t 822 823 954
t 823 955 954
t 823 824 955
t 824 956 955
t 824 825 956
t 825 957 956
t 825 826 957
t 826 958 957
t 826 827 958
t 827 959 958
t 827 828 959
t 828 960 959
t 828 829 960
t 829 961 960
t 829 830 961
t 830 962 961
t 830 831 962
t 831 963 962
t 831 832 963
t 832 964 963
t 832 833 964
t 833 965 964
t 833 834 965
t 834 966 965
t 834 835 966
t 835 967 966
t 835 836 967
t 836 968 967
t 836 837 968
t 837 969 968
t 837 838 969
t 838 970 969
t 838 839 970
t 839 971 970
t 839 840 971
t 840 972 971
t 840 841 972
t 841 973 972
t 841 842 973
t 842 974 973
t 842 843 974
t 843 975 974
t 843 844 975
t 844 976 975
t 844 845 976
t 845 977 976
t 845 846 977
t 846 978 977
t 846 847 978
t 847 979 978
t 847 848 979
t 848 980 979
t 848 849 980
t 849 981 980
t 849 850 981
t 850 982 981
t 850 851 982
t 851 983 982
t 851 852 983
t 852 984 983
t 852 853 984
t 853 985 984
t 853 854 985
t 854 986 985
t 854 855 986
t 855 987 986
t 855 856 987
t 856 988 987
t 856 857 988
t 857 989 988
t 857 858 989
t 858 990 989
t 858 859 990
t 859 991 990
t 859 860 991
t 860 992 991
t 860 861 992
t 861 993 992
t 861 862 993
t 862 994 993
t 862 863 994
t 863 995 994
t 863 864 995
t 864 996 995
t 864 865 996
t 865 997 996
t 865 866 997
t 866 998 997
t 866 867 998
t 867 999 998
t 867 868 999
t 868 1000 999
t 868 869 1000
t 869 1001 1000
t 869 870 1001
t 870 1002 1001
t 870 871 1002
t 871 1003 1002
t 871 872 1003
t 872 1004 1003
t 872 873 1004
t 873 1005 1004
t 873 874 1005
t 874 1006 1005
t 874 875 1006
t 875 1007 1006
t 875 876 1007
t 876 1008 1007
t 876 877 1008
t 877 1009 1008
t 877 878 1009
t 878 1010 1009
t 878 879 1010
t 879 1011 1010
t 879 880 1011
t 880 1012 1011
t 880 881 1012
t 881 1013 1012
t 881 882 1013
t 882 1014 1013
t 882 883 1014
t 883 1015 1014
t 883 884 1015
t 884 1016 1015
t 884 885 1016
t 885 1017 1016
t 885 886 1017
t 886 1018 1017
t 886 887 1018
t 887 1019 1018
t 887 888 1019
t 888 1020 1019
t 888 889 1020
t 889 1021 1020
t 889 890 1021
t 890 1022 1021
t 890 891 1022
t 891 1023 1022
t 891 892 1023
t 892 1024 1023
t 892 893 1024
t 893 1025 1024
t 893 894 1025
t 894 1026 1025
t 894 895 1026
t 895 1027 1026
t 895 896 1027
t 896 1028 1027
t 896 897 1028
t 897 1029 1028
t 897 898 1029
t 898 1030 1029
t 898 364 1030
t 898 899 364
t 899 900 364
t 900 901 364
t 901 902 364
t 902 903 364
t 903 904 364
t 904 905 364
t 905 906 364
t 906 907 364
t 907 908 364
t 908 909 364
t 909 910 364
t 910 911 364
t 911 912 364
t 912 913 364
t 913 914 364
t 914 915 364
t 915 916 364
t 916 917 364
t 917 362 364
t 86 363 85
t 85 363 84
t 84 363 83
t 83 363 82
t 82 363 365
t 253 254 364
t 254 255 364
t 255 256 364
t 256 257 364
t 257 258 364
t 258 259 364
t 259 260 364
t 260 261 364
t 261 262 364
t 262 263 364
t 263 264 364
t 264 366 364
t 363 918 365
t 918 1031 365
t 918 919 1031
t 919 1032 1031
t 919 920 1032
t 920 1033 1032
t 920 921 1033
t 921 1034 1033
t 921 922 1034
t 922 1035 1034
t 922 923 1035
t 923 1036 1035
t 923 924 1036
t 924 1037 1036
t 924 925 1037
t 925 1038 1037
t 925 926 1038
t 926 1039 1038
t 926 927 1039
t 927 1040 1039
t 927 928 1040
t 928 1041 1040
t 928 929 1041
t 929 1042 1041
t 929 930 1042
t 930 1043 1042
t 930 931 1043
t 931 1044 1043
t 931 932 1044
t 932 1045 1044
t 932 933 1045
t 933 1046 1045
t 933 934 1046
t 934 1047 1046
t 934 935 1047
t 935 1048 1047
t 935 936 1048
t 936 1049 1048
t 936 937 1049
t 937 1050 1049
t 937 938 1050
t 938 1051 1050
t 938 939 1051
t 939 1052 1051
t 939 940 1052
t 940 1053 1052
t 940 941 1053
t 941 1054 1053
t 941 942 1054
t 942 1055 1054
t 942 943 1055
t 943 1056 1055
t 943 944 1056
t 944 1057 1056
t 944 945 1057
t 945 1058 1057
t 945 946 1058
t 946 1059 1058
t 946 947 1059
t 947 1060 1059
t 947 948 1060
t 948 1061 1060
t 948 949 1061
t 949 1062 1061
t 949 950 1062
t 950 1063 1062
t 950 951 1063
t 951 1064 1063
t 951 952 1064
t 952 1065 1064
t 952 953 1065
t 953 1066 1065
t 953 954 1066
t 954 1067 1066
t 954 955 1067
t 955 1068 1067
t 955 956 1068
t 956 1069 1068
t 956 957 1069
t 957 1070 1069
t 957 958 1070
t 958 1071 1070
t 958 959 1071
t 959 1072 1071
t 959 960 1072
t 960 1073 1072
t 960 961 1073
t 961 1074 1073
t 961 962 1074
t 962 1075 1074
t 962 963 1075
t 963 1076 1075
t 963 964 1076
t 964 1077 1076
t 964 965 1077
t 965 1078 1077
t 965 966 1078
t 966 1079 1078
t 966 967 1079
t 967 1080 1079
t 967 968 1080
t 968 1081 1080
t 968 969 1081
t 969 1082 1081
t 969 970 1082
t 970 1083 1082
t 970 971 1083
t 971 1084 1083
t 971 972 1084
t 972 1085 1084
t 972 973 1085
t 973 1086 1085
t 973 974 1086
t 974 1087 1086
t 974 975 1087
t 975 1088 1087
t 975 976 1088
t 976 1089 1088
t 976 977 1089
t 977 1090 1089
t 977 978 1090
t 978 1091 1090
t 978 979 1091
t 979 1092 1091
t 979 980 1092
t 980 1093 1092
t 980 981 1093
t 981 1094 1093
t 981 982 1094
t 982 1095 1094
t 982 983 1095
t 983 1096 1095
t 983 984 1096
t 984 1097 1096
t 984 985 1097
t 985 1098 1097
t 985 986 1098
t 986 1099 1098
t 986 987 1099
t 987 1100 1099
t 987 988 1100
t 988 1101 1100
t 988 989 1101
t 989 1102 1101
t 989 990 1102
t 990 1103 1102
t 990 991 1103
t 991 1104 1103
t 991 992 1104
t 992 1105 1104
t 992 993 1105
t 993 1106 1105
t 993 994 1106
t 994 1107 1106
t 994 995 1107
t 995 1108 1107
t 995 996 1108
t 996 1109 1108
t 996 997 1109
t 997 1110 1109
t 997 998 1110
t 998 1111 1110
t 998 999 1111
t 999 1112 1111
t 999 1000 1112
t 1000 1113 1112
t 1000 1001 1113
t 1001 1114 1113
t 1001 1002 1114
t 1002 1115 1114
t 1002 1003 1115
t 1003 1116 1115
t 1003 1004 1116
t 1004 1117 1116
t 1004 1005 1117
t 1005 1118 1117
t 1005 1006 1118
t 1006 1119 1118
t 1006 1007 1119
t 1007 1120 1119
t 1007 1008 1120
t 1008 1121 1120
t 1008 1009 1121
t 1009 1122 1121
t 1009 366 1122
t 1009 1010 366
t 1010 1011 366
t 1011 1012 366
t 1012 1013 366
t 1013 1014 366
t 1014 1015 366
t 1015 1016 366
t 1016 1017 366
t 1017 1018 366
t 1018 1019 366
t 1019 1020 366
t 1020 1021 366
t 1021 1022 366
t 1022 1023 366
t 1023 1024 366
t 1024 1025 366
t 1025 1026 366
t 1026 1027 366
t 1027 1028 366
t 1028 1029 366
t 1029 1030 366
t 1030 364 366
t 82 365 81
t 81 365 80
t 80 365 79
t 79 365 78
t 78 365 77
t 77 365 76
t 76 365 75
t 75 365 367
t 264 265 366
t 265 266 366
t 266 267 366
t 267 268 366
t 268 269 366
t 269 270 366
t 270 271 366
t 271 272 366
t 272 273 366
t 273 274 366
t 274 275 366
t 275 276 366
t 276 277 366
t 277 278 366
t 278 279 366
t 279 280 366
t 280 281 366
t 281 282 366
t 282 283 366
t 283 284 366
t 284 285 366
t 285 286 366
t 286 287 366
t 287 288 366
t 288 289 366
t 289 290 366
t 290 291 366
t 291 292 366
t 292 293 366
t 293 294 366
t 294 295 366
t 295 296 366
t 296 297 366
t 297 298 366
t 298 368 366
t 365 1123 367
t 365 1124 1123
t 365 1125 1124
t 365 1126 1125
t 365 1127 1126
t 365 1128 1127
t 365 1129 1128
t 365 1130 1129
t 365 1131 1130
t 365 1132 1131
t 365 1031 1132
t 1031 1133 1132
t 1031 1032 1133
t 1032 1134 1133
t 1032 1033 1134
t 1033 1135 1134
t 1033 1034 1135
t 1034 1136 1135
t 1034 1035 1136
t 1035 1137 1136
t 1035 1036 1137
t 1036 1138 1137
t 1036 1037 1138
t 1037 1139 1138
t 1037 1038 1139
t 1038 1140 1139
t 1038 1039 1140
t 1039 1141 1140
t 1039 1040 1141
t 1040 1142 1141
t 1040 1041 1142
t 1041 1143 1142
t 1041 1042 1143
t 1042 1144 1143
t 1042 368 1144
t 1042 1043 368
t 1043 1044 368
t 1044 1045 368
t 1045 1046 368
t 1046 1047 368
t 1047 1048 368
t 1048 1049 368
t 1049 1050 368
t 1050 1051 368
t 1051 1052 368
t 1052 1053 368
t 1053 1054 368
t 1054 1055 368
t 1055 1056 368
t 1056 1057 368
t 1057 1058 368
t 1058 1059 368
t 1059 1060 368
t 1060 1061 368
t 1061 1062 368
t 1062 1063 368
t 1063 1064 368
t 1064 1065 368
t 1065 1066 368
t 1066 1067 368
t 1067 1068 368
t 1068 1069 368
t 1069 1070 368
t 1070 1071 368
t 1071 1072 368
t 1072 1073 368
t 1073 1074 368
t 1074 1075 368
t 1075 1076 368
t 1076 1077 368
t 1077 1078 368
t 1078 1079 368
t 1079 1080 368
t 1080 1081 368
t 1081 1082 368
t 1082 1083 368
t 1083 1084 368
t 1084 1085 368
t 1085 1086 368
t 1086 1087 368
t 1087 1088 368
t 1088 1089 368
t 1089 1090 368
t 1090 1091 368
t 1091 1092 368
t 1092 1093 368
t 1093 1094 368
t 1094 1095 368
t 1095 1096 368
t 1096 1097 368
t 1097 1098 368
t 1098 1099 368
t 1099 1100 368
t 1100 1101 368
t 1101 1102 368
t 1102 1103 368
t 1103 1104 368
t 1104 1105 368
t 1105 1106 368
t 1106 1107 368
t 1107 1108 368
t 1108 1109 368
t 1109 1110 368
t 1110 1111 368
t 1111 1112 368
t 1112 1113 368
t 1113 1114 368
t 1114 1115 368
t 1115 1116 368
t 1116 1117 368
t 1117 1118 368
t 1118 1119 368
t 1119 1120 368
t 1120 1121 368
t 1121 1122 368
t 1122 366 368
t 75 367 74
t 74 367 73
t 73 367 72
t 72 367 71
t 71 367 70
t 70 367 69
t 69 367 68
t 68 367 369
t 298 299 368
t 299 300 368
t 300 301 368
t 301 302 368
t 302 303 368
t 303 304 368
t 304 305 368
t 305 306 368
t 306 307 368
t 307 308 368
t 308 309 368
t 309 310 368
t 310 311 368
t 311 312 368
t 312 313 368
t 313 314 368
t 314 315 368
t 315 316 368
t 316 317 368
t 317 318 368
t 318 319 368
t 319 320 368
t 320 321 368
t 321 322 368
t 322 323 368
t 323 324 368
t 324 325 368
t 325 326 368
t 326 327 368
t 327 328 368
t 328 329 368
t 329 330 368
t 330 331 368
t 331 0 368
t 0 370 368
t 367 1145 369
t 367 1146 1145
t 367 1147 1146
t 367 1148 1147
t 367 1149 1148
t 367 1150 1149
t 367 1151 1150
t 367 1123 1151
t 1123 1152 1151
t 1123 1124 1152
t 1124 1153 1152
t 1124 1125 1153
t 1125 1154 1153
t 1125 1126 1154
t 1126 1155 1154
t 1126 1127 1155
t 1127 1156 1155
t 1127 1128 1156
t 1128 1157 1156
t 1128 1129 1157
t 1129 1158 1157
t 1129 1130 1158
t 1130 1159 1158
t 1130 1131 1159
t 1131 1160 1159
t 1131 1132 1160
t 1132 1161 1160
t 1132 1133 1161
t 1133 1162 1161
t 1133 1134 1162
t 1134 1163 1162
t 1134 370 1163
t 1134 1135 370
t 1135 1136 370
t 1136 1137 370
t 1137 1138 370
t 1138 1139 370
t 1139 1140 370
t 1140 1141 370
t 1141 1142 370
t 1142 1143 370
t 1143 1144 370
t 1144 368 370
t 68 369 67
t 67 369 66
t 66 369 65
t 65 369 64
t 64 369 63
t 63 369 62
t 62 369 61
t 61 369 60
t 60 369 59
t 59 369 58
t 58 369 57
t 57 369 56
t 0 1 370
t 369 55 56
t 369 54 55
t 369 53 54
t 369 52 53
t 369 51 52
t 369 50 51
t 369 49 50
t 369 48 49
t 369 47 48
t 369 46 47
t 369 45 46
t 369 44 45
t 369 43 44
t 369 42 43
t 369 41 42
t 369 40 41
t 369 39 40
t 369 38 39
t 369 37 38
t 369 1145 37
t 1145 36 37
t 1145 1146 36
t 1146 35 36
t 1146 1147 35
t 1147 34 35
t 1147 1148 34
t 1148 1149 34
t 1149 33 34
t 1149 1150 33
t 1150 32 33
t 1150 1151 32
t 1151 31 32
t 1151 1152 31
t 1152 30 31
t 1152 1153 30
t 1153 29 30
t 1153 1154 29
t 1154 28 29
t 1154 1155 28
t 1155 27 28
t 1155 1156 27
t 1156 26 27
t 1156 1157 26
t 1157 1158 26
t 1158 25 26
t 1158 1159 25
t 1159 24 25
t 1159 1160 24
t 1160 23 24
t 1160 1161 23
t 1161 22 23
t 1161 1162 22
t 1162 21 22
t 1162 1163 21
t 1163 20 21
t 1163 370 20
t 370 19 20
t 370 18 19
t 370 17 18
t 370 16 17
t 370 15 16
t 370 14 15
t 370 13 14
t 370 12 13
t 370 11 12
t 370 10 11
t 370 9 10
t 370 8 9
t 370 7 8
t 370 6 7
t 370 5 6
t 370 4 5
t 370 3 4
t 370 2 3
t 370 1 2
