type=Cone forward=true n_boundary=197 n_holes=0 n_interior=99 n_tris=293 label=brep32629_f85_Cone
boundary
b 1.632814762 -0.018000000
b 1.634556006 -0.018000000
b 1.636297249 -0.018000000
b 1.638038492 -0.018000000
b 1.639779735 -0.018000000
b 1.641520979 -0.018000000
b 1.643262222 -0.018000000
b 1.645003465 -0.018000000
b 1.646744708 -0.018000000
b 1.648485952 -0.018000000
b 1.650227195 -0.018000000
b 1.651968438 -0.018000000
b 1.653709681 -0.018000000
b 1.655450925 -0.018000000
b 1.657192168 -0.018000000
b 1.658933411 -0.018000000
b 1.660674654 -0.018000000
b 1.662415897 -0.018000000
b 1.664157141 -0.018000000
b 1.665898384 -0.018000000
b 1.667639627 -0.018000000
b 1.669380870 -0.018000000
b 1.671122114 -0.018000000
b 1.672863357 -0.018000000
b 1.674604600 -0.018000000
b 1.676345843 -0.018000000
b 1.678087087 -0.018000000
b 1.679828330 -0.018000000
b 1.681569573 -0.018000000
b 1.683310816 -0.018000000
b 1.685052060 -0.018000000
b 1.684664193 -0.017372074
b 1.684279408 -0.016743155
b 1.683897670 -0.016113245
b 1.683518943 -0.015482341
b 1.683143194 -0.014850445
b 1.682770388 -0.014217556
b 1.682400493 -0.013583673
b 1.682033476 -0.012948797
b 1.681669305 -0.012312926
b 1.681307948 -0.011676061
b 1.680949373 -0.011038202
b 1.680593550 -0.010399348
b 1.680240449 -0.009759499
b 1.679890040 -0.009118654
b 1.679542293 -0.008476813
b 1.679197178 -0.007833977
b 1.678854669 -0.007190144
b 1.678514735 -0.006545315
b 1.678177350 -0.005899488
b 1.677842486 -0.005252667
b 1.677510118 -0.004604851
b 1.677180219 -0.003956044
b 1.676852763 -0.003306248
b 1.676527725 -0.002655464
b 1.676205081 -0.002003695
b 1.675884806 -0.001350942
b 1.675566875 -0.000697209
b 1.675251264 -0.000042495
b 1.674937950 0.000613195
b 1.674626909 0.001269861
b 1.674318119 0.001927499
b 1.674011556 0.002586109
b 1.673707198 0.003245688
b 1.673405022 0.003906234
b 1.673105008 0.004567745
b 1.672807133 0.005230219
b 1.672511376 0.005893654
b 1.672217715 0.006558048
b 1.671926130 0.007223403
b 1.671636600 0.007889718
b 1.671349106 0.008556994
b 1.671063626 0.009225232
b 1.670780141 0.009894431
b 1.670498632 0.010564593
b 1.670219079 0.011235717
b 1.669941464 0.011907805
b 1.669665767 0.012580856
b 1.669391969 0.013254870
b 1.669120054 0.013929850
b 1.668850002 0.014605793
b 1.668581797 0.015282703
b 1.668315419 0.015960577
b 1.668050852 0.016639418
b 1.667788080 0.017319226
b 1.667527084 0.018000000
b 1.667989030 0.018004083
b 1.668445787 0.018016297
b 1.668897490 0.018036592
b 1.669344273 0.018064917
b 1.669786271 0.018101220
b 1.670223620 0.018145452
b 1.670656455 0.018197561
b 1.671084909 0.018257497
b 1.671509119 0.018325208
b 1.671929219 0.018400644
b 1.672345345 0.018483753
b 1.672757630 0.018574486
b 1.673166211 0.018672791
b 1.673571220 0.018778617
b 1.673972621 0.018891904
b 1.674370045 0.019012577
b 1.674763086 0.019140556
b 1.675151338 0.019275763
b 1.675534395 0.019418120
b 1.675911850 0.019567548
b 1.676283297 0.019723968
b 1.676648330 0.019887303
b 1.677006542 0.020057473
b 1.677357527 0.020234401
b 1.677700880 0.020418007
b 1.678036192 0.020608214
b 1.678363059 0.020804942
b 1.678681079 0.021008109
b 1.678989946 0.021217546
b 1.679289457 0.021432995
b 1.679579410 0.021654192
b 1.679859604 0.021880878
b 1.680129837 0.022112789
b 1.680389909 0.022349665
b 1.680639619 0.022591243
b 1.680878764 0.022837262
b 1.681107145 0.023087459
b 1.681324560 0.023341573
b 1.681530808 0.023599343
b 1.681725688 0.023860506
b 1.681908998 0.024124801
b 1.682080543 0.024391990
b 1.682240172 0.024662050
b 1.682387758 0.024935070
b 1.682523176 0.025211138
b 1.682646297 0.025490341
b 1.682756996 0.025772768
b 1.682855146 0.026058508
b 1.682940620 0.026347649
b 1.683013292 0.026640279
b 1.683073034 0.026936487
b 1.683119721 0.027236362
b 1.683153226 0.027539991
b 1.683173422 0.027847462
b 1.683180182 0.028158866
b 1.648598505 0.018000000
b 1.648337902 0.017320248
b 1.648075515 0.016641425
b 1.647811324 0.015963530
b 1.647545314 0.015286563
b 1.647277467 0.014610524
b 1.647007764 0.013935412
b 1.646736188 0.013261226
b 1.646462720 0.012587967
b 1.646187341 0.011915634
b 1.645910034 0.011244225
b 1.645630778 0.010573742
b 1.645349554 0.009904183
b 1.645066344 0.009235548
b 1.644781126 0.008567837
b 1.644493881 0.007901048
b 1.644204589 0.007235182
b 1.643913229 0.006570238
b 1.643619779 0.005906216
b 1.643324218 0.005243115
b 1.643026526 0.004580936
b 1.642726680 0.003919682
b 1.642424658 0.003259355
b 1.642120439 0.002599957
b 1.641813999 0.001941490
b 1.641505315 0.001283956
b 1.641194365 0.000627357
b 1.640881124 -0.000028304
b 1.640565570 -0.000683025
b 1.640247677 -0.001336805
b 1.639927423 -0.001989641
b 1.639604780 -0.002641530
b 1.639279726 -0.003292472
b 1.638952234 -0.003942463
b 1.638622279 -0.004591501
b 1.638289833 -0.005239585
b 1.637954872 -0.005886712
b 1.637617368 -0.006532880
b 1.637277294 -0.007178088
b 1.636934621 -0.007822336
b 1.636589320 -0.008465624
b 1.636241363 -0.009107953
b 1.635890719 -0.009749323
b 1.635537358 -0.010389734
b 1.635181250 -0.011029187
b 1.634822364 -0.011667681
b 1.634460668 -0.012305218
b 1.634096130 -0.012941797
b 1.633728718 -0.013577420
b 1.633358398 -0.014212085
b 1.632985138 -0.014845793
b 1.632608903 -0.015478546
b 1.632229659 -0.016110343
b 1.631847371 -0.016741184
b 1.631462003 -0.017371069
b 1.631073519 -0.018000000
interior
i 1.635571731 -0.015115071
i 1.640069943 -0.015115071
i 1.644568154 -0.015115071
i 1.649066366 -0.015115071
i 1.653564578 -0.015115071
i 1.658062789 -0.015115071
i 1.662561001 -0.015115071
i 1.667059213 -0.015115071
i 1.671557424 -0.015115071
i 1.676055636 -0.015115071
i 1.680553848 -0.015115071
i 1.635571731 -0.012230142
i 1.640069943 -0.012230142
i 1.644568154 -0.012230142
i 1.649066366 -0.012230142
i 1.653564578 -0.012230142
i 1.658062789 -0.012230142
i 1.662561001 -0.012230142
i 1.667059213 -0.012230142
i 1.671557424 -0.012230142
i 1.676055636 -0.012230142
i 1.680553848 -0.012230142
i 1.640069943 -0.009345213
i 1.644568154 -0.009345213
i 1.649066366 -0.009345213
i 1.653564578 -0.009345213
i 1.658062789 -0.009345213
i 1.662561001 -0.009345213
i 1.667059213 -0.009345213
i 1.671557424 -0.009345213
i 1.676055636 -0.009345213
i 1.640069943 -0.006460284
i 1.644568154 -0.006460284
i 1.649066366 -0.006460284
i 1.653564578 -0.006460284
i 1.658062789 -0.006460284
i 1.662561001 -0.006460284
i 1.667059213 -0.006460284
i 1.671557424 -0.006460284
i 1.676055636 -0.006460284
i 1.640069943 -0.003575355
i 1.644568154 -0.003575355
i 1.649066366 -0.003575355
i 1.653564578 -0.003575355
i 1.658062789 -0.003575355
i 1.662561001 -0.003575355
i 1.667059213 -0.003575355
i 1.671557424 -0.003575355
i 1.676055636 -0.003575355
i 1.644568154 -0.000690425
i 1.649066366 -0.000690425
i 1.653564578 -0.000690425
i 1.658062789 -0.000690425
i 1.662561001 -0.000690425
i 1.667059213 -0.000690425
i 1.671557424 -0.000690425
i 1.644568154 0.002194504
i 1.649066366 0.002194504
i 1.653564578 0.002194504
i 1.658062789 0.002194504
i 1.662561001 0.002194504
i 1.667059213 0.002194504
i 1.671557424 0.002194504
i 1.644568154 0.005079433
i 1.649066366 0.005079433
i 1.653564578 0.005079433
i 1.658062789 0.005079433
i 1.662561001 0.005079433
i 1.667059213 0.005079433
i 1.671557424 0.005079433
i 1.649066366 0.007964362
i 1.653564578 0.007964362
i 1.658062789 0.007964362
i 1.662561001 0.007964362
i 1.667059213 0.007964362
i 1.649066366 0.010849291
i 1.653564578 0.010849291
i 1.658062789 0.010849291
i 1.662561001 0.010849291
i 1.667059213 0.010849291
i 1.649066366 0.013734220
i 1.653564578 0.013734220
i 1.658062789 0.013734220
i 1.662561001 0.013734220
i 1.667059213 0.013734220
i 1.649066366 0.016619149
i 1.653564578 0.016619149
i 1.658062789 0.016619149
i 1.662561001 0.016619149
i 1.667059213 0.016619149
i 1.658062789 0.019504078
i 1.662561001 0.019504078
i 1.667059213 0.019504078
i 1.671557424 0.019504078
i 1.667059213 0.022389007
i 1.671557424 0.022389007
i 1.676055636 0.022389007
i 1.676055636 0.025273936
i 1.680553848 0.025273936
tris
t 29 30 31
t 85 86 87
t 87 88 89
t 89 90 91
t 91 92 93
t 93 94 95
t 95 96 97
t 97 98 99
t 99 100 101
t 101 102 103
t 103 104 105
t 105 106 107
t 107 108 109
t 109 110 111
t 111 112 113
t 113 114 115
t 115 116 117
t 117 118 119
t 119 120 121
t 121 122 123
t 123 124 125
t 125 126 127
t 127 128 129
t 129 130 131
t 131 132 133
t 133 134 135
t 135 136 137
t 137 138 139
t 139 140 141
t 195 196 197
t 206 207 208
t 217 218 219
t 226 227 228
t 235 236 237
t 244 245 246
t 251 252 253
t 258 259 260
t 265 266 267
t 270 271 272
t 275 276 277
t 280 281 282
t 285 286 287
t 289 290 291
t 292 293 294
t 28 29 31
t 85 87 89
t 89 91 93
t 93 95 97
t 97 99 101
t 101 103 105
t 105 107 109
t 109 111 113
t 113 115 117
t 117 119 121
t 121 123 125
t 125 127 129
t 129 131 133
t 133 135 137
t 137 139 141
t 194 195 197
t 205 206 208
t 216 217 219
t 225 226 228
t 234 235 237
t 243 244 246
t 250 251 253
t 257 258 260
t 264 265 267
t 269 270 272
t 274 275 277
t 279 280 282
t 284 285 287
t 288 289 291
t 291 292 294
t 27 28 31
t 85 89 93
t 93 97 101
t 101 105 109
t 109 113 117
t 117 121 125
t 125 129 133
t 193 194 197
t 204 205 208
t 215 216 219
t 224 225 228
t 233 234 237
t 242 243 246
t 249 250 253
t 256 257 260
t 263 264 267
t 268 269 272
t 273 274 277
t 278 279 282
t 283 284 287
t 287 288 291
t 26 27 31
t 85 93 101
t 101 109 117
t 117 125 133
t 192 193 197
t 203 204 208
t 214 215 219
t 223 224 228
t 232 233 237
t 241 242 246
t 248 249 253
t 255 256 260
t 262 263 267
t 267 268 272
t 272 273 277
t 277 278 282
t 282 283 287
t 25 26 31
t 85 101 117
t 117 133 137
t 191 192 197
t 202 203 208
t 213 214 219
t 222 223 228
t 231 232 237
t 240 241 246
t 247 248 253
t 254 255 260
t 261 262 267
t 24 25 31
t 190 191 197
t 201 202 208
t 212 213 219
t 221 222 228
t 230 231 237
t 239 240 246
t 246 247 253
t 253 254 260
t 260 261 267
t 23 24 31
t 189 190 197
t 200 201 208
t 211 212 219
t 220 221 228
t 229 230 237
t 238 239 246
t 260 267 272
t 22 23 31
t 188 189 197
t 199 200 208
t 210 211 219
t 219 220 228
t 228 229 237
t 237 238 246
t 260 272 277
t 21 22 31
t 187 188 197
t 198 199 208
t 209 210 219
t 237 246 253
t 260 277 282
t 20 21 31
t 186 187 197
t 197 198 208
t 208 209 219
t 237 253 260
t 19 20 31
t 185 186 197
t 208 219 228
t 237 260 282
t 18 19 31
t 184 185 197
t 208 228 237
t 17 18 31
t 184 197 208
t 208 237 282
t 16 17 31
t 183 184 208
t 15 16 31
t 182 183 208
t 14 15 31
t 181 182 208
t 13 14 31
t 180 181 208
t 12 13 31
t 179 180 208
t 11 12 31
t 178 179 208
t 10 11 31
t 177 178 208
t 9 10 31
t 176 177 208
t 8 9 31
t 175 176 208
t 7 8 31
t 174 175 208
t 6 7 31
t 173 174 208
t 5 6 31
t 172 173 208
t 4 5 31
t 171 172 208
t 3 4 31
t 170 171 208
t 2 3 31
t 169 170 208
t 1 2 31
t 168 169 208
t 0 1 31
t 167 168 208
t 0 31 32
t 166 167 208
t 0 32 33
t 165 166 208
t 0 33 34
t 164 165 208
t 0 34 35
t 163 164 208
t 0 35 36
t 162 163 208
t 0 36 37
t 161 162 208
t 0 37 38
t 160 161 208
t 0 38 39
t 159 160 208
t 0 39 40
t 159 208 282
t 0 40 41
t 158 159 282
t 0 41 42
t 157 158 282
t 0 42 43
t 156 157 282
t 0 43 44
t 155 156 282
t 0 44 45
t 154 155 282
t 0 45 46
t 153 154 282
t 0 46 47
t 152 153 282
t 0 47 48
t 151 152 282
t 0 48 49
t 150 151 282
t 0 49 50
t 149 150 282
t 0 50 51
t 148 149 282
t 0 51 52
t 147 148 282
t 0 52 53
t 146 147 282
t 0 53 54
t 145 146 282
t 0 54 55
t 144 145 282
t 0 55 56
t 143 144 282
t 0 56 57
t 142 143 282
t 0 57 58
t 141 142 282
t 0 58 59
t 141 282 287
t 0 59 60
t 287 291 141
t 291 294 141
t 0 60 61
t 137 141 294
t 0 61 62
t 137 294 295
t 0 62 63
t 85 117 137
t 0 63 64
t 0 64 65
t 0 65 66
t 0 66 67
t 0 67 68
t 0 68 69
t 0 69 70
t 0 70 71
t 0 71 72
t 0 72 73
t 0 73 74
t 0 74 75
t 0 75 76
t 0 76 77
t 0 77 78
t 0 78 79
t 0 79 80
t 137 295 0
t 0 80 81
t 0 81 82
t 0 82 83
t 0 83 84
t 0 84 85
