type=Nurbs forward=false n_boundary=196 n_holes=0 n_interior=80 n_tris=1708 label=brep62542_f219_Nurbs(deg=3/3, cps=4x14)
boundary
b 0.457807502 0.999992053
b 0.450348272 0.999985244
b 0.442885784 0.999979529
b 0.435419507 0.999974859
b 0.427948911 0.999971183
b 0.420473466 0.999968449
b 0.412992644 0.999966602
b 0.405505918 0.999965583
b 0.398012756 0.999965330
b 0.390512630 0.999965781
b 0.383005004 0.999966866
b 0.375489344 0.999968514
b 0.367965107 0.999970651
b 0.360431750 0.999973197
b 0.352888720 0.999976068
b 0.345335461 0.999979175
b 0.337771408 0.999982426
b 0.330195988 0.999985722
b 0.322608621 0.999988964
b 0.315008732 0.999992106
b 0.307395750 0.999995139
b 0.299769109 0.999998053
b 0.292128240 1.000000839
b 0.284472572 1.000003485
b 0.276801535 1.000005981
b 0.269114554 1.000008315
b 0.261411054 1.000010475
b 0.253690453 1.000012447
b 0.245952165 1.000014217
b 0.238195600 1.000015770
b 0.230420159 1.000017091
b 0.222625237 1.000018162
b 0.214810223 1.000018967
b 0.206974493 1.000019486
b 0.199117418 1.000019699
b 0.191238354 1.000019586
b 0.183336649 1.000019124
b 0.175411641 1.000018311
b 0.167462670 1.000017182
b 0.159489073 1.000015774
b 0.151490185 1.000014132
b 0.143465336 1.000012299
b 0.135413854 1.000010326
b 0.127335061 1.000008266
b 0.119228273 1.000006175
b 0.111092799 1.000004116
b 0.102927942 1.000002155
b 0.094732996 1.000000365
b 0.086507246 0.999998823
b 0.078249968 0.999997614
b 0.069960427 0.999996828
b 0.061637878 0.999996563
b 0.053281561 0.999996926
b 0.044890706 0.999998030
b 0.036464527 1.000000000
b 0.036479111 0.986706069
b 0.036505043 0.973317731
b 0.036518493 0.959786141
b 0.036506331 0.946057336
b 0.036468033 0.932073896
b 0.036421046 0.917793203
b 0.036397574 0.903239606
b 0.036402942 0.888457044
b 0.036426962 0.873486795
b 0.036449513 0.858364902
b 0.036451934 0.843117880
b 0.036447821 0.827756603
b 0.036451495 0.812292591
b 0.036462250 0.796742314
b 0.036473954 0.781121095
b 0.036479465 0.765439108
b 0.036478424 0.749693211
b 0.036472353 0.733877007
b 0.036463245 0.717985581
b 0.036455330 0.702021592
b 0.036451582 0.685987165
b 0.036451305 0.669873784
b 0.036453305 0.653669927
b 0.036456540 0.637363629
b 0.036459875 0.620942466
b 0.036462901 0.604394185
b 0.036466197 0.587706510
b 0.036469952 0.570866440
b 0.036473989 0.553860528
b 0.036477530 0.536674870
b 0.036479077 0.519294352
b 0.036476864 0.501700122
b 0.036469539 0.483871721
b 0.036460274 0.465789932
b 0.036453219 0.447435639
b 0.036450919 0.428789867
b 0.036453474 0.409836074
b 0.036459167 0.390557255
b 0.036464258 0.370935129
b 0.036462755 0.350950169
b 0.036452129 0.330575686
b 0.036440811 0.309762175
b 0.036438100 0.288450590
b 0.036449859 0.266577130
b 0.036476329 0.244073616
b 0.036508108 0.220906704
b 0.036528624 0.197190701
b 0.036528561 0.173071722
b 0.036506702 0.148693813
b 0.036473298 0.124198350
b 0.036445940 0.099687461
b 0.036430947 0.075111587
b 0.036434400 0.050373231
b 0.036451848 0.025370724
b 0.036464527 -0.000000000
b 0.068708554 -0.000000000
b 0.100459867 -0.000000000
b 0.131761462 -0.000000000
b 0.162654215 -0.000000000
b 0.193177115 -0.000000000
b 0.223367473 -0.000000000
b 0.253261117 -0.000000000
b 0.282892573 -0.000000000
b 0.312295231 -0.000000000
b 0.341501502 -0.000000000
b 0.370542964 -0.000000000
b 0.399450505 -0.000000000
b 0.428254457 -0.000000000
b 0.456984720 -0.000000000
b 0.485670895 -0.000000000
b 0.514342397 -0.000000000
b 0.543028585 -0.000000000
b 0.571758876 -0.000000000
b 0.600562869 -0.000000000
b 0.629470466 -0.000000000
b 0.658511997 -0.000000000
b 0.687718351 -0.000000000
b 0.717121107 -0.000000000
b 0.746752677 -0.000000000
b 0.776646451 -0.000000000
b 0.806836955 -0.000000000
b 0.837360017 -0.000000000
b 0.868252950 -0.000000000
b 0.899554744 -0.000000000
b 0.931306276 -0.000000000
b 0.963550541 -0.000000000
b 0.958914252 0.015043725
b 0.953830602 0.030310693
b 0.948300070 0.045797090
b 0.942322382 0.061498967
b 0.935896462 0.077412257
b 0.929020386 0.093532813
b 0.921691252 0.109858218
b 0.913906036 0.126396281
b 0.905666094 0.143159856
b 0.896975278 0.160161743
b 0.887838936 0.177413967
b 0.878263930 0.194927668
b 0.868258506 0.212711927
b 0.857830997 0.230766250
b 0.846989348 0.249086947
b 0.835742042 0.267676725
b 0.824098334 0.286540296
b 0.812068213 0.305682616
b 0.799663265 0.325107795
b 0.786905046 0.344806649
b 0.773819552 0.364761418
b 0.760432767 0.384954185
b 0.746777613 0.405365834
b 0.732886218 0.425977453
b 0.718788242 0.446770476
b 0.704526448 0.467714911
b 0.690151652 0.488770492
b 0.675707856 0.509897394
b 0.661252929 0.531054083
b 0.646856533 0.552196597
b 0.632577331 0.573281618
b 0.618475930 0.594265390
b 0.604616404 0.615102520
b 0.591051975 0.635748599
b 0.577860114 0.656168106
b 0.565129052 0.676327403
b 0.552927599 0.696187734
b 0.541314016 0.715712209
b 0.530343758 0.734868657
b 0.520064052 0.753634942
b 0.510534759 0.772019969
b 0.501811104 0.790021835
b 0.493934800 0.807622491
b 0.486922529 0.824812541
b 0.480764245 0.841620662
b 0.475426414 0.858114228
b 0.470883381 0.874375876
b 0.467140486 0.890473928
b 0.464230408 0.906463641
b 0.462211786 0.922371445
b 0.461123827 0.938173431
b 0.460928038 0.953851868
b 0.461579516 0.969391769
b 0.463037330 0.984778888
b 0.465264010 1.000000000
interior
i 0.152291695 0.125002462
i 0.268185816 0.125002462
i 0.384079937 0.125002462
i 0.499974058 0.125002462
i 0.615868178 0.125002462
i 0.731762299 0.125002462
i 0.847656420 0.125002462
i 0.152291695 0.250004925
i 0.268185816 0.250004925
i 0.384079937 0.250004925
i 0.499974058 0.250004925
i 0.615868178 0.250004925
i 0.731762299 0.250004925
i 0.152291695 0.375007387
i 0.268185816 0.375007387
i 0.384079937 0.375007387
i 0.499974058 0.375007387
i 0.615868178 0.375007387
i 0.731762299 0.375007387
i 0.152291695 0.500009850
i 0.268185816 0.500009850
i 0.384079937 0.500009850
i 0.499974058 0.500009850
i 0.615868178 0.500009850
i 0.152291695 0.625012312
i 0.268185816 0.625012312
i 0.384079937 0.625012312
i 0.499974058 0.625012312
i 0.152291695 0.750014775
i 0.268185816 0.750014775
i 0.384079937 0.750014775
i 0.499974058 0.750014775
i 0.152291695 0.875017237
i 0.268185816 0.875017237
i 0.384079937 0.875017237
i 0.094344635 0.062501231
i 0.094344635 0.187503694
i 0.094344635 0.312506156
i 0.094344635 0.437508618
i 0.094344635 0.562511081
i 0.094344635 0.687513543
i 0.094344635 0.812516006
i 0.094344635 0.937518468
i 0.210238755 0.062501231
i 0.210238755 0.187503694
i 0.210238755 0.312506156
i 0.210238755 0.437508618
i 0.210238755 0.562511081
i 0.210238755 0.687513543
i 0.210238755 0.812516006
i 0.210238755 0.937518468
i 0.326132876 0.062501231
i 0.326132876 0.187503694
i 0.326132876 0.312506156
i 0.326132876 0.437508618
i 0.326132876 0.562511081
i 0.326132876 0.687513543
i 0.326132876 0.812516006
i 0.326132876 0.937518468
i 0.442026997 0.062501231
i 0.442026997 0.187503694
i 0.442026997 0.312506156
i 0.442026997 0.437508618
i 0.442026997 0.562511081
i 0.442026997 0.687513543
i 0.442026997 0.812516006
i 0.442026997 0.937518468
i 0.557921118 0.062501231
i 0.557921118 0.187503694
i 0.557921118 0.312506156
i 0.557921118 0.437508618
i 0.557921118 0.562511081
i 0.673815239 0.062501231
i 0.673815239 0.187503694
i 0.673815239 0.312506156
i 0.673815239 0.437508618
i 0.789709360 0.062501231
i 0.789709360 0.187503694
i 0.789709360 0.312506156
i 0.905603480 0.062501231
tris
t 109 110 276
t 110 111 276
t 111 112 276
t 112 113 276
t 113 296 276
t 113 297 296
t 113 298 297
t 113 299 298
t 113 300 299
t 113 114 300
t 114 301 300
t 114 302 301
t 114 303 302
t 114 304 303
t 114 305 304
t 114 115 305
t 115 306 305
t 115 307 306
t 115 308 307
t 115 309 308
t 115 116 309
t 116 310 309
t 116 311 310
t 116 312 311
t 116 313 312
t 116 314 313
t 116 117 314
t 117 315 314
t 117 316 315
t 117 317 316
t 117 318 317
t 117 319 318
t 117 118 319
t 118 320 319
t 118 321 320
t 118 322 321
t 118 323 322
t 118 324 323
t 118 119 324
t 119 325 324
t 119 326 325
t 119 327 326
t 119 328 327
t 119 329 328
t 119 120 329
t 120 330 329
t 120 331 330
t 120 332 331
t 120 333 332
t 120 334 333
t 120 121 334
t 121 335 334
t 121 336 335
t 121 337 336
t 121 338 337
t 121 339 338
t 121 122 339
t 122 340 339
t 122 341 340
t 122 342 341
t 122 343 342
t 122 123 343
t 123 344 343
t 123 345 344
t 123 346 345
t 123 347 346
t 123 348 347
t 123 349 348
t 123 350 349
t 123 351 350
t 123 352 351
t 123 353 352
t 123 354 353
t 123 355 354
t 123 356 355
t 123 124 356
t 124 357 356
t 124 358 357
t 124 359 358
t 124 360 359
t 124 361 360
t 124 125 361
t 125 362 361
t 125 363 362
t 125 364 363
t 125 365 364
t 125 126 365
t 126 366 365
t 126 367 366
t 126 368 367
t 126 127 368
t 127 369 368
t 127 370 369
t 127 371 370
t 127 128 371
t 128 372 371
t 128 373 372
t 128 374 373
t 128 129 374
t 129 375 374
t 129 376 375
t 129 377 376
t 129 130 377
t 130 378 377
t 130 379 378
t 130 380 379
t 130 131 380
t 131 381 380
t 131 382 381
t 131 383 382
t 131 132 383
t 132 384 383
t 132 385 384
t 132 386 385
t 132 133 386
t 133 387 386
t 133 388 387
t 133 389 388
t 133 390 389
t 133 134 390
t 134 391 390
t 134 392 391
t 134 393 392
t 134 135 393
t 135 394 393
t 135 395 394
t 135 396 395
t 135 397 396
t 135 136 397
t 136 398 397
t 136 277 398
t 136 137 277
t 137 138 277
t 138 139 277
t 139 140 277
t 109 276 108
t 108 276 107
t 107 276 106
t 106 276 105
t 105 276 104
t 104 276 278
t 140 141 277
t 141 142 277
t 142 143 277
t 143 144 277
t 144 145 277
t 145 146 277
t 146 147 277
t 147 279 277
t 276 399 278
t 276 296 399
t 296 400 399
t 296 297 400
t 297 401 400
t 297 298 401
t 298 402 401
t 298 299 402
t 299 403 402
t 299 300 403
t 300 404 403
t 300 301 404
t 301 405 404
t 301 302 405
t 302 406 405
t 302 303 406
t 303 407 406
t 303 304 407
t 304 408 407
t 304 305 408
t 305 409 408
t 305 306 409
t 306 410 409
t 306 307 410
t 307 411 410
t 307 308 411
t 308 412 411
t 308 309 412
t 309 413 412
t 309 310 413
t 310 414 413
t 310 311 414
t 311 415 414
t 311 312 415
t 312 416 415
t 312 313 416
t 313 417 416
t 313 314 417
t 314 418 417
t 314 315 418
t 315 419 418
t 315 316 419
t 316 420 419
t 316 317 420
t 317 421 420
t 317 318 421
t 318 422 421
t 318 319 422
t 319 423 422
t 319 320 423
t 320 424 423
t 320 321 424
t 321 425 424
t 321 322 425
t 322 426 425
t 322 323 426
t 323 427 426
t 323 324 427
t 324 428 427
t 324 325 428
t 325 429 428
t 325 326 429
t 326 430 429
t 326 327 430
t 327 431 430
t 327 328 431
t 328 432 431
t 328 329 432
t 329 433 432
t 329 330 433
t 330 434 433
t 330 331 434
t 331 435 434
t 331 332 435
t 332 436 435
t 332 333 436
t 333 437 436
t 333 334 437
t 334 438 437
t 334 335 438
t 335 439 438
t 335 336 439
t 336 440 439
t 336 337 440
t 337 441 440
t 337 338 441
t 338 442 441
t 338 339 442
t 339 443 442
t 339 340 443
t 340 444 443
t 340 341 444
t 341 445 444
t 341 342 445
t 342 446 445
t 342 343 446
t 343 447 446
t 343 344 447
t 344 448 447
t 344 345 448
t 345 449 448
t 345 346 449
t 346 450 449
t 346 347 450
t 347 451 450
t 347 348 451
t 348 452 451
t 348 349 452
t 349 453 452
t 349 350 453
t 350 454 453
t 350 351 454
t 351 455 454
t 351 352 455
t 352 456 455
t 352 353 456
t 353 457 456
t 353 354 457
t 354 458 457
t 354 355 458
t 355 459 458
t 355 356 459
t 356 460 459
t 356 357 460
t 357 461 460
t 357 358 461
t 358 462 461
t 358 359 462
t 359 463 462
t 359 360 463
t 360 464 463
t 360 361 464
t 361 465 464
t 361 362 465
t 362 466 465
t 362 363 466
t 363 467 466
t 363 364 467
t 364 468 467
t 364 365 468
t 365 469 468
t 365 366 469
t 366 470 469
t 366 367 470
t 367 471 470
t 367 368 471
t 368 472 471
t 368 369 472
t 369 473 472
t 369 370 473
t 370 474 473
t 370 371 474
t 371 475 474
t 371 372 475
t 372 476 475
t 372 373 476
t 373 477 476
t 373 374 477
t 374 478 477
t 374 375 478
t 375 479 478
t 375 376 479
t 376 480 479
t 376 377 480
t 377 481 480
t 377 378 481
t 378 482 481
t 378 379 482
t 379 483 482
t 379 380 483
t 380 484 483
t 380 381 484
t 381 485 484
t 381 382 485
t 382 486 485
t 382 383 486
t 383 487 486
t 383 384 487
t 384 488 487
t 384 385 488
t 385 489 488
t 385 386 489
t 386 490 489
t 386 387 490
t 387 491 490
t 387 388 491
t 388 492 491
t 388 389 492
t 389 493 492
t 389 390 493
t 390 494 493
t 390 391 494
t 391 495 494
t 391 392 495
t 392 496 495
t 392 393 496
t 393 497 496
t 393 279 497
t 393 394 279
t 394 395 279
t 395 396 279
t 396 397 279
t 397 398 279
t 398 277 279
t 104 278 103
t 103 278 102
t 102 278 101
t 101 278 100
t 100 278 99
t 99 278 280
t 147 148 279
t 148 149 279
t 149 150 279
t 150 151 279
t 151 152 279
t 152 153 279
t 153 154 279
t 154 155 279
t 155 281 279
t 278 399 280
t 399 498 280
t 399 400 498
t 400 499 498
t 400 401 499
t 401 500 499
t 401 402 500
t 402 501 500
t 402 403 501
t 403 502 501
t 403 404 502
t 404 503 502
t 404 405 503
t 405 504 503
t 405 406 504
t 406 505 504
t 406 407 505
t 407 506 505
t 407 408 506
t 408 507 506
t 408 409 507
t 409 508 507
t 409 410 508
t 410 509 508
t 410 411 509
t 411 510 509
t 411 412 510
t 412 511 510
t 412 413 511
t 413 512 511
t 413 414 512
t 414 513 512
t 414 415 513
t 415 514 513
t 415 416 514
t 416 515 514
t 416 417 515
t 417 516 515
t 417 418 516
t 418 517 516
t 418 419 517
t 419 518 517
t 419 420 518
t 420 519 518
t 420 421 519
t 421 520 519
t 421 422 520
t 422 521 520
t 422 423 521
t 423 522 521
t 423 424 522
t 424 523 522
t 424 425 523
t 425 524 523
t 425 426 524
t 426 525 524
t 426 427 525
t 427 526 525
t 427 428 526
t 428 527 526
t 428 429 527
t 429 528 527
t 429 430 528
t 430 529 528
t 430 431 529
t 431 530 529
t 431 432 530
t 432 531 530
t 432 433 531
t 433 532 531
t 433 434 532
t 434 533 532
t 434 435 533
t 435 534 533
t 435 436 534
t 436 535 534
t 436 437 535
t 437 536 535
t 437 438 536
t 438 537 536
t 438 439 537
t 439 538 537
t 439 440 538
t 440 539 538
t 440 441 539
t 441 540 539
t 441 442 540
t 442 541 540
t 442 443 541
t 443 542 541
t 443 444 542
t 444 543 542
t 444 445 543
t 445 544 543
t 445 446 544
t 446 545 544
t 446 447 545
t 447 546 545
t 447 448 546
t 448 547 546
t 448 449 547
t 449 548 547
t 449 450 548
t 450 549 548
t 450 451 549
t 451 550 549
t 451 452 550
t 452 551 550
t 452 453 551
t 453 552 551
t 453 454 552
t 454 553 552
t 454 455 553
t 455 554 553
t 455 456 554
t 456 555 554
t 456 457 555
t 457 556 555
t 457 458 556
t 458 557 556
t 458 459 557
t 459 558 557
t 459 460 558
t 460 559 558
t 460 461 559
t 461 560 559
t 461 462 560
t 462 561 560
t 462 463 561
t 463 562 561
t 463 464 562
t 464 563 562
t 464 465 563
t 465 564 563
t 465 466 564
t 466 565 564
t 466 467 565
t 467 566 565
t 467 468 566
t 468 567 566
t 468 469 567
t 469 568 567
t 469 470 568
t 470 569 568
t 470 471 569
t 471 570 569
t 471 472 570
t 472 571 570
t 472 473 571
t 473 572 571
t 473 474 572
t 474 573 572
t 474 475 573
t 475 574 573
t 475 476 574
t 476 575 574
t 476 477 575
t 477 576 575
t 477 478 576
t 478 577 576
t 478 479 577
t 479 578 577
t 479 480 578
t 480 579 578
t 480 481 579
t 481 580 579
t 481 482 580
t 482 581 580
t 482 483 581
t 483 582 581
t 483 484 582
t 484 583 582
t 484 485 583
t 485 584 583
t 485 486 584
t 486 585 584
t 486 487 585
t 487 586 585
t 487 488 586
t 488 587 586
t 488 489 587
t 489 588 587
t 489 281 588
t 489 490 281
t 490 491 281
t 491 492 281
t 492 493 281
t 493 494 281
t 494 495 281
t 495 496 281
t 496 497 281
t 497 279 281
t 99 280 98
t 98 280 97
t 97 280 96
t 96 280 95
t 95 280 94
t 94 280 93
t 93 280 282
t 155 156 281
t 156 157 281
t 157 158 281
t 158 159 281
t 159 160 281
t 160 161 281
t 161 283 281
t 280 589 282
t 280 498 589
t 498 590 589
t 498 499 590
t 499 591 590
t 499 500 591
t 500 592 591
t 500 501 592
t 501 593 592
t 501 502 593
t 502 594 593
t 502 503 594
t 503 595 594
t 503 504 595
t 504 596 595
t 504 505 596
t 505 597 596
t 505 506 597
t 506 598 597
t 506 507 598
t 507 599 598
t 507 508 599
t 508 600 599
t 508 509 600
t 509 601 600
t 509 510 601
t 510 602 601
t 510 511 602
t 511 603 602
t 511 512 603
t 512 604 603
t 512 513 604
t 513 605 604
t 513 514 605
t 514 606 605
t 514 515 606
t 515 607 606
t 515 516 607
t 516 608 607
t 516 517 608
t 517 609 608
t 517 518 609
t 518 610 609
t 518 519 610
t 519 611 610
t 519 520 611
t 520 612 611
t 520 521 612
t 521 613 612
t 521 522 613
t 522 614 613
t 522 523 614
t 523 615 614
t 523 524 615
t 524 616 615
t 524 525 616
t 525 617 616
t 525 526 617
t 526 618 617
t 526 527 618
t 527 619 618
t 527 528 619
t 528 620 619
t 528 529 620
t 529 621 620
t 529 530 621
t 530 622 621
t 530 531 622
t 531 623 622
t 531 532 623
t 532 624 623
t 532 533 624
t 533 625 624
t 533 534 625
t 534 626 625
t 534 535 626
t 535 627 626
t 535 536 627
t 536 628 627
t 536 537 628
t 537 629 628
t 537 538 629
t 538 630 629
t 538 539 630
t 539 631 630
t 539 540 631
t 540 632 631
t 540 541 632
t 541 633 632
t 541 542 633
t 542 634 633
t 542 543 634
t 543 635 634
t 543 544 635
t 544 636 635
t 544 545 636
t 545 637 636
t 545 546 637
t 546 638 637
t 546 547 638
t 547 639 638
t 547 548 639
t 548 640 639
t 548 549 640
t 549 641 640
t 549 550 641
t 550 642 641
t 550 551 642
t 551 643 642
t 551 552 643
t 552 644 643
t 552 553 644
t 553 645 644
t 553 554 645
t 554 646 645
t 554 555 646
t 555 647 646
t 555 556 647
t 556 648 647
t 556 557 648
t 557 649 648
t 557 558 649
t 558 650 649
t 558 559 650
t 559 651 650
t 559 560 651
t 560 652 651
t 560 561 652
t 561 653 652
t 561 562 653
t 562 654 653
t 562 563 654
t 563 655 654
t 563 564 655
t 564 656 655
t 564 565 656
t 565 657 656
t 565 566 657
t 566 658 657
t 566 567 658
t 567 659 658
t 567 568 659
t 568 660 659
t 568 569 660
t 569 661 660
t 569 570 661
t 570 662 661
t 570 571 662
t 571 663 662
t 571 572 663
t 572 664 663
t 572 573 664
t 573 665 664
t 573 574 665
t 574 666 665
t 574 575 666
t 575 667 666
t 575 576 667
t 576 668 667
t 576 577 668
t 577 669 668
t 577 578 669
t 578 670 669
t 578 579 670
t 579 671 670
t 579 580 671
t 580 672 671
t 580 581 672
t 581 673 672
t 581 283 673
t 581 582 283
t 582 583 283
t 583 584 283
t 584 585 283
t 585 586 283
t 586 587 283
t 587 588 283
t 588 281 283
t 93 282 92
t 92 282 91
t 91 282 90
t 90 282 89
t 89 282 88
t 88 282 87
t 87 282 284
t 161 162 283
t 162 163 283
t 163 164 283
t 164 165 283
t 165 166 283
t 166 167 283
t 167 285 283
t 282 589 284
t 589 674 284
t 589 590 674
t 590 675 674
t 590 591 675
t 591 676 675
t 591 592 676
t 592 677 676
t 592 593 677
t 593 678 677
t 593 594 678
t 594 679 678
t 594 595 679
t 595 680 679
t 595 596 680
t 596 681 680
t 596 597 681
t 597 682 681
t 597 598 682
t 598 683 682
t 598 599 683
t 599 684 683
t 599 600 684
t 600 685 684
t 600 601 685
t 601 686 685
t 601 602 686
t 602 687 686
t 602 603 687
t 603 688 687
t 603 604 688
t 604 689 688
t 604 605 689
t 605 690 689
t 605 606 690
t 606 691 690
t 606 607 691
t 607 692 691
t 607 608 692
t 608 693 692
t 608 609 693
t 609 694 693
t 609 610 694
t 610 695 694
t 610 611 695
t 611 696 695
t 611 612 696
t 612 697 696
t 612 613 697
t 613 698 697
t 613 614 698
t 614 699 698
t 614 615 699
t 615 700 699
t 615 616 700
t 616 701 700
t 616 617 701
t 617 702 701
t 617 618 702
t 618 703 702
t 618 619 703
t 619 704 703
t 619 620 704
t 620 705 704
t 620 621 705
t 621 706 705
t 621 622 706
t 622 707 706
t 622 623 707
t 623 708 707
t 623 624 708
t 624 709 708
t 624 625 709
t 625 710 709
t 625 626 710
t 626 711 710
t 626 627 711
t 627 712 711
t 627 628 712
t 628 713 712
t 628 629 713
t 629 714 713
t 629 630 714
t 630 715 714
t 630 631 715
t 631 716 715
t 631 632 716
t 632 717 716
t 632 633 717
t 633 718 717
t 633 634 718
t 634 719 718
t 634 635 719
t 635 720 719
t 635 636 720
t 636 721 720
t 636 637 721
t 637 722 721
t 637 638 722
t 638 723 722
t 638 639 723
t 639 724 723
t 639 640 724
t 640 725 724
t 640 641 725
t 641 726 725
t 641 642 726
t 642 727 726
t 642 643 727
t 643 728 727
t 643 644 728
t 644 729 728
t 644 645 729
t 645 730 729
t 645 646 730
t 646 731 730
t 646 647 731
t 647 732 731
t 647 648 732
t 648 733 732
t 648 649 733
t 649 734 733
t 649 650 734
t 650 735 734
t 650 651 735
t 651 736 735
t 651 652 736
t 652 737 736
t 652 653 737
t 653 738 737
t 653 654 738
t 654 739 738
t 654 655 739
t 655 740 739
t 655 656 740
t 656 741 740
t 656 657 741
t 657 742 741
t 657 658 742
t 658 743 742
t 658 659 743
t 659 744 743
t 659 660 744
t 660 745 744
t 660 661 745
t 661 746 745
t 661 662 746
t 662 747 746
t 662 663 747
t 663 748 747
t 663 664 748
t 664 749 748
t 664 285 749
t 664 665 285
t 665 666 285
t 666 667 285
t 667 668 285
t 668 669 285
t 669 670 285
t 670 671 285
t 671 672 285
t 672 673 285
t 673 283 285
t 87 284 86
t 86 284 85
t 85 284 84
t 84 284 83
t 83 284 82
t 82 284 81
t 81 284 80
t 80 284 79
t 79 284 286
t 167 168 285
t 168 169 285
t 169 170 285
t 170 171 285
t 171 172 285
t 172 173 285
t 173 287 285
t 284 674 286
t 674 675 286
t 675 676 286
t 676 677 286
t 677 750 286
t 677 678 750
t 678 751 750
t 678 679 751
t 679 752 751
t 679 680 752
t 680 753 752
t 680 681 753
t 681 754 753
t 681 682 754
t 682 755 754
t 682 683 755
t 683 756 755
t 683 684 756
t 684 757 756
t 684 685 757
t 685 758 757
t 685 686 758
t 686 759 758
t 686 687 759
t 687 760 759
t 687 688 760
t 688 761 760
t 688 689 761
t 689 762 761
t 689 690 762
t 690 763 762
t 690 691 763
t 691 764 763
t 691 692 764
t 692 765 764
t 692 693 765
t 693 766 765
t 693 694 766
t 694 767 766
t 694 695 767
t 695 768 767
t 695 696 768
t 696 769 768
t 696 697 769
t 697 770 769
t 697 698 770
t 698 771 770
t 698 699 771
t 699 772 771
t 699 700 772
t 700 773 772
t 700 701 773
t 701 774 773
t 701 702 774
t 702 775 774
t 702 703 775
t 703 776 775
t 703 704 776
t 704 777 776
t 704 705 777
t 705 778 777
t 705 706 778
t 706 779 778
t 706 707 779
t 707 780 779
t 707 708 780
t 708 781 780
t 708 709 781
t 709 782 781
t 709 710 782
t 710 783 782
t 710 711 783
t 711 784 783
t 711 712 784
t 712 785 784
t 712 713 785
t 713 786 785
t 713 714 786
t 714 787 786
t 714 715 787
t 715 788 787
t 715 716 788
t 716 789 788
t 716 717 789
t 717 790 789
t 717 718 790
t 718 791 790
t 718 719 791
t 719 792 791
t 719 720 792
t 720 793 792
t 720 721 793
t 721 794 793
t 721 722 794
t 722 795 794
t 722 723 795
t 723 796 795
t 723 724 796
t 724 797 796
t 724 725 797
t 725 798 797
t 725 726 798
t 726 799 798
t 726 727 799
t 727 800 799
t 727 728 800
t 728 801 800
t 728 729 801
t 729 802 801
t 729 730 802
t 730 803 802
t 730 731 803
t 731 804 803
t 731 732 804
t 732 805 804
t 732 733 805
t 733 806 805
t 733 734 806
t 734 807 806
t 734 735 807
t 735 808 807
t 735 287 808
t 735 736 287
t 736 737 287
t 737 738 287
t 738 739 287
t 739 740 287
t 740 741 287
t 741 742 287
t 742 743 287
t 743 744 287
t 744 745 287
t 745 746 287
t 746 747 287
t 747 748 287
t 748 749 287
t 749 285 287
t 79 286 78
t 78 286 77
t 77 286 76
t 76 286 75
t 75 286 74
t 74 286 73
t 73 286 72
t 72 286 71
t 71 286 288
t 173 174 287
t 174 175 287
t 175 176 287
t 176 177 287
t 177 178 287
t 178 179 287
t 179 289 287
t 286 809 288
t 286 810 809
t 286 811 810
t 286 812 811
t 286 813 812
t 286 814 813
t 286 815 814
t 286 816 815
t 286 817 816
t 286 818 817
t 286 819 818
t 286 750 819
t 750 820 819
t 750 751 820
t 751 821 820
t 751 752 821
t 752 822 821
t 752 753 822
t 753 823 822
t 753 754 823
t 754 824 823
t 754 755 824
t 755 825 824
t 755 756 825
t 756 826 825
t 756 757 826
t 757 827 826
t 757 758 827
t 758 828 827
t 758 759 828
t 759 829 828
t 759 760 829
t 760 830 829
t 760 761 830
t 761 831 830
t 761 762 831
t 762 832 831
t 762 763 832
t 763 833 832
t 763 764 833
t 764 834 833
t 764 765 834
t 765 835 834
t 765 766 835
t 766 836 835
t 766 767 836
t 767 837 836
t 767 768 837
t 768 838 837
t 768 769 838
t 769 839 838
t 769 770 839
t 770 840 839
t 770 771 840
t 771 841 840
t 771 772 841
t 772 842 841
t 772 773 842
t 773 843 842
t 773 774 843
t 774 844 843
t 774 775 844
t 775 845 844
t 775 776 845
t 776 846 845
t 776 777 846
t 777 847 846
t 777 778 847
t 778 848 847
t 778 779 848
t 779 849 848
t 779 780 849
t 780 850 849
t 780 781 850
t 781 851 850
t 781 782 851
t 782 852 851
t 782 783 852
t 783 853 852
t 783 784 853
t 784 854 853
t 784 785 854
t 785 855 854
t 785 786 855
t 786 856 855
t 786 787 856
t 787 857 856
t 787 788 857
t 788 858 857
t 788 789 858
t 789 859 858
t 789 790 859
t 790 860 859
t 790 791 860
t 791 861 860
t 791 792 861
t 792 862 861
t 792 793 862
t 793 863 862
t 793 794 863
t 794 864 863
t 794 795 864
t 795 865 864
t 795 796 865
t 796 866 865
t 796 797 866
t 797 867 866
t 797 798 867
t 798 868 867
t 798 799 868
t 799 869 868
t 799 800 869
t 800 870 869
t 800 801 870
t 801 871 870
t 801 802 871
t 802 872 871
t 802 803 872
t 803 873 872
t 803 804 873
t 804 874 873
t 804 805 874
t 805 875 874
t 805 806 875
t 806 876 875
t 806 289 876
t 806 807 289
t 807 808 289
t 808 287 289
t 71 288 70
t 70 288 69
t 69 288 68
t 68 288 67
t 67 288 290
t 179 180 289
t 180 181 289
t 181 182 289
t 182 183 289
t 183 291 289
t 288 809 290
t 809 877 290
t 809 810 877
t 810 878 877
t 810 811 878
t 811 879 878
t 811 812 879
t 812 880 879
t 812 813 880
t 813 881 880
t 813 814 881
t 814 882 881
t 814 815 882
t 815 883 882
t 815 816 883
t 816 884 883
t 816 817 884
t 817 885 884
t 817 818 885
t 818 886 885
t 818 819 886
t 819 887 886
t 819 820 887
t 820 888 887
t 820 821 888
t 821 889 888
t 821 822 889
t 822 890 889
t 822 823 890
t 823 891 890
t 823 824 891
t 824 892 891
t 824 825 892
t 825 893 892
t 825 826 893
t 826 894 893
t 826 827 894
t 827 895 894
t 827 828 895
t 828 896 895
t 828 829 896
t 829 897 896
t 829 830 897
t 830 898 897
t 830 831 898
t 831 899 898
t 831 832 899
t 832 900 899
t 832 833 900
t 833 901 900
t 833 834 901
t 834 902 901
t 834 835 902
t 835 903 902
t 835 836 903
t 836 904 903
t 836 837 904
t 837 905 904
t 837 838 905
t 838 906 905
t 838 839 906
t 839 907 906
t 839 840 907
t 840 908 907
t 840 841 908
t 841 909 908
t 841 842 909
t 842 910 909
t 842 843 910
t 843 911 910
t 843 844 911
t 844 912 911
t 844 845 912
t 845 913 912
t 845 846 913
t 846 914 913
t 846 847 914
t 847 915 914
t 847 848 915
t 848 916 915
t 848 849 916
t 849 917 916
t 849 850 917
t 850 918 917
t 850 851 918
t 851 919 918
t 851 852 919
t 852 920 919
t 852 853 920
t 853 921 920
t 853 854 921
t 854 922 921
t 854 855 922
t 855 923 922
t 855 856 923
t 856 924 923
t 856 857 924
t 857 925 924
t 857 858 925
t 858 926 925
t 858 859 926
t 859 927 926
t 859 860 927
t 860 928 927
t 860 861 928
t 861 929 928
t 861 862 929
t 862 930 929
t 862 863 930
t 863 931 930
t 863 291 931
t 863 864 291
t 864 865 291
t 865 866 291
t 866 867 291
t 867 868 291
t 868 869 291
t 869 870 291
t 870 871 291
t 871 872 291
t 872 873 291
t 873 874 291
t 874 875 291
t 875 876 291
t 876 289 291
t 67 290 66
t 66 290 65
t 65 290 64
t 64 290 63
t 63 290 292
t 183 184 291
t 184 185 291
t 185 186 291
t 186 187 291
t 187 293 291
t 290 877 292
t 877 932 292
t 877 878 932
t 878 933 932
t 878 879 933
t 879 934 933
t 879 880 934
t 880 935 934
t 880 881 935
t 881 936 935
t 881 882 936
t 882 937 936
t 882 883 937
t 883 938 937
t 883 884 938
t 884 939 938
t 884 885 939
t 885 940 939
t 885 886 940
t 886 941 940
t 886 887 941
t 887 942 941
t 887 888 942
t 888 943 942
t 888 889 943
t 889 944 943
t 889 890 944
t 890 945 944
t 890 891 945
t 891 946 945
t 891 892 946
t 892 947 946
t 892 893 947
t 893 948 947
t 893 894 948
t 894 949 948
t 894 895 949
t 895 950 949
t 895 896 950
t 896 951 950
t 896 897 951
t 897 952 951
t 897 898 952
t 898 953 952
t 898 899 953
t 899 954 953
t 899 900 954
t 900 955 954
t 900 901 955
t 901 956 955
t 901 902 956
t 902 957 956
t 902 903 957
t 903 958 957
t 903 904 958
t 904 959 958
t 904 905 959
t 905 960 959
t 905 906 960
t 906 961 960
t 906 907 961
t 907 962 961
t 907 908 962
t 908 963 962
t 908 909 963
t 909 964 963
t 909 910 964
t 910 965 964
t 910 911 965
t 911 966 965
t 911 912 966
t 912 967 966
t 912 913 967
t 913 968 967
t 913 914 968
t 914 969 968
t 914 915 969
t 915 970 969
t 915 916 970
t 916 971 970
t 916 917 971
t 917 972 971
t 917 918 972
t 918 973 972
t 918 919 973
t 919 974 973
t 919 920 974
t 920 975 974
t 920 921 975
t 921 976 975
t 921 922 976
t 922 977 976
t 922 923 977
t 923 978 977
t 923 924 978
t 924 979 978
t 924 925 979
t 925 980 979
t 925 926 980
t 926 981 980
t 926 927 981
t 927 982 981
t 927 293 982
t 927 928 293
t 928 929 293
t 929 930 293
t 930 931 293
t 931 291 293
t 63 292 62
t 62 292 61
t 61 292 60
t 60 292 59
t 59 292 294
t 187 188 293
t 188 189 293
t 189 190 293
t 190 191 293
t 191 295 293
t 292 932 294
t 932 983 294
t 932 933 983
t 933 984 983
t 933 934 984
t 934 985 984
t 934 935 985
t 935 986 985
t 935 936 986
t 936 987 986
t 936 937 987
t 937 988 987
t 937 938 988
t 938 989 988
t 938 939 989
t 939 990 989
t 939 940 990
t 940 991 990
t 940 941 991
t 941 992 991
t 941 942 992
t 942 993 992
t 942 943 993
t 943 994 993
t 943 944 994
t 944 995 994
t 944 945 995
t 945 996 995
t 945 946 996
t 946 997 996
t 946 947 997
t 947 998 997
t 947 948 998
t 948 999 998
t 948 949 999
t 949 1000 999
t 949 950 1000
t 950 1001 1000
t 950 951 1001
t 951 1002 1001
t 951 952 1002
t 952 1003 1002
t 952 953 1003
t 953 1004 1003
t 953 954 1004
t 954 1005 1004
t 954 955 1005
t 955 1006 1005
t 955 956 1006
t 956 1007 1006
t 956 957 1007
t 957 1008 1007
t 957 958 1008
t 958 1009 1008
t 958 959 1009
t 959 1010 1009
t 959 960 1010
t 960 1011 1010
t 960 961 1011
t 961 1012 1011
t 961 962 1012
t 962 1013 1012
t 962 963 1013
t 963 1014 1013
t 963 964 1014
t 964 1015 1014
t 964 965 1015
t 965 1016 1015
t 965 966 1016
t 966 1017 1016
t 966 967 1017
t 967 1018 1017
t 967 968 1018
t 968 1019 1018
t 968 969 1019
t 969 1020 1019
t 969 970 1020
t 970 1021 1020
t 970 971 1021
t 971 1022 1021
t 971 972 1022
t 972 1023 1022
t 972 973 1023
t 973 1024 1023
t 973 974 1024
t 974 1025 1024
t 974 975 1025
t 975 1026 1025
t 975 976 1026
t 976 1027 1026
t 976 977 1027
t 977 1028 1027
t 977 978 1028
t 978 1029 1028
t 978 979 1029
t 979 1030 1029
t 979 980 1030
t 980 1031 1030
t 980 981 1031
t 981 1032 1031
t 981 295 1032
t 981 982 295
t 982 293 295
t 59 294 58
t 58 294 57
t 57 294 56
t 56 294 55
t 55 294 54
t 191 192 295
t 192 193 295
t 193 194 295
t 194 195 295
t 294 53 54
t 294 52 53
t 294 51 52
t 294 50 51
t 294 49 50
t 294 48 49
t 294 47 48
t 294 983 47
t 983 984 47
t 984 46 47
t 984 985 46
t 985 45 46
t 985 986 45
t 986 44 45
t 986 987 44
t 987 43 44
t 987 988 43
t 988 989 43
t 989 42 43
t 989 990 42
t 990 41 42
t 990 991 41
t 991 40 41
t 991 992 40
t 992 39 40
t 992 993 39
t 993 994 39
t 994 38 39
t 994 995 38
t 995 37 38
t 995 996 37
t 996 36 37
t 996 997 36
t 997 35 36
t 997 998 35
t 998 999 35
t 999 34 35
t 999 1000 34
t 1000 33 34
t 1000 1001 33
t 1001 32 33
t 1001 1002 32
t 1002 31 32
t 1002 1003 31
t 1003 1004 31
t 1004 30 31
t 1004 1005 30
t 1005 29 30
t 1005 1006 29
t 1006 28 29
t 1006 1007 28
t 1007 1008 28
t 1008 27 28
t 1008 1009 27
t 1009 26 27
t 1009 1010 26
t 1010 25 26
t 1010 1011 25
t 1011 24 25
t 1011 1012 24
t 1012 1013 24
t 1013 23 24
t 1013 1014 23
t 1014 22 23
t 1014 1015 22
t 1015 21 22
t 1015 1016 21
t 1016 20 21
t 1016 1017 20
t 1017 1018 20
t 1018 19 20
t 1018 1019 19
t 1019 18 19
t 1019 1020 18
t 1020 17 18
t 1020 1021 17
t 1021 16 17
t 1021 1022 16
t 1022 1023 16
t 1023 15 16
t 1023 1024 15
t 1024 14 15
t 1024 1025 14
t 1025 13 14
t 1025 1026 13
t 1026 12 13
t 1026 1027 12
t 1027 1028 12
t 1028 11 12
t 1028 1029 11
t 1029 10 11
t 1029 1030 10
t 1030 9 10
t 1030 1031 9
t 1031 8 9
t 1031 1032 8
t 1032 295 8
t 295 7 8
t 295 6 7
t 295 5 6
t 295 4 5
t 295 3 4
t 295 2 3
t 295 1 2
t 295 0 1
t 295 195 0
