type=Nurbs forward=true n_boundary=172 n_holes=0 n_interior=369 n_tris=1042 label=brep62542_f68_Nurbs(deg=3/3, cps=4x11)
boundary
b 0.842342446 0.734339575
b 0.818133110 0.734339575
b 0.794054480 0.734339575
b 0.770096034 0.734339575
b 0.746247452 0.734339576
b 0.722498594 0.734339576
b 0.698839484 0.734339576
b 0.675260291 0.734339576
b 0.651751314 0.734339576
b 0.628302966 0.734339576
b 0.604905757 0.734339576
b 0.581550278 0.734339577
b 0.558227187 0.734339577
b 0.534927194 0.734339577
b 0.511641045 0.734339577
b 0.488359508 0.734339577
b 0.465073358 0.734339577
b 0.441773365 0.734339577
b 0.418450274 0.734339577
b 0.395094794 0.734339577
b 0.371697585 0.734339577
b 0.348249237 0.734339577
b 0.324740260 0.734339578
b 0.301161066 0.734339578
b 0.277501955 0.734339578
b 0.253753097 0.734339578
b 0.229904514 0.734339578
b 0.205946068 0.734339578
b 0.181867437 0.734339578
b 0.157658101 0.734339578
b 0.133307321 0.734339559
b 0.133302987 0.722859786
b 0.133294802 0.711530344
b 0.133287604 0.700349051
b 0.133283972 0.689314092
b 0.133284926 0.678424026
b 0.133290250 0.667677794
b 0.133298804 0.657074725
b 0.133308822 0.646614532
b 0.133319052 0.636297176
b 0.133329155 0.626122591
b 0.133337197 0.616090953
b 0.133341319 0.606202761
b 0.133340130 0.596458842
b 0.133332908 0.586860342
b 0.133319788 0.577408728
b 0.133301955 0.568105744
b 0.133283147 0.558951258
b 0.133268722 0.549941515
b 0.133261730 0.541072536
b 0.133263144 0.532340569
b 0.133272074 0.523742103
b 0.133285944 0.515273877
b 0.133300667 0.506932889
b 0.133310944 0.498716397
b 0.133314885 0.490621864
b 0.133315268 0.482646853
b 0.133314400 0.474789029
b 0.133313532 0.467046211
b 0.133312944 0.459416373
b 0.133312053 0.451897651
b 0.133309511 0.444488347
b 0.133303526 0.437186865
b 0.133295227 0.429990721
b 0.133288042 0.422896653
b 0.133284529 0.415901451
b 0.133285715 0.409002009
b 0.133291150 0.402195329
b 0.133298999 0.395478532
b 0.133306131 0.388848857
b 0.133308701 0.382303692
b 0.133306747 0.375840778
b 0.133302921 0.369458057
b 0.133299603 0.363153524
b 0.133298234 0.356925240
b 0.133299342 0.350771333
b 0.133302601 0.344690004
b 0.133306884 0.338679528
b 0.133310495 0.332738408
b 0.133312368 0.326866145
b 0.133312556 0.321062651
b 0.133311644 0.315327892
b 0.133310155 0.309661888
b 0.133308558 0.304064709
b 0.133307297 0.298536482
b 0.133306816 0.293077386
b 0.156907713 0.293077379
b 0.180375453 0.293077379
b 0.203719821 0.293077379
b 0.226950407 0.293077379
b 0.250076624 0.293077379
b 0.273107721 0.293077379
b 0.296052804 0.293077379
b 0.318920846 0.293077379
b 0.341720701 0.293077379
b 0.364461121 0.293077379
b 0.387150769 0.293077379
b 0.409798231 0.293077379
b 0.432412029 0.293077379
b 0.455000635 0.293077379
b 0.477572486 0.293077379
b 0.500135989 0.293077379
b 0.522699543 0.293077380
b 0.545271545 0.293077380
b 0.567860404 0.293077380
b 0.590474557 0.293077380
b 0.613122476 0.293077380
b 0.635812684 0.293077380
b 0.658553768 0.293077380
b 0.681354391 0.293077380
b 0.704223306 0.293077380
b 0.727169371 0.293077380
b 0.750201559 0.293077380
b 0.773328976 0.293077380
b 0.796560876 0.293077380
b 0.819906671 0.293077380
b 0.843375956 0.293077376
b 0.843444812 0.298544713
b 0.843535325 0.304077300
b 0.843649452 0.309675714
b 0.843788288 0.315340584
b 0.843952004 0.321072589
b 0.844139787 0.326872456
b 0.844349791 0.332740961
b 0.844579925 0.338678938
b 0.844829930 0.344687404
b 0.845103065 0.350767759
b 0.845401780 0.356921527
b 0.845726834 0.363150299
b 0.846077187 0.369455734
b 0.846449893 0.375839554
b 0.846840021 0.382303541
b 0.847241792 0.388849546
b 0.847654924 0.395479731
b 0.848087771 0.402196776
b 0.848546886 0.409003523
b 0.849035694 0.415902923
b 0.849554291 0.422898037
b 0.850099242 0.429992027
b 0.850663433 0.437188151
b 0.851237733 0.444489730
b 0.851819061 0.451899276
b 0.852411556 0.459418329
b 0.853017612 0.467048522
b 0.853637071 0.474791641
b 0.854266984 0.482649621
b 0.854901349 0.490624542
b 0.855530986 0.498718623
b 0.856146454 0.506934223
b 0.856752439 0.515273999
b 0.857362822 0.523740962
b 0.857987471 0.532338387
b 0.858631415 0.541069801
b 0.859294389 0.549938975
b 0.859970356 0.558949915
b 0.860647235 0.568106848
b 0.861310153 0.577413735
b 0.861947935 0.586870194
b 0.862553329 0.596473521
b 0.863120628 0.606221257
b 0.863645301 0.616111236
b 0.864123628 0.626141587
b 0.864552301 0.636310739
b 0.864928429 0.646617430
b 0.865255123 0.657061167
b 0.865546729 0.667644607
b 0.865815701 0.678371892
b 0.866067137 0.689247588
b 0.866297917 0.700276670
b 0.866495792 0.711464496
b 0.866638429 0.722816781
b 0.866693225 0.734339575
interior
i 0.224940667 0.348235151
i 0.316619604 0.348235151
i 0.408298541 0.348235151
i 0.499977478 0.348235151
i 0.591656414 0.348235151
i 0.683335351 0.348235151
i 0.775014288 0.348235151
i 0.224940667 0.403392926
i 0.316619604 0.403392926
i 0.408298541 0.403392926
i 0.499977478 0.403392926
i 0.591656414 0.403392926
i 0.683335351 0.403392926
i 0.775014288 0.403392926
i 0.224940667 0.458550701
i 0.316619604 0.458550701
i 0.408298541 0.458550701
i 0.499977478 0.458550701
i 0.591656414 0.458550701
i 0.683335351 0.458550701
i 0.775014288 0.458550701
i 0.224940667 0.513708477
i 0.316619604 0.513708477
i 0.408298541 0.513708477
i 0.499977478 0.513708477
i 0.591656414 0.513708477
i 0.683335351 0.513708477
i 0.775014288 0.513708477
i 0.224940667 0.568866252
i 0.316619604 0.568866252
i 0.408298541 0.568866252
i 0.499977478 0.568866252
i 0.591656414 0.568866252
i 0.683335351 0.568866252
i 0.775014288 0.568866252
i 0.224940667 0.624024027
i 0.316619604 0.624024027
i 0.408298541 0.624024027
i 0.499977478 0.624024027
i 0.591656414 0.624024027
i 0.683335351 0.624024027
i 0.775014288 0.624024027
i 0.224940667 0.679181802
i 0.316619604 0.679181802
i 0.408298541 0.679181802
i 0.499977478 0.679181802
i 0.591656414 0.679181802
i 0.683335351 0.679181802
i 0.775014288 0.679181802
i 0.179101199 0.320656263
i 0.156181464 0.306866819
i 0.202020933 0.306866819
i 0.156181464 0.334445707
i 0.202020933 0.334445707
i 0.179101199 0.375814039
i 0.156181464 0.362024595
i 0.202020933 0.362024595
i 0.156181464 0.389603482
i 0.202020933 0.389603482
i 0.179101199 0.430971814
i 0.156181464 0.417182370
i 0.202020933 0.417182370
i 0.156181464 0.444761258
i 0.202020933 0.444761258
i 0.179101199 0.486129589
i 0.156181464 0.472340145
i 0.202020933 0.472340145
i 0.156181464 0.499919033
i 0.202020933 0.499919033
i 0.179101199 0.541287364
i 0.156181464 0.527497920
i 0.202020933 0.527497920
i 0.156181464 0.555076808
i 0.202020933 0.555076808
i 0.179101199 0.596445139
i 0.156181464 0.582655696
i 0.202020933 0.582655696
i 0.156181464 0.610234583
i 0.202020933 0.610234583
i 0.179101199 0.651602915
i 0.156181464 0.637813471
i 0.202020933 0.637813471
i 0.156181464 0.665392359
i 0.202020933 0.665392359
i 0.179101199 0.706760690
i 0.156181464 0.692971246
i 0.202020933 0.692971246
i 0.156181464 0.720550134
i 0.202020933 0.720550134
i 0.270780135 0.320656263
i 0.247860401 0.306866819
i 0.293699870 0.306866819
i 0.247860401 0.334445707
i 0.293699870 0.334445707
i 0.270780135 0.375814039
i 0.247860401 0.362024595
i 0.293699870 0.362024595
i 0.247860401 0.389603482
i 0.293699870 0.389603482
i 0.270780135 0.430971814
i 0.247860401 0.417182370
i 0.293699870 0.417182370
i 0.247860401 0.444761258
i 0.293699870 0.444761258
i 0.270780135 0.486129589
i 0.247860401 0.472340145
i 0.293699870 0.472340145
i 0.247860401 0.499919033
i 0.293699870 0.499919033
i 0.270780135 0.541287364
i 0.247860401 0.527497920
i 0.293699870 0.527497920
i 0.247860401 0.555076808
i 0.293699870 0.555076808
i 0.270780135 0.596445139
i 0.247860401 0.582655696
i 0.293699870 0.582655696
i 0.247860401 0.610234583
i 0.293699870 0.610234583
i 0.270780135 0.651602915
i 0.247860401 0.637813471
i 0.293699870 0.637813471
i 0.247860401 0.665392359
i 0.293699870 0.665392359
i 0.270780135 0.706760690
i 0.247860401 0.692971246
i 0.293699870 0.692971246
i 0.247860401 0.720550134
i 0.293699870 0.720550134
i 0.362459072 0.320656263
i 0.339539338 0.306866819
i 0.385378806 0.306866819
i 0.339539338 0.334445707
i 0.385378806 0.334445707
i 0.362459072 0.375814039
i 0.339539338 0.362024595
i 0.385378806 0.362024595
i 0.339539338 0.389603482
i 0.385378806 0.389603482
i 0.362459072 0.430971814
i 0.339539338 0.417182370
i 0.385378806 0.417182370
i 0.339539338 0.444761258
i 0.385378806 0.444761258
i 0.362459072 0.486129589
i 0.339539338 0.472340145
i 0.385378806 0.472340145
i 0.339539338 0.499919033
i 0.385378806 0.499919033
i 0.362459072 0.541287364
i 0.339539338 0.527497920
i 0.385378806 0.527497920
i 0.339539338 0.555076808
i 0.385378806 0.555076808
i 0.362459072 0.596445139
i 0.339539338 0.582655696
i 0.385378806 0.582655696
i 0.339539338 0.610234583
i 0.385378806 0.610234583
i 0.362459072 0.651602915
i 0.339539338 0.637813471
i 0.385378806 0.637813471
i 0.339539338 0.665392359
i 0.385378806 0.665392359
i 0.362459072 0.706760690
i 0.339539338 0.692971246
i 0.385378806 0.692971246
i 0.339539338 0.720550134
i 0.385378806 0.720550134
i 0.454138009 0.320656263
i 0.431218275 0.306866819
i 0.477057743 0.306866819
i 0.431218275 0.334445707
i 0.477057743 0.334445707
i 0.454138009 0.375814039
i 0.431218275 0.362024595
i 0.477057743 0.362024595
i 0.431218275 0.389603482
i 0.477057743 0.389603482
i 0.454138009 0.430971814
i 0.431218275 0.417182370
i 0.477057743 0.417182370
i 0.431218275 0.444761258
i 0.477057743 0.444761258
i 0.454138009 0.486129589
i 0.431218275 0.472340145
i 0.477057743 0.472340145
i 0.431218275 0.499919033
i 0.477057743 0.499919033
i 0.454138009 0.541287364
i 0.431218275 0.527497920
i 0.477057743 0.527497920
i 0.431218275 0.555076808
i 0.477057743 0.555076808
i 0.454138009 0.596445139
i 0.431218275 0.582655696
i 0.477057743 0.582655696
i 0.431218275 0.610234583
i 0.477057743 0.610234583
i 0.454138009 0.651602915
i 0.431218275 0.637813471
i 0.477057743 0.637813471
i 0.431218275 0.665392359
i 0.477057743 0.665392359
i 0.454138009 0.706760690
i 0.431218275 0.692971246
i 0.477057743 0.692971246
i 0.431218275 0.720550134
i 0.477057743 0.720550134
i 0.545816946 0.320656263
i 0.522897212 0.306866819
i 0.568736680 0.306866819
i 0.522897212 0.334445707
i 0.568736680 0.334445707
i 0.545816946 0.375814039
i 0.522897212 0.362024595
i 0.568736680 0.362024595
i 0.522897212 0.389603482
i 0.568736680 0.389603482
i 0.545816946 0.430971814
i 0.522897212 0.417182370
i 0.568736680 0.417182370
i 0.522897212 0.444761258
i 0.568736680 0.444761258
i 0.545816946 0.486129589
i 0.522897212 0.472340145
i 0.568736680 0.472340145
i 0.522897212 0.499919033
i 0.568736680 0.499919033
i 0.545816946 0.541287364
i 0.522897212 0.527497920
i 0.568736680 0.527497920
i 0.522897212 0.555076808
i 0.568736680 0.555076808
i 0.545816946 0.596445139
i 0.522897212 0.582655696
i 0.568736680 0.582655696
i 0.522897212 0.610234583
i 0.568736680 0.610234583
i 0.545816946 0.651602915
i 0.522897212 0.637813471
i 0.568736680 0.637813471
i 0.522897212 0.665392359
i 0.568736680 0.665392359
i 0.545816946 0.706760690
i 0.522897212 0.692971246
i 0.568736680 0.692971246
i 0.522897212 0.720550134
i 0.568736680 0.720550134
i 0.637495883 0.320656263
i 0.614576149 0.306866819
i 0.660415617 0.306866819
i 0.614576149 0.334445707
i 0.660415617 0.334445707
i 0.637495883 0.375814039
i 0.614576149 0.362024595
i 0.660415617 0.362024595
i 0.614576149 0.389603482
i 0.660415617 0.389603482
i 0.637495883 0.430971814
i 0.614576149 0.417182370
i 0.660415617 0.417182370
i 0.614576149 0.444761258
i 0.660415617 0.444761258
i 0.637495883 0.486129589
i 0.614576149 0.472340145
i 0.660415617 0.472340145
i 0.614576149 0.499919033
i 0.660415617 0.499919033
i 0.637495883 0.541287364
i 0.614576149 0.527497920
i 0.660415617 0.527497920
i 0.614576149 0.555076808
i 0.660415617 0.555076808
i 0.637495883 0.596445139
i 0.614576149 0.582655696
i 0.660415617 0.582655696
i 0.614576149 0.610234583
i 0.660415617 0.610234583
i 0.637495883 0.651602915
i 0.614576149 0.637813471
i 0.660415617 0.637813471
i 0.614576149 0.665392359
i 0.660415617 0.665392359
i 0.637495883 0.706760690
i 0.614576149 0.692971246
i 0.660415617 0.692971246
i 0.614576149 0.720550134
i 0.660415617 0.720550134
i 0.729174820 0.320656263
i 0.706255085 0.306866819
i 0.752094554 0.306866819
i 0.706255085 0.334445707
i 0.752094554 0.334445707
i 0.729174820 0.375814039
i 0.706255085 0.362024595
i 0.752094554 0.362024595
i 0.706255085 0.389603482
i 0.752094554 0.389603482
i 0.729174820 0.430971814
i 0.706255085 0.417182370
i 0.752094554 0.417182370
i 0.706255085 0.444761258
i 0.752094554 0.444761258
i 0.729174820 0.486129589
i 0.706255085 0.472340145
i 0.752094554 0.472340145
i 0.706255085 0.499919033
i 0.752094554 0.499919033
i 0.729174820 0.541287364
i 0.706255085 0.527497920
i 0.752094554 0.527497920
i 0.706255085 0.555076808
i 0.752094554 0.555076808
i 0.729174820 0.596445139
i 0.706255085 0.582655696
i 0.752094554 0.582655696
i 0.706255085 0.610234583
i 0.752094554 0.610234583
i 0.729174820 0.651602915
i 0.706255085 0.637813471
i 0.752094554 0.637813471
i 0.706255085 0.665392359
i 0.752094554 0.665392359
i 0.729174820 0.706760690
i 0.706255085 0.692971246
i 0.752094554 0.692971246
i 0.706255085 0.720550134
i 0.752094554 0.720550134
i 0.820853757 0.320656263
i 0.797934022 0.306866819
i 0.843773491 0.306866819
i 0.797934022 0.334445707
i 0.843773491 0.334445707
i 0.820853757 0.375814039
i 0.797934022 0.362024595
i 0.843773491 0.362024595
i 0.797934022 0.389603482
i 0.843773491 0.389603482
i 0.820853757 0.430971814
i 0.797934022 0.417182370
i 0.843773491 0.417182370
i 0.797934022 0.444761258
i 0.843773491 0.444761258
i 0.820853757 0.486129589
i 0.797934022 0.472340145
i 0.843773491 0.472340145
i 0.797934022 0.499919033
i 0.843773491 0.499919033
i 0.820853757 0.541287364
i 0.797934022 0.527497920
i 0.843773491 0.527497920
i 0.797934022 0.555076808
i 0.843773491 0.555076808
i 0.820853757 0.596445139
i 0.797934022 0.582655696
i 0.843773491 0.582655696
i 0.797934022 0.610234583
i 0.843773491 0.610234583
i 0.820853757 0.651602915
i 0.797934022 0.637813471
i 0.843773491 0.637813471
i 0.797934022 0.665392359
i 0.843773491 0.665392359
i 0.820853757 0.706760690
i 0.797934022 0.692971246
i 0.843773491 0.692971246
i 0.797934022 0.720550134
i 0.843773491 0.720550134
tris
t 85 86 541
t 86 87 541
t 87 88 541
t 88 557 541
t 88 558 557
t 88 89 558
t 89 559 558
t 89 560 559
t 89 90 560
t 90 561 560
t 90 562 561
t 90 91 562
t 91 563 562
t 91 564 563
t 91 92 564
t 92 565 564
t 92 566 565
t 92 93 566
t 93 567 566
t 93 568 567
t 93 94 568
t 94 569 568
t 94 570 569
t 94 95 570
t 95 571 570
t 95 572 571
t 95 96 572
t 96 573 572
t 96 574 573
t 96 97 574
t 97 575 574
t 97 576 575
t 97 98 576
t 98 577 576
t 98 578 577
t 98 99 578
t 99 579 578
t 99 580 579
t 99 100 580
t 100 581 580
t 100 582 581
t 100 101 582
t 101 583 582
t 101 584 583
t 101 102 584
t 102 585 584
t 102 586 585
t 102 103 586
t 103 587 586
t 103 588 587
t 103 104 588
t 104 589 588
t 104 590 589
t 104 105 590
t 105 591 590
t 105 592 591
t 105 106 592
t 106 593 592
t 106 594 593
t 106 107 594
t 107 595 594
t 107 596 595
t 107 108 596
t 108 597 596
t 108 598 597
t 108 109 598
t 109 599 598
t 109 600 599
t 109 110 600
t 110 601 600
t 110 602 601
t 110 111 602
t 111 603 602
t 111 604 603
t 111 112 604
t 112 605 604
t 112 606 605
t 112 113 606
t 113 607 606
t 113 542 607
t 113 114 542
t 114 115 542
t 115 116 542
t 85 541 84
t 84 541 83
t 83 541 82
t 82 541 81
t 81 541 80
t 80 541 79
t 79 541 78
t 78 541 77
t 77 541 76
t 76 541 543
t 116 117 542
t 117 118 542
t 118 119 542
t 119 120 542
t 120 121 542
t 121 122 542
t 122 123 542
t 123 124 542
t 124 125 542
t 125 544 542
t 541 557 543
t 557 608 543
t 557 558 608
t 558 609 608
t 558 559 609
t 559 610 609
t 559 560 610
t 560 611 610
t 560 561 611
t 561 612 611
t 561 562 612
t 562 613 612
t 562 563 613
t 563 614 613
t 563 564 614
t 564 615 614
t 564 565 615
t 565 616 615
t 565 566 616
t 566 617 616
t 566 567 617
t 567 618 617
t 567 568 618
t 568 619 618
t 568 569 619
t 569 620 619
t 569 570 620
t 570 621 620
t 570 571 621
t 571 622 621
t 571 572 622
t 572 623 622
t 572 573 623
t 573 624 623
t 573 574 624
t 574 625 624
t 574 575 625
t 575 626 625
t 575 576 626
t 576 627 626
t 576 577 627
t 577 628 627
t 577 578 628
t 578 629 628
t 578 579 629
t 579 630 629
t 579 580 630
t 580 631 630
t 580 581 631
t 581 632 631
t 581 582 632
t 582 633 632
t 582 583 633
t 583 634 633
t 583 584 634
t 584 635 634
t 584 585 635
t 585 636 635
t 585 586 636
t 586 637 636
t 586 587 637
t 587 638 637
t 587 588 638
t 588 639 638
t 588 589 639
t 589 640 639
t 589 590 640
t 590 641 640
t 590 591 641
t 591 642 641
t 591 592 642
t 592 643 642
t 592 593 643
t 593 644 643
t 593 594 644
t 594 645 644
t 594 595 645
t 595 646 645
t 595 596 646
t 596 647 646
t 596 597 647
t 597 648 647
t 597 598 648
t 598 649 648
t 598 599 649
t 599 650 649
t 599 600 650
t 600 651 650
t 600 601 651
t 601 652 651
t 601 602 652
t 602 653 652
t 602 603 653
t 603 654 653
t 603 604 654
t 604 655 654
t 604 605 655
t 605 656 655
t 605 606 656
t 606 657 656
t 606 607 657
t 607 658 657
t 607 542 658
t 542 544 658
t 76 543 75
t 75 543 74
t 74 543 73
t 73 543 72
t 72 543 71
t 71 543 70
t 70 543 69
t 69 543 68
t 68 543 67
t 67 543 545
t 125 126 544
t 126 127 544
t 127 128 544
t 128 129 544
t 129 130 544
t 130 131 544
t 131 132 544
t 132 133 544
t 133 134 544
t 134 546 544
t 543 608 545
t 608 659 545
t 608 609 659
t 609 660 659
t 609 610 660
t 610 661 660
t 610 611 661
t 611 662 661
t 611 612 662
t 612 663 662
t 612 613 663
t 613 664 663
t 613 614 664
t 614 665 664
t 614 615 665
t 615 666 665
t 615 616 666
t 616 667 666
t 616 617 667
t 617 668 667
t 617 618 668
t 618 669 668
t 618 619 669
t 619 670 669
t 619 620 670
t 620 671 670
t 620 621 671
t 621 672 671
t 621 622 672
t 622 673 672
t 622 623 673
t 623 674 673
t 623 624 674
t 624 675 674
t 624 625 675
t 625 676 675
t 625 626 676
t 626 677 676
t 626 627 677
t 627 678 677
t 627 628 678
t 628 679 678
t 628 629 679
t 629 680 679
t 629 630 680
t 630 681 680
t 630 631 681
t 631 682 681
t 631 632 682
t 632 683 682
t 632 633 683
t 633 684 683
t 633 634 684
t 634 685 684
t 634 635 685
t 635 686 685
t 635 636 686
t 636 687 686
t 636 637 687
t 637 688 687
t 637 638 688
t 638 689 688
t 638 639 689
t 639 690 689
t 639 640 690
t 640 691 690
t 640 641 691
t 641 692 691
t 641 642 692
t 642 693 692
t 642 643 693
t 643 694 693
t 643 644 694
t 644 695 694
t 644 645 695
t 645 696 695
t 645 646 696
t 646 697 696
t 646 647 697
t 647 698 697
t 647 648 698
t 648 699 698
t 648 649 699
t 649 700 699
t 649 650 700
t 650 701 700
t 650 651 701
t 651 702 701
t 651 652 702
t 652 703 702
t 652 653 703
t 653 704 703
t 653 654 704
t 654 705 704
t 654 655 705
t 655 706 705
t 655 656 706
t 656 707 706
t 656 657 707
t 657 708 707
t 657 658 708
t 658 709 708
t 658 544 709
t 544 710 709
t 544 711 710
t 544 546 711
t 67 545 66
t 66 545 65
t 65 545 64
t 64 545 63
t 63 545 62
t 62 545 61
t 61 545 60
t 60 545 547
t 134 135 546
t 135 136 546
t 136 137 546
t 137 138 546
t 138 139 546
t 139 140 546
t 140 141 546
t 141 548 546
t 545 659 547
t 659 712 547
t 659 660 712
t 660 713 712
t 660 661 713
t 661 714 713
t 661 662 714
t 662 715 714
t 662 663 715
t 663 716 715
t 663 664 716
t 664 717 716
t 664 665 717
t 665 718 717
t 665 666 718
t 666 719 718
t 666 667 719
t 667 720 719
t 667 668 720
t 668 721 720
t 668 669 721
t 669 722 721
t 669 670 722
t 670 723 722
t 670 671 723
t 671 724 723
t 671 672 724
t 672 725 724
t 672 673 725
t 673 726 725
t 673 674 726
t 674 727 726
t 674 675 727
t 675 728 727
t 675 676 728
t 676 729 728
t 676 677 729
t 677 730 729
t 677 678 730
t 678 731 730
t 678 679 731
t 679 732 731
t 679 680 732
t 680 733 732
t 680 681 733
t 681 734 733
t 681 682 734
t 682 735 734
t 682 683 735
t 683 736 735
t 683 684 736
t 684 737 736
t 684 685 737
t 685 738 737
t 685 686 738
t 686 739 738
t 686 687 739
t 687 740 739
t 687 688 740
t 688 741 740
t 688 689 741
t 689 742 741
t 689 690 742
t 690 743 742
t 690 691 743
t 691 744 743
t 691 692 744
t 692 745 744
t 692 693 745
t 693 746 745
t 693 694 746
t 694 747 746
t 694 695 747
t 695 748 747
t 695 696 748
t 696 749 748
t 696 697 749
t 697 750 749
t 697 698 750
t 698 751 750
t 698 699 751
t 699 752 751
t 699 700 752
t 700 753 752
t 700 701 753
t 701 754 753
t 701 702 754
t 702 755 754
t 702 703 755
t 703 756 755
t 703 704 756
t 704 757 756
t 704 705 757
t 705 758 757
t 705 706 758
t 706 759 758
t 706 707 759
t 707 760 759
t 707 708 760
t 708 761 760
t 708 709 761
t 709 762 761
t 709 710 762
t 710 763 762
t 710 711 763
t 711 764 763
t 711 546 764
t 546 548 764
t 60 547 59
t 59 547 58
t 58 547 57
t 57 547 56
t 56 547 55
t 55 547 54
t 54 547 53
t 53 547 549
t 141 142 548
t 142 143 548
t 143 144 548
t 144 145 548
t 145 146 548
t 146 147 548
t 147 148 548
t 148 550 548
t 547 712 549
t 712 765 549
t 712 713 765
t 713 766 765
t 713 714 766
t 714 767 766
t 714 715 767
t 715 768 767
t 715 716 768
t 716 769 768
t 716 717 769
t 717 770 769
t 717 718 770
t 718 771 770
t 718 719 771
t 719 772 771
t 719 720 772
t 720 773 772
t 720 721 773
t 721 774 773
t 721 722 774
t 722 775 774
t 722 723 775
t 723 776 775
t 723 724 776
t 724 777 776
t 724 725 777
t 725 778 777
t 725 726 778
t 726 779 778
t 726 727 779
t 727 780 779
t 727 728 780
t 728 781 780
t 728 729 781
t 729 782 781
t 729 730 782
t 730 783 782
t 730 731 783
t 731 784 783
t 731 732 784
t 732 785 784
t 732 733 785
t 733 786 785
t 733 734 786
t 734 787 786
t 734 735 787
t 735 788 787
t 735 736 788
t 736 789 788
t 736 737 789
t 737 790 789
t 737 738 790
t 738 791 790
t 738 739 791
t 739 792 791
t 739 740 792
t 740 793 792
t 740 741 793
t 741 794 793
t 741 742 794
t 742 795 794
t 742 743 795
t 743 796 795
t 743 744 796
t 744 797 796
t 744 745 797
t 745 798 797
t 745 746 798
t 746 799 798
t 746 747 799
t 747 800 799
t 747 748 800
t 748 801 800
t 748 749 801
t 749 802 801
t 749 750 802
t 750 803 802
t 750 751 803
t 751 804 803
t 751 752 804
t 752 805 804
t 752 753 805
t 753 806 805
t 753 754 806
t 754 807 806
t 754 755 807
t 755 808 807
t 755 756 808
t 756 809 808
t 756 757 809
t 757 810 809
t 757 758 810
t 758 811 810
t 758 759 811
t 759 812 811
t 759 760 812
t 760 813 812
t 760 761 813
t 761 814 813
t 761 762 814
t 762 815 814
t 762 763 815
t 763 816 815
t 763 764 816
t 764 817 816
t 764 548 817
t 548 550 817
t 53 549 52
t 52 549 51
t 51 549 50
t 50 549 49
t 49 549 48
t 48 549 47
t 47 549 551
t 148 149 550
t 149 150 550
t 150 151 550
t 151 152 550
t 152 153 550
t 153 154 550
t 154 552 550
t 549 765 551
t 765 818 551
t 765 766 818
t 766 819 818
t 766 767 819
t 767 820 819
t 767 768 820
t 768 821 820
t 768 769 821
t 769 822 821
t 769 770 822
t 770 823 822
t 770 771 823
t 771 824 823
t 771 772 824
t 772 825 824
t 772 773 825
t 773 826 825
t 773 774 826
t 774 827 826
t 774 775 827
t 775 828 827
t 775 776 828
t 776 829 828
t 776 777 829
t 777 830 829
t 777 778 830
t 778 831 830
t 778 779 831
t 779 832 831
t 779 780 832
t 780 833 832
t 780 781 833
t 781 834 833
t 781 782 834
t 782 835 834
t 782 783 835
t 783 836 835
t 783 784 836
t 784 837 836
t 784 785 837
t 785 838 837
t 785 786 838
t 786 839 838
t 786 787 839
t 787 840 839
t 787 788 840
t 788 841 840
t 788 789 841
t 789 842 841
t 789 790 842
t 790 843 842
t 790 791 843
t 791 844 843
t 791 792 844
t 792 845 844
t 792 793 845
t 793 846 845
t 793 794 846
t 794 847 846
t 794 795 847
t 795 848 847
t 795 796 848
t 796 849 848
t 796 797 849
t 797 850 849
t 797 798 850
t 798 851 850
t 798 799 851
t 799 852 851
t 799 800 852
t 800 853 852
t 800 801 853
t 801 854 853
t 801 802 854
t 802 855 854
t 802 803 855
t 803 856 855
t 803 804 856
t 804 857 856
t 804 805 857
t 805 858 857
t 805 806 858
t 806 859 858
t 806 807 859
t 807 860 859
t 807 808 860
t 808 861 860
t 808 809 861
t 809 862 861
t 809 810 862
t 810 863 862
t 810 811 863
t 811 864 863
t 811 812 864
t 812 865 864
t 812 813 865
t 813 866 865
t 813 814 866
t 814 867 866
t 814 815 867
t 815 868 867
t 815 816 868
t 816 869 868
t 816 817 869
t 817 870 869
t 817 550 870
t 550 552 870
t 47 551 46
t 46 551 45
t 45 551 44
t 44 551 43
t 43 551 42
t 42 551 41
t 41 551 553
t 154 155 552
t 155 156 552
t 156 157 552
t 157 158 552
t 158 159 552
t 159 160 552
t 160 554 552
t 551 818 553
t 818 871 553
t 818 819 871
t 819 872 871
t 819 820 872
t 820 873 872
t 820 821 873
t 821 874 873
t 821 822 874
t 822 875 874
t 822 823 875
t 823 876 875
t 823 824 876
t 824 877 876
t 824 825 877
t 825 878 877
t 825 826 878
t 826 879 878
t 826 827 879
t 827 880 879
t 827 828 880
t 828 881 880
t 828 829 881
t 829 882 881
t 829 830 882
t 830 883 882
t 830 831 883
t 831 884 883
t 831 832 884
t 832 885 884
t 832 833 885
t 833 886 885
t 833 834 886
t 834 887 886
t 834 835 887
t 835 888 887
t 835 836 888
t 836 889 888
t 836 837 889
t 837 890 889
t 837 838 890
t 838 891 890
t 838 839 891
t 839 892 891
t 839 840 892
t 840 893 892
t 840 841 893
t 841 894 893
t 841 842 894
t 842 895 894
t 842 843 895
t 843 896 895
t 843 844 896
t 844 897 896
t 844 845 897
t 845 898 897
t 845 846 898
t 846 899 898
t 846 847 899
t 847 900 899
t 847 848 900
t 848 901 900
t 848 849 901
t 849 902 901
t 849 850 902
t 850 903 902
t 850 851 903
t 851 904 903
t 851 852 904
t 852 905 904
t 852 853 905
t 853 906 905
t 853 854 906
t 854 907 906
t 854 855 907
t 855 908 907
t 855 856 908
t 856 909 908
t 856 857 909
t 857 910 909
t 857 858 910
t 858 911 910
t 858 859 911
t 859 912 911
t 859 860 912
t 860 913 912
t 860 861 913
t 861 914 913
t 861 862 914
t 862 915 914
t 862 863 915
t 863 916 915
t 863 864 916
t 864 917 916
t 864 865 917
t 865 918 917
t 865 866 918
t 866 919 918
t 866 867 919
t 867 920 919
t 867 868 920
t 868 921 920
t 868 869 921
t 869 922 921
t 869 870 922
t 870 923 922
t 870 552 923
t 552 554 923
t 41 553 40
t 40 553 39
t 39 553 38
t 38 553 37
t 37 553 36
t 36 553 555
t 160 161 554
t 161 162 554
t 162 163 554
t 163 164 554
t 164 165 554
t 165 556 554
t 553 871 555
t 871 924 555
t 871 872 924
t 872 925 924
t 872 873 925
t 873 926 925
t 873 874 926
t 874 927 926
t 874 875 927
t 875 928 927
t 875 876 928
t 876 929 928
t 876 877 929
t 877 930 929
t 877 878 930
t 878 931 930
t 878 879 931
t 879 932 931
t 879 880 932
t 880 933 932
t 880 881 933
t 881 934 933
t 881 882 934
t 882 935 934
t 882 883 935
t 883 936 935
t 883 884 936
t 884 937 936
t 884 885 937
t 885 938 937
t 885 886 938
t 886 939 938
t 886 887 939
t 887 940 939
t 887 888 940
t 888 941 940
t 888 889 941
t 889 942 941
t 889 890 942
t 890 943 942
t 890 891 943
t 891 944 943
t 891 892 944
t 892 945 944
t 892 893 945
t 893 946 945
t 893 894 946
t 894 947 946
t 894 895 947
t 895 948 947
t 895 896 948
t 896 949 948
t 896 897 949
t 897 950 949
t 897 898 950
t 898 951 950
t 898 899 951
t 899 952 951
t 899 900 952
t 900 953 952
t 900 901 953
t 901 954 953
t 901 902 954
t 902 955 954
t 902 903 955
t 903 956 955
t 903 904 956
t 904 957 956
t 904 905 957
t 905 958 957
t 905 906 958
t 906 959 958
t 906 907 959
t 907 960 959
t 907 908 960
t 908 961 960
t 908 909 961
t 909 962 961
t 909 910 962
t 910 963 962
t 910 911 963
t 911 964 963
t 911 912 964
t 912 965 964
t 912 913 965
t 913 966 965
t 913 914 966
t 914 967 966
t 914 915 967
t 915 968 967
t 915 916 968
t 916 969 968
t 916 917 969
t 917 970 969
t 917 918 970
t 918 971 970
t 918 919 971
t 919 972 971
t 919 920 972
t 920 973 972
t 920 921 973
t 921 974 973
t 921 922 974
t 922 975 974
t 922 923 975
t 923 976 975
t 923 554 976
t 554 556 976
t 36 555 35
t 35 555 34
t 34 555 33
t 33 555 32
t 32 555 31
t 31 555 30
t 165 166 556
t 166 167 556
t 167 168 556
t 168 169 556
t 169 170 556
t 170 171 556
t 555 29 30
t 555 28 29
t 555 924 28
t 924 925 28
t 925 27 28
t 925 926 27
t 926 927 27
t 927 26 27
t 927 928 26
t 928 929 26
t 929 25 26
t 929 930 25
t 930 931 25
t 931 24 25
t 931 932 24
t 932 933 24
t 933 23 24
t 933 934 23
t 934 935 23
t 935 22 23
t 935 936 22
t 936 937 22
t 937 21 22
t 937 938 21
t 938 939 21
t 939 20 21
t 939 940 20
t 940 941 20
t 941 19 20
t 941 942 19
t 942 943 19
t 943 18 19
t 943 944 18
t 944 945 18
t 945 17 18
t 945 946 17
t 946 947 17
t 947 16 17
t 947 948 16
t 948 949 16
t 949 15 16
t 949 950 15
t 950 951 15
t 951 14 15
t 951 952 14
t 952 953 14
t 953 13 14
t 953 954 13
t 954 955 13
t 955 12 13
t 955 956 12
t 956 957 12
t 957 11 12
t 957 958 11
t 958 959 11
t 959 10 11
t 959 960 10
t 960 961 10
t 961 9 10
t 961 962 9
t 962 963 9
t 963 8 9
t 963 964 8
t 964 965 8
t 965 7 8
t 965 966 7
t 966 967 7
t 967 6 7
t 967 968 6
t 968 969 6
t 969 5 6
t 969 970 5
t 970 971 5
t 971 4 5
t 971 972 4
t 972 973 4
t 973 3 4
t 973 974 3
t 974 975 3
t 975 2 3
t 975 976 2
t 976 556 2
t 556 1 2
t 556 0 1
t 556 171 0
