type=Cone forward=true n_boundary=197 n_holes=0 n_interior=99 n_tris=294 label=brep32629_f52_Cone
boundary
b 2.191587806 0.018004083
b 2.192044563 0.018016297
b 2.192496265 0.018036592
b 2.192943048 0.018064917
b 2.193385047 0.018101220
b 2.193822396 0.018145452
b 2.194255230 0.018197561
b 2.194683685 0.018257497
b 2.195107895 0.018325208
b 2.195527995 0.018400644
b 2.195944120 0.018483753
b 2.196356406 0.018574486
b 2.196764986 0.018672791
b 2.197169996 0.018778617
b 2.197571396 0.018891904
b 2.197968820 0.019012577
b 2.198361862 0.019140556
b 2.198750114 0.019275763
b 2.199133171 0.019418120
b 2.199510626 0.019567548
b 2.199882073 0.019723968
b 2.200247105 0.019887303
b 2.200605318 0.020057473
b 2.200956303 0.020234401
b 2.201299655 0.020418007
b 2.201634968 0.020608214
b 2.201961835 0.020804942
b 2.202279854 0.021008109
b 2.202588722 0.021217546
b 2.202888233 0.021432995
b 2.203178186 0.021654192
b 2.203458379 0.021880878
b 2.203728613 0.022112789
b 2.203988685 0.022349665
b 2.204238394 0.022591243
b 2.204477540 0.022837262
b 2.204705921 0.023087459
b 2.204923336 0.023341573
b 2.205129584 0.023599343
b 2.205324464 0.023860506
b 2.205507774 0.024124801
b 2.205679318 0.024391990
b 2.205838947 0.024662050
b 2.205986534 0.024935070
b 2.206121951 0.025211138
b 2.206245073 0.025490341
b 2.206355772 0.025772768
b 2.206453921 0.026058508
b 2.206539395 0.026347649
b 2.206612067 0.026640279
b 2.206671810 0.026936487
b 2.206718497 0.027236362
b 2.206752001 0.027539991
b 2.206772197 0.027847462
b 2.206778957 0.028158866
b 2.172197281 0.018000000
b 2.171936678 0.017320248
b 2.171674290 0.016641425
b 2.171410100 0.015963530
b 2.171144090 0.015286563
b 2.170876242 0.014610524
b 2.170606540 0.013935412
b 2.170334963 0.013261226
b 2.170061495 0.012587967
b 2.169786117 0.011915634
b 2.169508809 0.011244225
b 2.169229553 0.010573742
b 2.168948330 0.009904183
b 2.168665119 0.009235548
b 2.168379902 0.008567837
b 2.168092657 0.007901048
b 2.167803365 0.007235182
b 2.167512004 0.006570238
b 2.167218554 0.005906216
b 2.166922994 0.005243115
b 2.166625302 0.004580936
b 2.166325456 0.003919682
b 2.166023434 0.003259355
b 2.165719214 0.002599957
b 2.165412774 0.001941490
b 2.165104090 0.001283956
b 2.164793140 0.000627357
b 2.164479900 -0.000028304
b 2.164164345 -0.000683025
b 2.163846453 -0.001336805
b 2.163526198 -0.001989641
b 2.163203556 -0.002641530
b 2.162878502 -0.003292472
b 2.162551010 -0.003942463
b 2.162221054 -0.004591501
b 2.161888609 -0.005239585
b 2.161553648 -0.005886712
b 2.161216144 -0.006532880
b 2.160876070 -0.007178088
b 2.160533397 -0.007822336
b 2.160188096 -0.008465624
b 2.159840139 -0.009107953
b 2.159489495 -0.009749323
b 2.159136134 -0.010389734
b 2.158780026 -0.011029187
b 2.158421140 -0.011667681
b 2.158059443 -0.012305218
b 2.157694905 -0.012941797
b 2.157327493 -0.013577420
b 2.156957174 -0.014212085
b 2.156583914 -0.014845793
b 2.156207679 -0.015478546
b 2.155828435 -0.016110343
b 2.155446147 -0.016741184
b 2.155060779 -0.017371069
b 2.154672295 -0.018000000
b 2.156413538 -0.018000000
b 2.158154781 -0.018000000
b 2.159896025 -0.018000000
b 2.161637268 -0.018000000
b 2.163378511 -0.018000000
b 2.165119754 -0.018000000
b 2.166860997 -0.018000000
b 2.168602241 -0.018000000
b 2.170343484 -0.018000000
b 2.172084727 -0.018000000
b 2.173825970 -0.018000000
b 2.175567214 -0.018000000
b 2.177308457 -0.018000000
b 2.179049700 -0.018000000
b 2.180790943 -0.018000000
b 2.182532187 -0.018000000
b 2.184273430 -0.018000000
b 2.186014673 -0.018000000
b 2.187755916 -0.018000000
b 2.189497160 -0.018000000
b 2.191238403 -0.018000000
b 2.192979646 -0.018000000
b 2.194720889 -0.018000000
b 2.196462132 -0.018000000
b 2.198203376 -0.018000000
b 2.199944619 -0.018000000
b 2.201685862 -0.018000000
b 2.203427105 -0.018000000
b 2.205168349 -0.018000000
b 2.206909592 -0.018000000
b 2.208650835 -0.018000000
b 2.208262966 -0.017372069
b 2.207878179 -0.016743147
b 2.207496438 -0.016113233
b 2.207117710 -0.015482326
b 2.206741958 -0.014850426
b 2.206369151 -0.014217533
b 2.205999254 -0.013583648
b 2.205632236 -0.012948768
b 2.205268063 -0.012312895
b 2.204906704 -0.011676027
b 2.204548128 -0.011038165
b 2.204192304 -0.010399309
b 2.203839202 -0.009759457
b 2.203488792 -0.009118610
b 2.203141044 -0.008476768
b 2.202795929 -0.007833929
b 2.202453418 -0.007190095
b 2.202113484 -0.006545264
b 2.201776099 -0.005899436
b 2.201441234 -0.005252613
b 2.201108866 -0.004604797
b 2.200778966 -0.003955989
b 2.200451510 -0.003306192
b 2.200126473 -0.002655407
b 2.199803828 -0.002003638
b 2.199483553 -0.001350885
b 2.199165622 -0.000697151
b 2.198850012 -0.000042438
b 2.198536698 0.000613253
b 2.198225658 0.001269918
b 2.197916868 0.001927556
b 2.197610305 0.002586166
b 2.197305948 0.003245744
b 2.197003773 0.003906289
b 2.196703759 0.004567799
b 2.196405885 0.005230271
b 2.196110128 0.005893705
b 2.195816469 0.006558098
b 2.195524885 0.007223451
b 2.195235356 0.007889764
b 2.194947862 0.008557038
b 2.194662384 0.009225274
b 2.194378900 0.009894471
b 2.194097392 0.010564630
b 2.193817840 0.011235752
b 2.193540226 0.011907836
b 2.193264530 0.012580884
b 2.192990735 0.013254896
b 2.192718821 0.013929872
b 2.192448770 0.014605813
b 2.192180566 0.015282718
b 2.191914190 0.015960589
b 2.191649625 0.016639427
b 2.191386854 0.017319230
b 2.191125859 0.018000000
interior
i 2.159170507 -0.015115071
i 2.163668718 -0.015115071
i 2.168166930 -0.015115071
i 2.172665142 -0.015115071
i 2.177163353 -0.015115071
i 2.181661565 -0.015115071
i 2.186159777 -0.015115071
i 2.190657988 -0.015115071
i 2.195156200 -0.015115071
i 2.199654412 -0.015115071
i 2.204152623 -0.015115071
i 2.159170507 -0.012230142
i 2.163668718 -0.012230142
i 2.168166930 -0.012230142
i 2.172665142 -0.012230142
i 2.177163353 -0.012230142
i 2.181661565 -0.012230142
i 2.186159777 -0.012230142
i 2.190657988 -0.012230142
i 2.195156200 -0.012230142
i 2.199654412 -0.012230142
i 2.204152623 -0.012230142
i 2.163668718 -0.009345213
i 2.168166930 -0.009345213
i 2.172665142 -0.009345213
i 2.177163353 -0.009345213
i 2.181661565 -0.009345213
i 2.186159777 -0.009345213
i 2.190657988 -0.009345213
i 2.195156200 -0.009345213
i 2.199654412 -0.009345213
i 2.163668718 -0.006460284
i 2.168166930 -0.006460284
i 2.172665142 -0.006460284
i 2.177163353 -0.006460284
i 2.181661565 -0.006460284
i 2.186159777 -0.006460284
i 2.190657988 -0.006460284
i 2.195156200 -0.006460284
i 2.199654412 -0.006460284
i 2.163668718 -0.003575355
i 2.168166930 -0.003575355
i 2.172665142 -0.003575355
i 2.177163353 -0.003575355
i 2.181661565 -0.003575355
i 2.186159777 -0.003575355
i 2.190657988 -0.003575355
i 2.195156200 -0.003575355
i 2.199654412 -0.003575355
i 2.168166930 -0.000690425
i 2.172665142 -0.000690425
i 2.177163353 -0.000690425
i 2.181661565 -0.000690425
i 2.186159777 -0.000690425
i 2.190657988 -0.000690425
i 2.195156200 -0.000690425
i 2.168166930 0.002194504
i 2.172665142 0.002194504
i 2.177163353 0.002194504
i 2.181661565 0.002194504
i 2.186159777 0.002194504
i 2.190657988 0.002194504
i 2.195156200 0.002194504
i 2.168166930 0.005079433
i 2.172665142 0.005079433
i 2.177163353 0.005079433
i 2.181661565 0.005079433
i 2.186159777 0.005079433
i 2.190657988 0.005079433
i 2.195156200 0.005079433
i 2.172665142 0.007964362
i 2.177163353 0.007964362
i 2.181661565 0.007964362
i 2.186159777 0.007964362
i 2.190657988 0.007964362
i 2.172665142 0.010849291
i 2.177163353 0.010849291
i 2.181661565 0.010849291
i 2.186159777 0.010849291
i 2.190657988 0.010849291
i 2.172665142 0.013734220
i 2.177163353 0.013734220
i 2.181661565 0.013734220
i 2.186159777 0.013734220
i 2.190657988 0.013734220
i 2.172665142 0.016619149
i 2.177163353 0.016619149
i 2.181661565 0.016619149
i 2.186159777 0.016619149
i 2.190657988 0.016619149
i 2.181661565 0.019504078
i 2.186159777 0.019504078
i 2.190657988 0.019504078
i 2.195156200 0.019504078
i 2.190657988 0.022389007
i 2.195156200 0.022389007
i 2.199654412 0.022389007
i 2.199654412 0.025273936
i 2.204152623 0.025273936
tris
t 295 0 1
t 1 2 3
t 3 4 5
t 5 6 7
t 7 8 9
t 9 10 11
t 11 12 13
t 13 14 15
t 15 16 17
t 17 18 19
t 19 20 21
t 21 22 23
t 23 24 25
t 25 26 27
t 27 28 29
t 29 30 31
t 31 32 33
t 33 34 35
t 35 36 37
t 37 38 39
t 39 40 41
t 41 42 43
t 43 44 45
t 45 46 47
t 47 48 49
t 49 50 51
t 51 52 53
t 53 54 55
t 109 110 111
t 140 141 142
t 206 207 208
t 217 218 219
t 226 227 228
t 235 236 237
t 244 245 246
t 251 252 253
t 258 259 260
t 265 266 267
t 270 271 272
t 275 276 277
t 280 281 282
t 285 286 287
t 289 290 291
t 292 293 294
t 295 1 3
t 3 5 7
t 7 9 11
t 11 13 15
t 15 17 19
t 19 21 23
t 23 25 27
t 27 29 31
t 31 33 35
t 35 37 39
t 39 41 43
t 43 45 47
t 47 49 51
t 51 53 55
t 108 109 111
t 139 140 142
t 205 206 208
t 216 217 219
t 225 226 228
t 234 235 237
t 243 244 246
t 250 251 253
t 257 258 260
t 264 265 267
t 269 270 272
t 274 275 277
t 279 280 282
t 284 285 287
t 288 289 291
t 291 292 294
t 295 3 7
t 7 11 15
t 15 19 23
t 23 27 31
t 31 35 39
t 39 43 47
t 107 108 111
t 138 139 142
t 195 196 197
t 204 205 208
t 215 216 219
t 224 225 228
t 233 234 237
t 242 243 246
t 249 250 253
t 256 257 260
t 263 264 267
t 268 269 272
t 273 274 277
t 278 279 282
t 283 284 287
t 287 288 291
t 295 7 15
t 15 23 31
t 31 39 47
t 106 107 111
t 137 138 142
t 194 195 197
t 203 204 208
t 214 215 219
t 223 224 228
t 232 233 237
t 241 242 246
t 248 249 253
t 255 256 260
t 262 263 267
t 267 268 272
t 272 273 277
t 277 278 282
t 282 283 287
t 295 15 31
t 31 47 51
t 105 106 111
t 136 137 142
t 202 203 208
t 213 214 219
t 222 223 228
t 231 232 237
t 240 241 246
t 247 248 253
t 254 255 260
t 261 262 267
t 295 31 51
t 104 105 111
t 135 136 142
t 201 202 208
t 212 213 219
t 221 222 228
t 230 231 237
t 239 240 246
t 246 247 253
t 253 254 260
t 260 261 267
t 294 295 51
t 103 104 111
t 134 135 142
t 200 201 208
t 211 212 219
t 220 221 228
t 229 230 237
t 238 239 246
t 260 267 272
t 294 51 55
t 102 103 111
t 133 134 142
t 193 194 197
t 199 200 208
t 210 211 219
t 219 220 228
t 228 229 237
t 237 238 246
t 260 272 277
t 291 294 55
t 101 102 111
t 132 133 142
t 192 193 197
t 198 199 208
t 209 210 219
t 237 246 253
t 260 277 282
t 287 291 55
t 100 101 111
t 131 132 142
t 191 192 197
t 197 198 208
t 208 209 219
t 237 253 260
t 282 287 55
t 99 100 111
t 130 131 142
t 190 191 197
t 208 219 228
t 237 260 282
t 282 55 56
t 98 99 111
t 129 130 142
t 189 190 197
t 208 228 237
t 282 56 57
t 97 98 111
t 128 129 142
t 188 189 197
t 208 237 282
t 282 57 58
t 96 97 111
t 127 128 142
t 187 188 197
t 282 58 59
t 95 96 111
t 126 127 142
t 186 187 197
t 282 59 60
t 94 95 111
t 125 126 142
t 185 186 197
t 282 60 61
t 93 94 111
t 124 125 142
t 184 185 197
t 282 61 62
t 92 93 111
t 123 124 142
t 183 184 197
t 282 62 63
t 91 92 111
t 122 123 142
t 182 183 197
t 282 63 64
t 90 91 111
t 121 122 142
t 181 182 197
t 282 64 65
t 89 90 111
t 120 121 142
t 180 181 197
t 282 65 66
t 88 89 111
t 119 120 142
t 179 180 197
t 282 66 67
t 87 88 111
t 118 119 142
t 178 179 197
t 282 67 68
t 86 87 111
t 117 118 142
t 177 178 197
t 282 68 69
t 85 86 111
t 116 117 142
t 176 177 197
t 282 69 70
t 84 85 111
t 115 116 142
t 175 176 197
t 282 70 71
t 83 84 111
t 114 115 142
t 174 175 197
t 282 71 72
t 82 83 111
t 113 114 142
t 173 174 197
t 282 72 73
t 81 82 111
t 112 113 142
t 172 173 197
t 208 282 73
t 80 81 111
t 111 112 142
t 171 172 197
t 208 73 74
t 79 80 111
t 111 142 143
t 170 171 197
t 208 74 75
t 78 79 111
t 111 143 144
t 169 170 197
t 208 75 76
t 77 78 111
t 111 144 145
t 168 169 197
t 208 76 77
t 111 145 146
t 167 168 197
t 208 77 111
t 111 146 147
t 166 167 197
t 197 208 111
t 111 147 148
t 165 166 197
t 197 111 148
t 164 165 197
t 197 148 149
t 163 164 197
t 197 149 150
t 162 163 197
t 197 150 151
t 161 162 197
t 197 151 152
t 160 161 197
t 197 152 153
t 159 160 197
t 197 153 154
t 158 159 197
t 197 154 155
t 157 158 197
t 197 155 156
t 156 157 197
