type=Nurbs forward=true n_boundary=196 n_holes=0 n_interior=369 n_tris=440 label=brep47598_f10_Nurbs(deg=3/3, cps=4x9)
boundary
b 0.200713645 0.461734085
b 0.199707724 0.455713312
b 0.198730913 0.449754970
b 0.197783795 0.443859120
b 0.196866219 0.438025947
b 0.195977469 0.432255757
b 0.195116417 0.426548976
b 0.194281678 0.420906150
b 0.193471749 0.415327940
b 0.192685142 0.409815127
b 0.191920512 0.404368600
b 0.191177210 0.398989363
b 0.190458340 0.393677984
b 0.189773033 0.388432910
b 0.189129427 0.383252100
b 0.188532974 0.378133578
b 0.187986588 0.373075442
b 0.187490803 0.368075863
b 0.187043907 0.363133096
b 0.186642090 0.358245479
b 0.186279577 0.353411439
b 0.185948761 0.348629493
b 0.185640410 0.343898252
b 0.185347227 0.339216505
b 0.185071021 0.334583477
b 0.184814994 0.329998532
b 0.184581406 0.325461076
b 0.184371646 0.320970564
b 0.184186295 0.316526496
b 0.184025188 0.312128423
b 0.183887480 0.307775944
b 0.183771697 0.303468709
b 0.183675800 0.299206418
b 0.183597235 0.294988821
b 0.183534743 0.290815523
b 0.183492410 0.286685374
b 0.183474464 0.282597055
b 0.183483842 0.278549269
b 0.183522246 0.274540751
b 0.183590199 0.270570264
b 0.183687099 0.266636606
b 0.183811266 0.262738607
b 0.183960000 0.258875134
b 0.184129625 0.255045092
b 0.184315539 0.251247422
b 0.184513293 0.247481318
b 0.184722149 0.243746845
b 0.184942433 0.240044304
b 0.185174504 0.236374019
b 0.185418778 0.232736335
b 0.185675732 0.229131619
b 0.185945923 0.225560259
b 0.186229999 0.222022664
b 0.186528709 0.218519264
b 0.186842913 0.215050509
b 0.187173594 0.211616870
b 0.199729725 0.211630943
b 0.212107374 0.211645755
b 0.224319185 0.211661309
b 0.236377610 0.211677608
b 0.248294903 0.211694657
b 0.260083114 0.211712458
b 0.271754093 0.211731014
b 0.283319484 0.211750329
b 0.294790728 0.211770407
b 0.306179059 0.211791249
b 0.317495510 0.211812859
b 0.328750914 0.211835239
b 0.339955901 0.211858392
b 0.351120904 0.211882321
b 0.362256156 0.211907027
b 0.373371695 0.211932514
b 0.384477357 0.211958783
b 0.395582783 0.211985837
b 0.406696913 0.212013676
b 0.417822741 0.212042286
b 0.428959389 0.212071642
b 0.440105782 0.212101721
b 0.451260730 0.212132497
b 0.462422944 0.212163945
b 0.473591053 0.212196039
b 0.484763625 0.212228754
b 0.495939181 0.212262062
b 0.507116219 0.212295939
b 0.518293226 0.212330355
b 0.529468704 0.212365286
b 0.540641180 0.212400702
b 0.551809231 0.212436577
b 0.562971500 0.212472881
b 0.574126714 0.212509588
b 0.585273701 0.212546667
b 0.596411411 0.212584091
b 0.607538990 0.212621830
b 0.618659448 0.212659867
b 0.629781724 0.212698206
b 0.640915458 0.212736849
b 0.652070496 0.212775800
b 0.663256889 0.212815064
b 0.674484891 0.212854644
b 0.685764962 0.212894543
b 0.697107769 0.212934765
b 0.708524184 0.212975312
b 0.720025290 0.213016189
b 0.731622380 0.213057398
b 0.743326960 0.213098942
b 0.755150746 0.213140824
b 0.767105671 0.213183047
b 0.779203878 0.213225614
b 0.791457721 0.213268526
b 0.803879763 0.213311786
b 0.816482766 0.213355396
b 0.816482273 0.216773456
b 0.816481079 0.220226007
b 0.816479545 0.223712606
b 0.816477983 0.227232833
b 0.816476653 0.230786284
b 0.816475769 0.234372576
b 0.816475496 0.237991346
b 0.816475958 0.241642250
b 0.816477232 0.245324969
b 0.816479357 0.249039200
b 0.816482323 0.252784664
b 0.816485891 0.256561309
b 0.816489538 0.260369935
b 0.816492781 0.264211585
b 0.816495237 0.268087338
b 0.816496632 0.271998312
b 0.816496800 0.275945658
b 0.816495699 0.279930559
b 0.816493413 0.283954233
b 0.816490160 0.288017926
b 0.816486300 0.292122912
b 0.816482336 0.296270491
b 0.816478806 0.300461793
b 0.816475894 0.304697202
b 0.816473669 0.308976960
b 0.816472170 0.313301355
b 0.816471418 0.317670725
b 0.816471415 0.322085457
b 0.816472155 0.326545987
b 0.816473627 0.331052797
b 0.816475818 0.335606418
b 0.816478723 0.340207425
b 0.816482347 0.344856435
b 0.816486704 0.349554203
b 0.816491524 0.354301905
b 0.816496267 0.359100895
b 0.816500425 0.363952616
b 0.816503543 0.368858602
b 0.816505224 0.373820473
b 0.816505129 0.378839932
b 0.816502979 0.383918762
b 0.816498558 0.389058824
b 0.816491711 0.394262048
b 0.816482335 0.399530432
b 0.816471139 0.404865505
b 0.816461149 0.410266755
b 0.816453958 0.415733243
b 0.816450348 0.421264148
b 0.816450609 0.426858765
b 0.816454554 0.432516511
b 0.816461524 0.438236924
b 0.816470393 0.444019667
b 0.816479575 0.449864532
b 0.816487022 0.455771437
b 0.816490227 0.461740429
b 0.795544684 0.461734521
b 0.774811927 0.461734502
b 0.754274861 0.461734483
b 0.733917216 0.461734464
b 0.713723243 0.461734445
b 0.693677661 0.461734427
b 0.673765610 0.461734408
b 0.653972603 0.461734390
b 0.634284486 0.461734372
b 0.614687392 0.461734354
b 0.595167704 0.461734337
b 0.575712015 0.461734320
b 0.556307090 0.461734303
b 0.536939833 0.461734287
b 0.517597246 0.461734271
b 0.498266398 0.461734256
b 0.478934392 0.461734241
b 0.459588323 0.461734227
b 0.440215253 0.461734213
b 0.420802168 0.461734199
b 0.401335950 0.461734186
b 0.381803337 0.461734174
b 0.362190884 0.461734162
b 0.342484934 0.461734151
b 0.322671572 0.461734141
b 0.302736584 0.461734131
b 0.282665422 0.461734122
b 0.262443153 0.461734113
b 0.242054416 0.461734105
b 0.221483370 0.461734098
interior
i 0.262603309 0.242882315
i 0.341732154 0.242882315
i 0.420860999 0.242882315
i 0.499989844 0.242882315
i 0.579118689 0.242882315
i 0.658247534 0.242882315
i 0.737376379 0.242882315
i 0.262603309 0.274147759
i 0.341732154 0.274147759
i 0.420860999 0.274147759
i 0.499989844 0.274147759
i 0.579118689 0.274147759
i 0.658247534 0.274147759
i 0.737376379 0.274147759
i 0.262603309 0.305413204
i 0.341732154 0.305413204
i 0.420860999 0.305413204
i 0.499989844 0.305413204
i 0.579118689 0.305413204
i 0.658247534 0.305413204
i 0.737376379 0.305413204
i 0.262603309 0.336678649
i 0.341732154 0.336678649
i 0.420860999 0.336678649
i 0.499989844 0.336678649
i 0.579118689 0.336678649
i 0.658247534 0.336678649
i 0.737376379 0.336678649
i 0.262603309 0.367944094
i 0.341732154 0.367944094
i 0.420860999 0.367944094
i 0.499989844 0.367944094
i 0.579118689 0.367944094
i 0.658247534 0.367944094
i 0.737376379 0.367944094
i 0.262603309 0.399209539
i 0.341732154 0.399209539
i 0.420860999 0.399209539
i 0.499989844 0.399209539
i 0.579118689 0.399209539
i 0.658247534 0.399209539
i 0.737376379 0.399209539
i 0.262603309 0.430474984
i 0.341732154 0.430474984
i 0.420860999 0.430474984
i 0.499989844 0.430474984
i 0.579118689 0.430474984
i 0.658247534 0.430474984
i 0.737376379 0.430474984
i 0.223038887 0.227249592
i 0.203256675 0.219433231
i 0.242821098 0.219433231
i 0.203256675 0.235065953
i 0.242821098 0.235065953
i 0.223038887 0.258515037
i 0.203256675 0.250698676
i 0.242821098 0.250698676
i 0.203256675 0.266331398
i 0.242821098 0.266331398
i 0.223038887 0.289780482
i 0.203256675 0.281964121
i 0.242821098 0.281964121
i 0.203256675 0.297596843
i 0.242821098 0.297596843
i 0.223038887 0.321045927
i 0.203256675 0.313229566
i 0.242821098 0.313229566
i 0.203256675 0.328862288
i 0.242821098 0.328862288
i 0.223038887 0.352311372
i 0.203256675 0.344495011
i 0.242821098 0.344495011
i 0.203256675 0.360127733
i 0.242821098 0.360127733
i 0.223038887 0.383576817
i 0.203256675 0.375760456
i 0.242821098 0.375760456
i 0.203256675 0.391393178
i 0.242821098 0.391393178
i 0.223038887 0.414842262
i 0.203256675 0.407025901
i 0.242821098 0.407025901
i 0.203256675 0.422658623
i 0.242821098 0.422658623
i 0.223038887 0.446107707
i 0.203256675 0.438291345
i 0.242821098 0.438291345
i 0.203256675 0.453924068
i 0.242821098 0.453924068
i 0.302167732 0.227249592
i 0.282385520 0.219433231
i 0.321949943 0.219433231
i 0.282385520 0.235065953
i 0.321949943 0.235065953
i 0.302167732 0.258515037
i 0.282385520 0.250698676
i 0.321949943 0.250698676
i 0.282385520 0.266331398
i 0.321949943 0.266331398
i 0.302167732 0.289780482
i 0.282385520 0.281964121
i 0.321949943 0.281964121
i 0.282385520 0.297596843
i 0.321949943 0.297596843
i 0.302167732 0.321045927
i 0.282385520 0.313229566
i 0.321949943 0.313229566
i 0.282385520 0.328862288
i 0.321949943 0.328862288
i 0.302167732 0.352311372
i 0.282385520 0.344495011
i 0.321949943 0.344495011
i 0.282385520 0.360127733
i 0.321949943 0.360127733
i 0.302167732 0.383576817
i 0.282385520 0.375760456
i 0.321949943 0.375760456
i 0.282385520 0.391393178
i 0.321949943 0.391393178
i 0.302167732 0.414842262
i 0.282385520 0.407025901
i 0.321949943 0.407025901
i 0.282385520 0.422658623
i 0.321949943 0.422658623
i 0.302167732 0.446107707
i 0.282385520 0.438291345
i 0.321949943 0.438291345
i 0.282385520 0.453924068
i 0.321949943 0.453924068
i 0.381296577 0.227249592
i 0.361514365 0.219433231
i 0.401078788 0.219433231
i 0.361514365 0.235065953
i 0.401078788 0.235065953
i 0.381296577 0.258515037
i 0.361514365 0.250698676
i 0.401078788 0.250698676
i 0.361514365 0.266331398
i 0.401078788 0.266331398
i 0.381296577 0.289780482
i 0.361514365 0.281964121
i 0.401078788 0.281964121
i 0.361514365 0.297596843
i 0.401078788 0.297596843
i 0.381296577 0.321045927
i 0.361514365 0.313229566
i 0.401078788 0.313229566
i 0.361514365 0.328862288
i 0.401078788 0.328862288
i 0.381296577 0.352311372
i 0.361514365 0.344495011
i 0.401078788 0.344495011
i 0.361514365 0.360127733
i 0.401078788 0.360127733
i 0.381296577 0.383576817
i 0.361514365 0.375760456
i 0.401078788 0.375760456
i 0.361514365 0.391393178
i 0.401078788 0.391393178
i 0.381296577 0.414842262
i 0.361514365 0.407025901
i 0.401078788 0.407025901
i 0.361514365 0.422658623
i 0.401078788 0.422658623
i 0.381296577 0.446107707
i 0.361514365 0.438291345
i 0.401078788 0.438291345
i 0.361514365 0.453924068
i 0.401078788 0.453924068
i 0.460425422 0.227249592
i 0.440643210 0.219433231
i 0.480207633 0.219433231
i 0.440643210 0.235065953
i 0.480207633 0.235065953
i 0.460425422 0.258515037
i 0.440643210 0.250698676
i 0.480207633 0.250698676
i 0.440643210 0.266331398
i 0.480207633 0.266331398
i 0.460425422 0.289780482
i 0.440643210 0.281964121
i 0.480207633 0.281964121
i 0.440643210 0.297596843
i 0.480207633 0.297596843
i 0.460425422 0.321045927
i 0.440643210 0.313229566
i 0.480207633 0.313229566
i 0.440643210 0.328862288
i 0.480207633 0.328862288
i 0.460425422 0.352311372
i 0.440643210 0.344495011
i 0.480207633 0.344495011
i 0.440643210 0.360127733
i 0.480207633 0.360127733
i 0.460425422 0.383576817
i 0.440643210 0.375760456
i 0.480207633 0.375760456
i 0.440643210 0.391393178
i 0.480207633 0.391393178
i 0.460425422 0.414842262
i 0.440643210 0.407025901
i 0.480207633 0.407025901
i 0.440643210 0.422658623
i 0.480207633 0.422658623
i 0.460425422 0.446107707
i 0.440643210 0.438291345
i 0.480207633 0.438291345
i 0.440643210 0.453924068
i 0.480207633 0.453924068
i 0.539554267 0.227249592
i 0.519772055 0.219433231
i 0.559336478 0.219433231
i 0.519772055 0.235065953
i 0.559336478 0.235065953
i 0.539554267 0.258515037
i 0.519772055 0.250698676
i 0.559336478 0.250698676
i 0.519772055 0.266331398
i 0.559336478 0.266331398
i 0.539554267 0.289780482
i 0.519772055 0.281964121
i 0.559336478 0.281964121
i 0.519772055 0.297596843
i 0.559336478 0.297596843
i 0.539554267 0.321045927
i 0.519772055 0.313229566
i 0.559336478 0.313229566
i 0.519772055 0.328862288
i 0.559336478 0.328862288
i 0.539554267 0.352311372
i 0.519772055 0.344495011
i 0.559336478 0.344495011
i 0.519772055 0.360127733
i 0.559336478 0.360127733
i 0.539554267 0.383576817
i 0.519772055 0.375760456
i 0.559336478 0.375760456
i 0.519772055 0.391393178
i 0.559336478 0.391393178
i 0.539554267 0.414842262
i 0.519772055 0.407025901
i 0.559336478 0.407025901
i 0.519772055 0.422658623
i 0.559336478 0.422658623
i 0.539554267 0.446107707
i 0.519772055 0.438291345
i 0.559336478 0.438291345
i 0.519772055 0.453924068
i 0.559336478 0.453924068
i 0.618683112 0.227249592
i 0.598900900 0.219433231
i 0.638465323 0.219433231
i 0.598900900 0.235065953
i 0.638465323 0.235065953
i 0.618683112 0.258515037
i 0.598900900 0.250698676
i 0.638465323 0.250698676
i 0.598900900 0.266331398
i 0.638465323 0.266331398
i 0.618683112 0.289780482
i 0.598900900 0.281964121
i 0.638465323 0.281964121
i 0.598900900 0.297596843
i 0.638465323 0.297596843
i 0.618683112 0.321045927
i 0.598900900 0.313229566
i 0.638465323 0.313229566
i 0.598900900 0.328862288
i 0.638465323 0.328862288
i 0.618683112 0.352311372
i 0.598900900 0.344495011
i 0.638465323 0.344495011
i 0.598900900 0.360127733
i 0.638465323 0.360127733
i 0.618683112 0.383576817
i 0.598900900 0.375760456
i 0.638465323 0.375760456
i 0.598900900 0.391393178
i 0.638465323 0.391393178
i 0.618683112 0.414842262
i 0.598900900 0.407025901
i 0.638465323 0.407025901
i 0.598900900 0.422658623
i 0.638465323 0.422658623
i 0.618683112 0.446107707
i 0.598900900 0.438291345
i 0.638465323 0.438291345
i 0.598900900 0.453924068
i 0.638465323 0.453924068
i 0.697811957 0.227249592
i 0.678029745 0.219433231
i 0.717594168 0.219433231
i 0.678029745 0.235065953
i 0.717594168 0.235065953
i 0.697811957 0.258515037
i 0.678029745 0.250698676
i 0.717594168 0.250698676
i 0.678029745 0.266331398
i 0.717594168 0.266331398
i 0.697811957 0.289780482
i 0.678029745 0.281964121
i 0.717594168 0.281964121
i 0.678029745 0.297596843
i 0.717594168 0.297596843
i 0.697811957 0.321045927
i 0.678029745 0.313229566
i 0.717594168 0.313229566
i 0.678029745 0.328862288
i 0.717594168 0.328862288
i 0.697811957 0.352311372
i 0.678029745 0.344495011
i 0.717594168 0.344495011
i 0.678029745 0.360127733
i 0.717594168 0.360127733
i 0.697811957 0.383576817
i 0.678029745 0.375760456
i 0.717594168 0.375760456
i 0.678029745 0.391393178
i 0.717594168 0.391393178
i 0.697811957 0.414842262
i 0.678029745 0.407025901
i 0.717594168 0.407025901
i 0.678029745 0.422658623
i 0.717594168 0.422658623
i 0.697811957 0.446107707
i 0.678029745 0.438291345
i 0.717594168 0.438291345
i 0.678029745 0.453924068
i 0.717594168 0.453924068
i 0.776940802 0.227249592
i 0.757158591 0.219433231
i 0.796723013 0.219433231
i 0.757158591 0.235065953
i 0.796723013 0.235065953
i 0.776940802 0.258515037
i 0.757158591 0.250698676
i 0.796723013 0.250698676
i 0.757158591 0.266331398
i 0.796723013 0.266331398
i 0.776940802 0.289780482
i 0.757158591 0.281964121
i 0.796723013 0.281964121
i 0.757158591 0.297596843
i 0.796723013 0.297596843
i 0.776940802 0.321045927
i 0.757158591 0.313229566
i 0.796723013 0.313229566
i 0.757158591 0.328862288
i 0.796723013 0.328862288
i 0.776940802 0.352311372
i 0.757158591 0.344495011
i 0.796723013 0.344495011
i 0.757158591 0.360127733
i 0.796723013 0.360127733
i 0.776940802 0.383576817
i 0.757158591 0.375760456
i 0.796723013 0.375760456
i 0.757158591 0.391393178
i 0.796723013 0.391393178
i 0.776940802 0.414842262
i 0.757158591 0.407025901
i 0.796723013 0.407025901
i 0.757158591 0.422658623
i 0.796723013 0.422658623
i 0.776940802 0.446107707
i 0.757158591 0.438291345
i 0.796723013 0.438291345
i 0.757158591 0.453924068
i 0.796723013 0.453924068
tris
t 55 53 54
t 55 52 53
t 55 51 52
t 55 50 51
t 55 49 50
t 55 48 49
t 55 47 48
t 55 46 47
t 55 45 46
t 55 44 45
t 55 43 44
t 55 42 43
t 55 41 42
t 55 40 41
t 55 39 40
t 55 38 39
t 55 37 38
t 55 36 37
t 55 35 36
t 55 34 35
t 55 33 34
t 55 32 33
t 55 31 32
t 55 30 31
t 55 29 30
t 55 28 29
t 55 27 28
t 55 26 27
t 55 25 26
t 55 24 25
t 55 56 57
t 55 57 58
t 55 58 59
t 55 59 60
t 55 60 61
t 55 61 62
t 55 62 63
t 55 63 64
t 55 64 65
t 55 65 66
t 55 66 67
t 55 67 68
t 55 68 69
t 55 69 70
t 55 70 71
t 55 71 72
t 55 72 73
t 55 73 74
t 55 74 75
t 55 75 76
t 55 76 77
t 55 77 78
t 55 78 79
t 55 79 80
t 55 80 81
t 55 81 82
t 55 82 83
t 55 83 84
t 55 84 85
t 55 85 86
t 55 86 87
t 55 87 88
t 55 88 89
t 55 89 90
t 55 90 91
t 55 91 92
t 55 92 93
t 55 93 94
t 55 94 95
t 55 95 96
t 55 96 97
t 55 97 98
t 55 98 99
t 55 99 100
t 55 100 101
t 55 101 102
t 55 102 103
t 55 103 104
t 55 104 105
t 55 105 106
t 55 106 107
t 55 107 108
t 55 108 109
t 55 109 110
t 55 110 111
t 55 111 112
t 55 112 113
t 55 113 114
t 55 114 115
t 55 115 116
t 55 116 117
t 55 117 118
t 55 118 119
t 55 119 120
t 55 120 121
t 55 121 122
t 55 122 123
t 55 123 124
t 55 124 125
t 55 125 126
t 55 126 127
t 55 127 128
t 55 128 129
t 55 129 130
t 55 130 131
t 55 131 132
t 55 132 133
t 55 133 134
t 55 134 135
t 55 135 136
t 55 136 137
t 55 137 138
t 55 138 139
t 55 139 140
t 55 140 141
t 55 565 24
t 55 566 565
t 55 567 566
t 55 568 567
t 55 569 568
t 55 570 569
t 55 571 570
t 55 572 571
t 55 573 572
t 55 574 573
t 55 575 574
t 55 576 575
t 55 577 576
t 55 578 577
t 55 579 578
t 55 580 579
t 55 581 580
t 55 582 581
t 55 583 582
t 55 584 583
t 55 585 584
t 55 586 585
t 55 587 586
t 55 588 587
t 55 589 588
t 55 590 589
t 55 591 590
t 55 592 591
t 55 593 592
t 55 594 593
t 55 595 594
t 55 596 595
t 55 597 596
t 55 598 597
t 55 599 598
t 55 600 599
t 55 601 600
t 55 602 601
t 55 603 602
t 55 604 603
t 55 605 604
t 55 606 605
t 55 607 606
t 55 608 607
t 55 609 608
t 55 610 609
t 55 611 610
t 55 612 611
t 55 613 612
t 55 614 613
t 55 615 614
t 55 616 615
t 55 617 616
t 55 618 617
t 55 619 618
t 55 620 619
t 55 621 620
t 55 622 621
t 55 623 622
t 55 624 623
t 55 625 624
t 55 626 625
t 55 627 626
t 55 628 627
t 55 629 628
t 55 630 629
t 55 631 630
t 55 632 631
t 55 633 632
t 55 634 633
t 55 635 634
t 55 636 635
t 55 637 636
t 55 638 637
t 55 639 638
t 55 640 639
t 55 641 640
t 55 642 641
t 55 643 642
t 55 644 643
t 55 645 644
t 55 646 645
t 55 647 646
t 55 648 647
t 55 649 648
t 55 650 649
t 55 651 650
t 55 652 651
t 55 653 652
t 55 654 653
t 55 655 654
t 55 656 655
t 55 657 656
t 55 658 657
t 55 659 658
t 55 660 659
t 55 661 660
t 55 662 661
t 55 663 662
t 55 664 663
t 55 665 664
t 55 666 665
t 55 667 666
t 55 668 667
t 55 669 668
t 55 670 669
t 55 671 670
t 55 672 671
t 55 673 672
t 55 674 673
t 55 675 674
t 55 676 675
t 55 677 676
t 55 678 677
t 55 679 678
t 55 680 679
t 55 681 680
t 55 682 681
t 55 683 682
t 55 684 683
t 55 685 684
t 55 686 685
t 55 687 686
t 55 141 687
t 24 22 23
t 24 21 22
t 24 20 21
t 24 19 20
t 24 18 19
t 24 17 18
t 24 16 17
t 24 15 16
t 24 14 15
t 24 13 14
t 24 12 13
t 24 11 12
t 24 10 11
t 24 9 10
t 24 8 9
t 24 7 8
t 24 6 7
t 24 5 6
t 24 4 5
t 24 3 4
t 24 2 3
t 24 1 2
t 24 0 1
t 24 195 0
t 24 194 195
t 24 193 194
t 24 192 193
t 24 191 192
t 24 190 191
t 24 189 190
t 24 188 189
t 24 187 188
t 24 186 187
t 24 185 186
t 24 184 185
t 24 183 184
t 24 182 183
t 24 181 182
t 24 180 181
t 24 179 180
t 24 178 179
t 24 177 178
t 24 176 177
t 24 175 176
t 24 174 175
t 24 173 174
t 24 172 173
t 24 171 172
t 24 170 171
t 24 169 170
t 24 168 169
t 24 167 168
t 24 166 167
t 24 165 166
t 141 142 143
t 141 143 144
t 141 144 145
t 141 145 146
t 141 146 147
t 141 147 148
t 141 148 149
t 141 149 150
t 141 150 151
t 141 151 152
t 141 152 153
t 141 153 154
t 141 154 155
t 141 155 156
t 141 156 157
t 141 157 158
t 141 158 159
t 141 159 160
t 141 160 161
t 141 161 162
t 141 162 163
t 141 163 164
t 141 164 165
t 24 565 165
t 565 566 165
t 566 567 165
t 567 568 165
t 568 569 165
t 569 570 165
t 570 571 165
t 571 572 165
t 572 573 165
t 573 574 165
t 574 575 165
t 575 576 165
t 576 577 165
t 577 578 165
t 578 579 165
t 579 580 165
t 580 581 165
t 581 582 165
t 582 583 165
t 583 584 165
t 584 585 165
t 585 586 165
t 586 587 165
t 587 588 165
t 588 589 165
t 589 590 165
t 590 591 165
t 591 592 165
t 592 593 165
t 593 594 165
t 594 595 165
t 595 596 165
t 596 597 165
t 597 598 165
t 598 599 165
t 599 600 165
t 600 601 165
t 601 602 165
t 602 603 165
t 603 604 165
t 604 605 165
t 605 606 165
t 606 607 165
t 607 608 165
t 608 609 165
t 609 610 165
t 610 611 165
t 611 612 165
t 612 613 165
t 613 614 165
t 614 615 165
t 615 616 165
t 616 617 165
t 617 618 165
t 618 619 165
t 619 620 165
t 620 621 165
t 621 622 165
t 622 623 165
t 623 624 165
t 624 625 165
t 625 626 165
t 626 627 165
t 627 628 165
t 628 629 165
t 629 630 165
t 630 631 165
t 631 632 165
t 632 633 165
t 633 634 165
t 634 635 165
t 635 636 165
t 636 637 165
t 637 638 165
t 638 639 165
t 639 640 165
t 640 641 165
t 641 642 165
t 642 643 165
t 643 644 165
t 644 645 165
t 645 646 165
t 646 647 165
t 647 648 165
t 648 649 165
t 649 650 165
t 650 651 165
t 651 652 165
t 652 653 165
t 653 654 165
t 654 655 165
t 655 656 165
t 656 657 165
t 657 658 165
t 658 659 165
t 659 660 165
t 660 661 165
t 661 662 165
t 662 663 165
t 663 664 165
t 664 665 165
t 665 666 165
t 666 667 165
t 667 668 165
t 668 669 165
t 669 670 165
t 670 671 165
t 671 672 165
t 672 673 165
t 673 674 165
t 674 675 165
t 675 676 165
t 676 677 165
t 677 678 165
t 678 679 165
t 679 680 165
t 680 681 165
t 681 682 165
t 682 683 165
t 683 684 165
t 684 685 165
t 685 686 165
t 686 687 165
t 687 141 165
