type=Nurbs forward=true n_boundary=223 n_holes=0 n_interior=39 n_tris=243 label=brep47598_f118_Nurbs(deg=3/3, cps=9x9)
boundary
b 0.407237728 0.240055141
b 0.407751874 0.243691544
b 0.408613863 0.247399569
b 0.409828120 0.251168764
b 0.411399074 0.254988503
b 0.413331154 0.258848049
b 0.415628793 0.262736436
b 0.418298303 0.266646344
b 0.421351246 0.270581075
b 0.424800145 0.274545815
b 0.428657603 0.278545800
b 0.432936301 0.282586309
b 0.437648991 0.286672659
b 0.442808413 0.290810149
b 0.448419536 0.294998437
b 0.454472318 0.299226063
b 0.460955246 0.303480042
b 0.467857114 0.307747124
b 0.475167036 0.312013801
b 0.482874468 0.316266316
b 0.490969019 0.320490692
b 0.499431606 0.324673471
b 0.508230853 0.328802059
b 0.517334705 0.332863853
b 0.526711424 0.336846182
b 0.536329665 0.340736328
b 0.546158552 0.344521559
b 0.556167863 0.348189316
b 0.566330095 0.351730911
b 0.576620074 0.355141569
b 0.587012720 0.358416802
b 0.597483017 0.361552247
b 0.608006070 0.364543682
b 0.618557175 0.367387026
b 0.629112434 0.370078547
b 0.639655611 0.372617279
b 0.650175774 0.375004275
b 0.660661961 0.377240754
b 0.671103092 0.379328053
b 0.681487995 0.381267625
b 0.691805441 0.383061035
b 0.702044961 0.384709996
b 0.712202988 0.386216656
b 0.722279411 0.387583403
b 0.732274012 0.388812678
b 0.742186443 0.389906972
b 0.752016226 0.390868820
b 0.761762759 0.391700815
b 0.771424430 0.392405614
b 0.780994146 0.392985892
b 0.790462697 0.393444367
b 0.799820707 0.393783815
b 0.809058656 0.394007068
b 0.818166896 0.394117007
b 0.827135673 0.394116569
b 0.830289275 0.394097330
b 0.833442953 0.394078442
b 0.836596703 0.394059907
b 0.839750518 0.394041724
b 0.842904389 0.394023892
b 0.846058312 0.394006412
b 0.849212280 0.393989283
b 0.852366286 0.393972507
b 0.855520323 0.393956082
b 0.858674385 0.393940008
b 0.861828467 0.393924286
b 0.864982560 0.393908916
b 0.868136660 0.393893897
b 0.871290761 0.393879230
b 0.874444855 0.393864914
b 0.877598936 0.393850950
b 0.880753000 0.393837338
b 0.883907039 0.393824077
b 0.887061045 0.393811168
b 0.890214965 0.393798610
b 0.893368720 0.393786403
b 0.896522232 0.393774546
b 0.899675418 0.393763039
b 0.902828200 0.393751882
b 0.905980497 0.393741074
b 0.909132229 0.393730616
b 0.912283314 0.393720507
b 0.915433672 0.393710747
b 0.918583221 0.393701337
b 0.921731881 0.393692277
b 0.924879570 0.393683568
b 0.928026208 0.393675209
b 0.931171713 0.393667203
b 0.934316003 0.393659548
b 0.937458998 0.393652247
b 0.940600615 0.393645300
b 0.943740775 0.393638708
b 0.946879425 0.393632472
b 0.950016557 0.393626592
b 0.953152168 0.393621067
b 0.956286252 0.393615899
b 0.959418805 0.393611087
b 0.962549822 0.393606630
b 0.965679297 0.393602530
b 0.968807226 0.393598786
b 0.971933602 0.393595398
b 0.975058418 0.393592365
b 0.978181669 0.393589690
b 0.981303348 0.393587370
b 0.984423448 0.393585407
b 0.987541961 0.393583800
b 0.990658881 0.393582550
b 0.993774200 0.393581657
b 0.996887909 0.393581120
b 1.000000000 0.393580940
b 1.000000000 1.002479026
b 0.982122014 1.002475208
b 0.964202092 1.002465626
b 0.946236480 1.002453076
b 0.928221117 1.002440336
b 0.910151652 1.002430164
b 0.892023858 1.002425204
b 0.873842004 1.002425964
b 0.855618966 1.002430866
b 0.837367883 1.002438303
b 0.819101683 1.002446725
b 0.800832982 1.002454643
b 0.782572654 1.002460768
b 0.764326141 1.002464457
b 0.746098116 1.002465248
b 0.727893826 1.002462775
b 0.709718679 1.002456843
b 0.691577493 1.002447347
b 0.673463725 1.002435484
b 0.655359354 1.002423691
b 0.637245655 1.002414377
b 0.619103818 1.002409871
b 0.600915088 1.002412434
b 0.582665905 1.002423226
b 0.564362831 1.002439243
b 0.546017255 1.002456486
b 0.527640274 1.002470990
b 0.509242602 1.002478828
b 0.490834554 1.002476258
b 0.472427838 1.002463318
b 0.454036255 1.002443845
b 0.435674219 1.002421900
b 0.417356564 1.002401600
b 0.399098422 1.002387109
b 0.380909053 1.002381604
b 0.362773456 1.002384156
b 0.344670357 1.002392745
b 0.326578390 1.002405283
b 0.308476259 1.002419634
b 0.290343424 1.002433607
b 0.272171479 1.002444677
b 0.253963964 1.002450012
b 0.235724982 1.002446790
b 0.217458478 1.002432254
b 0.199167778 1.002403662
b 0.180857995 1.002359898
b 0.162544067 1.002306429
b 0.144243881 1.002250407
b 0.125975703 1.002199017
b 0.107758031 1.002159467
b 0.089609006 1.002138903
b 0.071537020 1.002142809
b 0.053540988 1.002175011
b 0.035619827 1.002239265
b 0.017772892 1.002339333
b -0.000000030 1.002478984
b 0.000000000 -0.016185794
b 0.007014501 -0.016221101
b 0.014042823 -0.016251243
b 0.021084244 -0.016276266
b 0.028138042 -0.016296212
b 0.035203492 -0.016311114
b 0.042279871 -0.016321000
b 0.049366459 -0.016325891
b 0.056462535 -0.016325802
b 0.063567384 -0.016320743
b 0.070680295 -0.016310715
b 0.077800563 -0.016295716
b 0.084927488 -0.016275736
b 0.092060378 -0.016250759
b 0.099198554 -0.016220763
b 0.106341883 -0.016185719
b 0.113491289 -0.016145591
b 0.120647831 -0.016100334
b 0.127812581 -0.016049897
b 0.134986626 -0.015994224
b 0.142171062 -0.015933249
b 0.149366997 -0.015866898
b 0.156575545 -0.015795092
b 0.163797829 -0.015717741
b 0.171034978 -0.015634746
b 0.178288124 -0.015545999
b 0.185558401 -0.015451384
b 0.192846944 -0.015350772
b 0.200154882 -0.015244023
b 0.207483169 -0.015130961
b 0.214832606 -0.015011373
b 0.222204012 -0.014885028
b 0.229598228 -0.014751678
b 0.237016116 -0.014611055
b 0.244458561 -0.014462867
b 0.251926464 -0.014306802
b 0.259420751 -0.014142517
b 0.266942380 -0.013969641
b 0.274492346 -0.013787769
b 0.282071674 -0.013596461
b 0.289681424 -0.013395234
b 0.297322684 -0.013183562
b 0.304996379 -0.012960881
b 0.312701763 -0.012726695
b 0.320437231 -0.012480524
b 0.328201183 -0.012221833
b 0.335992029 -0.011950030
b 0.343808196 -0.011664456
b 0.351648126 -0.011364383
b 0.359510283 -0.011049000
b 0.367393151 -0.010717408
b 0.375295242 -0.010368610
b 0.383215090 -0.010001500
b 0.391151262 -0.009614853
b 0.399102354 -0.009207317
b 0.407066995 -0.008777397
b 0.407066995 0.236500552
interior
i 0.124999974 0.111024723
i 0.249999978 0.111024723
i 0.374999981 0.111024723
i 0.124999974 0.238375338
i 0.249999978 0.238375338
i 0.374999981 0.238375338
i 0.124999974 0.365725953
i 0.249999978 0.365725953
i 0.374999981 0.365725953
i 0.499999985 0.365725953
i 0.624999989 0.365725953
i 0.124999974 0.493076567
i 0.249999978 0.493076567
i 0.374999981 0.493076567
i 0.499999985 0.493076567
i 0.624999989 0.493076567
i 0.749999993 0.493076567
i 0.874999996 0.493076567
i 0.124999974 0.620427182
i 0.249999978 0.620427182
i 0.374999981 0.620427182
i 0.499999985 0.620427182
i 0.624999989 0.620427182
i 0.749999993 0.620427182
i 0.874999996 0.620427182
i 0.124999974 0.747777797
i 0.249999978 0.747777797
i 0.374999981 0.747777797
i 0.499999985 0.747777797
i 0.624999989 0.747777797
i 0.749999993 0.747777797
i 0.874999996 0.747777797
i 0.124999974 0.875128411
i 0.249999978 0.875128411
i 0.374999981 0.875128411
i 0.499999985 0.875128411
i 0.624999989 0.875128411
i 0.749999993 0.875128411
i 0.874999996 0.875128411
tris
t 58 117 57
t 60 117 59
t 62 117 61
t 64 117 63
t 66 117 65
t 68 117 67
t 70 117 69
t 71 116 117
t 73 116 72
t 75 116 74
t 77 116 76
t 77 78 115
t 79 80 115
t 81 82 115
t 114 83 84
t 85 86 114
t 114 87 88
t 113 89 90
t 113 91 92
t 93 94 113
t 95 96 115
t 97 98 115
t 114 99 100
t 101 102 111
t 111 104 105
t 106 110 111
t 107 108 110
t 108 109 110
t 111 112 100
t 6 121 122
t 124 6 123
t 124 125 252
t 126 127 6
t 6 136 137
t 6 137 138
t 139 140 6
t 6 150 151
t 152 6 151
t 154 6 153
t 154 155 6
t 156 157 6
t 182 2 224
t 0 167 168
t 169 170 0
t 0 171 172
t 173 174 0
t 0 175 176
t 177 178 0
t 0 179 180
t 0 181 182
t 0 183 184
t 0 185 186
t 222 187 188
t 222 189 190
t 222 191 192
t 222 193 194
t 222 195 196
t 222 197 198
t 198 199 200
t 201 202 214
t 202 203 204
t 204 205 206
t 206 207 208
t 208 209 210
t 210 211 212
t 212 213 214
t 222 215 216
t 217 218 222
t 219 220 222
t 220 221 222
t 59 117 58
t 63 117 62
t 67 117 66
t 71 117 70
t 74 116 73
t 77 115 116
t 81 115 80
t 84 85 114
t 88 89 114
t 92 93 113
t 97 115 96
t 111 100 101
t 106 111 105
t 107 110 106
t 100 112 113
t 113 114 95
t 123 6 122
t 126 6 125
t 138 139 6
t 6 149 150
t 153 6 152
t 166 2 3
t 169 0 168
t 173 0 172
t 177 0 176
t 182 198 222
t 186 187 222
t 188 189 222
t 192 193 222
t 196 197 222
t 201 214 200
t 204 206 214
t 208 210 214
t 210 212 214
t 217 222 216
t 219 222 218
t 61 117 60
t 69 117 68
t 76 116 75
t 115 82 83
t 90 91 113
t 114 98 99
t 111 103 104
t 114 115 83
t 128 129 6
t 127 128 6
t 140 141 6
t 136 6 135
t 149 6 148
t 6 155 156
t 166 3 4
t 0 170 171
t 0 180 181
t 190 191 222
t 194 195 222
t 204 214 202
t 208 214 206
t 222 214 215
t 65 117 64
t 79 115 78
t 113 114 89
t 102 103 111
t 6 120 121
t 135 6 134
t 157 158 6
t 166 4 5
t 0 174 175
t 0 184 185
t 186 222 0
t 182 222 0
t 72 116 71
t 86 87 114
t 120 6 119
t 141 142 6
t 6 147 148
t 166 5 226
t 0 166 167
t 198 202 222
t 57 117 56
t 129 130 6
t 6 133 134
t 147 6 146
t 165 5 6
t 182 0 1
t 56 117 55
t 6 118 119
t 142 143 6
t 146 6 250
t 165 6 164
t 182 1 2
t 55 117 54
t 6 130 131
t 6 132 133
t 145 6 144
t 164 6 163
t 54 117 53
t 132 6 131
t 144 6 143
t 163 6 162
t 53 117 52
t 118 6 117
t 162 6 161
t 52 117 51
t 131 7 8
t 161 6 160
t 51 117 50
t 160 6 159
t 50 117 49
t 159 6 158
t 49 117 48
t 131 8 9
t 48 117 246
t 131 9 10
t 48 131 47
t 131 10 11
t 47 131 46
t 131 11 12
t 46 131 45
t 131 12 13
t 45 131 44
t 131 13 14
t 44 131 43
t 131 14 15
t 43 131 42
t 131 15 16
t 42 131 41
t 131 16 17
t 41 131 40
t 131 17 18
t 40 131 39
t 131 18 19
t 39 131 38
t 131 19 20
t 38 131 37
t 131 20 21
t 37 131 36
t 131 21 22
t 36 131 35
t 131 22 23
t 35 131 34
t 131 23 24
t 34 131 33
t 131 24 25
t 33 131 32
t 131 25 26
t 32 131 31
t 131 26 27
t 31 131 30
t 131 27 28
t 30 131 29
t 29 131 28
t 2 166 224
t 166 182 224
t 5 165 235
t 165 166 226
t 165 226 229
t 226 5 229
t 165 229 234
t 229 5 230
t 229 230 234
t 230 165 241
t 165 230 235
t 230 5 235
t 165 234 241
t 234 230 241
t 117 131 253
t 131 48 246
t 6 145 250
t 145 146 250
t 125 6 252
t 6 124 252
t 131 246 253
t 246 117 253
