type=Nurbs forward=true n_boundary=198 n_holes=0 n_interior=306 n_tris=351 label=brep32629_f269_Nurbs(deg=3/3, cps=4x8)
boundary
b 0.838587916 0.988372181
b 0.823821795 0.988917525
b 0.809367390 0.989450156
b 0.795195806 0.989970303
b 0.781279438 0.990478197
b 0.767591928 0.990974066
b 0.754108117 0.991458139
b 0.740803999 0.991930646
b 0.727656680 0.992391816
b 0.714644337 0.992841878
b 0.701746180 0.993281061
b 0.688942425 0.993709594
b 0.676214265 0.994127707
b 0.663543884 0.994535627
b 0.650918883 0.994933405
b 0.638336111 0.995320749
b 0.625793559 0.995697327
b 0.613289274 0.996062807
b 0.600821323 0.996416858
b 0.588387731 0.996759147
b 0.575986446 0.997089342
b 0.563615283 0.997407112
b 0.551271886 0.997712124
b 0.538953675 0.998004048
b 0.526657806 0.998282550
b 0.514381128 0.998547300
b 0.502120132 0.998797965
b 0.489870891 0.999034221
b 0.477628670 0.999255928
b 0.465388493 0.999463127
b 0.453145844 0.999655867
b 0.440896652 0.999834199
b 0.428637252 0.999998171
b 0.416364343 1.000147835
b 0.404074952 1.000283238
b 0.391766390 1.000404432
b 0.379436213 1.000511464
b 0.367082183 1.000604387
b 0.354702228 1.000683247
b 0.342294397 1.000748097
b 0.329856822 1.000798984
b 0.317386646 1.000835948
b 0.304871888 1.000858921
b 0.292295260 1.000867786
b 0.279638594 1.000862423
b 0.266882865 1.000842712
b 0.254008177 1.000808535
b 0.240993737 1.000759772
b 0.227817831 1.000696303
b 0.214457792 1.000618010
b 0.200889972 1.000524774
b 0.187089702 1.000416473
b 0.173031263 1.000292991
b 0.158687852 1.000154206
b 0.144031544 1.000000000
b 0.144031535 0.982755958
b 0.144031510 0.965486240
b 0.144031472 0.948190832
b 0.144031424 0.930869722
b 0.144031370 0.913522897
b 0.144031311 0.896150344
b 0.144031252 0.878752050
b 0.144031195 0.861328001
b 0.144031144 0.843878186
b 0.144031102 0.826402590
b 0.144031072 0.808901201
b 0.144031057 0.791374007
b 0.144031062 0.773820993
b 0.144031089 0.756242148
b 0.144031141 0.738637457
b 0.144031223 0.721006909
b 0.144031338 0.703350490
b 0.144031490 0.685668187
b 0.144031682 0.667959990
b 0.144031909 0.650225930
b 0.144032163 0.632466061
b 0.144032433 0.614680439
b 0.144032707 0.596869118
b 0.144032977 0.579032155
b 0.144033230 0.561169604
b 0.144033458 0.543281521
b 0.144033648 0.525367961
b 0.144033792 0.507428980
b 0.144033879 0.489464633
b 0.144033898 0.471474975
b 0.144033839 0.453460062
b 0.144033692 0.435419949
b 0.144033448 0.417354691
b 0.144033095 0.399264343
b 0.144032623 0.381148962
b 0.144032024 0.363008602
b 0.144031286 0.344843319
b 0.144030413 0.326653140
b 0.144029422 0.308438056
b 0.144028336 0.290198050
b 0.144027173 0.271933107
b 0.144025954 0.253643214
b 0.144024699 0.235328354
b 0.144023429 0.216988512
b 0.144022162 0.198623675
b 0.144020920 0.180233826
b 0.144019722 0.161818951
b 0.144018589 0.143379035
b 0.144017541 0.124914063
b 0.144016599 0.106424019
b 0.144015781 0.087908889
b 0.144015110 0.069368658
b 0.144014605 0.050803311
b 0.144014287 0.032212833
b 0.144014176 0.013597208
b 0.000000000 0.009189910
b 0.000000000 0.009308134
b 0.000000000 0.009427955
b 0.000000000 0.009549372
b 0.000000000 0.009672387
b 0.000000000 0.009796998
b 0.000000000 0.009923206
b 0.000000000 0.010051011
b 0.000000000 0.010180412
b 0.000000000 0.010311410
b 0.000000000 0.010444005
b 0.000000000 0.010578196
b 0.000000000 0.010713984
b 0.000000000 0.010851368
b 0.000000000 0.010990348
b 0.000000000 0.011130925
b 0.000000000 0.011273098
b 0.000000000 0.011416867
b 0.000000000 0.011562232
b 0.000000000 0.011709194
b 0.000000000 0.011857751
b 0.000000000 0.012007904
b 0.000000000 0.012159654
b 0.000000000 0.012312999
b 0.002272838 0.012467944
b 0.022932476 0.012624480
b 0.043523007 0.012782613
b 0.064003694 0.012942341
b 0.084333476 0.013103664
b 0.104471558 0.013266583
b 0.124377977 0.013431098
b 0.144014176 0.013597208
b 0.855968456 -0.000000000
b 0.855935708 0.018029991
b 0.855902708 0.036057405
b 0.855869454 0.054082247
b 0.855835941 0.072104519
b 0.855802166 0.090124225
b 0.855768126 0.108141370
b 0.855733818 0.126155956
b 0.855699237 0.144167989
b 0.855664381 0.162177471
b 0.855629247 0.180184407
b 0.855593830 0.198188800
b 0.855558128 0.216190655
b 0.855522137 0.234189974
b 0.855485854 0.252186762
b 0.855449275 0.270181022
b 0.855412398 0.288172759
b 0.855375220 0.306161976
b 0.855337735 0.324148677
b 0.855299942 0.342132864
b 0.855261834 0.360114533
b 0.855223408 0.378093673
b 0.855184660 0.396070271
b 0.855145585 0.414044316
b 0.855106181 0.432015798
b 0.855066441 0.449984704
b 0.855026364 0.467951025
b 0.854985943 0.485914747
b 0.854945177 0.503875860
b 0.854904060 0.521834353
b 0.854862589 0.539790215
b 0.854820759 0.557743433
b 0.854778567 0.575693997
b 0.854736010 0.593641895
b 0.854693082 0.611587117
b 0.854649780 0.629529650
b 0.854606101 0.647469484
b 0.854562040 0.665406606
b 0.854517592 0.683341013
b 0.854472749 0.701272706
b 0.854427505 0.719201689
b 0.854381853 0.737127967
b 0.854335786 0.755051543
b 0.854289296 0.772972421
b 0.854242377 0.790890605
b 0.854195022 0.808806098
b 0.854147224 0.826718905
b 0.854098976 0.844629029
b 0.854050272 0.862536474
b 0.854001104 0.880441243
b 0.853951466 0.898343342
b 0.853901351 0.916242772
b 0.853850752 0.934139539
b 0.853799663 0.952033647
b 0.853748076 0.969925098
b 0.853695985 0.987813896
interior
i 0.213992114 0.125108473
i 0.320988171 0.125108473
i 0.427984228 0.125108473
i 0.534980285 0.125108473
i 0.641976342 0.125108473
i 0.748972399 0.125108473
i 0.213992114 0.250216946
i 0.320988171 0.250216946
i 0.427984228 0.250216946
i 0.534980285 0.250216946
i 0.641976342 0.250216946
i 0.748972399 0.250216946
i 0.213992114 0.375325420
i 0.320988171 0.375325420
i 0.427984228 0.375325420
i 0.534980285 0.375325420
i 0.641976342 0.375325420
i 0.748972399 0.375325420
i 0.213992114 0.500433893
i 0.320988171 0.500433893
i 0.427984228 0.500433893
i 0.534980285 0.500433893
i 0.641976342 0.500433893
i 0.748972399 0.500433893
i 0.213992114 0.625542366
i 0.320988171 0.625542366
i 0.427984228 0.625542366
i 0.534980285 0.625542366
i 0.641976342 0.625542366
i 0.748972399 0.625542366
i 0.213992114 0.750650839
i 0.320988171 0.750650839
i 0.427984228 0.750650839
i 0.534980285 0.750650839
i 0.641976342 0.750650839
i 0.748972399 0.750650839
i 0.213992114 0.875759313
i 0.320988171 0.875759313
i 0.427984228 0.875759313
i 0.534980285 0.875759313
i 0.641976342 0.875759313
i 0.748972399 0.875759313
i 0.160494085 0.062554237
i 0.187243100 0.031277118
i 0.187243100 0.093831355
i 0.160494085 0.187662710
i 0.187243100 0.156385592
i 0.187243100 0.218939828
i 0.160494085 0.312771183
i 0.187243100 0.281494065
i 0.187243100 0.344048301
i 0.160494085 0.437879656
i 0.187243100 0.406602538
i 0.187243100 0.469156775
i 0.160494085 0.562988130
i 0.187243100 0.531711011
i 0.187243100 0.594265248
i 0.160494085 0.688096603
i 0.187243100 0.656819484
i 0.187243100 0.719373721
i 0.160494085 0.813205076
i 0.187243100 0.781927958
i 0.187243100 0.844482194
i 0.160494085 0.938313549
i 0.187243100 0.907036431
i 0.187243100 0.969590667
i 0.267490142 0.062554237
i 0.240741128 0.031277118
i 0.294239157 0.031277118
i 0.240741128 0.093831355
i 0.294239157 0.093831355
i 0.267490142 0.187662710
i 0.240741128 0.156385592
i 0.294239157 0.156385592
i 0.240741128 0.218939828
i 0.294239157 0.218939828
i 0.267490142 0.312771183
i 0.240741128 0.281494065
i 0.294239157 0.281494065
i 0.240741128 0.344048301
i 0.294239157 0.344048301
i 0.267490142 0.437879656
i 0.240741128 0.406602538
i 0.294239157 0.406602538
i 0.240741128 0.469156775
i 0.294239157 0.469156775
i 0.267490142 0.562988130
i 0.240741128 0.531711011
i 0.294239157 0.531711011
i 0.240741128 0.594265248
i 0.294239157 0.594265248
i 0.267490142 0.688096603
i 0.240741128 0.656819484
i 0.294239157 0.656819484
i 0.240741128 0.719373721
i 0.294239157 0.719373721
i 0.267490142 0.813205076
i 0.240741128 0.781927958
i 0.294239157 0.781927958
i 0.240741128 0.844482194
i 0.294239157 0.844482194
i 0.267490142 0.938313549
i 0.240741128 0.907036431
i 0.294239157 0.907036431
i 0.240741128 0.969590667
i 0.294239157 0.969590667
i 0.374486199 0.062554237
i 0.347737185 0.031277118
i 0.401235214 0.031277118
i 0.347737185 0.093831355
i 0.401235214 0.093831355
i 0.374486199 0.187662710
i 0.347737185 0.156385592
i 0.401235214 0.156385592
i 0.347737185 0.218939828
i 0.401235214 0.218939828
i 0.374486199 0.312771183
i 0.347737185 0.281494065
i 0.401235214 0.281494065
i 0.347737185 0.344048301
i 0.401235214 0.344048301
i 0.374486199 0.437879656
i 0.347737185 0.406602538
i 0.401235214 0.406602538
i 0.347737185 0.469156775
i 0.401235214 0.469156775
i 0.374486199 0.562988130
i 0.347737185 0.531711011
i 0.401235214 0.531711011
i 0.347737185 0.594265248
i 0.401235214 0.594265248
i 0.374486199 0.688096603
i 0.347737185 0.656819484
i 0.401235214 0.656819484
i 0.347737185 0.719373721
i 0.401235214 0.719373721
i 0.374486199 0.813205076
i 0.347737185 0.781927958
i 0.401235214 0.781927958
i 0.347737185 0.844482194
i 0.401235214 0.844482194
i 0.374486199 0.938313549
i 0.347737185 0.907036431
i 0.401235214 0.907036431
i 0.347737185 0.969590667
i 0.401235214 0.969590667
i 0.481482256 0.062554237
i 0.454733242 0.031277118
i 0.508231270 0.031277118
i 0.454733242 0.093831355
i 0.508231270 0.093831355
i 0.481482256 0.187662710
i 0.454733242 0.156385592
i 0.508231270 0.156385592
i 0.454733242 0.218939828
i 0.508231270 0.218939828
i 0.481482256 0.312771183
i 0.454733242 0.281494065
i 0.508231270 0.281494065
i 0.454733242 0.344048301
i 0.508231270 0.344048301
i 0.481482256 0.437879656
i 0.454733242 0.406602538
i 0.508231270 0.406602538
i 0.454733242 0.469156775
i 0.508231270 0.469156775
i 0.481482256 0.562988130
i 0.454733242 0.531711011
i 0.508231270 0.531711011
i 0.454733242 0.594265248
i 0.508231270 0.594265248
i 0.481482256 0.688096603
i 0.454733242 0.656819484
i 0.508231270 0.656819484
i 0.454733242 0.719373721
i 0.508231270 0.719373721
i 0.481482256 0.813205076
i 0.454733242 0.781927958
i 0.508231270 0.781927958
i 0.454733242 0.844482194
i 0.508231270 0.844482194
i 0.481482256 0.938313549
i 0.454733242 0.907036431
i 0.508231270 0.907036431
i 0.454733242 0.969590667
i 0.508231270 0.969590667
i 0.588478313 0.062554237
i 0.561729299 0.031277118
i 0.615227327 0.031277118
i 0.561729299 0.093831355
i 0.615227327 0.093831355
i 0.588478313 0.187662710
i 0.561729299 0.156385592
i 0.615227327 0.156385592
i 0.561729299 0.218939828
i 0.615227327 0.218939828
i 0.588478313 0.312771183
i 0.561729299 0.281494065
i 0.615227327 0.281494065
i 0.561729299 0.344048301
i 0.615227327 0.344048301
i 0.588478313 0.437879656
i 0.561729299 0.406602538
i 0.615227327 0.406602538
i 0.561729299 0.469156775
i 0.615227327 0.469156775
i 0.588478313 0.562988130
i 0.561729299 0.531711011
i 0.615227327 0.531711011
i 0.561729299 0.594265248
i 0.615227327 0.594265248
i 0.588478313 0.688096603
i 0.561729299 0.656819484
i 0.615227327 0.656819484
i 0.561729299 0.719373721
i 0.615227327 0.719373721
i 0.588478313 0.813205076
i 0.561729299 0.781927958
i 0.615227327 0.781927958
i 0.561729299 0.844482194
i 0.615227327 0.844482194
i 0.588478313 0.938313549
i 0.561729299 0.907036431
i 0.615227327 0.907036431
i 0.561729299 0.969590667
i 0.615227327 0.969590667
i 0.695474370 0.062554237
i 0.668725356 0.031277118
i 0.722223384 0.031277118
i 0.668725356 0.093831355
i 0.722223384 0.093831355
i 0.695474370 0.187662710
i 0.668725356 0.156385592
i 0.722223384 0.156385592
i 0.668725356 0.218939828
i 0.722223384 0.218939828
i 0.695474370 0.312771183
i 0.668725356 0.281494065
i 0.722223384 0.281494065
i 0.668725356 0.344048301
i 0.722223384 0.344048301
i 0.695474370 0.437879656
i 0.668725356 0.406602538
i 0.722223384 0.406602538
i 0.668725356 0.469156775
i 0.722223384 0.469156775
i 0.695474370 0.562988130
i 0.668725356 0.531711011
i 0.722223384 0.531711011
i 0.668725356 0.594265248
i 0.722223384 0.594265248
i 0.695474370 0.688096603
i 0.668725356 0.656819484
i 0.722223384 0.656819484
i 0.668725356 0.719373721
i 0.722223384 0.719373721
i 0.695474370 0.813205076
i 0.668725356 0.781927958
i 0.722223384 0.781927958
i 0.668725356 0.844482194
i 0.722223384 0.844482194
i 0.695474370 0.938313549
i 0.668725356 0.907036431
i 0.722223384 0.907036431
i 0.668725356 0.969590667
i 0.722223384 0.969590667
i 0.802470427 0.062554237
i 0.775721413 0.031277118
i 0.829219441 0.031277118
i 0.775721413 0.093831355
i 0.829219441 0.093831355
i 0.802470427 0.187662710
i 0.775721413 0.156385592
i 0.829219441 0.156385592
i 0.775721413 0.218939828
i 0.829219441 0.218939828
i 0.802470427 0.312771183
i 0.775721413 0.281494065
i 0.829219441 0.281494065
i 0.775721413 0.344048301
i 0.829219441 0.344048301
i 0.802470427 0.437879656
i 0.775721413 0.406602538
i 0.829219441 0.406602538
i 0.775721413 0.469156775
i 0.829219441 0.469156775
i 0.802470427 0.562988130
i 0.775721413 0.531711011
i 0.829219441 0.531711011
i 0.775721413 0.594265248
i 0.829219441 0.594265248
i 0.802470427 0.688096603
i 0.775721413 0.656819484
i 0.829219441 0.656819484
i 0.775721413 0.719373721
i 0.829219441 0.719373721
i 0.802470427 0.813205076
i 0.775721413 0.781927958
i 0.829219441 0.781927958
i 0.775721413 0.844482194
i 0.829219441 0.844482194
i 0.802470427 0.938313549
i 0.775721413 0.907036431
i 0.829219441 0.907036431
i 0.775721413 0.969590667
i 0.829219441 0.969590667
tris
t 502 503 0
t 0 1 2
t 2 3 4
t 4 5 6
t 6 7 8
t 8 9 10
t 10 11 12
t 12 13 14
t 14 15 16
t 16 17 18
t 18 19 20
t 20 21 22
t 22 23 24
t 24 25 26
t 26 27 28
t 28 29 30
t 30 31 32
t 32 33 34
t 34 35 36
t 36 37 38
t 38 39 40
t 40 41 42
t 42 43 44
t 44 45 46
t 46 47 48
t 48 49 50
t 50 51 52
t 52 53 54
t 62 61 66
t 62 63 64
t 64 65 66
t 66 67 68
t 68 69 70
t 70 71 72
t 72 73 74
t 74 75 76
t 97 98 99
t 99 100 101
t 101 102 103
t 103 104 105
t 105 106 107
t 107 108 109
t 134 135 136
t 136 137 138
t 138 139 140
t 141 142 143
t 143 144 145
t 145 146 147
t 147 148 149
t 149 150 151
t 151 152 153
t 153 154 155
t 155 156 157
t 157 158 159
t 159 160 161
t 161 162 163
t 163 164 165
t 165 166 167
t 167 168 169
t 169 170 171
t 171 172 173
t 173 174 175
t 175 176 177
t 177 178 179
t 179 180 181
t 181 182 183
t 183 184 185
t 185 186 187
t 187 188 189
t 189 190 191
t 191 192 193
t 193 194 195
t 195 196 197
t 232 233 234
t 240 241 242
t 243 244 245
t 246 247 248
t 249 250 251
t 252 253 254
t 255 256 257
t 258 259 260
t 261 262 263
t 264 265 266
t 267 268 269
t 269 270 271
t 272 273 274
t 274 275 276
t 277 278 279
t 279 280 281
t 282 283 284
t 284 285 286
t 287 288 289
t 289 290 291
t 292 293 294
t 294 295 296
t 297 298 299
t 299 300 301
t 304 305 306
t 307 308 309
t 309 310 311
t 312 313 314
t 314 315 316
t 317 318 319
t 319 320 321
t 322 323 324
t 324 325 326
t 327 328 329
t 329 330 331
t 332 333 334
t 334 335 336
t 337 338 339
t 339 340 341
t 344 345 346
t 347 348 349
t 349 350 351
t 352 353 354
t 354 355 356
t 357 358 359
t 359 360 361
t 362 363 364
t 364 365 366
t 367 368 369
t 369 370 371
t 372 373 374
t 374 375 376
t 377 378 379
t 379 380 381
t 384 385 386
t 387 388 389
t 389 390 391
t 392 393 394
t 394 395 396
t 397 398 399
t 399 400 401
t 402 403 404
t 404 405 406
t 407 408 409
t 409 410 411
t 412 413 414
t 414 415 416
t 417 418 419
t 419 420 421
t 424 425 426
t 427 428 429
t 429 430 431
t 432 433 434
t 434 435 436
t 437 438 439
t 439 440 441
t 442 443 444
t 444 445 446
t 447 448 449
t 449 450 451
t 452 453 454
t 454 455 456
t 457 458 459
t 459 460 461
t 464 465 466
t 467 468 469
t 469 470 471
t 472 473 474
t 474 475 476
t 477 478 479
t 479 480 481
t 482 483 484
t 484 485 486
t 487 488 489
t 489 490 491
t 492 493 494
t 494 495 496
t 497 498 499
t 499 500 501
t 502 0 2
t 2 4 6
t 6 8 10
t 10 12 14
t 14 16 18
t 18 20 22
t 22 24 26
t 26 28 30
t 30 32 34
t 34 36 38
t 38 40 42
t 42 44 46
t 46 48 50
t 50 52 54
t 61 60 66
t 62 64 66
t 66 68 70
t 70 72 74
t 74 76 77
t 97 99 101
t 101 103 105
t 105 107 109
t 134 136 138
t 138 140 141
t 143 145 147
t 147 149 151
t 151 153 155
t 155 157 159
t 159 161 163
t 163 165 167
t 167 169 171
t 171 173 175
t 175 177 179
t 179 181 183
t 183 185 187
t 187 189 191
t 191 193 195
t 240 242 243
t 243 245 246
t 246 248 249
t 249 251 252
t 252 254 255
t 255 257 258
t 258 260 261
t 502 2 6
t 6 10 14
t 14 18 22
t 22 26 30
t 30 34 38
t 38 42 46
t 46 50 54
t 60 59 66
t 66 70 74
t 74 77 78
t 96 97 101
t 101 105 109
t 134 138 141
t 143 147 151
t 151 155 159
t 159 163 167
t 167 171 175
t 175 179 183
t 183 187 191
t 191 195 197
t 357 359 362
t 397 399 402
t 427 429 432
t 432 434 437
t 437 439 442
t 442 444 447
t 447 449 452
t 452 454 457
t 457 459 462
t 467 469 472
t 472 474 477
t 477 479 482
t 482 484 487
t 487 489 492
t 492 494 497
t 497 499 502
t 502 6 14
t 14 22 30
t 30 38 46
t 46 54 55
t 58 59 66
t 66 74 78
t 96 101 109
t 143 151 159
t 159 167 175
t 175 183 191
t 502 14 30
t 30 46 55
t 57 58 66
t 66 78 79
t 95 96 109
t 143 159 175
t 175 191 197
t 502 30 55
t 57 66 79
t 94 95 109
t 143 175 197
t 56 57 79
t 93 94 109
t 55 56 79
t 92 93 109
t 55 79 80
t 55 80 81
t 55 81 82
t 55 82 83
t 347 349 352
t 362 364 367
t 367 369 372
t 372 374 377
t 377 379 382
t 387 389 392
t 402 404 407
t 407 409 412
t 412 414 417
t 417 419 422
t 423 424 462
t 463 464 502
t 267 269 272
t 272 274 277
t 277 279 282
t 282 284 287
t 287 289 292
t 292 294 297
t 297 299 302
t 307 309 312
t 312 314 317
t 317 319 322
t 322 324 327
t 327 329 332
t 332 334 337
t 337 339 342
t 352 354 357
t 392 394 397
t 463 502 55
t 462 463 55
t 423 462 55
t 422 423 55
t 83 240 261
t 55 83 261
t 55 261 263
t 263 264 266
t 303 304 306
t 343 344 382
t 383 384 422
t 263 266 302
t 303 306 342
t 383 422 55
t 55 263 302
t 382 383 55
t 55 302 303
t 343 382 55
t 55 303 342
t 342 343 55
t 240 83 84
t 141 143 197
t 197 198 203
t 204 209 210
t 210 215 216
t 216 221 222
t 222 227 228
t 228 232 234
t 240 84 85
t 240 85 86
t 240 86 87
t 240 87 88
t 240 88 89
t 240 89 90
t 240 90 91
t 240 91 92
t 240 92 109
t 239 240 109
t 141 197 204
t 141 204 234
t 134 141 234
t 133 134 234
