type=Nurbs forward=true n_boundary=196 n_holes=0 n_interior=75 n_tris=384 label=brep47598_f100_Nurbs(deg=3/3, cps=4x7)
boundary
b 0.125596457 0.844638972
b 0.125596580 0.829363903
b 0.125596755 0.814074408
b 0.125596961 0.798770266
b 0.125597179 0.783451257
b 0.125597391 0.768117160
b 0.125597584 0.752767754
b 0.125597744 0.737402817
b 0.125597860 0.722022128
b 0.125597921 0.706625463
b 0.125597921 0.691212600
b 0.125597853 0.675783316
b 0.125597713 0.660337389
b 0.125597506 0.644874605
b 0.125597241 0.629394752
b 0.125596926 0.613897620
b 0.125596572 0.598382997
b 0.125596189 0.582850672
b 0.125595788 0.567300475
b 0.125595389 0.551732737
b 0.125595014 0.536148108
b 0.125594680 0.520547246
b 0.125594402 0.504930806
b 0.125594189 0.489299446
b 0.125594047 0.473653821
b 0.125593979 0.457994589
b 0.125593983 0.442322403
b 0.125594058 0.426637922
b 0.125594196 0.410941800
b 0.125594389 0.395234692
b 0.125594627 0.379517254
b 0.125594898 0.363790140
b 0.125595189 0.348054006
b 0.125595484 0.332309506
b 0.125595771 0.316557292
b 0.125596039 0.300798011
b 0.125596278 0.285032306
b 0.125596481 0.269260499
b 0.125596646 0.253482413
b 0.125596776 0.237697829
b 0.125596872 0.221906528
b 0.125596936 0.206108291
b 0.125596972 0.190302897
b 0.125596981 0.174490128
b 0.125596969 0.158669764
b 0.125596939 0.142841585
b 0.125596895 0.127005371
b 0.125596842 0.111160902
b 0.125596783 0.095307958
b 0.125596724 0.079446320
b 0.125596667 0.063575767
b 0.125596618 0.047696079
b 0.125596579 0.031807035
b 0.125596553 0.015908416
b 0.125596544 -0.000000000
b 0.132434544 -0.000000000
b 0.139269378 -0.000000000
b 0.146101106 -0.000000000
b 0.152929787 -0.000000000
b 0.159755483 -0.000000000
b 0.166578254 -0.000000000
b 0.173398158 -0.000000000
b 0.180215256 -0.000000000
b 0.187029608 -0.000000000
b 0.193841272 -0.000000000
b 0.200650310 -0.000000000
b 0.207456780 -0.000000000
b 0.214260741 -0.000000000
b 0.221062252 -0.000000000
b 0.227861374 -0.000000000
b 0.234658164 -0.000000000
b 0.241452682 -0.000000000
b 0.248244987 -0.000000000
b 0.255035138 -0.000000000
b 0.261823193 -0.000000000
b 0.268609211 -0.000000000
b 0.275393250 -0.000000000
b 0.282175370 -0.000000000
b 0.288955629 -0.000000000
b 0.295734084 -0.000000000
b 0.302510796 -0.000000000
b 0.309285821 -0.000000000
b 0.316059218 -0.000000000
b 0.322831045 -0.000000000
b 0.329601361 -0.000000000
b 0.336370223 -0.000000000
b 0.346239891 0.015740441
b 0.356102345 0.031471382
b 0.365957970 0.047193043
b 0.375807148 0.062905643
b 0.385650265 0.078609403
b 0.395487703 0.094304542
b 0.405319844 0.109991281
b 0.415147071 0.125669839
b 0.424969764 0.141340436
b 0.434788305 0.157003292
b 0.444603073 0.172658625
b 0.454414449 0.188306656
b 0.464222811 0.203947605
b 0.474028538 0.219581689
b 0.483832006 0.235209130
b 0.493633593 0.250830146
b 0.503433674 0.266444957
b 0.513232624 0.282053781
b 0.523030791 0.297656795
b 0.532828202 0.313253679
b 0.542624679 0.328843790
b 0.552420041 0.344426481
b 0.562214104 0.360001101
b 0.572006681 0.375566997
b 0.581797585 0.391123514
b 0.591586630 0.406669996
b 0.601373629 0.422205789
b 0.611158397 0.437730238
b 0.620940749 0.453242687
b 0.630720502 0.468742480
b 0.640497474 0.484228961
b 0.650271485 0.499701475
b 0.660042355 0.515159366
b 0.669809907 0.530601978
b 0.679573968 0.546028654
b 0.689334363 0.561438738
b 0.699090927 0.576831580
b 0.708843692 0.592206851
b 0.718592998 0.607564719
b 0.728339210 0.622905397
b 0.738082692 0.638229097
b 0.747823809 0.653536030
b 0.757562923 0.668826410
b 0.767300395 0.684100447
b 0.777036580 0.699358361
b 0.786771829 0.714600374
b 0.796506489 0.729826708
b 0.806240908 0.745037586
b 0.815975432 0.760233229
b 0.825710405 0.775413857
b 0.835446168 0.790579693
b 0.845183063 0.805730957
b 0.854921429 0.820867868
b 0.864661603 0.835990648
b 0.874403922 0.851099517
b 0.860673710 0.851142426
b 0.846956056 0.851189830
b 0.833250473 0.851241721
b 0.819556477 0.851298088
b 0.805873591 0.851358923
b 0.792201340 0.851424217
b 0.778539251 0.851493961
b 0.764886857 0.851568146
b 0.751243690 0.851646763
b 0.737609287 0.851729805
b 0.723983185 0.851817261
b 0.710364925 0.851909124
b 0.696754047 0.852005385
b 0.683150093 0.852106036
b 0.669552604 0.852211068
b 0.655961124 0.852320473
b 0.642375196 0.852434242
b 0.628794360 0.852552369
b 0.615218159 0.852674844
b 0.601646134 0.852801659
b 0.588077822 0.852932807
b 0.574512763 0.853068280
b 0.560950490 0.853208069
b 0.547390538 0.853352168
b 0.533832436 0.853500568
b 0.520275712 0.853653262
b 0.506719891 0.853810242
b 0.493164493 0.853971501
b 0.479609037 0.854137028
b 0.466053043 0.854306812
b 0.452496035 0.854480840
b 0.438937539 0.854659100
b 0.425377082 0.854841580
b 0.411814193 0.855028267
b 0.398248402 0.855219150
b 0.384679240 0.855414217
b 0.371106239 0.855613455
b 0.357528930 0.855816853
b 0.343946846 0.856024398
b 0.330359516 0.856236080
b 0.316766473 0.856451887
b 0.303167245 0.856671806
b 0.289561361 0.856895827
b 0.275948346 0.857123937
b 0.262327726 0.857356125
b 0.248699022 0.857592381
b 0.235061753 0.857832692
b 0.221415436 0.858077047
b 0.207759582 0.858325435
b 0.194093702 0.858577845
b 0.180417300 0.858834266
b 0.166729876 0.859094686
b 0.153030927 0.859359095
b 0.139319943 0.859627481
b 0.125596409 0.859899835
interior
i 0.219195222 0.107487479
i 0.312796464 0.107487479
i 0.406397707 0.107487479
i 0.219195222 0.214974959
i 0.312796464 0.214974959
i 0.406397707 0.214974959
i 0.219195222 0.322462438
i 0.312796464 0.322462438
i 0.406397707 0.322462438
i 0.499998950 0.322462438
i 0.219195222 0.429949917
i 0.312796464 0.429949917
i 0.406397707 0.429949917
i 0.499998950 0.429949917
i 0.593600193 0.429949917
i 0.219195222 0.537437397
i 0.312796464 0.537437397
i 0.406397707 0.537437397
i 0.499998950 0.537437397
i 0.593600193 0.537437397
i 0.219195222 0.644924876
i 0.312796464 0.644924876
i 0.406397707 0.644924876
i 0.499998950 0.644924876
i 0.593600193 0.644924876
i 0.687201436 0.644924876
i 0.219195222 0.752412355
i 0.312796464 0.752412355
i 0.406397707 0.752412355
i 0.499998950 0.752412355
i 0.593600193 0.752412355
i 0.687201436 0.752412355
i 0.780802679 0.752412355
i 0.172394600 0.053743740
i 0.172394600 0.161231219
i 0.172394600 0.268718698
i 0.172394600 0.376206178
i 0.172394600 0.483693657
i 0.172394600 0.591181136
i 0.172394600 0.698668616
i 0.172394600 0.806156095
i 0.265995843 0.053743740
i 0.265995843 0.161231219
i 0.265995843 0.268718698
i 0.265995843 0.376206178
i 0.265995843 0.483693657
i 0.265995843 0.591181136
i 0.265995843 0.698668616
i 0.265995843 0.806156095
i 0.359597086 0.053743740
i 0.359597086 0.161231219
i 0.359597086 0.268718698
i 0.359597086 0.376206178
i 0.359597086 0.483693657
i 0.359597086 0.591181136
i 0.359597086 0.698668616
i 0.359597086 0.806156095
i 0.453198329 0.268718698
i 0.453198329 0.376206178
i 0.453198329 0.483693657
i 0.453198329 0.591181136
i 0.453198329 0.698668616
i 0.453198329 0.806156095
i 0.546799572 0.376206178
i 0.546799572 0.483693657
i 0.546799572 0.591181136
i 0.546799572 0.698668616
i 0.546799572 0.806156095
i 0.640400815 0.483693657
i 0.640400815 0.591181136
i 0.640400815 0.698668616
i 0.640400815 0.806156095
i 0.734002057 0.698668616
i 0.734002057 0.806156095
i 0.827603300 0.806156095
tris
t 54 52 53
t 54 51 52
t 54 50 51
t 54 49 50
t 54 48 49
t 54 47 48
t 54 46 47
t 54 45 46
t 54 44 45
t 54 43 44
t 54 42 43
t 54 41 42
t 54 40 41
t 54 39 40
t 54 38 39
t 54 37 38
t 54 36 37
t 54 35 36
t 54 34 35
t 54 33 34
t 54 32 33
t 54 31 32
t 54 30 31
t 54 29 30
t 54 28 29
t 54 27 28
t 85 86 87
t 85 87 88
t 85 88 89
t 85 89 90
t 85 90 91
t 85 91 92
t 85 92 93
t 85 93 94
t 85 94 95
t 85 95 96
t 85 96 97
t 85 97 98
t 85 98 99
t 85 99 100
t 85 100 101
t 85 101 102
t 85 102 103
t 85 103 104
t 85 104 105
t 85 105 106
t 85 106 107
t 85 107 108
t 85 108 109
t 85 109 110
t 85 110 111
t 85 111 112
t 54 271 27
t 54 272 271
t 54 273 272
t 54 274 273
t 54 55 274
t 55 275 274
t 55 56 275
t 56 276 275
t 56 277 276
t 56 57 277
t 57 278 277
t 57 58 278
t 58 279 278
t 58 280 279
t 58 59 280
t 59 281 280
t 59 60 281
t 60 282 281
t 60 283 282
t 60 61 283
t 61 284 283
t 61 62 284
t 62 285 284
t 62 286 285
t 62 63 286
t 63 287 286
t 63 64 287
t 64 288 287
t 64 289 288
t 64 65 289
t 65 290 289
t 65 66 290
t 66 291 290
t 66 292 291
t 66 67 292
t 67 293 292
t 67 68 293
t 68 294 293
t 68 295 294
t 68 69 295
t 69 296 295
t 69 70 296
t 70 297 296
t 70 298 297
t 70 71 298
t 71 299 298
t 71 72 299
t 72 300 299
t 72 301 300
t 72 73 301
t 73 302 301
t 73 74 302
t 74 303 302
t 74 304 303
t 74 75 304
t 75 305 304
t 75 76 305
t 76 306 305
t 76 307 306
t 76 77 307
t 77 308 307
t 77 78 308
t 78 309 308
t 78 310 309
t 78 79 310
t 79 311 310
t 79 80 311
t 80 312 311
t 80 313 312
t 80 81 313
t 81 314 313
t 81 82 314
t 82 315 314
t 82 316 315
t 82 83 316
t 83 317 316
t 83 84 317
t 84 318 317
t 84 319 318
t 84 85 319
t 85 320 319
t 85 321 320
t 85 322 321
t 85 323 322
t 85 324 323
t 85 325 324
t 85 326 325
t 85 327 326
t 85 328 327
t 85 329 328
t 85 330 329
t 85 331 330
t 85 332 331
t 85 333 332
t 85 334 333
t 85 335 334
t 85 336 335
t 85 337 336
t 85 338 337
t 85 339 338
t 85 340 339
t 85 341 340
t 85 342 341
t 85 343 342
t 85 344 343
t 85 345 344
t 85 346 345
t 85 347 346
t 85 348 347
t 85 349 348
t 85 350 349
t 85 351 350
t 85 352 351
t 85 353 352
t 85 354 353
t 85 355 354
t 85 356 355
t 85 357 356
t 85 358 357
t 85 359 358
t 85 360 359
t 85 361 360
t 85 362 361
t 85 363 362
t 85 364 363
t 85 365 364
t 85 112 365
t 27 25 26
t 27 24 25
t 27 23 24
t 27 22 23
t 27 21 22
t 27 20 21
t 27 19 20
t 27 18 19
t 27 17 18
t 27 16 17
t 27 15 16
t 27 14 15
t 27 13 14
t 27 12 13
t 27 11 12
t 27 10 11
t 27 9 10
t 27 8 9
t 27 7 8
t 27 6 7
t 27 5 6
t 27 4 5
t 27 3 4
t 27 2 3
t 27 1 2
t 27 0 1
t 27 195 0
t 112 113 114
t 112 114 115
t 112 115 116
t 112 116 117
t 112 117 118
t 112 118 119
t 112 119 120
t 112 120 121
t 112 121 122
t 112 122 123
t 112 123 124
t 112 124 125
t 112 125 126
t 112 126 127
t 112 127 128
t 112 128 129
t 112 129 130
t 112 130 131
t 112 131 132
t 112 132 133
t 112 133 134
t 112 134 135
t 112 135 136
t 112 136 137
t 112 137 138
t 112 138 139
t 112 139 140
t 112 140 141
t 112 141 142
t 112 142 143
t 112 143 144
t 112 144 145
t 112 145 146
t 112 146 147
t 112 147 148
t 112 148 149
t 112 149 150
t 112 150 151
t 112 151 152
t 112 152 153
t 112 153 154
t 112 154 155
t 112 155 156
t 112 156 157
t 112 157 158
t 112 158 159
t 112 159 160
t 112 160 161
t 112 161 162
t 112 162 163
t 112 163 164
t 112 164 165
t 112 165 166
t 112 166 167
t 112 167 168
t 112 168 169
t 112 169 170
t 112 170 171
t 112 171 172
t 112 172 173
t 112 173 174
t 112 174 175
t 112 175 176
t 112 176 177
t 112 177 178
t 112 178 179
t 112 179 180
t 112 180 181
t 112 181 182
t 112 182 183
t 112 183 184
t 112 184 185
t 112 185 186
t 112 186 187
t 112 187 188
t 112 188 189
t 112 189 190
t 112 190 191
t 112 191 192
t 112 192 193
t 112 193 194
t 112 194 195
t 27 271 195
t 271 272 195
t 272 273 195
t 273 274 195
t 274 275 195
t 275 276 195
t 276 277 195
t 277 278 195
t 278 279 195
t 279 280 195
t 280 281 195
t 281 282 195
t 282 283 195
t 283 284 195
t 284 285 195
t 285 286 195
t 286 287 195
t 287 288 195
t 288 289 195
t 289 290 195
t 290 291 195
t 291 292 195
t 292 293 195
t 293 294 195
t 294 295 195
t 295 296 195
t 296 297 195
t 297 298 195
t 298 299 195
t 299 300 195
t 300 301 195
t 301 302 195
t 302 303 195
t 303 304 195
t 304 305 195
t 305 306 195
t 306 307 195
t 307 308 195
t 308 309 195
t 309 310 195
t 310 311 195
t 311 312 195
t 312 313 195
t 313 314 195
t 314 315 195
t 315 316 195
t 316 317 195
t 317 318 195
t 318 319 195
t 319 320 195
t 320 321 195
t 321 322 195
t 322 323 195
t 323 324 195
t 324 325 195
t 325 326 195
t 326 327 195
t 327 328 195
t 328 329 195
t 329 330 195
t 330 331 195
t 331 332 195
t 332 333 195
t 333 334 195
t 334 335 195
t 335 336 195
t 336 337 195
t 337 338 195
t 338 339 195
t 339 340 195
t 340 341 195
t 341 342 195
t 342 343 195
t 343 344 195
t 344 345 195
t 345 346 195
t 346 347 195
t 347 348 195
t 348 349 195
t 349 350 195
t 350 351 195
t 351 352 195
t 352 353 195
t 353 354 195
t 354 355 195
t 355 356 195
t 356 357 195
t 357 358 195
t 358 359 195
t 359 360 195
t 360 361 195
t 361 362 195
t 362 363 195
t 363 364 195
t 364 365 195
t 365 112 195
