type=Cone forward=true n_boundary=197 n_holes=0 n_interior=99 n_tris=294 label=brep32629_f83_Cone
boundary
b 1.318923180 0.018004083
b 1.319379937 0.018016297
b 1.319831639 0.018036592
b 1.320278422 0.018064917
b 1.320720421 0.018101220
b 1.321157770 0.018145452
b 1.321590604 0.018197561
b 1.322019059 0.018257497
b 1.322443269 0.018325208
b 1.322863369 0.018400644
b 1.323279494 0.018483753
b 1.323691780 0.018574486
b 1.324100360 0.018672791
b 1.324505370 0.018778617
b 1.324906770 0.018891904
b 1.325304194 0.019012577
b 1.325697236 0.019140556
b 1.326085488 0.019275763
b 1.326468545 0.019418120
b 1.326846000 0.019567548
b 1.327217447 0.019723968
b 1.327582479 0.019887303
b 1.327940692 0.020057473
b 1.328291677 0.020234401
b 1.328635029 0.020418007
b 1.328970342 0.020608214
b 1.329297209 0.020804942
b 1.329615228 0.021008109
b 1.329924096 0.021217546
b 1.330223607 0.021432995
b 1.330513560 0.021654192
b 1.330793753 0.021880878
b 1.331063987 0.022112789
b 1.331324059 0.022349665
b 1.331573768 0.022591243
b 1.331812914 0.022837262
b 1.332041295 0.023087459
b 1.332258710 0.023341573
b 1.332464958 0.023599343
b 1.332659838 0.023860506
b 1.332843148 0.024124801
b 1.333014692 0.024391990
b 1.333174321 0.024662050
b 1.333321908 0.024935070
b 1.333457325 0.025211138
b 1.333580447 0.025490341
b 1.333691146 0.025772768
b 1.333789295 0.026058508
b 1.333874769 0.026347649
b 1.333947441 0.026640279
b 1.334007184 0.026936487
b 1.334053871 0.027236362
b 1.334087375 0.027539991
b 1.334107571 0.027847462
b 1.334114331 0.028158866
b 1.299532655 0.018000000
b 1.299272052 0.017320248
b 1.299009664 0.016641425
b 1.298745474 0.015963530
b 1.298479464 0.015286563
b 1.298211616 0.014610524
b 1.297941914 0.013935412
b 1.297670337 0.013261226
b 1.297396869 0.012587967
b 1.297121491 0.011915634
b 1.296844183 0.011244225
b 1.296564927 0.010573742
b 1.296283704 0.009904183
b 1.296000493 0.009235548
b 1.295715276 0.008567837
b 1.295428031 0.007901048
b 1.295138739 0.007235182
b 1.294847378 0.006570238
b 1.294553928 0.005906216
b 1.294258368 0.005243115
b 1.293960676 0.004580936
b 1.293660830 0.003919682
b 1.293358808 0.003259355
b 1.293054588 0.002599957
b 1.292748148 0.001941490
b 1.292439464 0.001283956
b 1.292128514 0.000627357
b 1.291815274 -0.000028304
b 1.291499719 -0.000683025
b 1.291181827 -0.001336805
b 1.290861572 -0.001989641
b 1.290538930 -0.002641530
b 1.290213876 -0.003292472
b 1.289886384 -0.003942463
b 1.289556428 -0.004591501
b 1.289223983 -0.005239585
b 1.288889022 -0.005886712
b 1.288551518 -0.006532880
b 1.288211444 -0.007178088
b 1.287868771 -0.007822336
b 1.287523470 -0.008465624
b 1.287175513 -0.009107953
b 1.286824869 -0.009749323
b 1.286471508 -0.010389734
b 1.286115400 -0.011029187
b 1.285756514 -0.011667681
b 1.285394817 -0.012305218
b 1.285030279 -0.012941797
b 1.284662867 -0.013577420
b 1.284292548 -0.014212085
b 1.283919288 -0.014845793
b 1.283543053 -0.015478546
b 1.283163809 -0.016110343
b 1.282781521 -0.016741184
b 1.282396153 -0.017371069
b 1.282007669 -0.018000000
b 1.283748912 -0.018000000
b 1.285490155 -0.018000000
b 1.287231399 -0.018000000
b 1.288972642 -0.018000000
b 1.290713885 -0.018000000
b 1.292455128 -0.018000000
b 1.294196372 -0.018000000
b 1.295937615 -0.018000000
b 1.297678858 -0.018000000
b 1.299420101 -0.018000000
b 1.301161344 -0.018000000
b 1.302902588 -0.018000000
b 1.304643831 -0.018000000
b 1.306385074 -0.018000000
b 1.308126317 -0.018000000
b 1.309867561 -0.018000000
b 1.311608804 -0.018000000
b 1.313350047 -0.018000000
b 1.315091290 -0.018000000
b 1.316832534 -0.018000000
b 1.318573777 -0.018000000
b 1.320315020 -0.018000000
b 1.322056263 -0.018000000
b 1.323797506 -0.018000000
b 1.325538750 -0.018000000
b 1.327279993 -0.018000000
b 1.329021236 -0.018000000
b 1.330762479 -0.018000000
b 1.332503723 -0.018000000
b 1.334244966 -0.018000000
b 1.335986209 -0.018000000
b 1.335598340 -0.017372069
b 1.335213553 -0.016743147
b 1.334831812 -0.016113233
b 1.334453084 -0.015482326
b 1.334077332 -0.014850426
b 1.333704525 -0.014217533
b 1.333334628 -0.013583648
b 1.332967610 -0.012948768
b 1.332603437 -0.012312895
b 1.332242078 -0.011676027
b 1.331883502 -0.011038165
b 1.331527678 -0.010399309
b 1.331174576 -0.009759457
b 1.330824166 -0.009118610
b 1.330476418 -0.008476768
b 1.330131303 -0.007833929
b 1.329788792 -0.007190095
b 1.329448858 -0.006545264
b 1.329111473 -0.005899436
b 1.328776608 -0.005252613
b 1.328444240 -0.004604797
b 1.328114340 -0.003955989
b 1.327786884 -0.003306192
b 1.327461847 -0.002655407
b 1.327139202 -0.002003638
b 1.326818927 -0.001350885
b 1.326500996 -0.000697151
b 1.326185386 -0.000042438
b 1.325872072 0.000613253
b 1.325561032 0.001269918
b 1.325252242 0.001927556
b 1.324945679 0.002586166
b 1.324641322 0.003245744
b 1.324339147 0.003906289
b 1.324039133 0.004567799
b 1.323741259 0.005230271
b 1.323445502 0.005893705
b 1.323151843 0.006558098
b 1.322860259 0.007223451
b 1.322570730 0.007889764
b 1.322283236 0.008557038
b 1.321997758 0.009225274
b 1.321714274 0.009894471
b 1.321432766 0.010564630
b 1.321153214 0.011235752
b 1.320875600 0.011907836
b 1.320599904 0.012580884
b 1.320326109 0.013254896
b 1.320054195 0.013929872
b 1.319784144 0.014605813
b 1.319515940 0.015282718
b 1.319249564 0.015960589
b 1.318984999 0.016639427
b 1.318722228 0.017319230
b 1.318461233 0.018000000
interior
i 1.286505881 -0.015115071
i 1.291004092 -0.015115071
i 1.295502304 -0.015115071
i 1.300000516 -0.015115071
i 1.304498727 -0.015115071
i 1.308996939 -0.015115071
i 1.313495151 -0.015115071
i 1.317993362 -0.015115071
i 1.322491574 -0.015115071
i 1.326989786 -0.015115071
i 1.331487997 -0.015115071
i 1.286505881 -0.012230142
i 1.291004092 -0.012230142
i 1.295502304 -0.012230142
i 1.300000516 -0.012230142
i 1.304498727 -0.012230142
i 1.308996939 -0.012230142
i 1.313495151 -0.012230142
i 1.317993362 -0.012230142
i 1.322491574 -0.012230142
i 1.326989786 -0.012230142
i 1.331487997 -0.012230142
i 1.291004092 -0.009345213
i 1.295502304 -0.009345213
i 1.300000516 -0.009345213
i 1.304498727 -0.009345213
i 1.308996939 -0.009345213
i 1.313495151 -0.009345213
i 1.317993362 -0.009345213
i 1.322491574 -0.009345213
i 1.326989786 -0.009345213
i 1.291004092 -0.006460284
i 1.295502304 -0.006460284
i 1.300000516 -0.006460284
i 1.304498727 -0.006460284
i 1.308996939 -0.006460284
i 1.313495151 -0.006460284
i 1.317993362 -0.006460284
i 1.322491574 -0.006460284
i 1.326989786 -0.006460284
i 1.291004092 -0.003575355
i 1.295502304 -0.003575355
i 1.300000516 -0.003575355
i 1.304498727 -0.003575355
i 1.308996939 -0.003575355
i 1.313495151 -0.003575355
i 1.317993362 -0.003575355
i 1.322491574 -0.003575355
i 1.326989786 -0.003575355
i 1.295502304 -0.000690425
i 1.300000516 -0.000690425
i 1.304498727 -0.000690425
i 1.308996939 -0.000690425
i 1.313495151 -0.000690425
i 1.317993362 -0.000690425
i 1.322491574 -0.000690425
i 1.295502304 0.002194504
i 1.300000516 0.002194504
i 1.304498727 0.002194504
i 1.308996939 0.002194504
i 1.313495151 0.002194504
i 1.317993362 0.002194504
i 1.322491574 0.002194504
i 1.295502304 0.005079433
i 1.300000516 0.005079433
i 1.304498727 0.005079433
i 1.308996939 0.005079433
i 1.313495151 0.005079433
i 1.317993362 0.005079433
i 1.322491574 0.005079433
i 1.300000516 0.007964362
i 1.304498727 0.007964362
i 1.308996939 0.007964362
i 1.313495151 0.007964362
i 1.317993362 0.007964362
i 1.300000516 0.010849291
i 1.304498727 0.010849291
i 1.308996939 0.010849291
i 1.313495151 0.010849291
i 1.317993362 0.010849291
i 1.300000516 0.013734220
i 1.304498727 0.013734220
i 1.308996939 0.013734220
i 1.313495151 0.013734220
i 1.317993362 0.013734220
i 1.300000516 0.016619149
i 1.304498727 0.016619149
i 1.308996939 0.016619149
i 1.313495151 0.016619149
i 1.317993362 0.016619149
i 1.308996939 0.019504078
i 1.313495151 0.019504078
i 1.317993362 0.019504078
i 1.322491574 0.019504078
i 1.317993362 0.022389007
i 1.322491574 0.022389007
i 1.326989786 0.022389007
i 1.326989786 0.025273936
i 1.331487997 0.025273936
tris
t 295 0 1
t 1 2 3
t 3 4 5
t 5 6 7
t 7 8 9
t 9 10 11
t 11 12 13
t 13 14 15
t 15 16 17
t 17 18 19
t 19 20 21
t 21 22 23
t 23 24 25
t 25 26 27
t 27 28 29
t 29 30 31
t 31 32 33
t 33 34 35
t 35 36 37
t 37 38 39
t 39 40 41
t 41 42 43
t 43 44 45
t 45 46 47
t 47 48 49
t 49 50 51
t 51 52 53
t 53 54 55
t 109 110 111
t 140 141 142
t 206 207 208
t 217 218 219
t 226 227 228
t 235 236 237
t 244 245 246
t 251 252 253
t 258 259 260
t 265 266 267
t 270 271 272
t 275 276 277
t 280 281 282
t 285 286 287
t 289 290 291
t 292 293 294
t 295 1 3
t 3 5 7
t 7 9 11
t 11 13 15
t 15 17 19
t 19 21 23
t 23 25 27
t 27 29 31
t 31 33 35
t 35 37 39
t 39 41 43
t 43 45 47
t 47 49 51
t 51 53 55
t 108 109 111
t 139 140 142
t 205 206 208
t 216 217 219
t 225 226 228
t 234 235 237
t 243 244 246
t 250 251 253
t 257 258 260
t 264 265 267
t 269 270 272
t 274 275 277
t 279 280 282
t 284 285 287
t 288 289 291
t 291 292 294
t 295 3 7
t 7 11 15
t 15 19 23
t 23 27 31
t 31 35 39
t 39 43 47
t 107 108 111
t 138 139 142
t 195 196 197
t 204 205 208
t 215 216 219
t 224 225 228
t 233 234 237
t 242 243 246
t 249 250 253
t 256 257 260
t 263 264 267
t 268 269 272
t 273 274 277
t 278 279 282
t 283 284 287
t 287 288 291
t 295 7 15
t 15 23 31
t 31 39 47
t 106 107 111
t 137 138 142
t 194 195 197
t 203 204 208
t 214 215 219
t 223 224 228
t 232 233 237
t 241 242 246
t 248 249 253
t 255 256 260
t 262 263 267
t 267 268 272
t 272 273 277
t 277 278 282
t 282 283 287
t 295 15 31
t 31 47 51
t 105 106 111
t 136 137 142
t 202 203 208
t 213 214 219
t 222 223 228
t 231 232 237
t 240 241 246
t 247 248 253
t 254 255 260
t 261 262 267
t 295 31 51
t 104 105 111
t 135 136 142
t 201 202 208
t 212 213 219
t 221 222 228
t 230 231 237
t 239 240 246
t 246 247 253
t 253 254 260
t 260 261 267
t 294 295 51
t 103 104 111
t 134 135 142
t 200 201 208
t 211 212 219
t 220 221 228
t 229 230 237
t 238 239 246
t 260 267 272
t 294 51 55
t 102 103 111
t 133 134 142
t 193 194 197
t 199 200 208
t 210 211 219
t 219 220 228
t 228 229 237
t 237 238 246
t 260 272 277
t 282 287 55
t 287 291 55
t 291 294 55
t 101 102 111
t 132 133 142
t 192 193 197
t 198 199 208
t 209 210 219
t 237 246 253
t 260 277 282
t 282 55 56
t 100 101 111
t 131 132 142
t 191 192 197
t 197 198 208
t 208 209 219
t 237 253 260
t 260 282 56
t 99 100 111
t 130 131 142
t 190 191 197
t 208 219 228
t 260 56 57
t 98 99 111
t 129 130 142
t 189 190 197
t 208 228 237
t 260 57 58
t 97 98 111
t 128 129 142
t 188 189 197
t 260 58 59
t 96 97 111
t 127 128 142
t 187 188 197
t 260 59 60
t 95 96 111
t 126 127 142
t 186 187 197
t 237 260 60
t 94 95 111
t 125 126 142
t 185 186 197
t 237 60 61
t 93 94 111
t 124 125 142
t 184 185 197
t 237 61 62
t 92 93 111
t 123 124 142
t 183 184 197
t 237 62 63
t 91 92 111
t 122 123 142
t 182 183 197
t 237 63 64
t 90 91 111
t 121 122 142
t 181 182 197
t 237 64 65
t 89 90 111
t 120 121 142
t 180 181 197
t 237 65 66
t 88 89 111
t 119 120 142
t 179 180 197
t 237 66 67
t 87 88 111
t 118 119 142
t 178 179 197
t 237 67 68
t 86 87 111
t 117 118 142
t 177 178 197
t 237 68 69
t 85 86 111
t 116 117 142
t 176 177 197
t 237 69 70
t 84 85 111
t 115 116 142
t 175 176 197
t 237 70 71
t 83 84 111
t 114 115 142
t 174 175 197
t 237 71 72
t 82 83 111
t 113 114 142
t 173 174 197
t 237 72 73
t 81 82 111
t 112 113 142
t 172 173 197
t 208 237 73
t 80 81 111
t 111 112 142
t 171 172 197
t 208 73 74
t 79 80 111
t 111 142 143
t 170 171 197
t 208 74 75
t 78 79 111
t 111 143 144
t 169 170 197
t 208 75 76
t 77 78 111
t 111 144 145
t 168 169 197
t 208 76 77
t 111 145 146
t 167 168 197
t 208 77 111
t 111 146 147
t 166 167 197
t 197 208 111
t 111 147 148
t 165 166 197
t 197 111 148
t 164 165 197
t 197 148 149
t 163 164 197
t 197 149 150
t 162 163 197
t 197 150 151
t 161 162 197
t 197 151 152
t 160 161 197
t 197 152 153
t 159 160 197
t 197 153 154
t 158 159 197
t 197 154 155
t 157 158 197
t 197 155 156
t 156 157 197
