type=Cone forward=true n_boundary=172 n_holes=0 n_interior=94 n_tris=263 label=brep32629_f74_Cone
boundary
b 6.030239614 0.018000000
b 6.029629015 0.018000000
b 6.029018416 0.018000000
b 6.028407816 0.018000000
b 6.027797217 0.018000000
b 6.027186618 0.018000000
b 6.026576019 0.018000000
b 6.025965419 0.018000000
b 6.025354820 0.018000000
b 6.024744221 0.018000000
b 6.024133621 0.018000000
b 6.023523022 0.018000000
b 6.022912423 0.018000000
b 6.022301823 0.018000000
b 6.021691224 0.018000000
b 6.021080625 0.018000000
b 6.020470025 0.018000000
b 6.019859426 0.018000000
b 6.019248827 0.018000000
b 6.018638227 0.018000000
b 6.018027628 0.018000000
b 6.017417029 0.018000000
b 6.016806429 0.018000000
b 6.016195830 0.018000000
b 6.015585231 0.018000000
b 6.014974632 0.018000000
b 6.014364032 0.018000000
b 6.013753433 0.018000000
b 6.013142834 0.018000000
b 6.012532234 0.018000000
b 6.011921635 0.018000000
b 6.011661032 0.017320248
b 6.011398645 0.016641425
b 6.011134454 0.015963530
b 6.010868444 0.015286563
b 6.010600597 0.014610524
b 6.010330894 0.013935412
b 6.010059318 0.013261226
b 6.009785850 0.012587967
b 6.009510471 0.011915634
b 6.009233164 0.011244225
b 6.008953908 0.010573742
b 6.008672684 0.009904183
b 6.008389474 0.009235548
b 6.008104256 0.008567837
b 6.007817011 0.007901048
b 6.007527719 0.007235182
b 6.007236358 0.006570238
b 6.006942909 0.005906216
b 6.006647348 0.005243115
b 6.006349656 0.004580936
b 6.006049810 0.003919682
b 6.005747788 0.003259355
b 6.005443569 0.002599957
b 6.005137129 0.001941490
b 6.004828445 0.001283956
b 6.004517495 0.000627357
b 6.004204254 -0.000028304
b 6.003888700 -0.000683025
b 6.003570807 -0.001336805
b 6.003250552 -0.001989641
b 6.002927910 -0.002641530
b 6.002602856 -0.003292472
b 6.002275364 -0.003942463
b 6.001945409 -0.004591501
b 6.001612963 -0.005239585
b 6.001278002 -0.005886712
b 6.000940498 -0.006532880
b 6.000600424 -0.007178088
b 6.000257751 -0.007822336
b 5.999912450 -0.008465624
b 5.999564493 -0.009107953
b 5.999213849 -0.009749323
b 5.998860488 -0.010389734
b 5.998504380 -0.011029187
b 5.998145494 -0.011667681
b 5.997783798 -0.012305218
b 5.997419260 -0.012941797
b 5.997051848 -0.013577420
b 5.996681528 -0.014212085
b 5.996308268 -0.014845793
b 5.995932033 -0.015478546
b 5.995552789 -0.016110343
b 5.995170501 -0.016741184
b 5.994785133 -0.017371069
b 5.994396649 -0.018000000
b 5.996137892 -0.018000000
b 5.997879136 -0.018000000
b 5.999620379 -0.018000000
b 6.001361622 -0.018000000
b 6.003102865 -0.018000000
b 6.004844109 -0.018000000
b 6.006585352 -0.018000000
b 6.008326595 -0.018000000
b 6.010067838 -0.018000000
b 6.011809082 -0.018000000
b 6.013550325 -0.018000000
b 6.015291568 -0.018000000
b 6.017032811 -0.018000000
b 6.018774055 -0.018000000
b 6.020515298 -0.018000000
b 6.022256541 -0.018000000
b 6.023997784 -0.018000000
b 6.025739027 -0.018000000
b 6.027480271 -0.018000000
b 6.029221514 -0.018000000
b 6.030962757 -0.018000000
b 6.032704000 -0.018000000
b 6.034445244 -0.018000000
b 6.036186487 -0.018000000
b 6.037927730 -0.018000000
b 6.039668973 -0.018000000
b 6.041410217 -0.018000000
b 6.043151460 -0.018000000
b 6.044892703 -0.018000000
b 6.046633946 -0.018000000
b 6.048375190 -0.018000000
b 6.047987321 -0.017372069
b 6.047602534 -0.016743147
b 6.047220793 -0.016113233
b 6.046842064 -0.015482326
b 6.046466313 -0.014850426
b 6.046093505 -0.014217533
b 6.045723609 -0.013583648
b 6.045356590 -0.012948768
b 6.044992417 -0.012312895
b 6.044631058 -0.011676027
b 6.044272483 -0.011038165
b 6.043916659 -0.010399309
b 6.043563557 -0.009759457
b 6.043213146 -0.009118610
b 6.042865398 -0.008476768
b 6.042520283 -0.007833929
b 6.042177773 -0.007190095
b 6.041837839 -0.006545264
b 6.041500453 -0.005899436
b 6.041165589 -0.005252613
b 6.040833220 -0.004604797
b 6.040503320 -0.003955989
b 6.040175865 -0.003306192
b 6.039850827 -0.002655407
b 6.039528183 -0.002003638
b 6.039207907 -0.001350885
b 6.038889977 -0.000697151
b 6.038574366 -0.000042438
b 6.038261052 0.000613253
b 6.037950012 0.001269918
b 6.037641222 0.001927556
b 6.037334660 0.002586166
b 6.037030302 0.003245744
b 6.036728128 0.003906289
b 6.036428114 0.004567799
b 6.036130239 0.005230271
b 6.035834483 0.005893705
b 6.035540823 0.006558098
b 6.035249239 0.007223451
b 6.034959710 0.007889764
b 6.034672217 0.008557038
b 6.034386738 0.009225274
b 6.034103254 0.009894471
b 6.033821746 0.010564630
b 6.033542195 0.011235752
b 6.033264580 0.011907836
b 6.032988885 0.012580884
b 6.032715089 0.013254896
b 6.032443175 0.013929872
b 6.032173125 0.014605813
b 6.031904920 0.015282718
b 6.031638544 0.015960589
b 6.031373979 0.016639427
b 6.031111208 0.017319230
b 6.030850214 0.018000000
interior
i 5.998894861 -0.015230769
i 6.003393073 -0.015230769
i 6.007891284 -0.015230769
i 6.012389496 -0.015230769
i 6.016887708 -0.015230769
i 6.021385919 -0.015230769
i 6.025884131 -0.015230769
i 6.030382343 -0.015230769
i 6.034880554 -0.015230769
i 6.039378766 -0.015230769
i 6.043876978 -0.015230769
i 5.998894861 -0.012461538
i 6.003393073 -0.012461538
i 6.007891284 -0.012461538
i 6.012389496 -0.012461538
i 6.016887708 -0.012461538
i 6.021385919 -0.012461538
i 6.025884131 -0.012461538
i 6.030382343 -0.012461538
i 6.034880554 -0.012461538
i 6.039378766 -0.012461538
i 6.043876978 -0.012461538
i 6.003393073 -0.009692308
i 6.007891284 -0.009692308
i 6.012389496 -0.009692308
i 6.016887708 -0.009692308
i 6.021385919 -0.009692308
i 6.025884131 -0.009692308
i 6.030382343 -0.009692308
i 6.034880554 -0.009692308
i 6.039378766 -0.009692308
i 6.003393073 -0.006923077
i 6.007891284 -0.006923077
i 6.012389496 -0.006923077
i 6.016887708 -0.006923077
i 6.021385919 -0.006923077
i 6.025884131 -0.006923077
i 6.030382343 -0.006923077
i 6.034880554 -0.006923077
i 6.039378766 -0.006923077
i 6.003393073 -0.004153846
i 6.007891284 -0.004153846
i 6.012389496 -0.004153846
i 6.016887708 -0.004153846
i 6.021385919 -0.004153846
i 6.025884131 -0.004153846
i 6.030382343 -0.004153846
i 6.034880554 -0.004153846
i 6.039378766 -0.004153846
i 6.003393073 -0.001384615
i 6.007891284 -0.001384615
i 6.012389496 -0.001384615
i 6.016887708 -0.001384615
i 6.021385919 -0.001384615
i 6.025884131 -0.001384615
i 6.030382343 -0.001384615
i 6.034880554 -0.001384615
i 6.039378766 -0.001384615
i 6.007891284 0.001384615
i 6.012389496 0.001384615
i 6.016887708 0.001384615
i 6.021385919 0.001384615
i 6.025884131 0.001384615
i 6.030382343 0.001384615
i 6.034880554 0.001384615
i 6.007891284 0.004153846
i 6.012389496 0.004153846
i 6.016887708 0.004153846
i 6.021385919 0.004153846
i 6.025884131 0.004153846
i 6.030382343 0.004153846
i 6.034880554 0.004153846
i 6.007891284 0.006923077
i 6.012389496 0.006923077
i 6.016887708 0.006923077
i 6.021385919 0.006923077
i 6.025884131 0.006923077
i 6.030382343 0.006923077
i 6.034880554 0.006923077
i 6.012389496 0.009692308
i 6.016887708 0.009692308
i 6.021385919 0.009692308
i 6.025884131 0.009692308
i 6.030382343 0.009692308
i 6.012389496 0.012461538
i 6.016887708 0.012461538
i 6.021385919 0.012461538
i 6.025884131 0.012461538
i 6.030382343 0.012461538
i 6.012389496 0.015230769
i 6.016887708 0.015230769
i 6.021385919 0.015230769
i 6.025884131 0.015230769
i 6.030382343 0.015230769
tris
t 264 265 0
t 29 30 31
t 84 85 86
t 115 116 117
t 181 182 183
t 192 193 194
t 201 202 203
t 210 211 212
t 219 220 221
t 228 229 230
t 235 236 237
t 242 243 244
t 249 250 251
t 254 255 256
t 259 260 261
t 263 264 0
t 28 29 31
t 83 84 86
t 114 115 117
t 180 181 183
t 191 192 194
t 200 201 203
t 209 210 212
t 218 219 221
t 227 228 230
t 234 235 237
t 241 242 244
t 248 249 251
t 253 254 256
t 258 259 261
t 262 263 0
t 27 28 31
t 82 83 86
t 113 114 117
t 179 180 183
t 190 191 194
t 199 200 203
t 208 209 212
t 217 218 221
t 226 227 230
t 233 234 237
t 240 241 244
t 247 248 251
t 252 253 256
t 257 258 261
t 261 262 0
t 26 27 31
t 81 82 86
t 112 113 117
t 178 179 183
t 189 190 194
t 198 199 203
t 207 208 212
t 216 217 221
t 225 226 230
t 232 233 237
t 239 240 244
t 246 247 251
t 251 252 256
t 256 257 261
t 261 0 1
t 25 26 31
t 80 81 86
t 111 112 117
t 177 178 183
t 188 189 194
t 197 198 203
t 206 207 212
t 215 216 221
t 224 225 230
t 231 232 237
t 238 239 244
t 245 246 251
t 261 1 2
t 24 25 31
t 79 80 86
t 110 111 117
t 176 177 183
t 187 188 194
t 196 197 203
t 205 206 212
t 214 215 221
t 223 224 230
t 230 231 237
t 237 238 244
t 244 245 251
t 261 2 3
t 23 24 31
t 78 79 86
t 109 110 117
t 170 171 172
t 175 176 183
t 186 187 194
t 195 196 203
t 204 205 212
t 213 214 221
t 222 223 230
t 244 251 256
t 261 3 4
t 22 23 31
t 77 78 86
t 108 109 117
t 169 170 172
t 174 175 183
t 185 186 194
t 194 195 203
t 203 204 212
t 212 213 221
t 244 256 261
t 261 4 5
t 21 22 31
t 76 77 86
t 107 108 117
t 168 169 172
t 173 174 183
t 184 185 194
t 261 5 6
t 20 21 31
t 75 76 86
t 106 107 117
t 167 168 172
t 172 173 183
t 183 184 194
t 261 6 7
t 19 20 31
t 74 75 86
t 105 106 117
t 166 167 172
t 183 194 203
t 261 7 8
t 18 19 31
t 73 74 86
t 104 105 117
t 165 166 172
t 183 203 212
t 261 8 9
t 17 18 31
t 72 73 86
t 103 104 117
t 164 165 172
t 261 9 10
t 16 17 31
t 71 72 86
t 102 103 117
t 163 164 172
t 261 10 11
t 15 16 31
t 70 71 86
t 101 102 117
t 162 163 172
t 261 11 12
t 14 15 31
t 69 70 86
t 100 101 117
t 161 162 172
t 261 12 13
t 13 14 31
t 68 69 86
t 99 100 117
t 160 161 172
t 261 13 31
t 67 68 86
t 98 99 117
t 159 160 172
t 244 261 31
t 66 67 86
t 97 98 117
t 158 159 172
t 244 31 32
t 65 66 86
t 96 97 117
t 157 158 172
t 244 32 33
t 64 65 86
t 95 96 117
t 156 157 172
t 244 33 34
t 63 64 86
t 94 95 117
t 155 156 172
t 244 34 35
t 62 63 86
t 93 94 117
t 154 155 172
t 244 35 36
t 61 62 86
t 92 93 117
t 153 154 172
t 244 36 37
t 60 61 86
t 91 92 117
t 152 153 172
t 183 212 221
t 244 37 38
t 59 60 86
t 90 91 117
t 151 152 172
t 221 222 230
t 244 38 39
t 58 59 86
t 89 90 117
t 150 151 172
t 221 230 237
t 244 39 40
t 57 58 86
t 88 89 117
t 149 150 172
t 244 40 41
t 56 57 86
t 87 88 117
t 148 149 172
t 221 237 244
t 244 41 42
t 55 56 86
t 86 87 117
t 147 148 172
t 244 42 43
t 54 55 86
t 86 117 118
t 146 147 172
t 244 43 44
t 53 54 86
t 86 118 119
t 145 146 172
t 244 44 45
t 52 53 86
t 86 119 120
t 144 145 172
t 244 45 46
t 51 52 86
t 86 120 121
t 143 144 172
t 244 46 47
t 50 51 86
t 86 121 122
t 142 143 172
t 244 47 48
t 86 122 123
t 141 142 172
t 244 48 49
t 86 123 124
t 140 141 172
t 244 49 50
t 86 124 125
t 139 140 172
t 221 244 50
t 86 125 126
t 138 139 172
t 86 126 127
t 137 138 172
t 86 127 128
t 136 137 172
t 86 128 129
t 135 136 172
t 86 129 130
t 134 135 172
t 86 130 131
t 133 134 172
t 86 131 132
t 132 133 172
t 86 132 172
t 86 172 183
t 50 86 183
