type=Nurbs forward=true n_boundary=196 n_holes=0 n_interior=113 n_tris=206 label=brep47598_f250_Nurbs(deg=3/3, cps=7x7)
boundary
b 1.000007670 0.026283565
b 0.999997670 0.044045860
b 0.999974962 0.061826649
b 0.999942048 0.079624901
b 0.999901372 0.097439497
b 0.999855321 0.115269237
b 0.999806227 0.133112839
b 0.999756369 0.150968941
b 0.999707974 0.168836102
b 0.999663222 0.186712803
b 0.999624241 0.204597451
b 0.999593116 0.222488375
b 0.999571888 0.240383832
b 0.999562543 0.258282009
b 0.999565955 0.276181547
b 0.999580886 0.294082099
b 0.999605860 0.311983487
b 0.999639402 0.329885590
b 0.999680041 0.347788346
b 0.999726311 0.365691749
b 0.999776747 0.383595849
b 0.999829889 0.401500754
b 0.999884281 0.419406631
b 0.999938470 0.437313701
b 0.999991006 0.455222244
b 1.000040446 0.473132597
b 1.000085349 0.491045154
b 1.000124317 0.508960343
b 1.000156862 0.526878131
b 1.000183395 0.544797977
b 1.000204359 0.562719302
b 1.000220185 0.580641508
b 1.000231296 0.598563985
b 1.000238103 0.616486104
b 1.000241008 0.634407224
b 1.000240403 0.652326686
b 1.000236667 0.670243819
b 1.000230171 0.688157937
b 1.000221274 0.706068341
b 1.000210324 0.723974319
b 1.000197657 0.741875146
b 1.000183599 0.759770085
b 1.000168464 0.777658387
b 1.000152556 0.795539294
b 1.000136164 0.813412033
b 1.000119568 0.831275824
b 1.000103037 0.849129878
b 1.000086825 0.866973394
b 1.000071175 0.884805565
b 1.000056320 0.902625573
b 1.000042478 0.920432595
b 1.000029855 0.938225800
b 1.000018647 0.956004350
b 1.000009036 0.973767401
b 1.000001190 0.991514105
b 0.981819354 0.991514104
b 0.963637517 0.991514104
b 0.945455680 0.991514104
b 0.927273842 0.991514103
b 0.909092004 0.991514103
b 0.890910165 0.991514103
b 0.872728326 0.991514102
b 0.854546487 0.991514102
b 0.836364648 0.991514102
b 0.818182809 0.991514101
b 0.800000969 0.991514101
b 0.781819129 0.991514100
b 0.763637289 0.991514100
b 0.745455449 0.991514099
b 0.727273609 0.991514099
b 0.709091769 0.991514098
b 0.690909928 0.991514097
b 0.672728088 0.991514097
b 0.654546247 0.991514096
b 0.636364407 0.991514096
b 0.618182566 0.991514095
b 0.600000725 0.991514094
b 0.581818884 0.991514094
b 0.563637043 0.991514093
b 0.545455202 0.991514093
b 0.527273361 0.991514092
b 0.509091520 0.991514091
b 0.490909679 0.991514091
b 0.472727837 0.991514090
b 0.454545996 0.991514089
b 0.436364155 0.991514089
b 0.418182314 0.991514088
b 0.400000474 0.991514087
b 0.381818633 0.991514087
b 0.363636793 0.991514086
b 0.345454952 0.991514086
b 0.327273112 0.991514085
b 0.309091272 0.991514085
b 0.290909432 0.991514084
b 0.272727592 0.991514084
b 0.254545753 0.991514083
b 0.236363913 0.991514083
b 0.218182074 0.991514082
b 0.200000234 0.991514082
b 0.181818395 0.991514081
b 0.163636555 0.991514081
b 0.145454716 0.991514081
b 0.127272877 0.991514081
b 0.109091037 0.991514080
b 0.090909198 0.991514080
b 0.072727359 0.991514080
b 0.054545519 0.991514080
b 0.036363679 0.991514080
b 0.018181840 0.991514080
b -0.000000000 0.991514080
b 0.000000000 0.960020225
b 0.000000000 0.928483232
b 0.000000000 0.896905985
b 0.000000000 0.865291399
b 0.000000000 0.833642422
b 0.000000000 0.801962026
b 0.000000000 0.770253203
b 0.000000000 0.738518963
b 0.000000000 0.706762326
b 0.000000000 0.674986319
b 0.000000000 0.643193975
b 0.000000000 0.611388320
b 0.000000000 0.579572377
b 0.000000000 0.547749156
b -0.000000000 0.515921651
b -0.000000000 0.484092840
b -0.000000000 0.452265687
b -0.000000000 0.420443167
b -0.000000000 0.388628272
b -0.000000000 0.356824011
b -0.000000000 0.325033403
b -0.000000000 0.293259473
b -0.000000000 0.261505249
b -0.000000000 0.229773757
b -0.000000000 0.198068012
b -0.000000000 0.166391022
b -0.000000000 0.134745776
b -0.000000000 0.103135240
b -0.000000000 0.071562358
b 0.000000000 0.040030044
b -0.000000000 0.008541174
b 0.018181861 0.008541174
b 0.036363722 0.008541173
b 0.054545582 0.008541171
b 0.072727443 0.008541169
b 0.090909304 0.008541166
b 0.109091164 0.008541163
b 0.127273025 0.008541159
b 0.145454885 0.008541154
b 0.163636746 0.008541149
b 0.181818607 0.008541143
b 0.200000467 0.008541137
b 0.218182328 0.008541130
b 0.236364189 0.008541122
b 0.254546050 0.008541115
b 0.272727911 0.008541107
b 0.290909773 0.008541098
b 0.309091634 0.008541089
b 0.327273496 0.008541080
b 0.345455358 0.008541070
b 0.363637220 0.008541060
b 0.381819082 0.008541050
b 0.400000944 0.008541039
b 0.418182807 0.008541028
b 0.436364670 0.008541017
b 0.454546533 0.008541006
b 0.472728396 0.008540994
b 0.490910259 0.008540983
b 0.509092122 0.008540971
b 0.527273985 0.008540959
b 0.545455848 0.008540948
b 0.563637712 0.008540936
b 0.581819575 0.008540924
b 0.600001437 0.008540912
b 0.618183300 0.008540901
b 0.636365163 0.008540889
b 0.654547026 0.008540878
b 0.672728889 0.008540867
b 0.690910752 0.008540856
b 0.709092615 0.008540845
b 0.727274478 0.008540834
b 0.745456341 0.008540824
b 0.763638203 0.008540814
b 0.781820066 0.008540804
b 0.800001929 0.008540795
b 0.818183791 0.008540785
b 0.836365654 0.008540777
b 0.854547516 0.008540768
b 0.872729378 0.008540760
b 0.890911240 0.008540752
b 0.909093102 0.008540744
b 0.927274963 0.008540737
b 0.945456823 0.008540730
b 0.963638684 0.008540724
b 0.981820543 0.008540718
b 1.000002402 0.008540713
interior
i 0.125030126 0.131412387
i 0.250060252 0.131412387
i 0.375090378 0.131412387
i 0.500120504 0.131412387
i 0.625150630 0.131412387
i 0.750180756 0.131412387
i 0.875210882 0.131412387
i 0.125030126 0.254284061
i 0.250060252 0.254284061
i 0.375090378 0.254284061
i 0.500120504 0.254284061
i 0.625150630 0.254284061
i 0.750180756 0.254284061
i 0.875210882 0.254284061
i 0.125030126 0.377155735
i 0.250060252 0.377155735
i 0.375090378 0.377155735
i 0.500120504 0.377155735
i 0.625150630 0.377155735
i 0.750180756 0.377155735
i 0.875210882 0.377155735
i 0.125030126 0.500027409
i 0.250060252 0.500027409
i 0.375090378 0.500027409
i 0.500120504 0.500027409
i 0.625150630 0.500027409
i 0.750180756 0.500027409
i 0.875210882 0.500027409
i 0.125030126 0.622899083
i 0.250060252 0.622899083
i 0.375090378 0.622899083
i 0.500120504 0.622899083
i 0.625150630 0.622899083
i 0.750180756 0.622899083
i 0.875210882 0.622899083
i 0.125030126 0.745770757
i 0.250060252 0.745770757
i 0.375090378 0.745770757
i 0.500120504 0.745770757
i 0.625150630 0.745770757
i 0.750180756 0.745770757
i 0.875210882 0.745770757
i 0.125030126 0.868642431
i 0.250060252 0.868642431
i 0.375090378 0.868642431
i 0.500120504 0.868642431
i 0.625150630 0.868642431
i 0.750180756 0.868642431
i 0.875210882 0.868642431
i 0.062515063 0.069976550
i 0.062515063 0.192848224
i 0.062515063 0.315719898
i 0.062515063 0.438591572
i 0.062515063 0.561463246
i 0.062515063 0.684334920
i 0.062515063 0.807206594
i 0.062515063 0.930078268
i 0.187545189 0.069976550
i 0.187545189 0.192848224
i 0.187545189 0.315719898
i 0.187545189 0.438591572
i 0.187545189 0.561463246
i 0.187545189 0.684334920
i 0.187545189 0.807206594
i 0.187545189 0.930078268
i 0.312575315 0.069976550
i 0.312575315 0.192848224
i 0.312575315 0.315719898
i 0.312575315 0.438591572
i 0.312575315 0.561463246
i 0.312575315 0.684334920
i 0.312575315 0.807206594
i 0.312575315 0.930078268
i 0.437605441 0.069976550
i 0.437605441 0.192848224
i 0.437605441 0.315719898
i 0.437605441 0.438591572
i 0.437605441 0.561463246
i 0.437605441 0.684334920
i 0.437605441 0.807206594
i 0.437605441 0.930078268
i 0.562635567 0.069976550
i 0.562635567 0.192848224
i 0.562635567 0.315719898
i 0.562635567 0.438591572
i 0.562635567 0.561463246
i 0.562635567 0.684334920
i 0.562635567 0.807206594
i 0.562635567 0.930078268
i 0.687665693 0.069976550
i 0.687665693 0.192848224
i 0.687665693 0.315719898
i 0.687665693 0.438591572
i 0.687665693 0.561463246
i 0.687665693 0.684334920
i 0.687665693 0.807206594
i 0.687665693 0.930078268
i 0.812695819 0.069976550
i 0.812695819 0.192848224
i 0.812695819 0.315719898
i 0.812695819 0.438591572
i 0.812695819 0.561463246
i 0.812695819 0.684334920
i 0.812695819 0.807206594
i 0.812695819 0.930078268
i 0.937725945 0.069976550
i 0.937725945 0.192848224
i 0.937725945 0.315719898
i 0.937725945 0.438591572
i 0.937725945 0.561463246
i 0.937725945 0.684334920
i 0.937725945 0.807206594
i 0.937725945 0.930078268
tris
t 140 141 139
t 141 138 139
t 141 137 138
t 141 136 137
t 141 135 136
t 141 134 135
t 141 133 134
t 141 132 133
t 141 131 132
t 141 130 131
t 141 142 130
t 142 143 130
t 143 144 130
t 144 145 130
t 145 146 130
t 146 147 130
t 147 148 130
t 148 149 130
t 149 150 130
t 150 151 130
t 151 152 130
t 152 153 130
t 153 309 130
t 153 154 309
t 154 155 309
t 155 156 309
t 156 157 309
t 157 158 309
t 158 159 309
t 159 160 309
t 160 161 309
t 161 162 309
t 162 163 309
t 163 164 309
t 164 165 309
t 165 166 309
t 166 167 309
t 167 310 309
t 167 168 310
t 168 169 310
t 169 170 310
t 170 171 310
t 171 172 310
t 172 173 310
t 173 174 310
t 174 175 310
t 175 176 310
t 176 177 310
t 177 178 310
t 178 179 310
t 179 180 310
t 180 181 310
t 181 311 310
t 181 182 311
t 182 183 311
t 183 184 311
t 184 185 311
t 185 186 311
t 186 187 311
t 187 188 311
t 188 189 311
t 189 190 311
t 190 191 311
t 191 192 311
t 192 193 311
t 193 194 311
t 194 17 311
t 194 16 17
t 194 15 16
t 194 14 15
t 194 13 14
t 194 12 13
t 194 11 12
t 194 10 11
t 194 9 10
t 194 8 9
t 194 7 8
t 194 6 7
t 194 5 6
t 194 4 5
t 194 3 4
t 194 2 3
t 194 1 2
t 194 0 1
t 194 195 0
t 130 309 129
t 309 128 129
t 309 127 128
t 309 126 127
t 309 125 126
t 309 124 125
t 309 123 124
t 309 122 123
t 309 121 122
t 309 120 121
t 309 119 120
t 309 118 119
t 309 117 118
t 309 116 117
t 309 115 116
t 309 114 115
t 309 113 114
t 309 112 113
t 309 111 112
t 309 110 111
t 309 312 110
t 309 310 312
t 310 313 312
t 310 311 313
t 311 314 313
t 311 53 314
t 311 52 53
t 311 51 52
t 311 50 51
t 311 49 50
t 311 48 49
t 311 47 48
t 311 46 47
t 311 45 46
t 311 44 45
t 311 43 44
t 311 42 43
t 311 41 42
t 311 40 41
t 311 39 40
t 311 38 39
t 311 37 38
t 311 36 37
t 311 35 36
t 311 34 35
t 311 33 34
t 311 32 33
t 311 31 32
t 311 30 31
t 311 29 30
t 311 28 29
t 311 27 28
t 311 26 27
t 311 25 26
t 311 24 25
t 311 23 24
t 311 22 23
t 311 21 22
t 311 20 21
t 311 19 20
t 311 18 19
t 311 17 18
t 110 312 109
t 312 108 109
t 312 107 108
t 312 106 107
t 312 105 106
t 312 104 105
t 312 103 104
t 312 102 103
t 312 101 102
t 312 100 101
t 312 99 100
t 312 98 99
t 312 97 98
t 312 96 97
t 312 95 96
t 312 94 95
t 312 93 94
t 312 92 93
t 312 91 92
t 312 90 91
t 312 89 90
t 312 88 89
t 312 87 88
t 312 86 87
t 312 85 86
t 312 84 85
t 312 83 84
t 312 82 83
t 312 313 82
t 313 81 82
t 313 80 81
t 313 79 80
t 313 78 79
t 313 77 78
t 313 76 77
t 313 75 76
t 313 74 75
t 313 73 74
t 313 72 73
t 313 71 72
t 313 70 71
t 313 69 70
t 313 68 69
t 313 314 68
t 314 67 68
t 314 66 67
t 314 65 66
t 314 64 65
t 314 63 64
t 314 62 63
t 314 61 62
t 314 60 61
t 314 59 60
t 314 58 59
t 314 57 58
t 314 56 57
t 314 55 56
t 314 54 55
t 314 53 54
