type=Nurbs forward=false n_boundary=223 n_holes=0 n_interior=39 n_tris=243 label=brep62542_f100_Nurbs(deg=3/3, cps=9x9)
boundary
b 0.407066995 -0.008777397
b 0.407066995 0.236500552
b 0.407237728 0.240055141
b 0.407751874 0.243691544
b 0.408613863 0.247399569
b 0.409828120 0.251168764
b 0.411399074 0.254988503
b 0.413331154 0.258848049
b 0.415628793 0.262736436
b 0.418298303 0.266646344
b 0.421351246 0.270581075
b 0.424800145 0.274545815
b 0.428657603 0.278545800
b 0.432936301 0.282586309
b 0.437648991 0.286672659
b 0.442808413 0.290810149
b 0.448419536 0.294998437
b 0.454472318 0.299226063
b 0.460955246 0.303480042
b 0.467857114 0.307747124
b 0.475167036 0.312013801
b 0.482874468 0.316266316
b 0.490969019 0.320490692
b 0.499431606 0.324673471
b 0.508230853 0.328802059
b 0.517334705 0.332863853
b 0.526711425 0.336846182
b 0.536329665 0.340736328
b 0.546158552 0.344521559
b 0.556167863 0.348189316
b 0.566330095 0.351730911
b 0.576620074 0.355141569
b 0.587012720 0.358416802
b 0.597483017 0.361552247
b 0.608006070 0.364543682
b 0.618557175 0.367387026
b 0.629112434 0.370078547
b 0.639655611 0.372617279
b 0.650175774 0.375004275
b 0.660661961 0.377240754
b 0.671103092 0.379328053
b 0.681487995 0.381267625
b 0.691805441 0.383061035
b 0.702044961 0.384709996
b 0.712202988 0.386216656
b 0.722279411 0.387583403
b 0.732274012 0.388812678
b 0.742186443 0.389906972
b 0.752016226 0.390868820
b 0.761762759 0.391700815
b 0.771424430 0.392405614
b 0.780994146 0.392985892
b 0.790462697 0.393444367
b 0.799820707 0.393783815
b 0.809058656 0.394007068
b 0.818166896 0.394117007
b 0.827135673 0.394116569
b 0.830289275 0.394097330
b 0.833442953 0.394078442
b 0.836596703 0.394059907
b 0.839750518 0.394041724
b 0.842904389 0.394023892
b 0.846058312 0.394006412
b 0.849212280 0.393989283
b 0.852366286 0.393972507
b 0.855520323 0.393956082
b 0.858674385 0.393940008
b 0.861828467 0.393924286
b 0.864982560 0.393908916
b 0.868136660 0.393893897
b 0.871290761 0.393879230
b 0.874444855 0.393864914
b 0.877598936 0.393850950
b 0.880753000 0.393837338
b 0.883907039 0.393824077
b 0.887061045 0.393811168
b 0.890214965 0.393798610
b 0.893368720 0.393786403
b 0.896522232 0.393774546
b 0.899675418 0.393763039
b 0.902828200 0.393751882
b 0.905980497 0.393741074
b 0.909132229 0.393730616
b 0.912283314 0.393720507
b 0.915433672 0.393710747
b 0.918583221 0.393701337
b 0.921731881 0.393692277
b 0.924879570 0.393683568
b 0.928026208 0.393675209
b 0.931171713 0.393667203
b 0.934316003 0.393659548
b 0.937458998 0.393652247
b 0.940600615 0.393645300
b 0.943740775 0.393638708
b 0.946879425 0.393632472
b 0.950016557 0.393626592
b 0.953152168 0.393621067
b 0.956286252 0.393615899
b 0.959418805 0.393611087
b 0.962549822 0.393606630
b 0.965679297 0.393602530
b 0.968807226 0.393598786
b 0.971933602 0.393595398
b 0.975058418 0.393592365
b 0.978181669 0.393589690
b 0.981303348 0.393587370
b 0.984423448 0.393585407
b 0.987541961 0.393583800
b 0.990658881 0.393582550
b 0.993774200 0.393581657
b 0.996887909 0.393581120
b 1.000000000 0.393580940
b 1.000000000 1.002479026
b 0.982122014 1.002475208
b 0.964202092 1.002465626
b 0.946236480 1.002453076
b 0.928221117 1.002440336
b 0.910151652 1.002430164
b 0.892023858 1.002425204
b 0.873842004 1.002425964
b 0.855618966 1.002430866
b 0.837367883 1.002438303
b 0.819101683 1.002446725
b 0.800832982 1.002454643
b 0.782572654 1.002460768
b 0.764326141 1.002464457
b 0.746098116 1.002465248
b 0.727893826 1.002462775
b 0.709718679 1.002456843
b 0.691577493 1.002447347
b 0.673463725 1.002435484
b 0.655359354 1.002423691
b 0.637245655 1.002414377
b 0.619103818 1.002409871
b 0.600915088 1.002412434
b 0.582665905 1.002423226
b 0.564362831 1.002439243
b 0.546017255 1.002456486
b 0.527640274 1.002470990
b 0.509242602 1.002478828
b 0.490834554 1.002476258
b 0.472427838 1.002463318
b 0.454036255 1.002443845
b 0.435674219 1.002421900
b 0.417356564 1.002401600
b 0.399098422 1.002387109
b 0.380909053 1.002381604
b 0.362773456 1.002384156
b 0.344670357 1.002392745
b 0.326578390 1.002405283
b 0.308476259 1.002419634
b 0.290343424 1.002433607
b 0.272171479 1.002444677
b 0.253963964 1.002450012
b 0.235724982 1.002446790
b 0.217458478 1.002432254
b 0.199167778 1.002403662
b 0.180857995 1.002359898
b 0.162544067 1.002306429
b 0.144243881 1.002250407
b 0.125975703 1.002199017
b 0.107758031 1.002159467
b 0.089609006 1.002138903
b 0.071537020 1.002142809
b 0.053540988 1.002175011
b 0.035619827 1.002239265
b 0.017772892 1.002339333
b -0.000000030 1.002478984
b 0.000000000 -0.016185794
b 0.007014501 -0.016221101
b 0.014042823 -0.016251243
b 0.021084244 -0.016276266
b 0.028138042 -0.016296212
b 0.035203492 -0.016311114
b 0.042279871 -0.016321000
b 0.049366459 -0.016325891
b 0.056462535 -0.016325802
b 0.063567384 -0.016320743
b 0.070680295 -0.016310715
b 0.077800563 -0.016295716
b 0.084927488 -0.016275736
b 0.092060378 -0.016250759
b 0.099198554 -0.016220763
b 0.106341883 -0.016185719
b 0.113491289 -0.016145591
b 0.120647831 -0.016100334
b 0.127812581 -0.016049897
b 0.134986626 -0.015994224
b 0.142171062 -0.015933249
b 0.149366997 -0.015866898
b 0.156575545 -0.015795092
b 0.163797829 -0.015717741
b 0.171034978 -0.015634746
b 0.178288124 -0.015545999
b 0.185558401 -0.015451384
b 0.192846944 -0.015350772
b 0.200154882 -0.015244023
b 0.207483169 -0.015130961
b 0.214832606 -0.015011373
b 0.222204012 -0.014885028
b 0.229598228 -0.014751678
b 0.237016116 -0.014611055
b 0.244458561 -0.014462867
b 0.251926464 -0.014306802
b 0.259420751 -0.014142517
b 0.266942380 -0.013969641
b 0.274492346 -0.013787769
b 0.282071674 -0.013596461
b 0.289681424 -0.013395234
b 0.297322684 -0.013183562
b 0.304996379 -0.012960881
b 0.312701763 -0.012726695
b 0.320437231 -0.012480524
b 0.328201183 -0.012221833
b 0.335992029 -0.011950030
b 0.343808196 -0.011664456
b 0.351648126 -0.011364383
b 0.359510283 -0.011049000
b 0.367393151 -0.010717408
b 0.375295242 -0.010368610
b 0.383215090 -0.010001500
b 0.391151262 -0.009614853
b 0.399102354 -0.009207317
interior
i 0.124999974 0.111024723
i 0.249999978 0.111024723
i 0.374999981 0.111024723
i 0.124999974 0.238375338
i 0.249999978 0.238375338
i 0.374999981 0.238375338
i 0.124999974 0.365725953
i 0.249999978 0.365725953
i 0.374999981 0.365725953
i 0.499999985 0.365725953
i 0.624999989 0.365725953
i 0.124999974 0.493076567
i 0.249999978 0.493076567
i 0.374999981 0.493076567
i 0.499999985 0.493076567
i 0.624999989 0.493076567
i 0.749999993 0.493076567
i 0.874999996 0.493076567
i 0.124999974 0.620427182
i 0.249999978 0.620427182
i 0.374999981 0.620427182
i 0.499999985 0.620427182
i 0.624999989 0.620427182
i 0.749999993 0.620427182
i 0.874999996 0.620427182
i 0.124999974 0.747777797
i 0.249999978 0.747777797
i 0.374999981 0.747777797
i 0.499999985 0.747777797
i 0.624999989 0.747777797
i 0.749999993 0.747777797
i 0.874999996 0.747777797
i 0.124999974 0.875128411
i 0.249999978 0.875128411
i 0.374999981 0.875128411
i 0.499999985 0.875128411
i 0.624999989 0.875128411
i 0.749999993 0.875128411
i 0.874999996 0.875128411
tris
t 222 0 1
t 60 119 59
t 62 119 61
t 64 119 63
t 66 119 65
t 68 119 67
t 70 119 69
t 72 119 71
t 73 118 119
t 75 118 74
t 77 118 76
t 79 118 78
t 79 80 117
t 81 82 117
t 83 84 117
t 116 85 86
t 87 88 116
t 116 89 90
t 115 91 92
t 115 93 94
t 95 96 115
t 97 98 117
t 99 100 117
t 116 101 102
t 103 104 113
t 113 106 107
t 108 112 113
t 109 110 112
t 110 111 112
t 113 114 102
t 8 123 124
t 126 8 125
t 126 127 252
t 128 129 8
t 8 138 139
t 8 139 140
t 141 142 8
t 8 152 153
t 154 8 153
t 156 8 155
t 156 157 8
t 158 159 8
t 184 4 224
t 2 169 170
t 171 172 2
t 2 173 174
t 175 176 2
t 2 177 178
t 179 180 2
t 2 181 182
t 2 183 184
t 2 185 186
t 2 187 188
t 1 189 190
t 1 191 192
t 1 193 194
t 1 195 196
t 1 197 198
t 1 199 200
t 200 201 202
t 203 204 216
t 204 205 206
t 206 207 208
t 208 209 210
t 210 211 212
t 212 213 214
t 214 215 216
t 1 217 218
t 219 220 1
t 222 1 221
t 61 119 60
t 65 119 64
t 69 119 68
t 73 119 72
t 76 118 75
t 79 117 118
t 83 117 82
t 86 87 116
t 90 91 116
t 94 95 115
t 99 117 98
t 113 102 103
t 108 113 107
t 109 112 108
t 102 114 115
t 115 116 97
t 125 8 124
t 128 8 127
t 140 141 8
t 8 151 152
t 155 8 154
t 168 4 5
t 171 2 170
t 175 2 174
t 179 2 178
t 184 200 1
t 188 189 1
t 190 191 1
t 194 195 1
t 198 199 1
t 203 216 202
t 206 208 216
t 210 212 216
t 212 214 216
t 219 1 218
t 221 1 220
t 63 119 62
t 71 119 70
t 78 118 77
t 117 84 85
t 92 93 115
t 116 100 101
t 113 105 106
t 116 117 85
t 130 131 8
t 129 130 8
t 142 143 8
t 138 8 137
t 151 8 150
t 8 157 158
t 168 5 6
t 2 172 173
t 2 182 183
t 192 193 1
t 196 197 1
t 206 216 204
t 210 216 208
t 1 216 217
t 67 119 66
t 81 117 80
t 115 116 91
t 104 105 113
t 8 122 123
t 137 8 136
t 159 160 8
t 168 6 7
t 2 176 177
t 2 186 187
t 188 1 2
t 184 1 2
t 74 118 73
t 88 89 116
t 122 8 121
t 143 144 8
t 8 149 150
t 168 7 226
t 2 168 169
t 200 204 1
t 59 119 58
t 131 132 8
t 8 135 136
t 149 8 148
t 167 7 8
t 184 2 3
t 58 119 57
t 8 120 121
t 144 145 8
t 148 8 250
t 167 8 166
t 184 3 4
t 57 119 56
t 8 132 133
t 8 134 135
t 147 8 146
t 166 8 165
t 56 119 55
t 134 8 133
t 146 8 145
t 165 8 164
t 55 119 54
t 120 8 119
t 164 8 163
t 54 119 53
t 133 9 10
t 163 8 162
t 53 119 52
t 162 8 161
t 52 119 51
t 161 8 160
t 51 119 50
t 133 10 11
t 50 119 246
t 133 11 12
t 50 133 49
t 133 12 13
t 49 133 48
t 133 13 14
t 48 133 47
t 133 14 15
t 47 133 46
t 133 15 16
t 46 133 45
t 133 16 17
t 45 133 44
t 133 17 18
t 44 133 43
t 133 18 19
t 43 133 42
t 133 19 20
t 42 133 41
t 133 20 21
t 41 133 40
t 133 21 22
t 40 133 39
t 133 22 23
t 39 133 38
t 133 23 24
t 38 133 37
t 133 24 25
t 37 133 36
t 133 25 26
t 36 133 35
t 133 26 27
t 35 133 34
t 133 27 28
t 34 133 33
t 133 28 29
t 33 133 32
t 133 29 30
t 32 133 31
t 31 133 30
t 4 168 224
t 168 184 224
t 7 167 235
t 167 168 226
t 167 226 229
t 226 7 229
t 167 229 234
t 229 7 230
t 229 230 234
t 230 167 241
t 167 230 235
t 230 7 235
t 167 234 241
t 234 230 241
t 119 133 253
t 133 50 246
t 8 147 250
t 147 148 250
t 127 8 252
t 8 126 252
t 133 246 253
t 246 119 253
