type=Nurbs forward=false n_boundary=224 n_holes=0 n_interior=49 n_tris=228 label=brep62542_f120_Nurbs(deg=3/3, cps=7x8)
boundary
b 1.000000000 -0.000134528
b 1.000000000 0.016817079
b 1.000000000 0.033768686
b 1.000000000 0.050720293
b 1.000000000 0.067671900
b 1.000000000 0.084623507
b 1.000000000 0.101575114
b 1.000000000 0.118526721
b 1.000000000 0.135478328
b 1.000000000 0.152429935
b 1.000000000 0.169381542
b 1.000000000 0.186333149
b 1.000000000 0.203284756
b 1.000000000 0.220236363
b 1.000000000 0.237187970
b 1.000000000 0.254139577
b 1.000000000 0.271091184
b 1.000000000 0.288042791
b 1.000000000 0.304994398
b 1.000000000 0.321946005
b 1.000000000 0.338897612
b 1.000000000 0.355849219
b 1.000000000 0.372800826
b 1.000000000 0.389752433
b 1.000000000 0.406704040
b 1.000000000 0.423655647
b 1.000000000 0.440607254
b 1.000000000 0.457558861
b 1.000000000 0.474510468
b 1.000000000 0.491462075
b 1.000000000 0.508413682
b 1.000000000 0.525365289
b 1.000000000 0.542316896
b 1.000000000 0.559268503
b 1.000000000 0.576220110
b 1.000000000 0.593171717
b 1.000000000 0.610123324
b 1.000000000 0.627074931
b 1.000000000 0.644026538
b 1.000000000 0.660978145
b 1.000000000 0.677929752
b 1.000000000 0.694881359
b 1.000000000 0.711832966
b 1.000000000 0.728784573
b 1.000000000 0.745736180
b 1.000000000 0.762687787
b 1.000000000 0.779639394
b 1.000000000 0.796591001
b 1.000000000 0.813542608
b 1.000000000 0.830494215
b 1.000000000 0.847445822
b 1.000000000 0.864397429
b 1.000000000 0.881349036
b 1.000000000 0.898300643
b 1.000000000 0.915252250
b 1.000000000 0.932203857
b 1.000000000 0.949155464
b 1.000000000 0.966107071
b 1.000000000 0.983058678
b 0.999999999 1.000010285
b 0.981818219 1.000010301
b 0.963636438 1.000010350
b 0.945454658 1.000010423
b 0.927272877 1.000010514
b 0.909091096 1.000010615
b 0.890909314 1.000010721
b 0.872727532 1.000010823
b 0.854545750 1.000010914
b 0.836363967 1.000010988
b 0.818182184 1.000011036
b 0.800000400 1.000011053
b 0.781818616 1.000011029
b 0.763636831 1.000010959
b 0.745455046 1.000010835
b 0.727273260 1.000010648
b 0.709091474 1.000010392
b 0.690909688 1.000010060
b 0.672727902 1.000009643
b 0.654546116 1.000009134
b 0.636364329 1.000008525
b 0.618182543 1.000007809
b 0.600000757 1.000006978
b 0.581818972 1.000006024
b 0.563637187 1.000004939
b 0.545455402 1.000003716
b 0.527273619 1.000002346
b 0.509091836 1.000000822
b 0.490910054 0.999999137
b 0.472728273 0.999997293
b 0.454546493 0.999995307
b 0.436364714 0.999993194
b 0.418182935 0.999990971
b 0.400001157 0.999988654
b 0.381819380 0.999986258
b 0.363637602 0.999983801
b 0.345455825 0.999981297
b 0.327274048 0.999978764
b 0.309092270 0.999976218
b 0.290910492 0.999973675
b 0.272728714 0.999971152
b 0.254546934 0.999968665
b 0.236365154 0.999966231
b 0.218183373 0.999963867
b 0.200001590 0.999961590
b 0.181819807 0.999959415
b 0.163638022 0.999957361
b 0.145456235 0.999955444
b 0.127274447 0.999953681
b 0.109092657 0.999952089
b 0.090910865 0.999950686
b 0.072729072 0.999949488
b 0.054547277 0.999948513
b 0.036365481 0.999947779
b 0.018183683 0.999947302
b 0.000001884 0.999947101
b 0.000002055 0.982269963
b 0.000002192 0.964571646
b 0.000002297 0.946852189
b 0.000002374 0.929111633
b 0.000002424 0.911350016
b 0.000002450 0.893567376
b 0.000002452 0.875763752
b 0.000002433 0.857939178
b 0.000002393 0.840093690
b 0.000002333 0.822227323
b 0.000002252 0.804340110
b 0.000002151 0.786432083
b 0.000002030 0.768503272
b 0.000001887 0.750553707
b 0.000001722 0.732583417
b 0.000001533 0.714592428
b 0.000001318 0.696580767
b 0.000001075 0.678548457
b 0.000000803 0.660495542
b 0.000000505 0.642422302
b 0.000000191 0.624329174
b -0.000000127 0.606216596
b -0.000000439 0.588085008
b -0.000000737 0.569934851
b -0.000001013 0.551766566
b -0.000001262 0.533580592
b -0.000001478 0.515377370
b -0.000001658 0.497157341
b -0.000001799 0.478920945
b -0.000001899 0.460668621
b -0.000001960 0.442400808
b -0.000001982 0.424117943
b -0.000001967 0.405820465
b -0.000001919 0.387508809
b -0.000001842 0.369183410
b -0.000001742 0.350844701
b -0.000001627 0.332493112
b -0.000001505 0.314128908
b -0.000001380 0.295752103
b -0.000001253 0.277362687
b -0.000001126 0.258960650
b -0.000001000 0.240545982
b -0.000000877 0.222118671
b -0.000000757 0.203678706
b -0.000000642 0.185226075
b -0.000000532 0.166760764
b -0.000000430 0.148282761
b -0.000000336 0.129792051
b -0.000000252 0.111288620
b -0.000000178 0.092772452
b -0.000000116 0.074243532
b -0.000000066 0.055701844
b -0.000000029 0.037147371
b -0.000000007 0.018580096
b -0.000000000 -0.000000000
b 0.018181070 0.000000024
b 0.036362190 0.000000090
b 0.054543363 0.000000186
b 0.072724588 0.000000300
b 0.090905869 0.000000419
b 0.109087206 0.000000534
b 0.127268602 0.000000632
b 0.145450058 0.000000702
b 0.163631575 0.000000733
b 0.181813156 0.000000714
b 0.199994803 0.000000632
b 0.218176517 0.000000478
b 0.236358301 0.000000240
b 0.254540156 -0.000000093
b 0.272722083 -0.000000517
b 0.290904076 -0.000001001
b 0.309086130 -0.000001512
b 0.327268239 -0.000002015
b 0.345450398 -0.000002476
b 0.363632602 -0.000002862
b 0.381814844 -0.000003140
b 0.399997120 -0.000003275
b 0.418179424 -0.000003235
b 0.436361751 -0.000002987
b 0.454544095 -0.000002497
b 0.472726452 -0.000001733
b 0.490908817 -0.000000661
b 0.509091183 0.000000747
b 0.527273548 0.000002447
b 0.545455904 0.000004319
b 0.563638249 0.000006239
b 0.581820575 0.000008085
b 0.600002879 0.000009734
b 0.618185155 0.000011066
b 0.636367397 0.000011957
b 0.654549600 0.000012287
b 0.672731759 0.000011935
b 0.690913869 0.000010778
b 0.709095923 0.000008696
b 0.727277917 0.000005567
b 0.745459844 0.000001271
b 0.763641700 -0.000004289
b 0.781823484 -0.000010980
b 0.800005199 -0.000018556
b 0.818186846 -0.000026771
b 0.836368427 -0.000035375
b 0.854549944 -0.000044124
b 0.872731399 -0.000052770
b 0.890912794 -0.000061066
b 0.909094131 -0.000068766
b 0.927275410 -0.000075623
b 0.945456634 -0.000081391
b 0.963637805 -0.000085823
b 0.981818924 -0.000088670
interior
i 0.874999752 0.124883669
i 0.874999752 0.249901867
i 0.749999505 0.124883669
i 0.624999257 0.124883669
i 0.499999009 0.124883669
i 0.374998761 0.124883669
i 0.249998514 0.124883669
i 0.124998266 0.124883669
i 0.124998266 0.249901867
i 0.124998266 0.374920064
i 0.249998514 0.249901867
i 0.374998761 0.249901867
i 0.249998514 0.374920064
i 0.124998266 0.499938262
i 0.124998266 0.624956460
i 0.249998514 0.499938262
i 0.374998761 0.374920064
i 0.499999009 0.249901867
i 0.624999257 0.249901867
i 0.499999009 0.374920064
i 0.374998761 0.499938262
i 0.249998514 0.624956460
i 0.124998266 0.749974657
i 0.124998266 0.874992855
i 0.249998514 0.874992855
i 0.249998514 0.749974657
i 0.374998761 0.874992855
i 0.499999009 0.874992855
i 0.374998761 0.749974657
i 0.374998761 0.624956460
i 0.499999009 0.749974657
i 0.624999257 0.874992855
i 0.749999505 0.874992855
i 0.874999752 0.874992855
i 0.874999752 0.749974657
i 0.874999752 0.624956460
i 0.749999505 0.749974657
i 0.624999257 0.749974657
i 0.499999009 0.624956460
i 0.499999009 0.499938262
i 0.624999257 0.624956460
i 0.749999505 0.624956460
i 0.624999257 0.499938262
i 0.624999257 0.374920064
i 0.749999505 0.499938262
i 0.874999752 0.499938262
i 0.749999505 0.374920064
i 0.874999752 0.374920064
i 0.749999505 0.249901867
tris
t 169 170 168
t 170 167 168
t 170 166 167
t 170 165 166
t 170 164 165
t 170 163 164
t 170 162 163
t 170 161 162
t 170 160 161
t 170 159 160
t 170 158 159
t 170 157 158
t 170 156 157
t 170 155 156
t 170 154 155
t 170 153 154
t 170 152 153
t 170 151 152
t 170 150 151
t 170 149 150
t 170 148 149
t 170 147 148
t 170 146 147
t 170 145 146
t 170 144 145
t 170 143 144
t 170 142 143
t 170 141 142
t 170 140 141
t 170 139 140
t 170 138 139
t 170 137 138
t 170 136 137
t 170 135 136
t 170 134 135
t 170 133 134
t 170 132 133
t 170 131 132
t 170 130 131
t 170 129 130
t 170 128 129
t 170 127 128
t 170 126 127
t 170 125 126
t 170 124 125
t 170 123 124
t 170 122 123
t 170 121 122
t 170 120 121
t 170 119 120
t 170 118 119
t 170 117 118
t 170 116 117
t 170 115 116
t 170 171 115
t 171 172 115
t 172 173 115
t 173 174 115
t 174 175 115
t 175 176 115
t 176 177 115
t 177 178 115
t 178 179 115
t 179 180 115
t 180 181 115
t 181 182 115
t 182 273 115
t 182 183 273
t 183 184 273
t 184 185 273
t 185 186 273
t 186 187 273
t 187 188 273
t 188 189 273
t 189 190 273
t 190 191 273
t 191 192 273
t 192 193 273
t 193 194 273
t 194 195 273
t 195 196 273
t 196 274 273
t 196 197 274
t 197 198 274
t 198 199 274
t 199 200 274
t 200 201 274
t 201 202 274
t 202 203 274
t 203 204 274
t 204 205 274
t 205 206 274
t 206 207 274
t 207 208 274
t 208 209 274
t 209 210 274
t 210 275 274
t 210 211 275
t 211 212 275
t 212 213 275
t 213 214 275
t 214 215 275
t 215 216 275
t 216 217 275
t 217 218 275
t 218 219 275
t 219 220 275
t 220 221 275
t 221 222 275
t 222 223 275
t 223 58 275
t 223 57 58
t 223 56 57
t 223 55 56
t 223 54 55
t 223 53 54
t 223 52 53
t 223 51 52
t 223 50 51
t 223 49 50
t 223 48 49
t 223 47 48
t 223 46 47
t 223 45 46
t 223 44 45
t 223 43 44
t 223 42 43
t 223 41 42
t 223 40 41
t 223 39 40
t 223 38 39
t 223 37 38
t 223 36 37
t 223 35 36
t 223 34 35
t 223 33 34
t 223 32 33
t 223 31 32
t 223 30 31
t 223 29 30
t 223 28 29
t 223 27 28
t 223 26 27
t 223 25 26
t 223 24 25
t 223 23 24
t 223 22 23
t 223 21 22
t 223 20 21
t 223 19 20
t 223 18 19
t 223 17 18
t 223 16 17
t 223 15 16
t 223 14 15
t 223 13 14
t 223 12 13
t 223 11 12
t 223 10 11
t 223 9 10
t 223 8 9
t 223 7 8
t 223 6 7
t 223 5 6
t 223 4 5
t 223 3 4
t 223 2 3
t 223 1 2
t 223 0 1
t 115 273 114
t 273 113 114
t 273 112 113
t 273 111 112
t 273 110 111
t 273 109 110
t 273 108 109
t 273 107 108
t 273 106 107
t 273 105 106
t 273 104 105
t 273 103 104
t 273 102 103
t 273 101 102
t 273 100 101
t 273 99 100
t 273 98 99
t 273 97 98
t 273 96 97
t 273 95 96
t 273 94 95
t 273 93 94
t 273 92 93
t 273 91 92
t 273 90 91
t 273 89 90
t 273 88 89
t 273 87 88
t 273 274 87
t 274 86 87
t 274 85 86
t 274 84 85
t 274 83 84
t 274 82 83
t 274 81 82
t 274 80 81
t 274 79 80
t 274 78 79
t 274 77 78
t 274 76 77
t 274 75 76
t 274 74 75
t 274 73 74
t 274 275 73
t 275 72 73
t 275 71 72
t 275 70 71
t 275 69 70
t 275 68 69
t 275 67 68
t 275 66 67
t 275 65 66
t 275 64 65
t 275 63 64
t 275 62 63
t 275 61 62
t 275 60 61
t 275 59 60
t 275 58 59
