type=Torus forward=true n_boundary=174 n_holes=0 n_interior=0 n_tris=172 label=brep32629_f26_Torus
boundary
b 2.733232806 0.000000000
b 2.725798036 0.000000000
b 2.718363267 0.000000000
b 2.710928497 0.000000000
b 2.703493728 0.000000000
b 2.696058958 0.000000000
b 2.688624189 0.000000000
b 2.681189419 0.000000000
b 2.673754650 0.000000000
b 2.666319880 0.000000000
b 2.658885110 0.000000000
b 2.651450341 0.000000000
b 2.644015571 0.000000000
b 2.636580802 0.000000000
b 2.629146032 0.000000000
b 2.621711263 0.000000000
b 2.614276493 0.000000000
b 2.606841724 0.000000000
b 2.599406954 0.000000000
b 2.591972185 0.000000000
b 2.584537415 0.000000000
b 2.577102645 0.000000000
b 2.569667876 0.000000000
b 2.562233106 0.000000000
b 2.554798337 0.000000000
b 2.547363567 0.000000000
b 2.539928798 0.000000000
b 2.532494028 0.000000000
b 2.525059259 0.000000000
b 2.517624489 0.000000000
b 2.510189720 0.000000000
b 2.502754950 0.000000000
b 2.503143868 0.785398163
b 2.503130216 0.770848171
b 2.503116818 0.756355034
b 2.503103671 0.741914309
b 2.503090774 0.727521485
b 2.503078126 0.713171992
b 2.503065723 0.698861212
b 2.503053565 0.684584484
b 2.503041649 0.670337114
b 2.503029973 0.656114378
b 2.503018537 0.641911535
b 2.503007338 0.627723829
b 2.502996373 0.613546498
b 2.502985642 0.599374782
b 2.502975143 0.585203927
b 2.502964873 0.571029192
b 2.502954832 0.556845858
b 2.502945017 0.542649233
b 2.502935426 0.528434658
b 2.502926058 0.514197863
b 2.502916914 0.499938669
b 2.502907997 0.485659562
b 2.502899308 0.471363132
b 2.502890851 0.457052019
b 2.502882628 0.442728906
b 2.502874641 0.428396513
b 2.502866894 0.414057587
b 2.502859388 0.399714897
b 2.502852127 0.385371224
b 2.502845112 0.371029351
b 2.502838347 0.356692060
b 2.502831834 0.342362121
b 2.502825575 0.328042285
b 2.502819573 0.313735276
b 2.502813831 0.299443781
b 2.502808351 0.285170447
b 2.502803136 0.270917871
b 2.502798189 0.256688547
b 2.502793510 0.242482297
b 2.502789100 0.228294842
b 2.502784959 0.214121514
b 2.502781086 0.199957613
b 2.502777482 0.185798413
b 2.502774145 0.171639167
b 2.502771076 0.157475117
b 2.502768275 0.143301499
b 2.502765742 0.129113547
b 2.502763475 0.114906504
b 2.502761476 0.100675628
b 2.502759744 0.086416196
b 2.502758279 0.072123516
b 2.502757080 0.057792927
b 2.502756148 0.043419816
b 2.502755482 0.028999617
b 2.502755083 0.014527825
b 2.502754950 0.000000000
b 2.510189720 0.000000000
b 2.517624489 0.000000000
b 2.525059259 0.000000000
b 2.532494028 0.000000000
b 2.539928798 0.000000000
b 2.547363567 0.000000000
b 2.554798337 0.000000000
b 2.562233106 0.000000000
b 2.569667876 0.000000000
b 2.577102645 0.000000000
b 2.584537415 0.000000000
b 2.591972185 0.000000000
b 2.599406954 0.000000000
b 2.606841724 0.000000000
b 2.614276493 0.000000000
b 2.621711263 0.000000000
b 2.629146032 0.000000000
b 2.636580802 0.000000000
b 2.644015571 0.000000000
b 2.651450341 0.000000000
b 2.658885110 0.000000000
b 2.666319880 0.000000000
b 2.673754650 0.000000000
b 2.681189419 0.000000000
b 2.688624189 0.000000000
b 2.696058958 0.000000000
b 2.703493728 0.000000000
b 2.710928497 0.000000000
b 2.718363267 0.000000000
b 2.725798036 0.000000000
b 2.733232806 0.000000000
b 2.733232673 0.014527825
b 2.733232274 0.028999617
b 2.733231608 0.043419816
b 2.733230676 0.057792927
b 2.733229477 0.072123516
b 2.733228012 0.086416196
b 2.733226280 0.100675628
b 2.733224281 0.114906504
b 2.733222014 0.129113547
b 2.733219481 0.143301499
b 2.733216680 0.157475117
b 2.733213611 0.171639167
b 2.733210274 0.185798413
b 2.733206670 0.199957613
b 2.733202797 0.214121514
b 2.733198656 0.228294842
b 2.733194246 0.242482297
b 2.733189567 0.256688547
b 2.733184620 0.270917871
b 2.733179405 0.285170447
b 2.733173925 0.299443781
b 2.733168183 0.313735276
b 2.733162181 0.328042285
b 2.733155922 0.342362121
b 2.733149409 0.356692060
b 2.733142644 0.371029351
b 2.733135629 0.385371224
b 2.733128368 0.399714897
b 2.733120862 0.414057587
b 2.733113115 0.428396513
b 2.733105128 0.442728906
b 2.733096905 0.457052019
b 2.733088448 0.471363132
b 2.733079759 0.485659562
b 2.733070842 0.499938669
b 2.733061698 0.514197863
b 2.733052330 0.528434658
b 2.733042739 0.542649233
b 2.733032924 0.556845858
b 2.733022883 0.571029192
b 2.733012613 0.585203927
b 2.733002114 0.599374782
b 2.732991383 0.613546498
b 2.732980418 0.627723829
b 2.732969219 0.641911535
b 2.732957782 0.656114378
b 2.732946107 0.670337114
b 2.732934191 0.684584484
b 2.732922033 0.698861212
b 2.732909630 0.713171992
b 2.732896982 0.727521485
b 2.732884085 0.741914309
b 2.732870938 0.756355034
b 2.732857540 0.770848171
b 2.732843888 0.785398163
interior
tris
t 31 32 33
t 31 33 34
t 31 34 35
t 31 35 36
t 31 36 37
t 31 37 38
t 31 38 39
t 31 39 40
t 31 40 41
t 31 41 42
t 31 42 43
t 31 43 44
t 31 44 45
t 31 45 46
t 31 46 47
t 31 47 48
t 31 48 49
t 31 49 50
t 31 50 51
t 31 51 52
t 31 52 53
t 31 53 54
t 31 54 55
t 31 55 56
t 31 56 57
t 31 57 58
t 31 58 59
t 31 59 60
t 31 60 61
t 31 61 62
t 31 62 63
t 31 63 64
t 31 64 65
t 31 65 66
t 31 66 67
t 31 67 68
t 31 68 69
t 31 69 70
t 31 70 71
t 31 71 72
t 31 72 73
t 31 73 74
t 31 74 75
t 31 75 76
t 31 76 77
t 31 77 78
t 31 78 79
t 31 79 80
t 31 80 81
t 31 81 82
t 31 82 83
t 31 83 84
t 31 84 85
t 31 85 86
t 31 86 87
t 31 87 88
t 31 88 89
t 31 89 90
t 31 90 91
t 31 91 92
t 31 92 93
t 31 93 94
t 31 94 95
t 31 95 96
t 31 96 97
t 31 97 98
t 31 98 99
t 31 99 100
t 31 100 101
t 31 101 102
t 31 102 103
t 31 103 104
t 31 104 105
t 31 105 106
t 31 106 107
t 31 107 108
t 31 108 109
t 31 109 110
t 31 110 111
t 31 111 112
t 31 112 113
t 31 113 114
t 31 114 115
t 31 115 116
t 31 116 117
t 31 117 118
t 31 118 119
t 31 119 120
t 31 120 121
t 31 121 122
t 31 122 123
t 31 123 124
t 31 124 125
t 31 125 126
t 31 126 127
t 31 127 128
t 31 128 129
t 31 129 130
t 31 130 131
t 31 131 132
t 31 132 133
t 31 133 134
t 31 134 135
t 31 135 136
t 31 136 137
t 31 137 138
t 31 138 139
t 31 139 140
t 31 140 141
t 31 141 142
t 31 142 143
t 31 143 144
t 31 144 145
t 31 145 146
t 31 146 147
t 31 147 148
t 31 148 149
t 31 149 150
t 31 150 151
t 31 151 152
t 31 152 153
t 31 153 154
t 31 154 155
t 31 155 156
t 31 156 157
t 31 157 158
t 31 158 159
t 31 159 160
t 31 160 161
t 31 161 162
t 31 162 163
t 31 163 164
t 31 164 165
t 31 165 166
t 31 166 167
t 31 167 168
t 31 168 169
t 31 169 170
t 31 170 171
t 31 171 172
t 31 172 173
t 31 173 30
t 30 173 29
t 29 173 28
t 28 173 27
t 27 173 26
t 26 173 25
t 25 173 24
t 24 173 23
t 23 173 22
t 22 173 21
t 21 173 20
t 20 173 19
t 19 173 18
t 18 173 17
t 17 173 16
t 16 173 15
t 15 173 14
t 14 173 13
t 13 173 12
t 12 173 11
t 11 173 10
t 10 173 9
t 9 173 8
t 8 173 7
t 7 173 6
t 6 173 5
t 5 173 4
t 4 173 3
t 3 173 2
t 2 173 1
t 1 173 0
