type=Torus forward=true n_boundary=174 n_holes=0 n_interior=0 n_tris=172 label=brep32629_f25_Torus
boundary
b 2.384166956 0.000000000
b 2.376732186 0.000000000
b 2.369297416 0.000000000
b 2.361862647 0.000000000
b 2.354427877 0.000000000
b 2.346993108 0.000000000
b 2.339558338 0.000000000
b 2.332123569 0.000000000
b 2.324688799 0.000000000
b 2.317254030 0.000000000
b 2.309819260 0.000000000
b 2.302384491 0.000000000
b 2.294949721 0.000000000
b 2.287514951 0.000000000
b 2.280080182 0.000000000
b 2.272645412 0.000000000
b 2.265210643 0.000000000
b 2.257775873 0.000000000
b 2.250341104 0.000000000
b 2.242906334 0.000000000
b 2.235471565 0.000000000
b 2.228036795 0.000000000
b 2.220602026 0.000000000
b 2.213167256 0.000000000
b 2.205732486 0.000000000
b 2.198297717 0.000000000
b 2.190862947 0.000000000
b 2.183428178 0.000000000
b 2.175993408 0.000000000
b 2.168558639 0.000000000
b 2.161123869 0.000000000
b 2.153689100 0.000000000
b 2.154078017 0.785398163
b 2.154064366 0.770848171
b 2.154050967 0.756355034
b 2.154037821 0.741914309
b 2.154024924 0.727521485
b 2.154012275 0.713171992
b 2.153999873 0.698861212
b 2.153987714 0.684584484
b 2.153975798 0.670337114
b 2.153964123 0.656114378
b 2.153952687 0.641911535
b 2.153941487 0.627723829
b 2.153930523 0.613546498
b 2.153919792 0.599374782
b 2.153909292 0.585203927
b 2.153899023 0.571029192
b 2.153888981 0.556845858
b 2.153879166 0.542649233
b 2.153869575 0.528434658
b 2.153860208 0.514197863
b 2.153851064 0.499938669
b 2.153842146 0.485659562
b 2.153833458 0.471363132
b 2.153825001 0.457052019
b 2.153816777 0.442728906
b 2.153808791 0.428396513
b 2.153801044 0.414057587
b 2.153793538 0.399714897
b 2.153786277 0.385371224
b 2.153779262 0.371029351
b 2.153772497 0.356692060
b 2.153765983 0.342362121
b 2.153759725 0.328042285
b 2.153753723 0.313735276
b 2.153747981 0.299443781
b 2.153742501 0.285170447
b 2.153737286 0.270917871
b 2.153732338 0.256688547
b 2.153727659 0.242482297
b 2.153723250 0.228294842
b 2.153719108 0.214121514
b 2.153715236 0.199957613
b 2.153711631 0.185798413
b 2.153708295 0.171639167
b 2.153705226 0.157475117
b 2.153702425 0.143301499
b 2.153699891 0.129113547
b 2.153697625 0.114906504
b 2.153695626 0.100675628
b 2.153693894 0.086416196
b 2.153692428 0.072123516
b 2.153691230 0.057792927
b 2.153690298 0.043419816
b 2.153689632 0.028999617
b 2.153689233 0.014527825
b 2.153689100 0.000000000
b 2.161123869 0.000000000
b 2.168558639 0.000000000
b 2.175993408 0.000000000
b 2.183428178 0.000000000
b 2.190862947 0.000000000
b 2.198297717 0.000000000
b 2.205732486 0.000000000
b 2.213167256 0.000000000
b 2.220602026 0.000000000
b 2.228036795 0.000000000
b 2.235471565 0.000000000
b 2.242906334 0.000000000
b 2.250341104 0.000000000
b 2.257775873 0.000000000
b 2.265210643 0.000000000
b 2.272645412 0.000000000
b 2.280080182 0.000000000
b 2.287514951 0.000000000
b 2.294949721 0.000000000
b 2.302384491 0.000000000
b 2.309819260 0.000000000
b 2.317254030 0.000000000
b 2.324688799 0.000000000
b 2.332123569 0.000000000
b 2.339558338 0.000000000
b 2.346993108 0.000000000
b 2.354427877 0.000000000
b 2.361862647 0.000000000
b 2.369297416 0.000000000
b 2.376732186 0.000000000
b 2.384166956 0.000000000
b 2.384166822 0.014527825
b 2.384166423 0.028999617
b 2.384165758 0.043419816
b 2.384164826 0.057792927
b 2.384163627 0.072123516
b 2.384162162 0.086416196
b 2.384160429 0.100675628
b 2.384158430 0.114906504
b 2.384156164 0.129113547
b 2.384153630 0.143301499
b 2.384150829 0.157475117
b 2.384147761 0.171639167
b 2.384144424 0.185798413
b 2.384140820 0.199957613
b 2.384136947 0.214121514
b 2.384132806 0.228294842
b 2.384128396 0.242482297
b 2.384123717 0.256688547
b 2.384118769 0.270917871
b 2.384113554 0.285170447
b 2.384108075 0.299443781
b 2.384102332 0.313735276
b 2.384096331 0.328042285
b 2.384090072 0.342362121
b 2.384083558 0.356692060
b 2.384076793 0.371029351
b 2.384069779 0.385371224
b 2.384062517 0.399714897
b 2.384055012 0.414057587
b 2.384047264 0.428396513
b 2.384039278 0.442728906
b 2.384031055 0.457052019
b 2.384022598 0.471363132
b 2.384013909 0.485659562
b 2.384004992 0.499938669
b 2.383995848 0.514197863
b 2.383986480 0.528434658
b 2.383976889 0.542649233
b 2.383967074 0.556845858
b 2.383957032 0.571029192
b 2.383946763 0.585203927
b 2.383936263 0.599374782
b 2.383925532 0.613546498
b 2.383914568 0.627723829
b 2.383903369 0.641911535
b 2.383891932 0.656114378
b 2.383880257 0.670337114
b 2.383868341 0.684584484
b 2.383856183 0.698861212
b 2.383843780 0.713171992
b 2.383831131 0.727521485
b 2.383818234 0.741914309
b 2.383805088 0.756355034
b 2.383791690 0.770848171
b 2.383778038 0.785398163
interior
tris
t 31 32 33
t 31 33 34
t 31 34 35
t 31 35 36
t 31 36 37
t 31 37 38
t 31 38 39
t 31 39 40
t 31 40 41
t 31 41 42
t 31 42 43
t 31 43 44
t 31 44 45
t 31 45 46
t 31 46 47
t 31 47 48
t 31 48 49
t 31 49 50
t 31 50 51
t 31 51 52
t 31 52 53
t 31 53 54
t 31 54 55
t 31 55 56
t 31 56 57
t 31 57 58
t 31 58 59
t 31 59 60
t 31 60 61
t 31 61 62
t 31 62 63
t 31 63 64
t 31 64 65
t 31 65 66
t 31 66 67
t 31 67 68
t 31 68 69
t 31 69 70
t 31 70 71
t 31 71 72
t 31 72 73
t 31 73 74
t 31 74 75
t 31 75 76
t 31 76 77
t 31 77 78
t 31 78 79
t 31 79 80
t 31 80 81
t 31 81 82
t 31 82 83
t 31 83 84
t 31 84 85
t 31 85 86
t 31 86 87
t 31 87 88
t 31 88 89
t 31 89 90
t 31 90 91
t 31 91 92
t 31 92 93
t 31 93 94
t 31 94 95
t 31 95 96
t 31 96 97
t 31 97 98
t 31 98 99
t 31 99 100
t 31 100 101
t 31 101 102
t 31 102 103
t 31 103 104
t 31 104 105
t 31 105 106
t 31 106 107
t 31 107 108
t 31 108 109
t 31 109 110
t 31 110 111
t 31 111 112
t 31 112 113
t 31 113 114
t 31 114 115
t 31 115 116
t 31 116 117
t 31 117 118
t 31 118 119
t 31 119 120
t 31 120 121
t 31 121 122
t 31 122 123
t 31 123 124
t 31 124 125
t 31 125 126
t 31 126 127
t 31 127 128
t 31 128 129
t 31 129 130
t 31 130 131
t 31 131 132
t 31 132 133
t 31 133 134
t 31 134 135
t 31 135 136
t 31 136 137
t 31 137 138
t 31 138 139
t 31 139 140
t 31 140 141
t 31 141 142
t 31 142 143
t 31 143 144
t 31 144 145
t 31 145 146
t 31 146 147
t 31 147 148
t 31 148 149
t 31 149 150
t 31 150 151
t 31 151 152
t 31 152 153
t 31 153 154
t 31 154 155
t 31 155 156
t 31 156 157
t 31 157 158
t 31 158 159
t 31 159 160
t 31 160 161
t 31 161 162
t 31 162 163
t 31 163 164
t 31 164 165
t 31 165 166
t 31 166 167
t 31 167 168
t 31 168 169
t 31 169 170
t 31 170 171
t 31 171 172
t 31 172 173
t 31 173 30
t 30 173 29
t 29 173 28
t 28 173 27
t 27 173 26
t 26 173 25
t 25 173 24
t 24 173 23
t 23 173 22
t 22 173 21
t 21 173 20
t 20 173 19
t 19 173 18
t 18 173 17
t 17 173 16
t 16 173 15
t 15 173 14
t 14 173 13
t 13 173 12
t 12 173 11
t 11 173 10
t 10 173 9
t 9 173 8
t 8 173 7
t 7 173 6
t 6 173 5
t 5 173 4
t 4 173 3
t 3 173 2
t 2 173 1
t 1 173 0
