type=Nurbs forward=true n_boundary=220 n_holes=0 n_interior=331 n_tris=836 label=brep47598_f47_Nurbs(deg=3/3, cps=4x7)
boundary
b 0.318078715 0.658326648
b 0.315401831 0.653738059
b 0.312732863 0.649148766
b 0.310070803 0.644558397
b 0.307414690 0.639966575
b 0.304763616 0.635372923
b 0.302116701 0.630777036
b 0.299473099 0.626178484
b 0.296832032 0.621576830
b 0.294192802 0.616971638
b 0.291554788 0.612362468
b 0.288917455 0.607748878
b 0.286280357 0.603130424
b 0.283643139 0.598506659
b 0.281005545 0.593877138
b 0.278367421 0.589241409
b 0.275728718 0.584599023
b 0.273089500 0.579949527
b 0.270449948 0.575292468
b 0.267810471 0.570627463
b 0.265172835 0.565954947
b 0.262539527 0.561275887
b 0.259912884 0.556591263
b 0.257295073 0.551902056
b 0.254688073 0.547209253
b 0.252093671 0.542513843
b 0.249513448 0.537816816
b 0.246948772 0.533119166
b 0.244400785 0.528421887
b 0.241870394 0.523725977
b 0.239358259 0.519032429
b 0.236864748 0.514342200
b 0.234389949 0.509656222
b 0.231933696 0.504975425
b 0.229495557 0.500300739
b 0.227074831 0.495633093
b 0.224670535 0.490973411
b 0.222281410 0.486322610
b 0.219906352 0.481681074
b 0.217544866 0.477048374
b 0.215196610 0.472424011
b 0.212861354 0.467807487
b 0.210538978 0.463198307
b 0.208229480 0.458595977
b 0.205932976 0.454000007
b 0.203649703 0.449409907
b 0.201380028 0.444825193
b 0.199124441 0.440245380
b 0.196883570 0.435669988
b 0.194658176 0.431098542
b 0.192449159 0.426530566
b 0.190257561 0.421965592
b 0.188084571 0.417403154
b 0.185931525 0.412842789
b 0.183799910 0.408284040
b 0.181691323 0.403726443
b 0.193923231 0.403712398
b 0.206079796 0.403701310
b 0.218164561 0.403692948
b 0.230180918 0.403687082
b 0.242132130 0.403683484
b 0.254021338 0.403681926
b 0.265851582 0.403682180
b 0.277625817 0.403684019
b 0.289346919 0.403687216
b 0.301017708 0.403691546
b 0.312640957 0.403696783
b 0.324219403 0.403702701
b 0.335755764 0.403709077
b 0.347252750 0.403715686
b 0.358713072 0.403722304
b 0.370139458 0.403728707
b 0.381534665 0.403734672
b 0.392901485 0.403739975
b 0.404242769 0.403744407
b 0.415561444 0.403747926
b 0.426860399 0.403750598
b 0.438142432 0.403752490
b 0.449410257 0.403753668
b 0.460666522 0.403754200
b 0.471913818 0.403754153
b 0.483154695 0.403753592
b 0.494391668 0.403752585
b 0.505627236 0.403751198
b 0.516863890 0.403749497
b 0.528104128 0.403747550
b 0.539350463 0.403745421
b 0.550605439 0.403743178
b 0.561871643 0.403740888
b 0.573151714 0.403738615
b 0.584448360 0.403736428
b 0.595764367 0.403734391
b 0.607102613 0.403732572
b 0.618466057 0.403731005
b 0.629857638 0.403729677
b 0.641280253 0.403728569
b 0.652736760 0.403727665
b 0.664229994 0.403726946
b 0.675762775 0.403726394
b 0.687337925 0.403725994
b 0.698958277 0.403725725
b 0.710626687 0.403725572
b 0.722346049 0.403725516
b 0.734119307 0.403725540
b 0.745949469 0.403725625
b 0.757839620 0.403725755
b 0.769792937 0.403725911
b 0.781812704 0.403726075
b 0.793902328 0.403726231
b 0.806065354 0.403726359
b 0.818305481 0.403726443
b 0.818302712 0.408275728
b 0.818294925 0.412827776
b 0.818283428 0.417382940
b 0.818269546 0.421941567
b 0.818254485 0.426504010
b 0.818239340 0.431070623
b 0.818225089 0.435641765
b 0.818212598 0.440217797
b 0.818202621 0.444799084
b 0.818195801 0.449385993
b 0.818192673 0.453978895
b 0.818193661 0.458578163
b 0.818199084 0.463184172
b 0.818209153 0.467797300
b 0.818223977 0.472417927
b 0.818243557 0.477046435
b 0.818267795 0.481683207
b 0.818296489 0.486328630
b 0.818329236 0.490983027
b 0.818364410 0.495645981
b 0.818399824 0.500316594
b 0.818433545 0.504993959
b 0.818463909 0.509677164
b 0.818489516 0.514365296
b 0.818509221 0.519057442
b 0.818522137 0.523752686
b 0.818527771 0.528450089
b 0.818526098 0.533148681
b 0.818517356 0.537847490
b 0.818502025 0.542545543
b 0.818480817 0.547241871
b 0.818454667 0.551935506
b 0.818424729 0.556625479
b 0.818392364 0.561310828
b 0.818359135 0.565990591
b 0.818326795 0.570663810
b 0.818297272 0.575329539
b 0.818271934 0.579987334
b 0.818251042 0.584637529
b 0.818234664 0.589280523
b 0.818222771 0.593916716
b 0.818215241 0.598546502
b 0.818211864 0.603170276
b 0.818212343 0.607788431
b 0.818216299 0.612401357
b 0.818223275 0.617009443
b 0.818232737 0.621613075
b 0.818244081 0.626212636
b 0.818256634 0.630808509
b 0.818269655 0.635401071
b 0.818282345 0.639990697
b 0.818293847 0.644577738
b 0.818303260 0.649162521
b 0.818309637 0.653745371
b 0.818311985 0.658326610
b 0.808617497 0.658327014
b 0.798971767 0.658327399
b 0.789372981 0.658327765
b 0.779819381 0.658328116
b 0.770309257 0.658328453
b 0.760840943 0.658328778
b 0.751412816 0.658329093
b 0.742023284 0.658329400
b 0.732670791 0.658329702
b 0.723353802 0.658330001
b 0.714070809 0.658330297
b 0.704820319 0.658330594
b 0.695600854 0.658330894
b 0.686410945 0.658331198
b 0.677249129 0.658331509
b 0.668113946 0.658331828
b 0.659003935 0.658332158
b 0.649917626 0.658332501
b 0.640853543 0.658332858
b 0.631810218 0.658333226
b 0.622786215 0.658333600
b 0.613780134 0.658333973
b 0.604790606 0.658334339
b 0.595816287 0.658334692
b 0.586855858 0.658335027
b 0.577908017 0.658335336
b 0.568971478 0.658335614
b 0.560044967 0.658335856
b 0.551127214 0.658336054
b 0.542216955 0.658336204
b 0.533312926 0.658336298
b 0.524413856 0.658336331
b 0.515518470 0.658336296
b 0.506625477 0.658336189
b 0.497733576 0.658336002
b 0.488841442 0.658335730
b 0.479947729 0.658335366
b 0.471051073 0.658334912
b 0.462150113 0.658334381
b 0.453243513 0.658333787
b 0.444329952 0.658333143
b 0.435408122 0.658332463
b 0.426476727 0.658331761
b 0.417534475 0.658331051
b 0.408580077 0.658330346
b 0.399612244 0.658329661
b 0.390629679 0.658329009
b 0.381631081 0.658328404
b 0.372615131 0.658327859
b 0.363580495 0.658327390
b 0.354525822 0.658327009
b 0.345449731 0.658326730
b 0.336350816 0.658326568
b 0.327227636 0.658326536
interior
i 0.261295879 0.435513727
i 0.340900435 0.435513727
i 0.420504991 0.435513727
i 0.500109547 0.435513727
i 0.579714103 0.435513727
i 0.659318659 0.435513727
i 0.738923215 0.435513727
i 0.261295879 0.467345527
i 0.340900435 0.467345527
i 0.420504991 0.467345527
i 0.500109547 0.467345527
i 0.579714103 0.467345527
i 0.659318659 0.467345527
i 0.738923215 0.467345527
i 0.261295879 0.499177328
i 0.340900435 0.499177328
i 0.420504991 0.499177328
i 0.500109547 0.499177328
i 0.579714103 0.499177328
i 0.659318659 0.499177328
i 0.738923215 0.499177328
i 0.261295879 0.531009129
i 0.340900435 0.531009129
i 0.420504991 0.531009129
i 0.500109547 0.531009129
i 0.579714103 0.531009129
i 0.659318659 0.531009129
i 0.738923215 0.531009129
i 0.340900435 0.562840929
i 0.420504991 0.562840929
i 0.500109547 0.562840929
i 0.579714103 0.562840929
i 0.659318659 0.562840929
i 0.738923215 0.562840929
i 0.340900435 0.594672730
i 0.420504991 0.594672730
i 0.500109547 0.594672730
i 0.579714103 0.594672730
i 0.659318659 0.594672730
i 0.738923215 0.594672730
i 0.340900435 0.626504530
i 0.420504991 0.626504530
i 0.500109547 0.626504530
i 0.579714103 0.626504530
i 0.659318659 0.626504530
i 0.738923215 0.626504530
i 0.221493601 0.419597827
i 0.201592462 0.411639876
i 0.241394740 0.411639876
i 0.201592462 0.427555777
i 0.241394740 0.427555777
i 0.221493601 0.451429627
i 0.201592462 0.443471677
i 0.241394740 0.443471677
i 0.241394740 0.459387577
i 0.221493601 0.483261428
i 0.241394740 0.475303478
i 0.241394740 0.491219378
i 0.301098157 0.419597827
i 0.281197018 0.411639876
i 0.320999296 0.411639876
i 0.281197018 0.427555777
i 0.320999296 0.427555777
i 0.301098157 0.451429627
i 0.281197018 0.443471677
i 0.320999296 0.443471677
i 0.281197018 0.459387577
i 0.320999296 0.459387577
i 0.301098157 0.483261428
i 0.281197018 0.475303478
i 0.320999296 0.475303478
i 0.281197018 0.491219378
i 0.320999296 0.491219378
i 0.301098157 0.515093228
i 0.281197018 0.507135278
i 0.320999296 0.507135278
i 0.281197018 0.523051178
i 0.320999296 0.523051178
i 0.301098157 0.546925029
i 0.281197018 0.538967079
i 0.320999296 0.538967079
i 0.281197018 0.554882979
i 0.320999296 0.554882979
i 0.301098157 0.578756829
i 0.281197018 0.570798879
i 0.320999296 0.570798879
i 0.281197018 0.586714779
i 0.320999296 0.586714779
i 0.301098157 0.610588630
i 0.320999296 0.602630680
i 0.320999296 0.618546580
i 0.380702713 0.419597827
i 0.360801574 0.411639876
i 0.400603852 0.411639876
i 0.360801574 0.427555777
i 0.400603852 0.427555777
i 0.380702713 0.451429627
i 0.360801574 0.443471677
i 0.400603852 0.443471677
i 0.360801574 0.459387577
i 0.400603852 0.459387577
i 0.380702713 0.483261428
i 0.360801574 0.475303478
i 0.400603852 0.475303478
i 0.360801574 0.491219378
i 0.400603852 0.491219378
i 0.380702713 0.515093228
i 0.360801574 0.507135278
i 0.400603852 0.507135278
i 0.360801574 0.523051178
i 0.400603852 0.523051178
i 0.380702713 0.546925029
i 0.360801574 0.538967079
i 0.400603852 0.538967079
i 0.360801574 0.554882979
i 0.400603852 0.554882979
i 0.380702713 0.578756829
i 0.360801574 0.570798879
i 0.400603852 0.570798879
i 0.360801574 0.586714779
i 0.400603852 0.586714779
i 0.380702713 0.610588630
i 0.360801574 0.602630680
i 0.400603852 0.602630680
i 0.360801574 0.618546580
i 0.400603852 0.618546580
i 0.380702713 0.642420430
i 0.360801574 0.634462480
i 0.400603852 0.634462480
i 0.360801574 0.650378381
i 0.400603852 0.650378381
i 0.460307269 0.419597827
i 0.440406130 0.411639876
i 0.480208408 0.411639876
i 0.440406130 0.427555777
i 0.480208408 0.427555777
i 0.460307269 0.451429627
i 0.440406130 0.443471677
i 0.480208408 0.443471677
i 0.440406130 0.459387577
i 0.480208408 0.459387577
i 0.460307269 0.483261428
i 0.440406130 0.475303478
i 0.480208408 0.475303478
i 0.440406130 0.491219378
i 0.480208408 0.491219378
i 0.460307269 0.515093228
i 0.440406130 0.507135278
i 0.480208408 0.507135278
i 0.440406130 0.523051178
i 0.480208408 0.523051178
i 0.460307269 0.546925029
i 0.440406130 0.538967079
i 0.480208408 0.538967079
i 0.440406130 0.554882979
i 0.480208408 0.554882979
i 0.460307269 0.578756829
i 0.440406130 0.570798879
i 0.480208408 0.570798879
i 0.440406130 0.586714779
i 0.480208408 0.586714779
i 0.460307269 0.610588630
i 0.440406130 0.602630680
i 0.480208408 0.602630680
i 0.440406130 0.618546580
i 0.480208408 0.618546580
i 0.460307269 0.642420430
i 0.440406130 0.634462480
i 0.480208408 0.634462480
i 0.440406130 0.650378381
i 0.480208408 0.650378381
i 0.539911825 0.419597827
i 0.520010686 0.411639876
i 0.559812964 0.411639876
i 0.520010686 0.427555777
i 0.559812964 0.427555777
i 0.539911825 0.451429627
i 0.520010686 0.443471677
i 0.559812964 0.443471677
i 0.520010686 0.459387577
i 0.559812964 0.459387577
i 0.539911825 0.483261428
i 0.520010686 0.475303478
i 0.559812964 0.475303478
i 0.520010686 0.491219378
i 0.559812964 0.491219378
i 0.539911825 0.515093228
i 0.520010686 0.507135278
i 0.559812964 0.507135278
i 0.520010686 0.523051178
i 0.559812964 0.523051178
i 0.539911825 0.546925029
i 0.520010686 0.538967079
i 0.559812964 0.538967079
i 0.520010686 0.554882979
i 0.559812964 0.554882979
i 0.539911825 0.578756829
i 0.520010686 0.570798879
i 0.559812964 0.570798879
i 0.520010686 0.586714779
i 0.559812964 0.586714779
i 0.539911825 0.610588630
i 0.520010686 0.602630680
i 0.559812964 0.602630680
i 0.520010686 0.618546580
i 0.559812964 0.618546580
i 0.539911825 0.642420430
i 0.520010686 0.634462480
i 0.559812964 0.634462480
i 0.520010686 0.650378381
i 0.559812964 0.650378381
i 0.619516381 0.419597827
i 0.599615242 0.411639876
i 0.639417520 0.411639876
i 0.599615242 0.427555777
i 0.639417520 0.427555777
i 0.619516381 0.451429627
i 0.599615242 0.443471677
i 0.639417520 0.443471677
i 0.599615242 0.459387577
i 0.639417520 0.459387577
i 0.619516381 0.483261428
i 0.599615242 0.475303478
i 0.639417520 0.475303478
i 0.599615242 0.491219378
i 0.639417520 0.491219378
i 0.619516381 0.515093228
i 0.599615242 0.507135278
i 0.639417520 0.507135278
i 0.599615242 0.523051178
i 0.639417520 0.523051178
i 0.619516381 0.546925029
i 0.599615242 0.538967079
i 0.639417520 0.538967079
i 0.599615242 0.554882979
i 0.639417520 0.554882979
i 0.619516381 0.578756829
i 0.599615242 0.570798879
i 0.639417520 0.570798879
i 0.599615242 0.586714779
i 0.639417520 0.586714779
i 0.619516381 0.610588630
i 0.599615242 0.602630680
i 0.639417520 0.602630680
i 0.599615242 0.618546580
i 0.639417520 0.618546580
i 0.619516381 0.642420430
i 0.599615242 0.634462480
i 0.639417520 0.634462480
i 0.599615242 0.650378381
i 0.639417520 0.650378381
i 0.699120937 0.419597827
i 0.679219798 0.411639876
i 0.719022076 0.411639876
i 0.679219798 0.427555777
i 0.719022076 0.427555777
i 0.699120937 0.451429627
i 0.679219798 0.443471677
i 0.719022076 0.443471677
i 0.679219798 0.459387577
i 0.719022076 0.459387577
i 0.699120937 0.483261428
i 0.679219798 0.475303478
i 0.719022076 0.475303478
i 0.679219798 0.491219378
i 0.719022076 0.491219378
i 0.699120937 0.515093228
i 0.679219798 0.507135278
i 0.719022076 0.507135278
i 0.679219798 0.523051178
i 0.719022076 0.523051178
i 0.699120937 0.546925029
i 0.679219798 0.538967079
i 0.719022076 0.538967079
i 0.679219798 0.554882979
i 0.719022076 0.554882979
i 0.699120937 0.578756829
i 0.679219798 0.570798879
i 0.719022076 0.570798879
i 0.679219798 0.586714779
i 0.719022076 0.586714779
i 0.699120937 0.610588630
i 0.679219798 0.602630680
i 0.719022076 0.602630680
i 0.679219798 0.618546580
i 0.719022076 0.618546580
i 0.699120937 0.642420430
i 0.679219798 0.634462480
i 0.719022076 0.634462480
i 0.679219798 0.650378381
i 0.719022076 0.650378381
i 0.778725493 0.419597827
i 0.758824354 0.411639876
i 0.798626632 0.411639876
i 0.758824354 0.427555777
i 0.798626632 0.427555777
i 0.778725493 0.451429627
i 0.758824354 0.443471677
i 0.798626632 0.443471677
i 0.758824354 0.459387577
i 0.798626632 0.459387577
i 0.778725493 0.483261428
i 0.758824354 0.475303478
i 0.798626632 0.475303478
i 0.758824354 0.491219378
i 0.798626632 0.491219378
i 0.778725493 0.515093228
i 0.758824354 0.507135278
i 0.798626632 0.507135278
i 0.758824354 0.523051178
i 0.798626632 0.523051178
i 0.778725493 0.546925029
i 0.758824354 0.538967079
i 0.798626632 0.538967079
i 0.758824354 0.554882979
i 0.798626632 0.554882979
i 0.778725493 0.578756829
i 0.758824354 0.570798879
i 0.798626632 0.570798879
i 0.758824354 0.586714779
i 0.798626632 0.586714779
i 0.778725493 0.610588630
i 0.758824354 0.602630680
i 0.798626632 0.602630680
i 0.758824354 0.618546580
i 0.798626632 0.618546580
i 0.778725493 0.642420430
i 0.758824354 0.634462480
i 0.798626632 0.634462480
i 0.758824354 0.650378381
i 0.798626632 0.650378381
tris
t 61 59 60
t 61 58 59
t 61 57 58
t 61 56 57
t 61 55 56
t 61 54 55
t 61 53 54
t 61 52 53
t 61 51 52
t 61 50 51
t 61 49 50
t 61 48 49
t 61 47 48
t 61 46 47
t 61 45 46
t 61 62 63
t 61 63 64
t 61 64 65
t 61 65 66
t 61 66 67
t 61 67 68
t 61 68 69
t 61 69 70
t 61 70 71
t 61 71 72
t 61 72 73
t 61 73 74
t 61 74 75
t 61 75 76
t 61 76 77
t 61 77 78
t 61 78 79
t 61 79 80
t 61 80 81
t 61 81 82
t 61 82 83
t 61 83 84
t 61 84 85
t 61 85 86
t 61 86 87
t 61 87 88
t 61 88 89
t 61 89 90
t 61 90 91
t 61 91 92
t 61 92 93
t 61 93 94
t 61 94 95
t 61 95 96
t 61 96 97
t 61 97 98
t 61 98 99
t 61 551 45
t 61 552 551
t 61 553 552
t 61 554 553
t 61 555 554
t 61 556 555
t 61 557 556
t 61 558 557
t 61 559 558
t 61 560 559
t 61 561 560
t 61 562 561
t 61 563 562
t 61 564 563
t 61 565 564
t 61 566 565
t 61 567 566
t 61 568 567
t 61 569 568
t 61 570 569
t 61 571 570
t 61 572 571
t 61 573 572
t 61 574 573
t 61 575 574
t 61 576 575
t 61 577 576
t 61 578 577
t 61 579 578
t 61 580 579
t 61 581 580
t 61 582 581
t 61 583 582
t 61 584 583
t 61 585 584
t 61 586 585
t 61 587 586
t 61 588 587
t 61 589 588
t 61 590 589
t 61 591 590
t 61 592 591
t 61 593 592
t 61 594 593
t 61 595 594
t 61 596 595
t 61 597 596
t 61 598 597
t 61 599 598
t 61 600 599
t 61 601 600
t 61 602 601
t 61 603 602
t 61 604 603
t 61 605 604
t 61 606 605
t 61 607 606
t 61 608 607
t 61 609 608
t 61 610 609
t 61 611 610
t 61 612 611
t 61 613 612
t 61 614 613
t 61 615 614
t 61 616 615
t 61 617 616
t 61 618 617
t 61 619 618
t 61 620 619
t 61 621 620
t 61 622 621
t 61 623 622
t 61 624 623
t 61 625 624
t 61 626 625
t 61 627 626
t 61 628 627
t 61 629 628
t 61 630 629
t 61 631 630
t 61 632 631
t 61 633 632
t 61 634 633
t 61 635 634
t 61 636 635
t 61 637 636
t 61 638 637
t 61 639 638
t 61 640 639
t 61 641 640
t 61 642 641
t 61 643 642
t 61 644 643
t 61 645 644
t 61 646 645
t 61 647 646
t 61 648 647
t 61 649 648
t 61 650 649
t 61 651 650
t 61 652 651
t 61 653 652
t 61 654 653
t 61 655 654
t 61 656 655
t 61 657 656
t 61 658 657
t 61 659 658
t 61 660 659
t 61 661 660
t 61 662 661
t 61 663 662
t 61 664 663
t 61 665 664
t 61 666 665
t 61 667 666
t 61 668 667
t 61 669 668
t 61 670 669
t 61 671 670
t 61 672 671
t 61 673 672
t 61 674 673
t 61 675 674
t 61 676 675
t 61 677 676
t 61 678 677
t 61 99 678
t 45 43 44
t 45 42 43
t 45 41 42
t 45 40 41
t 45 39 40
t 45 38 39
t 45 37 38
t 45 36 37
t 45 35 36
t 45 34 35
t 45 33 34
t 45 32 33
t 45 31 32
t 45 30 31
t 45 29 30
t 45 28 29
t 99 100 101
t 99 101 102
t 99 102 103
t 99 103 104
t 99 104 105
t 99 105 106
t 99 106 107
t 99 107 108
t 99 108 109
t 99 109 110
t 99 110 111
t 99 111 112
t 99 112 113
t 99 113 114
t 99 114 115
t 99 115 116
t 99 116 117
t 99 117 118
t 99 118 119
t 99 119 120
t 99 120 121
t 99 121 122
t 99 122 123
t 99 123 124
t 99 124 125
t 99 125 126
t 99 126 127
t 99 127 128
t 99 128 129
t 99 129 130
t 99 130 131
t 99 131 132
t 99 132 133
t 99 133 134
t 99 134 135
t 99 135 136
t 99 136 137
t 45 551 28
t 551 552 28
t 552 553 28
t 553 554 28
t 554 555 28
t 555 556 28
t 556 557 28
t 557 558 28
t 558 559 28
t 559 560 28
t 560 561 28
t 561 562 28
t 562 563 28
t 563 564 28
t 564 565 28
t 565 566 28
t 566 567 28
t 567 568 28
t 568 569 28
t 569 570 28
t 570 571 28
t 571 572 28
t 572 679 28
t 572 573 679
t 573 680 679
t 573 574 680
t 574 681 680
t 574 575 681
t 575 682 681
t 575 576 682
t 576 683 682
t 576 577 683
t 577 684 683
t 577 578 684
t 578 685 684
t 578 579 685
t 579 686 685
t 579 580 686
t 580 687 686
t 580 581 687
t 581 688 687
t 581 582 688
t 582 689 688
t 582 583 689
t 583 690 689
t 583 584 690
t 584 691 690
t 584 585 691
t 585 692 691
t 585 586 692
t 586 693 692
t 586 587 693
t 587 694 693
t 587 588 694
t 588 695 694
t 588 589 695
t 589 696 695
t 589 590 696
t 590 697 696
t 590 591 697
t 591 698 697
t 591 592 698
t 592 699 698
t 592 593 699
t 593 700 699
t 593 594 700
t 594 701 700
t 594 595 701
t 595 702 701
t 595 596 702
t 596 703 702
t 596 597 703
t 597 704 703
t 597 598 704
t 598 705 704
t 598 599 705
t 599 706 705
t 599 600 706
t 600 707 706
t 600 601 707
t 601 708 707
t 601 602 708
t 602 709 708
t 602 603 709
t 603 710 709
t 603 604 710
t 604 711 710
t 604 605 711
t 605 712 711
t 605 606 712
t 606 713 712
t 606 607 713
t 607 714 713
t 607 608 714
t 608 715 714
t 608 609 715
t 609 716 715
t 609 610 716
t 610 717 716
t 610 611 717
t 611 718 717
t 611 612 718
t 612 719 718
t 612 613 719
t 613 720 719
t 613 614 720
t 614 721 720
t 614 615 721
t 615 722 721
t 615 616 722
t 616 723 722
t 616 617 723
t 617 724 723
t 617 618 724
t 618 725 724
t 618 619 725
t 619 726 725
t 619 620 726
t 620 727 726
t 620 621 727
t 621 728 727
t 621 622 728
t 622 729 728
t 622 623 729
t 623 730 729
t 623 624 730
t 624 731 730
t 624 625 731
t 625 732 731
t 625 626 732
t 626 733 732
t 626 627 733
t 627 734 733
t 627 628 734
t 628 735 734
t 628 629 735
t 629 736 735
t 629 630 736
t 630 737 736
t 630 631 737
t 631 738 737
t 631 632 738
t 632 739 738
t 632 633 739
t 633 740 739
t 633 634 740
t 634 741 740
t 634 635 741
t 635 742 741
t 635 636 742
t 636 743 742
t 636 637 743
t 637 744 743
t 637 638 744
t 638 745 744
t 638 639 745
t 639 746 745
t 639 640 746
t 640 747 746
t 640 641 747
t 641 748 747
t 641 642 748
t 642 749 748
t 642 643 749
t 643 750 749
t 643 644 750
t 644 751 750
t 644 645 751
t 645 752 751
t 645 646 752
t 646 753 752
t 646 647 753
t 647 754 753
t 647 648 754
t 648 755 754
t 648 649 755
t 649 756 755
t 649 650 756
t 650 757 756
t 650 651 757
t 651 758 757
t 651 652 758
t 652 759 758
t 652 653 759
t 653 760 759
t 653 654 760
t 654 761 760
t 654 655 761
t 655 762 761
t 655 656 762
t 656 763 762
t 656 657 763
t 657 764 763
t 657 658 764
t 658 765 764
t 658 659 765
t 659 766 765
t 659 660 766
t 660 767 766
t 660 661 767
t 661 768 767
t 661 662 768
t 662 769 768
t 662 663 769
t 663 770 769
t 663 664 770
t 664 771 770
t 664 665 771
t 665 772 771
t 665 666 772
t 666 773 772
t 666 667 773
t 667 774 773
t 667 668 774
t 668 775 774
t 668 669 775
t 669 776 775
t 669 670 776
t 670 777 776
t 670 671 777
t 671 778 777
t 671 672 778
t 672 779 778
t 672 673 779
t 673 780 779
t 673 674 780
t 674 781 780
t 674 675 781
t 675 782 781
t 675 676 782
t 676 783 782
t 676 677 783
t 677 784 783
t 677 678 784
t 678 785 784
t 678 99 785
t 99 786 785
t 99 787 786
t 99 788 787
t 99 789 788
t 99 790 789
t 99 791 790
t 99 792 791
t 99 793 792
t 99 794 793
t 99 795 794
t 99 796 795
t 99 797 796
t 99 798 797
t 99 799 798
t 99 800 799
t 99 801 800
t 99 802 801
t 99 803 802
t 99 804 803
t 99 805 804
t 99 806 805
t 99 807 806
t 99 808 807
t 99 809 808
t 99 810 809
t 99 811 810
t 99 812 811
t 99 813 812
t 99 814 813
t 99 815 814
t 99 816 815
t 99 817 816
t 99 818 817
t 99 819 818
t 99 820 819
t 99 821 820
t 99 822 821
t 99 823 822
t 99 824 823
t 99 825 824
t 99 826 825
t 99 827 826
t 99 828 827
t 99 829 828
t 99 830 829
t 99 831 830
t 99 832 831
t 99 833 832
t 99 834 833
t 99 835 834
t 99 836 835
t 99 837 836
t 99 838 837
t 99 839 838
t 99 840 839
t 99 841 840
t 99 842 841
t 99 843 842
t 99 844 843
t 99 845 844
t 99 846 845
t 99 847 846
t 99 848 847
t 99 849 848
t 99 850 849
t 99 851 850
t 99 852 851
t 99 853 852
t 99 854 853
t 99 855 854
t 99 856 855
t 99 857 856
t 99 858 857
t 99 859 858
t 99 137 859
t 28 26 27
t 28 25 26
t 28 24 25
t 28 23 24
t 28 22 23
t 28 21 22
t 28 20 21
t 28 19 20
t 28 18 19
t 28 17 18
t 28 16 17
t 28 15 16
t 28 14 15
t 28 13 14
t 28 12 13
t 28 11 12
t 28 10 11
t 28 9 10
t 28 8 9
t 28 7 8
t 28 6 7
t 28 5 6
t 28 4 5
t 28 3 4
t 28 2 3
t 28 1 2
t 28 0 1
t 28 219 0
t 28 218 219
t 28 217 218
t 28 216 217
t 28 215 216
t 28 214 215
t 28 213 214
t 28 212 213
t 28 211 212
t 28 210 211
t 28 209 210
t 28 208 209
t 28 207 208
t 28 206 207
t 28 205 206
t 28 204 205
t 28 203 204
t 28 202 203
t 28 201 202
t 28 200 201
t 28 199 200
t 28 198 199
t 28 197 198
t 137 138 139
t 137 139 140
t 137 140 141
t 137 141 142
t 137 142 143
t 137 143 144
t 137 144 145
t 137 145 146
t 137 146 147
t 137 147 148
t 137 148 149
t 137 149 150
t 137 150 151
t 137 151 152
t 137 152 153
t 137 153 154
t 137 154 155
t 137 155 156
t 137 156 157
t 137 157 158
t 137 158 159
t 137 159 160
t 137 160 161
t 137 161 162
t 137 162 163
t 137 163 164
t 137 164 165
t 137 165 166
t 137 166 167
t 137 167 168
t 137 168 169
t 137 169 170
t 137 170 171
t 137 171 172
t 137 172 173
t 137 173 174
t 137 174 175
t 137 175 176
t 137 176 177
t 137 177 178
t 137 178 179
t 137 179 180
t 137 180 181
t 137 181 182
t 137 182 183
t 137 183 184
t 137 184 185
t 137 185 186
t 137 186 187
t 137 187 188
t 137 188 189
t 137 189 190
t 137 190 191
t 137 191 192
t 137 192 193
t 137 193 194
t 137 194 195
t 137 195 196
t 137 196 197
t 28 679 197
t 679 680 197
t 680 681 197
t 681 682 197
t 682 683 197
t 683 684 197
t 684 685 197
t 685 686 197
t 686 687 197
t 687 688 197
t 688 689 197
t 689 690 197
t 690 691 197
t 691 692 197
t 692 693 197
t 693 694 197
t 694 695 197
t 695 696 197
t 696 697 197
t 697 698 197
t 698 699 197
t 699 700 197
t 700 701 197
t 701 702 197
t 702 703 197
t 703 704 197
t 704 705 197
t 705 706 197
t 706 707 197
t 707 708 197
t 708 709 197
t 709 710 197
t 710 711 197
t 711 712 197
t 712 713 197
t 713 714 197
t 714 715 197
t 715 716 197
t 716 717 197
t 717 718 197
t 718 719 197
t 719 720 197
t 720 721 197
t 721 722 197
t 722 723 197
t 723 724 197
t 724 725 197
t 725 726 197
t 726 727 197
t 727 728 197
t 728 729 197
t 729 730 197
t 730 731 197
t 731 732 197
t 732 733 197
t 733 734 197
t 734 735 197
t 735 736 197
t 736 737 197
t 737 738 197
t 738 739 197
t 739 740 197
t 740 741 197
t 741 742 197
t 742 743 197
t 743 744 197
t 744 745 197
t 745 746 197
t 746 747 197
t 747 748 197
t 748 749 197
t 749 750 197
t 750 751 197
t 751 752 197
t 752 753 197
t 753 754 197
t 754 755 197
t 755 756 197
t 756 757 197
t 757 758 197
t 758 759 197
t 759 760 197
t 760 761 197
t 761 762 197
t 762 763 197
t 763 764 197
t 764 765 197
t 765 766 197
t 766 767 197
t 767 768 197
t 768 769 197
t 769 770 197
t 770 771 197
t 771 772 197
t 772 773 197
t 773 774 197
t 774 775 197
t 775 776 197
t 776 777 197
t 777 778 197
t 778 779 197
t 779 780 197
t 780 781 197
t 781 782 197
t 782 783 197
t 783 784 197
t 784 785 197
t 785 786 197
t 786 787 197
t 787 788 197
t 788 789 197
t 789 790 197
t 790 791 197
t 791 792 197
t 792 793 197
t 793 794 197
t 794 795 197
t 795 796 197
t 796 797 197
t 797 798 197
t 798 799 197
t 799 800 197
t 800 801 197
t 801 802 197
t 802 803 197
t 803 804 197
t 804 805 197
t 805 806 197
t 806 807 197
t 807 808 197
t 808 809 197
t 809 810 197
t 810 811 197
t 811 812 197
t 812 813 197
t 813 814 197
t 814 815 197
t 815 816 197
t 816 817 197
t 817 818 197
t 818 819 197
t 819 820 197
t 820 821 197
t 821 822 197
t 822 823 197
t 823 824 197
t 824 825 197
t 825 826 197
t 826 827 197
t 827 828 197
t 828 829 197
t 829 830 197
t 830 831 197
t 831 832 197
t 832 833 197
t 833 834 197
t 834 835 197
t 835 836 197
t 836 837 197
t 837 838 197
t 838 839 197
t 839 840 197
t 840 841 197
t 841 842 197
t 842 843 197
t 843 844 197
t 844 845 197
t 845 846 197
t 846 847 197
t 847 848 197
t 848 849 197
t 849 850 197
t 850 851 197
t 851 852 197
t 852 853 197
t 853 854 197
t 854 855 197
t 855 856 197
t 856 857 197
t 857 858 197
t 858 859 197
t 859 137 197
