type=Torus forward=false n_boundary=140 n_holes=0 n_interior=529 n_tris=442 label=brep62542_f226_Torus
boundary
b 1.839407616 1.621467176
b 1.839407616 1.672138025
b 1.839407616 1.722808875
b 1.839407616 1.773479724
b 1.839407616 1.824150573
b 1.839407616 1.874821422
b 1.839407616 1.925492272
b 1.839407616 1.976163121
b 1.839407616 2.026833970
b 1.839407616 2.077504819
b 1.839407616 2.128175669
b 1.839407616 2.178846518
b 1.839407616 2.229517367
b 1.839407616 2.280188216
b 1.839407616 2.330859066
b 1.839407616 2.381529915
b 1.839407616 2.432200764
b 1.839407616 2.482871613
b 1.839407616 2.533542463
b 1.839407616 2.584213312
b 1.839407616 2.634884161
b 1.839407616 2.685555010
b 1.839407616 2.736225860
b 1.839407616 2.786896709
b 1.839407616 2.837567558
b 1.839407616 2.888238407
b 1.839407616 2.938909257
b 1.839407616 2.989580106
b 1.839407616 3.040250955
b 1.839407616 3.090921804
b 1.839407616 3.141592654
b 1.832520147 3.141592654
b 1.825632679 3.141592654
b 1.818745210 3.141592654
b 1.811857741 3.141592654
b 1.804970272 3.141592654
b 1.798082803 3.141592654
b 1.791195334 3.141592654
b 1.784307865 3.141592654
b 1.777420396 3.141592654
b 1.770532927 3.141592654
b 1.763645458 3.141592654
b 1.756757989 3.141592654
b 1.749870520 3.141592654
b 1.742983051 3.141592654
b 1.736095582 3.141592654
b 1.729208113 3.141592654
b 1.722320644 3.141592654
b 1.715433175 3.141592654
b 1.708545706 3.141592654
b 1.701658237 3.141592654
b 1.694770768 3.141592654
b 1.687883299 3.141592654
b 1.680995830 3.141592654
b 1.674108361 3.141592654
b 1.667220892 3.141592654
b 1.660333423 3.141592654
b 1.653445954 3.141592654
b 1.646558485 3.141592654
b 1.639671016 3.141592654
b 1.632783547 3.141592654
b 1.625896079 3.141592654
b 1.619008610 3.141592654
b 1.612121141 3.141592654
b 1.605233672 3.141592654
b 1.598346203 3.141592654
b 1.591458734 3.141592654
b 1.584571265 3.141592654
b 1.577683796 3.141592654
b 1.570796327 3.141592654
b 1.570796327 3.090921804
b 1.570796327 3.040250955
b 1.570796327 2.989580106
b 1.570796327 2.938909257
b 1.570796327 2.888238407
b 1.570796327 2.837567558
b 1.570796327 2.786896709
b 1.570796327 2.736225860
b 1.570796327 2.685555010
b 1.570796327 2.634884161
b 1.570796327 2.584213312
b 1.570796327 2.533542463
b 1.570796327 2.482871613
b 1.570796327 2.432200764
b 1.570796327 2.381529915
b 1.570796327 2.330859066
b 1.570796327 2.280188216
b 1.570796327 2.229517367
b 1.570796327 2.178846518
b 1.570796327 2.128175669
b 1.570796327 2.077504819
b 1.570796327 2.026833970
b 1.570796327 1.976163121
b 1.570796327 1.925492272
b 1.570796327 1.874821422
b 1.570796327 1.824150573
b 1.570796327 1.773479724
b 1.570796327 1.722808875
b 1.570796327 1.672138025
b 1.570796327 1.621467176
b 1.570796327 1.570796327
b 1.577683796 1.570796327
b 1.584571265 1.570796327
b 1.591458734 1.570796327
b 1.598346203 1.570796327
b 1.605233672 1.570796327
b 1.612121141 1.570796327
b 1.619008610 1.570796327
b 1.625896079 1.570796327
b 1.632783547 1.570796327
b 1.639671016 1.570796327
b 1.646558485 1.570796327
b 1.653445954 1.570796327
b 1.660333423 1.570796327
b 1.667220892 1.570796327
b 1.674108361 1.570796327
b 1.680995830 1.570796327
b 1.687883299 1.570796327
b 1.694770768 1.570796327
b 1.701658237 1.570796327
b 1.708545706 1.570796327
b 1.715433175 1.570796327
b 1.722320644 1.570796327
b 1.729208113 1.570796327
b 1.736095582 1.570796327
b 1.742983051 1.570796327
b 1.749870520 1.570796327
b 1.756757989 1.570796327
b 1.763645458 1.570796327
b 1.770532927 1.570796327
b 1.777420396 1.570796327
b 1.784307865 1.570796327
b 1.791195334 1.570796327
b 1.798082803 1.570796327
b 1.804970272 1.570796327
b 1.811857741 1.570796327
b 1.818745210 1.570796327
b 1.825632679 1.570796327
b 1.832520147 1.570796327
b 1.839407616 1.570796327
interior
i 1.581988464 1.636246174
i 1.593180601 1.636246174
i 1.604372738 1.636246174
i 1.615564875 1.636246174
i 1.626757012 1.636246174
i 1.637949149 1.636246174
i 1.649141286 1.636246174
i 1.660333423 1.636246174
i 1.671525560 1.636246174
i 1.682717697 1.636246174
i 1.693909835 1.636246174
i 1.705101972 1.636246174
i 1.716294109 1.636246174
i 1.727486246 1.636246174
i 1.738678383 1.636246174
i 1.749870520 1.636246174
i 1.761062657 1.636246174
i 1.772254794 1.636246174
i 1.783446931 1.636246174
i 1.794639068 1.636246174
i 1.805831205 1.636246174
i 1.817023342 1.636246174
i 1.828215479 1.636246174
i 1.581988464 1.701696021
i 1.593180601 1.701696021
i 1.604372738 1.701696021
i 1.615564875 1.701696021
i 1.626757012 1.701696021
i 1.637949149 1.701696021
i 1.649141286 1.701696021
i 1.660333423 1.701696021
i 1.671525560 1.701696021
i 1.682717697 1.701696021
i 1.693909835 1.701696021
i 1.705101972 1.701696021
i 1.716294109 1.701696021
i 1.727486246 1.701696021
i 1.738678383 1.701696021
i 1.749870520 1.701696021
i 1.761062657 1.701696021
i 1.772254794 1.701696021
i 1.783446931 1.701696021
i 1.794639068 1.701696021
i 1.805831205 1.701696021
i 1.817023342 1.701696021
i 1.828215479 1.701696021
i 1.581988464 1.767145868
i 1.593180601 1.767145868
i 1.604372738 1.767145868
i 1.615564875 1.767145868
i 1.626757012 1.767145868
i 1.637949149 1.767145868
i 1.649141286 1.767145868
i 1.660333423 1.767145868
i 1.671525560 1.767145868
i 1.682717697 1.767145868
i 1.693909835 1.767145868
i 1.705101972 1.767145868
i 1.716294109 1.767145868
i 1.727486246 1.767145868
i 1.738678383 1.767145868
i 1.749870520 1.767145868
i 1.761062657 1.767145868
i 1.772254794 1.767145868
i 1.783446931 1.767145868
i 1.794639068 1.767145868
i 1.805831205 1.767145868
i 1.817023342 1.767145868
i 1.828215479 1.767145868
i 1.581988464 1.832595715
i 1.593180601 1.832595715
i 1.604372738 1.832595715
i 1.615564875 1.832595715
i 1.626757012 1.832595715
i 1.637949149 1.832595715
i 1.649141286 1.832595715
i 1.660333423 1.832595715
i 1.671525560 1.832595715
i 1.682717697 1.832595715
i 1.693909835 1.832595715
i 1.705101972 1.832595715
i 1.716294109 1.832595715
i 1.727486246 1.832595715
i 1.738678383 1.832595715
i 1.749870520 1.832595715
i 1.761062657 1.832595715
i 1.772254794 1.832595715
i 1.783446931 1.832595715
i 1.794639068 1.832595715
i 1.805831205 1.832595715
i 1.817023342 1.832595715
i 1.828215479 1.832595715
i 1.581988464 1.898045562
i 1.593180601 1.898045562
i 1.604372738 1.898045562
i 1.615564875 1.898045562
i 1.626757012 1.898045562
i 1.637949149 1.898045562
i 1.649141286 1.898045562
i 1.660333423 1.898045562
i 1.671525560 1.898045562
i 1.682717697 1.898045562
i 1.693909835 1.898045562
i 1.705101972 1.898045562
i 1.716294109 1.898045562
i 1.727486246 1.898045562
i 1.738678383 1.898045562
i 1.749870520 1.898045562
i 1.761062657 1.898045562
i 1.772254794 1.898045562
i 1.783446931 1.898045562
i 1.794639068 1.898045562
i 1.805831205 1.898045562
i 1.817023342 1.898045562
i 1.828215479 1.898045562
i 1.581988464 1.963495408
i 1.593180601 1.963495408
i 1.604372738 1.963495408
i 1.615564875 1.963495408
i 1.626757012 1.963495408
i 1.637949149 1.963495408
i 1.649141286 1.963495408
i 1.660333423 1.963495408
i 1.671525560 1.963495408
i 1.682717697 1.963495408
i 1.693909835 1.963495408
i 1.705101972 1.963495408
i 1.716294109 1.963495408
i 1.727486246 1.963495408
i 1.738678383 1.963495408
i 1.749870520 1.963495408
i 1.761062657 1.963495408
i 1.772254794 1.963495408
i 1.783446931 1.963495408
i 1.794639068 1.963495408
i 1.805831205 1.963495408
i 1.817023342 1.963495408
i 1.828215479 1.963495408
i 1.581988464 2.028945255
i 1.593180601 2.028945255
i 1.604372738 2.028945255
i 1.615564875 2.028945255
i 1.626757012 2.028945255
i 1.637949149 2.028945255
i 1.649141286 2.028945255
i 1.660333423 2.028945255
i 1.671525560 2.028945255
i 1.682717697 2.028945255
i 1.693909835 2.028945255
i 1.705101972 2.028945255
i 1.716294109 2.028945255
i 1.727486246 2.028945255
i 1.738678383 2.028945255
i 1.749870520 2.028945255
i 1.761062657 2.028945255
i 1.772254794 2.028945255
i 1.783446931 2.028945255
i 1.794639068 2.028945255
i 1.805831205 2.028945255
i 1.817023342 2.028945255
i 1.828215479 2.028945255
i 1.581988464 2.094395102
i 1.593180601 2.094395102
i 1.604372738 2.094395102
i 1.615564875 2.094395102
i 1.626757012 2.094395102
i 1.637949149 2.094395102
i 1.649141286 2.094395102
i 1.660333423 2.094395102
i 1.671525560 2.094395102
i 1.682717697 2.094395102
i 1.693909835 2.094395102
i 1.705101972 2.094395102
i 1.716294109 2.094395102
i 1.727486246 2.094395102
i 1.738678383 2.094395102
i 1.749870520 2.094395102
i 1.761062657 2.094395102
i 1.772254794 2.094395102
i 1.783446931 2.094395102
i 1.794639068 2.094395102
i 1.805831205 2.094395102
i 1.817023342 2.094395102
i 1.828215479 2.094395102
i 1.581988464 2.159844949
i 1.593180601 2.159844949
i 1.604372738 2.159844949
i 1.615564875 2.159844949
i 1.626757012 2.159844949
i 1.637949149 2.159844949
i 1.649141286 2.159844949
i 1.660333423 2.159844949
i 1.671525560 2.159844949
i 1.682717697 2.159844949
i 1.693909835 2.159844949
i 1.705101972 2.159844949
i 1.716294109 2.159844949
i 1.727486246 2.159844949
i 1.738678383 2.159844949
i 1.749870520 2.159844949
i 1.761062657 2.159844949
i 1.772254794 2.159844949
i 1.783446931 2.159844949
i 1.794639068 2.159844949
i 1.805831205 2.159844949
i 1.817023342 2.159844949
i 1.828215479 2.159844949
i 1.581988464 2.225294796
i 1.593180601 2.225294796
i 1.604372738 2.225294796
i 1.615564875 2.225294796
i 1.626757012 2.225294796
i 1.637949149 2.225294796
i 1.649141286 2.225294796
i 1.660333423 2.225294796
i 1.671525560 2.225294796
i 1.682717697 2.225294796
i 1.693909835 2.225294796
i 1.705101972 2.225294796
i 1.716294109 2.225294796
i 1.727486246 2.225294796
i 1.738678383 2.225294796
i 1.749870520 2.225294796
i 1.761062657 2.225294796
i 1.772254794 2.225294796
i 1.783446931 2.225294796
i 1.794639068 2.225294796
i 1.805831205 2.225294796
i 1.817023342 2.225294796
i 1.828215479 2.225294796
i 1.581988464 2.290744643
i 1.593180601 2.290744643
i 1.604372738 2.290744643
i 1.615564875 2.290744643
i 1.626757012 2.290744643
i 1.637949149 2.290744643
i 1.649141286 2.290744643
i 1.660333423 2.290744643
i 1.671525560 2.290744643
i 1.682717697 2.290744643
i 1.693909835 2.290744643
i 1.705101972 2.290744643
i 1.716294109 2.290744643
i 1.727486246 2.290744643
i 1.738678383 2.290744643
i 1.749870520 2.290744643
i 1.761062657 2.290744643
i 1.772254794 2.290744643
i 1.783446931 2.290744643
i 1.794639068 2.290744643
i 1.805831205 2.290744643
i 1.817023342 2.290744643
i 1.828215479 2.290744643
i 1.581988464 2.356194490
i 1.593180601 2.356194490
i 1.604372738 2.356194490
i 1.615564875 2.356194490
i 1.626757012 2.356194490
i 1.637949149 2.356194490
i 1.649141286 2.356194490
i 1.660333423 2.356194490
i 1.671525560 2.356194490
i 1.682717697 2.356194490
i 1.693909835 2.356194490
i 1.705101972 2.356194490
i 1.716294109 2.356194490
i 1.727486246 2.356194490
i 1.738678383 2.356194490
i 1.749870520 2.356194490
i 1.761062657 2.356194490
i 1.772254794 2.356194490
i 1.783446931 2.356194490
i 1.794639068 2.356194490
i 1.805831205 2.356194490
i 1.817023342 2.356194490
i 1.828215479 2.356194490
i 1.581988464 2.421644337
i 1.593180601 2.421644337
i 1.604372738 2.421644337
i 1.615564875 2.421644337
i 1.626757012 2.421644337
i 1.637949149 2.421644337
i 1.649141286 2.421644337
i 1.660333423 2.421644337
i 1.671525560 2.421644337
i 1.682717697 2.421644337
i 1.693909835 2.421644337
i 1.705101972 2.421644337
i 1.716294109 2.421644337
i 1.727486246 2.421644337
i 1.738678383 2.421644337
i 1.749870520 2.421644337
i 1.761062657 2.421644337
i 1.772254794 2.421644337
i 1.783446931 2.421644337
i 1.794639068 2.421644337
i 1.805831205 2.421644337
i 1.817023342 2.421644337
i 1.828215479 2.421644337
i 1.581988464 2.487094184
i 1.593180601 2.487094184
i 1.604372738 2.487094184
i 1.615564875 2.487094184
i 1.626757012 2.487094184
i 1.637949149 2.487094184
i 1.649141286 2.487094184
i 1.660333423 2.487094184
i 1.671525560 2.487094184
i 1.682717697 2.487094184
i 1.693909835 2.487094184
i 1.705101972 2.487094184
i 1.716294109 2.487094184
i 1.727486246 2.487094184
i 1.738678383 2.487094184
i 1.749870520 2.487094184
i 1.761062657 2.487094184
i 1.772254794 2.487094184
i 1.783446931 2.487094184
i 1.794639068 2.487094184
i 1.805831205 2.487094184
i 1.817023342 2.487094184
i 1.828215479 2.487094184
i 1.581988464 2.552544031
i 1.593180601 2.552544031
i 1.604372738 2.552544031
i 1.615564875 2.552544031
i 1.626757012 2.552544031
i 1.637949149 2.552544031
i 1.649141286 2.552544031
i 1.660333423 2.552544031
i 1.671525560 2.552544031
i 1.682717697 2.552544031
i 1.693909835 2.552544031
i 1.705101972 2.552544031
i 1.716294109 2.552544031
i 1.727486246 2.552544031
i 1.738678383 2.552544031
i 1.749870520 2.552544031
i 1.761062657 2.552544031
i 1.772254794 2.552544031
i 1.783446931 2.552544031
i 1.794639068 2.552544031
i 1.805831205 2.552544031
i 1.817023342 2.552544031
i 1.828215479 2.552544031
i 1.581988464 2.617993878
i 1.593180601 2.617993878
i 1.604372738 2.617993878
i 1.615564875 2.617993878
i 1.626757012 2.617993878
i 1.637949149 2.617993878
i 1.649141286 2.617993878
i 1.660333423 2.617993878
i 1.671525560 2.617993878
i 1.682717697 2.617993878
i 1.693909835 2.617993878
i 1.705101972 2.617993878
i 1.716294109 2.617993878
i 1.727486246 2.617993878
i 1.738678383 2.617993878
i 1.749870520 2.617993878
i 1.761062657 2.617993878
i 1.772254794 2.617993878
i 1.783446931 2.617993878
i 1.794639068 2.617993878
i 1.805831205 2.617993878
i 1.817023342 2.617993878
i 1.828215479 2.617993878
i 1.581988464 2.683443725
i 1.593180601 2.683443725
i 1.604372738 2.683443725
i 1.615564875 2.683443725
i 1.626757012 2.683443725
i 1.637949149 2.683443725
i 1.649141286 2.683443725
i 1.660333423 2.683443725
i 1.671525560 2.683443725
i 1.682717697 2.683443725
i 1.693909835 2.683443725
i 1.705101972 2.683443725
i 1.716294109 2.683443725
i 1.727486246 2.683443725
i 1.738678383 2.683443725
i 1.749870520 2.683443725
i 1.761062657 2.683443725
i 1.772254794 2.683443725
i 1.783446931 2.683443725
i 1.794639068 2.683443725
i 1.805831205 2.683443725
i 1.817023342 2.683443725
i 1.828215479 2.683443725
i 1.581988464 2.748893572
i 1.593180601 2.748893572
i 1.604372738 2.748893572
i 1.615564875 2.748893572
i 1.626757012 2.748893572
i 1.637949149 2.748893572
i 1.649141286 2.748893572
i 1.660333423 2.748893572
i 1.671525560 2.748893572
i 1.682717697 2.748893572
i 1.693909835 2.748893572
i 1.705101972 2.748893572
i 1.716294109 2.748893572
i 1.727486246 2.748893572
i 1.738678383 2.748893572
i 1.749870520 2.748893572
i 1.761062657 2.748893572
i 1.772254794 2.748893572
i 1.783446931 2.748893572
i 1.794639068 2.748893572
i 1.805831205 2.748893572
i 1.817023342 2.748893572
i 1.828215479 2.748893572
i 1.581988464 2.814343419
i 1.593180601 2.814343419
i 1.604372738 2.814343419
i 1.615564875 2.814343419
i 1.626757012 2.814343419
i 1.637949149 2.814343419
i 1.649141286 2.814343419
i 1.660333423 2.814343419
i 1.671525560 2.814343419
i 1.682717697 2.814343419
i 1.693909835 2.814343419
i 1.705101972 2.814343419
i 1.716294109 2.814343419
i 1.727486246 2.814343419
i 1.738678383 2.814343419
i 1.749870520 2.814343419
i 1.761062657 2.814343419
i 1.772254794 2.814343419
i 1.783446931 2.814343419
i 1.794639068 2.814343419
i 1.805831205 2.814343419
i 1.817023342 2.814343419
i 1.828215479 2.814343419
i 1.581988464 2.879793266
i 1.593180601 2.879793266
i 1.604372738 2.879793266
i 1.615564875 2.879793266
i 1.626757012 2.879793266
i 1.637949149 2.879793266
i 1.649141286 2.879793266
i 1.660333423 2.879793266
i 1.671525560 2.879793266
i 1.682717697 2.879793266
i 1.693909835 2.879793266
i 1.705101972 2.879793266
i 1.716294109 2.879793266
i 1.727486246 2.879793266
i 1.738678383 2.879793266
i 1.749870520 2.879793266
i 1.761062657 2.879793266
i 1.772254794 2.879793266
i 1.783446931 2.879793266
i 1.794639068 2.879793266
i 1.805831205 2.879793266
i 1.817023342 2.879793266
i 1.828215479 2.879793266
i 1.581988464 2.945243113
i 1.593180601 2.945243113
i 1.604372738 2.945243113
i 1.615564875 2.945243113
i 1.626757012 2.945243113
i 1.637949149 2.945243113
i 1.649141286 2.945243113
i 1.660333423 2.945243113
i 1.671525560 2.945243113
i 1.682717697 2.945243113
i 1.693909835 2.945243113
i 1.705101972 2.945243113
i 1.716294109 2.945243113
i 1.727486246 2.945243113
i 1.738678383 2.945243113
i 1.749870520 2.945243113
i 1.761062657 2.945243113
i 1.772254794 2.945243113
i 1.783446931 2.945243113
i 1.794639068 2.945243113
i 1.805831205 2.945243113
i 1.817023342 2.945243113
i 1.828215479 2.945243113
i 1.581988464 3.010692960
i 1.593180601 3.010692960
i 1.604372738 3.010692960
i 1.615564875 3.010692960
i 1.626757012 3.010692960
i 1.637949149 3.010692960
i 1.649141286 3.010692960
i 1.660333423 3.010692960
i 1.671525560 3.010692960
i 1.682717697 3.010692960
i 1.693909835 3.010692960
i 1.705101972 3.010692960
i 1.716294109 3.010692960
i 1.727486246 3.010692960
i 1.738678383 3.010692960
i 1.749870520 3.010692960
i 1.761062657 3.010692960
i 1.772254794 3.010692960
i 1.783446931 3.010692960
i 1.794639068 3.010692960
i 1.805831205 3.010692960
i 1.817023342 3.010692960
i 1.828215479 3.010692960
i 1.581988464 3.076142807
i 1.593180601 3.076142807
i 1.604372738 3.076142807
i 1.615564875 3.076142807
i 1.626757012 3.076142807
i 1.637949149 3.076142807
i 1.649141286 3.076142807
i 1.660333423 3.076142807
i 1.671525560 3.076142807
i 1.682717697 3.076142807
i 1.693909835 3.076142807
i 1.705101972 3.076142807
i 1.716294109 3.076142807
i 1.727486246 3.076142807
i 1.738678383 3.076142807
i 1.749870520 3.076142807
i 1.761062657 3.076142807
i 1.772254794 3.076142807
i 1.783446931 3.076142807
i 1.794639068 3.076142807
i 1.805831205 3.076142807
i 1.817023342 3.076142807
i 1.828215479 3.076142807
tris
t 100 98 99
t 100 97 98
t 100 96 97
t 100 95 96
t 100 94 95
t 139 0 1
t 139 1 2
t 139 2 3
t 139 3 4
t 139 4 5
t 100 669 94
t 100 101 669
t 101 670 669
t 101 102 670
t 102 671 670
t 102 103 671
t 103 672 671
t 103 104 672
t 104 673 672
t 104 105 673
t 105 674 673
t 105 106 674
t 106 675 674
t 106 107 675
t 107 676 675
t 107 108 676
t 108 677 676
t 108 109 677
t 109 678 677
t 109 110 678
t 110 679 678
t 110 111 679
t 111 680 679
t 111 112 680
t 112 681 680
t 112 113 681
t 113 682 681
t 113 114 682
t 114 683 682
t 114 115 683
t 115 684 683
t 115 116 684
t 116 685 684
t 116 117 685
t 117 686 685
t 117 118 686
t 118 687 686
t 118 119 687
t 119 688 687
t 119 120 688
t 120 689 688
t 120 121 689
t 121 690 689
t 121 122 690
t 122 691 690
t 122 123 691
t 123 692 691
t 123 124 692
t 124 693 692
t 124 125 693
t 125 694 693
t 125 126 694
t 126 695 694
t 126 127 695
t 127 696 695
t 127 128 696
t 128 697 696
t 128 129 697
t 129 698 697
t 129 130 698
t 130 699 698
t 130 131 699
t 131 700 699
t 131 132 700
t 132 701 700
t 132 133 701
t 133 702 701
t 133 134 702
t 134 703 702
t 134 135 703
t 135 704 703
t 135 136 704
t 136 705 704
t 136 137 705
t 137 706 705
t 137 138 706
t 138 139 706
t 139 5 706
t 94 92 93
t 94 91 92
t 94 90 91
t 94 89 90
t 94 88 89
t 5 6 7
t 5 7 8
t 5 8 9
t 5 9 10
t 5 10 11
t 94 669 88
t 669 707 88
t 669 670 707
t 670 708 707
t 670 671 708
t 671 709 708
t 671 672 709
t 672 710 709
t 672 673 710
t 673 711 710
t 673 674 711
t 674 712 711
t 674 675 712
t 675 713 712
t 675 676 713
t 676 714 713
t 676 677 714
t 677 715 714
t 677 678 715
t 678 716 715
t 678 679 716
t 679 717 716
t 679 680 717
t 680 718 717
t 680 681 718
t 681 719 718
t 681 682 719
t 682 720 719
t 682 683 720
t 683 721 720
t 683 684 721
t 684 722 721
t 684 685 722
t 685 723 722
t 685 686 723
t 686 724 723
t 686 687 724
t 687 725 724
t 687 688 725
t 688 726 725
t 688 689 726
t 689 727 726
t 689 690 727
t 690 728 727
t 690 691 728
t 691 729 728
t 691 692 729
t 692 730 729
t 692 693 730
t 693 731 730
t 693 694 731
t 694 732 731
t 694 695 732
t 695 733 732
t 695 696 733
t 696 734 733
t 696 697 734
t 697 735 734
t 697 698 735
t 698 736 735
t 698 699 736
t 699 737 736
t 699 700 737
t 700 738 737
t 700 701 738
t 701 739 738
t 701 702 739
t 702 740 739
t 702 703 740
t 703 741 740
t 703 704 741
t 704 742 741
t 704 705 742
t 705 743 742
t 705 706 743
t 706 744 743
t 706 5 744
t 5 11 744
t 88 86 87
t 88 85 86
t 88 84 85
t 88 83 84
t 88 82 83
t 11 12 13
t 11 13 14
t 11 14 15
t 11 15 16
t 11 16 17
t 88 707 82
t 707 745 82
t 707 708 745
t 708 746 745
t 708 709 746
t 709 747 746
t 709 710 747
t 710 748 747
t 710 711 748
t 711 749 748
t 711 712 749
t 712 750 749
t 712 713 750
t 713 751 750
t 713 714 751
t 714 752 751
t 714 715 752
t 715 753 752
t 715 716 753
t 716 754 753
t 716 717 754
t 717 755 754
t 717 718 755
t 718 756 755
t 718 719 756
t 719 757 756
t 719 720 757
t 720 758 757
t 720 721 758
t 721 759 758
t 721 722 759
t 722 760 759
t 722 723 760
t 723 761 760
t 723 724 761
t 724 762 761
t 724 725 762
t 725 763 762
t 725 726 763
t 726 764 763
t 726 727 764
t 727 765 764
t 727 728 765
t 728 766 765
t 728 729 766
t 729 767 766
t 729 730 767
t 730 768 767
t 730 731 768
t 731 769 768
t 731 732 769
t 732 770 769
t 732 733 770
t 733 771 770
t 733 734 771
t 734 772 771
t 734 735 772
t 735 773 772
t 735 736 773
t 736 774 773
t 736 737 774
t 737 775 774
t 737 738 775
t 738 776 775
t 738 739 776
t 739 777 776
t 739 740 777
t 740 778 777
t 740 741 778
t 741 779 778
t 741 742 779
t 742 780 779
t 742 743 780
t 743 781 780
t 743 744 781
t 744 782 781
t 744 11 782
t 11 17 782
t 82 80 81
t 82 79 80
t 82 78 79
t 82 77 78
t 82 76 77
t 17 18 19
t 17 19 20
t 17 20 21
t 17 21 22
t 17 22 23
t 82 745 76
t 745 783 76
t 745 746 783
t 746 784 783
t 746 747 784
t 747 785 784
t 747 748 785
t 748 786 785
t 748 749 786
t 749 787 786
t 749 750 787
t 750 788 787
t 750 751 788
t 751 789 788
t 751 752 789
t 752 790 789
t 752 753 790
t 753 791 790
t 753 754 791
t 754 792 791
t 754 755 792
t 755 793 792
t 755 756 793
t 756 794 793
t 756 757 794
t 757 795 794
t 757 758 795
t 758 796 795
t 758 759 796
t 759 797 796
t 759 760 797
t 760 798 797
t 760 761 798
t 761 799 798
t 761 762 799
t 762 800 799
t 762 763 800
t 763 801 800
t 763 764 801
t 764 802 801
t 764 765 802
t 765 803 802
t 765 766 803
t 766 804 803
t 766 767 804
t 767 805 804
t 767 768 805
t 768 806 805
t 768 769 806
t 769 807 806
t 769 770 807
t 770 808 807
t 770 771 808
t 771 809 808
t 771 772 809
t 772 810 809
t 772 773 810
t 773 811 810
t 773 774 811
t 774 812 811
t 774 775 812
t 775 813 812
t 775 776 813
t 776 814 813
t 776 777 814
t 777 815 814
t 777 778 815
t 778 816 815
t 778 779 816
t 779 817 816
t 779 780 817
t 780 818 817
t 780 781 818
t 781 819 818
t 781 782 819
t 782 820 819
t 782 17 820
t 17 23 820
t 76 74 75
t 76 73 74
t 76 72 73
t 76 71 72
t 76 70 71
t 76 69 70
t 23 24 25
t 23 25 26
t 23 26 27
t 23 27 28
t 23 28 29
t 23 29 30
t 76 783 69
t 783 68 69
t 783 784 68
t 784 67 68
t 784 785 67
t 785 66 67
t 785 786 66
t 786 65 66
t 786 787 65
t 787 64 65
t 787 788 64
t 788 63 64
t 788 789 63
t 789 62 63
t 789 790 62
t 790 61 62
t 790 791 61
t 791 60 61
t 791 792 60
t 792 59 60
t 792 793 59
t 793 58 59
t 793 794 58
t 794 57 58
t 794 795 57
t 795 56 57
t 795 796 56
t 796 55 56
t 796 797 55
t 797 54 55
t 797 798 54
t 798 53 54
t 798 799 53
t 799 52 53
t 799 800 52
t 800 51 52
t 800 801 51
t 801 50 51
t 801 802 50
t 802 49 50
t 802 803 49
t 803 48 49
t 803 804 48
t 804 47 48
t 804 805 47
t 805 46 47
t 805 806 46
t 806 45 46
t 806 807 45
t 807 44 45
t 807 808 44
t 808 43 44
t 808 809 43
t 809 42 43
t 809 810 42
t 810 41 42
t 810 811 41
t 811 40 41
t 811 812 40
t 812 39 40
t 812 813 39
t 813 38 39
t 813 814 38
t 814 37 38
t 814 815 37
t 815 36 37
t 815 816 36
t 816 35 36
t 816 817 35
t 817 34 35
t 817 818 34
t 818 33 34
t 818 819 33
t 819 32 33
t 819 820 32
t 820 31 32
t 820 30 31
t 820 23 30
