type=Nurbs forward=true n_boundary=196 n_holes=0 n_interior=113 n_tris=302 label=brep47598_f226_Nurbs(deg=3/3, cps=7x6)
boundary
b 0.000000000 0.967741456
b 0.000000000 0.935482203
b 0.000000000 0.903222568
b 0.000000000 0.870962819
b 0.000000000 0.838703167
b 0.000000000 0.806443774
b 0.000000000 0.774184753
b 0.000000000 0.741926177
b 0.000000000 0.709668082
b 0.000000000 0.677410469
b 0.000000000 0.645153313
b 0.000000000 0.612896563
b 0.000000000 0.580640149
b 0.000000000 0.548383986
b 0.000000000 0.516127978
b 0.000000000 0.483872022
b 0.000000000 0.451616014
b 0.000000000 0.419359851
b 0.000000000 0.387103437
b 0.000000000 0.354846687
b 0.000000000 0.322589531
b 0.000000000 0.290331918
b 0.000000000 0.258073823
b 0.000000000 0.225815247
b 0.000000000 0.193556226
b 0.000000000 0.161296833
b 0.000000000 0.129037181
b 0.000000000 0.096777432
b 0.000000000 0.064517797
b 0.000000000 0.032258544
b 0.000000000 -0.000000000
b 0.018181818 -0.000000000
b 0.036363636 -0.000000000
b 0.054545455 -0.000000000
b 0.072727273 -0.000000000
b 0.090909091 -0.000000000
b 0.109090909 -0.000000000
b 0.127272727 -0.000000000
b 0.145454545 -0.000000000
b 0.163636364 -0.000000000
b 0.181818182 -0.000000000
b 0.200000000 -0.000000000
b 0.218181818 -0.000000000
b 0.236363636 -0.000000000
b 0.254545455 -0.000000000
b 0.272727273 -0.000000000
b 0.290909091 -0.000000000
b 0.309090909 -0.000000000
b 0.327272727 -0.000000000
b 0.345454545 -0.000000000
b 0.363636364 -0.000000000
b 0.381818182 -0.000000000
b 0.400000000 -0.000000000
b 0.418181818 -0.000000000
b 0.436363636 -0.000000000
b 0.454545455 -0.000000000
b 0.472727273 -0.000000000
b 0.490909091 -0.000000000
b 0.509090909 -0.000000000
b 0.527272727 -0.000000000
b 0.545454545 -0.000000000
b 0.563636364 -0.000000000
b 0.581818182 -0.000000000
b 0.600000000 -0.000000000
b 0.618181818 -0.000000000
b 0.636363636 -0.000000000
b 0.654545455 -0.000000000
b 0.672727273 -0.000000000
b 0.690909091 -0.000000000
b 0.709090909 -0.000000000
b 0.727272727 -0.000000000
b 0.745454545 -0.000000000
b 0.763636364 -0.000000000
b 0.781818182 -0.000000000
b 0.800000000 -0.000000000
b 0.818181818 -0.000000000
b 0.836363636 -0.000000000
b 0.854545455 -0.000000000
b 0.872727273 -0.000000000
b 0.890909091 -0.000000000
b 0.909090909 -0.000000000
b 0.927272727 -0.000000000
b 0.945454545 -0.000000000
b 0.963636364 -0.000000000
b 0.981818182 -0.000000000
b 1.000000000 -0.000000000
b 0.999999983 0.018181904
b 0.999999969 0.036363799
b 0.999999957 0.054545686
b 0.999999949 0.072727564
b 0.999999942 0.090909435
b 0.999999938 0.109091298
b 0.999999936 0.127273153
b 0.999999935 0.145455002
b 0.999999936 0.163636844
b 0.999999938 0.181818679
b 0.999999942 0.200000508
b 0.999999947 0.218182331
b 0.999999952 0.236364149
b 0.999999958 0.254545961
b 0.999999965 0.272727768
b 0.999999973 0.290909571
b 0.999999980 0.309091369
b 0.999999988 0.327273164
b 0.999999996 0.345454954
b 1.000000004 0.363636742
b 1.000000012 0.381818526
b 1.000000019 0.400000308
b 1.000000026 0.418182087
b 1.000000033 0.436363865
b 1.000000040 0.454545641
b 1.000000046 0.472727416
b 1.000000051 0.490909190
b 1.000000056 0.509090963
b 1.000000060 0.527272737
b 1.000000064 0.545454510
b 1.000000066 0.563636284
b 1.000000068 0.581818060
b 1.000000070 0.599999836
b 1.000000070 0.618181614
b 1.000000070 0.636363395
b 1.000000069 0.654545177
b 1.000000068 0.672726963
b 1.000000066 0.690908751
b 1.000000063 0.709090544
b 1.000000060 0.727272340
b 1.000000056 0.745454140
b 1.000000052 0.763635946
b 1.000000047 0.781817756
b 1.000000042 0.799999571
b 1.000000037 0.818181393
b 1.000000032 0.836363220
b 1.000000027 0.854545054
b 1.000000022 0.872726895
b 1.000000017 0.890908742
b 1.000000012 0.909090598
b 1.000000008 0.927272461
b 1.000000005 0.945454333
b 1.000000002 0.963636213
b 1.000000001 0.981818102
b 1.000000000 1.000000000
b 0.981818182 1.000000000
b 0.963636364 1.000000000
b 0.945454545 1.000000000
b 0.927272727 1.000000000
b 0.909090909 1.000000000
b 0.890909091 1.000000000
b 0.872727273 1.000000000
b 0.854545455 1.000000000
b 0.836363636 1.000000000
b 0.818181818 1.000000000
b 0.800000000 1.000000000
b 0.781818182 1.000000000
b 0.763636364 1.000000000
b 0.745454545 1.000000000
b 0.727272727 1.000000000
b 0.709090909 1.000000000
b 0.690909091 1.000000000
b 0.672727273 1.000000000
b 0.654545455 1.000000000
b 0.636363636 1.000000000
b 0.618181818 1.000000000
b 0.600000000 1.000000000
b 0.581818182 1.000000000
b 0.563636364 1.000000000
b 0.545454545 1.000000000
b 0.527272727 1.000000000
b 0.509090909 1.000000000
b 0.490909091 1.000000000
b 0.472727273 1.000000000
b 0.454545455 1.000000000
b 0.436363636 1.000000000
b 0.418181818 1.000000000
b 0.400000000 1.000000000
b 0.381818182 1.000000000
b 0.363636364 1.000000000
b 0.345454545 1.000000000
b 0.327272727 1.000000000
b 0.309090909 1.000000000
b 0.290909091 1.000000000
b 0.272727273 1.000000000
b 0.254545455 1.000000000
b 0.236363636 1.000000000
b 0.218181818 1.000000000
b 0.200000000 1.000000000
b 0.181818182 1.000000000
b 0.163636364 1.000000000
b 0.145454545 1.000000000
b 0.127272727 1.000000000
b 0.109090909 1.000000000
b 0.090909091 1.000000000
b 0.072727273 1.000000000
b 0.054545455 1.000000000
b 0.036363636 1.000000000
b 0.018181818 1.000000000
b -0.000000000 1.000000000
interior
i 0.125000009 0.125000000
i 0.250000018 0.125000000
i 0.375000026 0.125000000
i 0.500000035 0.125000000
i 0.625000044 0.125000000
i 0.750000053 0.125000000
i 0.875000062 0.125000000
i 0.125000009 0.250000000
i 0.250000018 0.250000000
i 0.375000026 0.250000000
i 0.500000035 0.250000000
i 0.625000044 0.250000000
i 0.750000053 0.250000000
i 0.875000062 0.250000000
i 0.125000009 0.375000000
i 0.250000018 0.375000000
i 0.375000026 0.375000000
i 0.500000035 0.375000000
i 0.625000044 0.375000000
i 0.750000053 0.375000000
i 0.875000062 0.375000000
i 0.125000009 0.500000000
i 0.250000018 0.500000000
i 0.375000026 0.500000000
i 0.500000035 0.500000000
i 0.625000044 0.500000000
i 0.750000053 0.500000000
i 0.875000062 0.500000000
i 0.125000009 0.625000000
i 0.250000018 0.625000000
i 0.375000026 0.625000000
i 0.500000035 0.625000000
i 0.625000044 0.625000000
i 0.750000053 0.625000000
i 0.875000062 0.625000000
i 0.125000009 0.750000000
i 0.250000018 0.750000000
i 0.375000026 0.750000000
i 0.500000035 0.750000000
i 0.625000044 0.750000000
i 0.750000053 0.750000000
i 0.875000062 0.750000000
i 0.125000009 0.875000000
i 0.250000018 0.875000000
i 0.375000026 0.875000000
i 0.500000035 0.875000000
i 0.625000044 0.875000000
i 0.750000053 0.875000000
i 0.875000062 0.875000000
i 0.062500004 0.062500000
i 0.062500004 0.187500000
i 0.062500004 0.312500000
i 0.062500004 0.437500000
i 0.062500004 0.562500000
i 0.062500004 0.687500000
i 0.062500004 0.812500000
i 0.062500004 0.937500000
i 0.187500013 0.062500000
i 0.187500013 0.187500000
i 0.187500013 0.312500000
i 0.187500013 0.437500000
i 0.187500013 0.562500000
i 0.187500013 0.687500000
i 0.187500013 0.812500000
i 0.187500013 0.937500000
i 0.312500022 0.062500000
i 0.312500022 0.187500000
i 0.312500022 0.312500000
i 0.312500022 0.437500000
i 0.312500022 0.562500000
i 0.312500022 0.687500000
i 0.312500022 0.812500000
i 0.312500022 0.937500000
i 0.437500031 0.062500000
i 0.437500031 0.187500000
i 0.437500031 0.312500000
i 0.437500031 0.437500000
i 0.437500031 0.562500000
i 0.437500031 0.687500000
i 0.437500031 0.812500000
i 0.437500031 0.937500000
i 0.562500040 0.062500000
i 0.562500040 0.187500000
i 0.562500040 0.312500000
i 0.562500040 0.437500000
i 0.562500040 0.562500000
i 0.562500040 0.687500000
i 0.562500040 0.812500000
i 0.562500040 0.937500000
i 0.687500048 0.062500000
i 0.687500048 0.187500000
i 0.687500048 0.312500000
i 0.687500048 0.437500000
i 0.687500048 0.562500000
i 0.687500048 0.687500000
i 0.687500048 0.812500000
i 0.687500048 0.937500000
i 0.812500057 0.062500000
i 0.812500057 0.187500000
i 0.812500057 0.312500000
i 0.812500057 0.437500000
i 0.812500057 0.562500000
i 0.812500057 0.687500000
i 0.812500057 0.812500000
i 0.812500057 0.937500000
i 0.937500066 0.062500000
i 0.937500066 0.187500000
i 0.937500066 0.312500000
i 0.937500066 0.437500000
i 0.937500066 0.562500000
i 0.937500066 0.687500000
i 0.937500066 0.812500000
i 0.937500066 0.937500000
tris
t 30 28 29
t 30 27 28
t 30 26 27
t 30 25 26
t 30 24 25
t 30 23 24
t 30 22 23
t 30 21 22
t 30 20 21
t 30 19 20
t 30 18 19
t 30 17 18
t 30 16 17
t 30 15 16
t 85 86 87
t 85 87 88
t 85 88 89
t 85 89 90
t 85 90 91
t 85 91 92
t 85 92 93
t 85 93 94
t 85 94 95
t 85 95 96
t 85 96 97
t 85 97 98
t 85 98 99
t 85 99 100
t 85 100 101
t 85 101 102
t 85 102 103
t 85 103 104
t 85 104 105
t 85 105 106
t 85 106 107
t 85 107 108
t 85 108 109
t 85 109 110
t 85 110 111
t 85 111 112
t 30 309 15
t 30 31 309
t 31 310 309
t 31 32 310
t 32 311 310
t 32 33 311
t 33 312 311
t 33 34 312
t 34 313 312
t 34 35 313
t 35 314 313
t 35 36 314
t 36 315 314
t 36 37 315
t 37 38 315
t 38 316 315
t 38 39 316
t 39 317 316
t 39 40 317
t 40 318 317
t 40 41 318
t 41 319 318
t 41 42 319
t 42 320 319
t 42 43 320
t 43 321 320
t 43 44 321
t 44 322 321
t 44 45 322
t 45 323 322
t 45 46 323
t 46 324 323
t 46 47 324
t 47 325 324
t 47 48 325
t 48 326 325
t 48 49 326
t 49 327 326
t 49 50 327
t 50 328 327
t 50 51 328
t 51 329 328
t 51 52 329
t 52 330 329
t 52 53 330
t 53 331 330
t 53 54 331
t 54 332 331
t 54 55 332
t 55 333 332
t 55 56 333
t 56 334 333
t 56 57 334
t 57 335 334
t 57 58 335
t 58 336 335
t 58 59 336
t 59 337 336
t 59 60 337
t 60 338 337
t 60 61 338
t 61 339 338
t 61 62 339
t 62 340 339
t 62 63 340
t 63 341 340
t 63 64 341
t 64 342 341
t 64 65 342
t 65 343 342
t 65 66 343
t 66 344 343
t 66 67 344
t 67 345 344
t 67 68 345
t 68 346 345
t 68 347 346
t 68 69 347
t 69 348 347
t 69 70 348
t 70 349 348
t 70 71 349
t 71 350 349
t 71 72 350
t 72 351 350
t 72 73 351
t 73 352 351
t 73 74 352
t 74 353 352
t 74 75 353
t 75 354 353
t 75 76 354
t 76 355 354
t 76 77 355
t 77 356 355
t 77 78 356
t 78 357 356
t 78 79 357
t 79 358 357
t 79 80 358
t 80 359 358
t 80 81 359
t 81 360 359
t 81 82 360
t 82 361 360
t 82 83 361
t 83 362 361
t 83 84 362
t 84 85 362
t 85 112 362
t 15 13 14
t 15 12 13
t 15 11 12
t 15 10 11
t 15 9 10
t 15 8 9
t 15 7 8
t 15 6 7
t 15 5 6
t 15 4 5
t 15 3 4
t 15 2 3
t 15 1 2
t 15 0 1
t 15 195 0
t 112 113 114
t 112 114 115
t 112 115 116
t 112 116 117
t 112 117 118
t 112 118 119
t 112 119 120
t 112 120 121
t 112 121 122
t 112 122 123
t 112 123 124
t 112 124 125
t 112 125 126
t 112 126 127
t 112 127 128
t 112 128 129
t 112 129 130
t 112 130 131
t 112 131 132
t 112 132 133
t 112 133 134
t 112 134 135
t 112 135 136
t 112 136 137
t 112 137 138
t 112 138 139
t 112 139 140
t 15 309 195
t 309 194 195
t 309 310 194
t 310 193 194
t 310 311 193
t 311 192 193
t 311 312 192
t 312 191 192
t 312 313 191
t 313 190 191
t 313 314 190
t 314 189 190
t 314 315 189
t 315 188 189
t 315 316 188
t 316 187 188
t 316 317 187
t 317 186 187
t 317 318 186
t 318 185 186
t 318 319 185
t 319 184 185
t 319 320 184
t 320 183 184
t 320 321 183
t 321 182 183
t 321 322 182
t 322 181 182
t 322 323 181
t 323 180 181
t 323 324 180
t 324 179 180
t 324 325 179
t 325 178 179
t 325 326 178
t 326 177 178
t 326 327 177
t 327 176 177
t 327 328 176
t 328 175 176
t 328 329 175
t 329 174 175
t 329 330 174
t 330 173 174
t 330 331 173
t 331 172 173
t 331 332 172
t 332 171 172
t 332 333 171
t 333 170 171
t 333 334 170
t 334 169 170
t 334 335 169
t 335 168 169
t 335 336 168
t 336 167 168
t 336 337 167
t 337 166 167
t 337 338 166
t 338 165 166
t 338 339 165
t 339 164 165
t 339 340 164
t 340 163 164
t 340 341 163
t 341 162 163
t 341 342 162
t 342 161 162
t 342 343 161
t 343 160 161
t 343 344 160
t 344 159 160
t 344 345 159
t 345 158 159
t 345 346 158
t 346 157 158
t 346 347 157
t 347 156 157
t 347 348 156
t 348 155 156
t 348 349 155
t 349 154 155
t 349 350 154
t 350 153 154
t 350 351 153
t 351 152 153
t 351 352 152
t 352 151 152
t 352 353 151
t 353 150 151
t 353 354 150
t 354 149 150
t 354 355 149
t 355 148 149
t 355 356 148
t 356 147 148
t 356 357 147
t 357 146 147
t 357 358 146
t 358 145 146
t 358 359 145
t 359 144 145
t 359 360 144
t 360 143 144
t 360 361 143
t 361 142 143
t 361 362 142
t 362 141 142
t 362 140 141
t 362 112 140
