type=Nurbs forward=true n_boundary=220 n_holes=0 n_interior=366 n_tris=818 label=brep47598_f192_Nurbs(deg=3/3, cps=4x7)
boundary
b 0.202058882 0.702257944
b 0.201890230 0.694044174
b 0.201712087 0.685841971
b 0.201524261 0.677650538
b 0.201326585 0.669469074
b 0.201118914 0.661296781
b 0.200901129 0.653132859
b 0.200673132 0.644976509
b 0.200434850 0.636826935
b 0.200186230 0.628683342
b 0.199927247 0.620544937
b 0.199657894 0.612410931
b 0.199378189 0.604280537
b 0.199088173 0.596152975
b 0.198787909 0.588027465
b 0.198477481 0.579903235
b 0.198156998 0.571779518
b 0.197826589 0.563655552
b 0.197486406 0.555530583
b 0.197136618 0.547403899
b 0.196777340 0.539275218
b 0.196408642 0.531144538
b 0.196030592 0.523011862
b 0.195643251 0.514877197
b 0.195246677 0.506740551
b 0.194840923 0.498601936
b 0.194426023 0.490461333
b 0.194001994 0.482318702
b 0.193568851 0.474174000
b 0.193126606 0.466027186
b 0.192675269 0.457878222
b 0.192214848 0.449727069
b 0.191745348 0.441573689
b 0.191266773 0.433418047
b 0.190779122 0.425260107
b 0.190282395 0.417099836
b 0.189776588 0.408937200
b 0.189261691 0.400772162
b 0.188737622 0.392604419
b 0.188204198 0.384433251
b 0.187661245 0.376257902
b 0.187108613 0.368077612
b 0.186546174 0.359891618
b 0.185973826 0.351699159
b 0.185391485 0.343499471
b 0.184799094 0.335291790
b 0.184196617 0.327075351
b 0.183584043 0.318849394
b 0.182961383 0.310613155
b 0.182328674 0.302365876
b 0.181685975 0.294106799
b 0.181033369 0.285835169
b 0.180370966 0.277550236
b 0.179698898 0.269251253
b 0.179017323 0.260937477
b 0.178326423 0.252608172
b 0.190764915 0.252835843
b 0.203116034 0.253023085
b 0.215384226 0.253173607
b 0.227573734 0.253290963
b 0.239688621 0.253378556
b 0.251732785 0.253439650
b 0.263709984 0.253477370
b 0.275623849 0.253494719
b 0.287477907 0.253494572
b 0.299275596 0.253479695
b 0.311020280 0.253452740
b 0.322715270 0.253416259
b 0.334363837 0.253372706
b 0.345969227 0.253324444
b 0.357534680 0.253273749
b 0.369063441 0.253222818
b 0.380558777 0.253173771
b 0.392023991 0.253128658
b 0.403462426 0.253089336
b 0.414877312 0.253056135
b 0.426271705 0.253028438
b 0.437648557 0.253005635
b 0.449010728 0.252987134
b 0.460361003 0.252972367
b 0.471702103 0.252960783
b 0.483036703 0.252951846
b 0.494367442 0.252945040
b 0.505696943 0.252939863
b 0.517027818 0.252935826
b 0.528362690 0.252932457
b 0.539704203 0.252929291
b 0.551055037 0.252925879
b 0.562417920 0.252921780
b 0.573795646 0.252916564
b 0.585191086 0.252909809
b 0.596607205 0.252901102
b 0.608047074 0.252890039
b 0.619513898 0.252876517
b 0.631010927 0.252860881
b 0.642541361 0.252843505
b 0.654108358 0.252824756
b 0.665715043 0.252804992
b 0.677364529 0.252784564
b 0.689059926 0.252763816
b 0.700804356 0.252743086
b 0.712600970 0.252722709
b 0.724452961 0.252703012
b 0.736363580 0.252684320
b 0.748336152 0.252666953
b 0.760374093 0.252651229
b 0.772480926 0.252637463
b 0.784660300 0.252625969
b 0.796916008 0.252617059
b 0.809252005 0.252611044
b 0.821672429 0.252608235
b 0.821672283 0.260817555
b 0.821672191 0.269025632
b 0.821672149 0.277232470
b 0.821672150 0.285438071
b 0.821672187 0.293642439
b 0.821672256 0.301845577
b 0.821672349 0.310047489
b 0.821672460 0.318248179
b 0.821672584 0.326447652
b 0.821672712 0.334645911
b 0.821672841 0.342842961
b 0.821672961 0.351038807
b 0.821673069 0.359233455
b 0.821673155 0.367426908
b 0.821673216 0.375619174
b 0.821673242 0.383810257
b 0.821673229 0.392000163
b 0.821673168 0.400188899
b 0.821673056 0.408376469
b 0.821672894 0.416562872
b 0.821672693 0.424748100
b 0.821672464 0.432932140
b 0.821672217 0.441114981
b 0.821671961 0.449296608
b 0.821671707 0.457477004
b 0.821671465 0.465656149
b 0.821671246 0.473834024
b 0.821671058 0.482010604
b 0.821670913 0.490185866
b 0.821670819 0.498359783
b 0.821670786 0.506532325
b 0.821670813 0.514703472
b 0.821670888 0.522873214
b 0.821671000 0.531041543
b 0.821671136 0.539208454
b 0.821671281 0.547373946
b 0.821671424 0.555538019
b 0.821671554 0.563700678
b 0.821671672 0.571861933
b 0.821671775 0.580021794
b 0.821671864 0.588180271
b 0.821671938 0.596337369
b 0.821671996 0.604493096
b 0.821672039 0.612647458
b 0.821672065 0.620800459
b 0.821672076 0.628952101
b 0.821672070 0.637102388
b 0.821672048 0.645251321
b 0.821672009 0.653398899
b 0.821671954 0.661545122
b 0.821671881 0.669689988
b 0.821671792 0.677833493
b 0.821671685 0.685975634
b 0.821671561 0.694116406
b 0.821671419 0.702255802
b 0.809681910 0.702254889
b 0.797770914 0.702253464
b 0.785934748 0.702251723
b 0.774169884 0.702249865
b 0.762472935 0.702248093
b 0.750840635 0.702246611
b 0.739269829 0.702245625
b 0.727757452 0.702245346
b 0.716300520 0.702245987
b 0.704896115 0.702247767
b 0.693541371 0.702250906
b 0.682233458 0.702255633
b 0.670969577 0.702262178
b 0.659746939 0.702270778
b 0.648562762 0.702281678
b 0.637414250 0.702295126
b 0.626298588 0.702311380
b 0.615212928 0.702330702
b 0.604154380 0.702353313
b 0.593120050 0.702378849
b 0.582107127 0.702406554
b 0.571112894 0.702435651
b 0.560134712 0.702465345
b 0.549170008 0.702494822
b 0.538216267 0.702523249
b 0.527271015 0.702549771
b 0.516331808 0.702573506
b 0.505396222 0.702593551
b 0.494461841 0.702608973
b 0.483526242 0.702618810
b 0.472586989 0.702622070
b 0.461641613 0.702617727
b 0.450687609 0.702604719
b 0.439722420 0.702581950
b 0.428743422 0.702548280
b 0.417747919 0.702502530
b 0.406733123 0.702443500
b 0.395696202 0.702371439
b 0.384634375 0.702288935
b 0.373544918 0.702198863
b 0.362425149 0.702104195
b 0.351272411 0.702008007
b 0.340084067 0.701913490
b 0.328857486 0.701823950
b 0.317590028 0.701742825
b 0.306279040 0.701673684
b 0.294921835 0.701620242
b 0.283515688 0.701586364
b 0.272057818 0.701576079
b 0.260545380 0.701593582
b 0.248975449 0.701643251
b 0.237345011 0.701729651
b 0.225650949 0.701857547
b 0.213890027 0.702031913
interior
i 0.258744775 0.308859910
i 0.339163128 0.308859910
i 0.419581480 0.308859910
i 0.499999832 0.308859910
i 0.580418185 0.308859910
i 0.660836537 0.308859910
i 0.741254890 0.308859910
i 0.258744775 0.365111647
i 0.339163128 0.365111647
i 0.419581480 0.365111647
i 0.499999832 0.365111647
i 0.580418185 0.365111647
i 0.660836537 0.365111647
i 0.741254890 0.365111647
i 0.258744775 0.421363384
i 0.339163128 0.421363384
i 0.419581480 0.421363384
i 0.499999832 0.421363384
i 0.580418185 0.421363384
i 0.660836537 0.421363384
i 0.741254890 0.421363384
i 0.258744775 0.477615121
i 0.339163128 0.477615121
i 0.419581480 0.477615121
i 0.499999832 0.477615121
i 0.580418185 0.477615121
i 0.660836537 0.477615121
i 0.741254890 0.477615121
i 0.258744775 0.533866858
i 0.339163128 0.533866858
i 0.419581480 0.533866858
i 0.499999832 0.533866858
i 0.580418185 0.533866858
i 0.660836537 0.533866858
i 0.741254890 0.533866858
i 0.258744775 0.590118596
i 0.339163128 0.590118596
i 0.419581480 0.590118596
i 0.499999832 0.590118596
i 0.580418185 0.590118596
i 0.660836537 0.590118596
i 0.741254890 0.590118596
i 0.258744775 0.646370333
i 0.339163128 0.646370333
i 0.419581480 0.646370333
i 0.499999832 0.646370333
i 0.580418185 0.646370333
i 0.660836537 0.646370333
i 0.741254890 0.646370333
i 0.218535599 0.280734041
i 0.198431011 0.266671107
i 0.238640187 0.266671107
i 0.198431011 0.294796975
i 0.238640187 0.294796975
i 0.218535599 0.336985778
i 0.198431011 0.322922844
i 0.238640187 0.322922844
i 0.198431011 0.351048712
i 0.238640187 0.351048712
i 0.218535599 0.393237515
i 0.198431011 0.379174581
i 0.238640187 0.379174581
i 0.198431011 0.407300450
i 0.238640187 0.407300450
i 0.218535599 0.449489253
i 0.198431011 0.435426318
i 0.238640187 0.435426318
i 0.198431011 0.463552187
i 0.238640187 0.463552187
i 0.218535599 0.505740990
i 0.198431011 0.491678056
i 0.238640187 0.491678056
i 0.198431011 0.519803924
i 0.238640187 0.519803924
i 0.218535599 0.561992727
i 0.198431011 0.547929793
i 0.238640187 0.547929793
i 0.198431011 0.576055661
i 0.238640187 0.576055661
i 0.218535599 0.618244464
i 0.198431011 0.604181530
i 0.238640187 0.604181530
i 0.238640187 0.632307399
i 0.218535599 0.674496201
i 0.238640187 0.660433267
i 0.238640187 0.688559136
i 0.298953951 0.280734041
i 0.278849363 0.266671107
i 0.319058539 0.266671107
i 0.278849363 0.294796975
i 0.319058539 0.294796975
i 0.298953951 0.336985778
i 0.278849363 0.322922844
i 0.319058539 0.322922844
i 0.278849363 0.351048712
i 0.319058539 0.351048712
i 0.298953951 0.393237515
i 0.278849363 0.379174581
i 0.319058539 0.379174581
i 0.278849363 0.407300450
i 0.319058539 0.407300450
i 0.298953951 0.449489253
i 0.278849363 0.435426318
i 0.319058539 0.435426318
i 0.278849363 0.463552187
i 0.319058539 0.463552187
i 0.298953951 0.505740990
i 0.278849363 0.491678056
i 0.319058539 0.491678056
i 0.278849363 0.519803924
i 0.319058539 0.519803924
i 0.298953951 0.561992727
i 0.278849363 0.547929793
i 0.319058539 0.547929793
i 0.278849363 0.576055661
i 0.319058539 0.576055661
i 0.298953951 0.618244464
i 0.278849363 0.604181530
i 0.319058539 0.604181530
i 0.278849363 0.632307399
i 0.319058539 0.632307399
i 0.298953951 0.674496201
i 0.278849363 0.660433267
i 0.319058539 0.660433267
i 0.278849363 0.688559136
i 0.319058539 0.688559136
i 0.379372304 0.280734041
i 0.359267716 0.266671107
i 0.399476892 0.266671107
i 0.359267716 0.294796975
i 0.399476892 0.294796975
i 0.379372304 0.336985778
i 0.359267716 0.322922844
i 0.399476892 0.322922844
i 0.359267716 0.351048712
i 0.399476892 0.351048712
i 0.379372304 0.393237515
i 0.359267716 0.379174581
i 0.399476892 0.379174581
i 0.359267716 0.407300450
i 0.399476892 0.407300450
i 0.379372304 0.449489253
i 0.359267716 0.435426318
i 0.399476892 0.435426318
i 0.359267716 0.463552187
i 0.399476892 0.463552187
i 0.379372304 0.505740990
i 0.359267716 0.491678056
i 0.399476892 0.491678056
i 0.359267716 0.519803924
i 0.399476892 0.519803924
i 0.379372304 0.561992727
i 0.359267716 0.547929793
i 0.399476892 0.547929793
i 0.359267716 0.576055661
i 0.399476892 0.576055661
i 0.379372304 0.618244464
i 0.359267716 0.604181530
i 0.399476892 0.604181530
i 0.359267716 0.632307399
i 0.399476892 0.632307399
i 0.379372304 0.674496201
i 0.359267716 0.660433267
i 0.399476892 0.660433267
i 0.359267716 0.688559136
i 0.399476892 0.688559136
i 0.459790656 0.280734041
i 0.439686068 0.266671107
i 0.479895244 0.266671107
i 0.439686068 0.294796975
i 0.479895244 0.294796975
i 0.459790656 0.336985778
i 0.439686068 0.322922844
i 0.479895244 0.322922844
i 0.439686068 0.351048712
i 0.479895244 0.351048712
i 0.459790656 0.393237515
i 0.439686068 0.379174581
i 0.479895244 0.379174581
i 0.439686068 0.407300450
i 0.479895244 0.407300450
i 0.459790656 0.449489253
i 0.439686068 0.435426318
i 0.479895244 0.435426318
i 0.439686068 0.463552187
i 0.479895244 0.463552187
i 0.459790656 0.505740990
i 0.439686068 0.491678056
i 0.479895244 0.491678056
i 0.439686068 0.519803924
i 0.479895244 0.519803924
i 0.459790656 0.561992727
i 0.439686068 0.547929793
i 0.479895244 0.547929793
i 0.439686068 0.576055661
i 0.479895244 0.576055661
i 0.459790656 0.618244464
i 0.439686068 0.604181530
i 0.479895244 0.604181530
i 0.439686068 0.632307399
i 0.479895244 0.632307399
i 0.459790656 0.674496201
i 0.439686068 0.660433267
i 0.479895244 0.660433267
i 0.439686068 0.688559136
i 0.479895244 0.688559136
i 0.540209009 0.280734041
i 0.520104421 0.266671107
i 0.560313597 0.266671107
i 0.520104421 0.294796975
i 0.560313597 0.294796975
i 0.540209009 0.336985778
i 0.520104421 0.322922844
i 0.560313597 0.322922844
i 0.520104421 0.351048712
i 0.560313597 0.351048712
i 0.540209009 0.393237515
i 0.520104421 0.379174581
i 0.560313597 0.379174581
i 0.520104421 0.407300450
i 0.560313597 0.407300450
i 0.540209009 0.449489253
i 0.520104421 0.435426318
i 0.560313597 0.435426318
i 0.520104421 0.463552187
i 0.560313597 0.463552187
i 0.540209009 0.505740990
i 0.520104421 0.491678056
i 0.560313597 0.491678056
i 0.520104421 0.519803924
i 0.560313597 0.519803924
i 0.540209009 0.561992727
i 0.520104421 0.547929793
i 0.560313597 0.547929793
i 0.520104421 0.576055661
i 0.560313597 0.576055661
i 0.540209009 0.618244464
i 0.520104421 0.604181530
i 0.560313597 0.604181530
i 0.520104421 0.632307399
i 0.560313597 0.632307399
i 0.540209009 0.674496201
i 0.520104421 0.660433267
i 0.560313597 0.660433267
i 0.520104421 0.688559136
i 0.560313597 0.688559136
i 0.620627361 0.280734041
i 0.600522773 0.266671107
i 0.640731949 0.266671107
i 0.600522773 0.294796975
i 0.640731949 0.294796975
i 0.620627361 0.336985778
i 0.600522773 0.322922844
i 0.640731949 0.322922844
i 0.600522773 0.351048712
i 0.640731949 0.351048712
i 0.620627361 0.393237515
i 0.600522773 0.379174581
i 0.640731949 0.379174581
i 0.600522773 0.407300450
i 0.640731949 0.407300450
i 0.620627361 0.449489253
i 0.600522773 0.435426318
i 0.640731949 0.435426318
i 0.600522773 0.463552187
i 0.640731949 0.463552187
i 0.620627361 0.505740990
i 0.600522773 0.491678056
i 0.640731949 0.491678056
i 0.600522773 0.519803924
i 0.640731949 0.519803924
i 0.620627361 0.561992727
i 0.600522773 0.547929793
i 0.640731949 0.547929793
i 0.600522773 0.576055661
i 0.640731949 0.576055661
i 0.620627361 0.618244464
i 0.600522773 0.604181530
i 0.640731949 0.604181530
i 0.600522773 0.632307399
i 0.640731949 0.632307399
i 0.620627361 0.674496201
i 0.600522773 0.660433267
i 0.640731949 0.660433267
i 0.600522773 0.688559136
i 0.640731949 0.688559136
i 0.701045713 0.280734041
i 0.680941125 0.266671107
i 0.721150302 0.266671107
i 0.680941125 0.294796975
i 0.721150302 0.294796975
i 0.701045713 0.336985778
i 0.680941125 0.322922844
i 0.721150302 0.322922844
i 0.680941125 0.351048712
i 0.721150302 0.351048712
i 0.701045713 0.393237515
i 0.680941125 0.379174581
i 0.721150302 0.379174581
i 0.680941125 0.407300450
i 0.721150302 0.407300450
i 0.701045713 0.449489253
i 0.680941125 0.435426318
i 0.721150302 0.435426318
i 0.680941125 0.463552187
i 0.721150302 0.463552187
i 0.701045713 0.505740990
i 0.680941125 0.491678056
i 0.721150302 0.491678056
i 0.680941125 0.519803924
i 0.721150302 0.519803924
i 0.701045713 0.561992727
i 0.680941125 0.547929793
i 0.721150302 0.547929793
i 0.680941125 0.576055661
i 0.721150302 0.576055661
i 0.701045713 0.618244464
i 0.680941125 0.604181530
i 0.721150302 0.604181530
i 0.680941125 0.632307399
i 0.721150302 0.632307399
i 0.701045713 0.674496201
i 0.680941125 0.660433267
i 0.721150302 0.660433267
i 0.680941125 0.688559136
i 0.721150302 0.688559136
i 0.781464066 0.280734041
i 0.761359478 0.266671107
i 0.801568654 0.266671107
i 0.761359478 0.294796975
i 0.801568654 0.294796975
i 0.781464066 0.336985778
i 0.761359478 0.322922844
i 0.801568654 0.322922844
i 0.761359478 0.351048712
i 0.801568654 0.351048712
i 0.781464066 0.393237515
i 0.761359478 0.379174581
i 0.801568654 0.379174581
i 0.761359478 0.407300450
i 0.801568654 0.407300450
i 0.781464066 0.449489253
i 0.761359478 0.435426318
i 0.801568654 0.435426318
i 0.761359478 0.463552187
i 0.801568654 0.463552187
i 0.781464066 0.505740990
i 0.761359478 0.491678056
i 0.801568654 0.491678056
i 0.761359478 0.519803924
i 0.801568654 0.519803924
i 0.781464066 0.561992727
i 0.761359478 0.547929793
i 0.801568654 0.547929793
i 0.761359478 0.576055661
i 0.801568654 0.576055661
i 0.781464066 0.618244464
i 0.761359478 0.604181530
i 0.801568654 0.604181530
i 0.761359478 0.632307399
i 0.801568654 0.632307399
i 0.781464066 0.674496201
i 0.761359478 0.660433267
i 0.801568654 0.660433267
i 0.761359478 0.688559136
i 0.801568654 0.688559136
tris
t 55 56 586
t 56 57 586
t 57 58 586
t 58 59 586
t 59 60 586
t 60 61 586
t 61 62 586
t 62 63 586
t 63 64 586
t 64 594 586
t 64 595 594
t 64 65 595
t 65 596 595
t 65 597 596
t 65 66 597
t 66 598 597
t 66 599 598
t 66 67 599
t 67 600 599
t 67 601 600
t 67 68 601
t 68 602 601
t 68 603 602
t 68 69 603
t 69 604 603
t 69 605 604
t 69 70 605
t 70 606 605
t 70 607 606
t 70 71 607
t 71 608 607
t 71 609 608
t 71 72 609
t 72 610 609
t 72 611 610
t 72 73 611
t 73 612 611
t 73 613 612
t 73 74 613
t 74 614 613
t 74 615 614
t 74 75 615
t 75 616 615
t 75 617 616
t 75 76 617
t 76 618 617
t 76 619 618
t 76 77 619
t 77 620 619
t 77 621 620
t 77 78 621
t 78 622 621
t 78 623 622
t 78 79 623
t 79 624 623
t 79 625 624
t 79 80 625
t 80 626 625
t 80 627 626
t 80 81 627
t 81 628 627
t 81 629 628
t 81 82 629
t 82 630 629
t 82 631 630
t 82 632 631
t 82 83 632
t 83 633 632
t 83 634 633
t 83 84 634
t 84 635 634
t 84 636 635
t 84 85 636
t 85 637 636
t 85 638 637
t 85 86 638
t 86 639 638
t 86 640 639
t 86 87 640
t 87 641 640
t 87 642 641
t 87 88 642
t 88 643 642
t 88 644 643
t 88 89 644
t 89 645 644
t 89 646 645
t 89 90 646
t 90 647 646
t 90 648 647
t 90 91 648
t 91 649 648
t 91 650 649
t 91 92 650
t 92 651 650
t 92 652 651
t 92 93 652
t 93 653 652
t 93 654 653
t 93 94 654
t 94 655 654
t 94 656 655
t 94 95 656
t 95 657 656
t 95 658 657
t 95 96 658
t 96 659 658
t 96 660 659
t 96 97 660
t 97 661 660
t 97 662 661
t 97 98 662
t 98 663 662
t 98 664 663
t 98 99 664
t 99 665 664
t 99 666 665
t 99 100 666
t 100 667 666
t 100 668 667
t 100 101 668
t 101 669 668
t 101 587 669
t 101 102 587
t 102 103 587
t 103 104 587
t 104 105 587
t 105 106 587
t 106 107 587
t 107 108 587
t 108 109 587
t 109 110 587
t 55 586 54
t 54 586 53
t 53 586 52
t 52 586 51
t 51 586 50
t 50 586 49
t 49 586 48
t 48 586 47
t 47 586 46
t 46 586 45
t 45 586 44
t 44 586 43
t 43 586 42
t 42 586 588
t 110 111 587
t 111 112 587
t 112 113 587
t 113 114 587
t 114 115 587
t 115 116 587
t 116 117 587
t 117 118 587
t 118 119 587
t 119 120 587
t 120 121 587
t 121 122 587
t 122 123 587
t 123 589 587
t 586 594 588
t 594 595 588
t 595 670 588
t 595 596 670
t 596 671 670
t 596 597 671
t 597 672 671
t 597 598 672
t 598 673 672
t 598 599 673
t 599 674 673
t 599 600 674
t 600 675 674
t 600 601 675
t 601 676 675
t 601 602 676
t 602 677 676
t 602 603 677
t 603 678 677
t 603 604 678
t 604 679 678
t 604 605 679
t 605 680 679
t 605 606 680
t 606 681 680
t 606 607 681
t 607 682 681
t 607 608 682
t 608 683 682
t 608 609 683
t 609 684 683
t 609 610 684
t 610 685 684
t 610 611 685
t 611 686 685
t 611 612 686
t 612 687 686
t 612 613 687
t 613 688 687
t 613 614 688
t 614 689 688
t 614 615 689
t 615 690 689
t 615 616 690
t 616 691 690
t 616 617 691
t 617 692 691
t 617 618 692
t 618 693 692
t 618 619 693
t 619 694 693
t 619 620 694
t 620 695 694
t 620 621 695
t 621 696 695
t 621 622 696
t 622 697 696
t 622 623 697
t 623 698 697
t 623 624 698
t 624 699 698
t 624 625 699
t 625 700 699
t 625 626 700
t 626 701 700
t 626 627 701
t 627 702 701
t 627 628 702
t 628 703 702
t 628 629 703
t 629 704 703
t 629 630 704
t 630 705 704
t 630 631 705
t 631 706 705
t 631 632 706
t 632 707 706
t 632 633 707
t 633 708 707
t 633 634 708
t 634 709 708
t 634 635 709
t 635 710 709
t 635 636 710
t 636 711 710
t 636 637 711
t 637 712 711
t 637 638 712
t 638 713 712
t 638 639 713
t 639 714 713
t 639 640 714
t 640 715 714
t 640 641 715
t 641 716 715
t 641 642 716
t 642 717 716
t 642 643 717
t 643 718 717
t 643 644 718
t 644 719 718
t 644 645 719
t 645 720 719
t 645 646 720
t 646 721 720
t 646 647 721
t 647 722 721
t 647 648 722
t 648 723 722
t 648 649 723
t 649 724 723
t 649 650 724
t 650 725 724
t 650 651 725
t 651 726 725
t 651 652 726
t 652 727 726
t 652 653 727
t 653 728 727
t 653 654 728
t 654 729 728
t 654 655 729
t 655 730 729
t 655 656 730
t 656 731 730
t 656 657 731
t 657 732 731
t 657 658 732
t 658 733 732
t 658 659 733
t 659 734 733
t 659 660 734
t 660 735 734
t 660 661 735
t 661 736 735
t 661 662 736
t 662 737 736
t 662 663 737
t 663 738 737
t 663 664 738
t 664 739 738
t 664 665 739
t 665 740 739
t 665 666 740
t 666 741 740
t 666 667 741
t 667 742 741
t 667 668 742
t 668 743 742
t 668 669 743
t 669 744 743
t 669 587 744
t 587 589 744
t 42 588 41
t 41 588 40
t 40 588 39
t 39 588 38
t 38 588 37
t 37 588 36
t 36 588 35
t 35 588 34
t 34 588 33
t 33 588 32
t 32 588 31
t 31 588 30
t 30 588 29
t 29 588 28
t 28 588 590
t 123 124 589
t 124 125 589
t 125 126 589
t 126 127 589
t 127 128 589
t 128 129 589
t 129 130 589
t 130 131 589
t 131 132 589
t 132 133 589
t 133 134 589
t 134 135 589
t 135 136 589
t 136 137 589
t 137 591 589
t 588 670 590
t 670 671 590
t 671 672 590
t 672 673 590
t 673 745 590
t 673 674 745
t 674 746 745
t 674 675 746
t 675 747 746
t 675 676 747
t 676 748 747
t 676 677 748
t 677 749 748
t 677 678 749
t 678 750 749
t 678 679 750
t 679 751 750
t 679 680 751
t 680 752 751
t 680 681 752
t 681 753 752
t 681 682 753
t 682 754 753
t 682 683 754
t 683 755 754
t 683 684 755
t 684 756 755
t 684 685 756
t 685 757 756
t 685 686 757
t 686 758 757
t 686 687 758
t 687 759 758
t 687 688 759
t 688 760 759
t 688 689 760
t 689 761 760
t 689 690 761
t 690 762 761
t 690 691 762
t 691 763 762
t 691 692 763
t 692 764 763
t 692 693 764
t 693 765 764
t 693 694 765
t 694 766 765
t 694 695 766
t 695 767 766
t 695 696 767
t 696 768 767
t 696 697 768
t 697 769 768
t 697 698 769
t 698 770 769
t 698 699 770
t 699 771 770
t 699 700 771
t 700 772 771
t 700 701 772
t 701 773 772
t 701 702 773
t 702 774 773
t 702 703 774
t 703 775 774
t 703 704 775
t 704 776 775
t 704 705 776
t 705 777 776
t 705 706 777
t 706 778 777
t 706 707 778
t 707 779 778
t 707 708 779
t 708 780 779
t 708 709 780
t 709 781 780
t 709 710 781
t 710 782 781
t 710 711 782
t 711 783 782
t 711 712 783
t 712 784 783
t 712 713 784
t 713 785 784
t 713 714 785
t 714 786 785
t 714 715 786
t 715 787 786
t 715 716 787
t 716 788 787
t 716 717 788
t 717 789 788
t 717 718 789
t 718 790 789
t 718 719 790
t 719 791 790
t 719 720 791
t 720 792 791
t 720 721 792
t 721 793 792
t 721 722 793
t 722 794 793
t 722 723 794
t 723 795 794
t 723 724 795
t 724 796 795
t 724 725 796
t 725 797 796
t 725 726 797
t 726 798 797
t 726 727 798
t 727 799 798
t 727 728 799
t 728 800 799
t 728 729 800
t 729 801 800
t 729 730 801
t 730 802 801
t 730 731 802
t 731 803 802
t 731 732 803
t 732 804 803
t 732 733 804
t 733 805 804
t 733 734 805
t 734 806 805
t 734 735 806
t 735 807 806
t 735 736 807
t 736 808 807
t 736 737 808
t 737 809 808
t 737 738 809
t 738 810 809
t 738 739 810
t 739 811 810
t 739 740 811
t 740 812 811
t 740 741 812
t 741 813 812
t 741 742 813
t 742 814 813
t 742 743 814
t 743 815 814
t 743 591 815
t 743 744 591
t 744 589 591
t 28 590 27
t 27 590 26
t 26 590 25
t 25 590 24
t 24 590 23
t 23 590 22
t 22 590 21
t 21 590 20
t 20 590 19
t 19 590 18
t 18 590 17
t 17 590 16
t 16 590 15
t 15 590 14
t 14 590 592
t 137 138 591
t 138 139 591
t 139 140 591
t 140 141 591
t 141 142 591
t 142 143 591
t 143 144 591
t 144 145 591
t 145 146 591
t 146 147 591
t 147 148 591
t 148 149 591
t 149 150 591
t 150 151 591
t 151 593 591
t 590 745 592
t 745 746 592
t 746 816 592
t 746 747 816
t 747 817 816
t 747 748 817
t 748 818 817
t 748 749 818
t 749 819 818
t 749 750 819
t 750 820 819
t 750 751 820
t 751 821 820
t 751 752 821
t 752 822 821
t 752 753 822
t 753 823 822
t 753 754 823
t 754 824 823
t 754 755 824
t 755 825 824
t 755 756 825
t 756 826 825
t 756 757 826
t 757 827 826
t 757 758 827
t 758 828 827
t 758 759 828
t 759 829 828
t 759 760 829
t 760 830 829
t 760 761 830
t 761 831 830
t 761 762 831
t 762 832 831
t 762 763 832
t 763 833 832
t 763 764 833
t 764 834 833
t 764 765 834
t 765 835 834
t 765 766 835
t 766 836 835
t 766 767 836
t 767 837 836
t 767 768 837
t 768 838 837
t 768 769 838
t 769 839 838
t 769 770 839
t 770 840 839
t 770 771 840
t 771 841 840
t 771 772 841
t 772 842 841
t 772 773 842
t 773 843 842
t 773 774 843
t 774 844 843
t 774 775 844
t 775 845 844
t 775 776 845
t 776 846 845
t 776 777 846
t 777 847 846
t 777 778 847
t 778 848 847
t 778 779 848
t 779 849 848
t 779 780 849
t 780 850 849
t 780 781 850
t 781 851 850
t 781 782 851
t 782 852 851
t 782 783 852
t 783 853 852
t 783 784 853
t 784 854 853
t 784 785 854
t 785 855 854
t 785 786 855
t 786 856 855
t 786 787 856
t 787 857 856
t 787 788 857
t 788 858 857
t 788 789 858
t 789 859 858
t 789 790 859
t 790 860 859
t 790 791 860
t 791 861 860
t 791 792 861
t 792 862 861
t 792 793 862
t 793 863 862
t 793 794 863
t 794 864 863
t 794 795 864
t 795 865 864
t 795 796 865
t 796 866 865
t 796 797 866
t 797 867 866
t 797 798 867
t 798 868 867
t 798 799 868
t 799 869 868
t 799 800 869
t 800 870 869
t 800 801 870
t 801 871 870
t 801 802 871
t 802 872 871
t 802 803 872
t 803 873 872
t 803 804 873
t 804 874 873
t 804 805 874
t 805 875 874
t 805 806 875
t 806 876 875
t 806 807 876
t 807 877 876
t 807 808 877
t 808 878 877
t 808 809 878
t 809 879 878
t 809 810 879
t 810 880 879
t 810 811 880
t 811 881 880
t 811 812 881
t 812 882 881
t 812 813 882
t 813 883 882
t 813 814 883
t 814 884 883
t 814 815 884
t 815 885 884
t 815 591 885
t 591 593 885
t 14 592 13
t 13 592 12
t 12 592 11
t 11 592 10
t 10 592 9
t 9 592 8
t 8 592 7
t 7 592 6
t 6 592 5
t 5 592 4
t 4 592 3
t 3 592 2
t 2 592 1
t 1 592 0
t 151 152 593
t 152 153 593
t 153 154 593
t 154 155 593
t 155 156 593
t 156 157 593
t 157 158 593
t 158 159 593
t 159 160 593
t 160 161 593
t 161 162 593
t 162 163 593
t 163 164 593
t 164 165 593
t 592 219 0
t 592 218 219
t 592 217 218
t 592 216 217
t 592 215 216
t 592 214 215
t 592 213 214
t 592 212 213
t 592 211 212
t 592 816 211
t 816 210 211
t 816 817 210
t 817 818 210
t 818 209 210
t 818 819 209
t 819 820 209
t 820 208 209
t 820 821 208
t 821 822 208
t 822 207 208
t 822 823 207
t 823 824 207
t 824 206 207
t 824 825 206
t 825 826 206
t 826 205 206
t 826 827 205
t 827 828 205
t 828 204 205
t 828 829 204
t 829 830 204
t 830 203 204
t 830 831 203
t 831 832 203
t 832 202 203
t 832 833 202
t 833 834 202
t 834 201 202
t 834 835 201
t 835 836 201
t 836 200 201
t 836 837 200
t 837 838 200
t 838 199 200
t 838 839 199
t 839 840 199
t 840 198 199
t 840 841 198
t 841 842 198
t 842 197 198
t 842 843 197
t 843 844 197
t 844 196 197
t 844 845 196
t 845 846 196
t 846 195 196
t 846 847 195
t 847 848 195
t 848 194 195
t 848 849 194
t 849 193 194
t 849 850 193
t 850 851 193
t 851 192 193
t 851 852 192
t 852 853 192
t 853 191 192
t 853 854 191
t 854 855 191
t 855 190 191
t 855 856 190
t 856 857 190
t 857 189 190
t 857 858 189
t 858 859 189
t 859 188 189
t 859 860 188
t 860 861 188
t 861 187 188
t 861 862 187
t 862 863 187
t 863 186 187
t 863 864 186
t 864 865 186
t 865 185 186
t 865 866 185
t 866 867 185
t 867 184 185
t 867 868 184
t 868 869 184
t 869 183 184
t 869 870 183
t 870 871 183
t 871 182 183
t 871 872 182
t 872 873 182
t 873 181 182
t 873 874 181
t 874 875 181
t 875 180 181
t 875 876 180
t 876 877 180
t 877 179 180
t 877 878 179
t 878 879 179
t 879 178 179
t 879 880 178
t 880 881 178
t 881 177 178
t 881 882 177
t 882 883 177
t 883 176 177
t 883 884 176
t 884 885 176
t 885 175 176
t 885 593 175
t 593 174 175
t 593 173 174
t 593 172 173
t 593 171 172
t 593 170 171
t 593 169 170
t 593 168 169
t 593 167 168
t 593 166 167
t 593 165 166
