type=Nurbs forward=false n_boundary=196 n_holes=0 n_interior=113 n_tris=302 label=brep62542_f261_Nurbs(deg=3/3, cps=7x6)
boundary
b 1.000000000 1.000000000
b 0.981818182 1.000000000
b 0.963636364 1.000000000
b 0.945454545 1.000000000
b 0.927272727 1.000000000
b 0.909090909 1.000000000
b 0.890909091 1.000000000
b 0.872727273 1.000000000
b 0.854545455 1.000000000
b 0.836363636 1.000000000
b 0.818181818 1.000000000
b 0.800000000 1.000000000
b 0.781818182 1.000000000
b 0.763636364 1.000000000
b 0.745454545 1.000000000
b 0.727272727 1.000000000
b 0.709090909 1.000000000
b 0.690909091 1.000000000
b 0.672727273 1.000000000
b 0.654545455 1.000000000
b 0.636363636 1.000000000
b 0.618181818 1.000000000
b 0.600000000 1.000000000
b 0.581818182 1.000000000
b 0.563636364 1.000000000
b 0.545454545 1.000000000
b 0.527272727 1.000000000
b 0.509090909 1.000000000
b 0.490909091 1.000000000
b 0.472727273 1.000000000
b 0.454545455 1.000000000
b 0.436363636 1.000000000
b 0.418181818 1.000000000
b 0.400000000 1.000000000
b 0.381818182 1.000000000
b 0.363636364 1.000000000
b 0.345454545 1.000000000
b 0.327272727 1.000000000
b 0.309090909 1.000000000
b 0.290909091 1.000000000
b 0.272727273 1.000000000
b 0.254545455 1.000000000
b 0.236363636 1.000000000
b 0.218181818 1.000000000
b 0.200000000 1.000000000
b 0.181818182 1.000000000
b 0.163636364 1.000000000
b 0.145454545 1.000000000
b 0.127272727 1.000000000
b 0.109090909 1.000000000
b 0.090909091 1.000000000
b 0.072727273 1.000000000
b 0.054545455 1.000000000
b 0.036363636 1.000000000
b 0.018181818 1.000000000
b -0.000000000 1.000000000
b 0.000000000 0.967741456
b 0.000000000 0.935482203
b 0.000000000 0.903222568
b 0.000000000 0.870962819
b 0.000000000 0.838703167
b 0.000000000 0.806443774
b 0.000000000 0.774184753
b 0.000000000 0.741926177
b 0.000000000 0.709668082
b 0.000000000 0.677410469
b 0.000000000 0.645153313
b 0.000000000 0.612896563
b 0.000000000 0.580640149
b 0.000000000 0.548383986
b 0.000000000 0.516127978
b 0.000000000 0.483872022
b 0.000000000 0.451616014
b 0.000000000 0.419359851
b 0.000000000 0.387103437
b 0.000000000 0.354846687
b 0.000000000 0.322589531
b 0.000000000 0.290331918
b 0.000000000 0.258073823
b 0.000000000 0.225815247
b 0.000000000 0.193556226
b 0.000000000 0.161296833
b 0.000000000 0.129037181
b 0.000000000 0.096777432
b 0.000000000 0.064517797
b 0.000000000 0.032258544
b 0.000000000 -0.000000000
b 0.018181818 -0.000000000
b 0.036363636 -0.000000000
b 0.054545455 -0.000000000
b 0.072727273 -0.000000000
b 0.090909091 -0.000000000
b 0.109090909 -0.000000000
b 0.127272727 -0.000000000
b 0.145454545 -0.000000000
b 0.163636364 -0.000000000
b 0.181818182 -0.000000000
b 0.200000000 -0.000000000
b 0.218181818 -0.000000000
b 0.236363636 -0.000000000
b 0.254545455 -0.000000000
b 0.272727273 -0.000000000
b 0.290909091 -0.000000000
b 0.309090909 -0.000000000
b 0.327272727 -0.000000000
b 0.345454545 -0.000000000
b 0.363636364 -0.000000000
b 0.381818182 -0.000000000
b 0.400000000 -0.000000000
b 0.418181818 -0.000000000
b 0.436363636 -0.000000000
b 0.454545455 -0.000000000
b 0.472727273 -0.000000000
b 0.490909091 -0.000000000
b 0.509090909 -0.000000000
b 0.527272727 -0.000000000
b 0.545454545 -0.000000000
b 0.563636364 -0.000000000
b 0.581818182 -0.000000000
b 0.600000000 -0.000000000
b 0.618181818 -0.000000000
b 0.636363636 -0.000000000
b 0.654545455 -0.000000000
b 0.672727273 -0.000000000
b 0.690909091 -0.000000000
b 0.709090909 -0.000000000
b 0.727272727 -0.000000000
b 0.745454545 -0.000000000
b 0.763636364 -0.000000000
b 0.781818182 -0.000000000
b 0.800000000 -0.000000000
b 0.818181818 -0.000000000
b 0.836363636 -0.000000000
b 0.854545455 -0.000000000
b 0.872727273 -0.000000000
b 0.890909091 -0.000000000
b 0.909090909 -0.000000000
b 0.927272727 -0.000000000
b 0.945454545 -0.000000000
b 0.963636364 -0.000000000
b 0.981818182 -0.000000000
b 1.000000000 -0.000000000
b 0.999999983 0.018181904
b 0.999999969 0.036363799
b 0.999999957 0.054545686
b 0.999999949 0.072727564
b 0.999999942 0.090909435
b 0.999999938 0.109091298
b 0.999999936 0.127273153
b 0.999999935 0.145455002
b 0.999999936 0.163636844
b 0.999999938 0.181818679
b 0.999999942 0.200000508
b 0.999999947 0.218182331
b 0.999999952 0.236364149
b 0.999999958 0.254545961
b 0.999999965 0.272727768
b 0.999999973 0.290909571
b 0.999999980 0.309091369
b 0.999999988 0.327273164
b 0.999999996 0.345454954
b 1.000000004 0.363636742
b 1.000000012 0.381818526
b 1.000000019 0.400000308
b 1.000000026 0.418182087
b 1.000000033 0.436363865
b 1.000000040 0.454545641
b 1.000000046 0.472727416
b 1.000000051 0.490909190
b 1.000000056 0.509090963
b 1.000000060 0.527272737
b 1.000000064 0.545454510
b 1.000000066 0.563636284
b 1.000000068 0.581818060
b 1.000000070 0.599999836
b 1.000000070 0.618181614
b 1.000000070 0.636363395
b 1.000000069 0.654545177
b 1.000000068 0.672726963
b 1.000000066 0.690908751
b 1.000000063 0.709090544
b 1.000000060 0.727272340
b 1.000000056 0.745454140
b 1.000000052 0.763635946
b 1.000000047 0.781817756
b 1.000000042 0.799999571
b 1.000000037 0.818181393
b 1.000000032 0.836363220
b 1.000000027 0.854545054
b 1.000000022 0.872726895
b 1.000000017 0.890908742
b 1.000000012 0.909090598
b 1.000000008 0.927272461
b 1.000000005 0.945454333
b 1.000000002 0.963636213
b 1.000000001 0.981818102
interior
i 0.125000009 0.125000000
i 0.250000018 0.125000000
i 0.375000026 0.125000000
i 0.500000035 0.125000000
i 0.625000044 0.125000000
i 0.750000053 0.125000000
i 0.875000062 0.125000000
i 0.125000009 0.250000000
i 0.250000018 0.250000000
i 0.375000026 0.250000000
i 0.500000035 0.250000000
i 0.625000044 0.250000000
i 0.750000053 0.250000000
i 0.875000062 0.250000000
i 0.125000009 0.375000000
i 0.250000018 0.375000000
i 0.375000026 0.375000000
i 0.500000035 0.375000000
i 0.625000044 0.375000000
i 0.750000053 0.375000000
i 0.875000062 0.375000000
i 0.125000009 0.500000000
i 0.250000018 0.500000000
i 0.375000026 0.500000000
i 0.500000035 0.500000000
i 0.625000044 0.500000000
i 0.750000053 0.500000000
i 0.875000062 0.500000000
i 0.125000009 0.625000000
i 0.250000018 0.625000000
i 0.375000026 0.625000000
i 0.500000035 0.625000000
i 0.625000044 0.625000000
i 0.750000053 0.625000000
i 0.875000062 0.625000000
i 0.125000009 0.750000000
i 0.250000018 0.750000000
i 0.375000026 0.750000000
i 0.500000035 0.750000000
i 0.625000044 0.750000000
i 0.750000053 0.750000000
i 0.875000062 0.750000000
i 0.125000009 0.875000000
i 0.250000018 0.875000000
i 0.375000026 0.875000000
i 0.500000035 0.875000000
i 0.625000044 0.875000000
i 0.750000053 0.875000000
i 0.875000062 0.875000000
i 0.062500004 0.062500000
i 0.062500004 0.187500000
i 0.062500004 0.312500000
i 0.062500004 0.437500000
i 0.062500004 0.562500000
i 0.062500004 0.687500000
i 0.062500004 0.812500000
i 0.062500004 0.937500000
i 0.187500013 0.062500000
i 0.187500013 0.187500000
i 0.187500013 0.312500000
i 0.187500013 0.437500000
i 0.187500013 0.562500000
i 0.187500013 0.687500000
i 0.187500013 0.812500000
i 0.187500013 0.937500000
i 0.312500022 0.062500000
i 0.312500022 0.187500000
i 0.312500022 0.312500000
i 0.312500022 0.437500000
i 0.312500022 0.562500000
i 0.312500022 0.687500000
i 0.312500022 0.812500000
i 0.312500022 0.937500000
i 0.437500031 0.062500000
i 0.437500031 0.187500000
i 0.437500031 0.312500000
i 0.437500031 0.437500000
i 0.437500031 0.562500000
i 0.437500031 0.687500000
i 0.437500031 0.812500000
i 0.437500031 0.937500000
i 0.562500040 0.062500000
i 0.562500040 0.187500000
i 0.562500040 0.312500000
i 0.562500040 0.437500000
i 0.562500040 0.562500000
i 0.562500040 0.687500000
i 0.562500040 0.812500000
i 0.562500040 0.937500000
i 0.687500048 0.062500000
i 0.687500048 0.187500000
i 0.687500048 0.312500000
i 0.687500048 0.437500000
i 0.687500048 0.562500000
i 0.687500048 0.687500000
i 0.687500048 0.812500000
i 0.687500048 0.937500000
i 0.812500057 0.062500000
i 0.812500057 0.187500000
i 0.812500057 0.312500000
i 0.812500057 0.437500000
i 0.812500057 0.562500000
i 0.812500057 0.687500000
i 0.812500057 0.812500000
i 0.812500057 0.937500000
i 0.937500066 0.062500000
i 0.937500066 0.187500000
i 0.937500066 0.312500000
i 0.937500066 0.437500000
i 0.937500066 0.562500000
i 0.937500066 0.687500000
i 0.937500066 0.812500000
i 0.937500066 0.937500000
tris
t 86 84 85
t 86 83 84
t 86 82 83
t 86 81 82
t 86 80 81
t 86 79 80
t 86 78 79
t 86 77 78
t 86 76 77
t 86 75 76
t 86 74 75
t 86 73 74
t 86 72 73
t 86 71 72
t 141 142 143
t 141 143 144
t 141 144 145
t 141 145 146
t 141 146 147
t 141 147 148
t 141 148 149
t 141 149 150
t 141 150 151
t 141 151 152
t 141 152 153
t 141 153 154
t 141 154 155
t 141 155 156
t 141 156 157
t 141 157 158
t 141 158 159
t 141 159 160
t 141 160 161
t 141 161 162
t 141 162 163
t 141 163 164
t 141 164 165
t 141 165 166
t 141 166 167
t 141 167 168
t 86 309 71
t 86 87 309
t 87 310 309
t 87 88 310
t 88 311 310
t 88 89 311
t 89 312 311
t 89 90 312
t 90 313 312
t 90 91 313
t 91 314 313
t 91 92 314
t 92 315 314
t 92 93 315
t 93 94 315
t 94 316 315
t 94 95 316
t 95 317 316
t 95 96 317
t 96 318 317
t 96 97 318
t 97 319 318
t 97 98 319
t 98 320 319
t 98 99 320
t 99 321 320
t 99 100 321
t 100 322 321
t 100 101 322
t 101 323 322
t 101 102 323
t 102 324 323
t 102 103 324
t 103 325 324
t 103 104 325
t 104 326 325
t 104 105 326
t 105 327 326
t 105 106 327
t 106 328 327
t 106 107 328
t 107 329 328
t 107 108 329
t 108 330 329
t 108 109 330
t 109 331 330
t 109 110 331
t 110 332 331
t 110 111 332
t 111 333 332
t 111 112 333
t 112 334 333
t 112 113 334
t 113 335 334
t 113 114 335
t 114 336 335
t 114 115 336
t 115 337 336
t 115 116 337
t 116 338 337
t 116 117 338
t 117 339 338
t 117 118 339
t 118 340 339
t 118 119 340
t 119 341 340
t 119 120 341
t 120 342 341
t 120 121 342
t 121 343 342
t 121 122 343
t 122 344 343
t 122 123 344
t 123 345 344
t 123 124 345
t 124 346 345
t 124 347 346
t 124 125 347
t 125 348 347
t 125 126 348
t 126 349 348
t 126 127 349
t 127 350 349
t 127 128 350
t 128 351 350
t 128 129 351
t 129 352 351
t 129 130 352
t 130 353 352
t 130 131 353
t 131 354 353
t 131 132 354
t 132 355 354
t 132 133 355
t 133 356 355
t 133 134 356
t 134 357 356
t 134 135 357
t 135 358 357
t 135 136 358
t 136 359 358
t 136 137 359
t 137 360 359
t 137 138 360
t 138 361 360
t 138 139 361
t 139 362 361
t 139 140 362
t 140 141 362
t 141 168 362
t 71 69 70
t 71 68 69
t 71 67 68
t 71 66 67
t 71 65 66
t 71 64 65
t 71 63 64
t 71 62 63
t 71 61 62
t 71 60 61
t 71 59 60
t 71 58 59
t 71 57 58
t 71 56 57
t 71 55 56
t 168 169 170
t 168 170 171
t 168 171 172
t 168 172 173
t 168 173 174
t 168 174 175
t 168 175 176
t 168 176 177
t 168 177 178
t 168 178 179
t 168 179 180
t 168 180 181
t 168 181 182
t 168 182 183
t 168 183 184
t 168 184 185
t 168 185 186
t 168 186 187
t 168 187 188
t 168 188 189
t 168 189 190
t 168 190 191
t 168 191 192
t 168 192 193
t 168 193 194
t 168 194 195
t 168 195 0
t 71 309 55
t 309 54 55
t 309 310 54
t 310 53 54
t 310 311 53
t 311 52 53
t 311 312 52
t 312 51 52
t 312 313 51
t 313 50 51
t 313 314 50
t 314 49 50
t 314 315 49
t 315 48 49
t 315 316 48
t 316 47 48
t 316 317 47
t 317 46 47
t 317 318 46
t 318 45 46
t 318 319 45
t 319 44 45
t 319 320 44
t 320 43 44
t 320 321 43
t 321 42 43
t 321 322 42
t 322 41 42
t 322 323 41
t 323 40 41
t 323 324 40
t 324 39 40
t 324 325 39
t 325 38 39
t 325 326 38
t 326 37 38
t 326 327 37
t 327 36 37
t 327 328 36
t 328 35 36
t 328 329 35
t 329 34 35
t 329 330 34
t 330 33 34
t 330 331 33
t 331 32 33
t 331 332 32
t 332 31 32
t 332 333 31
t 333 30 31
t 333 334 30
t 334 29 30
t 334 335 29
t 335 28 29
t 335 336 28
t 336 27 28
t 336 337 27
t 337 26 27
t 337 338 26
t 338 25 26
t 338 339 25
t 339 24 25
t 339 340 24
t 340 23 24
t 340 341 23
t 341 22 23
t 341 342 22
t 342 21 22
t 342 343 21
t 343 20 21
t 343 344 20
t 344 19 20
t 344 345 19
t 345 18 19
t 345 346 18
t 346 17 18
t 346 347 17
t 347 16 17
t 347 348 16
t 348 15 16
t 348 349 15
t 349 14 15
t 349 350 14
t 350 13 14
t 350 351 13
t 351 12 13
t 351 352 12
t 352 11 12
t 352 353 11
t 353 10 11
t 353 354 10
t 354 9 10
t 354 355 9
t 355 8 9
t 355 356 8
t 356 7 8
t 356 357 7
t 357 6 7
t 357 358 6
t 358 5 6
t 358 359 5
t 359 4 5
t 359 360 4
t 360 3 4
t 360 361 3
t 361 2 3
t 361 362 2
t 362 1 2
t 362 0 1
t 362 168 0
