type=Nurbs forward=true n_boundary=172 n_holes=0 n_interior=355 n_tris=1232 label=brep62542_f187_Nurbs(deg=3/3, cps=4x11)
boundary
b 0.885026781 1.000000000
b 0.855627303 1.000000000
b 0.826881820 1.000000000
b 0.798724625 1.000000000
b 0.771094506 1.000000000
b 0.743934165 1.000000000
b 0.717189702 1.000000000
b 0.690810159 1.000000000
b 0.664747101 1.000000000
b 0.638954241 1.000000000
b 0.613387098 1.000000000
b 0.588002675 1.000000000
b 0.562759166 1.000000000
b 0.537615671 1.000000000
b 0.512531932 1.000000000
b 0.487468068 1.000000000
b 0.462384329 1.000000000
b 0.437240834 1.000000000
b 0.411997325 1.000000000
b 0.386612902 1.000000000
b 0.361045759 1.000000000
b 0.335252899 1.000000000
b 0.309189841 1.000000000
b 0.282810298 1.000000000
b 0.256065835 1.000000000
b 0.228905494 1.000000000
b 0.201275375 1.000000000
b 0.173118180 1.000000000
b 0.144372697 1.000000000
b 0.114973219 1.000000000
b 0.084848891 1.000000000
b 0.084824533 0.981940748
b 0.084767640 0.964027041
b 0.084699161 0.946235360
b 0.084635693 0.928541492
b 0.084589572 0.910920719
b 0.084568938 0.893347999
b 0.084577782 0.875798127
b 0.084615960 0.858245897
b 0.084679202 0.840666251
b 0.084759458 0.823034575
b 0.084848891 0.805328105
b 0.084939072 0.787530440
b 0.085021441 0.769646142
b 0.085089091 0.751685150
b 0.085136775 0.733657518
b 0.085160882 0.715573335
b 0.085159417 0.697442645
b 0.085131970 0.679275361
b 0.085079824 0.661081194
b 0.085008564 0.642869484
b 0.084927864 0.624648867
b 0.084848891 0.606427123
b 0.084782025 0.588209294
b 0.084729908 0.569992505
b 0.084692519 0.551771968
b 0.084669086 0.533542901
b 0.084658079 0.515300570
b 0.084657344 0.497040327
b 0.084666974 0.478757856
b 0.084689405 0.460448918
b 0.084726535 0.442108988
b 0.084779552 0.423733272
b 0.084848891 0.405316732
b 0.084932028 0.386856413
b 0.085017746 0.368358662
b 0.085094029 0.349832833
b 0.085150579 0.331289035
b 0.085181130 0.312738513
b 0.085183718 0.294193359
b 0.085158447 0.275665788
b 0.085107369 0.257168009
b 0.085034481 0.238712128
b 0.084945708 0.220310058
b 0.084848891 0.201973418
b 0.084753650 0.183707993
b 0.084669192 0.165497281
b 0.084603755 0.147318141
b 0.084565060 0.129145818
b 0.084557003 0.110955073
b 0.084579382 0.092720428
b 0.084627869 0.074416316
b 0.084693969 0.056017245
b 0.084764950 0.037497960
b 0.084823756 0.018833620
b 0.084848891 -0.000000000
b 0.111994622 -0.000000000
b 0.138547310 -0.000000000
b 0.164559203 -0.000000000
b 0.190079081 -0.000000000
b 0.215152652 -0.000000000
b 0.239822915 -0.000000000
b 0.264130470 -0.000000000
b 0.288113816 -0.000000000
b 0.311809609 -0.000000000
b 0.335252899 -0.000000000
b 0.358477352 -0.000000000
b 0.381515448 -0.000000000
b 0.404398676 -0.000000000
b 0.427157705 -0.000000000
b 0.449822555 -0.000000000
b 0.472422756 -0.000000000
b 0.494987505 -0.000000000
b 0.517545817 -0.000000000
b 0.540126671 -0.000000000
b 0.562759166 -0.000000000
b 0.585472664 -0.000000000
b 0.608296948 -0.000000000
b 0.631262380 -0.000000000
b 0.654400061 -0.000000000
b 0.677742009 -0.000000000
b 0.701321338 -0.000000000
b 0.725172458 -0.000000000
b 0.749331283 -0.000000000
b 0.773835461 -0.000000000
b 0.798724625 -0.000000000
b 0.824040671 -0.000000000
b 0.826528974 0.018278177
b 0.829018302 0.036531229
b 0.831507194 0.054763967
b 0.833994153 0.072981370
b 0.836477651 0.091188541
b 0.838956145 0.109390670
b 0.841428084 0.127592999
b 0.843891920 0.145800786
b 0.846346118 0.164019268
b 0.848789163 0.182253539
b 0.851219474 0.200507306
b 0.853635298 0.218782307
b 0.856034535 0.237076154
b 0.858414994 0.255385380
b 0.860774469 0.273706516
b 0.863110734 0.292036106
b 0.865421542 0.310370729
b 0.867704618 0.328707014
b 0.869957655 0.347041655
b 0.872178222 0.365371419
b 0.874363700 0.383693406
b 0.876511383 0.402005271
b 0.878618678 0.420305553
b 0.880683704 0.438594318
b 0.882704781 0.456871828
b 0.884680241 0.475138181
b 0.886608433 0.493393303
b 0.888487715 0.511636942
b 0.890316334 0.529868390
b 0.892092313 0.548086545
b 0.893813622 0.566290579
b 0.895478200 0.584479996
b 0.897083954 0.602654645
b 0.898628948 0.620814887
b 0.900111966 0.638961929
b 0.901531996 0.657097025
b 0.902888053 0.675221256
b 0.904179079 0.693335101
b 0.905403842 0.711438211
b 0.906561080 0.729530309
b 0.907649520 0.747611297
b 0.908667887 0.765681272
b 0.909614899 0.783740520
b 0.910489274 0.801789529
b 0.911289920 0.819828931
b 0.912016503 0.837859139
b 0.912668774 0.855880742
b 0.913246211 0.873895511
b 0.913748268 0.891905543
b 0.914174433 0.909913075
b 0.914524220 0.927920473
b 0.914797178 0.945930221
b 0.914992891 0.963944914
b 0.915110982 0.981967246
b 0.915151109 1.000000000
interior
i 0.188381267 0.125000000
i 0.292205530 0.125000000
i 0.396029793 0.125000000
i 0.499854056 0.125000000
i 0.603678319 0.125000000
i 0.707502582 0.125000000
i 0.811326845 0.125000000
i 0.188381267 0.250000000
i 0.292205530 0.250000000
i 0.396029793 0.250000000
i 0.499854056 0.250000000
i 0.603678319 0.250000000
i 0.707502582 0.250000000
i 0.811326845 0.250000000
i 0.188381267 0.375000000
i 0.292205530 0.375000000
i 0.396029793 0.375000000
i 0.499854056 0.375000000
i 0.603678319 0.375000000
i 0.707502582 0.375000000
i 0.811326845 0.375000000
i 0.188381267 0.500000000
i 0.292205530 0.500000000
i 0.396029793 0.500000000
i 0.499854056 0.500000000
i 0.603678319 0.500000000
i 0.707502582 0.500000000
i 0.811326845 0.500000000
i 0.188381267 0.625000000
i 0.292205530 0.625000000
i 0.396029793 0.625000000
i 0.499854056 0.625000000
i 0.603678319 0.625000000
i 0.707502582 0.625000000
i 0.811326845 0.625000000
i 0.188381267 0.750000000
i 0.292205530 0.750000000
i 0.396029793 0.750000000
i 0.499854056 0.750000000
i 0.603678319 0.750000000
i 0.707502582 0.750000000
i 0.811326845 0.750000000
i 0.188381267 0.875000000
i 0.292205530 0.875000000
i 0.396029793 0.875000000
i 0.499854056 0.875000000
i 0.603678319 0.875000000
i 0.707502582 0.875000000
i 0.811326845 0.875000000
i 0.136469135 0.062500000
i 0.110513069 0.031250000
i 0.162425201 0.031250000
i 0.110513069 0.093750000
i 0.162425201 0.093750000
i 0.136469135 0.187500000
i 0.110513069 0.156250000
i 0.162425201 0.156250000
i 0.110513069 0.218750000
i 0.162425201 0.218750000
i 0.136469135 0.312500000
i 0.110513069 0.281250000
i 0.162425201 0.281250000
i 0.110513069 0.343750000
i 0.162425201 0.343750000
i 0.136469135 0.437500000
i 0.110513069 0.406250000
i 0.162425201 0.406250000
i 0.110513069 0.468750000
i 0.162425201 0.468750000
i 0.136469135 0.562500000
i 0.110513069 0.531250000
i 0.162425201 0.531250000
i 0.110513069 0.593750000
i 0.162425201 0.593750000
i 0.136469135 0.687500000
i 0.110513069 0.656250000
i 0.162425201 0.656250000
i 0.110513069 0.718750000
i 0.162425201 0.718750000
i 0.136469135 0.812500000
i 0.110513069 0.781250000
i 0.162425201 0.781250000
i 0.110513069 0.843750000
i 0.162425201 0.843750000
i 0.136469135 0.937500000
i 0.110513069 0.906250000
i 0.162425201 0.906250000
i 0.110513069 0.968750000
i 0.162425201 0.968750000
i 0.240293398 0.062500000
i 0.214337332 0.031250000
i 0.266249464 0.031250000
i 0.214337332 0.093750000
i 0.266249464 0.093750000
i 0.240293398 0.187500000
i 0.214337332 0.156250000
i 0.266249464 0.156250000
i 0.214337332 0.218750000
i 0.266249464 0.218750000
i 0.240293398 0.312500000
i 0.214337332 0.281250000
i 0.266249464 0.281250000
i 0.214337332 0.343750000
i 0.266249464 0.343750000
i 0.240293398 0.437500000
i 0.214337332 0.406250000
i 0.266249464 0.406250000
i 0.214337332 0.468750000
i 0.266249464 0.468750000
i 0.240293398 0.562500000
i 0.214337332 0.531250000
i 0.266249464 0.531250000
i 0.214337332 0.593750000
i 0.266249464 0.593750000
i 0.240293398 0.687500000
i 0.214337332 0.656250000
i 0.266249464 0.656250000
i 0.214337332 0.718750000
i 0.266249464 0.718750000
i 0.240293398 0.812500000
i 0.214337332 0.781250000
i 0.266249464 0.781250000
i 0.214337332 0.843750000
i 0.266249464 0.843750000
i 0.240293398 0.937500000
i 0.214337332 0.906250000
i 0.266249464 0.906250000
i 0.214337332 0.968750000
i 0.266249464 0.968750000
i 0.344117661 0.062500000
i 0.318161595 0.031250000
i 0.370073727 0.031250000
i 0.318161595 0.093750000
i 0.370073727 0.093750000
i 0.344117661 0.187500000
i 0.318161595 0.156250000
i 0.370073727 0.156250000
i 0.318161595 0.218750000
i 0.370073727 0.218750000
i 0.344117661 0.312500000
i 0.318161595 0.281250000
i 0.370073727 0.281250000
i 0.318161595 0.343750000
i 0.370073727 0.343750000
i 0.344117661 0.437500000
i 0.318161595 0.406250000
i 0.370073727 0.406250000
i 0.318161595 0.468750000
i 0.370073727 0.468750000
i 0.344117661 0.562500000
i 0.318161595 0.531250000
i 0.370073727 0.531250000
i 0.318161595 0.593750000
i 0.370073727 0.593750000
i 0.344117661 0.687500000
i 0.318161595 0.656250000
i 0.370073727 0.656250000
i 0.318161595 0.718750000
i 0.370073727 0.718750000
i 0.344117661 0.812500000
i 0.318161595 0.781250000
i 0.370073727 0.781250000
i 0.318161595 0.843750000
i 0.370073727 0.843750000
i 0.344117661 0.937500000
i 0.318161595 0.906250000
i 0.370073727 0.906250000
i 0.318161595 0.968750000
i 0.370073727 0.968750000
i 0.447941924 0.062500000
i 0.421985859 0.031250000
i 0.473897990 0.031250000
i 0.421985859 0.093750000
i 0.473897990 0.093750000
i 0.447941924 0.187500000
i 0.421985859 0.156250000
i 0.473897990 0.156250000
i 0.421985859 0.218750000
i 0.473897990 0.218750000
i 0.447941924 0.312500000
i 0.421985859 0.281250000
i 0.473897990 0.281250000
i 0.421985859 0.343750000
i 0.473897990 0.343750000
i 0.447941924 0.437500000
i 0.421985859 0.406250000
i 0.473897990 0.406250000
i 0.421985859 0.468750000
i 0.473897990 0.468750000
i 0.447941924 0.562500000
i 0.421985859 0.531250000
i 0.473897990 0.531250000
i 0.421985859 0.593750000
i 0.473897990 0.593750000
i 0.447941924 0.687500000
i 0.421985859 0.656250000
i 0.473897990 0.656250000
i 0.421985859 0.718750000
i 0.473897990 0.718750000
i 0.447941924 0.812500000
i 0.421985859 0.781250000
i 0.473897990 0.781250000
i 0.421985859 0.843750000
i 0.473897990 0.843750000
i 0.447941924 0.937500000
i 0.421985859 0.906250000
i 0.473897990 0.906250000
i 0.421985859 0.968750000
i 0.473897990 0.968750000
i 0.551766188 0.062500000
i 0.525810122 0.031250000
i 0.577722253 0.031250000
i 0.525810122 0.093750000
i 0.577722253 0.093750000
i 0.551766188 0.187500000
i 0.525810122 0.156250000
i 0.577722253 0.156250000
i 0.525810122 0.218750000
i 0.577722253 0.218750000
i 0.551766188 0.312500000
i 0.525810122 0.281250000
i 0.577722253 0.281250000
i 0.525810122 0.343750000
i 0.577722253 0.343750000
i 0.551766188 0.437500000
i 0.525810122 0.406250000
i 0.577722253 0.406250000
i 0.525810122 0.468750000
i 0.577722253 0.468750000
i 0.551766188 0.562500000
i 0.525810122 0.531250000
i 0.577722253 0.531250000
i 0.525810122 0.593750000
i 0.577722253 0.593750000
i 0.551766188 0.687500000
i 0.525810122 0.656250000
i 0.577722253 0.656250000
i 0.525810122 0.718750000
i 0.577722253 0.718750000
i 0.551766188 0.812500000
i 0.525810122 0.781250000
i 0.577722253 0.781250000
i 0.525810122 0.843750000
i 0.577722253 0.843750000
i 0.551766188 0.937500000
i 0.525810122 0.906250000
i 0.577722253 0.906250000
i 0.525810122 0.968750000
i 0.577722253 0.968750000
i 0.655590451 0.062500000
i 0.629634385 0.031250000
i 0.681546516 0.031250000
i 0.629634385 0.093750000
i 0.681546516 0.093750000
i 0.655590451 0.187500000
i 0.629634385 0.156250000
i 0.681546516 0.156250000
i 0.629634385 0.218750000
i 0.681546516 0.218750000
i 0.655590451 0.312500000
i 0.629634385 0.281250000
i 0.681546516 0.281250000
i 0.629634385 0.343750000
i 0.681546516 0.343750000
i 0.655590451 0.437500000
i 0.629634385 0.406250000
i 0.681546516 0.406250000
i 0.629634385 0.468750000
i 0.681546516 0.468750000
i 0.655590451 0.562500000
i 0.629634385 0.531250000
i 0.681546516 0.531250000
i 0.629634385 0.593750000
i 0.681546516 0.593750000
i 0.655590451 0.687500000
i 0.629634385 0.656250000
i 0.681546516 0.656250000
i 0.629634385 0.718750000
i 0.681546516 0.718750000
i 0.655590451 0.812500000
i 0.629634385 0.781250000
i 0.681546516 0.781250000
i 0.629634385 0.843750000
i 0.681546516 0.843750000
i 0.655590451 0.937500000
i 0.629634385 0.906250000
i 0.681546516 0.906250000
i 0.629634385 0.968750000
i 0.681546516 0.968750000
i 0.759414714 0.062500000
i 0.733458648 0.031250000
i 0.785370780 0.031250000
i 0.733458648 0.093750000
i 0.785370780 0.093750000
i 0.759414714 0.187500000
i 0.733458648 0.156250000
i 0.785370780 0.156250000
i 0.733458648 0.218750000
i 0.785370780 0.218750000
i 0.759414714 0.312500000
i 0.733458648 0.281250000
i 0.785370780 0.281250000
i 0.733458648 0.343750000
i 0.785370780 0.343750000
i 0.759414714 0.437500000
i 0.733458648 0.406250000
i 0.785370780 0.406250000
i 0.733458648 0.468750000
i 0.785370780 0.468750000
i 0.759414714 0.562500000
i 0.733458648 0.531250000
i 0.785370780 0.531250000
i 0.733458648 0.593750000
i 0.785370780 0.593750000
i 0.759414714 0.687500000
i 0.733458648 0.656250000
i 0.785370780 0.656250000
i 0.733458648 0.718750000
i 0.785370780 0.718750000
i 0.759414714 0.812500000
i 0.733458648 0.781250000
i 0.785370780 0.781250000
i 0.733458648 0.843750000
i 0.785370780 0.843750000
i 0.759414714 0.937500000
i 0.733458648 0.906250000
i 0.785370780 0.906250000
i 0.733458648 0.968750000
i 0.785370780 0.968750000
i 0.863238977 0.312500000
i 0.837282911 0.281250000
i 0.837282911 0.343750000
i 0.863238977 0.437500000
i 0.837282911 0.406250000
i 0.837282911 0.468750000
i 0.863238977 0.562500000
i 0.837282911 0.531250000
i 0.889195043 0.531250000
i 0.837282911 0.593750000
i 0.889195043 0.593750000
i 0.863238977 0.687500000
i 0.837282911 0.656250000
i 0.889195043 0.656250000
i 0.837282911 0.718750000
i 0.889195043 0.718750000
i 0.863238977 0.812500000
i 0.837282911 0.781250000
i 0.889195043 0.781250000
i 0.837282911 0.843750000
i 0.889195043 0.843750000
i 0.863238977 0.937500000
i 0.837282911 0.906250000
i 0.889195043 0.906250000
i 0.837282911 0.968750000
i 0.889195043 0.968750000
tris
t 85 83 84
t 85 82 83
t 85 81 82
t 85 80 81
t 85 79 80
t 85 78 79
t 85 77 78
t 85 76 77
t 116 117 118
t 116 118 119
t 116 119 120
t 116 120 121
t 116 121 122
t 116 122 123
t 116 123 124
t 116 124 125
t 85 527 76
t 85 528 527
t 85 529 528
t 85 530 529
t 85 531 530
t 85 532 531
t 85 533 532
t 85 534 533
t 85 535 534
t 85 536 535
t 85 537 536
t 85 538 537
t 85 539 538
t 85 540 539
t 85 541 540
t 85 542 541
t 85 543 542
t 85 544 543
t 85 545 544
t 85 546 545
t 85 547 546
t 85 548 547
t 85 549 548
t 85 550 549
t 85 551 550
t 85 552 551
t 85 553 552
t 85 554 553
t 85 555 554
t 85 556 555
t 85 557 556
t 85 558 557
t 85 559 558
t 85 560 559
t 85 561 560
t 85 86 561
t 86 562 561
t 86 563 562
t 86 87 563
t 87 564 563
t 87 565 564
t 87 88 565
t 88 566 565
t 88 567 566
t 88 89 567
t 89 568 567
t 89 569 568
t 89 90 569
t 90 570 569
t 90 571 570
t 90 91 571
t 91 572 571
t 91 573 572
t 91 92 573
t 92 574 573
t 92 575 574
t 92 93 575
t 93 576 575
t 93 577 576
t 93 94 577
t 94 578 577
t 94 579 578
t 94 95 579
t 95 96 579
t 96 580 579
t 96 581 580
t 96 97 581
t 97 582 581
t 97 583 582
t 97 98 583
t 98 584 583
t 98 585 584
t 98 99 585
t 99 586 585
t 99 587 586
t 99 100 587
t 100 588 587
t 100 589 588
t 100 101 589
t 101 590 589
t 101 591 590
t 101 102 591
t 102 592 591
t 102 593 592
t 102 103 593
t 103 594 593
t 103 595 594
t 103 104 595
t 104 596 595
t 104 597 596
t 104 105 597
t 105 106 597
t 106 598 597
t 106 599 598
t 106 107 599
t 107 600 599
t 107 601 600
t 107 108 601
t 108 602 601
t 108 603 602
t 108 109 603
t 109 604 603
t 109 605 604
t 109 110 605
t 110 606 605
t 110 607 606
t 110 111 607
t 111 608 607
t 111 609 608
t 111 112 609
t 112 610 609
t 112 611 610
t 112 113 611
t 113 612 611
t 113 613 612
t 113 114 613
t 114 614 613
t 114 615 614
t 114 115 615
t 115 116 615
t 116 616 615
t 116 617 616
t 116 618 617
t 116 619 618
t 116 620 619
t 116 621 620
t 116 622 621
t 116 623 622
t 116 624 623
t 116 625 624
t 116 125 625
t 76 74 75
t 76 73 74
t 76 72 73
t 76 71 72
t 76 70 71
t 76 69 70
t 76 68 69
t 76 67 68
t 125 126 127
t 125 127 128
t 125 128 129
t 125 129 130
t 125 130 131
t 125 131 132
t 125 132 133
t 125 133 134
t 76 527 67
t 527 528 67
t 528 529 67
t 529 530 67
t 530 531 67
t 531 532 67
t 532 533 67
t 533 534 67
t 534 535 67
t 535 536 67
t 536 537 67
t 537 538 67
t 538 539 67
t 539 540 67
t 540 541 67
t 541 542 67
t 542 543 67
t 543 544 67
t 544 545 67
t 545 546 67
t 546 547 67
t 547 548 67
t 548 549 67
t 549 550 67
t 550 551 67
t 551 552 67
t 552 553 67
t 553 554 67
t 554 555 67
t 555 556 67
t 556 557 67
t 557 626 67
t 557 558 626
t 558 627 626
t 558 559 627
t 559 628 627
t 559 560 628
t 560 629 628
t 560 561 629
t 561 630 629
t 561 562 630
t 562 631 630
t 562 563 631
t 563 632 631
t 563 564 632
t 564 633 632
t 564 565 633
t 565 634 633
t 565 566 634
t 566 635 634
t 566 567 635
t 567 636 635
t 567 568 636
t 568 637 636
t 568 569 637
t 569 638 637
t 569 570 638
t 570 639 638
t 570 571 639
t 571 640 639
t 571 572 640
t 572 641 640
t 572 573 641
t 573 642 641
t 573 574 642
t 574 643 642
t 574 575 643
t 575 644 643
t 575 576 644
t 576 645 644
t 576 577 645
t 577 646 645
t 577 578 646
t 578 647 646
t 578 579 647
t 579 648 647
t 579 580 648
t 580 649 648
t 580 581 649
t 581 650 649
t 581 582 650
t 582 651 650
t 582 583 651
t 583 652 651
t 583 584 652
t 584 653 652
t 584 585 653
t 585 654 653
t 585 586 654
t 586 655 654
t 586 587 655
t 587 656 655
t 587 588 656
t 588 657 656
t 588 589 657
t 589 658 657
t 589 590 658
t 590 659 658
t 590 591 659
t 591 660 659
t 591 592 660
t 592 661 660
t 592 593 661
t 593 662 661
t 593 594 662
t 594 663 662
t 594 595 663
t 595 664 663
t 595 596 664
t 596 665 664
t 596 597 665
t 597 666 665
t 597 598 666
t 598 667 666
t 598 599 667
t 599 668 667
t 599 600 668
t 600 669 668
t 600 601 669
t 601 670 669
t 601 602 670
t 602 671 670
t 602 603 671
t 603 672 671
t 603 604 672
t 604 673 672
t 604 605 673
t 605 674 673
t 605 606 674
t 606 675 674
t 606 607 675
t 607 676 675
t 607 608 676
t 608 677 676
t 608 609 677
t 609 678 677
t 609 610 678
t 610 679 678
t 610 611 679
t 611 680 679
t 611 612 680
t 612 681 680
t 612 613 681
t 613 682 681
t 613 614 682
t 614 683 682
t 614 615 683
t 615 684 683
t 615 616 684
t 616 685 684
t 616 617 685
t 617 686 685
t 617 618 686
t 618 687 686
t 618 619 687
t 619 688 687
t 619 620 688
t 620 689 688
t 620 621 689
t 621 690 689
t 621 622 690
t 622 691 690
t 622 623 691
t 623 692 691
t 623 624 692
t 624 693 692
t 624 625 693
t 625 694 693
t 625 125 694
t 125 695 694
t 125 696 695
t 125 697 696
t 125 698 697
t 125 699 698
t 125 700 699
t 125 701 700
t 125 702 701
t 125 703 702
t 125 704 703
t 125 134 704
t 67 65 66
t 67 64 65
t 67 63 64
t 67 62 63
t 67 61 62
t 67 60 61
t 67 59 60
t 67 58 59
t 134 135 136
t 134 136 137
t 134 137 138
t 134 138 139
t 134 139 140
t 134 140 141
t 134 141 142
t 134 142 143
t 67 705 58
t 67 706 705
t 67 707 706
t 67 708 707
t 67 709 708
t 67 710 709
t 67 711 710
t 67 712 711
t 67 713 712
t 67 714 713
t 67 715 714
t 67 716 715
t 67 717 716
t 67 718 717
t 67 719 718
t 67 720 719
t 67 721 720
t 67 722 721
t 67 723 722
t 67 724 723
t 67 725 724
t 67 726 725
t 67 727 726
t 67 728 727
t 67 729 728
t 67 730 729
t 67 731 730
t 67 732 731
t 67 733 732
t 67 734 733
t 67 735 734
t 67 736 735
t 67 626 736
t 626 737 736
t 626 627 737
t 627 738 737
t 627 628 738
t 628 739 738
t 628 629 739
t 629 740 739
t 629 630 740
t 630 741 740
t 630 631 741
t 631 742 741
t 631 632 742
t 632 743 742
t 632 633 743
t 633 744 743
t 633 634 744
t 634 745 744
t 634 635 745
t 635 746 745
t 635 636 746
t 636 747 746
t 636 637 747
t 637 748 747
t 637 638 748
t 638 749 748
t 638 639 749
t 639 750 749
t 639 640 750
t 640 751 750
t 640 641 751
t 641 752 751
t 641 642 752
t 642 753 752
t 642 643 753
t 643 754 753
t 643 644 754
t 644 755 754
t 644 645 755
t 645 756 755
t 645 646 756
t 646 757 756
t 646 647 757
t 647 758 757
t 647 648 758
t 648 759 758
t 648 649 759
t 649 760 759
t 649 650 760
t 650 761 760
t 650 651 761
t 651 762 761
t 651 652 762
t 652 763 762
t 652 653 763
t 653 764 763
t 653 654 764
t 654 765 764
t 654 655 765
t 655 766 765
t 655 656 766
t 656 767 766
t 656 657 767
t 657 768 767
t 657 658 768
t 658 769 768
t 658 659 769
t 659 770 769
t 659 660 770
t 660 771 770
t 660 661 771
t 661 772 771
t 661 662 772
t 662 773 772
t 662 663 773
t 663 774 773
t 663 664 774
t 664 775 774
t 664 665 775
t 665 776 775
t 665 666 776
t 666 777 776
t 666 667 777
t 667 778 777
t 667 668 778
t 668 779 778
t 668 669 779
t 669 780 779
t 669 670 780
t 670 781 780
t 670 671 781
t 671 782 781
t 671 672 782
t 672 783 782
t 672 673 783
t 673 784 783
t 673 674 784
t 674 785 784
t 674 675 785
t 675 786 785
t 675 676 786
t 676 787 786
t 676 677 787
t 677 788 787
t 677 678 788
t 678 789 788
t 678 679 789
t 679 790 789
t 679 680 790
t 680 791 790
t 680 681 791
t 681 792 791
t 681 682 792
t 682 793 792
t 682 683 793
t 683 794 793
t 683 684 794
t 684 795 794
t 684 685 795
t 685 796 795
t 685 686 796
t 686 797 796
t 686 687 797
t 687 798 797
t 687 688 798
t 688 799 798
t 688 689 799
t 689 800 799
t 689 690 800
t 690 801 800
t 690 691 801
t 691 802 801
t 691 692 802
t 692 803 802
t 692 693 803
t 693 804 803
t 693 694 804
t 694 805 804
t 694 695 805
t 695 806 805
t 695 696 806
t 696 807 806
t 696 697 807
t 697 808 807
t 697 698 808
t 698 809 808
t 698 699 809
t 699 810 809
t 699 700 810
t 700 811 810
t 700 701 811
t 701 812 811
t 701 702 812
t 702 813 812
t 702 703 813
t 703 814 813
t 703 704 814
t 704 815 814
t 704 134 815
t 134 816 815
t 134 817 816
t 134 818 817
t 134 819 818
t 134 820 819
t 134 821 820
t 134 822 821
t 134 823 822
t 134 824 823
t 134 825 824
t 134 143 825
t 58 56 57
t 58 55 56
t 58 54 55
t 58 53 54
t 58 52 53
t 58 51 52
t 58 50 51
t 58 49 50
t 143 144 145
t 143 145 146
t 143 146 147
t 143 147 148
t 143 148 149
t 143 149 150
t 143 150 151
t 143 151 152
t 58 705 49
t 705 706 49
t 706 707 49
t 707 708 49
t 708 709 49
t 709 710 49
t 710 711 49
t 711 712 49
t 712 713 49
t 713 714 49
t 714 715 49
t 715 716 49
t 716 717 49
t 717 718 49
t 718 719 49
t 719 720 49
t 720 721 49
t 721 722 49
t 722 723 49
t 723 724 49
t 724 725 49
t 725 726 49
t 726 727 49
t 727 728 49
t 728 729 49
t 729 730 49
t 730 731 49
t 731 826 49
t 731 732 826
t 732 827 826
t 732 733 827
t 733 828 827
t 733 734 828
t 734 829 828
t 734 735 829
t 735 830 829
t 735 736 830
t 736 831 830
t 736 737 831
t 737 832 831
t 737 738 832
t 738 833 832
t 738 739 833
t 739 834 833
t 739 740 834
t 740 835 834
t 740 741 835
t 741 836 835
t 741 742 836
t 742 837 836
t 742 743 837
t 743 838 837
t 743 744 838
t 744 839 838
t 744 745 839
t 745 840 839
t 745 746 840
t 746 841 840
t 746 747 841
t 747 842 841
t 747 748 842
t 748 843 842
t 748 749 843
t 749 844 843
t 749 750 844
t 750 845 844
t 750 751 845
t 751 846 845
t 751 752 846
t 752 847 846
t 752 753 847
t 753 848 847
t 753 754 848
t 754 849 848
t 754 755 849
t 755 850 849
t 755 756 850
t 756 851 850
t 756 757 851
t 757 852 851
t 757 758 852
t 758 853 852
t 758 759 853
t 759 854 853
t 759 760 854
t 760 855 854
t 760 761 855
t 761 856 855
t 761 762 856
t 762 857 856
t 762 763 857
t 763 858 857
t 763 764 858
t 764 859 858
t 764 765 859
t 765 860 859
t 765 766 860
t 766 861 860
t 766 767 861
t 767 862 861
t 767 768 862
t 768 863 862
t 768 769 863
t 769 864 863
t 769 770 864
t 770 865 864
t 770 771 865
t 771 866 865
t 771 772 866
t 772 867 866
t 772 773 867
t 773 868 867
t 773 774 868
t 774 869 868
t 774 775 869
t 775 870 869
t 775 776 870
t 776 871 870
t 776 777 871
t 777 872 871
t 777 778 872
t 778 873 872
t 778 779 873
t 779 874 873
t 779 780 874
t 780 875 874
t 780 781 875
t 781 876 875
t 781 782 876
t 782 877 876
t 782 783 877
t 783 878 877
t 783 784 878
t 784 879 878
t 784 785 879
t 785 880 879
t 785 786 880
t 786 881 880
t 786 787 881
t 787 882 881
t 787 788 882
t 788 883 882
t 788 789 883
t 789 884 883
t 789 790 884
t 790 885 884
t 790 791 885
t 791 886 885
t 791 792 886
t 792 887 886
t 792 793 887
t 793 888 887
t 793 794 888
t 794 889 888
t 794 795 889
t 795 890 889
t 795 796 890
t 796 891 890
t 796 797 891
t 797 892 891
t 797 798 892
t 798 893 892
t 798 799 893
t 799 894 893
t 799 800 894
t 800 895 894
t 800 801 895
t 801 896 895
t 801 802 896
t 802 897 896
t 802 803 897
t 803 898 897
t 803 804 898
t 804 899 898
t 804 805 899
t 805 900 899
t 805 806 900
t 806 901 900
t 806 807 901
t 807 902 901
t 807 808 902
t 808 903 902
t 808 809 903
t 809 904 903
t 809 810 904
t 810 905 904
t 810 811 905
t 811 906 905
t 811 812 906
t 812 907 906
t 812 813 907
t 813 908 907
t 813 814 908
t 814 909 908
t 814 815 909
t 815 910 909
t 815 816 910
t 816 911 910
t 816 817 911
t 817 912 911
t 817 818 912
t 818 913 912
t 818 819 913
t 819 914 913
t 819 820 914
t 820 915 914
t 820 821 915
t 821 916 915
t 821 822 916
t 822 917 916
t 822 823 917
t 823 918 917
t 823 824 918
t 824 919 918
t 824 825 919
t 825 920 919
t 825 143 920
t 143 921 920
t 143 922 921
t 143 923 922
t 143 924 923
t 143 925 924
t 143 926 925
t 143 927 926
t 143 928 927
t 143 929 928
t 143 152 929
t 49 47 48
t 49 46 47
t 49 45 46
t 49 44 45
t 49 43 44
t 49 42 43
t 49 41 42
t 49 40 41
t 152 153 154
t 152 154 155
t 152 155 156
t 152 156 157
t 152 157 158
t 152 158 159
t 152 159 160
t 152 160 161
t 49 930 40
t 49 931 930
t 49 932 931
t 49 933 932
t 49 934 933
t 49 935 934
t 49 936 935
t 49 937 936
t 49 938 937
t 49 939 938
t 49 940 939
t 49 941 940
t 49 942 941
t 49 943 942
t 49 944 943
t 49 826 944
t 826 945 944
t 826 827 945
t 827 946 945
t 827 828 946
t 828 947 946
t 828 829 947
t 829 948 947
t 829 830 948
t 830 949 948
t 830 831 949
t 831 950 949
t 831 832 950
t 832 951 950
t 832 833 951
t 833 952 951
t 833 834 952
t 834 953 952
t 834 835 953
t 835 954 953
t 835 836 954
t 836 955 954
t 836 837 955
t 837 956 955
t 837 838 956
t 838 957 956
t 838 839 957
t 839 958 957
t 839 840 958
t 840 959 958
t 840 841 959
t 841 960 959
t 841 842 960
t 842 961 960
t 842 843 961
t 843 962 961
t 843 844 962
t 844 963 962
t 844 845 963
t 845 964 963
t 845 846 964
t 846 965 964
t 846 847 965
t 847 966 965
t 847 848 966
t 848 967 966
t 848 849 967
t 849 968 967
t 849 850 968
t 850 969 968
t 850 851 969
t 851 970 969
t 851 852 970
t 852 971 970
t 852 853 971
t 853 972 971
t 853 854 972
t 854 973 972
t 854 855 973
t 855 974 973
t 855 856 974
t 856 975 974
t 856 857 975
t 857 976 975
t 857 858 976
t 858 977 976
t 858 859 977
t 859 978 977
t 859 860 978
t 860 979 978
t 860 861 979
t 861 980 979
t 861 862 980
t 862 981 980
t 862 863 981
t 863 982 981
t 863 864 982
t 864 983 982
t 864 865 983
t 865 984 983
t 865 866 984
t 866 985 984
t 866 867 985
t 867 986 985
t 867 868 986
t 868 987 986
t 868 869 987
t 869 988 987
t 869 870 988
t 870 989 988
t 870 871 989
t 871 990 989
t 871 872 990
t 872 991 990
t 872 873 991
t 873 992 991
t 873 874 992
t 874 993 992
t 874 875 993
t 875 994 993
t 875 876 994
t 876 995 994
t 876 877 995
t 877 996 995
t 877 878 996
t 878 997 996
t 878 879 997
t 879 998 997
t 879 880 998
t 880 999 998
t 880 881 999
t 881 1000 999
t 881 882 1000
t 882 1001 1000
t 882 883 1001
t 883 1002 1001
t 883 884 1002
t 884 1003 1002
t 884 885 1003
t 885 1004 1003
t 885 886 1004
t 886 1005 1004
t 886 887 1005
t 887 1006 1005
t 887 888 1006
t 888 1007 1006
t 888 889 1007
t 889 1008 1007
t 889 890 1008
t 890 1009 1008
t 890 891 1009
t 891 1010 1009
t 891 892 1010
t 892 1011 1010
t 892 893 1011
t 893 1012 1011
t 893 894 1012
t 894 1013 1012
t 894 895 1013
t 895 1014 1013
t 895 896 1014
t 896 1015 1014
t 896 897 1015
t 897 1016 1015
t 897 898 1016
t 898 1017 1016
t 898 899 1017
t 899 1018 1017
t 899 900 1018
t 900 1019 1018
t 900 901 1019
t 901 1020 1019
t 901 902 1020
t 902 1021 1020
t 902 903 1021
t 903 1022 1021
t 903 904 1022
t 904 1023 1022
t 904 905 1023
t 905 1024 1023
t 905 906 1024
t 906 1025 1024
t 906 907 1025
t 907 1026 1025
t 907 908 1026
t 908 1027 1026
t 908 909 1027
t 909 1028 1027
t 909 910 1028
t 910 1029 1028
t 910 911 1029
t 911 1030 1029
t 911 912 1030
t 912 1031 1030
t 912 913 1031
t 913 1032 1031
t 913 914 1032
t 914 1033 1032
t 914 915 1033
t 915 1034 1033
t 915 916 1034
t 916 1035 1034
t 916 917 1035
t 917 1036 1035
t 917 918 1036
t 918 1037 1036
t 918 919 1037
t 919 1038 1037
t 919 920 1038
t 920 1039 1038
t 920 921 1039
t 921 1040 1039
t 921 922 1040
t 922 1041 1040
t 922 923 1041
t 923 1042 1041
t 923 924 1042
t 924 1043 1042
t 924 925 1043
t 925 1044 1043
t 925 926 1044
t 926 1045 1044
t 926 927 1045
t 927 1046 1045
t 927 928 1046
t 928 1047 1046
t 928 929 1047
t 929 1048 1047
t 929 152 1048
t 152 1049 1048
t 152 1050 1049
t 152 1051 1050
t 152 1052 1051
t 152 1053 1052
t 152 1054 1053
t 152 1055 1054
t 152 1056 1055
t 152 1057 1056
t 152 161 1057
t 40 38 39
t 40 37 38
t 40 36 37
t 40 35 36
t 40 34 35
t 40 33 34
t 40 32 33
t 40 31 32
t 40 30 31
t 161 162 163
t 161 163 164
t 161 164 165
t 161 165 166
t 161 166 167
t 161 167 168
t 161 168 169
t 161 169 170
t 161 170 171
t 40 930 30
t 930 931 30
t 931 932 30
t 932 933 30
t 933 934 30
t 934 935 30
t 935 936 30
t 936 937 30
t 937 938 30
t 938 939 30
t 939 940 30
t 940 941 30
t 941 942 30
t 942 943 30
t 943 944 30
t 944 945 30
t 945 946 30
t 946 947 30
t 947 948 30
t 948 949 30
t 949 950 30
t 950 951 30
t 951 952 30
t 952 953 30
t 953 954 30
t 954 955 30
t 955 956 30
t 956 957 30
t 957 29 30
t 957 958 29
t 958 959 29
t 959 28 29
t 959 960 28
t 960 961 28
t 961 27 28
t 961 962 27
t 962 963 27
t 963 26 27
t 963 964 26
t 964 965 26
t 965 25 26
t 965 966 25
t 966 967 25
t 967 24 25
t 967 968 24
t 968 969 24
t 969 23 24
t 969 970 23
t 970 971 23
t 971 22 23
t 971 972 22
t 972 973 22
t 973 21 22
t 973 974 21
t 974 975 21
t 975 20 21
t 975 976 20
t 976 977 20
t 977 19 20
t 977 978 19
t 978 979 19
t 979 18 19
t 979 980 18
t 980 981 18
t 981 17 18
t 981 982 17
t 982 983 17
t 983 16 17
t 983 984 16
t 984 985 16
t 985 15 16
t 985 986 15
t 986 987 15
t 987 14 15
t 987 988 14
t 988 989 14
t 989 13 14
t 989 990 13
t 990 991 13
t 991 12 13
t 991 992 12
t 992 993 12
t 993 11 12
t 993 994 11
t 994 995 11
t 995 10 11
t 995 996 10
t 996 997 10
t 997 9 10
t 997 998 9
t 998 999 9
t 999 8 9
t 999 1000 8
t 1000 1001 8
t 1001 7 8
t 1001 1002 7
t 1002 1003 7
t 1003 6 7
t 1003 1004 6
t 1004 1005 6
t 1005 5 6
t 1005 1006 5
t 1006 1007 5
t 1007 4 5
t 1007 1008 4
t 1008 1009 4
t 1009 3 4
t 1009 1010 3
t 1010 1011 3
t 1011 1012 3
t 1012 2 3
t 1012 1013 2
t 1013 1014 2
t 1014 1015 2
t 1015 1016 2
t 1016 1017 2
t 1017 1018 2
t 1018 1019 2
t 1019 1020 2
t 1020 1021 2
t 1021 1022 2
t 1022 1023 2
t 1023 1024 2
t 1024 1 2
t 1024 1025 1
t 1025 1026 1
t 1026 1027 1
t 1027 1028 1
t 1028 1029 1
t 1029 1030 1
t 1030 1031 1
t 1031 1032 1
t 1032 1033 1
t 1033 1034 1
t 1034 1035 1
t 1035 1036 1
t 1036 1037 1
t 1037 1038 1
t 1038 1039 1
t 1039 0 1
t 1039 1040 0
t 1040 1041 0
t 1041 1042 0
t 1042 1043 0
t 1043 1044 0
t 1044 1045 0
t 1045 1046 0
t 1046 1047 0
t 1047 1048 0
t 1048 1049 0
t 1049 1050 0
t 1050 1051 0
t 1051 1052 0
t 1052 1053 0
t 1053 1054 0
t 1054 1055 0
t 1055 1056 0
t 1056 1057 0
t 1057 161 0
t 161 171 0
