m=842 max_deg=179 thinness=0.009186
p 1.363167011 0.180000000
p 1.357971009 0.215730709
p 1.351838365 0.251312627
p 1.344773559 0.286721252
p 1.336781463 0.321932168
p 1.327867588 0.356921095
p 1.318038081 0.391663908
p 1.307299720 0.426136648
p 1.295659909 0.460315545
p 1.283126674 0.494177031
p 1.269708658 0.527697757
p 1.255415114 0.560854608
p 1.240255897 0.593624722
p 1.224241460 0.625985501
p 1.207382846 0.657914631
p 1.189691681 0.689390096
p 1.171180162 0.720390191
p 1.151861055 0.750893541
p 1.131747682 0.780879111
p 1.110853910 0.810326225
p 1.089194148 0.839214578
p 1.066783332 0.867524249
p 1.043636914 0.895235719
p 1.019770855 0.922329878
p 0.995201612 0.948788043
p 0.969946127 0.974591971
p 0.944021815 0.999723868
p 0.917446552 1.024166405
p 0.890238662 1.047902726
p 0.862416908 1.070916466
p 0.834000473 1.093191754
p 0.805008953 1.114713230
p 0.775462338 1.135466055
p 0.745381002 1.155435919
p 0.714785688 1.174609050
p 0.683697492 1.192972229
p 0.652137853 1.210512792
p 0.620128531 1.227218646
p 0.587691599 1.243078269
p 0.554849423 1.258080726
p 0.553852200 1.258532555
p 0.552872298 1.259000774
p 0.551909507 1.259485440
p 0.550963618 1.259986612
p 0.550034419 1.260504346
p 0.549121701 1.261038701
p 0.548225254 1.261589735
p 0.547344867 1.262157505
p 0.546480332 1.262742069
p 0.545631438 1.263343486
p 0.544797974 1.263961812
p 0.543979732 1.264597106
p 0.543176500 1.265249426
p 0.542388069 1.265918828
p 0.541614229 1.266605373
p 0.540854770 1.267309116
p 0.540109481 1.268030116
p 0.539378153 1.268768431
p 0.538660607 1.269524084
p 0.537957026 1.270296697
p 0.537267826 1.271085634
p 0.536593428 1.271890255
p 0.535934252 1.272709918
p 0.535290718 1.273543983
p 0.534663247 1.274391810
p 0.534052259 1.275252757
p 0.533458175 1.276126184
p 0.532881415 1.277011451
p 0.532322398 1.277907916
p 0.531781546 1.278814938
p 0.531259280 1.279731878
p 0.530756018 1.280658095
p 0.530272182 1.281592948
p 0.529808192 1.282535795
p 0.529364469 1.283485997
p 0.528941432 1.284442913
p 0.528539500 1.285405908
p 0.528158948 1.286374662
p 0.527799834 1.287349349
p 0.527462195 1.288330183
p 0.527146068 1.289317378
p 0.526851490 1.290311151
p 0.526578499 1.291311715
p 0.526327132 1.292319285
p 0.526097427 1.293334075
p 0.525889421 1.294356302
p 0.525703151 1.295386179
p 0.525538656 1.296423921
p 0.525395972 1.297469744
p 0.525275136 1.298523860
p 0.525176187 1.299586487
p 0.525099161 1.300657838
p 0.525044097 1.301738127
p 0.525011030 1.302827571
p 0.525000000 1.303926383
p 0.525000000 1.325000000
p 0.524679127 1.337662292
p 0.523717331 1.350292080
p 0.522117081 1.362856944
p 0.519882485 1.375324630
p 0.517019280 1.387663133
p 0.513534814 1.399840781
p 0.509438033 1.411826313
p 0.504739453 1.423588964
p 0.499451135 1.435098538
p 0.493586654 1.446325491
p 0.487161064 1.457241003
p 0.480190860 1.467817054
p 0.472693934 1.478026496
p 0.464689531 1.487843121
p 0.456198197 1.497241730
p 0.447241730 1.506198197
p 0.437843121 1.514689531
p 0.428026496 1.522693934
p 0.417817054 1.530190860
p 0.407241003 1.537161064
p 0.396325491 1.543586654
p 0.385098538 1.549451135
p 0.373588964 1.554739453
p 0.361826313 1.559438033
p 0.349840781 1.563534814
p 0.337663133 1.567019280
p 0.325324630 1.569882485
p 0.312856944 1.572117081
p 0.300292080 1.573717331
p 0.287662292 1.574679127
p 0.275000000 1.575000000
p -0.625000000 1.575000000
p -0.634925836 1.574802878
p -0.644836018 1.574211822
p -0.654714920 1.573227765
p -0.664546962 1.571852259
p -0.674316640 1.570087472
p -0.684008546 1.567936188
p -0.693607397 1.565401799
p -0.703098056 1.562488302
p -0.712465556 1.559200291
p -0.721695125 1.555542952
p -0.730772208 1.551522052
p -0.739682490 1.547143932
p -0.748411921 1.542415496
p -0.756946734 1.537344200
p -0.765273470 1.531938043
p -0.773378998 1.526205549
p -0.781250535 1.520155759
p -0.788875670 1.513798212
p -0.796242376 1.507142935
p -0.803339036 1.500200423
p -0.810154460 1.492981623
p -0.816677900 1.485497921
p -0.822899068 1.477761117
p -0.828808154 1.469783412
p -0.834395839 1.461577387
p -0.839653311 1.453155983
p -0.844572281 1.444532479
p -0.849144989 1.435720476
p -0.853364227 1.426733869
p -0.857223339 1.417586829
p -0.860732424 1.408299502
p -0.861123548 1.407231689
p -0.861536040 1.406178508
p -0.861969870 1.405139830
p -0.862425003 1.404115524
p -0.862901408 1.403105463
p -0.863399051 1.402109517
p -0.863917899 1.401127555
p -0.864457920 1.400159449
p -0.865019081 1.399205070
p -0.865601350 1.398264288
p -0.866204693 1.397336973
p -0.866829077 1.396422997
p -0.867474471 1.395522230
p -0.868140840 1.394634544
p -0.868828019 1.393760043
p -0.869535590 1.392899279
p -0.870263104 1.392052853
p -0.871010114 1.391221369
p -0.871776170 1.390405429
p -0.872560826 1.389605637
p -0.873363633 1.388822595
p -0.874184142 1.388056906
p -0.875021906 1.387309173
p -0.875876477 1.386579999
p -0.876747406 1.385869986
p -0.877634246 1.385179738
p -0.878536547 1.384509856
p -0.879453859 1.383860936
p -0.880385618 1.383233373
p -0.881331156 1.382627364
p -0.882289797 1.382043096
p -0.883260868 1.381480758
p -0.884243693 1.380940539
p -0.885237598 1.380422626
p -0.886241910 1.379927207
p -0.887255952 1.379454471
p -0.888279050 1.379004606
p -0.889310531 1.378577799
p -0.890349720 1.378174240
p -0.891395941 1.377794117
p -0.892448521 1.377437616
p -0.893506848 1.377104923
p -0.894570862 1.376796171
p -0.895640788 1.376511474
p -0.896716851 1.376250944
p -0.897799278 1.376014693
p -0.898888295 1.375802832
p -0.899984129 1.375615474
p -0.901087005 1.375452730
p -0.902197150 1.375314713
p -0.903314791 1.375201534
p -0.904440153 1.375113305
p -0.905573463 1.375050140
p -0.906714947 1.375012148
p -0.907864832 1.374999443
p -1.428259529 1.375000000
p -1.550123967 1.375000000
p -1.561693797 1.374867378
p -1.573194835 1.374470578
p -1.584629153 1.373811194
p -1.595998820 1.372890823
p -1.607305906 1.371711062
p -1.618552484 1.370273505
p -1.629740619 1.368579750
p -1.640870448 1.366631441
p -1.651936765 1.364430356
p -1.662933449 1.361978298
p -1.673854382 1.359277067
p -1.684693442 1.356328466
p -1.695444509 1.353134296
p -1.706101470 1.349696359
p -1.716658865 1.346016637
p -1.727112508 1.342097451
p -1.737458361 1.337941165
p -1.747692384 1.333550141
p -1.757810537 1.328926742
p -1.767808781 1.324073331
p -1.777683078 1.318992272
p -1.787429380 1.313686040
p -1.797043632 1.308157264
p -1.806521779 1.302408581
p -1.815859763 1.296442631
p -1.825053530 1.290262053
p -1.834099022 1.283869485
p -1.842992192 1.277267577
p -1.851729154 1.270459211
p -1.860306189 1.263447502
p -1.868719586 1.256235578
p -1.876965632 1.248826565
p -1.885040615 1.241223588
p -1.892940822 1.233429774
p -1.900662553 1.225448252
p -1.908202260 1.217282187
p -1.915556504 1.208934769
p -1.922721850 1.200409189
p -1.929694862 1.191708640
p -1.936472105 1.182836312
p -1.943050143 1.173795397
p -1.949425535 1.164589237
p -1.955594803 1.155222502
p -1.961554445 1.145700539
p -1.967300960 1.136028706
p -1.972830847 1.126212356
p -1.978140606 1.116256844
p -1.983226735 1.106167527
p -1.988086023 1.095948888
p -1.992716936 1.085600322
p -1.997118552 1.075119385
p -2.001289947 1.064503628
p -2.005230199 1.053750603
p -2.008938386 1.042857862
p -2.012413584 1.031822956
p -2.013123181 1.029473241
p -2.013831170 1.027123042
p -2.014537541 1.024772356
p -2.015242294 1.022421184
p -2.015945427 1.020069527
p -2.016646941 1.017717387
p -2.017346836 1.015364764
p -2.018045111 1.013011660
p -2.018741765 1.010658075
p -2.019436799 1.008304012
p -2.020130211 1.005949471
p -2.020822003 1.003594452
p -2.021512173 1.001238958
p -2.022200721 0.998882990
p -2.022887646 0.996526548
p -2.023572950 0.994169633
p -2.024256630 0.991812247
p -2.024938687 0.989454392
p -2.025619120 0.987096067
p -2.026297930 0.984737274
p -2.026975115 0.982378014
p -2.027650676 0.980018289
p -2.028324612 0.977658099
p -2.028996922 0.975297445
p -2.029667608 0.972936329
p -2.030336667 0.970574752
p -2.031004101 0.968212715
p -2.031669908 0.965850219
p -2.032334088 0.963487266
p -2.032996641 0.961123855
p -2.033657567 0.958759989
p -2.034316865 0.956395668
p -2.034974535 0.954030894
p -2.035630576 0.951665668
p -2.036284990 0.949299990
p -2.036937774 0.946933863
p -2.037588929 0.944567286
p -2.038238454 0.942200262
p -2.038886349 0.939832791
p -2.039532615 0.937464875
p -2.040177250 0.935096515
p -2.040820254 0.932727711
p -2.041461627 0.930358465
p -2.042101368 0.927988777
p -2.042739478 0.925618650
p -2.043375956 0.923248085
p -2.044010802 0.920877081
p -2.044644015 0.918505641
p -2.045275595 0.916133766
p -2.045905542 0.913761456
p -2.046533855 0.911388713
p -2.047160535 0.909015538
p -2.047785580 0.906641933
p -2.048408991 0.904267897
p -2.049030768 0.901893433
p -2.049650909 0.899518541
p -2.050269415 0.897143223
p -2.050886286 0.894767479
p -2.051501521 0.892391312
p -2.055296633 0.877582007
p -2.059028203 0.862756563
p -2.062696164 0.847915254
p -2.066300446 0.833058352
p -2.069840984 0.818186131
p -2.073317713 0.803298863
p -2.076730569 0.788396823
p -2.080079489 0.773480284
p -2.083364412 0.758549521
p -2.086585276 0.743604809
p -2.089742024 0.728646422
p -2.092834596 0.713674636
p -2.095862936 0.698689725
p -2.098826988 0.683691966
p -2.101726699 0.668681634
p -2.104562013 0.653659005
p -2.107332880 0.638624356
p -2.110039248 0.623577962
p -2.112681068 0.608520101
p -2.115258291 0.593451050
p -2.117770869 0.578371085
p -2.120218757 0.563280484
p -2.122601909 0.548179525
p -2.124920282 0.533068484
p -2.127173832 0.517947641
p -2.129362519 0.502817273
p -2.131486302 0.487677658
p -2.133545142 0.472529075
p -2.135539002 0.457371803
p -2.137467844 0.442206119
p -2.139331633 0.427032304
p -2.141130336 0.411850635
p -2.142863918 0.396661393
p -2.144532348 0.381464856
p -2.146135595 0.366261304
p -2.147673630 0.351051017
p -2.149146424 0.335834274
p -2.150553951 0.320611355
p -2.151896184 0.305382540
p -2.153173099 0.290148110
p -2.154384673 0.274908343
p -2.155530882 0.259663522
p -2.156611707 0.244413925
p -2.157627126 0.229159833
p -2.158577122 0.213901527
p -2.159461677 0.198639288
p -2.160280775 0.183373396
p -2.161034400 0.168104131
p -2.161722540 0.152831775
p -2.162345180 0.137556609
p -2.162902310 0.122278913
p -2.163393919 0.106998968
p -2.163819998 0.091717056
p -2.164180541 0.076433457
p -2.164475539 0.061148452
p -2.164704987 0.045862323
p -2.164868882 0.030575351
p -2.164967220 0.015287816
p -2.165000000 -0.000000000
p -2.114912965 -0.000000000
p -2.114875582 0.016169570
p -2.114763463 0.032338760
p -2.114576651 0.048507233
p -2.114315189 0.064674649
p -2.113979119 0.080840670
p -2.113568486 0.097004955
p -2.113083332 0.113167168
p -2.112523700 0.129326967
p -2.111889633 0.145484016
p -2.111181175 0.161637974
p -2.110398368 0.177788503
p -2.109541257 0.193935264
p -2.108609883 0.210077917
p -2.107604289 0.226216125
p -2.106524520 0.242349548
p -2.105370618 0.258477847
p -2.104142626 0.274600684
p -2.102840588 0.290717718
p -2.101464546 0.306828613
p -2.100014543 0.322933027
p -2.098490623 0.339030624
p -2.096892829 0.355121063
p -2.095221204 0.371204006
p -2.093475791 0.387279114
p -2.091656632 0.403346048
p -2.089763772 0.419404469
p -2.087797253 0.435454038
p -2.085757119 0.451494416
p -2.083643412 0.467525264
p -2.081456175 0.483546244
p -2.079195453 0.499557017
p -2.076861287 0.515557243
p -2.074453721 0.531546583
p -2.071972798 0.547524699
p -2.069418561 0.563491253
p -2.066791053 0.579445904
p -2.064090318 0.595388313
p -2.061316398 0.611318143
p -2.058469337 0.627235055
p -2.055549177 0.643138708
p -2.052555962 0.659028765
p -2.049489735 0.674904886
p -2.046350539 0.690766732
p -2.043138417 0.706613965
p -2.039853413 0.722446246
p -2.036495568 0.738263235
p -2.033064927 0.754064595
p -2.029561532 0.769849985
p -2.025985427 0.785619067
p -2.022336655 0.801371502
p -2.018615258 0.817106951
p -2.014821281 0.832825076
p -2.010954765 0.848525537
p -2.007015755 0.864207995
p -2.003004293 0.879872112
p -2.002343903 0.882422396
p -2.001682001 0.884970847
p -2.001018582 0.887517492
p -2.000353641 0.890062360
p -1.999687173 0.892605476
p -1.999019175 0.895146870
p -1.998349641 0.897686569
p -1.997678568 0.900224600
p -1.997005950 0.902760990
p -1.996331784 0.905295768
p -1.995656064 0.907828962
p -1.994978786 0.910360597
p -1.994299946 0.912890703
p -1.993619539 0.915419307
p -1.992937561 0.917946436
p -1.992254007 0.920472118
p -1.991568873 0.922996380
p -1.990882154 0.925519251
p -1.990193847 0.928040751
p -1.989503966 0.930560843
p -1.988812534 0.933079447
p -1.988119578 0.935596482
p -1.987425121 0.938111869
p -1.986729188 0.940625528
p -1.986031803 0.943137380
p -1.985332991 0.945647344
p -1.984632776 0.948155340
p -1.983931184 0.950661289
p -1.983228239 0.953165111
p -1.982523965 0.955666725
p -1.981818386 0.958166052
p -1.981111528 0.960663012
p -1.980403416 0.963157526
p -1.979694072 0.965649513
p -1.978983523 0.968138893
p -1.978271793 0.970625586
p -1.977558906 0.973109514
p -1.976844875 0.975590637
p -1.976129695 0.978068976
p -1.975413360 0.980544559
p -1.974695863 0.983017413
p -1.973977198 0.985487566
p -1.973257360 0.987955043
p -1.972536341 0.990419873
p -1.971814134 0.992882083
p -1.971090735 0.995341700
p -1.970366136 0.997798751
p -1.969640331 1.000253263
p -1.968913313 1.002705263
p -1.968185077 1.005154779
p -1.967455615 1.007601838
p -1.966724922 1.010046466
p -1.965992992 1.012488692
p -1.965259817 1.014928543
p -1.964525391 1.017366044
p -1.961380871 1.027364110
p -1.958029185 1.037218880
p -1.954471598 1.046932631
p -1.950709378 1.056507641
p -1.946743790 1.065946187
p -1.942576102 1.075250547
p -1.938207580 1.084422997
p -1.933639491 1.093465815
p -1.928873100 1.102381278
p -1.923909894 1.111171001
p -1.918752815 1.119832190
p -1.913405400 1.128360256
p -1.907871186 1.136750602
p -1.902153711 1.144998632
p -1.896256515 1.153099750
p -1.890183135 1.161049361
p -1.883937109 1.168842868
p -1.877521976 1.176475675
p -1.870941251 1.183943322
p -1.864198181 1.191242918
p -1.857295840 1.198372582
p -1.850237300 1.205330455
p -1.843025633 1.212114674
p -1.835663909 1.218723378
p -1.828155201 1.225154704
p -1.820502580 1.231406791
p -1.812709117 1.237477777
p -1.804777874 1.243365790
p -1.796711682 1.249068723
p -1.788513142 1.254584231
p -1.780184845 1.259909959
p -1.771729380 1.265043555
p -1.763149339 1.269982662
p -1.754447313 1.274724928
p -1.745625893 1.279267998
p -1.736687668 1.283609517
p -1.727635247 1.287747133
p -1.718472313 1.291678591
p -1.709204208 1.295401784
p -1.699836419 1.298914622
p -1.690374432 1.302215012
p -1.680823735 1.305300862
p -1.671189814 1.308170079
p -1.661478156 1.310820572
p -1.651694246 1.313250248
p -1.641843568 1.315457015
p -1.631929685 1.317438846
p -1.621951471 1.319193869
p -1.611907092 1.320720235
p -1.601794712 1.322016096
p -1.591612498 1.323079605
p -1.581358615 1.323908913
p -1.571031230 1.324502172
p -1.560628509 1.324857534
p -1.550148616 1.324973150
p -1.547957915 1.324971563
p -1.545766283 1.324969953
p -1.543573725 1.324968322
p -1.541380248 1.324966673
p -1.539185860 1.324965010
p -1.536990566 1.324963335
p -1.534794374 1.324961652
p -1.532597290 1.324959963
p -1.530399320 1.324958271
p -1.528200472 1.324956580
p -1.526000752 1.324954892
p -1.523800166 1.324953211
p -1.521598722 1.324951539
p -1.519396425 1.324949879
p -1.517193283 1.324948235
p -1.514989302 1.324946609
p -1.512784489 1.324945005
p -1.510578850 1.324943425
p -1.508372391 1.324941872
p -1.506165102 1.324940349
p -1.503956963 1.324938856
p -1.501747954 1.324937394
p -1.499538056 1.324935966
p -1.497327247 1.324934571
p -1.495115509 1.324933212
p -1.492902822 1.324931888
p -1.490689165 1.324930603
p -1.488474518 1.324929356
p -1.486258862 1.324928150
p -1.484042177 1.324926984
p -1.481824443 1.324925861
p -1.479605639 1.324924782
p -1.477385746 1.324923747
p -1.475164745 1.324922758
p -1.472942614 1.324921816
p -1.470719335 1.324920923
p -1.468494887 1.324920079
p -1.466269260 1.324919286
p -1.464042461 1.324918542
p -1.461814494 1.324917847
p -1.459585368 1.324917200
p -1.457355089 1.324916602
p -1.455123663 1.324916052
p -1.452891096 1.324915548
p -1.450657397 1.324915091
p -1.448422571 1.324914680
p -1.446186624 1.324914314
p -1.443949565 1.324913994
p -1.441711398 1.324913718
p -1.439472132 1.324913485
p -1.437231771 1.324913296
p -1.434990325 1.324913150
p -1.432747797 1.324913047
p -1.430504197 1.324912985
p -1.428259529 1.324912965
p -0.907904693 1.324911176
p -0.905608590 1.324936464
p -0.903329077 1.325012197
p -0.901065686 1.325138174
p -0.898817944 1.325314196
p -0.896585384 1.325540064
p -0.894367535 1.325815578
p -0.892163927 1.326140538
p -0.889974089 1.326514747
p -0.887797553 1.326938003
p -0.885633849 1.327410108
p -0.883482506 1.327930861
p -0.881343054 1.328500065
p -0.879215025 1.329117519
p -0.877097951 1.329783023
p -0.874991961 1.330496316
p -0.872898328 1.331257017
p -0.870818459 1.332064733
p -0.868753759 1.332919070
p -0.866705636 1.333819632
p -0.864675495 1.334766026
p -0.862664743 1.335757859
p -0.860674786 1.336794735
p -0.858707031 1.337876260
p -0.856762883 1.339002041
p -0.854843749 1.340171683
p -0.852951036 1.341384792
p -0.851086149 1.342640975
p -0.849250484 1.343939819
p -0.847445157 1.345280541
p -0.845671013 1.346661978
p -0.843928880 1.348082954
p -0.842219590 1.349542291
p -0.840543973 1.351038812
p -0.838902860 1.352571339
p -0.837297079 1.354138695
p -0.835727463 1.355739703
p -0.834194841 1.357373186
p -0.832700044 1.359037966
p -0.831243903 1.360732865
p -0.829827247 1.362456707
p -0.828450906 1.364208314
p -0.827115658 1.365986628
p -0.825821801 1.367791623
p -0.824569391 1.369623804
p -0.823358482 1.371483683
p -0.822189125 1.373371770
p -0.821061376 1.375288576
p -0.819975286 1.377234610
p -0.818930909 1.379210385
p -0.817928298 1.381216409
p -0.816967507 1.383253194
p -0.816048588 1.385321251
p -0.815171594 1.387421089
p -0.814336580 1.389553220
p -0.813543597 1.391718153
p -0.810747054 1.399148716
p -0.807657801 1.406462432
p -0.804280707 1.413647776
p -0.800621094 1.420693424
p -0.796684729 1.427588273
p -0.792477815 1.434321459
p -0.788006981 1.440882372
p -0.783279273 1.447260671
p -0.778302141 1.453446306
p -0.773083428 1.459429529
p -0.767631359 1.465200911
p -0.761954523 1.470751359
p -0.756061869 1.476072124
p -0.749962680 1.481154822
p -0.743666570 1.485991445
p -0.737183459 1.490574369
p -0.730523563 1.494896373
p -0.723697379 1.498950646
p -0.716715663 1.502730800
p -0.709589417 1.506230876
p -0.702329870 1.509445361
p -0.694948464 1.512369187
p -0.687456829 1.514997749
p -0.679866772 1.517326902
p -0.672190254 1.519352978
p -0.664439370 1.521072783
p -0.656626336 1.522483607
p -0.648763464 1.523583226
p -0.640863144 1.524369909
p -0.632937827 1.524842415
p -0.625000000 1.525000000
p 0.275000000 1.525000000
p 0.285129834 1.524743301
p 0.295233664 1.523973865
p 0.305285556 1.522693665
p 0.315259704 1.520905988
p 0.325130506 1.518615424
p 0.334872625 1.515827851
p 0.344461051 1.512550426
p 0.353871171 1.508791562
p 0.363078830 1.504560908
p 0.372060393 1.499869323
p 0.380792802 1.494728851
p 0.389253643 1.489152688
p 0.397421197 1.483155147
p 0.405274497 1.476751625
p 0.412793384 1.469958557
p 0.419958557 1.462793384
p 0.426751625 1.455274497
p 0.433155147 1.447421197
p 0.439152688 1.439253643
p 0.444728851 1.430792802
p 0.449869323 1.422060393
p 0.454560908 1.413078830
p 0.458791562 1.403871171
p 0.462550426 1.394461051
p 0.465827851 1.384872625
p 0.468615424 1.375130506
p 0.470905988 1.365259704
p 0.472693665 1.355285556
p 0.473973865 1.345233664
p 0.474743301 1.335129834
p 0.475000000 1.325000000
p 0.474999976 1.303926419
p 0.475022363 1.301765662
p 0.475089400 1.299619105
p 0.475200901 1.297486365
p 0.475356678 1.295367061
p 0.475556544 1.293260809
p 0.475800314 1.291167227
p 0.476087800 1.289085934
p 0.476418816 1.287016545
p 0.476793175 1.284958680
p 0.477210690 1.282911954
p 0.477671175 1.280875987
p 0.478174443 1.278850395
p 0.478720308 1.276834795
p 0.479308581 1.274828810
p 0.479939040 1.272832542
p 0.480611388 1.270847028
p 0.481325320 1.268873413
p 0.482080532 1.266912842
p 0.482876719 1.264966460
p 0.483713578 1.263035412
p 0.484590803 1.261120841
p 0.485508090 1.259223894
p 0.486465135 1.257345714
p 0.487461632 1.255487447
p 0.488497278 1.253650237
p 0.489571768 1.251835228
p 0.490684798 1.250043567
p 0.491836050 1.248276389
p 0.493024902 1.246534623
p 0.494250429 1.244818995
p 0.495511694 1.243130220
p 0.496807759 1.241469016
p 0.498137684 1.239836096
p 0.499500533 1.238232178
p 0.500895366 1.236657978
p 0.502321246 1.235114210
p 0.503777235 1.233601592
p 0.505262395 1.232120838
p 0.506775786 1.230672665
p 0.508316472 1.229257790
p 0.509883514 1.227876926
p 0.511476070 1.226530744
p 0.513094142 1.225219499
p 0.514738162 1.223943232
p 0.516408568 1.222701986
p 0.518105797 1.221495800
p 0.519830288 1.220324717
p 0.521582476 1.219188776
p 0.523362800 1.218088019
p 0.525171697 1.217022486
p 0.527009604 1.215992219
p 0.528876958 1.214997259
p 0.530774197 1.214037645
p 0.532701758 1.213113420
p 0.534660079 1.212224625
p 0.560004386 1.200721244
p 0.585102276 1.188689527
p 0.609942820 1.176135132
p 0.634515090 1.163063718
p 0.658808156 1.149480945
p 0.682811090 1.135392470
p 0.706512964 1.120803955
p 0.729902847 1.105721057
p 0.752969812 1.090149436
p 0.775702930 1.074094751
p 0.798091445 1.057562902
p 0.820125977 1.040561694
p 0.841797800 1.023099843
p 0.863098193 1.005186070
p 0.884018435 0.986829094
p 0.904549803 0.968037637
p 0.924683576 0.948820418
p 0.944411033 0.929186158
p 0.963723452 0.909143578
p 0.982612113 0.888701398
p 1.001068292 0.867868339
p 1.019083270 0.846653121
p 1.036648324 0.825064464
p 1.053754733 0.803111089
p 1.070393775 0.780801716
p 1.086557053 0.758145302
p 1.102238195 0.735152279
p 1.117431614 0.711833652
p 1.132131725 0.688200425
p 1.146332942 0.664263603
p 1.160029679 0.640034192
p 1.173216352 0.615523197
p 1.185887374 0.590741622
p 1.198037161 0.565700474
p 1.209660126 0.540410757
p 1.220750685 0.514883476
p 1.231303251 0.489129637
p 1.241312240 0.463160244
p 1.250772065 0.436986304
p 1.259677142 0.410618820
p 1.268022368 0.384068949
p 1.275805063 0.357348608
p 1.283023300 0.330469945
p 1.289675150 0.303445114
p 1.295758689 0.276286264
p 1.301271988 0.249005547
p 1.306213121 0.221615113
p 1.310580160 0.194127115
p 1.314371179 0.166553703
p 1.317584252 0.138907028
p 1.320217450 0.111199241
p 1.322268847 0.083442494
p 1.323736517 0.055648937
p 1.324618532 0.027830722
p 1.324912965 0.000000000
p 1.515000000 0.000000000
p 1.515000000 0.180000000
t 0 1 2
t 0 2 3
t 0 3 4
t 0 4 5
t 0 5 6
t 0 6 7
t 0 7 8
t 0 8 9
t 0 9 10
t 0 10 11
t 0 11 12
t 0 12 13
t 0 13 14
t 0 14 15
t 0 15 16
t 0 16 17
t 0 17 18
t 0 18 19
t 0 19 20
t 20 21 22
t 20 22 23
t 20 23 24
t 20 24 25
t 20 25 26
t 20 26 27
t 20 27 28
t 20 28 29
t 20 29 30
t 20 30 31
t 20 31 32
t 20 32 33
t 20 33 34
t 20 34 35
t 20 35 36
t 20 36 37
t 20 37 38
t 20 38 39
t 20 39 40
t 20 40 41
t 20 41 42
t 20 42 43
t 20 43 44
t 20 44 45
t 20 45 46
t 20 46 47
t 20 47 48
t 20 48 49
t 20 49 50
t 20 50 51
t 94 95 96
t 94 96 97
t 93 94 97
t 93 97 98
t 92 93 98
t 92 98 99
t 91 92 99
t 91 99 100
t 90 91 100
t 90 100 101
t 89 90 101
t 88 89 101
t 88 101 102
t 87 88 102
t 87 102 103
t 86 87 103
t 86 103 104
t 85 86 104
t 85 104 105
t 84 85 105
t 84 105 106
t 83 84 106
t 83 106 107
t 82 83 107
t 82 107 108
t 81 82 108
t 81 108 109
t 80 81 109
t 80 109 110
t 79 80 110
t 79 110 111
t 78 79 111
t 78 111 112
t 77 78 112
t 76 77 112
t 76 112 113
t 75 76 113
t 75 113 114
t 74 75 114
t 74 114 115
t 73 74 115
t 73 115 116
t 72 73 116
t 72 116 117
t 71 72 117
t 117 118 119
t 117 119 120
t 117 120 121
t 117 121 122
t 117 122 123
t 117 123 124
t 117 124 125
t 117 125 126
t 117 126 127
t 117 127 128
t 117 128 129
t 117 129 130
t 117 130 131
t 117 131 132
t 117 132 133
t 117 133 134
t 117 134 135
t 117 135 136
t 117 136 137
t 117 137 138
t 117 138 139
t 117 139 140
t 117 140 141
t 117 141 142
t 117 142 143
t 143 144 145
t 143 145 146
t 143 146 147
t 143 147 148
t 143 148 149
t 143 149 150
t 143 150 151
t 143 151 152
t 143 152 153
t 143 153 154
t 143 154 155
t 143 155 156
t 143 156 157
t 143 157 158
t 143 158 159
t 143 159 160
t 143 160 161
t 143 161 162
t 143 162 163
t 143 163 164
t 143 164 165
t 143 165 166
t 143 166 167
t 143 167 168
t 143 168 169
t 143 169 170
t 143 170 171
t 213 214 215
t 213 215 216
t 213 216 217
t 213 217 218
t 213 218 219
t 213 219 220
t 213 220 221
t 213 221 222
t 213 222 223
t 212 213 223
t 212 223 224
t 212 224 225
t 212 225 226
t 212 226 227
t 212 227 228
t 212 228 229
t 212 229 230
t 211 212 230
t 211 230 231
t 211 231 232
t 211 232 233
t 211 233 234
t 211 234 235
t 210 211 235
t 210 235 236
t 210 236 237
t 210 237 238
t 238 239 240
t 238 240 241
t 238 241 242
t 238 242 243
t 238 243 244
t 238 244 245
t 238 245 246
t 238 246 247
t 238 247 248
t 238 248 249
t 238 249 250
t 238 250 251
t 238 251 252
t 238 252 253
t 238 253 254
t 238 254 255
t 238 255 256
t 238 256 257
t 238 257 258
t 238 258 259
t 238 259 260
t 238 260 261
t 238 261 262
t 238 262 263
t 238 263 264
t 238 264 265
t 238 265 266
t 238 266 267
t 238 267 268
t 238 268 269
t 238 269 270
t 238 270 271
t 238 271 272
t 238 272 273
t 238 273 274
t 238 274 275
t 238 275 276
t 238 276 277
t 238 277 278
t 238 278 279
t 238 279 280
t 238 280 281
t 238 281 282
t 238 282 283
t 238 283 284
t 238 284 285
t 238 285 286
t 238 286 287
t 238 287 288
t 238 288 289
t 238 289 290
t 238 290 291
t 238 291 292
t 238 292 293
t 238 293 294
t 238 294 295
t 238 295 296
t 238 296 297
t 238 297 298
t 238 298 299
t 238 299 300
t 238 300 301
t 238 301 302
t 238 302 303
t 238 303 304
t 238 304 305
t 238 305 306
t 238 306 307
t 238 307 308
t 238 308 309
t 238 309 310
t 238 310 311
t 238 311 312
t 312 313 314
t 312 314 315
t 312 315 316
t 312 316 317
t 312 317 318
t 312 318 319
t 312 319 320
t 312 320 321
t 312 321 322
t 312 322 323
t 312 323 324
t 312 324 325
t 312 325 326
t 312 326 327
t 312 327 328
t 312 328 329
t 312 329 330
t 312 330 331
t 312 331 332
t 312 332 333
t 312 333 334
t 312 334 335
t 312 335 336
t 312 336 337
t 312 337 338
t 312 338 339
t 312 339 340
t 312 340 341
t 312 341 342
t 312 342 343
t 312 343 344
t 312 344 345
t 312 345 346
t 312 346 347
t 312 347 348
t 312 348 349
t 312 349 350
t 312 350 351
t 312 351 352
t 312 352 353
t 312 353 354
t 312 354 355
t 312 355 356
t 312 356 357
t 312 357 358
t 312 358 359
t 312 359 360
t 312 360 361
t 312 361 362
t 312 362 363
t 312 363 364
t 312 364 365
t 312 365 366
t 312 366 367
t 312 367 368
t 312 368 369
t 312 369 370
t 312 370 371
t 312 371 372
t 312 372 373
t 312 373 374
t 312 374 375
t 312 375 376
t 312 376 377
t 312 377 378
t 312 378 379
t 312 379 380
t 312 380 381
t 312 381 382
t 312 382 383
t 312 383 384
t 312 384 385
t 312 385 386
t 312 386 387
t 312 387 388
t 388 389 390
t 388 390 391
t 388 391 392
t 388 392 393
t 388 393 394
t 388 394 395
t 388 395 396
t 388 396 397
t 388 397 398
t 388 398 399
t 388 399 400
t 388 400 401
t 388 401 402
t 388 402 403
t 388 403 404
t 388 404 405
t 388 405 406
t 388 406 407
t 388 407 408
t 388 408 409
t 388 409 410
t 312 388 410
t 312 410 411
t 312 411 412
t 312 412 413
t 312 413 414
t 312 414 415
t 312 415 416
t 312 416 417
t 312 417 418
t 312 418 419
t 312 419 420
t 312 420 421
t 312 421 422
t 312 422 423
t 312 423 424
t 312 424 425
t 312 425 426
t 312 426 427
t 312 427 428
t 312 428 429
t 312 429 430
t 312 430 431
t 312 431 432
t 312 432 433
t 312 433 434
t 312 434 435
t 312 435 436
t 312 436 437
t 312 437 438
t 312 438 439
t 312 439 440
t 312 440 441
t 312 441 442
t 312 442 443
t 312 443 444
t 312 444 445
t 312 445 446
t 312 446 447
t 312 447 448
t 312 448 449
t 312 449 450
t 312 450 451
t 312 451 452
t 312 452 453
t 312 453 454
t 312 454 455
t 312 455 456
t 312 456 457
t 312 457 458
t 312 458 459
t 312 459 460
t 312 460 461
t 312 461 462
t 312 462 463
t 312 463 464
t 312 464 465
t 312 465 466
t 312 466 467
t 312 467 468
t 312 468 469
t 312 469 470
t 312 470 471
t 312 471 472
t 312 472 473
t 312 473 474
t 312 474 475
t 312 475 476
t 312 476 477
t 312 477 478
t 312 478 479
t 312 479 480
t 312 480 481
t 312 481 482
t 312 482 483
t 312 483 484
t 312 484 485
t 312 485 486
t 312 486 487
t 312 487 488
t 312 488 489
t 312 489 490
t 312 490 491
t 312 491 492
t 312 492 493
t 312 493 494
t 312 494 495
t 312 495 496
t 312 496 497
t 312 497 498
t 312 498 499
t 312 499 500
t 312 500 501
t 312 501 502
t 312 502 503
t 312 503 504
t 312 504 505
t 312 505 506
t 312 506 507
t 312 507 508
t 312 508 509
t 312 509 510
t 312 510 511
t 238 312 511
t 238 511 512
t 238 512 513
t 238 513 514
t 238 514 515
t 238 515 516
t 238 516 517
t 238 517 518
t 238 518 519
t 238 519 520
t 238 520 521
t 238 521 522
t 238 522 523
t 238 523 524
t 238 524 525
t 238 525 526
t 238 526 527
t 238 527 528
t 238 528 529
t 238 529 530
t 238 530 531
t 238 531 532
t 238 532 533
t 238 533 534
t 238 534 535
t 238 535 536
t 238 536 537
t 238 537 538
t 238 538 539
t 238 539 540
t 238 540 541
t 238 541 542
t 238 542 543
t 238 543 544
t 238 544 545
t 238 545 546
t 238 546 547
t 238 547 548
t 238 548 549
t 238 549 550
t 238 550 551
t 210 238 551
t 210 551 552
t 210 552 553
t 210 553 554
t 210 554 555
t 210 555 556
t 210 556 557
t 209 210 557
t 209 557 558
t 209 558 559
t 209 559 560
t 209 560 561
t 209 561 562
t 209 562 563
t 209 563 564
t 209 564 565
t 209 565 566
t 209 566 567
t 209 567 568
t 209 568 569
t 209 569 570
t 209 570 571
t 209 571 572
t 209 572 573
t 209 573 574
t 209 574 575
t 209 575 576
t 209 576 577
t 209 577 578
t 209 578 579
t 209 579 580
t 209 580 581
t 209 581 582
t 209 582 583
t 209 583 584
t 209 584 585
t 209 585 586
t 209 586 587
t 209 587 588
t 209 588 589
t 209 589 590
t 209 590 591
t 209 591 592
t 209 592 593
t 209 593 594
t 209 594 595
t 209 595 596
t 209 596 597
t 209 597 598
t 209 598 599
t 209 599 600
t 209 600 601
t 209 601 602
t 209 602 603
t 209 603 604
t 209 604 605
t 209 605 606
t 209 606 607
t 209 607 608
t 209 608 609
t 209 609 610
t 208 209 610
t 207 208 610
t 206 207 610
t 205 206 610
t 204 205 610
t 203 204 610
t 202 203 610
t 201 202 610
t 200 201 610
t 199 200 610
t 198 199 610
t 197 198 610
t 196 197 610
t 195 196 610
t 194 195 610
t 193 194 610
t 192 193 610
t 191 192 610
t 190 191 610
t 189 190 610
t 188 189 610
t 187 188 610
t 186 187 610
t 185 186 610
t 184 185 610
t 183 184 610
t 182 183 610
t 181 182 610
t 180 181 610
t 179 180 610
t 178 179 610
t 177 178 610
t 176 177 610
t 175 176 610
t 174 175 610
t 173 174 610
t 172 173 610
t 171 172 610
t 143 171 610
t 143 610 611
t 143 611 612
t 143 612 613
t 143 613 614
t 143 614 615
t 143 615 616
t 143 616 617
t 143 617 618
t 143 618 619
t 143 619 620
t 143 620 621
t 143 621 622
t 143 622 623
t 143 623 624
t 143 624 625
t 143 625 626
t 143 626 627
t 143 627 628
t 143 628 629
t 143 629 630
t 143 630 631
t 143 631 632
t 143 632 633
t 143 633 634
t 143 634 635
t 143 635 636
t 143 636 637
t 143 637 638
t 143 638 639
t 143 639 640
t 143 640 641
t 143 641 642
t 143 642 643
t 143 643 644
t 143 644 645
t 143 645 646
t 143 646 647
t 143 647 648
t 143 648 649
t 143 649 650
t 143 650 651
t 143 651 652
t 143 652 653
t 143 653 654
t 143 654 655
t 143 655 656
t 143 656 657
t 143 657 658
t 143 658 659
t 143 659 660
t 143 660 661
t 143 661 662
t 143 662 663
t 143 663 664
t 143 664 665
t 143 665 666
t 143 666 667
t 143 667 668
t 143 668 669
t 143 669 670
t 143 670 671
t 143 671 672
t 143 672 673
t 143 673 674
t 143 674 675
t 143 675 676
t 143 676 677
t 143 677 678
t 143 678 679
t 143 679 680
t 143 680 681
t 143 681 682
t 143 682 683
t 143 683 684
t 143 684 685
t 143 685 686
t 143 686 687
t 143 687 688
t 143 688 689
t 143 689 690
t 143 690 691
t 143 691 692
t 143 692 693
t 143 693 694
t 143 694 695
t 117 143 695
t 117 695 696
t 117 696 697
t 117 697 698
t 117 698 699
t 117 699 700
t 117 700 701
t 117 701 702
t 117 702 703
t 117 703 704
t 117 704 705
t 117 705 706
t 117 706 707
t 117 707 708
t 117 708 709
t 117 709 710
t 117 710 711
t 117 711 712
t 117 712 713
t 117 713 714
t 117 714 715
t 117 715 716
t 117 716 717
t 117 717 718
t 71 117 718
t 70 71 718
t 69 70 718
t 69 718 719
t 69 719 720
t 69 720 721
t 68 69 721
t 68 721 722
t 68 722 723
t 67 68 723
t 66 67 723
t 66 723 724
t 65 66 724
t 65 724 725
t 64 65 725
t 63 64 725
t 63 725 726
t 62 63 726
t 61 62 726
t 60 61 726
t 60 726 727
t 59 60 727
t 58 59 727
t 57 58 727
t 57 727 728
t 56 57 728
t 55 56 728
t 54 55 728
t 53 54 728
t 53 728 729
t 52 53 729
t 51 52 729
t 20 51 729
t 20 729 730
t 730 731 732
t 730 732 733
t 730 733 734
t 730 734 735
t 730 735 736
t 730 736 737
t 730 737 738
t 730 738 739
t 730 739 740
t 730 740 741
t 730 741 742
t 730 742 743
t 730 743 744
t 730 744 745
t 730 745 746
t 730 746 747
t 730 747 748
t 730 748 749
t 730 749 750
t 730 750 751
t 730 751 752
t 730 752 753
t 730 753 754
t 730 754 755
t 730 755 756
t 730 756 757
t 730 757 758
t 730 758 759
t 730 759 760
t 730 760 761
t 730 761 762
t 730 762 763
t 730 763 764
t 730 764 765
t 730 765 766
t 730 766 767
t 730 767 768
t 730 768 769
t 730 769 770
t 730 770 771
t 730 771 772
t 730 772 773
t 730 773 774
t 730 774 775
t 730 775 776
t 730 776 777
t 730 777 778
t 730 778 779
t 730 779 780
t 730 780 781
t 730 781 782
t 730 782 783
t 730 783 784
t 730 784 785
t 730 785 786
t 730 786 787
t 730 787 788
t 730 788 789
t 730 789 790
t 730 790 791
t 730 791 792
t 730 792 793
t 730 793 794
t 730 794 795
t 20 730 795
t 20 795 796
t 20 796 797
t 20 797 798
t 20 798 799
t 20 799 800
t 20 800 801
t 20 801 802
t 20 802 803
t 20 803 804
t 20 804 805
t 20 805 806
t 20 806 807
t 20 807 808
t 20 808 809
t 20 809 810
t 20 810 811
t 20 811 812
t 20 812 813
t 20 813 814
t 20 814 815
t 20 815 816
t 20 816 817
t 20 817 818
t 20 818 819
t 20 819 820
t 0 20 820
t 0 820 821
t 0 821 822
t 0 822 823
t 0 823 824
t 0 824 825
t 0 825 826
t 0 826 827
t 0 827 828
t 0 828 829
t 0 829 830
t 0 830 831
t 0 831 832
t 0 832 833
t 841 0 833
t 841 833 834
t 841 834 835
t 841 835 836
t 841 836 837
t 841 837 838
t 841 838 839
t 839 840 841
